chromosome_index position alt_count ref_count
1 17966799 3 13
1 23885965 5 17
1 43806055 20 161
1 44595592 25 75
1 110882747 19 107
1 145368660 83 587
1 154987882 18 19
1 155290372 11 62
2 74755112 43 188
2 79384709 32 156
2 95774073 29 141
2 98916570 36 213
2 99438351 4 44
2 179596231 6 39
2 187529903 11 68
2 197946440 6 159
2 218999975 20 70
2 220167372 13 82
3 9867508 10 64
3 20082268 5 41
3 51967786 9 200
4 39291651 32 141
4 46252531 42 205
4 46930366 25 130
4 48151596 8 51
4 69182124 27 178
4 88732809 11 51
4 186318034 30 118
5 19612631 10 62
5 33546240 32 103
5 41934094 13 71
5 64070566 20 99
5 82815664 7 137
5 140782870 8 177
5 174870117 5 110
5 178415969 4 36
6 26124699 11 186
7 6026790 10 344
7 44149709 14 67
7 66764315 31 560
7 72985560 9 105
8 113323388 12 58
8 120816177 19 203
8 145699820 8 135
9 13162689 8 46
9 32550861 4 79
9 77502858 4 21
9 117791710 25 159
9 133987029 9 308
9 136234232 6 125
9 138710316 3 22
10 24889824 7 103
10 26851273 16 378
11 9834135 24 155
11 30032876 12 88
11 58378451 5 82
11 58723154 11 87
11 62549737 19 182
11 108380300 23 204
12 6939686 4 9
12 55688501 11 88
12 62104092 10 54
13 20411811 10 55
13 30829613 107 301
13 96579553 18 39
15 62333557 8 45
15 91341436 13 42
17 7578427 7 77
17 8138437 17 87
17 29490291 23 66
17 39155965 18 102
17 72848226 3 16
18 33775220 5 97
19 10395637 7 52
19 12807331 23 81
19 17213241 8 78
20 62854714 139 223
21 46021597 16 97
