chromosome_index	start_position	end_position	major_cn	minor_cn	total_cn
1	61735	15288392	1	1	2
1	15289210	28886537	1	0	1
1	28888101	90316279	1	1	2
1	90322384	108286368	1	0	1
1	108286632	109126224	1	1	2
1	109128445	117232072	1	0	1
1	117234969	249224388	1	1	2
2	12784	243089456	1	1	2
3	60345	197896118	1	1	2
4	12281	191027923	1	1	2
5	15532	49561228	1	1	2
5	49564628	180790320	1	0	1
6	149661	171051005	2	0	2
7	43259	159127004	1	1	2
8	31254	146298155	1	1	2
9	46587	21171590	1	0	1
9	21172234	24182213	0	0	0
9	24182776	141091394	1	0	1
10	72759	2585456	1	0	1
10	2585627	36774685	1	1	2
10	36777576	42614436	2	1	3
10	42621181	135506704	1	0	1
11	198572	3644307	1	1	2
11	3644682	8822032	2	1	3
11	8822514	20528960	1	0	1
11	20530179	29376557	2	1	3
11	29376771	31136776	1	1	2
11	31137007	37876644	2	1	3
11	37876846	48649579	1	0	1
11	48649762	134944770	1	1	2
12	150442	39112504	1	1	2
12	39112764	49147067	1	0	1
12	49147447	133778189	1	1	2
13	19026949	115108397	1	1	2
14	19002124	107285437	1	1	2
15	20016328	102469040	2	1	3
16	60777	90287535	1	0	1
17	526	81049726	1	1	2
18	48133	44471898	1	1	2
18	44472720	60771927	1	0	1
18	60772200	76644616	1	1	2
18	76644636	78015057	1	0	1
19	90910	22084723	1	0	1
19	22086461	24374211	1	1	2
19	24374419	29012921	2	1	3
19	29013329	59097854	2	0	2
20	61305	9378622	1	0	1
20	9380556	18869904	1	1	2
20	18870060	19598493	1	0	1
20	19599829	62956153	1	1	2
21	10736871	48096957	1	1	2
22	16052528	51234455	1	0	1
