chromosome_index position alt_count ref_count
1 897302 97 63
1 907689 42 38
1 1192459 65 173
1 1248304 24 53
1 1572045 23 67
1 3328487 73 124
1 3662383 24 46
1 6246818 24 53
1 6637086 64 32
1 10431223 69 43
1 11718860 107 52
1 11733886 71 27
1 11807557 76 216
1 12423236 72 46
1 12887441 200 497
1 16069621 61 35
1 16263927 25 116
1 17265405 19 93
1 17331932 5 30
1 17586121 105 78
1 17738643 30 81
1 20827480 20 131
1 20879716 42 35
1 20991120 9 224
1 21054044 5 38
1 22141016 90 48
1 23689580 160 129
1 23697983 19 54
1 25245743 67 43
1 26361733 25 59
1 26648729 81 187
1 27100926 34 63
1 27278408 61 37
1 27278744 30 72
1 28477206 89 72
1 32673401 66 85
1 35334492 24 23
1 35906480 4 9
1 36937958 28 34
1 39926355 51 105
1 41204523 27 28
1 41483684 4 11
1 42046926 76 107
1 43777369 56 77
1 44121350 5 72
1 44680071 95 128
1 45485782 20 37
1 45887508 45 63
1 47078822 18 32
1 47279694 82 99
1 47399631 10 39
1 50885032 50 65
1 52962830 15 12
1 55059688 39 43
1 55199346 20 47
1 60499175 49 61
1 64059097 5 8
1 66102611 32 53
1 67558984 6 93
1 67855787 27 30
1 76190488 46 59
1 79095424 34 43
1 85666123 45 64
1 85790536 18 54
1 87045140 49 63
1 89448996 95 122
1 91404923 6 128
1 92711099 6 49
1 93988925 3 13
1 94054579 10 25
1 94564519 13 14
1 95363163 4 4
1 109793054 67 66
1 109801412 5 13
1 109823609 29 48
1 110091254 9 5
1 110737250 24 57
1 113058862 7 128
1 113464649 46 45
1 114414304 12 14
1 115124232 20 20
1 118461272 41 48
1 119927642 36 41
1 120464920 29 23
1 120539773 32 54
1 120906209 105 142
1 147380681 47 97
1 149879291 104 87
1 150921647 59 31
1 151491143 92 65
1 152081493 116 73
1 152283660 166 430
1 153604264 152 409
1 153733339 121 83
1 154705610 37 85
1 155005960 69 51
1 155175989 14 87
1 155178728 8 33
1 155218244 31 84
1 155736366 54 91
1 156508826 28 7
1 156563550 31 39
1 157805927 32 82
1 158670089 20 111
1 159283953 54 43
1 159860392 41 139
1 160389207 73 147
1 160589609 12 270
1 161021191 50 76
1 161599691 15 210
1 161695856 5 106
1 161697065 37 34
1 165632351 43 88
1 166039689 155 123
1 172356280 26 115
1 172634899 80 43
1 177226397 22 68
1 180165599 174 112
1 180904527 5 13
1 180914727 9 21
1 183085783 89 53
1 186055436 35 69
1 186357572 10 5
1 196395087 13 98
1 196887508 104 88
1 197070227 11 34
1 197070317 24 52
1 197070761 43 98
1 197097797 25 13
1 198248095 30 62
1 200635698 46 104
1 201022619 95 66
1 201184899 17 29
1 202864766 56 29
1 203467938 91 39
1 204588371 67 37
1 204971728 3 31
1 207076326 263 177
1 208207838 34 66
1 208217992 50 37
1 209849333 13 33
1 209969821 58 29
1 210856897 9 64
1 213403866 30 18
1 214170395 48 105
1 220089047 50 113
1 220280450 169 95
1 223285099 78 61
1 224927218 20 5
1 226127159 7 61
1 228471428 17 150
1 228506696 13 9
1 228529898 8 13
1 229567541 54 153
1 229580694 43 114
1 230829093 32 68
1 232615460 70 53
1 234566030 27 80
1 235377278 75 35
1 235505467 20 37
1 235976335 44 21
1 236558949 4 9
1 237806679 103 71
1 245772773 8 27
1 247024358 60 31
1 247655271 148 74
1 247768965 76 128
1 247835486 24 138
1 248436767 28 179
2 9002810 27 33
2 20175357 18 22
2 24929597 33 55
2 24933898 24 42
2 24964684 21 30
2 25170372 14 20
2 27280173 36 40
2 27449471 21 25
2 27454389 22 42
2 29294099 48 52
2 31165121 54 68
2 31805979 13 22
2 32476213 65 77
2 37143270 6 18
2 37193434 5 6
2 37292928 21 34
2 38178726 39 60
2 38546107 94 144
2 40366562 20 24
2 46607469 50 63
2 48718301 29 31
2 50733709 8 14
2 69002507 32 135
2 69092981 39 47
2 70454866 24 62
2 73455692 17 40
2 73493772 8 87
2 73799576 14 46
2 74756044 4 83
2 74885009 68 84
2 75099443 58 53
2 75101398 24 36
2 89399786 40 73
2 96798409 63 82
2 96799270 33 39
2 96943304 40 37
2 97019061 32 41
2 97474301 22 33
2 97909730 5 39
2 102968039 24 42
2 111881584 46 73
2 118583856 20 12
2 118854284 59 55
2 119600465 14 6
2 119604508 6 7
2 120236459 35 40
2 127808729 33 37
2 128495613 31 30
2 131356362 22 101
2 131688637 15 42
2 136528141 7 3
2 141083365 38 30
2 141232882 6 44
2 141356220 18 15
2 144704568 23 32
2 151326681 31 63
2 152320291 40 50
2 152363455 14 44
2 152490260 135 161
2 154335100 5 10
2 160697257 37 50
2 170917592 21 35
2 171700575 21 31
2 172563834 41 36
2 172945101 12 216
2 173830318 67 73
2 173855614 11 28
2 173891417 44 53
2 176959239 25 28
2 177015141 5 10
2 177053626 8 16
2 179458690 66 80
2 179468731 146 228
2 179478831 13 25
2 179507021 6 12
2 179544076 34 48
2 179615031 38 43
2 179638999 44 46
2 182783504 20 23
2 186670614 43 57
2 192701032 76 112
2 197157416 20 31
2 203329701 46 62
2 204334981 5 116
2 207953304 27 30
2 209190916 32 48
2 215845305 30 45
2 216960776 27 32
2 217070056 9 26
2 219525791 57 93
2 220090249 31 34
2 220101121 51 56
2 220346104 65 57
2 226273712 41 40
2 228221829 26 49
2 228736382 8 11
2 231041380 63 57
2 231682479 24 27
2 233198607 44 71
2 233246070 9 69
2 233748147 10 9
2 237405854 10 13
2 242066792 86 99
2 242187714 72 88
3 4716014 5 17
3 5025163 71 76
3 9934865 49 61
3 9960234 36 51
3 12858329 60 120
3 14190163 8 64
3 14197885 59 78
3 14803104 18 78
3 17052517 17 23
3 19389245 10 76
3 25668727 94 108
3 32280528 7 4
3 36872548 95 113
3 38793749 43 58
3 42236299 15 16
3 44828024 36 54
3 45459025 46 33
3 45637763 11 12
3 46477599 5 37
3 46939907 8 88
3 47452656 11 11
3 47891369 42 74
3 48631035 11 138
3 48668461 74 113
3 48689908 34 37
3 49049664 69 92
3 49094405 27 44
3 50211267 21 32
3 51746778 32 35
3 52264014 18 17
3 52397013 120 136
3 52418981 9 23
3 52539097 64 88
3 52824864 106 138
3 52966157 36 41
3 60522629 12 36
3 62860593 3 5
3 64145699 76 101
3 100084312 24 26
3 107910404 5 63
3 113804594 81 109
3 118931337 10 16
3 119196200 49 56
3 120115768 80 85
3 121258394 22 41
3 122419909 36 40
3 122642526 60 89
3 124418835 89 134
3 127335911 9 209
3 128982800 11 33
3 129252541 67 78
3 129291461 13 11
3 129695849 28 44
3 133941263 27 33
3 136701065 6 39
3 138665096 6 12
3 142467294 53 60
3 142567220 48 50
3 147128034 46 68
3 156272762 17 17
3 167000204 71 95
3 169867027 15 21
3 170078515 105 141
3 170201230 46 62
3 170723849 35 36
3 172766817 21 26
3 178742709 20 20
3 178952085 35 56
3 183906776 23 43
3 184008629 51 72
3 185198018 74 104
3 189526315 51 49
3 195515797 3 25
3 195594643 19 20
3 195955113 49 76
4 155180 7 29
4 520995 21 22
4 1165159 18 27
4 1347132 12 19
4 1988101 4 17
4 5811326 25 40
4 6383597 20 41
4 6611661 23 23
4 6615985 25 42
4 7714523 12 53
4 7780516 98 105
4 20852260 16 41
4 23830039 46 70
4 36160350 16 19
4 41266152 24 153
4 42119660 11 14
4 42127680 12 61
4 42509100 65 81
4 46053613 33 38
4 47427858 41 33
4 56770575 38 48
4 57220869 29 69
4 57272697 56 76
4 57522177 10 9
4 70346371 49 87
4 70620451 41 58
4 71510163 44 58
4 72316121 28 36
4 73184357 11 47
4 75091031 49 77
4 77084472 35 46
4 82026979 26 86
4 83417311 29 99
4 85416930 58 59
4 93225748 16 11
4 96141261 14 31
4 100434285 45 56
4 103555981 4 85
4 104066410 12 25
4 106345372 40 68
4 108829793 9 135
4 114286237 64 73
4 115544596 70 91
4 115891706 30 28
4 119979188 5 3
4 120194823 4 49
4 123844254 49 77
4 126239872 33 55
4 126367480 39 60
4 140375250 5 5
4 140394098 100 110
4 140640519 29 33
4 142950056 25 31
4 144449038 42 46
4 148539045 45 47
4 151829978 44 53
4 153332934 13 16
4 154636802 20 16
4 155461161 19 93
4 169138145 33 36
4 175896700 38 73
4 184603930 24 36
4 184930647 31 46
4 185038029 36 71
4 186272694 6 76
4 187455362 82 87
4 187524835 22 34
4 189012810 29 266
5 1053545 27 41
5 7396543 46 27
5 7817074 14 34
5 14316754 5 81
5 14487619 3 12
5 26885752 22 20
5 31317909 25 34
5 32126331 76 106
5 43174925 26 22
5 53752154 19 16
5 54581162 6 27
5 64960110 72 81
5 70308439 37 63
5 70812055 11 31
5 71495782 77 106
5 75591734 40 40
5 76028724 23 102
5 76331394 21 22
5 78379101 4 76
5 79282821 47 62
5 89757037 35 38
5 95728563 14 30
5 96363457 24 42
5 102482313 45 54
5 109120450 27 32
5 110560331 10 18
5 110837731 66 104
5 118500259 43 57
5 120022255 22 35
5 121187759 7 12
5 121767760 15 17
5 122343600 21 35
5 138282984 26 39
5 139060718 25 28
5 139947707 33 42
5 140208967 89 141
5 140222515 64 206
5 140235844 134 162
5 140256640 105 128
5 140482650 40 46
5 140517074 56 187
5 140573438 89 42
5 140574250 79 55
5 140616436 32 37
5 140720625 105 168
5 140744290 14 22
5 140744574 57 65
5 140753678 9 15
5 140801619 105 124
5 140810434 96 81
5 140865448 32 49
5 145609441 47 68
5 146435239 16 33
5 149212460 37 116
5 149497299 41 58
5 150076246 30 39
5 151166189 38 115
5 151304271 5 3
5 154267870 32 90
5 156929945 36 41
5 161576143 21 90
5 169483693 16 35
5 170738466 5 13
5 175998280 9 16
5 176916471 10 8
5 177571045 42 44
5 177651483 24 49
5 178771114 11 17
6 7405247 12 16
6 7578067 68 63
6 7601616 36 36
6 13206168 46 46
6 17837174 125 197
6 18237647 40 5
6 26205189 16 27
6 26247039 34 4
6 29395256 116 11
6 31130320 104 10
6 31605244 133 117
6 32134769 37 110
6 33235041 8 118
6 33284500 64 67
6 33608292 241 26
6 33744762 56 1
6 33746073 57 66
6 38120125 90 89
6 41129138 101 6
6 41739086 64 4
6 43097965 141 14
6 43111274 21 64
6 44197199 82 7
6 44227997 64 8
6 44253920 83 5
6 46518128 5 74
6 52268034 17 21
6 52303169 14 27
6 52957273 7 134
6 56436985 3 7
6 56462679 47 70
6 56482800 41 71
6 70040443 4 33
6 76604978 11 17
6 79727095 28 35
6 87970131 10 72
6 90605212 28 79
6 96973182 56 87
6 105243555 16 20
6 107389825 3 12
6 107955683 17 38
6 110944514 42 51
6 111208777 19 70
6 111686487 6 23
6 117199034 36 55
6 117710992 45 41
6 119669652 26 34
6 119669653 26 36
6 119669655 28 37
6 121768987 46 98
6 126248861 26 44
6 133137998 146 182
6 133783599 31 52
6 133783615 35 34
6 137018382 42 50
6 137815021 53 57
6 138566720 7 14
6 139167798 133 180
6 139235873 11 49
6 139564337 35 40
6 146243967 24 37
6 148840760 12 85
6 155055003 21 22
6 159044609 14 22
6 159407432 9 185
6 159654490 12 9
6 160493000 60 73
6 160494894 24 30
6 168323554 45 41
7 1275694 6 8
7 1524972 6 98
7 2284282 16 16
7 2742485 5 5
7 4841356 11 13
7 5521290 29 28
7 6210488 14 12
7 6442042 21 24
7 6737331 84 100
7 21654770 16 32
7 21892142 39 41
7 23827646 15 76
7 27141768 6 11
7 27825027 43 78
7 28997630 7 7
7 29923497 9 28
7 30793436 152 212
7 30795469 21 53
7 32910327 28 54
7 33016069 42 56
7 38402492 17 6
7 43917820 90 93
7 44621388 68 80
7 48147084 39 45
7 48318390 102 135
7 50611809 23 91
7 64023390 30 35
7 75051280 25 64
7 76112456 20 85
7 76610569 12 10
7 86468597 34 44
7 88389278 16 68
7 88963238 6 35
7 94054448 31 46
7 94178933 33 42
7 99270427 12 10
7 99703164 4 45
7 99797877 6 13
7 99809481 16 74
7 99951056 24 45
7 99956506 81 114
7 100212592 87 115
7 100349968 25 76
7 100349994 28 70
7 100777155 18 30
7 102952969 27 32
7 103124256 45 45
7 107704407 26 40
7 110764591 15 23
7 114269964 22 27
7 114269973 20 30
7 116963084 16 10
7 120740007 31 39
7 127669919 33 37
7 127732149 6 74
7 127892080 25 123
7 129394914 39 54
7 131853240 28 27
7 134870926 31 36
7 136849065 22 27
7 138333865 31 56
7 138432304 17 26
7 138555948 41 34
7 142139728 6 98
7 143018476 28 19
7 143085619 69 64
7 144015498 76 3
7 146818244 19 33
7 148768433 7 35
7 148979060 5 8
7 149474938 8 7
7 149558240 6 26
7 150164044 17 149
7 150440055 20 41
7 150698355 5 124
7 150711190 10 16
7 150774362 33 32
7 154684280 25 30
7 155604793 6 118
8 2005485 12 28
8 2020449 35 88
8 2054333 20 36
8 8235575 34 103
8 8749610 49 76
8 12958083 57 111
8 17611829 106 172
8 17731904 50 129
8 18393171 15 29
8 20107568 44 86
8 22009060 68 167
8 22064890 89 177
8 23429101 47 16
8 24348316 51 132
8 24813270 9 31
8 25174531 7 108
8 25246735 52 120
8 25253058 12 202
8 26365125 43 92
8 26513310 6 8
8 27321015 45 83
8 27957400 56 95
8 28574161 53 102
8 28876337 42 87
8 28967446 11 28
8 30889547 38 72
8 30889838 56 162
8 32621456 38 86
8 38124859 12 130
8 39775661 57 145
8 41166308 7 29
8 41583328 15 38
8 41834733 56 120
8 43046661 61 179
8 48626145 34 73
8 52321305 7 18
8 53573774 37 90
8 54891666 40 75
8 61773656 6 17
8 67039502 10 111
8 67578011 40 255
8 68005795 15 106
8 68992787 15 35
8 87076814 51 66
8 89053733 67 55
8 94747621 35 45
8 95686658 36 40
8 95893999 44 34
8 103840782 13 15
8 105001612 37 51
8 109455851 4 10
8 117950505 23 28
8 121259909 41 92
8 124338214 39 86
8 124340555 23 63
8 124384908 65 149
8 125528019 13 42
8 130789733 64 138
8 131130778 36 106
8 131792712 48 135
8 133036862 12 33
8 134232983 48 112
8 134488304 27 53
8 142202702 83 160
8 142222440 33 70
8 143746126 10 25
8 144548014 12 44
8 144810851 29 43
8 144877669 15 27
8 144940392 37 1037
8 145001807 8 12
8 145057857 9 21
8 145058497 30 68
8 145095155 18 72
8 145535772 32 58
8 145757715 17 60
9 7174666 82 182
9 13188822 218 167
9 13219560 10 13
9 17415802 28 37
9 27009017 8 16
9 27949151 76 70
9 33385030 164 213
9 33385606 47 78
9 33386975 43 220
9 34610689 15 47
9 35547073 39 32
9 35958134 14 11
9 70993145 27 129
9 71155785 25 23
9 73151091 417 372
9 77300445 83 105
9 82335072 23 34
9 86258463 31 51
9 86585198 4 68
9 94486427 55 71
9 95480119 29 52
9 96422507 8 17
9 99064269 65 89
9 100843159 46 46
9 103054823 28 45
9 105768192 4 7
9 107299015 38 37
9 108145606 25 100
9 109734364 40 48
9 111624742 44 64
9 111655266 26 44
9 112017874 60 76
9 112018743 72 108
9 113065929 6 10
9 114874102 19 32
9 116171948 47 52
9 116812048 63 91
9 117108211 37 64
9 117129908 46 67
9 117138831 25 115
9 123182139 8 132
9 126144434 16 14
9 127262895 26 20
9 127923150 8 33
9 130494639 5 12
9 130536607 16 95
9 135277150 78 117
9 136338543 5 6
9 136406068 24 34
9 136918679 6 4
9 137622156 118 128
9 137777737 35 54
9 139562790 9 17
9 139908668 13 7
9 140007443 40 46
9 140074819 4 88
10 394633 110 142
10 429974 20 26
10 3823821 16 16
10 5808547 42 57
10 11911501 16 33
10 15107599 19 22
10 15255485 59 84
10 15688917 6 60
10 16967710 31 32
10 17083158 62 79
10 17363121 13 232
10 18689935 22 32
10 24834133 5 17
10 26243824 24 77
10 26500814 11 30
10 28032287 4 7
10 32557897 8 9
10 33209310 22 33
10 34408642 13 15
10 35495861 88 144
10 38344509 26 30
10 43692443 14 27
10 49791087 95 171
10 50740854 20 35
10 51584890 31 40
10 52834583 9 13
10 61552816 26 35
10 61844568 20 38
10 68687170 12 120
10 68688202 24 20
10 72025919 41 48
10 73466721 11 17
10 75855443 44 63
10 76737142 46 70
10 76854441 14 24
10 79581377 18 17
10 79629056 5 14
10 88703215 31 28
10 93038067 30 27
10 93038125 14 11
10 93683744 3 5
10 94715406 35 50
10 98064272 51 50
10 98170230 7 21
10 102267665 56 62
10 102296273 49 49
10 102738506 6 8
10 102896610 74 75
10 103296410 48 76
10 104119147 36 55
10 105187088 66 118
10 105363404 34 47
10 105823571 17 25
10 115348178 12 13
10 116614996 30 31
10 120797765 20 28
10 124058648 6 39
10 124755676 6 48
10 128830003 66 78
10 134599308 10 10
10 135095752 5 40
11 280981 97 127
11 533845 59 74
11 563511 15 16
11 639789 11 11
11 791875 11 6
11 1215457 20 20
11 1219169 3 11
11 1256349 23 29
11 1276110 17 33
11 2189140 14 17
11 2437201 9 7
11 3659804 7 7
11 4112979 34 39
11 5862833 83 91
11 6191558 15 21
11 6632168 40 61
11 7439358 26 40
11 9771521 6 39
11 11354262 26 26
11 13716370 40 43
11 14665808 3 7
11 14665997 20 27
11 18764894 53 64
11 19167806 12 12
11 20113869 16 164
11 20178691 13 27
11 20673853 53 71
11 22387186 60 74
11 28119441 81 113
11 33620607 9 5
11 34485781 48 40
11 35302519 31 31
11 36511802 41 70
11 45949029 64 96
11 46406985 85 79
11 47431804 49 48
11 47510447 36 168
11 55606707 26 30
11 56468490 65 221
11 60183622 18 18
11 61725899 9 3
11 62349014 29 45
11 62677614 48 61
11 63273754 6 7
11 63320420 33 38
11 63706576 11 45
11 63885482 31 25
11 64014017 7 18
11 64030204 76 105
11 64032904 15 31
11 64066926 6 23
11 64664251 56 83
11 64882450 54 87
11 64950208 5 9
11 64978813 8 19
11 65269458 16 14
11 65374180 65 102
11 65423107 3 12
11 65486402 14 30
11 66264928 26 30
11 66613371 62 88
11 67133075 62 78
11 67267198 26 23
11 68846241 51 71
11 70049780 36 20
11 70200495 23 22
11 70281261 13 30
11 72308582 20 27
11 74618209 77 103
11 77336817 12 14
11 82909565 15 49
11 89018006 19 38
11 93471608 32 31
11 94592711 6 42
11 95591781 34 56
11 95621344 29 25
11 95712334 39 50
11 100863163 72 72
11 101832598 5 88
11 102814931 34 38
11 104871213 6 48
11 108121687 31 102
11 108384228 6 81
11 108384460 13 84
11 109294983 12 9
11 111784633 15 20
11 111899335 27 46
11 113286183 72 128
11 113813776 18 40
11 115047265 68 78
11 116629079 52 47
11 117153233 22 22
11 117374725 31 92
11 117779494 5 21
11 118984695 42 51
11 121174079 40 45
11 121500352 6 25
11 123814011 36 39
11 123814252 30 39
11 123847423 27 30
11 123893738 69 98
11 124637716 40 55
11 124765501 45 62
11 128844089 68 61
11 130130748 33 32
11 134237211 6 46
12 662501 82 86
12 5841729 14 43
12 6438364 6 5
12 7069348 34 26
12 8375338 17 43
12 8904580 86 72
12 9248271 57 60
12 9311086 62 64
12 10215711 69 63
12 11285914 86 83
12 12588662 40 26
12 14778748 12 145
12 15035909 15 22
12 25398281 8 6
12 27475087 37 56
12 32134186 45 48
12 39735383 20 24
12 40345104 26 40
12 40626125 43 59
12 42711242 3 40
12 48188644 74 112
12 49298864 39 69
12 49426391 18 8
12 49435147 17 12
12 49721018 66 82
12 50041995 25 59
12 50484150 36 51
12 51076944 94 105
12 51385449 19 7
12 51467835 54 73
12 52681485 22 20
12 52881690 15 30
12 53449476 74 101
12 53879241 113 172
12 55421103 245 293
12 56648704 31 53
12 56720445 21 23
12 57627016 27 41
12 58207979 9 18
12 62946889 85 88
12 64829452 8 20
12 75444803 50 62
12 76425061 6 35
12 80730771 8 3
12 81741408 35 148
12 85279315 22 33
12 91348096 20 25
12 93147990 27 26
12 100042263 36 64
12 101603478 37 39
12 102025866 46 79
12 102869551 17 27
12 104049338 29 37
12 104144470 25 17
12 108145796 46 141
12 109577469 71 77
12 109895967 5 10
12 110226519 6 87
12 110565944 5 87
12 111291376 30 32
12 112622702 33 42
12 112915821 4 45
12 113435458 25 31
12 118293320 43 48
12 120650499 9 12
12 120894923 21 30
12 121448829 28 36
12 122090684 29 33
12 122212989 20 22
12 122294532 29 28
12 122406048 23 26
12 124171430 68 87
12 124824566 28 40
12 132490783 39 48
12 132681572 23 41
12 133220466 31 30
13 20978127 11 7
13 23908660 22 28
13 26542799 7 17
13 29012430 17 18
13 31035409 12 29
13 37678855 10 133
13 42393519 26 30
13 42784857 43 47
13 43543243 21 22
13 44971490 14 17
13 61986328 32 44
13 67799763 60 75
13 77657276 47 83
13 79175786 11 29
13 84455345 16 94
13 94197638 67 89
13 96251663 20 39
13 96294039 4 5
13 101763504 98 119
13 102029328 20 23
13 106118563 21 15
13 109779690 12 18
13 110960440 75 78
13 113174262 75 84
13 114083279 23 43
13 115091388 23 19
14 21827743 29 31
14 21991633 21 35
14 23072464 19 17
14 23467688 13 20
14 23588135 44 67
14 36003601 21 24
14 38724545 23 278
14 39900890 31 40
14 45711553 16 81
14 45711579 49 66
14 51382636 32 38
14 53190708 26 33
14 55168888 43 37
14 55836610 56 53
14 57082687 59 64
14 58030850 15 13
14 59112997 36 67
14 61997206 64 90
14 64447814 10 261
14 64529612 18 28
14 69256406 68 94
14 69369274 51 52
14 71517405 73 76
14 75388144 47 64
14 76135845 53 58
14 80327923 8 12
14 81302590 66 75
14 86089537 66 109
14 88946026 10 5
14 89319396 22 37
14 91948011 28 26
14 93118511 17 33
14 93676296 17 40
14 94417547 38 45
14 94750205 7 4
14 100758770 6 8
14 101004528 5 3
14 101520681 13 9
14 101531693 57 35
14 102500765 13 85
14 103986327 7 28
14 105238717 45 81
14 105409534 168 199
14 105478046 45 44
14 105615623 108 121
14 106360375 14 17
14 106866612 95 187
14 106963323 44 34
15 22383416 7 35
15 24921213 25 29
15 25200074 3 7
15 25474188 151 178
15 25481314 167 224
15 25494418 74 353
15 29406144 31 51
15 29561752 5 7
15 30053365 5 55
15 31359390 8 110
15 32976839 12 17
15 33765647 68 84
15 34123214 23 25
15 34163232 7 15
15 38766467 103 103
15 40557130 5 102
15 40565646 17 17
15 41193033 49 59
15 41771390 21 25
15 42147546 5 44
15 43023982 45 46
15 43525820 24 48
15 43818781 30 41
15 44105530 98 148
15 45440623 33 42
15 48787367 18 24
15 49135637 75 103
15 50519224 23 24
15 51289952 35 20
15 53081565 9 148
15 62978908 7 35
15 63951950 22 37
15 66587469 62 64
15 66795228 17 19
15 71256270 27 38
15 73027498 11 41
15 74964011 53 54
15 75656380 7 65
15 76462155 141 168
15 79051865 6 6
15 83492028 9 22
15 85198477 32 126
15 85400481 18 14
15 86807996 59 74
15 88522441 8 11
15 89386646 15 23
15 89422324 14 11
15 89836008 44 61
15 90280803 39 115
15 91182002 50 58
15 100331116 50 77
15 102244069 12 16
16 136766 6 9
16 216356 5 10
16 335354 20 34
16 335547 46 94
16 731436 18 24
16 1576750 15 9
16 1818735 39 31
16 2048283 100 137
16 2159427 20 21
16 2228537 3 5
16 2550423 6 5
16 3063714 89 110
16 3188491 18 56
16 3707211 75 68
16 3779497 74 90
16 4312652 78 146
16 4861209 63 75
16 7680639 14 30
16 10527501 33 59
16 11001276 7 39
16 11114151 13 15
16 14976505 55 94
16 15026795 14 30
16 20043469 35 54
16 20634743 15 19
16 20792324 54 55
16 22358917 13 129
16 23669889 56 59
16 23678480 26 32
16 23767237 26 26
16 25228688 128 163
16 25255185 74 66
16 28843629 48 58
16 28915056 245 293
16 29809921 56 68
16 29818051 9 18
16 29842329 9 35
16 30535725 6 4
16 30970054 37 70
16 30976045 66 103
16 32891889 28 42
16 34739672 3 10
16 48141283 30 158
16 48175187 35 56
16 50733765 51 56
16 53679839 53 68
16 55363090 61 70
16 56466592 23 39
16 57060426 78 95
16 58612691 52 49
16 66547632 16 26
16 67574588 81 123
16 67660616 17 35
16 67861916 53 72
16 70502836 61 75
16 70698100 15 10
16 70941317 18 62
16 71512881 54 76
16 74372644 26 51
16 74927701 67 94
16 78011555 4 24
16 81095073 79 87
16 81922784 6 14
16 87369044 11 15
16 87454235 12 11
16 88601410 39 49
16 88747851 102 140
16 88901687 12 9
16 89289623 49 64
16 89806290 11 20
17 293264 11 158
17 722705 42 39
17 1576806 53 87
17 2603765 19 14
17 3181258 11 86
17 3807233 22 30
17 3974201 39 51
17 4906118 55 63
17 5322932 42 55
17 7130555 78 120
17 7157905 22 26
17 7162260 29 23
17 7225204 32 49
17 7400199 23 45
17 7403979 24 38
17 7611470 65 74
17 7812031 60 189
17 7912875 27 104
17 9631973 4 35
17 10298710 30 16
17 15441469 57 104
17 16455342 56 58
17 16612581 32 50
17 16612888 18 110
17 17699596 3 44
17 18167062 20 26
17 19284432 20 44
17 26851946 16 25
17 27051500 122 149
17 27286373 33 34
17 29324268 28 58
17 29557892 4 21
17 29576075 63 80
17 29653028 60 56
17 31618836 26 27
17 33434054 46 62
17 33904176 44 43
17 34105989 8 84
17 35614709 4 67
17 36454530 25 46
17 37368634 6 8
17 38633838 44 56
17 39525760 44 40
17 39658497 14 7
17 40010211 37 44
17 40061846 47 50
17 40107251 8 15
17 40343229 25 45
17 40695361 14 19
17 40733898 37 40
17 40815456 99 114
17 40837375 25 40
17 40864370 59 61
17 41003870 33 46
17 41102629 20 39
17 42463278 10 16
17 42941052 48 50
17 42979825 66 73
17 43013693 14 13
17 43045034 21 36
17 43924061 48 74
17 46620917 40 60
17 48761428 33 31
17 50235098 76 95
17 55950099 52 88
17 56353007 30 36
17 56388484 4 7
17 56439937 27 48
17 56536272 78 156
17 58035794 12 34
17 59161890 16 24
17 60042387 6 36
17 61768554 54 80
17 62049081 4 9
17 62525445 10 15
17 67280136 23 28
17 72862960 9 41
17 73493912 14 17
17 76395596 53 45
17 76495227 5 14
17 76799533 47 66
17 76803320 6 27
17 77044156 16 21
17 78073395 37 43
17 78221999 9 8
17 79027507 7 162
17 80521412 23 28
17 80615795 84 120
17 80684737 75 84
18 5890475 10 23
18 6887207 29 42
18 7009329 29 58
18 8085807 34 53
18 8113486 30 32
18 9221911 52 42
18 12817361 33 27
18 13742649 21 54
18 19239234 32 107
18 29793260 20 35
18 32712092 25 32
18 33613786 39 44
18 34465545 7 18
18 43217125 51 61
18 43253713 29 45
18 44395294 47 51
18 47500841 70 67
18 48255714 8 7
18 50278527 32 40
18 50589714 117 155
18 54362382 41 41
18 56585706 26 24
18 56646309 92 129
18 60639922 12 14
18 66504346 33 62
18 71920854 8 22
18 72353007 19 182
18 74153437 5 14
18 76754468 10 28
18 77170976 22 56
19 422414 5 10
19 621361 3 10
19 757482 5 11
19 1434847 4 25
19 1556823 39 45
19 1918248 14 19
19 2217002 4 52
19 2933563 13 115
19 3148614 5 5
19 3611820 6 2
19 3746581 24 29
19 4028168 78 93
19 4182544 5 16
19 4292734 23 65
19 5832132 37 45
19 6476951 31 31
19 6684817 64 92
19 6710828 48 20
19 7584975 9 16
19 9090545 45 69
19 9297434 15 15
19 10203487 8 11
19 10445443 26 39
19 10465240 43 63
19 10671122 12 51
19 11031126 8 50
19 11527598 46 85
19 12126794 15 36
19 12127137 28 73
19 12997910 64 60
19 13255636 24 21
19 13409813 8 3
19 14001117 38 52
19 14501813 43 62
19 15355131 10 14
19 15580585 7 8
19 15807025 14 92
19 15918424 35 63
19 16236325 15 17
19 17346400 9 6
19 17899236 5 8
19 19243981 23 31
19 20002738 37 43
19 20727782 13 27
19 21713460 32 50
19 22847987 15 20
19 30936136 75 91
19 33696462 5 12
19 33870224 25 28
19 34180111 38 34
19 35614052 9 7
19 36207708 14 23
19 36210941 8 14
19 36213346 14 23
19 36221323 217 273
19 36363501 56 80
19 38795994 11 18
19 38998423 6 86
19 39200067 61 74
19 39214631 37 44
19 39440761 3 6
19 40886748 74 96
19 41008362 28 70
19 41198068 3 11
19 41628732 5 55
19 41888948 32 40
19 42222226 48 50
19 42753340 12 31
19 42754650 11 50
19 42814085 5 75
19 43348686 115 133
19 43414762 195 277
19 44050754 129 157
19 44153261 28 41
19 44222893 61 68
19 44602034 17 55
19 44635661 8 157
19 44778791 32 40
19 45593576 31 33
19 45889419 13 9
19 46094199 47 57
19 47935657 59 71
19 48956120 43 38
19 48965355 9 13
19 49001485 12 86
19 49447628 29 44
19 49481185 16 34
19 49842169 26 33
19 49867863 28 43
19 50060369 9 16
19 50102610 15 28
19 50397558 8 22
19 51013683 6 147
19 51135639 22 57
19 52272632 21 33
19 52443490 93 112
19 53912919 46 56
19 54649439 20 31
19 54822818 37 61
19 55144064 57 77
19 55177884 27 23
19 55496451 70 81
19 55525819 7 135
19 55670360 9 13
19 55670363 8 14
19 55670365 8 14
19 55715270 76 101
19 55812940 8 12
19 55858437 8 15
19 56109091 25 95
19 56114094 11 18
19 56896325 39 64
19 56952821 25 39
19 57133016 28 41
19 58049385 48 68
19 58571460 27 21
19 58619337 4 8
19 58849985 15 340
19 58850426 45 72
19 58928693 31 28
19 59074386 12 12
20 411096 44 42
20 1294131 6 7
20 2398195 15 18
20 3016327 27 23
20 3673663 19 48
20 3766003 7 4
20 4771163 19 21
20 10030131 63 68
20 13752128 45 55
20 17434596 31 44
20 18123315 12 37
20 19977342 12 28
20 21306994 19 36
20 21492668 37 37
20 21695215 8 5
20 23066570 7 5
20 23346288 34 40
20 23433335 13 137
20 25462630 63 104
20 30432308 46 62
20 30671800 32 54
20 31624295 89 131
20 33303156 53 65
20 33894555 5 94
20 35060502 82 89
20 35207225 49 89
20 40044003 14 14
20 40877443 29 26
20 44678329 10 12
20 45923465 96 111
20 50051837 65 89
20 60754368 8 6
20 60962714 27 130
20 61453152 15 15
20 61833992 47 71
21 17191025 32 29
21 22782727 41 35
21 30342949 20 56
21 31852613 96 108
21 31874311 77 131
21 33044290 64 64
21 34012043 26 25
21 37833700 34 49
21 38858865 20 53
21 40585404 35 24
21 41719670 101 151
21 43230617 16 13
21 43838703 21 21
21 43988503 20 20
21 44437106 32 29
21 44589147 12 18
21 45564898 18 26
21 47421962 9 23
21 48064360 12 138
22 17601382 12 10
22 18185098 32 49
22 18607010 22 18
22 19121751 21 36
22 19365412 78 83
22 20097661 23 34
22 20230164 33 33
22 20759779 14 31
22 22677150 52 176
22 22749551 21 42
22 22764303 83 88
22 22764505 138 153
22 23482437 20 23
22 24939902 24 28
22 24982310 147 181
22 28194945 4 5
22 29446744 9 13
22 29754817 7 77
22 30822826 22 35
22 30952062 46 44
22 31679059 4 5
22 32266593 5 63
22 32914091 59 76
22 33679305 38 53
22 36960418 9 27
22 38021904 58 64
22 38021958 22 67
22 38211680 76 90
22 38481242 6 10
22 38536071 18 15
22 38690425 4 8
22 38823978 65 107
22 39413823 142 165
22 39629457 26 29
22 40075761 11 27
22 41075574 28 35
22 41609865 77 94
22 42458967 14 57
22 42540321 7 19
22 42973086 18 70
22 42998021 27 133
22 43821191 43 62
22 44335873 49 44
22 50512679 4 40
22 50616139 57 76
22 50705110 9 8
22 50727399 21 31
22 50853038 14 68
22 50969689 22 36
22 51049139 13 8
22 51117811 15 33
