chromosome_index position alt_count ref_count
1 26752814 8 55
1 39957948 3 24
1 40771397 12 47
1 54694491 3 17
1 67861599 63 185
1 91403926 17 58
1 91405606 20 59
1 97770874 23 68
1 110294748 41 144
1 120539638 7 34
1 147131783 13 92
1 150199019 30 65
1 150316904 16 157
1 159410091 64 161
1 161047483 11 58
1 161069390 313 265
1 197070918 15 118
1 200944027 16 133
1 205034931 9 73
1 205130494 28 79
1 223177961 23 78
1 228210572 13 82
1 240371381 3 32
1 240555811 30 107
2 27457394 37 168
2 65541019 21 102
2 70520794 49 73
2 73447814 4 45
2 74755571 18 45
2 96780623 5 31
2 114257536 30 130
2 179427268 11 56
2 179638736 22 113
2 198272767 13 33
2 220116737 9 29
2 220439871 9 38
2 233406237 36 108
3 10417306 15 11
3 10980127 4 34
3 40573572 18 39
3 183681281 21 119
4 1379683 49 48
4 2932838 5 5
4 118005444 50 65
4 187175918 9 16
4 187201215 14 43
5 16682098 27 200
5 31305351 46 64
5 156675991 4 45
5 178140587 39 48
6 27420986 45 43
6 29633938 52 59
6 32410230 51 174
6 32816769 11 33
6 149893688 15 42
6 159401883 11 39
7 36459871 21 163
7 44153489 12 39
7 44797689 15 81
7 70255917 12 36
7 100677537 183 430
7 117501264 8 25
7 120386013 15 107
7 121944307 24 114
7 142459768 29 183
8 56912010 11 91
8 95182707 21 97
8 119936942 17 113
8 122626402 70 111
8 124250097 42 36
8 124348766 16 165
8 145770919 34 55
9 35618304 11 21
9 37521758 14 19
9 120176823 14 36
9 129595076 18 46
9 135221775 7 23
10 13214760 3 27
10 25887168 28 80
10 43650877 6 29
10 70225525 6 25
10 102048805 30 32
10 115985910 13 45
11 4967807 49 81
11 9009124 19 84
11 17531254 3 22
11 64084793 39 51
11 72946234 18 157
11 76928297 14 58
11 110035195 25 31
11 128781799 18 66
11 129979472 15 23
12 2027520 8 14
12 40646775 12 29
12 57114446 8 44
12 99060002 19 72
13 28959102 22 85
13 88327768 23 133
14 20248700 112 368
14 23016536 29 172
14 24438079 10 27
14 45679706 30 64
14 67799757 5 9
14 72191487 13 58
14 73140948 3 20
14 76948418 5 66
14 105213359 25 49
15 40268785 9 30
15 40581116 5 61
15 48500135 14 58
15 55931883 17 86
15 59185178 11 38
15 71124564 43 83
15 74467616 18 66
15 88670419 6 57
15 97327425 17 106
15 100340095 6 17
16 1033825 11 44
16 11643462 3 8
16 23546298 3 23
16 23706682 4 15
16 52473856 13 58
16 52473857 13 58
16 77229484 8 42
16 78198111 17 35
16 89986186 12 64
17 3591338 4 10
17 3819545 12 46
17 4053285 32 36
17 7318427 28 38
17 18781170 22 65
17 36734745 6 21
17 37213363 5 6
17 79503613 3 20
18 48444506 4 31
19 6532808 59 78
19 16319879 26 47
19 19330033 10 12
19 21910770 6 30
19 39019645 3 29
19 55495011 9 45
19 56104200 4 9
19 57868268 17 37
20 368670 19 83
20 1285638 35 98
20 5169722 29 118
20 8608996 33 80
20 14307545 33 68
20 34797434 7 35
20 44037000 6 15
20 62700772 3 32
21 38639701 18 16
22 28193043 3 34
22 41489079 18 104
22 44645529 14 51
22 51143288 9 47
