chromosome_index	start_position	end_position	major_cn	minor_cn	total_cn
1	61735	121482979	1	0	1
1	144007049	249224388	1	1	2
2	12784	243089456	1	1	2
3	60345	185683829	1	1	2
3	185686741	197896118	1	0	1
4	12281	191027923	1	0	1
5	15532	46313502	1	1	2
5	46313520	180790320	1	0	1
6	149661	78751726	2	0	2
6	78752529	113005698	1	0	1
6	113006118	171051005	1	1	2
7	43259	159127004	1	0	1
8	31254	42093818	2	0	2
8	42099360	49174248	2	2	4
8	49176727	51570254	2	0	2
8	51572392	52984338	2	1	3
8	52985392	58337296	2	0	2
8	58337425	83521459	3	2	5
8	83524772	146298155	3	3	6
9	46587	141091394	1	1	2
10	72759	135506704	1	0	1
11	198572	123657332	1	1	2
11	123658653	134944770	1	0	1
12	150442	3126040	1	1	2
12	3127313	14659017	1	0	1
12	14659441	14906934	1	1	2
12	14909713	16299842	1	0	1
12	16300557	18165548	1	1	2
12	18167911	20091463	1	0	1
12	20093300	24853374	1	1	2
12	24854171	26039506	2	1	3
12	26040553	26584711	4	1	5
12	26585578	29554805	2	1	3
12	29558505	29752064	1	1	2
12	29753002	30834681	2	1	3
12	30842467	31722299	4	1	5
12	31726501	34494821	2	1	3
12	34510783	133778189	1	1	2
13	19026949	115108397	1	0	1
14	19002124	107285437	1	1	2
15	20016328	32931904	0	0	0
15	32932098	36946501	1	0	1
15	36946914	50849591	0	0	0
15	50853015	102469040	1	0	1
16	60777	90287535	1	1	2
17	526	19093560	1	0	1
17	19130231	81049726	1	1	2
18	48133	2118930	2	1	3
18	2119689	6045133	1	1	2
18	6046304	19455004	1	0	1
18	19457929	78015057	1	1	2
19	90910	59097854	1	0	1
20	61305	29651211	1	0	1
20	29651369	30203482	4	1	5
20	30204824	30206725	8	0	8
20	30217061	30385071	5	0	5
20	30386623	33260245	1	0	1
20	33262299	35405203	5	1	6
20	35410903	49699674	1	0	1
20	49700604	53427207	8	1	9
20	53433099	53724336	4	1	5
20	53728055	54724564	8	1	9
20	54726056	58224694	7	1	8
20	58234037	59960970	4	1	5
20	59961332	62956153	3	1	4
21	10736871	48096957	1	0	1
22	16052528	51234455	1	0	1
