chromosome_index position alt_count ref_count
1 169345878 66 64
1 236201448 28 53
2 133541217 65 78
3 41266104 35 62
3 88189043 69 63
3 178917478 97 113
4 674922 9 11
4 66201833 62 63
5 1494912 24 19
5 94805538 50 70
5 140255345 46 44
5 145643143 91 100
5 176026254 20 17
6 51618014 50 74
6 83075974 15 9
6 97634457 27 35
6 101847133 39 46
7 2412383 60 69
7 91972444 64 85
8 13357421 41 62
8 22477278 5 4
8 52320933 22 38
8 55534730 90 63
8 61741241 71 63
8 144940600 4 45
10 87406912 14 5
10 88277363 94 225
10 108336881 35 89
10 134621939 8 43
11 34938234 21 37
11 92715124 27 30
11 112126170 76 90
12 131466545 36 41
13 67802442 88 77
13 75869002 52 63
14 93118516 6 8
14 94526801 38 227
14 100803413 45 53
15 23410710 24 40
15 101440918 49 37
16 16315528 22 92
16 75298392 9 4
17 1028777 3 4
17 28964369 47 63
17 41959878 10 8
17 43003803 54 51
17 55079509 65 75
19 7831669 34 41
19 51021739 19 20
19 55649383 80 116
20 24988467 56 39
20 60318708 7 22
22 23656202 38 45
22 36597805 37 39
22 50721777 7 12
