chromosome_index position alt_count ref_count
1 16353221 42 19
1 28598911 15 50
1 28786774 40 12
1 36564312 15 6
1 38184013 21 39
1 55472923 42 15
1 75037448 80 26
1 89427078 26 121
1 109734396 100 34
1 112308440 62 31
1 149898622 44 86
1 152538291 18 27
1 152733497 74 105
1 152749059 35 45
1 152759906 69 107
1 153043231 53 86
1 155319346 29 39
1 155823321 80 124
1 155904165 20 30
1 157504337 17 24
1 158325941 25 27
1 160054066 14 25
1 160456948 26 41
1 161969984 22 69
1 167852854 32 45
1 169484846 45 71
1 172635091 18 93
1 175348694 13 36
1 175348864 9 38
1 183212402 11 93
1 207653342 19 51
1 207803964 5 12
1 215987093 51 72
1 216011363 68 90
1 229631639 11 73
1 235938271 13 42
1 237730007 66 210
1 241262011 14 38
1 247051510 26 80
1 247587300 13 17
1 247695249 21 17
1 247920820 41 111
1 248569731 62 128
2 7164522 42 58
2 33745737 36 187
2 33824342 20 59
2 47222329 4 37
2 49216171 19 29
2 54001553 60 72
2 80529326 8 9
2 89513022 69 145
2 95601068 6 24
2 101644559 18 51
2 106729115 6 35
2 130913674 14 60
2 139429114 95 76
2 158115921 14 54
2 163213332 11 40
2 163213333 13 40
2 167289234 7 9
2 168104232 14 50
2 170550917 5 9
2 173457663 50 28
2 179481703 60 85
2 179582811 49 39
2 187692700 15 9
2 189850468 10 13
2 198650808 8 7
2 208841694 26 15
2 220505671 8 35
2 228884851 28 97
2 234775209 12 28
2 240982088 39 49
2 242756110 22 24
3 1427463 27 66
3 10123051 89 39
3 38047684 21 61
3 38674748 26 9
3 43647211 33 9
3 48461091 9 28
3 49149170 29 15
3 49785476 4 33
3 49933259 32 10
3 58134031 16 5
3 62204610 82 29
3 74334456 30 89
3 97806319 106 289
3 100042461 6 29
3 100042462 8 29
3 100148647 91 229
3 101484057 46 83
3 102153940 37 107
3 109023420 47 97
3 109027103 27 60
3 111312998 70 137
3 121037340 40 134
3 126723530 10 8
3 128849402 19 61
3 130282464 40 97
3 138739137 32 92
3 151130993 33 105
3 160219908 76 257
3 160219909 76 257
3 170884897 14 89
3 172241245 7 93
3 186507735 17 53
3 193048946 70 127
4 8582860 9 6
4 11401516 4 10
4 22389637 55 17
4 23831088 54 16
4 56277958 4 34
4 56890692 152 51
4 73013533 16 10
4 94343979 26 16
4 102839309 35 20
4 114257199 13 41
4 114290734 44 10
4 155490382 72 35
4 156135773 58 23
4 175160144 26 5
5 13824427 18 28
5 19571727 49 43
5 35763752 18 61
5 41203321 25 56
5 45261963 22 39
5 45262627 20 19
5 45462028 22 14
5 45645702 6 36
5 50091208 16 56
5 68470110 72 25
5 73931463 28 8
5 79026173 63 18
5 102423748 69 24
5 112889017 28 10
5 135188509 16 7
5 140476914 9 7
5 140563830 40 23
5 140573821 22 58
6 13230389 3 11
6 26056437 92 136
6 33133969 7 6
6 35208973 86 143
6 38791425 22 49
6 38793978 34 43
6 39874577 18 75
6 41168835 19 23
6 46660761 77 81
6 46675880 22 94
6 46851940 55 103
6 50011340 32 35
6 66115079 23 49
6 75969097 34 78
6 79752720 27 129
6 88854734 26 44
6 90082254 22 105
6 94066717 42 59
6 101094545 32 30
6 109773553 60 109
6 117589551 47 14
6 143081352 100 31
6 170657237 30 5
7 1586682 16 14
7 5541279 6 32
7 27141754 6 4
7 31614213 68 82
7 31682916 45 46
7 32528918 14 91
7 42949433 20 57
7 44806178 37 28
7 56171962 17 74
7 72992788 7 3
7 73944165 14 45
7 82785506 34 25
7 88963002 30 24
7 99799033 10 20
7 100681153 19 278
7 100684370 108 268
7 122755677 23 52
7 142510533 4 4
7 150439935 17 47
8 6377413 8 162
8 6385151 8 38
8 7808226 96 88
8 24262821 17 24
8 38125474 13 69
8 39550142 28 38
8 43152481 7 117
8 70982070 5 3
8 93029632 15 6
8 113275906 28 5
8 125990053 24 14
8 132052082 31 6
8 133882057 25 5
8 139164463 21 10
9 6413616 16 3
9 21440781 30 29
9 79229446 12 53
9 79323757 53 46
9 79932575 4 19
9 79984297 44 93
9 94495523 15 4
9 96416698 15 38
9 104356816 65 15
9 104356817 65 17
9 107521395 8 16
9 112686112 10 20
9 112900813 15 7
9 112930810 9 17
9 130242207 7 41
9 133927933 31 76
9 133943579 38 17
9 134363281 8 34
10 8100408 52 16
10 15688876 20 6
10 27389164 43 16
10 95718760 7 36
10 96827408 29 9
10 98192629 50 14
10 118425286 23 60
10 124908032 21 8
10 134743063 15 9
11 399027 37 65
11 618736 22 160
11 4674203 44 74
11 4945255 23 36
11 5248235 22 47
11 5344629 33 59
11 5799295 52 6
11 5863129 27 30
11 6412821 3 17
11 6458712 40 54
11 7064368 79 100
11 7818267 68 79
11 15199870 37 46
11 20625881 74 82
11 30032295 39 87
11 32657330 10 17
11 55135768 83 93
11 55595068 39 141
11 55658894 32 33
11 55681396 13 62
11 55927165 15 50
11 56345192 22 46
11 57995691 26 18
11 60609773 25 14
11 61548514 25 20
11 62009816 31 50
11 66053231 9 22
11 66583642 6 8
11 68190983 20 74
11 71948652 18 42
11 72469633 22 23
11 74716828 25 75
11 75439138 11 31
11 76164424 4 22
11 76833669 7 31
11 114112975 13 23
11 117117649 33 90
11 117280657 44 51
11 118348795 61 201
11 124180054 18 17
11 126137979 37 28
11 129788493 63 138
12 2602513 158 236
12 4920329 34 47
12 7065331 37 61
12 7354920 44 71
12 7476102 12 73
12 7637989 59 80
12 7970587 43 48
12 8630035 46 68
12 15090983 87 107
12 18473932 10 23
12 21294510 49 67
12 42745747 27 30
12 49169151 47 46
12 53552251 23 24
12 54812937 8 7
12 57499981 44 105
12 58090095 88 69
12 81503338 13 30
12 82752094 11 48
12 96691053 6 37
12 104033983 34 87
12 106740161 22 20
12 112843672 11 71
12 112843673 11 69
12 119617380 10 29
12 121088485 14 78
12 124497426 10 115
12 131291600 33 39
12 133353667 11 68
13 28877350 26 14
13 36743097 29 12
13 61987567 63 21
13 100518531 78 36
14 19378534 98 99
14 22434059 27 71
14 29237914 39 44
14 44976057 96 71
14 44976324 13 8
14 45535914 33 44
14 52433329 75 73
14 53513595 43 42
14 58669571 63 68
14 64194096 22 69
14 73159909 23 39
14 75264956 46 50
14 79746518 9 26
14 93404743 7 5
14 94953624 12 83
14 101335469 38 30
14 103592774 6 2
14 105418158 66 267
14 106667846 35 107
14 106733316 208 153
14 107013205 96 52
15 24923975 25 27
15 26806283 57 58
15 33925287 10 43
15 34078168 52 144
15 40916549 36 35
15 40916865 19 36
15 49325263 29 81
15 58902672 43 32
15 64792296 18 19
15 64792297 18 19
15 65678926 4 17
15 72492008 15 27
15 73564870 25 29
15 74235283 12 167
15 75015158 23 42
15 76067974 13 34
15 76225400 38 79
15 89383363 9 7
15 99434579 6 27
16 1536031 11 40
16 1706463 5 4
16 1822351 39 57
16 3304275 57 168
16 4493146 19 20
16 20043223 82 69
16 20497922 64 151
16 20975855 55 120
16 24372823 67 75
16 28919935 29 71
16 28989300 74 54
16 48303980 23 22
16 55530925 19 50
16 57951374 18 54
16 67289747 3 6
16 67397546 27 35
16 69147431 24 30
16 77918618 7 8
16 85712201 6 82
17 3664450 143 105
17 5462328 16 102
17 7578449 62 36
17 7579374 26 58
17 8416959 47 205
17 10438615 13 44
17 12661609 8 25
17 20799069 93 160
17 27028146 44 66
17 27437016 15 15
17 31091967 57 117
17 31092090 31 50
17 33768667 22 175
17 34074119 28 49
17 35446009 26 200
17 36521282 26 26
17 36521293 16 36
17 37899241 28 49
17 40266956 40 273
17 48755478 18 157
17 66924153 45 43
17 72287252 135 241
17 72947710 5 23
17 73732390 22 140
17 75208241 139 154
17 75208242 130 153
17 78058646 26 19
18 2945689 16 28
18 9888033 37 30
18 14784532 14 28
18 14852178 8 7
18 19263512 21 55
18 39542476 85 36
18 55027368 25 7
18 55027369 25 7
19 1005248 15 38
19 1391021 17 22
19 2878183 34 86
19 4157010 32 32
19 9325120 18 64
19 10610198 19 31
19 11598238 16 24
19 11917578 39 33
19 12058112 31 108
19 13248129 21 99
19 14031643 16 75
19 15079252 8 14
19 18368727 43 46
19 21934418 15 17
19 22939561 6 42
19 35791224 4 26
19 36109528 8 75
19 36220876 11 7
19 36340488 44 52
19 39051989 51 38
19 39051990 50 38
19 39397917 50 61
19 39957362 65 51
19 39960835 53 132
19 41003463 15 59
19 41038593 18 52
19 48244397 12 49
19 48542528 70 50
19 49552025 46 204
19 49842651 24 213
19 50340131 19 11
19 50784922 9 10
19 53472780 3 10
19 54313706 46 216
19 54314512 58 67
19 55450793 15 44
19 56465879 39 39
19 58213779 43 136
19 58982783 5 34
20 1538304 26 106
20 2321272 4 32
20 10620415 68 41
20 17608274 7 57
20 21329020 33 126
20 31671678 11 50
20 35060704 12 21
20 47364405 6 9
20 47602097 16 40
20 57766761 11 45
20 57766762 11 43
21 10906829 5 42
21 10951419 25 115
21 22841001 49 18
21 31914174 50 11
21 43702404 36 19
22 29490261 56 85
22 29835133 86 101
22 30762065 33 32
22 31487380 11 33
22 35478538 38 67
22 39123346 36 66
22 39772127 10 237
22 41513550 30 37
22 42973027 6 37
