chromosome_index	start_position	end_position	major_cn	minor_cn	total_cn
1	61735	249224388	2	1	3
2	12784	187190726	2	1	3
2	187191656	187595255	5	1	6
2	187597230	243089456	1	1	2
3	60345	103393334	1	1	2
3	103393941	197896118	3	1	4
4	12281	44760510	1	1	2
4	44761170	47102915	2	1	3
4	47102993	49093786	2	2	4
4	49114095	80833362	2	0	2
4	80833934	87572133	1	0	1
4	87577134	90837127	1	1	2
4	90837944	95665419	2	1	3
4	95669663	191027923	1	1	2
5	15532	55872987	2	0	2
5	55874173	63114878	1	0	1
5	63117788	79855722	2	0	2
5	79855747	129010769	2	1	3
5	129011799	180790320	2	0	2
6	149661	50837217	3	0	3
6	50843329	52118781	3	3	6
6	52120103	66074891	2	1	3
6	66075464	69081143	4	1	5
6	69081965	70537509	3	3	6
6	70537975	84152373	3	0	3
6	84153316	171051005	2	0	2
7	43259	61888128	2	1	3
7	61987173	66576552	1	1	2
7	66581032	67774561	2	1	3
7	67777088	159127004	1	1	2
8	31254	49137947	2	1	3
8	49138579	93448756	2	2	4
8	93450212	146298155	2	1	3
9	46587	20764870	6	1	7
9	20765097	21626200	1	0	1
9	21626573	22113907	0	0	0
9	22118058	23480747	1	0	1
9	23480774	47217176	6	1	7
9	65616971	141091394	2	1	3
10	72759	39074821	1	1	2
10	39076206	135506704	2	1	3
11	198572	33759092	1	1	2
11	33759512	43643611	2	1	3
11	43643624	59829678	3	1	4
11	59829741	60595611	2	1	3
11	60595839	66498868	3	1	4
11	66499767	73287632	2	1	3
11	73288212	134944770	1	1	2
12	150442	19083472	2	0	2
12	19085800	21700104	39	1	40
12	21701199	25132588	23	1	24
12	25132738	25487746	45	0	45
12	25488031	25801786	33	1	34
12	25807029	30474902	7	2	9
12	30474937	33763739	3	2	5
12	33764291	133778189	2	1	3
13	19026949	115108397	2	0	2
14	19002124	107285437	2	1	3
15	20016328	38094066	2	0	2
15	38098088	102469040	3	0	3
16	60777	5120305	4	1	5
16	5122359	27991684	1	1	2
16	27991880	28841777	3	1	4
16	28844068	90287535	2	1	3
17	526	15642546	2	0	2
17	15650630	15985275	12	0	12
17	15987620	16868872	6	0	6
17	16872407	21012523	5	1	6
17	21012803	25316463	2	1	3
17	25317154	81049726	2	0	2
18	48133	12669622	2	1	3
18	12674105	69928711	1	1	2
18	69928888	78015057	1	0	1
19	90910	15293959	2	0	2
19	15293985	15976052	2	2	4
19	15976196	59097854	2	1	3
20	61305	62956153	2	1	3
21	10736871	48096957	1	1	2
22	16052528	51234455	1	1	2
