chromosome_index position alt_count ref_count
1 3335245 11 56
1 19578013 5 40
1 19712105 14 66
1 20005587 19 67
1 22178122 22 144
1 24078328 40 248
1 26360198 25 151
1 27676954 21 99
1 35900555 24 58
1 55337057 11 56
1 99771528 25 58
1 109810195 12 87
1 145508277 12 84
1 156693140 49 177
1 159922091 13 102
1 169437407 5 66
1 186329077 6 41
1 198668738 29 200
1 204380568 20 107
1 222905989 7 36
2 11341164 46 101
2 21245909 16 72
2 27715247 10 82
2 42553383 14 95
2 55920943 14 71
2 63086364 18 54
2 161349905 18 25
2 171240310 14 65
2 179537198 42 191
3 49695531 12 68
3 119112315 21 122
3 138433537 15 165
3 188584112 8 66
4 8465768 19 96
4 55569941 12 47
4 72352674 10 23
4 88766758 14 76
4 90650392 8 42
4 113352758 5 57
4 123663151 14 58
4 169842828 5 42
4 173730662 15 46
5 11346677 17 94
5 78181427 19 77
5 80508245 3 27
5 110407586 15 106
5 128324295 13 78
5 169701311 6 11
5 178413416 5 35
5 179198178 25 72
6 27833528 13 83
6 32038185 9 32
7 5967840 30 260
7 6836384 22 19
7 47317713 11 44
7 76631630 5 26
7 92844792 13 70
7 103175930 7 36
7 130025070 16 53
7 138546052 22 67
8 37610986 10 39
8 65509365 6 49
8 101051204 8 25
9 32634014 18 200
9 86421373 5 39
9 131735480 17 31
9 136501745 17 41
9 136573530 52 113
10 5567421 9 51
10 52913070 11 53
10 63519826 10 42
10 67680042 10 39
10 104173914 24 120
10 127541142 7 81
11 20486034 8 36
11 56511269 9 102
11 60970983 16 51
11 62459942 5 51
11 64033670 17 96
11 65386040 4 43
11 73021441 12 80
11 92531574 5 24
11 117376387 6 53
11 118403152 11 67
11 120702618 12 78
11 123753921 12 73
11 123754841 4 47
12 11420681 34 190
12 11420744 16 170
12 13716837 18 50
12 20833109 46 701
12 59271288 17 58
12 121206807 4 14
13 52524492 8 42
14 23417081 17 143
14 70713090 11 67
14 102461416 9 102
14 105478001 17 51
15 73562474 18 155
15 73635971 23 25
16 3100516 18 86
16 31091514 12 75
17 7576853 22 52
17 7752972 9 47
17 26960084 15 58
17 33281470 5 27
17 42427098 6 32
17 80273175 19 61
18 23969873 25 95
18 45422948 14 60
18 74091257 11 45
19 7509297 14 55
19 10883259 14 64
19 15281581 5 27
19 19258545 26 99
19 36616423 16 134
19 37369178 35 77
19 41448070 8 60
19 51462533 14 113
19 51885814 10 90
19 52870026 9 42
19 54214313 12 87
21 37650303 15 60
22 40074056 3 11
