chromosome_index position alt_count ref_count
1 1960679 8 7
1 2527503 103 198
1 10479840 47 111
1 11918304 19 45
1 16727329 88 199
1 16952885 18 189
1 19184054 30 63
1 19597373 12 62
1 19612803 26 125
1 19612805 26 126
1 22156481 4 8
1 24486013 28 70
1 24669201 14 169
1 24669202 14 168
1 26356983 48 93
1 26597570 24 37
1 27100151 92 53
1 27875278 48 106
1 28835349 30 14
1 36028227 11 22
1 46496357 14 14
1 55070856 27 47
1 55175737 18 41
1 55603306 11 20
1 55603307 11 19
1 76257209 63 105
1 112042829 28 56
1 145293555 58 699
1 145416671 19 49
1 152488000 9 16
1 156814270 37 81
1 160267152 57 130
1 182844052 30 52
1 201437501 24 52
1 220970066 20 54
1 221058095 7 11
1 223176822 47 96
1 228481237 39 89
1 236647128 23 32
1 241667375 11 24
1 247588068 18 51
1 247902707 18 29
2 26915889 8 10
2 37268331 31 65
2 38540290 8 37
2 40657254 42 78
2 42990074 50 125
2 47249095 33 57
2 48915642 21 50
2 61719473 19 51
2 74745582 32 69
2 100623273 27 51
2 103343411 7 68
2 109106410 5 53
2 128467158 47 91
2 166747428 18 49
2 168100398 46 94
2 168108443 19 48
2 171716394 12 16
2 187531441 24 57
2 206921058 24 38
2 210574917 5 15
2 215831659 33 82
2 220078577 155 356
2 220429980 7 31
2 233407629 29 51
2 234854619 32 90
3 35780834 51 110
3 39174717 14 31
3 41266113 37 15
3 45943175 35 86
3 46415067 103 244
3 48604364 12 23
3 51746896 24 68
3 53851805 4 9
3 62278384 4 8
3 81695552 14 33
3 81754641 7 21
3 97868957 10 31
3 105264121 43 71
3 127786365 53 104
3 132166292 9 44
3 134078242 34 81
3 138121080 13 100
3 138191676 134 157
3 157146233 22 95
3 170912388 51 193
3 178927451 32 189
3 178984437 9 56
3 181430319 12 93
3 195047675 17 35
4 3251139 4 15
4 72429557 49 111
4 88940704 26 33
4 106879639 16 42
4 126411252 48 98
4 128865029 46 97
4 138450910 9 40
4 146032195 24 42
4 153690957 47 62
5 1282621 46 63
5 13717530 8 43
5 14488285 13 21
5 16681456 30 62
5 23509151 9 37
5 33649015 32 73
5 38481923 37 74
5 39202288 57 113
5 40681737 9 19
5 112174114 10 23
5 122682199 13 32
5 132009878 38 104
5 133914666 121 193
5 139232604 43 103
5 140811832 48 96
5 141336048 48 101
5 149215999 55 101
5 149901049 45 71
5 154304027 110 205
5 156923951 14 16
6 348877 10 66
6 25769257 19 60
6 25769258 19 59
6 27775671 42 64
6 27834613 4 9
6 31238916 13 93
6 31594956 18 27
6 36930864 62 150
6 43018033 80 164
6 44220936 78 171
6 73023357 8 10
6 75866024 60 105
6 83926271 39 104
6 83926280 35 105
6 102307312 17 45
7 4116752 17 43
7 24784184 42 114
7 30921846 53 104
7 31920365 34 56
7 33976945 34 70
7 42005538 18 40
7 43477644 68 95
7 44187361 28 148
7 74113412 12 19
7 81667494 43 68
7 87011819 39 68
7 90675216 21 48
7 103969565 48 105
7 107207495 10 18
7 110764569 15 34
7 119915218 24 40
7 123594238 39 67
7 128312448 5 16
7 129847885 46 92
7 137151687 23 39
7 141292953 10 27
7 144098375 10 16
8 27328547 22 42
8 57079526 55 150
8 67813523 11 56
8 77764760 5 15
8 142204341 10 21
8 143558547 14 21
8 145059981 28 65
8 145112528 12 25
9 2161782 21 52
9 6012549 19 57
9 32487519 26 52
9 33221060 17 36
9 33798518 76 115
9 94487112 13 76
9 111727685 43 112
9 112963431 78 197
9 125391331 12 56
9 125659751 8 23
9 129594785 18 93
9 131380016 57 73
9 135073526 62 81
9 135554539 55 161
9 139305141 9 49
9 140100297 27 77
10 5436181 23 50
10 7205858 18 47
10 27687309 16 28
10 50227521 3 17
10 70333844 126 132
10 74916070 66 86
10 101147910 46 42
10 103869414 10 97
10 105792440 52 43
10 118397924 4 7
10 127436538 10 183
10 129224264 13 406
10 129899748 133 208
11 2182157 31 46
11 3041523 23 71
11 5013489 5 10
11 6048178 16 63
11 9225482 23 37
11 12234898 74 181
11 18308255 14 29
11 46569856 170 333
11 47354132 16 74
11 49831405 20 35
11 62376087 87 225
11 63520546 93 222
11 65270449 7 9
11 92088009 28 76
11 93523876 44 112
11 93797566 14 26
11 111365983 36 68
11 124748251 10 13
12 10777274 55 130
12 29630148 26 46
12 32996162 5 23
12 32996166 6 26
12 39223183 70 150
12 48866620 34 92
12 52843273 81 186
12 57642901 25 73
12 113553490 23 34
12 120575734 26 43
12 122691057 120 247
12 124289583 22 37
12 132514584 47 111
13 32954167 4 35
14 20820433 22 60
14 23792277 51 88
14 24535792 42 70
14 24676673 32 79
14 25077579 81 175
14 32561318 49 57
14 60069958 13 26
14 64194101 32 97
14 70634567 14 56
14 74009789 24 73
14 94914550 63 56
14 104165811 37 43
15 23812252 33 69
15 25514970 18 48
15 32972071 92 135
15 45248926 20 42
15 55710308 10 14
15 62264958 29 58
15 64455190 6 29
15 73408892 18 29
15 86124979 19 18
16 716275 30 35
16 1536494 7 75
16 19554080 16 25
16 19883344 17 37
16 29816274 28 65
16 47162251 45 70
16 48121987 20 35
16 53679591 20 41
16 56441887 17 43
16 58768175 4 8
16 70509269 38 66
16 70891638 19 88
16 74496081 19 40
16 89806506 55 115
17 3592861 78 188
17 4575317 6 13
17 16526673 23 58
17 16725777 3 20
17 18022927 20 60
17 29113018 60 94
17 34266318 62 116
17 40659608 54 87
17 56082686 10 40
17 56270780 72 223
17 56274361 72 213
17 62271199 19 167
17 63200400 19 92
17 67145207 73 127
17 72519041 34 36
17 72709021 33 38
17 79973161 58 82
18 5433965 65 87
18 8296368 19 22
18 21703872 12 45
19 1969758 5 11
19 4555047 45 96
19 6001988 38 89
19 6714022 42 142
19 7117150 59 123
19 8841637 43 63
19 9075305 69 140
19 10402309 40 67
19 19337345 25 78
19 22363387 23 66
19 23836771 16 64
19 36357139 35 80
19 37643698 23 86
19 45923579 11 12
19 47542712 35 80
19 49260198 123 203
19 57724355 51 44
20 3145759 3 12
20 5935803 16 45
20 30037835 47 138
20 44519208 28 132
20 47611101 17 86
20 49621343 8 12
20 61488883 25 175
21 28337677 57 113
21 40550456 43 96
21 46876079 23 69
21 46930021 7 17
21 46932280 13 42
22 20796300 21 39
22 21333939 10 259
22 37271939 44 76
22 37539616 28 88
