chromosome_index position alt_count ref_count
1 985841 22 21
1 17084269 52 99
1 91866655 12 12
1 156917716 12 22
1 228494214 9 54
1 240071834 9 12
2 26532130 6 12
2 89986382 7 138
2 110015136 5 11
3 93646100 49 61
4 36085016 16 20
4 79204019 53 8
4 175439163 15 33
5 41382349 38 72
6 127469958 41 60
6 151687542 33 49
7 20180649 67 68
7 44009392 9 8
7 55221763 468 3924
7 143097029 10 19
9 16437497 26 2
9 40716214 24 68
9 95078415 31 31
9 114145511 11 28
10 395316 29 12
11 419726 36 39
11 3688571 11 11
11 5906315 78 112
11 55579782 32 34
11 65977846 50 50
11 101818772 23 35
11 123676994 27 52
12 80191152 8 11
12 123187006 15 45
13 25745164 8 19
14 38724093 36 34
14 38724649 43 64
14 51227078 22 34
14 61180418 25 31
14 100705804 3 5
15 40751318 9 16
15 62300907 25 36
15 72037463 209 270
15 101569415 10 19
15 102292762 6 46
16 4245578 74 91
16 84358039 53 22
16 88891241 38 31
17 29119557 46 72
17 61949661 64 15
19 17653014 113 172
19 22155056 35 37
19 44981361 56 60
19 51480744 27 6
20 2616589 45 40
20 44528299 41 38
20 62367145 6 10
21 43523936 3 28
21 43524114 5 86
21 45710823 23 118
21 45817635 3 23
