chromosome_index position alt_count ref_count
1 15888720 43 76
1 16199516 69 80
1 17559395 20 31
1 75626757 8 14
1 90178412 14 216
1 103348775 44 41
1 152883756 38 75
1 154306627 40 74
1 228475833 63 57
1 233270849 91 121
2 3624107 179 170
2 85049140 43 55
2 85921908 11 12
2 178098862 14 44
2 179435762 31 35
2 189449050 106 143
2 215657042 49 76
3 4508802 34 52
3 32148195 48 101
3 32996071 29 33
3 48678931 33 63
4 655977 11 15
4 15937929 17 19
4 20597447 52 68
4 30921774 23 39
4 40810960 6 7
4 41748001 46 61
4 79340185 17 23
5 26885790 90 104
5 53839038 109 143
5 124080294 42 28
5 140214821 66 74
5 140554567 59 77
6 24412501 90 94
6 26217258 56 76
6 85446717 52 58
6 90661177 30 42
6 94120371 62 83
8 41550170 9 64
9 711611 28 10
9 79118698 28 10
9 108126972 77 6
9 119249699 30 6
10 93904825 33 73
10 103789389 27 45
10 104179696 6 5
10 135352494 39 30
11 802041 27 35
11 46456546 46 50
11 94040366 46 48
11 113288785 21 35
12 53899546 20 3
12 109692040 49 12
14 21769132 15 65
14 21896309 28 58
14 29236691 5 91
14 79434578 58 34
14 95053895 47 30
15 32925232 66 78
15 62990037 33 41
15 65689263 62 54
16 360038 35 7
16 27460420 37 2
17 1678371 32 7
17 7578268 98 11
17 7720679 24 4
17 43190626 17 22
17 45915690 44 70
17 54923060 70 87
17 76456336 22 12
18 50731599 36 64
18 60028929 71 81
19 804891 33 33
19 6896547 47 53
19 7697616 14 15
19 9968430 56 54
19 53911921 44 75
20 4707904 57 80
20 25459756 42 37
20 30037860 38 57
21 46888354 21 45
22 37272068 48 80
