chromosome_index position alt_count ref_count
1 17320326 3 9
1 18809452 18 23
1 111216299 71 153
1 152128023 395 709
1 159906690 11 49
1 176738843 39 77
2 197184313 26 67
3 184019846 33 59
4 76571563 19 145
5 1420693 60 113
5 10227588 9 54
6 26104424 16 67
6 27834840 32 198
6 29343055 16 34
7 21757423 8 45
7 45003662 3 11
7 97488687 14 37
7 117067469 20 87
9 100403882 36 75
9 109694600 4 6
9 129453154 15 25
10 23292319 20 99
12 25398284 7 8
12 55524043 37 113
12 56478854 77 168
12 56492632 50 144
12 57114545 67 57
14 44976102 22 118
14 51101951 24 38
15 91455346 56 60
16 2331468 10 100
16 2812318 23 60
16 81197274 5 13
17 7578272 16 22
17 29687566 16 148
17 30293184 3 12
18 50912508 9 13
19 37643369 16 111
19 50155743 5 15
