chromosome_index position alt_count ref_count
1 11024242 16 57
1 27239982 9 56
1 27278473 8 38
1 42048532 24 93
1 42048615 35 74
1 52811788 38 93
1 60073568 11 38
1 74957907 26 84
1 104160230 21 164
1 108115887 4 19
1 112269837 11 60
1 150532686 9 44
1 152082181 11 77
1 152659375 36 207
1 152882720 8 48
1 156812986 10 44
1 157771938 10 79
1 158262135 46 432
1 184701990 26 54
1 207103709 11 71
1 207300153 17 83
1 212538481 11 23
1 216595587 14 82
1 229568303 16 79
1 237713899 3 13
2 24005831 6 21
2 51254789 5 15
2 77746756 10 69
2 105959540 21 124
2 133175221 16 95
2 155102467 8 30
2 165947600 125 156
2 166172072 10 68
2 168115033 3 36
2 179594952 8 34
2 179611639 10 116
2 186672103 37 73
2 217724381 28 102
2 219509670 16 64
3 12182165 5 11
3 38950622 28 154
3 50405113 5 50
3 57494188 12 27
3 96533679 3 18
3 120973864 9 34
3 126260803 4 15
3 127983559 51 94
3 129180108 16 43
3 133339033 13 25
3 133372361 3 19
3 164764797 8 22
3 172642045 12 57
3 183703391 4 9
3 193081105 21 46
4 30723907 3 15
4 38698837 88 91
4 62452949 5 12
4 69337188 9 165
4 69817169 7 28
4 80329230 17 58
4 100237383 6 35
4 126397386 14 74
5 13766258 22 115
5 13841082 8 70
5 63871703 11 54
5 95278738 10 17
5 99871318 17 73
5 100192077 7 29
5 140236968 54 182
5 140242817 16 51
5 140559623 29 101
5 140604640 47 171
5 156482248 8 81
5 161520906 23 69
5 169931586 34 66
5 176938778 6 109
6 30688274 21 44
6 31852190 14 49
6 33231568 22 67
6 35773558 41 168
6 54806758 13 25
6 55266585 9 45
6 57075034 6 27
6 97414900 13 31
6 116914364 3 9
6 119345138 10 59
6 146720482 22 83
6 154414626 14 70
6 158487596 30 116
7 87329821 15 99
7 88956701 13 105
7 88965059 29 272
7 92761613 12 86
7 93623678 12 18
7 100364791 12 110
7 100608712 31 99
7 135614721 21 80
7 141955044 22 40
7 143929571 7 31
7 146997356 7 27
7 150027913 10 28
8 21996454 9 33
8 29963316 26 64
8 38271510 10 42
8 72966069 4 15
8 97157137 4 26
8 105509670 20 88
8 110587148 21 95
8 113293418 12 37
8 113649169 23 75
8 132002740 51 218
8 141711019 16 86
9 20988425 15 33
9 27566905 6 78
9 77411801 9 45
9 77427319 12 50
9 84531732 13 53
9 113196685 7 23
9 115652545 17 49
9 120176865 10 28
9 140911608 8 26
10 17061967 11 67
10 20568723 12 78
10 44873107 3 9
10 69366644 18 74
10 73050696 59 209
10 73055697 10 67
10 82045320 7 63
10 85968016 28 25
10 95719072 11 53
10 103919017 26 105
10 106918738 6 38
11 1011349 3 41
11 5068262 4 59
11 6653349 8 30
11 19077106 16 98
11 31349783 13 22
11 34991726 11 34
11 36615566 17 85
11 46911003 29 134
11 55110693 3 31
11 59132682 19 97
11 66188802 23 91
11 66888764 9 24
11 68216312 11 79
11 89431659 20 93
11 108175539 4 26
11 114118040 14 52
11 122817312 9 44
12 653598 28 86
12 11338850 19 71
12 21325668 9 25
12 31944585 6 13
12 49742618 22 55
12 56120536 27 68
12 56956256 23 49
12 57579489 9 46
12 71002847 11 58
12 98926907 8 64
12 110957714 3 16
12 113835138 32 82
13 32811731 9 26
13 36700036 15 62
13 36767772 6 39
13 58209029 6 30
13 61985660 14 26
14 19553749 41 555
14 23894051 16 49
14 30103745 22 103
14 47120431 19 97
14 76965244 10 20
14 95921749 7 38
14 106471648 6 51
15 20496613 5 80
15 50211119 13 48
15 64966687 27 76
15 65622985 14 44
15 80465483 54 93
16 334907 19 51
16 19020541 20 132
16 27232192 4 15
16 28943926 5 16
16 67286649 9 49
16 86601967 7 8
17 15965113 32 70
17 37188186 26 100
17 38935958 7 37
17 42476351 16 45
17 45892625 7 22
17 45915694 25 78
17 49091614 7 29
17 62542381 8 60
18 66378633 13 28
18 72228193 35 57
19 3834822 5 17
19 8563996 8 31
19 10394179 15 98
19 22836144 20 125
19 38937121 41 62
19 43865617 94 180
19 44590346 17 178
19 53384360 121 78
19 54198493 18 483
19 54395881 16 126
19 55708067 9 170
19 58452346 7 112
19 58944593 3 29
20 2604963 29 105
20 9546762 21 62
20 18414372 18 90
20 22564868 24 74
20 31890858 19 129
20 42196350 19 100
20 42788598 4 22
20 44442035 37 266
20 44681717 33 58
20 53208299 20 100
20 54824725 29 196
21 27840781 10 49
22 22385795 26 52
22 36960645 32 204
