chromosome_index	start_position	end_position	major_cn	minor_cn	total_cn
1	1	936472	1.0	1.0	2.0
1	936473	941694	1.0	1.0	2.0
1	941695	4473516	1.0	1.0	2.0
1	4473517	4476260	1.0	1.0	2.0
1	4476261	16957500	1.0	1.0	2.0
1	16957501	27829315	1.0	1.0	2.0
1	27829316	28043359	2.0	1.0	3.0
1	28043360	108257500	1.0	1.0	2.0
1	108257501	108877788	1.0	1.0	2.0
1	108877789	121499999	1.0	1.0	2.0
1	128900000	143731938	2.0	0.0	2.0
1	143731939	169246001	2.0	0.0	2.0
1	169246002	192439926	2.0	0.0	2.0
1	192439927	192460817	2.0	0.0	2.0
1	192460818	247247500	2.0	0.0	2.0
1	247247501	249250620	2.0	0.0	2.0
2	20016	5725348	1.0	1.0	2.0
2	5725349	5726529	1.0	1.0	2.0
2	5726530	7889646	1.0	1.0	2.0
2	7889647	7890675	1.0	1.0	2.0
2	7890676	22851013	1.0	1.0	2.0
2	22851014	22852799	1.0	1.0	2.0
2	22852800	26261014	1.0	1.0	2.0
2	26261015	26263713	1.0	1.0	2.0
2	26263714	90499999	1.0	1.0	2.0
2	90500000	96799999	1.0	1.0	2.0
2	96800000	102214319	1.0	1.0	2.0
2	102214320	102217412	1.0	1.0	2.0
2	102217413	105910199	1.0	1.0	2.0
2	105910200	105913168	1.0	1.0	2.0
2	105913169	107430815	1.0	1.0	2.0
2	107430816	142641792	1.0	1.0	2.0
2	142641793	142715010	1.0	0.0	1.0
2	142715011	161562081	1.0	1.0	2.0
2	161562082	161563636	1.0	1.0	2.0
2	161563637	212140356	1.0	1.0	2.0
2	212140357	212485166	1.0	1.0	2.0
2	212485167	242875369	1.0	1.0	2.0
2	242875370	242951000	1.0	0.0	1.0
3	100074	4976742	1.0	0.0	1.0
3	4976743	4977972	1.0	0.0	1.0
3	4977973	16632976	1.0	0.0	1.0
3	16632977	16818496	1.0	1.0	2.0
3	16818497	27392402	1.0	0.0	1.0
3	27392403	27450543	1.0	1.0	2.0
3	27450544	28043657	1.0	0.0	1.0
3	28043658	28101001	1.0	1.0	2.0
3	28101002	29454526	1.0	0.0	1.0
3	29454527	29460880	1.0	0.0	1.0
3	29460881	34845662	1.0	0.0	1.0
3	34845663	34961400	1.0	1.0	2.0
3	34961401	51190963	1.0	0.0	1.0
3	51190964	51353692	1.0	0.0	1.0
3	51353693	51621907	1.0	1.0	2.0
3	51621908	54305795	1.0	0.0	1.0
3	54305796	54329841	1.0	1.0	2.0
3	54329842	54375563	1.0	1.0	2.0
3	54375564	54379840	1.0	0.0	1.0
3	54379841	54454131	1.0	1.0	2.0
3	54454132	71219102	1.0	0.0	1.0
3	71219103	71415018	0.0	0.0	0.0
3	71415019	75425401	1.0	0.0	1.0
3	75425402	75794002	1.0	0.0	1.0
3	75794003	87899999	1.0	0.0	1.0
3	93900000	151905035	3.0	0.0	3.0
3	151905036	151913596	3.0	0.0	3.0
3	151913597	162511801	3.0	0.0	3.0
3	162511802	163322876	3.0	0.0	3.0
3	163322877	163324372	3.0	0.0	3.0
3	163324373	167138079	3.0	0.0	3.0
3	167138080	168117385	5.0	0.0	5.0
3	168117386	168150654	4.0	0.0	4.0
3	168150655	174901011	5.0	0.0	5.0
3	174901012	174903684	3.0	0.0	3.0
3	174903685	175333534	5.0	0.0	5.0
3	175333535	175374637	5.0	0.0	5.0
3	175374638	183215159	5.0	0.0	5.0
3	183215160	183215937	5.0	0.0	5.0
3	183215938	194565864	5.0	0.0	5.0
3	194565865	194569860	5.0	0.0	5.0
3	194569861	197853360	5.0	0.0	5.0
4	74473	39350004	1.0	0.0	1.0
4	39350005	48199999	1.0	1.0	2.0
4	48200000	52699999	1.0	1.0	2.0
4	52700000	125520269	1.0	1.0	2.0
4	125520270	125521596	1.0	1.0	2.0
4	125521597	164355388	1.0	1.0	2.0
4	164355389	164684890	1.0	1.0	2.0
4	164684891	182604416	1.0	1.0	2.0
4	182604417	182611148	1.0	1.0	2.0
4	182611149	190822908	1.0	1.0	2.0
5	22500	850202	3.0	1.0	4.0
5	850203	19420666	3.0	1.0	4.0
5	19420667	19421558	3.0	1.0	4.0
5	19421559	46099999	3.0	1.0	4.0
5	50700000	84893507	1.0	1.0	2.0
5	84893508	85042621	1.0	1.0	2.0
5	85042622	101399816	1.0	1.0	2.0
5	101399817	101403019	1.0	1.0	2.0
5	101403020	123550549	1.0	1.0	2.0
5	123550550	123559667	1.0	0.0	1.0
5	123559668	132996781	1.0	1.0	2.0
5	132996782	132997435	1.0	1.0	2.0
5	132997436	171597969	1.0	1.0	2.0
5	171597970	171599784	1.0	1.0	2.0
5	171599785	171602485	1.0	1.0	2.0
5	171602486	171614909	1.0	0.0	1.0
5	171614910	171617405	1.0	1.0	2.0
5	171617406	171618024	1.0	1.0	2.0
5	171618025	177908102	1.0	1.0	2.0
5	177908103	177979310	2.0	1.0	3.0
5	177979311	178036806	3.0	1.0	4.0
5	178036807	180689978	2.0	1.0	3.0
6	39681	203396	1.0	1.0	2.0
6	203397	45262322	1.0	1.0	2.0
6	45262323	45263673	1.0	1.0	2.0
6	45263674	58699999	1.0	1.0	2.0
6	58700000	63299999	1.0	1.0	2.0
6	63300000	133002758	1.0	1.0	2.0
6	133002759	170919735	1.0	1.0	2.0
7	45672	7973427	2.0	1.0	3.0
7	7973428	7990350	2.0	1.0	3.0
7	7990351	11736284	2.0	1.0	3.0
7	11736285	17392499	1.0	1.0	2.0
7	17392500	17629481	2.0	1.0	3.0
7	17629482	40719032	1.0	1.0	2.0
7	40719033	40894282	1.0	0.0	1.0
7	40894283	51507041	1.0	1.0	2.0
7	51507042	51508672	1.0	1.0	2.0
7	51508673	57849940	1.0	1.0	2.0
7	57849941	57852330	1.0	1.0	2.0
7	57852331	61699999	1.0	1.0	2.0
7	61700000	101421826	1.0	1.0	2.0
7	101421827	101592124	1.0	1.0	2.0
7	101592125	101732123	1.0	1.0	2.0
7	101732124	158789994	1.0	0.0	1.0
8	10001	204283	1.0	1.0	2.0
8	204284	3165355	1.0	1.0	2.0
8	3165356	3176034	1.0	1.0	2.0
8	3176035	4658045	1.0	1.0	2.0
8	4658046	4815425	1.0	0.0	1.0
8	4815426	43099999	1.0	1.0	2.0
8	43100000	48711074	1.0	1.0	2.0
8	48711075	48722038	1.0	1.0	2.0
8	48722039	48727227	1.0	1.0	2.0
8	48727228	48728292	1.0	1.0	2.0
8	48728293	73009726	1.0	1.0	2.0
8	73009727	73011563	1.0	1.0	2.0
8	73011564	82330490	1.0	1.0	2.0
8	82330491	82337397	1.0	1.0	2.0
8	82337398	103199923	1.0	1.0	2.0
8	103199924	103434995	2.0	1.0	3.0
8	103434996	104082540	1.0	1.0	2.0
8	104082541	104083863	1.0	1.0	2.0
8	104083864	145708045	1.0	1.0	2.0
9	10001	28659304	1.0	1.0	2.0
9	28659305	47299999	1.0	1.0	2.0
9	47300000	50699999	1.0	1.0	2.0
9	50700000	115301139	1.0	1.0	2.0
9	115301140	115305450	1.0	1.0	2.0
9	115305451	124267756	1.0	1.0	2.0
9	124267757	124269736	1.0	1.0	2.0
9	124269737	125400899	1.0	1.0	2.0
9	125400900	125403737	1.0	1.0	2.0
9	125403738	135167780	1.0	1.0	2.0
9	135167781	135175611	1.0	1.0	2.0
9	135175612	138573529	1.0	1.0	2.0
9	138573530	138580277	1.0	1.0	2.0
9	138580278	138580657	1.0	1.0	2.0
9	138580658	138581314	1.0	1.0	2.0
9	138581315	140273200	1.0	1.0	2.0
9	140273201	141068960	1.0	1.0	2.0
10	94426	37999999	1.0	0.0	1.0
10	38000000	42299999	1.0	0.0	1.0
10	42300000	111307631	1.0	0.0	1.0
10	111307632	111317005	1.0	0.0	1.0
10	111317006	123146492	1.0	0.0	1.0
10	123146493	123146721	1.0	0.0	1.0
10	123146722	135389924	1.0	0.0	1.0
11	20721	196943	1.0	1.0	2.0
11	196944	733686	1.0	1.0	2.0
11	733687	738746	1.0	1.0	2.0
11	738747	12798531	1.0	1.0	2.0
11	12798532	13301225	2.0	1.0	3.0
11	13301226	51599999	1.0	1.0	2.0
11	51600000	55699999	1.0	1.0	2.0
11	55700000	77551923	1.0	1.0	2.0
11	77551924	80658106	2.0	1.0	3.0
11	80658107	85965748	1.0	0.0	1.0
11	85965749	85998787	0.0	0.0	0.0
11	85998788	134452200	1.0	0.0	1.0
12	110107	33299999	1.0	1.0	2.0
12	33300000	38199999	1.0	1.0	2.0
12	38200000	68231213	1.0	1.0	2.0
12	68231214	68232573	1.0	1.0	2.0
12	68232574	80099068	1.0	1.0	2.0
12	80099069	80156023	1.0	1.0	2.0
12	80156024	112295680	1.0	1.0	2.0
12	112295681	112298122	1.0	1.0	2.0
12	112298123	132349400	1.0	1.0	2.0
12	132349401	133851894	1.0	1.0	2.0
13	1	16299999	1.0	1.0	2.0
13	16300000	19499999	1.0	1.0	2.0
13	19500000	29371242	1.0	1.0	2.0
13	29371243	29373442	1.0	1.0	2.0
13	29373443	37918689	1.0	1.0	2.0
13	37918690	93949208	1.0	1.0	2.0
13	93949209	93954499	2.0	1.0	3.0
13	93954500	114142800	2.0	1.0	3.0
13	114142801	115169877	2.0	1.0	3.0
14	1	16099999	1.0	1.0	2.0
14	16100000	19099999	1.0	1.0	2.0
14	19100000	53569690	1.0	1.0	2.0
14	53569691	53569718	1.0	1.0	2.0
14	53569719	58985335	1.0	1.0	2.0
14	58985336	58985365	1.0	1.0	2.0
14	58985366	106368400	1.0	1.0	2.0
15	1	15799999	1.0	0.0	1.0
15	15800000	20699999	1.0	0.0	1.0
15	20700000	22657770	1.0	0.0	1.0
15	22657771	63196621	1.0	0.0	1.0
15	63196622	63200541	3.0	1.0	4.0
15	63200542	63340040	2.0	1.0	3.0
15	63340041	100644137	1.0	1.0	2.0
15	100644138	100646171	1.0	1.0	2.0
15	100646172	102431166	1.0	1.0	2.0
16	44080	145121	1.0	1.0	2.0
16	145122	34599999	1.0	1.0	2.0
16	34600000	38599999	1.0	1.0	2.0
16	38600000	71375593	1.0	1.0	2.0
16	71375594	71377585	1.0	1.0	2.0
16	71377586	82676126	1.0	1.0	2.0
16	82676127	82734024	2.0	1.0	3.0
16	82734025	85200021	1.0	1.0	2.0
16	85200022	85201770	1.0	1.0	2.0
16	85201771	89136238	1.0	1.0	2.0
16	89136239	89137715	1.0	1.0	2.0
16	89137716	90354752	1.0	1.0	2.0
17	39941	22199999	1.0	0.0	1.0
17	25800000	41226111	2.0	0.0	2.0
17	41226112	41229843	2.0	0.0	2.0
17	41229844	78359763	2.0	0.0	2.0
17	78359764	78361144	2.0	0.0	2.0
17	78361145	78774600	2.0	0.0	2.0
17	78774601	81195209	2.0	0.0	2.0
18	27500	155461	1.0	0.0	1.0
18	155462	15357452	1.0	0.0	1.0
18	19000000	38993198	1.0	1.0	2.0
18	38993199	38996870	1.0	1.0	2.0
18	38996871	47394346	1.0	1.0	2.0
18	47394347	76117000	1.0	0.0	1.0
18	76117001	78077247	1.0	0.0	1.0
19	102500	226775	1.0	0.0	1.0
19	226776	1222772	1.0	0.0	1.0
19	1222773	1227215	1.0	0.0	1.0
19	1227216	10243562	1.0	0.0	1.0
19	10243563	24399999	1.0	1.0	2.0
19	24400000	28599999	1.0	1.0	2.0
19	28600000	39105580	1.0	1.0	2.0
19	39105581	39106491	1.0	1.0	2.0
19	39106492	39107039	1.0	1.0	2.0
19	39107040	39107669	1.0	1.0	2.0
19	39107670	47758561	1.0	1.0	2.0
19	47758562	47760722	1.0	1.0	2.0
19	47760723	47762489	1.0	1.0	2.0
19	47762490	47767410	1.0	1.0	2.0
19	47767411	47767793	1.0	1.0	2.0
19	47767794	59128982	1.0	1.0	2.0
20	17500	25599999	1.0	1.0	2.0
20	25600000	29399999	1.0	1.0	2.0
20	29400000	41969610	1.0	1.0	2.0
20	41969611	42177801	1.0	0.0	1.0
20	42177802	62432500	1.0	1.0	2.0
21	10900000	14299999	1.0	0.0	1.0
21	14300000	23320003	1.0	1.0	2.0
21	23320004	40036370	1.0	0.0	1.0
21	40036371	40123942	2.0	1.0	3.0
21	40123943	40249568	3.0	1.0	4.0
21	40249569	40295414	2.0	0.0	2.0
21	40295415	44573591	1.0	0.0	1.0
21	44573592	44624582	1.0	1.0	2.0
21	44624583	46937500	1.0	1.0	2.0
21	46937501	48129894	1.0	1.0	2.0
22	1	12199999	1.0	1.0	2.0
22	12200000	17899999	1.0	1.0	2.0
22	17900000	18483806	1.0	1.0	2.0
22	18483807	18484541	1.0	1.0	2.0
22	18484542	28049809	1.0	1.0	2.0
22	28049810	28050436	1.0	1.0	2.0
22	28050437	29065499	1.0	1.0	2.0
22	29065500	51049436	1.0	1.0	2.0
