chromosome_index position alt_count ref_count
1 26448989 11 27
1 46159681 4 6
2 43452474 5 11
2 108604643 14 35
2 172411349 7 11
2 179478997 6 20
3 16358386 3 8
4 39865035 8 40
4 40440362 6 4
4 86893355 11 13
4 155161799 9 36
5 23527272 9 20
5 179528463 15 3
7 151945363 4 83
8 99961319 6 10
9 95077794 12 13
9 135772703 21 47
11 18195501 14 41
11 20676318 6 16
11 55419087 10 16
11 55798211 5 30
11 71212359 10 9
12 11061465 15 26
12 56532266 7 15
12 57437051 14 29
13 77656125 5 11
14 75470300 12 38
15 20645820 8 16
15 65994128 10 38
16 30393112 12 30
16 90059193 10 7
17 7578212 17 21
17 16721379 3 5
17 74538648 6 27
17 78831617 4 20
19 4538679 4 18
19 10259657 5 7
20 20023016 23 34
20 41100907 9 28
20 44330789 10 80
