chromosome_index position alt_count ref_count
1 1500000 12 49
1 6166831 6 21
1 11288728 8 44
1 13496119 10 30
1 18661436 16 32
1 35226811 7 14
1 36215321 9 9
1 37307352 8 103
1 53543413 36 187
1 55118765 11 66
1 62739175 5 50
1 67142658 4 16
1 71535040 10 40
1 72400883 14 35
1 75072507 28 56
1 84880355 10 21
1 86919102 13 56
1 90180586 5 10
1 92195393 11 71
1 107599901 11 75
1 107691370 11 60
1 111060567 15 80
1 111147447 12 62
1 111862912 8 66
1 114511108 8 64
1 115168389 7 60
1 117131613 6 91
1 120438670 16 35
1 145415733 32 219
1 145538996 6 78
1 152281399 148 1715
1 152281400 146 1709
1 152281833 72 1555
1 152282086 77 1238
1 152282096 70 1226
1 152732729 30 286
1 152732846 31 188
1 152748887 17 207
1 152770554 20 351
1 152800040 20 301
1 153314169 38 255
1 154247908 33 242
1 155904167 6 29
1 157068986 11 106
1 158369176 4 34
1 160722020 9 20
1 161163935 122 94
1 165370478 12 71
1 166927063 26 61
1 179013040 16 36
1 181058756 4 25
1 181479635 5 30
1 192548325 17 36
1 197069855 4 36
1 198682201 3 37
1 203188947 12 45
1 203316864 60 138
1 204438804 14 55
1 205042912 5 28
1 206821128 16 88
1 207286463 12 46
1 207307858 6 67
1 213146093 7 53
1 220835231 4 27
1 228602389 29 94
1 229588299 7 48
1 232601163 17 39
1 232649718 22 149
1 237947837 7 27
1 243327842 7 24
1 245704133 26 98
1 245704134 26 99
1 247921569 9 14
1 248039253 10 56
1 248039254 10 58
1 248128778 20 108
1 248308685 81 273
1 248308686 84 274
1 248366611 104 281
1 248402304 19 75
1 248636963 28 92
1 248845238 4 38
2 10101349 6 84
2 15432722 9 41
2 16082270 4 72
2 47184002 32 84
2 50850540 22 42
2 69397403 15 50
2 69397404 14 50
2 71192252 24 86
2 74808872 31 84
2 75113474 15 42
2 76975878 32 161
2 80529316 8 21
2 88874587 39 88
2 89035241 59 120
2 89292352 38 132
2 89568218 9 63
2 89901369 5 11
2 90229117 32 153
2 96932194 4 12
2 98834364 8 17
2 105858930 8 38
2 107041350 18 83
2 128389184 3 44
2 128754025 22 43
2 133541659 22 43
2 141571230 8 19
2 141819627 6 46
2 152739886 15 56
2 169801180 10 59
2 173825957 17 44
2 176981722 23 51
2 189599587 22 67
2 209200839 20 40
2 211441075 12 52
2 212426697 6 72
2 220354220 22 71
2 223168736 13 31
2 233431561 6 24
2 234669220 32 71
2 242097241 6 28
2 242594717 4 14
2 242683209 7 5
3 440826 17 31
3 447382 12 18
3 7348224 11 78
3 7348225 11 77
3 8671361 11 111
3 36899238 22 135
3 47629677 6 30
3 48465346 10 30
3 48604356 7 25
3 48604357 7 24
3 49162352 11 103
3 69026885 3 26
3 87017812 3 41
3 98304296 17 128
3 107435617 21 70
3 115395237 6 48
3 121238866 10 82
3 121341392 20 53
3 121720293 14 33
3 122002829 14 156
3 122478136 18 29
3 122964799 26 62
3 122990393 8 41
3 122990394 8 40
3 123005630 9 57
3 125271202 4 21
3 127820453 54 127
3 128181651 11 75
3 128622927 5 39
3 147128116 11 31
3 164760960 4 20
3 165503969 3 22
3 184081331 5 42
3 189711925 3 35
4 53283 11 155
4 419564 3 10
4 6474013 40 41
4 38830217 3 18
4 44450244 6 21
4 46305546 12 26
4 52861939 12 130
4 52883431 12 65
4 55955876 21 82
4 57215456 7 39
4 68699015 34 119
4 71232458 20 112
4 71232460 22 113
4 71255480 26 103
4 73942003 4 13
4 74351680 5 42
4 74853242 13 31
4 79371405 12 55
4 89352418 14 57
4 101946897 4 8
4 109667553 4 16
4 114195618 9 64
4 114239702 4 11
4 119953027 10 58
4 140282926 8 19
4 151850104 10 52
4 155157460 6 46
4 157693995 4 29
4 169632829 6 37
4 173269745 9 50
4 175416775 9 19
4 188924072 11 80
5 1232368 14 18
5 1243730 27 131
5 1280366 17 159
5 9119136 11 36
5 31799685 49 79
5 33649788 48 54
5 35965989 13 13
5 39110456 6 17
5 40959645 6 16
5 43298925 57 73
5 45645631 11 33
5 45695936 28 28
5 50679412 5 21
5 55202103 14 32
5 82948630 6 20
5 121488214 9 35
5 127614382 24 61
5 128365338 7 9
5 129037267 15 48
5 129040072 22 47
5 131923330 4 24
5 137593516 23 42
5 140563269 21 57
5 140798842 22 76
5 149216066 31 70
5 149754297 11 29
5 151049293 9 53
5 158743766 21 45
5 161324432 6 47
5 167643911 15 54
5 169267845 5 13
5 178552142 46 104
6 4996558 10 109
6 5109625 22 91
6 5369389 10 81
6 6145775 11 26
6 15452269 19 51
6 25917221 10 33
6 26252270 23 55
6 26393421 3 28
6 26451940 6 47
6 27222774 61 155
6 27776021 19 134
6 29430475 10 31
6 32133937 15 53
6 39693053 97 241
6 40400468 15 64
6 42987063 66 164
6 46801245 14 145
6 47650028 12 76
6 47678552 12 46
6 47682590 44 166
6 47847372 10 36
6 49587008 8 53
6 49754205 26 115
6 55223807 42 60
6 55378832 6 27
6 56468749 4 14
6 69640475 9 18
6 71010021 21 39
6 74073515 7 80
6 75823384 10 29
6 89910980 23 39
6 89967559 8 17
6 89978866 26 74
6 96651252 17 47
6 102516280 12 29
6 110301342 44 111
6 112462696 3 22
6 129674435 11 82
6 135360766 18 67
6 146276454 16 67
6 151239763 18 47
6 152129212 11 17
6 154360788 19 42
6 157150382 15 60
6 160106029 4 42
7 892570 7 65
7 11675828 41 70
7 17379124 9 83
7 37780442 34 135
7 37780443 33 137
7 44149840 8 102
7 45753346 47 82
7 48431657 12 99
7 50444305 14 77
7 73731974 19 143
7 81593628 14 24
7 86556212 5 40
7 94048850 14 49
7 100457640 43 137
7 106508151 25 61
7 107834760 5 48
7 113518416 12 35
7 126079092 3 23
7 128478095 4 72
7 131128298 11 24
7 131888128 22 57
7 133749104 20 42
7 135419058 26 55
7 138252366 7 63
7 141765394 10 49
7 142566455 15 44
7 143036376 17 158
7 143175275 6 72
7 146829375 19 53
7 149531022 6 10
7 150174514 16 47
7 150417699 13 22
7 151962236 16 233
8 20107146 9 14
8 37686427 20 91
8 37687014 7 62
8 37687024 9 64
8 39624695 16 76
8 41585468 19 96
8 41791426 21 158
8 48848447 3 34
8 52384755 25 59
8 53071530 44 195
8 53074101 14 53
8 53555067 21 54
8 54163421 12 58
8 54684616 13 47
8 65494171 6 32
8 67998346 10 29
8 68396992 15 22
8 73480547 9 60
8 73848448 39 87
8 87076716 37 104
8 94930028 7 20
8 102213836 22 63
8 104922393 13 68
8 113504735 16 41
8 113562993 3 38
8 113702249 20 48
8 125115446 22 125
8 126049485 9 22
8 128429005 4 21
8 132052202 8 16
8 139158277 8 41
9 5300202 6 47
9 8341205 28 71
9 13247787 37 225
9 16436720 28 96
9 17340936 7 27
9 17340937 7 26
9 18941822 17 56
9 19102711 4 17
9 26999679 3 12
9 27948772 17 51
9 32635031 21 49
9 33030644 6 15
9 35751270 66 173
9 38395801 14 156
9 69112869 14 46
9 72131967 3 12
9 73424926 22 54
9 78973812 9 37
9 100963925 20 44
9 100963926 20 44
9 101829290 13 52
9 101830877 9 29
9 110248040 9 144
9 111625524 22 47
9 117386678 3 8
9 125152497 11 28
9 125486611 33 94
9 126125255 28 52
9 127982955 14 34
9 133553951 13 65
9 135698627 35 124
9 139103180 10 44
9 140449977 6 81
10 1088655 12 87
10 5956210 16 49
10 5978452 16 89
10 16918960 26 85
10 24783426 6 41
10 24884657 3 32
10 26513546 8 29
10 27512357 19 26
10 55566664 45 78
10 55566665 48 79
10 55755349 9 9
10 60037063 5 17
10 81317071 77 113
10 81929007 6 12
10 85973030 47 93
10 89120742 13 31
10 89536108 15 54
10 92508918 24 33
10 93256105 7 17
10 103988198 13 25
10 123274745 33 48
10 124358347 64 378
10 125769613 13 38
10 128974598 58 128
11 1266117 6 27
11 1298461 12 45
11 4470980 13 80
11 4566752 9 61
11 5968663 15 79
11 14808074 16 65
11 22380974 3 20
11 33564431 12 58
11 40137255 9 31
11 45992814 11 65
11 46455144 7 27
11 46455146 7 27
11 55322807 7 49
11 55406028 31 69
11 55432657 7 50
11 55890462 15 123
11 55890463 15 120
11 55999725 17 76
11 57798764 17 72
11 57971640 4 36
11 57982355 14 86
11 58126223 5 48
11 58170448 20 57
11 58207595 21 40
11 58979278 10 81
11 59131997 9 54
11 59861479 5 22
11 59861480 5 22
11 60048189 5 46
11 60048190 4 46
11 60183160 11 53
11 61111447 12 82
11 61120465 7 60
11 64757170 24 54
11 66258843 33 44
11 66323691 15 141
11 66327771 4 22
11 66328128 14 124
11 66328139 12 128
11 67018026 14 40
11 69063637 34 66
11 101342867 10 32
11 117389430 4 35
11 117860281 22 45
11 117860282 23 45
11 124766467 23 67
11 124793266 17 67
12 10215663 3 41
12 20854252 8 20
12 21919023 16 42
12 49447317 3 8
12 50452666 32 51
12 52788815 35 65
12 54910681 14 36
12 62931012 9 25
12 85277545 8 25
12 85460559 3 8
12 101880389 14 43
12 106734657 6 31
12 123099538 3 10
13 25823505 14 29
13 36049334 42 52
13 38156502 23 28
13 53418798 30 76
13 53603101 46 112
13 84453978 13 28
13 84454113 13 54
13 111088631 67 57
14 20216021 15 69
14 20692418 8 25
14 22133496 21 164
14 22356393 6 27
14 23792683 15 32
14 23859615 14 20
14 23868030 24 64
14 50802858 3 16
14 52194666 6 43
14 52471326 4 16
14 59112945 7 113
14 71502789 26 46
14 106235793 73 190
14 106926209 8 148
15 22382918 32 87
15 42028612 10 35
15 50264945 3 20
15 50264946 3 20
15 52849298 19 40
15 54306499 10 28
15 65347491 3 18
15 74486213 17 119
15 74703654 3 17
15 75309085 20 55
15 79090406 29 54
15 85400512 7 24
15 100672287 7 24
15 102291824 12 65
16 1573549 5 45
16 2880741 27 115
16 20360436 8 21
16 20448669 5 62
16 20748201 5 30
16 22926438 24 140
16 24919375 15 178
16 25239902 4 11
16 31072428 14 71
16 66436602 4 19
16 84270899 5 53
16 87744895 6 42
16 88947753 3 19
17 2593934 14 10
17 3195021 21 54
17 3919740 21 51
17 4994981 4 34
17 7578475 30 68
17 8167822 19 89
17 10348296 9 116
17 10369894 43 82
17 11572536 29 54
17 16612307 5 23
17 21319828 8 84
17 26982419 57 105
17 28575975 11 58
17 28575986 7 67
17 29670153 6 18
17 32483142 53 134
17 32597352 14 61
17 33513459 23 50
17 36499155 11 110
17 37667793 7 33
17 39182937 30 64
17 42255693 6 32
17 46804115 3 37
17 51901244 25 51
17 57651101 4 15
17 67031405 6 25
17 79073865 8 42
17 79479155 50 121
17 80407049 3 5
18 13645410 36 108
18 31324530 5 14
18 33048704 19 80
18 43523984 6 23
18 43842951 5 37
18 44560774 53 197
18 47107849 8 61
18 47753828 19 54
18 50432614 9 49
18 59763127 4 7
18 59854909 13 66
18 63548148 6 29
18 74620439 21 109
19 5455880 55 83
19 6697805 5 17
19 8429487 3 11
19 8651345 17 17
19 9047616 33 55
19 9048755 33 56
19 9072391 12 23
19 12542629 21 27
19 15132729 24 19
19 18252756 8 11
19 23869938 19 31
19 31768133 18 104
19 31768498 28 51
19 31768499 27 51
19 35786760 11 240
19 36224535 5 4
19 37203335 3 26
19 38104045 13 16
19 40540461 9 33
19 41860617 4 65
19 43259170 39 103
19 43259171 41 104
19 43414992 11 192
19 43522990 14 328
19 43708129 11 215
19 44285125 3 10
19 45818846 16 27
19 47941192 7 105
19 48837343 3 5
19 49622383 6 13
19 50193062 29 46
19 50212075 26 96
19 50213977 30 33
19 50804978 15 52
19 53652569 22 81
19 53793948 6 9
19 54314259 43 81
19 54327485 5 18
19 55284965 60 120
19 55349260 99 73
19 56244148 24 42
19 57286535 8 34
19 57335852 25 59
19 57647455 18 38
20 1456789 21 38
20 21687004 9 24
20 21687005 9 23
20 30064536 14 25
20 30686860 47 107
20 33104243 68 156
20 34241753 5 89
20 35509091 26 52
20 36932746 26 65
20 44580851 26 23
20 52644865 42 46
20 57036150 46 60
20 58519859 29 38
20 62203652 8 3
21 11049563 10 161
21 11097565 5 76
21 19685284 16 59
21 31538715 21 70
21 31654650 10 63
21 31654781 25 93
21 31691807 25 231
21 31691808 25 232
21 31709808 19 80
21 32185425 20 98
21 40250739 22 78
21 43803252 5 48
21 45833862 62 382
21 45999654 20 80
22 30409368 27 46
22 32506128 8 33
22 32843292 11 33
22 39884247 41 112
22 51018794 29 89
