chromosome_index position alt_count ref_count
1 17331929 30 137
1 31208055 11 72
1 32741654 104 36
1 32741655 104 36
1 45469577 46 120
1 103478004 135 50
1 145359172 17 44
1 177934193 76 27
1 196946711 15 103
1 203097959 33 10
1 237850763 10 68
1 243437866 19 112
1 248813752 86 67
2 27741789 20 38
2 32289161 10 17
2 33585803 38 84
2 37349804 53 43
2 39222434 66 60
2 50463974 60 78
2 56144961 32 39
2 96798324 95 99
2 105886085 30 47
2 130832599 211 201
2 136579639 15 53
2 137988760 46 95
2 179463972 46 54
2 179665290 48 75
2 192273885 43 46
2 204732726 34 45
2 205829899 14 52
2 209141531 58 56
2 216946462 42 34
2 220500114 102 117
2 234638229 32 175
2 239054430 98 204
3 11303588 20 31
3 27346421 20 32
3 46784019 50 63
3 55717878 25 57
3 69167886 40 83
3 132378583 30 35
3 154146874 16 12
3 197562626 28 50
4 38798659 63 47
4 140187811 17 7
4 155505651 80 27
4 169305825 154 161
5 5461287 53 51
5 9066573 44 96
5 14601219 22 27
5 36136503 43 64
5 60188264 32 33
5 141337154 91 87
5 156476055 42 62
5 169230139 52 69
5 172342858 8 9
5 179043937 58 77
5 180630748 5 5
6 16327490 6 72
6 51920438 25 59
6 84799248 18 18
6 121767988 43 46
7 6620253 79 70
7 6777161 21 44
7 30721587 8 37
7 31378831 16 9
7 42949411 71 48
7 62752706 12 18
7 100174773 17 42
7 117351762 19 17
7 122303420 55 34
7 127721412 48 33
7 128133954 79 44
7 139285298 79 73
7 139655333 7 33
8 15397946 7 8
8 27328628 11 78
8 27779611 13 21
8 37693183 16 37
8 53477863 3 18
8 56015754 54 69
8 96167733 5 14
8 103842142 80 36
9 73736204 34 29
9 77567361 5 28
9 115812084 61 44
9 125391806 37 48
9 135117276 5 5
9 139244159 9 32
9 140093451 10 42
10 12858286 18 182
10 46965864 27 54
10 73765630 42 14
10 100021841 10 32
10 103921354 29 10
10 104489489 18 3
10 116061116 23 6
10 127455372 38 13
11 1466647 26 25
11 2189846 10 4
11 6943217 18 24
11 17548323 35 84
11 30410485 17 23
11 36595488 16 54
11 55065682 39 87
11 58660207 14 50
11 60698051 9 27
11 92577730 67 83
11 100922293 28 69
11 103908038 10 34
11 104916052 30 73
11 118376454 26 35
11 124765401 18 20
12 40657644 17 67
12 49089809 22 66
13 28498513 36 6
14 21679444 24 37
14 75016623 30 44
14 75515470 15 38
15 24921322 9 11
15 28518063 10 12
15 28902405 15 49
15 37184488 30 43
15 41763423 13 52
15 43819203 5 39
15 45411339 21 60
15 48829964 18 48
15 100269392 52 71
16 87364936 43 11
16 87677929 29 11
16 89986651 56 23
17 7577534 63 16
17 8390877 26 10
17 30616004 77 99
17 40174597 22 21
17 43861914 12 13
17 48149396 65 79
17 56358134 142 62
17 60024306 24 126
17 72916210 26 6
17 79988573 42 20
18 50923774 17 49
19 1395360 20 5
19 11096863 23 8
19 22939139 13 16
19 40872522 22 17
19 44116304 61 117
19 44571032 33 54
19 46021343 23 38
19 46543134 34 41
19 52714742 14 24
19 52941617 24 56
20 2463696 9 10
20 3914660 20 25
20 35437004 17 26
20 44403077 10 36
20 47342858 55 62
20 51872915 39 78
20 57288476 48 65
21 28217002 13 39
21 34100328 8 1
21 45553548 24 48
21 47952072 71 44
22 29886676 38 24
22 37964608 25 41
22 46932253 34 29
