chromosome_index position alt_count ref_count
1 11298100 47 99
1 16060357 45 113
1 97250800 20 49
1 152552054 8 21
1 158059547 39 158
1 160104376 60 153
1 181767459 5 24
1 185992215 24 107
1 210412936 56 111
1 223176572 12 136
1 225977098 57 207
1 248616426 52 1042
2 28761221 12 16
2 97884922 7 85
2 149226010 9 109
2 196759699 40 142
2 210680056 11 70
2 233272463 50 198
3 39433444 25 137
3 108363329 13 172
3 113092280 7 69
3 128181964 22 159
3 131208896 10 49
4 66467871 6 30
4 94750441 8 75
5 14358336 50 185
5 79855469 30 90
5 114462308 29 90
5 137780443 23 75
5 140579313 6 50
5 178413890 19 66
6 12294540 104 245
6 38891940 16 25
6 40360440 15 49
6 41470680 59 167
6 56391319 29 69
6 96035165 10 31
7 8125841 3 29
7 39379463 12 52
7 47886599 46 113
7 73731810 3 11
8 27402048 22 91
8 72935110 9 40
8 72935111 9 41
9 38396047 26 57
9 73426150 26 103
9 113137703 23 124
9 114911630 18 81
10 71700763 17 48
10 115987675 7 28
11 1262923 20 69
11 67166225 5 64
11 123483491 27 83
12 41966919 18 97
12 56478884 13 108
12 72021636 10 60
14 24737122 21 115
14 74753419 11 22
14 106691845 13 93
15 31318460 4 28
15 40062634 6 31
15 42059142 12 72
16 4033250 13 25
16 31926823 10 22
16 89180877 16 33
17 79094590 4 22
19 1497287 5 50
19 22156012 4 21
19 33493213 20 133
19 54756260 9 37
19 58198623 21 50
20 23472345 15 93
21 11039096 24 592
22 16279236 36 1058
22 44328955 19 93
