chromosome_index position alt_count ref_count
1 31347253 29 61
1 40211152 17 14
1 40536545 46 74
1 40961061 19 39
1 51767185 6 2
1 52256297 24 31
1 110561173 15 19
1 149897857 3 38
1 152188167 69 1031
1 160305059 12 13
1 197522038 9 13
2 9515054 44 67
2 27373231 98 143
2 54852000 10 46
2 109380509 53 87
2 124783169 16 18
2 141816463 13 16
2 141816476 9 19
2 206640967 69 115
3 50357591 28 55
3 53808687 4 92
3 179076735 26 46
3 179426711 30 38
3 194062198 27 43
4 71064324 6 78
4 72429564 42 73
4 122724130 29 35
4 185719656 5 6
5 70813231 28 38
5 82836395 18 33
5 94727057 38 44
5 140724915 29 144
5 140724920 33 157
5 150444534 43 79
5 167833322 66 91
6 30865203 24 39
6 33365943 14 31
6 43153712 24 38
6 43153713 26 37
6 151117019 43 58
6 168349109 23 27
7 44747234 63 166
7 73932549 3 40
7 149502569 15 67
7 156963038 40 104
8 28991587 17 31
9 72333519 25 35
9 94821490 10 15
9 125330116 22 23
10 6157469 75 93
10 12226925 14 17
10 14896200 12 75
10 61112192 13 23
10 75056667 4 12
10 93999658 8 19
10 98145849 13 47
10 104139057 10 86
11 56237295 4 81
11 56949791 16 25
11 56949792 16 24
11 60975055 17 68
11 66366974 24 27
11 67787234 76 109
11 87908439 19 31
11 114450961 47 77
11 117308640 11 14
12 49334777 93 188
12 49951572 4 79
13 45010883 34 36
14 23451577 3 36
14 64633956 13 34
14 92349359 37 50
15 42462024 31 37
15 48414420 3 5
15 78807316 6 14
15 89865055 5 98
16 67208730 5 28
16 80654830 7 23
16 84228709 21 62
17 7759061 5 8
17 80405459 9 27
19 3192650 10 12
19 12576137 28 47
19 14581037 6 53
19 15303027 9 18
19 36515358 28 37
20 25271238 149 103
20 30897803 79 61
20 35800375 10 8
20 43959164 16 43
20 47628619 55 42
20 58569544 22 47
21 22849618 11 21
22 19423455 21 37
22 20796432 23 37
22 46765598 21 36
22 50926723 15 21
