chromosome_index position alt_count ref_count
1 1564542 5 3
1 3328498 36 87
1 6706039 56 66
1 7724156 31 63
1 21806543 12 20
1 35260778 10 17
1 41092239 14 5
1 52825375 3 8
1 54298164 4 15
1 92946613 13 19
1 109271412 10 33
1 109794328 21 43
1 114309057 10 23
1 144906453 31 107
1 150443610 12 51
1 151262876 13 52
1 155234561 14 27
1 158390237 25 89
1 158549497 22 57
1 158637761 31 76
1 162741839 9 29
1 180163458 44 40
1 183190066 12 37
1 203680140 25 81
1 214820722 16 9
1 228345589 17 17
1 231047280 12 16
1 236157005 14 29
1 240072345 13 88
1 248637589 50 225
2 11770190 7 81
2 11802131 68 61
2 12880542 21 61
2 18757571 16 58
2 21250815 20 80
2 45171770 7 12
2 73677634 57 161
2 89247311 36 119
2 96953698 17 67
2 128932357 23 80
2 141027915 7 44
2 141356374 4 25
2 154335111 4 16
2 166010963 7 68
2 166848165 15 87
2 167089905 10 13
2 170411638 4 27
2 172945099 59 154
2 178386012 37 32
2 179430415 12 166
2 180634389 17 60
2 217234856 3 21
2 222301249 30 55
2 228860405 14 30
2 231077646 60 104
3 48718855 18 9
3 50645297 9 10
3 64139012 24 49
3 74383883 9 48
3 77542474 11 38
3 86115964 13 25
3 97731269 10 39
3 109046852 46 183
3 111603429 13 103
3 123375981 29 85
3 147127956 8 72
3 159995162 26 81
3 170150556 21 69
3 179462842 50 23
3 189584565 30 63
3 191888291 49 202
3 196242124 15 75
4 3319253 24 65
4 39910138 8 58
4 73984530 11 118
4 83784523 12 26
4 126336957 12 26
4 155665763 9 16
4 166385547 7 13
4 174450016 46 76
5 1466949 56 27
5 2748955 16 5
5 43298855 34 107
5 79025857 16 37
5 111504783 21 50
5 115783307 38 87
5 118580164 7 34
5 127522312 19 46
5 132763301 9 17
5 133309533 22 54
5 137278591 27 23
5 140183159 38 31
5 140256490 113 121
5 140581715 4 35
5 140802438 92 287
5 140812049 21 338
5 176827586 5 28
5 179297278 84 90
6 26199793 17 81
6 26392925 9 55
6 29591187 15 53
6 30878477 19 24
6 30886684 12 60
6 34101106 12 55
6 36104269 12 35
6 41185583 7 51
6 43322584 18 61
6 76527222 18 44
6 79711671 14 35
6 85446530 29 50
6 87725488 50 47
6 125233331 7 14
6 129513974 17 29
6 131190857 88 235
6 133846173 21 81
6 152671429 20 66
6 153019200 5 19
6 170597377 16 36
7 15405188 10 22
7 20793081 18 27
7 55493072 32 72
7 62809630 6 9
7 63726408 10 31
7 70231287 16 45
7 70254894 13 51
7 87069090 19 71
7 99377613 15 316
7 99565777 423 531
7 100086295 30 102
7 101844897 58 182
7 107350529 24 5
7 138453530 11 31
7 143657472 21 50
7 148851197 45 37
7 149486358 14 44
7 150036113 42 102
8 2964055 4 12
8 2976048 17 27
8 3087592 16 11
8 12990529 6 12
8 28608390 6 69
8 30038094 6 60
8 33369638 12 123
8 57358261 6 18
8 59410926 9 86
8 67988734 12 41
8 75157411 10 47
8 134232990 14 109
8 143694717 73 33
8 143958607 28 32
8 143999227 101 205
8 144659548 7 25
8 144809784 3 27
9 8518099 27 33
9 94808310 22 12
9 131329031 54 67
10 26500926 17 7
10 30318557 15 176
10 51769587 17 55
10 60546751 14 38
10 72179853 17 55
10 72360440 23 19
10 79552106 9 37
10 81146114 12 37
10 99511150 18 96
10 102709894 40 73
10 103563707 24 112
10 104173948 25 93
10 118427830 59 162
10 133754196 4 33
10 135126151 15 60
11 3380347 9 19
11 6432422 70 83
11 8009011 18 38
11 20177850 52 78
11 22380965 7 23
11 44286723 5 16
11 45949133 33 87
11 46701257 23 49
11 56113601 20 29
11 56344314 57 115
11 65810589 19 55
11 73679403 16 21
11 88258490 76 220
12 2994694 15 25
12 4737889 12 32
12 8328533 22 38
12 40629471 10 35
12 40761458 10 18
12 49948186 12 138
12 52695751 9 134
12 52844237 65 180
12 53647497 7 73
12 56481648 42 109
12 64202655 29 97
12 83358805 14 35
12 109182208 11 42
12 112374526 26 72
12 112587666 19 45
12 117710313 37 34
12 117715775 22 86
12 120599753 16 78
12 132611322 3 10
13 37583695 7 14
13 53262031 3 7
13 58209157 10 23
13 61988055 11 15
13 66878699 4 11
13 101910814 10 33
14 20923813 12 36
14 24884516 17 62
14 29237317 53 16
14 39818141 8 91
14 79270092 13 42
14 94152946 16 31
14 100363543 57 12
14 105406981 6 42
15 40398015 98 28
15 63880451 8 11
15 65489691 14 33
15 66190400 10 24
15 72543197 9 7
15 86225395 20 23
15 91543197 42 126
15 101569258 70 25
16 539001 15 32
16 824912 6 32
16 1961699 16 54
16 2052336 32 107
16 2495531 27 78
16 4457673 10 23
16 19548520 15 45
16 23200994 10 160
16 23205501 15 54
16 29824366 16 41
16 55360314 23 61
16 55725948 56 50
16 65032498 9 135
16 72120412 9 3
16 85691162 7 14
16 89350272 29 87
16 90094048 29 128
16 90106768 4 16
16 90160865 11 19
17 7462233 10 18
17 9674955 15 2
17 37186428 36 71
17 38252140 9 27
17 39633826 37 99
17 39643639 21 10
17 39776787 16 49
17 40180200 51 41
17 40714969 58 214
17 40714970 59 216
17 40939912 13 70
17 40946850 23 76
17 41116247 13 51
17 43922821 24 76
17 44101420 35 141
17 67519770 30 99
17 74464954 7 56
17 77926603 18 52
18 50994306 34 39
19 2046617 4 10
19 2807486 12 17
19 9578389 11 26
19 12542781 5 13
19 39008073 49 18
19 39998199 7 7
19 46915929 32 36
19 51631230 12 156
19 52496650 24 71
19 57132800 3 34
19 57743527 13 29
19 58571478 21 22
20 3670819 7 4
20 6033406 3 17
20 8665706 35 134
20 13279607 8 27
20 30919058 16 85
20 35467810 29 109
20 37356767 36 93
20 44640827 42 168
20 47866105 22 147
20 58514447 6 28
20 61341129 22 81
21 22782720 12 34
22 22707475 23 105
22 30857304 27 54
22 37407215 10 21
22 37499393 53 86
22 37769679 6 10
22 38373971 3 28
22 50280130 22 67
22 50506890 35 94
