chromosome_index	start_position	end_position	major_cn	minor_cn	total_cn
1	10001	111019312	1.0	1.0	2.0
1	111019313	121499999	1.0	0.0	1.0
1	128900000	143743970	1.0	1.0	2.0
1	143743971	145392549	1.0	1.0	2.0
1	145392550	149760722	2.0	1.0	3.0
1	149760723	247247500	2.0	1.0	3.0
1	247247501	249250620	2.0	1.0	3.0
2	50814	90499999	1.0	1.0	2.0
2	90500000	96799999	1.0	1.0	2.0
2	96800000	160334604	1.0	1.0	2.0
2	160334605	242852391	1.0	1.0	2.0
2	242852392	242951000	1.0	1.0	2.0
3	100074	87899999	1.0	1.0	2.0
3	87900000	93899999	1.0	1.0	2.0
3	93900000	123591922	1.0	1.0	2.0
3	123591923	123592174	1.0	1.0	2.0
3	123592175	198022429	1.0	1.0	2.0
4	27500	48199999	1.0	1.0	2.0
4	48200000	52699999	1.0	1.0	2.0
4	52700000	191154275	1.0	1.0	2.0
5	22501	46099999	1.0	1.0	2.0
5	46100000	50699999	1.0	1.0	2.0
5	50700000	130903916	1.0	1.0	2.0
5	130903917	178113342	1.0	1.0	2.0
5	178113343	178798297	1.0	0.0	1.0
5	178798298	178823559	1.0	1.0	2.0
5	178823560	178824743	1.0	1.0	2.0
5	178824744	179771011	1.0	1.0	2.0
5	179771012	179826209	1.0	1.0	2.0
5	179826210	180689978	1.0	0.0	1.0
6	242501	58699999	1.0	1.0	2.0
6	58700000	63299999	1.0	1.0	2.0
6	63300000	170899934	1.0	1.0	2.0
7	40386	57999999	1.0	1.0	2.0
7	58000000	61699999	1.0	1.0	2.0
7	61700000	89956841	1.0	1.0	2.0
7	89956842	90057934	1.0	1.0	2.0
7	90057935	158817500	1.0	1.0	2.0
8	170012	12671008	1.0	0.0	1.0
8	12671009	12862760	0.0	0.0	0.0
8	12862761	39234357	1.0	0.0	1.0
8	39234358	41650376	1.0	0.0	1.0
8	41650377	43099999	1.0	1.0	2.0
8	43100000	48099999	1.0	1.0	2.0
8	48100000	146364021	1.0	1.0	2.0
9	10001	220320	1.0	0.0	1.0
9	220321	21031944	1.0	0.0	1.0
9	21031945	27096122	0.0	0.0	0.0
9	27096123	34010095	1.0	0.0	1.0
9	34010096	34054178	3.0	1.0	4.0
9	34054179	35594402	2.0	1.0	3.0
9	35594403	36023132	3.0	1.0	4.0
9	36023133	39107499	2.0	1.0	3.0
9	39107500	47299999	1.0	1.0	2.0
9	47300000	50699999	1.0	1.0	2.0
9	50700000	70847728	1.0	1.0	2.0
9	70847729	140267500	1.0	1.0	2.0
10	102500	37999999	1.0	1.0	2.0
10	38000000	42299999	1.0	1.0	2.0
10	42300000	57372996	1.0	1.0	2.0
10	57372997	57424805	1.0	1.0	2.0
10	57424806	99793555	1.0	1.0	2.0
10	99793556	99799495	1.0	0.0	1.0
10	99799496	135389924	1.0	1.0	2.0
11	20721	187499	1.0	1.0	2.0
11	187500	51599999	1.0	1.0	2.0
11	51600000	55699999	1.0	1.0	2.0
11	55700000	134442500	1.0	1.0	2.0
12	110107	33299999	1.0	1.0	2.0
12	33300000	38199999	1.0	1.0	2.0
12	38200000	52678298	1.0	1.0	2.0
12	52678299	52782140	1.0	1.0	2.0
12	52782141	132349400	1.0	1.0	2.0
12	132349401	133851894	1.0	1.0	2.0
13	1	16299999	1.0	1.0	2.0
13	16300000	19499999	1.0	1.0	2.0
13	19500000	32917367	1.0	1.0	2.0
13	32917368	32919245	1.0	1.0	2.0
13	32919246	114142800	1.0	1.0	2.0
13	114142801	115169877	1.0	1.0	2.0
14	1	16099999	1.0	1.0	2.0
14	16100000	19099999	1.0	1.0	2.0
14	19100000	19161395	1.0	1.0	2.0
14	19161396	20475015	1.0	1.0	2.0
14	20475016	24464957	1.0	1.0	2.0
14	24464958	106368400	1.0	1.0	2.0
15	1	15799999	2.0	1.0	3.0
15	15800000	20699999	2.0	1.0	3.0
15	20700000	22587500	2.0	1.0	3.0
15	22587501	28270225	2.0	1.0	3.0
15	28270226	32908772	2.0	1.0	3.0
15	32908773	34747500	1.0	0.0	1.0
15	34747501	41988114	1.0	0.0	1.0
15	41988115	41995529	2.0	0.0	2.0
15	41995530	43430530	2.0	0.0	2.0
15	43430531	45851731	2.0	2.0	4.0
15	45851732	72073737	2.0	0.0	2.0
15	72073738	76515624	3.0	2.0	5.0
15	76515625	87783197	3.0	2.0	5.0
15	87783198	96497499	3.0	2.0	5.0
15	96497500	100338800	3.0	2.0	5.0
15	100338801	102423781	3.0	2.0	5.0
16	85065	34599999	1.0	1.0	2.0
16	34600000	38599999	1.0	1.0	2.0
16	38600000	46447499	1.0	1.0	2.0
16	46447500	88830010	1.0	1.0	2.0
16	88830011	90037752	1.0	1.0	2.0
17	12500	22199999	1.0	0.0	1.0
17	25800000	51890012	1.0	1.0	2.0
17	51890013	76224305	1.0	0.0	1.0
17	76224306	78774600	1.0	0.0	1.0
17	78774601	81195209	1.0	0.0	1.0
18	45205	15399999	1.0	1.0	2.0
18	19000000	31291122	2.0	1.0	3.0
18	31291123	31291362	2.0	1.0	3.0
18	31291363	76117000	1.0	0.0	1.0
18	76117001	78077247	1.0	0.0	1.0
19	102500	260136	1.0	1.0	2.0
19	260137	24399999	1.0	1.0	2.0
19	24400000	28599999	1.0	1.0	2.0
19	28600000	59128982	1.0	1.0	2.0
20	17500	15559988	1.0	0.0	1.0
20	15559989	21830171	1.0	1.0	2.0
20	21830172	22442746	1.0	0.0	1.0
20	22442747	24984361	1.0	1.0	2.0
20	24984362	25122963	2.0	1.0	3.0
20	25122964	25599999	1.0	1.0	2.0
20	29400000	38235818	2.0	1.0	3.0
20	38235819	60376013	2.0	1.0	3.0
20	60376014	60376029	2.0	1.0	3.0
20	60376030	60381803	2.0	1.0	3.0
20	60381804	60382246	2.0	1.0	3.0
20	60382247	60385971	2.0	1.0	3.0
20	60385972	60394428	2.0	1.0	3.0
20	60394429	62432500	2.0	1.0	3.0
21	10900000	14299999	2.0	1.0	3.0
21	14300000	46937500	1.0	1.0	2.0
21	46937501	48129894	1.0	1.0	2.0
22	1	12199999	2.0	1.0	3.0
22	12200000	17899999	2.0	1.0	3.0
22	17900000	18661910	2.0	1.0	3.0
22	18661911	18805228	2.0	1.0	3.0
22	18805229	19855290	1.0	0.0	1.0
22	19855291	20313299	2.0	1.0	3.0
22	20313300	20661601	2.0	1.0	3.0
22	20661602	21465242	2.0	1.0	3.0
22	21465243	21602500	2.0	1.0	3.0
22	21602501	29540959	1.0	0.0	1.0
22	29540960	30128089	3.0	1.0	4.0
22	30128090	30450322	3.0	1.0	4.0
22	30450323	30451422	3.0	1.0	4.0
22	30451423	30906545	8.0	1.0	9.0
22	30906546	30990762	9.0	0.0	9.0
22	30990763	31038728	11.0	0.0	11.0
22	31038729	31040589	5.0	1.0	6.0
22	31040590	49687500	1.0	0.0	1.0
22	49687501	51304565	1.0	0.0	1.0
