chromosome_index position alt_count ref_count
1 3669321 33 26
1 6694739 17 9
1 19549914 94 170
1 32384631 35 44
1 39550081 19 20
1 46085860 4 4
1 54867580 46 64
1 94964399 39 43
1 150198965 46 57
1 153921728 46 47
1 155629952 50 47
1 186034488 4 35
1 186062644 68 66
1 207647168 67 77
1 207669507 11 13
1 208061201 31 27
1 214826232 41 42
1 222902115 23 29
1 237060354 108 128
1 237949319 9 5
1 245018742 105 180
1 247607346 35 32
2 86832395 86 82
2 86992169 39 46
2 86992260 39 39
2 97514175 49 42
2 100199373 48 48
2 105977652 20 19
2 179612753 29 29
2 182413568 25 36
2 197090585 32 22
2 241726723 33 48
3 1424976 94 143
3 77614213 63 73
3 128525358 38 42
3 128780662 13 14
3 151166216 107 112
3 151166508 38 38
4 1803568 20 22
4 3416499 53 182
4 10100690 76 78
4 11401132 47 55
4 77675497 85 118
4 90034853 30 33
4 100510816 17 19
4 122831316 32 58
4 123664339 51 46
4 144361407 47 35
4 169196559 32 28
4 174169341 32 41
4 177143510 31 31
4 187518864 25 29
4 187630570 104 132
5 80422929 26 47
5 132200111 58 65
5 140604577 101 96
5 140750327 131 112
5 140798486 29 27
5 167553852 15 7
5 171471880 54 58
5 171471888 50 58
5 180582343 55 72
5 180625764 16 23
6 17777582 4 31
6 28293802 28 39
6 42848633 42 31
6 46806751 87 97
6 131971180 41 57
6 132029858 23 45
6 132891943 162 160
6 149700620 36 33
7 27140803 50 46
7 47453569 66 91
7 50023061 25 20
7 82785410 31 31
7 92116688 18 10
7 103003152 55 4
7 116849888 4 33
7 138270566 6 67
8 23709043 13 24
8 52321351 12 19
8 56675387 16 27
8 118842578 16 25
8 124253503 9 9
9 4585317 32 65
9 14674276 3 45
9 15468842 20 3
9 71990748 58 4
9 98997817 20 0
9 137623967 65 2
10 23399191 20 22
10 26559631 80 75
10 30987346 3 55
10 32311875 22 32
10 63978015 45 57
10 73053303 34 51
10 85973981 49 40
10 96106204 19 46
10 99664461 57 83
10 103897653 21 26
10 104173719 49 33
11 407866 57 3
11 55905037 98 102
11 92916047 53 58
11 128782060 62 4
12 10772796 125 136
12 20774241 13 20
12 23893927 31 37
12 53454002 8 7
12 56536837 80 89
12 56554613 11 7
12 104476336 22 43
12 110906037 29 25
12 121001667 80 122
12 130185145 41 42
13 39544479 74 94
13 79916956 23 43
13 90883490 16 27
14 23398498 19 19
14 23533388 45 68
14 51259486 36 52
14 76045321 30 44
14 90455360 33 40
14 93650050 50 47
15 22382961 57 263
15 32928484 31 27
15 43939559 39 156
15 44876629 34 43
15 51397222 22 116
15 51397239 20 107
15 51397240 19 105
15 58932978 13 17
15 59139599 36 31
15 63986695 34 33
15 76763592 29 41
16 3025757 33 25
16 3026845 4 4
16 14749055 46 54
16 29706228 43 42
16 57005235 122 148
16 57092020 11 12
16 66603973 80 105
16 67210657 33 40
16 70713737 15 10
16 71798617 6 38
16 72821414 69 91
16 75512780 40 49
16 87446453 32 40
16 89703951 78 67
17 1478943 14 1
17 3649140 53 6
17 4080443 47 1
17 7216947 65 4
17 25749173 13 14
17 28791803 57 81
17 40618453 27 24
17 54450172 62 94
17 60598163 48 121
17 61972839 47 102
17 62796727 32 64
17 65175038 37 65
17 65882426 15 40
17 73892977 5 9
17 80400480 65 108
18 19345737 31 42
18 19345741 35 42
18 22025392 33 52
19 580761 18 40
19 9089752 57 50
19 10668240 23 25
19 10668297 30 50
19 11258787 7 19
19 11460359 3 25
19 12491855 24 42
19 12739532 48 66
19 13059906 6 8
19 20044762 32 11
19 35434903 55 72
19 37129762 15 71
19 38853103 36 55
19 43406468 7 66
19 47423517 82 110
19 49090664 53 70
19 49110158 6 8
19 54678031 61 52
20 9376199 43 46
20 19701741 68 75
20 31017811 23 17
20 43940948 15 24
20 47707519 28 68
20 47707529 26 62
20 47707558 22 48
20 47707561 21 47
21 38600636 30 41
22 18031822 25 31
22 20073687 51 58
22 24717883 49 60
22 24718351 66 73
22 32160960 6 95
