chromosome_index position alt_count ref_count
1 12317073 28 88
1 26310994 4 22
1 26584703 24 70
1 27087558 24 13
1 28857058 4 9
1 29475466 36 32
1 29585261 15 39
1 32741583 10 38
1 43022002 5 28
1 43916112 57 41
1 44437342 18 21
1 47497107 46 139
1 47504396 28 25
1 52385675 15 26
1 53792581 26 77
1 62330175 34 71
1 70486786 27 63
1 76190379 5 14
1 93584938 12 50
1 109268550 43 92
1 110301945 32 112
1 118492707 60 145
1 119456784 18 81
1 144916593 112 798
1 145608482 45 33
1 147410899 45 76
1 152323362 48 140
1 152760055 47 16
1 152760178 29 13
1 153967640 13 41
1 155264089 8 19
1 155717916 30 39
1 156703213 23 70
1 160011440 15 12
1 167096930 13 29
1 169391207 28 66
1 171510168 9 29
1 207700238 17 36
1 227618266 16 21
1 228447433 18 69
1 235973465 44 111
1 240072073 12 7
1 240072230 47 45
2 1921097 16 101
2 9572670 8 50
2 48808101 34 53
2 54114420 30 68
2 73172066 6 9
2 73455601 14 21
2 73717866 43 214
2 74710478 76 75
2 80646695 28 57
2 85982020 18 69
2 96040659 28 33
2 96993457 37 112
2 116535411 20 38
2 160605018 32 52
2 169814519 8 20
2 169814608 14 44
2 179403718 16 38
2 179474518 29 303
2 204276052 58 56
2 204571318 6 8
2 208618330 40 130
2 208618339 43 137
2 208795688 46 34
2 219232343 6 10
2 219920433 7 23
2 220149525 6 11
2 223918025 6 10
2 228175592 19 71
2 228563522 17 71
2 233660833 47 52
2 233897534 13 15
2 234669122 67 34
2 240981281 39 19
2 241468619 20 42
3 14220352 26 13
3 38307727 16 48
3 49932965 28 7
3 49933651 47 11
3 97311455 34 52
3 97887869 13 305
3 101404752 36 94
3 108300287 21 28
3 113377272 92 49
3 138178026 112 88
3 139195266 40 24
3 139195287 40 27
3 151097931 17 54
3 182751863 360 79
3 183643381 23 39
4 1333014 4 14
4 7741955 6 7
4 54310244 9 90
4 89649709 15 32
4 121706237 16 28
4 123843749 5 3
4 155191082 37 27
4 155191083 36 27
4 170988503 4 37
4 185320141 4 38
4 185650190 3 24
5 11565098 7 34
5 16818204 6 23
5 35667227 21 45
5 68487627 25 25
5 90086839 19 30
5 115168301 10 13
5 115838018 26 36
5 123980306 30 26
5 134331986 21 32
5 135272398 43 80
5 140605048 27 36
5 140744048 23 27
5 147506618 7 21
5 147889528 4 6
5 153078545 7 17
5 158710291 22 57
5 160059241 13 13
5 176477855 20 29
5 178634647 26 45
5 179135270 28 55
6 7583745 49 129
6 18122786 145 22
6 31474881 10 26
6 32035481 13 27
6 51875187 31 47
6 54191662 14 124
6 71246060 24 9
6 74210485 7 8
6 90574020 7 9
6 130762434 19 52
6 132030916 21 28
6 132892203 11 22
6 138550950 13 18
6 152690229 18 15
6 159655130 7 13
6 168298958 21 19
7 28858923 19 4
7 31102816 8 10
7 31102867 13 20
7 50514656 31 40
7 65227987 8 24
7 73535372 70 57
7 91694573 23 36
7 92985372 3 39
7 102895314 12 22
7 106508793 25 29
7 111535718 56 127
7 116381038 40 51
7 116411636 25 125
7 133884061 37 112
7 134618346 8 20
7 142988768 60 61
7 150815385 48 46
7 150933584 12 22
8 10466446 3 49
8 22463627 79 150
8 30699835 24 45
8 59404265 55 209
8 90967773 9 76
8 98718938 37 248
8 110376836 4 26
8 110986227 13 32
8 133595958 45 111
8 144946044 34 24
8 145758606 15 101
8 146076538 19 32
9 15486845 19 18
9 34402806 19 7
9 35713028 7 11
9 74971943 26 64
9 95078188 23 49
9 99252378 5 13
9 101216318 18 21
9 112705326 9 11
9 139379184 11 14
10 6553157 18 36
10 13240691 24 29
10 17210866 9 11
10 18905157 31 38
10 38345330 23 22
10 49791066 32 53
10 54527898 46 89
10 81063801 5 12
10 95719701 22 29
10 98742495 81 101
10 104174909 13 21
10 118380838 8 7
10 126682440 54 54
11 617419 5 12
11 4411450 46 35
11 4674658 34 70
11 5841757 41 51
11 8158946 69 13
11 20139724 25 29
11 35211541 16 26
11 36440835 23 42
11 47510469 40 63
11 48267376 22 14
11 58919728 25 48
11 66108769 7 18
11 66332255 23 3
11 66332359 43 14
11 67223578 15 20
11 70319378 26 7
11 111746266 56 63
11 111746622 9 21
11 111746689 16 31
11 111746692 18 33
12 7480927 12 2
12 53450858 9 1
12 53451392 160 36
12 57548274 16 14
12 57849543 3 21
12 58002887 34 26
12 85674234 19 11
12 109845639 11 51
12 111168532 20 21
12 112147435 20 46
12 122862358 58 124
12 123071247 11 40
13 39262634 34 9
13 70456512 9 15
13 70549858 20 17
13 92346023 21 63
13 96705586 4 5
13 109859108 14 19
14 22600902 13 27
14 24651013 11 28
14 38679063 17 53
14 42355858 15 28
14 42356669 21 51
14 55424327 4 56
14 81943501 8 25
14 94088427 27 67
14 100995525 11 29
14 104120961 38 35
14 105353177 11 21
15 22990158 42 10
15 28460878 7 21
15 40915746 44 11
15 64706346 25 12
15 65944008 5 17
15 69714344 21 37
15 84700186 32 72
15 89395057 3 7
15 89695026 83 32
15 91424800 18 9
16 3071909 4 11
16 19693574 78 59
16 22285043 17 34
16 31283199 8 35
16 55883609 46 49
16 67942658 13 18
16 68024029 16 27
16 84778274 7 10
16 89349481 14 33
16 89349928 31 60
16 89350177 43 43
16 90076512 6 4
17 649490 58 16
17 4074069 50 6
17 7909777 19 30
17 8439216 55 60
17 15441399 18 18
17 19685274 21 67
17 26864385 12 36
17 29490319 40 29
17 37563648 7 8
17 37824887 4 9
17 43138713 3 16
17 54893150 11 35
17 57937681 32 64
17 62025423 15 19
17 73560667 5 18
17 78362990 36 193
17 79478230 20 90
18 8633290 6 129
18 31599563 17 60
18 42531777 27 50
18 55711843 3 11
18 56587357 8 35
18 67718734 13 39
18 70450929 23 67
18 77733766 48 92
19 291346 5 14
19 1085894 32 38
19 3586821 6 8
19 5616293 10 24
19 8167607 38 27
19 9070991 6 41
19 13189483 5 10
19 14877913 47 42
19 15364547 27 19
19 17758269 22 46
19 21477264 12 41
19 33467501 40 97
19 35801453 11 22
19 37382438 9 71
19 38937378 26 56
19 39106841 19 64
19 46375735 24 79
19 46914452 15 52
19 46914520 9 34
19 46973439 41 96
19 47823943 15 58
19 49686348 15 16
19 50029468 5 5
19 50542429 23 83
19 52725404 4 13
19 57648317 21 40
19 57672085 19 49
19 57888566 19 27
19 58718134 5 9
20 21494067 13 20
20 31369187 9 47
20 31811656 9 44
20 31961946 6 144
20 43056985 16 20
20 44569491 28 80
20 44676662 9 5
20 57768064 20 9
21 36259204 28 14
21 37665828 12 121
21 47571574 75 17
22 32188758 94 16
22 39355623 44 11
22 39355629 41 11
22 41566488 49 40
22 41568620 15 13
22 42415321 65 12
