chromosome_index	start_position	end_position	major_cn	minor_cn	total_cn
1	61735	12831481	2	0	2
1	12834253	16739953	3	0	3
1	16740035	27776715	2	0	2
1	27790584	59883358	3	2	5
1	59885892	249224388	2	1	3
2	12784	830765	3	0	3
2	830844	42597863	3	2	5
2	42598995	43089954	5	1	6
2	43090351	95341550	3	2	5
2	95341700	141646697	4	2	6
2	141647343	141941819	3	0	3
2	141942235	141999127	0	0	0
2	142007540	142290687	3	0	3
2	142291001	208548956	4	2	6
2	208549235	215502500	2	1	3
2	215502580	243089456	2	0	2
3	60345	4886875	2	0	2
3	4886986	5695779	4	0	4
3	5695970	90485962	2	0	2
3	90502862	113012509	3	0	3
3	113013172	157630479	6	0	6
3	157631624	161352920	8	0	8
3	161353644	161496982	4	0	4
3	161497160	166386699	8	0	8
3	166391141	174750160	17	0	17
3	174753119	197896118	15	0	15
4	12281	191027923	2	0	2
5	15532	38561693	6	2	8
5	38563904	40842839	4	2	6
5	40846666	49561228	2	2	4
5	49564628	58115106	2	0	2
5	58115159	58900331	4	0	4
5	58901374	135346242	2	0	2
5	135346374	135453493	3	3	6
5	135453930	178195673	2	2	4
5	178196024	178280271	4	2	6
5	178280334	179648871	2	2	4
5	179648989	180639329	7	2	9
5	180645101	180790320	2	2	4
6	149661	1622846	2	1	3
6	1628902	4155022	3	1	4
6	4155236	8349468	2	1	3
6	8349511	9828377	3	1	4
6	9828858	13203570	2	1	3
6	13205629	14780319	1	1	2
6	14782063	15881551	4	1	5
6	15881958	18530531	5	1	6
6	18533354	21343791	3	1	4
6	21343938	22862034	2	1	3
6	22865275	27086517	3	1	4
6	27090404	28851637	4	1	5
6	28851908	34150258	3	1	4
6	34153311	38817638	4	1	5
6	38818557	41200841	2	1	3
6	41201778	53440185	2	2	4
6	53440956	53645338	2	0	2
6	53655678	56290542	3	2	5
6	56290815	171051005	2	2	4
7	43259	57986591	2	0	2
7	58006218	74859651	2	1	3
7	75034646	82511718	3	2	5
7	82514365	84042460	6	3	9
7	84044903	86381584	8	3	11
7	86382320	125065650	4	3	7
7	125068636	159127004	3	0	3
8	31254	24209617	1	0	1
8	24213152	146298155	2	1	3
9	46587	20710175	2	0	2
9	20710798	23170527	0	0	0
9	23171045	29887126	2	0	2
9	29887201	47217176	4	0	4
9	65616971	100822401	3	0	3
9	100823084	100963445	1	0	1
9	100965472	141091394	3	0	3
10	72759	9030765	2	0	2
10	9031504	26648294	2	2	4
10	26648872	26714907	5	2	7
10	26717107	135506704	2	2	4
11	198572	3103732	2	2	4
11	3104360	3710180	4	1	5
11	3711793	103282765	2	2	4
11	103283203	108604973	5	2	7
11	108607367	134944770	2	0	2
12	150442	20964719	7	2	9
12	20965265	34483140	6	2	8
12	34483600	34854498	7	0	7
12	37857751	42212403	2	1	3
12	42214685	42315431	6	2	8
12	42323509	85929177	2	2	4
12	85932118	86438922	4	2	6
12	86439740	98110043	2	2	4
12	98111204	133778189	2	1	3
13	19026949	55438905	2	0	2
13	55439167	73834535	3	0	3
13	73835198	74386793	5	0	5
13	74386989	115108397	3	0	3
14	19002124	43975155	2	2	4
14	43975208	44202363	2	0	2
14	44202457	93426811	2	2	4
14	93427011	93820706	2	0	2
14	93823435	95299457	2	2	4
14	95300811	95933570	2	0	2
14	95934000	101883877	2	2	4
14	101884282	102329098	6	2	8
14	102329835	102931346	2	2	4
14	102931360	103833881	5	2	7
14	103839998	107285437	2	0	2
15	20016328	26138071	2	1	3
15	26138551	27255663	1	0	1
15	27261647	27643995	3	1	4
15	27644351	102469040	2	1	3
16	60777	10369672	2	0	2
16	10372032	21569202	4	0	4
16	21569433	27166772	4	2	6
16	27171529	27194968	8	2	10
16	27196905	89053045	2	0	2
16	89057561	90287535	3	2	5
17	526	12639067	3	0	3
17	12641332	25270411	2	0	2
17	25270517	30542606	4	0	4
17	30544239	39562141	6	0	6
17	39562472	44394420	2	0	2
17	44401067	80917016	4	0	4
17	80917688	81049726	2	0	2
18	48133	27163645	2	1	3
18	27164288	28949901	3	1	4
18	28950103	59391321	1	1	2
18	59391540	59834369	2	1	3
18	59836008	78015057	1	1	2
19	90910	24275647	2	2	4
19	24279318	36324157	2	1	3
19	36324324	42221607	3	2	5
19	42225060	45928554	2	2	4
19	45929357	59097854	2	0	2
20	61305	15375822	4	1	5
20	15377354	16643206	5	4	9
20	16643372	30824727	4	0	4
20	30826513	48253975	1	1	2
20	48253996	48593579	4	1	5
20	48598523	62956153	1	1	2
21	10736871	48096957	2	1	3
22	16052528	17481196	2	1	3
22	17486333	19643844	4	1	5
22	19647021	34567763	4	2	6
22	34568234	34986467	4	0	4
22	34987538	35140455	7	0	7
22	35140640	35329126	11	0	11
22	35330152	47552567	3	0	3
22	47553037	51234455	2	0	2
