chromosome_index	start_position	end_position	major_cn	minor_cn	total_cn
1	61735	53515994	1	1	2
1	53516383	53805750	2	1	3
1	53808358	56310852	1	1	2
1	56312992	57042684	2	1	3
1	57053424	95496535	1	1	2
1	95505107	95815863	2	1	3
1	95816205	145932468	1	1	2
1	146043724	193624116	2	1	3
1	193625278	194368175	2	0	2
1	194368842	214059876	2	1	3
1	214061268	214301559	6	1	7
1	214305863	249224388	2	1	3
2	12784	2181009	1	0	1
2	2183490	85419806	1	1	2
2	85420124	85759127	2	1	3
2	85759233	141590240	1	1	2
2	141591598	141730330	0	0	0
2	141731261	141778229	1	1	2
2	141778596	141899085	0	0	0
2	141904550	142020647	1	1	2
2	142021792	142122925	0	0	0
2	142125733	165500469	1	1	2
2	165502645	165970405	3	1	4
2	165970612	211259795	1	1	2
2	211262869	211489103	3	1	4
2	211500901	243089456	1	1	2
3	60345	10417789	1	1	2
3	10417929	10617048	3	1	4
3	10617478	32142241	1	1	2
3	32142808	32399323	2	1	3
3	32399859	45587983	1	1	2
3	45589411	45872049	3	1	4
3	45874930	172182242	1	1	2
3	172184387	172561982	2	1	3
3	172562534	174990764	1	1	2
3	174991090	175396647	1	0	1
3	175398931	175477669	2	0	2
3	175481800	175481800	1	0	1
3	175488101	197896118	1	1	2
4	12281	10145828	1	1	2
4	10145890	10361815	2	1	3
4	10361901	69792818	1	1	2
4	69793903	70344692	3	1	4
4	70346057	74320110	1	1	2
4	74325142	78191051	1	0	1
4	78191250	78228894	2	0	2
4	78232810	191027923	1	0	1
5	15532	1006241	2	1	3
5	1011149	1376680	2	2	4
5	1377021	42731575	2	1	3
5	42741596	42943487	3	1	4
5	42944678	114636550	1	1	2
5	114642041	114802355	2	1	3
5	114802501	142788711	1	1	2
5	142789228	143022645	2	1	3
5	143022839	180790320	1	1	2
6	149661	12473996	1	0	1
6	12478426	16052519	1	1	2
6	16056026	17397116	9	1	10
6	17398483	18933419	1	1	2
6	18935714	19583093	11	1	12
6	19587325	19706605	1	0	1
6	19708229	23230058	9	1	10
6	23230721	25324426	1	1	2
6	25331928	25355115	11	4	15
6	25359545	29645634	1	1	2
6	29645989	29783219	2	0	2
6	29785680	29800062	3	1	4
6	29803818	32675470	8	1	9
6	32678973	32712818	3	2	5
6	32713099	32734477	7	0	7
6	32736005	39913920	1	1	2
6	39914591	40765978	2	1	3
6	40766466	70285905	1	1	2
6	70288205	70343215	8	0	8
6	70356363	73395697	1	1	2
6	73397380	123135861	1	0	1
6	123136383	123770503	1	1	2
6	123770770	171051005	1	0	1
7	43259	89651070	1	1	2
7	89651792	89943820	2	1	3
7	89947235	151595628	1	1	2
7	151596824	151673133	2	1	3
7	151677501	159127004	1	1	2
8	31254	3265230	1	0	1
8	3271864	3784187	1	1	2
8	3787060	3856309	1	0	1
8	3861116	4285516	1	1	2
8	4285608	4752792	1	0	1
8	4752877	27155521	1	1	2
8	27156502	27383168	3	1	4
8	27387102	101119137	1	1	2
8	101122397	101122839	2	1	3
8	101126215	101275034	2	0	2
8	101276162	101602235	3	1	4
8	101604669	105239806	1	1	2
8	105240012	105668650	2	1	3
8	105668773	121730364	1	1	2
8	121732659	122145720	2	1	3
8	122146314	146298155	1	1	2
9	46587	30705380	1	1	2
9	30708216	30842732	1	0	1
9	30844940	73375207	1	1	2
9	73378681	73454283	2	1	3
9	73459104	92238244	1	1	2
9	92238610	92332922	2	1	3
9	92332990	109908719	1	1	2
9	109914546	110085233	2	1	3
9	110085255	112512745	1	1	2
9	112514737	112541909	3	2	5
9	112544319	116817812	1	1	2
9	116823991	116915863	3	1	4
9	116919752	133229190	1	1	2
9	133242924	133430141	3	1	4
9	133430399	136951138	1	1	2
9	136951797	137287629	2	1	3
9	137287860	141091394	1	1	2
10	72759	36626633	1	1	2
10	36629308	37125652	1	0	1
10	37127640	134986850	1	1	2
10	134987060	135506704	2	1	3
11	198572	82938893	1	1	2
11	82939751	83249768	4	1	5
11	83251692	111168200	1	1	2
11	111171646	111369132	2	1	3
11	111370415	118873987	1	1	2
11	118874819	119256944	2	1	3
11	119257697	121187787	1	1	2
11	121194602	121539480	2	1	3
11	121540642	134944770	1	1	2
12	150442	7028394	1	1	2
12	7029866	7288432	3	1	4
12	7290200	27210413	1	1	2
12	27210687	27445936	2	1	3
12	27451600	54811708	1	1	2
12	54816228	120001334	4	1	5
12	120010863	133778189	3	1	4
13	19026949	46057155	1	1	2
13	46066217	50151926	1	0	1
13	50152257	115108397	1	1	2
14	19002124	31555583	1	1	2
14	31556010	31901107	2	1	3
14	31901354	50387037	1	1	2
14	50387893	50610462	2	1	3
14	50610731	96068396	1	1	2
14	96069722	96141149	2	1	3
14	96141240	107285437	1	1	2
15	20016328	22521213	2	1	3
15	22522798	102469040	1	1	2
16	60777	13953667	1	1	2
16	13955091	14338126	2	1	3
16	14338428	48563887	1	1	2
16	48564053	48895145	2	1	3
16	48895425	70833949	1	1	2
16	70836370	71218594	2	1	3
16	71219472	87610218	1	1	2
16	87612032	90287535	1	0	1
17	526	17450135	1	0	1
17	17452325	29671387	2	1	3
17	29682462	30005419	4	1	5
17	30014196	38711222	2	1	3
17	38712403	38796945	5	1	6
17	38797242	43759719	2	1	3
17	43762255	44086146	5	1	6
17	44086179	48909708	2	1	3
17	48916052	49363547	4	1	5
17	49363737	81049726	2	1	3
18	48133	78015057	1	1	2
19	90910	9052236	1	1	2
19	9056240	9086819	3	2	5
19	9088330	59097854	1	1	2
20	61305	48903516	1	1	2
20	48904114	49206144	2	1	3
20	49210156	62956153	1	1	2
21	10736871	48096957	1	1	2
22	16052528	17529583	1	1	2
22	17529814	40990271	1	0	1
22	40996367	41124486	3	0	3
22	41124909	51234455	1	0	1
