chromosome_index position alt_count ref_count
1 10356718 23 51
1 10713735 4 40
1 12009852 59 133
1 16374913 13 62
1 22140976 6 53
1 22336335 13 68
1 29189291 18 70
1 37267376 3 7
1 38444702 23 80
1 41094541 40 148
1 45811014 28 65
1 46726537 10 74
1 57499216 18 35
1 65268710 9 240
1 76190436 21 70
1 85736425 36 174
1 94037318 22 196
1 114253074 10 60
1 116311116 18 54
1 117568308 22 132
1 120496275 85 210
1 150484191 21 55
1 151501959 13 43
1 155737282 24 84
1 157666055 61 210
1 159899165 28 103
1 160162646 80 281
1 160263006 40 159
1 160769604 28 105
1 162769578 21 102
1 163131754 33 80
1 169510691 124 364
1 169670745 6 18
1 175066773 26 87
1 181741227 27 98
1 196309532 33 197
1 207753635 66 266
1 216498712 61 138
1 228433167 5 108
1 228459752 25 71
1 235345338 58 155
1 247752149 69 220
2 672808 18 46
2 1488494 9 71
2 48050387 8 58
2 71883377 123 478
2 71887721 36 126
2 90060781 12 20
2 90260245 27 217
2 99725408 30 74
2 108477252 25 238
2 133541863 59 117
2 138400060 9 217
2 160737596 47 121
2 169684929 13 91
2 174130924 17 46
2 179429287 4 29
2 179454896 42 145
2 183622424 21 65
2 190316528 19 150
2 202136259 35 110
2 202590144 56 403
2 202590163 44 320
2 202687559 69 191
2 207172828 24 153
2 210558655 20 127
2 220134935 5 6
2 220435865 8 8
2 234627963 73 225
2 238274382 17 104
2 238287433 12 34
3 39166888 6 93
3 46009295 7 186
3 73434005 11 44
3 96706678 15 353
3 97598592 12 49
3 98073311 16 72
3 102195878 57 187
3 114070511 3 68
3 121158849 79 157
3 127318242 68 262
3 128603580 34 224
3 128758631 16 121
3 128758632 17 124
3 129238493 72 101
3 129389291 46 158
3 142503821 22 64
3 151154525 70 304
3 155629014 13 59
3 185823424 39 159
3 186256549 27 144
3 193125168 11 98
4 2172908 11 73
4 2306526 18 98
4 3424172 6 41
4 16010677 11 32
4 24550530 21 91
4 25005880 40 188
4 47563041 48 155
4 54249967 22 40
4 77692006 18 176
4 102942719 23 79
4 110447539 10 83
4 152609907 33 93
4 157689088 29 216
4 186180069 44 184
4 187524450 15 33
5 9154718 45 153
5 65465975 19 45
5 75866424 40 87
5 79446728 57 93
5 112389605 47 102
5 118877718 8 15
5 135398968 8 13
5 136448252 18 43
5 138661312 37 76
5 140174616 29 60
5 140208410 31 74
5 156649923 27 89
5 174156674 3 26
5 178293316 40 133
6 394890 104 124
6 11213758 48 76
6 31830606 10 10
6 35261605 26 102
6 43497009 3 43
6 51907772 30 147
6 69349041 32 132
6 79668231 32 99
6 110540577 36 84
6 111665171 4 78
6 116289775 78 329
6 133844288 48 172
6 147123932 4 83
6 154411125 92 397
6 155148320 61 180
6 155153600 137 370
6 155153738 41 140
6 155154570 12 47
6 158535967 114 402
6 165746548 24 168
7 1015201 4 6
7 6048728 11 18
7 7514244 53 153
7 12254639 21 154
7 20403343 6 36
7 21943858 10 50
7 26225377 8 48
7 27868274 20 129
7 28848971 12 74
7 57509975 8 38
7 73653267 16 47
7 73770889 11 61
7 73771612 4 42
7 81386616 8 63
7 82581817 22 32
7 82582789 33 76
7 82582906 16 32
7 92921063 24 101
7 99129222 14 61
7 99129834 83 196
7 100680145 57 391
7 104681348 11 41
7 105192141 36 105
7 139801773 36 191
7 140285495 61 181
7 142099708 23 57
7 142364517 9 47
7 143141241 20 88
7 150027752 7 134
7 150174659 56 142
7 150325083 46 288
7 150720548 8 21
7 150746323 14 50
8 623550 77 198
8 1950787 6 13
8 2813124 14 69
8 8235529 32 57
8 42045042 22 50
8 54142094 3 59
8 55372554 24 83
8 81553578 6 16
8 108276574 23 79
8 109482115 17 84
8 117875482 48 219
8 121463249 46 187
8 144895819 4 78
8 145024580 4 17
8 145638738 8 22
9 6984249 25 49
9 16435559 40 75
9 16436154 26 45
9 35612958 33 79
9 98279109 34 71
9 100887062 9 13
9 112018500 8 160
9 123739105 44 92
9 136216772 22 46
9 138590844 48 101
9 140053153 47 79
10 1034348 3 15
10 4889404 58 78
10 22016839 13 34
10 26463010 15 42
10 64905987 35 78
10 87379773 25 37
10 88917836 7 46
10 94836771 45 88
10 102987169 4 8
10 120803608 11 165
10 125526569 32 64
11 9430181 12 140
11 10517253 8 56
11 35515735 23 136
11 46703669 50 158
11 47826131 63 217
11 48166309 28 76
11 55761748 38 94
11 64645631 3 52
11 65113255 5 59
11 65638122 9 51
11 66638526 9 95
11 67168551 6 44
11 68115319 10 97
11 74546991 53 99
11 75438511 25 61
11 75480155 14 55
11 85374843 75 185
11 85375018 38 113
11 85375032 36 90
11 92534518 27 63
11 102709857 42 104
11 122929368 12 181
12 1995488 17 55
12 22061122 24 93
12 27462050 31 107
12 32735244 5 152
12 33030809 11 40
12 33031345 83 261
12 53086302 24 97
12 56355456 39 249
12 56865554 81 315
12 78573434 38 163
12 81839425 16 66
12 90020270 22 105
12 96374604 49 121
12 111776231 18 70
12 118673462 14 48
12 123019278 16 43
12 130926570 16 63
13 42761258 33 93
13 48528552 61 106
14 23858809 31 54
14 65008982 25 41
14 65252556 13 301
14 92347754 44 79
14 93151479 7 18
14 100847779 48 101
14 103357664 9 23
14 103357689 9 26
15 34647775 24 85
15 42052551 43 134
15 42054412 14 53
15 42054514 19 112
15 42058617 10 46
15 44029024 6 27
15 63541860 8 44
15 75047478 4 24
15 75105195 6 148
15 75197033 13 356
15 77474292 11 66
15 78463777 12 53
15 78526721 127 366
15 89021161 10 86
15 93515585 44 157
16 2087917 6 15
16 2138580 19 21
16 2140015 4 9
16 2732567 7 7
16 25186357 7 15
16 31088893 13 18
16 67912718 83 146
16 70349911 150 250
16 81968079 17 39
17 3788655 9 10
17 3844897 39 47
17 7798361 32 76
17 8079186 40 83
17 15498104 17 49
17 18003938 20 28
17 18024901 4 10
17 18069762 55 127
17 19318168 17 38
17 26091157 11 30
17 26518099 31 143
17 27022543 11 48
17 30692393 42 115
17 36717797 8 25
17 38612855 11 41
17 39021174 47 123
17 40695215 35 118
17 40951022 5 11
17 41142988 13 48
17 42082082 11 20
17 43214096 23 84
17 45387536 22 66
17 45387599 19 46
17 46628467 16 45
17 46805948 6 26
17 46919084 28 54
17 64224235 57 210
17 74158698 10 73
17 74274114 37 106
17 74527116 17 46
17 74562154 10 31
17 76046137 29 110
17 76471500 4 106
17 77808541 29 86
17 78073542 10 48
18 14763746 15 40
18 28934615 42 243
18 29704735 28 122
18 31224921 2 16
18 32843944 20 86
18 42643090 11 74
18 49867125 14 115
18 64172339 63 179
18 77246594 4 21
19 572612 4 5
19 1095360 20 51
19 2078238 14 24
19 3002388 15 67
19 3057731 19 48
19 7163161 103 284
19 10335054 4 69
19 11240197 23 73
19 11474862 7 221
19 11665134 42 112
19 14037666 16 74
19 17039901 7 41
19 17941369 22 48
19 18420490 17 48
19 18572544 22 78
19 20807865 32 137
19 23836490 41 134
19 36205963 13 50
19 36362860 107 279
19 37147371 35 115
19 40900499 8 26
19 40900519 10 31
19 43237001 193 523
19 44159674 27 81
19 47282002 16 62
19 48845850 12 54
19 49377535 21 58
19 49621622 92 354
19 50360333 91 350
19 50862349 23 118
19 55176286 9 45
19 55603892 3 13
19 56669920 16 48
19 57327866 36 121
19 57642957 7 10
19 57646337 62 171
20 2846945 16 61
20 11903528 35 107
20 16385547 4 29
20 24930183 16 66
20 33868521 11 31
20 36149640 5 100
20 52198501 52 111
20 62340164 24 73
20 62575899 3 17
21 31864143 61 380
21 45560138 38 125
22 18301172 9 63
22 19076971 11 81
22 19708129 13 55
22 23655112 9 62
22 28193982 22 150
22 29445348 10 68
22 42205989 13 63
22 42209443 8 33
22 47082995 11 54
22 50439241 5 10
22 50719545 13 31
22 50724601 22 155
