chromosome_index position alt_count ref_count
1 1284484 9 2
1 1289418 50 34
1 3679916 22 13
1 12202462 21 7
1 12378229 31 89
1 12381926 21 42
1 12382622 13 46
1 17265571 17 7
1 19412691 31 17
1 20302216 65 53
1 32130777 73 39
1 33959961 40 23
1 36026222 81 65
1 36807506 37 13
1 41092228 10 6
1 47027147 24 13
1 57537954 32 27
1 60324670 6 14
1 61849027 103 54
1 71477998 19 45
1 75038923 73 34
1 75039126 45 23
1 75622763 44 29
1 91177984 9 3
1 92327037 21 8
1 95614331 37 25
1 101196970 20 18
1 103544278 32 25
1 114453880 45 30
1 144857633 132 387
1 149905396 31 76
1 150804313 21 66
1 151819828 9 42
1 152058979 49 146
1 152193687 42 124
1 152275666 30 105
1 152944616 16 54
1 152944617 16 54
1 153665964 6 45
1 155210446 63 208
1 155747449 76 95
1 156498840 56 71
1 156640182 51 192
1 156640382 69 70
1 156641772 21 93
1 157522155 28 65
1 158326360 5 16
1 158669658 20 23
1 159277713 8 35
1 160803841 29 28
1 160851778 29 113
1 161018299 104 117
1 161205671 21 60
1 162381777 21 70
1 168550404 25 54
1 176845766 13 26
1 176903441 12 54
1 177001859 47 45
1 177199053 27 39
1 178846673 20 39
1 181452923 30 41
1 181764180 23 23
1 182026853 45 52
1 186143744 9 53
1 197097645 32 42
1 205042313 34 61
1 207871171 72 218
1 210948702 4 14
1 215799051 5 15
1 215972267 19 39
1 216380685 17 39
1 216420317 10 42
1 222721267 6 29
1 223990487 43 75
1 226053597 5 25
1 226413217 25 55
1 229478162 6 18
1 229730381 13 98
1 230979618 54 132
1 233114055 6 3
1 236143153 18 40
1 236201530 34 78
1 238049134 17 51
1 240255689 7 7
1 240256638 15 57
1 240371697 7 28
1 240975331 25 51
1 247586622 69 108
1 247654727 47 93
1 248058859 10 18
1 248084532 28 162
1 248402303 75 118
1 248436296 101 194
1 248458341 56 107
1 248685161 40 74
1 248756342 23 45
1 248789723 29 53
2 1926792 37 69
2 15701392 38 122
2 20823688 6 23
2 20871124 13 21
2 21231903 12 42
2 24522942 21 127
2 27156125 19 56
2 27455010 28 63
2 27556629 29 78
2 28814591 28 54
2 29432736 18 43
2 31133917 27 45
2 39075409 11 36
2 40387940 24 59
2 50280690 15 56
2 50699457 6 13
2 50699460 6 13
2 54482213 16 50
2 63101631 36 81
2 74900936 42 114
2 79255031 27 82
2 79313597 30 69
2 79363105 6 14
2 80530107 15 34
2 80835320 16 41
2 85570768 9 33
2 85578966 26 56
2 86067447 15 44
2 86437816 7 28
2 88327754 25 40
2 90121855 61 195
2 96795628 37 84
2 96956500 36 155
2 110301795 20 13
2 114500281 45 44
2 120439433 21 13
2 124783113 19 6
2 124783184 6 69
2 128480604 21 22
2 131487482 27 155
2 131904286 108 142
2 132021759 30 375
2 136519471 11 45
2 141747101 12 37
2 144245002 71 54
2 145161529 72 97
2 145161590 77 79
2 148672860 22 84
2 167262796 103 83
2 170019084 49 48
2 170077068 4 26
2 175427157 10 4
2 177191571 39 42
2 178483510 10 8
2 179425883 19 95
2 179440743 151 127
2 179582915 42 37
2 183050628 19 67
2 188225437 26 28
2 191301058 75 76
2 204281786 61 50
2 204599661 16 121
2 207613751 39 26
2 218712411 18 85
2 219561779 235 197
2 219895922 27 25
2 220379616 15 94
2 231041333 21 58
2 231934803 27 22
2 233392155 63 42
2 233546494 12 10
2 234102540 22 111
2 241622123 45 14
2 241700235 21 17
2 241818165 8 7
3 11389429 26 105
3 12458265 33 33
3 12650800 33 62
3 13395161 37 28
3 19322702 37 23
3 24164618 48 32
3 29476318 31 21
3 36763036 34 28
3 36763037 34 29
3 38592470 11 41
3 38622493 27 20
3 42560740 8 39
3 42754689 27 67
3 46062455 14 4
3 49049783 29 58
3 49052793 6 13
3 49055271 6 29
3 49866574 42 54
3 49866641 30 43
3 49898176 24 84
3 51274978 12 10
3 57232929 70 181
3 57302620 4 7
3 58494711 9 52
3 89259610 132 93
3 89499367 11 11
3 98188956 83 53
3 113285295 58 43
3 114070030 77 46
3 115805215 25 9
3 121345800 8 8
3 128181701 38 23
3 132075635 68 45
3 140277677 6 21
3 151164048 20 112
3 157213276 6 19
3 157817678 52 11
3 160130201 10 4
3 167218013 101 228
3 170078333 99 38
3 170110112 40 74
3 171321085 19 10
3 172835332 27 265
3 187419849 122 162
3 192516836 22 23
3 193360811 3 23
3 194061746 25 2
3 194061747 25 2
4 1018205 52 142
4 8605878 10 18
4 23830212 31 66
4 41016094 26 80
4 47034501 74 122
4 48169819 27 85
4 48584702 19 45
4 62845295 143 96
4 65175609 40 37
4 65175610 39 37
4 66197587 9 4
4 73171755 14 72
4 73957889 21 85
4 76781940 13 26
4 81967765 140 82
4 85416846 58 43
4 85661484 52 29
4 87726463 11 16
4 88732883 28 22
4 90816330 24 25
4 100518330 18 78
4 109810880 19 16
4 115997368 20 54
4 125591647 14 52
4 126373060 52 22
4 126398441 63 38
4 128722948 15 19
4 134071836 17 75
4 134072031 53 31
4 144390297 14 14
4 146463769 15 59
4 162697208 7 4
4 183603067 24 11
4 183714956 23 19
4 184606267 14 27
4 190878567 6 12
5 434632 4 62
5 477530 15 94
5 1212452 53 234
5 1219182 11 84
5 1245999 32 18
5 1422086 67 178
5 2747690 15 116
5 2749643 31 374
5 3599649 30 175
5 3599692 20 154
5 5303853 16 110
5 5457564 13 63
5 5464733 15 54
5 7773174 34 337
5 9044614 67 244
5 9054240 61 131
5 13811776 10 111
5 15928107 23 112
5 15928497 13 120
5 16091087 58 13
5 16668542 8 134
5 21752253 36 147
5 24509715 23 101
5 24535284 42 170
5 26988308 17 110
5 31532426 7 69
5 34028929 18 70
5 35014185 18 145
5 35641643 60 40
5 37048653 5 54
5 38352374 49 363
5 38512038 14 70
5 41061781 38 200
5 41313773 54 58
5 45303720 88 44
5 71740080 50 30
5 75979598 16 10
5 78076396 24 17
5 82373336 5 11
5 86708659 14 14
5 95067822 14 8
5 102490377 8 6
5 112174767 18 18
5 112175364 46 18
5 115338575 9 8
5 118788246 46 32
5 130808405 11 10
5 135283102 24 20
5 136324289 40 20
5 137497802 44 28
5 140167448 99 57
5 140516438 142 90
5 140516728 71 48
5 140531635 80 57
5 140589970 90 65
5 140590200 108 73
5 140603174 23 16
5 140741279 52 22
5 140793178 22 6
5 145502103 11 30
5 146780284 51 29
5 146781122 14 11
5 149206254 47 39
5 150947983 62 51
5 154179525 22 19
5 156907982 6 46
5 158139337 6 18
5 161495008 31 11
5 169174459 11 12
5 169685089 108 71
5 173534487 3 31
5 174869204 34 21
5 176295567 6 3
5 176370372 96 74
5 176915218 38 27
5 177019589 17 11
5 180053196 67 48
6 4052958 7 19
6 6266857 23 55
6 16144081 29 133
6 17601330 9 8
6 17633037 35 48
6 20758835 9 13
6 24403334 37 41
6 26031997 29 85
6 28540716 30 46
6 29231623 47 128
6 30153984 4 5
6 30653695 43 139
6 30691915 65 84
6 32012931 16 90
6 32159165 50 176
6 34004361 18 55
6 34214912 24 107
6 35716549 42 38
6 37614116 3 10
6 38548069 18 63
6 38746233 6 50
6 42152572 142 65
6 42236706 103 66
6 42561937 97 58
6 47763237 28 88
6 49582522 93 67
6 49754977 5 29
6 54254685 57 53
6 54792315 21 28
6 54806408 26 47
6 56535503 7 17
6 56919147 30 36
6 70859767 38 28
6 73023352 12 18
6 75827178 25 62
6 88854435 25 63
6 90382967 34 51
6 96651316 32 58
6 102074278 131 185
6 102376414 27 30
6 106960402 7 5
6 112439022 39 48
6 116442518 20 71
6 116832923 11 133
6 129470160 34 73
6 129511369 24 44
6 130467243 13 45
6 136599075 39 143
6 136599636 57 297
6 137815061 69 100
6 152668194 30 14
6 152949624 3 6
6 161015066 65 47
7 7476025 13 27
7 7622761 18 20
7 8791420 4 7
7 10979642 93 59
7 35242262 8 10
7 39379420 7 2
7 42005090 61 42
7 44098477 16 17
7 44579553 15 19
7 47342884 5 26
7 55874921 27 27
7 76109892 26 17
7 87563826 12 8
7 93536150 17 11
7 94049940 11 5
7 99091842 87 53
7 100466258 31 18
7 100679101 220 138
7 123508412 37 39
7 128502970 16 15
7 128851576 48 27
7 137028281 26 15
7 142168650 15 62
7 142423424 23 56
7 148709025 22 64
7 150754938 4 12
7 151097211 22 10
7 158734681 25 15
8 3045415 8 16
8 3889606 8 28
8 10177392 11 20
8 20110569 29 46
8 22333113 17 45
8 23106757 18 44
8 27660857 20 24
8 27729354 14 21
8 27927068 18 45
8 30889686 26 53
8 30889852 45 101
8 35406952 18 27
8 35583795 19 25
8 36793178 55 69
8 37687390 10 55
8 51571162 8 50
8 52359673 20 152
8 62438643 31 97
8 77767421 19 24
8 77776583 25 78
8 86114436 4 23
8 87242216 15 36
8 87679304 33 33
8 88885555 61 103
8 91094961 32 30
8 92090777 4 12
8 92407414 15 51
8 97311995 50 142
8 99158833 28 72
8 107715304 7 27
8 107782449 9 52
8 110454385 20 30
8 113418791 19 42
8 113871459 13 52
8 123964312 37 119
8 124204147 97 152
8 133036859 4 41
8 133984884 37 120
8 135614721 40 41
8 139149421 37 86
8 143957127 48 56
8 143996490 14 18
9 893983 39 25
9 2717772 18 76
9 6506037 50 18
9 33464892 50 46
9 43627844 103 74
9 71094399 60 44
9 71863027 33 30
9 79955413 33 22
9 104238675 51 29
9 104432734 62 35
9 104499983 9 4
9 107591242 26 16
9 116854137 8 44
9 119625958 35 17
9 125563280 29 57
9 127982956 3 40
9 133730335 44 20
9 134351752 10 10
9 137622312 54 24
9 140970323 12 7
10 7708776 33 18
10 7708935 8 5
10 16970194 31 26
10 21147230 4 16
10 26357812 26 13
10 70516189 10 26
10 71682461 5 9
10 72298649 17 72
10 73559326 36 119
10 75114533 5 17
10 75552552 19 87
10 76990703 10 31
10 77159440 11 11
10 81058316 27 82
10 82363483 9 20
10 88702633 3 12
10 90438201 58 96
10 95335924 39 84
10 95395261 25 37
10 95660993 21 46
10 96540286 51 88
10 98170166 24 35
10 99967980 18 48
10 103870648 31 41
10 103919189 68 70
10 104183901 20 33
10 104241929 40 64
10 104678932 9 18
10 106113540 6 14
10 108412239 26 64
10 108469029 4 28
10 115950746 20 33
10 117486792 11 28
10 118236776 4 6
10 120070350 7 46
10 120936609 18 21
10 120936610 19 22
10 122273442 21 67
10 124907807 9 9
10 132965084 13 19
10 134906624 12 10
10 135237149 8 9
11 212638 8 19
11 1093895 42 76
11 1100993 14 20
11 1217626 36 117
11 2170549 33 75
11 3381449 15 29
11 3707286 13 75
11 4903989 17 59
11 5461917 24 66
11 5602464 29 51
11 5862774 60 112
11 5968957 43 77
11 6281185 4 8
11 6867304 46 122
11 6942918 5 26
11 6953824 13 24
11 8008770 34 63
11 10019821 6 19
11 17428910 33 74
11 17522697 8 12
11 18028149 26 65
11 22397613 39 108
11 27393872 37 78
11 28318426 15 57
11 30255208 26 45
11 30937253 11 17
11 31329214 31 62
11 34104422 7 22
11 35641145 21 47
11 47350770 17 38
11 47470561 4 45
11 51411678 14 38
11 55032460 78 149
11 55418547 28 24
11 55433244 50 75
11 55540950 33 74
11 55579307 56 73
11 55607106 21 45
11 55653315 8 34
11 55703191 3 16
11 55735381 6 19
11 55798308 40 57
11 55890481 20 98
11 56185013 30 71
11 58035302 19 34
11 58602206 6 38
11 59947358 11 32
11 61044097 8 18
11 61295597 20 58
11 61404715 24 30
11 61630533 19 58
11 64135637 46 66
11 64599136 16 23
11 65271209 7 44
11 65273562 9 65
11 65273691 10 55
11 65823021 17 56
11 67164943 5 26
11 71150017 11 63
11 71249243 99 493
11 71249373 90 363
11 71850886 14 23
11 72945769 17 26
11 73748651 50 26
11 74054018 70 37
11 88386483 23 79
11 92087170 15 10
11 93845019 98 96
11 94906381 16 4
11 96098141 12 9
11 102745637 7 7
11 104905107 102 100
11 108535976 23 15
11 116658729 6 2
11 117246440 81 63
11 118948776 73 44
11 123811173 65 41
12 176593 8 65
12 1192546 29 50
12 2690809 5 10
12 4554576 68 125
12 6672266 4 11
12 7024855 12 20
12 7639535 19 45
12 7651466 76 145
12 7651467 78 146
12 7843193 41 104
12 7973858 86 125
12 7981412 42 74
12 9348939 10 38
12 13717474 102 199
12 22215219 11 16
12 29474843 22 41
12 29664978 100 168
12 29911645 16 31
12 30783815 46 64
12 40076444 22 54
12 40076816 19 13
12 40749948 4 27
12 44148448 27 30
12 44338119 35 72
12 51281042 20 41
12 52794403 46 80
12 52840916 19 41
12 52867507 38 60
12 53069373 34 71
12 54968993 84 111
12 55420927 25 119
12 56094137 29 60
12 56234593 66 108
12 58008769 17 37
12 60169063 89 153
12 64587848 32 135
12 68051121 29 30
12 69265575 13 188
12 70760503 13 21
12 71286482 66 104
12 71978115 54 124
12 72388269 7 104
12 77417888 75 87
12 78225426 40 57
12 78400886 20 59
12 78443869 14 19
12 78513016 49 123
12 80658853 107 166
12 81101564 39 85
12 81101869 39 80
12 83526045 26 35
12 85449928 28 38
12 91449755 18 88
12 94543449 3 24
12 98928116 18 152
12 109889350 18 13
12 111078323 28 26
12 111785741 42 210
12 111954043 22 29
12 113531399 15 35
12 116446534 5 81
12 117681140 80 83
12 117768983 10 23
12 120934291 61 116
12 122958140 39 178
12 123900388 132 266
12 124081400 4 13
12 124811959 15 42
12 125438724 12 55
12 132209984 34 70
12 132322700 30 63
13 26927936 13 12
13 28498415 8 16
13 33680966 11 118
13 44455100 12 44
13 46716494 37 37
13 51855120 13 46
13 53216792 8 31
13 53313268 14 28
13 53421533 12 16
13 58207527 21 71
13 58208637 37 146
13 64321238 10 94
13 73317703 8 48
13 75936394 24 16
13 77695587 24 40
13 79177360 14 29
13 84453666 14 43
13 84453667 14 42
13 95050774 18 62
13 101707701 29 119
13 103436859 6 24
13 109779720 8 22
13 111293892 64 214
13 111353784 10 65
14 19553593 83 438
14 20019993 65 564
14 20020044 49 268
14 20248502 22 58
14 20586030 18 57
14 20666414 39 85
14 22102650 9 28
14 23846561 17 33
14 23865568 24 51
14 23866169 19 59
14 24586899 35 90
14 24685148 20 42
14 42373417 13 12
14 44974624 11 29
14 45603672 7 37
14 45644562 5 41
14 45645485 20 29
14 47566196 28 62
14 50760895 17 38
14 52156583 9 31
14 52735243 36 67
14 57099808 8 22
14 60193698 7 18
14 64483236 5 11
14 64548216 17 44
14 68249655 31 63
14 69520495 7 4
14 70515701 12 40
14 71576260 8 31
14 72139292 13 29
14 72200383 25 46
14 72205864 26 53
14 77605711 3 8
14 81209421 27 41
14 81606129 13 46
14 91007809 43 25
14 94160753 4 23
14 96137675 5 17
14 96788934 3 23
14 96794780 19 23
14 105353312 6 58
14 105360686 13 52
14 106725300 36 185
14 107013178 15 43
15 20644305 10 28
15 22368924 85 127
15 25423738 31 45
15 25448411 96 250
15 25465666 86 136
15 27159961 29 49
15 28501138 44 80
15 31358306 67 97
15 32929737 26 47
15 41657667 15 13
15 41961119 68 101
15 42040946 24 52
15 42154041 3 15
15 48056248 28 54
15 49447788 10 48
15 51988091 24 39
15 53997389 7 63
15 54860111 5 7
15 63029075 20 42
15 63547784 18 27
15 66996112 2 8
15 69709797 36 78
15 72810415 8 29
15 72953665 28 247
15 74324920 21 44
15 74368267 40 116
15 74630430 33 62
15 76994195 26 40
15 77348188 25 56
15 78465984 15 78
15 79058484 25 45
15 80423536 24 54
15 81660628 85 152
15 83658778 12 38
15 83776517 10 16
15 83935591 48 99
15 89390529 6 10
15 89400163 109 208
15 90903471 31 48
15 93515119 18 40
15 100594224 74 161
16 422663 25 71
16 840535 5 12
16 3080764 11 13
16 3293590 73 190
16 3778918 13 12
16 3778942 7 12
16 7760775 7 19
16 7760777 8 19
16 9857977 29 74
16 15225120 6 22
16 15695879 39 98
16 19083370 20 81
16 21109957 23 62
16 21663924 32 81
16 25143744 16 41
16 25251106 9 21
16 27509024 8 34
16 27549551 30 81
16 27732964 14 44
16 28518121 18 42
16 28857230 18 46
16 28857418 14 32
16 28883302 19 32
16 28913328 17 48
16 29827971 4 17
16 30621283 5 12
16 30621285 4 11
16 30990548 7 8
16 31382492 21 58
16 32266273 5 12
16 32893903 42 169
16 47581457 11 26
16 49669913 24 21
16 57060669 53 28
16 57503205 13 57
16 67337219 20 33
16 67576305 126 521
16 67576770 90 499
16 71209580 71 29
16 71423873 18 6
16 72166849 70 34
16 76481964 5 46
16 84691178 29 24
16 89940102 18 27
17 1028541 62 65
17 3539418 34 4
17 3992155 37 19
17 5072103 158 38
17 5998516 94 32
17 6515398 131 48
17 6703471 121 41
17 7319154 70 41
17 7577551 66 25
17 7751209 40 8
17 8018969 54 22
17 9631591 9 28
17 10317709 30 7
17 16638040 9 4
17 17053523 132 38
17 17053524 131 36
17 18387216 30 64
17 18967355 13 176
17 19641530 80 55
17 21319673 40 309
17 27905753 96 127
17 27994166 8 41
17 27994190 6 37
17 29095934 21 28
17 31318969 16 22
17 32647389 16 23
17 32964838 26 80
17 33849573 20 27
17 33951559 44 37
17 34431942 10 35
17 37107921 21 44
17 38062138 83 123
17 38711510 8 24
17 39041261 62 61
17 39333842 4 14
17 39521219 13 58
17 41832894 14 28
17 41832895 14 26
17 41847041 20 49
17 42249613 44 47
17 43037484 11 37
17 43045021 20 52
17 45734381 6 37
17 56232889 12 68
17 56385939 18 79
17 58227362 11 18
17 61466858 10 7
17 61877962 55 66
17 65529066 3 14
17 66397555 13 90
17 66928587 31 47
17 67305460 28 27
17 68128383 45 35
17 72926573 104 99
17 73539531 24 97
17 74387492 21 82
17 79881067 8 27
17 79881068 8 26
17 80726366 117 160
18 8819054 43 23
18 22806052 25 13
18 23731871 20 14
18 29110998 19 15
18 44013235 10 12
18 50994282 42 18
18 51013247 65 50
18 55240516 13 43
18 61309119 41 20
18 61326722 35 33
18 70209133 22 13
19 1113632 6 15
19 1468918 4 10
19 1470032 6 10
19 1555342 4 27
19 2185894 215 128
19 2832341 74 46
19 4704055 30 20
19 5843929 17 47
19 7619583 38 19
19 8841555 83 53
19 9000495 38 41
19 9059553 95 57
19 10578383 14 10
19 10599899 14 6
19 12760786 137 79
19 14236936 13 43
19 14710840 22 13
19 15586644 26 23
19 15586645 26 23
19 19932491 33 22
19 21477067 13 14
19 23328939 3 5
19 31025765 76 59
19 35823621 13 102
19 36351918 34 7
19 39105076 52 187
19 40886804 133 37
19 40886805 131 37
19 43372271 157 288
19 43411795 309 96
19 47193862 7 88
19 51363173 41 21
19 51628239 29 18
19 51850280 19 10
19 52618238 45 48
19 54745467 68 88
19 54822948 72 33
19 55666156 7 34
19 56423258 42 25
19 57088752 23 17
19 57335848 49 35
19 57641309 36 30
19 57641310 37 32
19 58018445 31 70
19 58050072 24 22
19 58199705 26 14
19 58489748 45 31
19 58596189 7 2
19 59073507 11 5
19 59073873 22 9
20 2774935 45 46
20 3914811 24 77
20 4162483 43 84
20 4202116 12 46
20 7864200 11 31
20 13463883 14 171
20 20168617 30 89
20 23361951 25 64
20 25187891 35 65
20 30072057 11 9
20 30433385 16 28
20 30556385 13 12
20 34263123 12 24
20 37464706 7 14
20 37464707 7 14
20 39991413 16 54
20 44856239 6 17
20 47273705 14 19
20 49211133 20 101
20 50715084 11 48
20 57769279 10 34
20 60511869 13 41
20 60921767 21 69
20 61542639 7 55
20 62592664 14 68
20 62737739 12 32
20 62839222 20 44
21 10941907 32 106
21 11039070 27 282
21 27269947 11 92
21 35124113 14 22
21 40800330 12 50
21 43767651 36 27
21 46591536 17 14
22 17071853 43 108
22 18028647 6 68
22 19968925 6 8
22 21159449 46 43
22 25598760 16 30
22 31286744 15 25
22 31328732 31 25
22 32829734 6 31
22 33673221 12 27
22 35947895 17 41
22 36624070 21 54
22 37407052 22 59
22 38038532 3 29
22 38327858 25 78
22 39883362 54 118
22 40662323 5 9
22 41973201 6 18
22 42793949 29 33
22 43627882 10 27
22 46760117 18 74
22 47071404 22 103
