chromosome_index position alt_count ref_count
1 150255858 324 387
1 201333434 7 24
2 24245698 4 7
2 69548062 4 9
2 220147876 4 13
3 49161346 4 7
3 121350349 4 14
3 164733754 202 246
3 187897954 10 6
4 55599321 124 152
5 159626052 3 16
5 175782693 3 27
7 12644246 34 39
7 81658495 4 11
9 40702851 87 280
9 40702852 85 273
9 66459809 4 45
10 134997477 4 11
11 11398886 48 53
11 33572721 76 94
14 31495144 4 12
15 70344840 4 18
16 70515997 4 18
19 17367372 3 32
19 40535322 4 15
20 47249154 4 10
22 21398481 4 7
