chromosome_index	start_position	end_position	major_cn	minor_cn	total_cn
1	61735	121482979	1	0	1
1	144007049	249224388	1	1	2
2	12784	243089456	1	1	2
3	60345	41381915	1	1	2
3	41386975	80212300	1	0	1
3	80212425	197896118	1	1	2
4	12281	49658612	1	1	2
4	52685699	191027923	1	0	1
5	15532	180790320	1	1	2
6	149661	171051005	1	1	2
7	43259	159127004	1	1	2
8	31254	146298155	1	1	2
9	46587	47217176	1	0	1
9	65616971	131334829	1	1	2
9	131334842	141091394	2	1	3
10	72759	135506704	1	1	2
11	198572	41899630	2	1	3
11	41903619	134944770	1	1	2
12	150442	133778189	1	1	2
13	19026949	115108397	1	1	2
14	19002124	107285437	1	1	2
15	20016328	102469040	1	1	2
16	60777	48780452	1	1	2
16	48780468	49808684	2	1	3
16	49809563	90287535	1	1	2
17	526	81049726	1	1	2
18	48133	78015057	1	1	2
19	90910	27747993	1	1	2
19	27751675	59097854	1	0	1
20	61305	62956153	1	1	2
21	10736871	48096957	1	1	2
22	16052528	51234455	1	1	2
