chromosome_index position alt_count ref_count
1 45266820 3 28
2 70933503 7 30
2 131688761 8 83
3 58134398 14 84
4 69519900 515 2203
5 73931332 12 243
5 133887748 64 103
5 160071162 98 198
6 30638885 33 96
6 31691691 40 53
6 134350037 223 470
7 5568960 4 36
7 75517309 6 51
7 130025187 25 70
8 121292204 119 286
10 91203557 63 37
11 5264367 89 306
11 32979570 35 327
11 89405125 145 337
11 119148891 11 200
12 51773480 3 32
12 53684722 5 9
12 114352827 17 38
12 122709183 27 62
13 79928657 214 205
14 20344655 22 520
17 4721854 14 135
17 7579312 52 142
17 7579592 41 182
19 12383414 11 29
19 33482770 87 123
19 55665514 8 18
20 33080348 12 345
21 38522375 34 62
21 46320241 11 14
