chromosome_index position alt_count ref_count
1 10221285 36 85
1 12837817 4 17
1 45810415 15 15
1 68697988 3 54
1 147380211 57 58
1 152278815 255 1190
1 160771693 59 63
1 201047093 24 62
1 204129738 30 59
1 206760184 46 190
1 209963984 44 63
1 248458187 55 53
2 15615941 7 74
2 68358402 21 211
2 74710499 33 106
2 152580858 11 25
2 179610717 15 265
2 228476292 11 100
3 9825867 34 40
3 17052411 45 70
3 42602655 64 85
3 48965232 38 86
3 77147196 5 22
3 123036910 4 65
3 172241153 41 88
3 195516064 60 88
4 8233729 41 75
4 15060838 21 161
4 46979123 36 41
4 48490671 82 133
4 52890116 13 110
5 13886073 29 91
5 76012517 10 11
5 140012230 27 44
5 140166089 11 166
5 140263838 11 99
5 167420177 29 41
5 168149967 41 123
6 29455303 30 58
6 31937127 34 43
6 32165183 4 49
6 109690088 6 35
7 95664970 69 375
7 129040182 52 241
7 154561187 12 158
8 135622736 6 97
9 124936831 14 118
10 1263025 9 2
10 100249866 17 65
11 18047154 13 144
11 49598411 11 101
11 57003305 30 38
11 58126152 32 68
11 60786743 15 31
12 54117525 27 42
12 54369092 31 56
12 55945591 57 104
12 58020574 81 133
12 76424413 14 13
12 112620944 102 188
13 100425263 64 48
14 20665689 19 68
14 70989515 153 323
14 74058995 3 13
14 106054474 20 21
14 106174744 7 52
15 79296158 45 44
16 71689260 121 128
16 84494166 56 67
16 89256722 9 13
17 79080620 22 29
18 55230200 16 37
18 74635065 7 77
19 4511216 51 97
19 15728930 76 105
19 49573469 23 52
19 49994303 9 77
19 54627985 7 72
19 55603589 2 9
20 41100999 49 70
20 45204315 8 3
21 45959481 61 124
22 20458153 4 41
22 24439394 49 57
