chromosome_index	start_position	end_position	major_cn	minor_cn	total_cn
1	61735	9145013	1	0	1
1	9146292	92015700	1	1	2
1	92016653	92121275	1	0	1
1	92121590	92803969	1	1	2
1	92807084	93945124	1	0	1
1	93952604	94159695	1	1	2
1	94160787	94529094	1	0	1
1	94529743	160025410	1	1	2
1	160025730	160225018	2	1	3
1	160225263	214207351	1	1	2
1	214215773	215724732	1	0	1
1	215745821	249224388	1	1	2
2	12784	105840035	1	1	2
2	105846287	108772221	1	0	1
2	108772567	109026313	1	1	2
2	109026384	109330439	1	0	1
2	109331640	243089456	1	1	2
3	60345	197896118	2	1	3
4	12281	77377649	1	1	2
4	77380112	191027923	1	0	1
5	15532	38907977	1	1	2
5	38914004	40993004	1	0	1
5	40993632	41367084	1	1	2
5	41370644	45561723	1	0	1
5	45571233	180790320	1	1	2
6	149661	10724186	1	0	1
6	10724560	42653718	1	1	2
6	42659199	46820624	1	0	1
6	46820899	47243999	1	1	2
6	47247900	49466791	1	0	1
6	49470675	49605101	1	1	2
6	49605368	54164079	1	0	1
6	54167681	63343385	1	1	2
6	63344368	171051005	1	0	1
7	43259	159127004	2	1	3
8	31254	138121782	1	1	2
8	138122581	138513643	1	0	1
8	138520058	146298155	1	1	2
9	46587	6070037	1	1	2
9	6073146	9528573	1	0	1
9	9529648	10427491	1	1	2
9	10428096	12452027	1	0	1
9	12461272	16333416	1	1	2
9	16333572	17072414	1	0	1
9	17074891	17610211	1	1	2
9	17610272	21198019	1	0	1
9	21198033	23222186	0	0	0
9	23222635	31109267	1	0	1
9	31111743	141091394	1	1	2
10	72759	89856088	1	0	1
10	89861947	89906286	0	0	0
10	89909218	90178456	1	0	1
10	90181272	90313329	0	0	0
10	90329922	135506704	1	0	1
11	198572	134944770	1	1	2
12	150442	133778189	1	1	2
13	19026949	115108397	1	0	1
14	19002124	107285437	1	0	1
15	20016328	102469040	1	1	2
16	60777	90287535	1	1	2
17	526	41906308	1	0	1
17	41916761	55743991	1	1	2
17	55745918	55937174	2	1	3
17	55937387	70242928	1	1	2
17	70243611	70554302	2	1	3
17	70554318	81049726	1	1	2
18	48133	78015057	1	0	1
19	90910	19140930	1	1	2
19	19145193	19412746	2	1	3
19	19413092	40907408	1	1	2
19	40907539	59097854	1	0	1
20	61305	19086821	1	1	2
20	19091081	19373338	2	1	3
20	19376344	31949054	1	1	2
20	31955227	62956153	1	0	1
21	10736871	15214314	1	0	1
21	15214708	48096957	1	1	2
22	16052528	37996559	1	1	2
22	38001504	51234455	1	0	1
