chromosome_index position alt_count ref_count
1 2319753 33 79
1 3688051 24 66
1 12918918 47 105
1 23346015 5 7
1 29064124 6 31
1 46509407 10 53
1 79392745 17 44
1 94490509 17 33
1 112270021 21 46
1 112998629 14 40
1 154184843 43 196
1 155837840 8 99
1 155838010 25 163
1 156554943 19 20
1 156640299 22 115
1 157488510 3 19
1 158517704 6 61
1 158670283 20 67
1 159284100 36 97
1 160097608 20 107
1 160143426 14 88
1 161681965 28 98
1 171621200 61 351
1 176050388 18 121
1 197407865 13 49
1 197411561 9 18
1 200945956 21 24
1 201009006 21 98
1 204226816 7 21
1 204226817 7 22
1 207640247 9 70
1 209782358 13 158
1 210857224 9 77
1 216219914 19 85
1 216498781 35 98
1 229730487 36 178
1 234527290 4 38
1 235505383 10 51
1 237494228 19 129
1 237586443 57 137
1 240656302 13 76
1 247614439 38 225
1 248309085 72 344
1 248402975 16 84
1 248403038 17 80
2 16085989 30 143
2 17919515 12 62
2 44145486 26 43
2 74683248 6 32
2 80772106 12 44
2 85808758 40 186
2 86707384 14 50
2 88857258 57 160
2 131116461 30 88
2 135966478 17 58
2 165365286 27 74
2 170068619 40 84
2 179583518 14 42
2 179641672 7 57
2 179702276 15 39
2 205989065 42 138
2 211521337 8 46
2 237074779 22 87
3 7620369 26 78
3 17052374 5 26
3 19575020 26 57
3 38347784 23 62
3 46008600 28 116
3 47282491 17 84
3 98002107 15 115
3 100295837 17 98
3 101572352 6 94
3 111993860 12 74
3 113684173 25 101
3 119190185 58 259
3 120400987 28 167
3 121134714 8 85
3 125282545 33 88
3 128060441 7 41
3 128612476 21 46
3 134369801 7 35
3 147114215 12 60
3 148562265 9 42
3 150419912 7 38
3 151112617 18 134
3 154147311 24 95
3 156711009 23 117
3 161147188 27 49
3 169572602 25 83
3 183097193 9 48
3 197444889 18 77
4 41984295 26 79
4 56823408 30 78
4 66197741 18 68
4 100458866 23 54
4 106157350 17 50
4 126411349 30 93
4 155158215 25 58
4 164271499 26 49
4 165961265 13 53
4 167675599 4 12
4 169196534 13 44
4 174448379 4 22
5 1038002 4 44
5 1879724 20 119
5 2752818 20 203
5 5182364 14 95
5 6378636 8 53
5 33588863 40 54
5 33624450 7 25
5 41057376 3 7
5 66396373 25 104
5 78416249 12 37
5 83356194 17 60
5 118728837 11 41
5 130843778 41 101
5 140731472 23 70
5 140745472 60 180
5 169504758 22 47
5 174953811 7 42
6 18121629 8 20
6 18122639 4 14
6 25811630 31 186
6 25855425 19 44
6 26247005 22 50
6 27792156 6 32
6 29692986 12 64
6 30708359 13 95
6 35473868 22 78
6 36709969 5 14
6 38905961 24 100
6 44250040 28 135
6 54254801 10 47
6 55441902 6 30
6 70408979 19 82
6 72984097 11 26
6 80744986 13 70
6 87725014 6 26
6 96652054 20 63
6 107854729 34 138
6 109814561 34 138
6 110301532 5 14
6 110644018 16 69
6 117853507 15 53
6 122779760 26 140
6 134212935 12 36
6 134583028 7 44
6 137112856 41 158
6 150343258 25 96
6 151286104 11 58
6 151355694 13 57
6 151773576 9 32
6 152651549 17 84
6 153296313 16 107
6 153365141 52 165
6 157522470 32 137
6 163899837 16 82
6 170592967 5 23
7 2405976 22 85
7 2752406 13 59
7 6064415 5 44
7 31793107 39 131
7 31862830 16 57
7 31864488 25 107
7 33063650 5 21
7 34094867 27 105
7 50611685 53 232
7 57528697 7 19
7 73790820 5 14
7 94057646 32 134
7 98563377 22 70
7 99129679 22 102
7 101845336 26 121
7 101845472 33 126
7 101845484 28 107
7 102047894 5 34
7 103132434 5 35
7 106545864 11 47
7 107706869 8 50
7 119914926 42 172
7 123593891 18 80
7 124404824 8 37
7 135303243 31 124
7 138263999 21 104
7 139661923 9 47
7 140069429 11 48
7 141491076 23 111
7 142651315 14 35
7 143657229 71 232
7 148702451 19 71
7 150171682 17 84
7 151945559 23 59
7 157475623 4 30
8 11995831 18 73
8 13948014 35 150
8 26722064 16 67
8 28627504 8 64
8 39468048 12 54
8 55538171 14 113
8 67734635 34 160
8 70570765 10 62
8 77762500 3 23
8 90936984 22 60
8 104427083 19 27
8 105261032 11 88
8 105503106 43 103
8 113275994 12 90
8 133036659 4 14
8 143623626 17 71
9 21206388 3 14
9 34343425 10 24
9 35076785 25 90
9 90499952 28 87
9 98775092 7 20
9 115451851 23 49
9 116778448 11 22
9 131223241 22 80
9 136226921 8 13
10 5808094 17 67
10 20432332 19 58
10 23408237 11 50
10 26462731 8 34
10 33136791 29 59
10 64403720 13 49
10 69565512 34 82
10 70644558 28 68
10 85991814 7 30
10 102566234 91 154
10 108924071 3 10
10 114045924 38 48
10 117704277 53 86
10 118897436 39 67
11 248807 6 53
11 294461 10 75
11 4825736 13 88
11 5905776 24 132
11 6650905 5 15
11 10800578 23 121
11 12315350 21 85
11 14529258 9 74
11 15262051 8 45
11 30032753 19 79
11 35513699 48 169
11 44099398 7 30
11 55595043 43 153
11 55595360 21 94
11 55798682 25 78
11 59211475 38 185
11 59828658 15 94
11 61908394 16 72
11 64137053 3 15
11 64990044 8 43
11 65340970 13 41
11 65480965 17 88
11 66249751 25 75
11 67288551 26 113
11 68197133 40 75
11 68527062 16 74
11 68527076 16 76
11 69486500 11 223
11 69999209 14 50
11 70332712 98 216
11 75509309 60 155
11 108577507 42 124
11 110494887 14 33
11 118765178 21 65
11 124626482 13 73
12 319104 35 77
12 863276 5 44
12 4920482 53 65
12 5020735 19 102
12 7177880 55 305
12 7656385 11 4
12 8991012 50 85
12 10978273 22 168
12 12274107 18 76
12 29617489 9 78
12 46243484 56 213
12 46243524 53 225
12 49433935 4 17
12 49717501 42 158
12 52681404 4 63
12 58004050 4 16
12 58004051 4 16
12 58217700 5 38
12 63544318 3 25
12 63974516 15 79
12 65130830 15 56
12 75444237 28 154
12 78571416 5 28
12 78571429 5 29
12 81688628 6 24
12 81833777 9 58
12 85518074 29 101
12 98850589 3 12
12 101702091 30 89
12 101769489 5 28
12 107080807 43 189
12 109680273 23 123
12 109724489 5 13
12 111747976 4 16
12 122826163 41 149
13 28891711 15 52
13 43986168 18 35
13 115090605 25 79
14 20692084 27 57
14 21499252 21 89
14 21679393 18 181
14 21679417 24 178
14 21679618 9 41
14 21899111 8 29
14 22265917 21 74
14 45432895 23 88
14 50249120 18 66
14 58724494 16 53
14 105419641 41 142
15 24921548 12 28
15 32916518 23 75
15 34295287 19 69
15 43814316 21 55
15 50886628 23 74
15 84245426 16 37
15 85401065 34 35
15 92690292 45 57
15 101775294 21 73
16 812758 35 82
16 1825692 18 67
16 24231476 12 35
16 50827532 36 89
16 53340276 14 32
16 84043465 6 35
17 1451609 19 64
17 3118920 12 39
17 7577153 5 12
17 7578457 18 65
17 8274723 21 94
17 10247299 26 103
17 10584305 4 19
17 16691350 25 173
17 17698513 22 87
17 19445795 11 57
17 32964262 22 109
17 34893626 15 62
17 42295622 10 55
17 46690508 4 16
17 48262746 6 17
17 54543853 19 39
17 55123096 8 18
17 61972438 44 125
17 65936578 10 50
17 67047243 14 48
17 76818049 52 70
18 334838 3 7
18 8296394 20 76
18 14752582 3 16
18 19437145 15 60
18 21153531 19 58
18 31323205 13 40
18 34298628 44 159
18 43437892 21 76
18 43914240 3 13
18 50450157 15 50
18 51025740 22 109
18 51855722 47 195
18 60998978 14 62
18 70205435 17 78
18 74153800 4 12
19 4171789 26 84
19 6222298 5 24
19 7585099 18 81
19 8661952 11 80
19 9088348 15 72
19 9203949 18 57
19 12186329 10 28
19 16268543 3 29
19 17283670 15 60
19 17412353 4 39
19 17836749 8 37
19 17836790 4 22
19 17942547 7 19
19 18731234 10 65
19 18965421 36 259
19 20188858 8 22
19 36339978 8 70
19 36340175 7 41
19 37309777 18 87
19 37975921 22 96
19 40395805 21 154
19 40411784 13 64
19 40512055 13 71
19 40739544 7 26
19 41019373 9 16
19 41235226 13 36
19 43439572 64 274
19 43982196 6 25
19 47912430 15 50
19 51175346 9 26
19 51325105 8 39
19 53645350 28 105
19 54308626 25 138
19 54403578 16 52
19 54872733 38 114
19 55341628 66 273
19 55693100 42 141
19 56935013 20 107
19 58718304 4 14
20 126348 31 124
20 3212067 19 80
20 8696877 12 27
20 10603339 9 51
20 15948266 20 89
20 23345078 7 80
20 23350283 34 147
20 31657715 60 254
20 31672710 7 38
20 32328780 20 78
20 36641985 40 110
20 44596527 15 65
20 47266060 3 16
20 47592675 10 38
20 58381200 35 146
20 60504831 17 74
20 62321118 10 45
21 10862657 31 427
21 10862784 26 276
21 10921933 15 92
21 41539154 13 56
21 46074256 8 33
22 16287760 54 151
22 24584239 17 42
22 36623502 31 63
22 37272103 6 23
22 37603847 8 18
22 37622718 14 16
22 38875612 44 96
22 44276766 3 14
