chromosome_index position alt_count ref_count
1 3563239 3 16
1 3644226 13 9
1 6166733 5 12
1 6609684 6 19
1 6931859 21 13
1 7724798 12 6
1 10714537 21 24
1 11586833 15 17
1 19983640 13 7
1 21030950 13 30
1 23763758 17 12
1 27676942 9 14
1 27690741 6 3
1 36785121 14 11
1 47141038 12 17
1 48764298 8 5
1 67108545 18 18
1 86334203 21 14
1 103573848 9 7
1 109642846 16 21
1 116226688 11 12
1 152282196 55 98
1 152487959 3 6
1 155152228 40 90
1 155306142 9 22
1 156517909 21 31
1 156564823 33 60
1 158644179 9 22
1 161022240 7 22
1 201868865 17 32
1 202121815 4 27
1 233372716 5 20
1 247171271 5 35
1 248616676 11 43
1 249142739 16 26
2 10193737 6 14
2 11053667 15 25
2 27604085 10 21
2 27822473 3 20
2 33572552 21 22
2 37873155 10 13
2 60689113 24 36
2 69093325 19 16
2 69693010 6 5
2 86075155 10 23
2 96858129 5 29
2 97531632 5 13
2 98928723 3 12
2 112940476 9 17
2 152107523 24 22
2 153494190 13 15
2 153505960 10 9
2 157426026 3 7
2 160710935 10 9
2 168074744 8 12
2 170531224 4 13
2 179425718 11 12
2 191366556 3 11
2 202001544 13 14
2 218712604 4 8
2 219614770 3 34
2 219826029 28 31
2 219892733 10 22
2 231077495 3 49
2 234926189 6 4
3 4792851 3 37
3 12200301 5 10
3 14706545 41 45
3 15127429 13 18
3 37061816 24 18
3 37459466 15 11
3 39225519 23 25
3 47122366 7 15
3 47454483 18 8
3 51457713 12 19
3 51677926 15 12
3 52580708 7 4
3 58131667 18 26
3 64133126 11 10
3 77695394 7 6
3 100274161 38 35
3 123675611 4 20
3 124193552 21 18
3 137965241 6 28
3 140785540 14 29
3 178916725 10 9
3 185362383 24 48
3 196202170 9 21
4 2698298 5 7
4 3251214 17 8
4 3494583 13 11
4 4411306 14 18
4 15603091 17 13
4 15690503 9 13
4 16504460 20 13
4 25789912 9 16
4 38139045 10 18
4 40044922 13 26
4 77272903 12 21
4 119952118 11 9
4 154257295 4 10
4 154502005 15 8
4 155507913 13 23
4 186507209 7 11
4 187455340 17 4
5 26885906 16 9
5 33937261 15 16
5 39139336 15 17
5 108670630 9 16
5 115298376 6 3
5 122682224 18 15
5 131607090 9 26
5 140176914 11 12
5 140221984 22 19
5 140516354 5 84
5 140558966 44 54
5 140559094 15 96
5 140720140 15 26
5 140788883 18 24
5 148999918 25 32
5 149562381 20 18
5 160042877 21 26
5 161115979 3 10
5 167626034 15 16
5 167851050 11 9
5 175953929 10 13
5 176315461 5 11
5 180219433 5 6
6 29969403 6 10
6 31929447 4 6
6 32030025 29 43
6 37186763 16 6
6 42130795 6 10
6 42666140 14 9
6 64421792 5 10
6 70926760 12 4
6 75799864 8 18
6 86322611 11 8
6 94129217 17 19
6 108487337 15 21
6 109787422 7 9
6 150240898 38 45
6 151673076 9 7
6 152712648 10 17
6 160645750 11 14
7 1024078 9 5
7 1784547 8 16
7 6854458 14 34
7 27185209 18 17
7 94285731 8 4
7 95442630 12 12
7 99169985 3 17
7 100400938 7 11
7 102087161 15 17
7 103008256 20 24
7 107334870 24 22
7 112472688 7 24
7 142560969 20 28
7 149488790 15 12
7 150713863 7 9
8 2041801 20 38
8 18258140 3 28
8 25286069 6 9
8 25708258 10 21
8 38874857 4 18
8 59511791 17 29
8 86124438 16 24
8 101540078 10 38
8 125989384 20 14
8 145101827 16 6
8 145545016 5 16
9 4117831 12 11
9 4719143 16 16
9 6506044 26 20
9 8315181 11 8
9 18775841 22 18
9 33295418 6 8
9 35076811 15 18
9 35792535 52 39
9 38543259 34 22
9 95004524 21 22
9 112934335 12 16
9 119116060 20 24
9 130147357 10 16
9 131022837 26 36
9 131502268 22 29
9 131708429 14 10
9 136501767 20 17
9 138651531 14 10
10 27700745 13 14
10 27702268 8 19
10 27702463 17 13
10 49939268 15 8
10 64160024 6 26
10 64573486 8 8
10 73822308 4 6
10 74094802 11 16
10 75560859 4 4
10 89692924 62 4
10 90697836 27 22
10 96495052 26 29
10 102987311 16 15
10 112839012 16 12
10 120354176 9 1
10 127491432 4 7
10 135084727 36 37
11 218933 26 13
11 620350 4 47
11 1268259 34 32
11 7960718 7 13
11 13393876 16 26
11 16007852 40 61
11 19372529 7 9
11 44640647 7 24
11 46334425 17 16
11 46765659 17 18
11 46898868 15 16
11 47282935 11 8
11 59189918 3 15
11 64510905 8 16
11 65721096 9 14
11 66473305 6 11
11 67186439 15 12
11 94282337 4 8
11 108535819 6 11
11 111594705 16 13
11 116729097 35 25
11 116767012 9 9
11 117651281 18 16
11 119045202 14 9
11 126208197 22 26
12 662956 25 23
12 753145 9 4
12 2757658 3 30
12 6174343 8 11
12 9550119 12 18
12 25232195 20 52
12 30863381 25 14
12 40012621 20 20
12 55794859 16 20
12 56864872 8 6
12 58190063 23 27
12 89997947 6 6
12 108168988 11 13
12 122186307 7 15
12 122260863 6 3
12 132688178 17 24
13 41133065 5 12
13 76447859 20 18
14 20850791 21 20
14 23993570 12 18
14 24649732 19 29
14 75357815 3 35
14 77249242 25 23
14 77275792 4 6
14 91681873 26 29
15 22368641 10 37
15 27128373 14 7
15 35155204 5 6
15 40627771 6 9
15 42127375 4 9
15 51791142 3 31
15 59376341 8 8
15 65043771 18 12
15 65490618 20 25
15 74364609 21 305
15 74427259 5 17
15 75095313 8 7
15 88680651 10 12
15 89403565 11 20
15 89738484 21 24
16 597717 6 12
16 737282 7 17
16 1270896 19 14
16 2025191 7 18
16 4864548 13 34
16 18866086 13 10
16 24373173 7 3
16 24918085 8 7
16 30768427 27 30
16 31072916 5 5
16 48149472 8 29
16 50245322 16 19
16 58313966 4 31
16 67273284 12 6
16 75256764 15 15
16 81181889 8 5
16 81301674 3 17
16 81703764 20 20
16 86614180 22 10
16 89775839 5 6
17 4717739 18 18
17 4794962 8 12
17 8172366 3 20
17 18168387 5 4
17 26862017 19 33
17 36885209 14 14
17 39221730 13 31
17 39659672 11 24
17 41610604 23 25
17 48542705 35 41
17 56386360 5 11
17 56423659 4 14
17 63010300 12 8
17 63533090 9 10
17 71380108 21 22
17 74539957 15 30
17 76498394 23 49
18 12262943 10 12
18 13885379 5 24
18 21712467 3 30
18 25589807 6 9
18 44560676 5 34
18 66504468 6 11
19 1497527 18 32
19 2511853 36 19
19 3496605 18 25
19 5754242 3 20
19 5894834 37 44
19 6752639 18 18
19 13368283 29 25
19 15295213 4 12
19 16222749 25 34
19 18273784 6 3
19 18888108 20 29
19 34791579 9 3
19 36214045 19 18
19 36221334 30 29
19 38708139 40 50
19 38780811 19 24
19 40580496 27 37
19 41712309 10 18
19 48342789 4 7
19 50128134 10 12
19 51528849 9 17
19 53619114 10 22
19 56113870 10 10
19 57088259 6 6
19 58967654 17 13
20 3520892 25 42
20 30919056 11 13
20 33345744 18 15
20 34827828 13 19
20 39977759 5 18
20 39983371 14 16
20 53208232 34 53
20 54943398 7 13
20 54943399 8 12
20 61513393 36 22
20 62073835 17 29
20 62168559 7 14
20 62377859 12 6
21 46011721 6 89
22 19951847 3 29
22 37491965 9 21
22 37962538 12 12
22 41924494 16 19
