chromosome_index position alt_count ref_count
1 23208913 61 124
1 34076684 40 184
1 162724626 16 194
1 204214794 61 472
1 236920879 51 169
1 247902848 10 112
2 3691501 15 27
2 58275998 4 23
2 113955156 9 58
2 170336097 12 55
2 207176305 7 82
3 15753713 4 14
3 134884865 77 583
4 41747832 3 24
4 126328033 34 217
5 94046533 33 173
6 30530243 38 237
6 49989593 3 16
6 52696672 38 389
6 62390875 36 265
6 146350641 9 89
7 21947839 5 67
7 81714151 7 44
7 107427810 44 163
7 150068781 3 12
8 2005774 8 65
8 87899829 5 25
9 14819401 8 209
9 84200491 12 97
10 21101810 136 235
10 75560185 14 111
10 99212186 17 138
10 117075215 20 749
11 5079964 30 271
11 14480137 7 192
11 26705374 3 38
11 55579056 105 529
11 61732321 30 147
11 62301460 11 116
11 134062769 31 203
12 5155073 43 42
12 34179675 67 549
12 51857482 50 320
12 57598286 4 26
13 35685048 37 152
13 46543576 5 85
14 63671741 57 305
15 50757280 25 197
16 15844038 34 148
16 21261206 38 105
16 31927489 10 77
17 7578370 333 160
17 33977562 114 198
17 71387631 9 14
19 7152753 51 256
19 9083587 125 670
19 13875356 5 15
19 14513441 31 117
19 55512226 11 59
20 39977404 6 29
21 19685263 31 182
21 34072358 33 119
21 42609500 7 41
