chromosome_index position alt_count ref_count
1 1274966 8 16
1 4772101 35 53
1 6158528 18 25
1 6311556 24 37
1 12820975 18 19
1 17271961 7 52
1 18808885 65 111
1 22913059 5 86
1 25717382 133 275
1 34662994 32 45
1 39818716 61 96
1 42041309 105 230
1 59147875 28 584
1 63066783 57 104
1 67142743 115 205
1 67411870 127 219
1 70504563 64 131
1 75672357 181 411
1 77510188 96 172
1 77763405 87 171
1 78392291 12 233
1 85028993 39 59
1 101377756 314 600
1 103345240 65 133
1 103481252 7 18
1 109637043 11 312
1 110255485 6 3
1 144917580 201 813
1 145534931 133 285
1 146466233 16 18
1 152191689 45 90
1 163117134 72 108
1 165386447 166 230
1 167038337 42 105
1 175324640 87 169
1 182846038 49 89
1 193172941 33 117
1 193172942 32 115
1 196748446 129 182
1 209791299 48 87
1 211751527 5 7
1 214171384 17 357
1 216074145 104 179
1 234445022 80 149
1 237961380 17 37
1 247875538 105 216
1 248129609 86 213
2 1680797 24 36
2 1812863 90 152
2 1915841 17 24
2 6991813 33 80
2 8871992 157 341
2 11733133 5 19
2 26699110 33 69
2 28828788 242 416
2 48063100 46 77
2 61607309 39 65
2 71043874 72 112
2 73161149 5 13
2 75118043 64 87
2 79253881 78 108
2 80085205 91 161
2 96260880 23 60
2 96780641 3 18
2 98928769 45 91
2 100906843 117 243
2 105900831 62 120
2 110373346 9 147
2 116534783 58 76
2 119735500 6 25
2 125175154 23 24
2 125175156 24 24
2 131356354 14 97
2 131976356 136 111
2 136575347 68 96
2 141215062 62 246
2 141771249 30 194
2 164467369 144 144
2 166231454 15 64
2 179397670 189 193
2 179578804 19 57
2 179612908 60 85
2 186672547 59 75
2 190532263 184 181
2 197184220 34 32
2 216300472 7 6
2 219267090 101 131
2 220283366 6 7
2 225339077 57 49
2 228884548 72 382
2 228884549 74 387
2 241463551 57 59
3 32933223 12 258
3 33437660 152 103
3 47742825 105 55
3 62464080 30 29
3 99514202 8 30
3 105438956 44 119
3 125216958 59 198
3 130095339 14 32
3 133670154 116 160
3 134911504 34 133
3 137849900 66 224
3 142985611 123 389
3 147128643 61 149
3 148577949 6 11
3 150644630 93 269
3 151463307 235 748
3 157034971 11 370
3 158787189 92 184
3 167023679 31 100
3 167510553 84 308
3 169492342 74 589
3 194080379 32 51
3 197503814 82 219
4 8271847 11 7
4 42895576 163 130
4 52861681 110 104
4 57842861 42 20
4 65188413 32 22
4 155242149 126 85
4 158242640 175 130
5 1879718 39 96
5 6616870 84 224
5 9629613 120 364
5 10254914 106 333
5 19747071 190 205
5 19747228 131 449
5 21975332 92 250
5 24488134 59 199
5 31551433 88 244
5 43628327 182 451
5 118970272 168 165
5 134785466 13 104
5 135229765 75 49
5 138857016 160 65
5 140502219 160 74
5 140554282 6 153
5 148930407 96 42
6 26368907 200 517
6 28120957 81 142
6 28472029 45 57
6 33147525 45 98
6 33768842 236 353
6 38835933 125 164
6 38835954 64 176
6 38891790 173 336
6 38980082 109 228
6 40400370 74 105
6 41029329 264 413
6 41243833 23 47
6 43543690 17 29
6 49825094 41 123
6 50718997 66 153
6 66053931 60 120
6 70866579 29 71
6 73919536 17 29
6 86324793 144 244
6 90604959 103 169
6 96969725 12 18
6 112451081 23 34
6 117586876 18 21
6 129609151 227 486
6 130374031 29 83
6 132910451 78 131
6 139164314 13 254
6 144508138 11 25
6 146262959 59 82
6 151672421 70 175
6 154414553 157 414
6 158349731 12 18
7 1166901 16 30
7 1529264 3 16
7 2691859 21 53
7 11464387 189 348
7 21744074 20 54
7 21824066 24 50
7 26225342 13 261
7 27211732 68 158
7 31378572 242 350
7 31887681 88 189
7 48311842 69 99
7 63726846 47 99
7 64661044 9 67
7 72193899 37 55
7 96650125 37 85
7 100389695 13 34
7 100459152 71 107
7 100675524 166 422
7 100679577 307 504
7 103183247 112 188
7 114302136 53 79
7 120428872 103 144
7 135418840 53 97
7 138732212 26 36
7 140453108 95 194
7 142423454 60 101
7 143554422 7 16
7 143806781 166 318
7 148112556 56 90
7 149426415 11 32
7 150069554 5 7
7 150747277 37 119
8 7320355 43 203
8 37914609 49 48
8 56436018 115 420
8 72942187 16 70
8 97172832 71 77
8 97172833 71 77
8 143846491 5 30
8 145151504 35 115
9 5300201 131 83
9 32541488 65 161
9 33385414 7 41
9 79321366 90 62
9 84531786 50 28
9 114246757 9 10
9 123675781 65 33
9 126439038 58 64
9 139369734 14 19
9 139693672 20 24
9 139835710 17 10
10 7860717 22 16
10 15614302 126 204
10 17152947 57 168
10 17152948 58 168
10 22209861 61 121
10 38466898 30 36
10 46121631 139 231
10 73563143 3 9
10 81270299 25 29
10 96534956 146 297
10 97440360 166 225
10 99695956 35 87
10 101560276 234 424
10 102781698 46 89
10 102987051 79 99
10 118203937 102 189
10 118434813 24 36
10 129877825 77 185
11 6648382 61 46
11 6652605 157 117
11 11292798 115 82
11 55111377 87 200
11 55703186 20 27
11 55904850 116 250
11 58125912 66 94
11 58477922 5 26
11 59189633 61 108
11 60470880 83 150
11 61672267 6 24
11 62159824 25 34
11 65630596 58 102
11 68174200 44 65
11 68773465 5 6
11 74800303 104 152
11 76826625 33 37
11 77727702 113 127
11 85627088 78 167
11 89424614 41 73
11 89531664 48 120
11 89774352 15 115
11 108384166 155 220
11 113102370 17 59
11 114113012 17 31
11 130341141 60 90
11 132398959 67 125
12 2692027 34 19
12 6778300 71 55
12 8075586 26 25
12 8330040 170 151
12 9094381 94 67
12 15702147 165 117
12 21229394 172 104
12 40037721 33 44
12 50860745 101 94
12 54912486 104 82
12 55759647 91 74
12 57989764 130 73
12 73046262 11 102
12 99640279 70 65
12 100795605 203 214
12 104149394 125 80
12 108169159 13 10
12 130919366 125 58
13 23985423 42 81
13 39264593 174 313
13 39454818 32 73
13 46067577 85 222
13 50265552 6 19
13 50495673 72 150
13 80911698 93 171
13 88327697 95 182
13 99047633 47 64
13 101890194 72 123
13 102367913 147 355
14 22592108 56 103
14 24702387 155 339
14 33291723 158 336
14 37180664 60 113
14 42373569 6 12
14 55312518 91 226
14 55312519 92 224
14 61115580 67 98
14 73718432 32 49
14 79433705 53 70
14 106054595 38 75
14 106311969 56 103
14 107199225 94 173
15 25490529 66 50
15 38990597 35 31
15 45390241 60 37
15 48766523 61 35
15 51750748 79 41
15 70957052 63 40
15 74632057 49 32
16 818455 7 40
16 12571616 28 89
16 19659206 162 270
16 20387453 61 134
16 20808352 3 21
16 21065766 26 58
16 22314317 131 182
16 30734316 22 188
16 31160456 5 4
16 50828243 149 265
16 69375718 15 27
16 70998800 6 14
16 75268934 40 75
16 75669923 41 98
16 76311542 14 16
17 7577556 59 61
17 17700660 19 13
17 21217665 11 29
17 28887175 9 18
17 37187612 36 168
17 38938435 9 262
17 39261756 32 33
17 41020088 27 36
17 45668158 31 291
17 45994334 9 135
17 67282383 38 34
17 72428277 21 31
17 72832362 226 339
17 72860614 38 76
17 76497715 18 36
17 79870473 10 40
18 22807238 63 83
18 44561184 84 189
18 63548089 87 154
19 4099227 10 7
19 9087266 20 404
19 9581175 133 69
19 10468502 20 32
19 11114047 159 174
19 17918884 19 12
19 18726810 150 115
19 20044388 41 28
19 23159867 33 15
19 41086391 37 70
19 42353006 116 73
19 43762597 227 102
19 44590676 86 54
19 53210037 326 217
19 54251905 108 103
19 54385555 10 13
19 55107869 174 93
19 56733262 37 23
19 58565155 68 33
19 58579304 77 48
20 10603960 64 141
20 23016993 81 198
20 23858245 97 145
20 24646078 110 224
20 31394017 93 132
20 36500353 66 139
20 42196603 96 171
20 42744475 9 15
20 44512705 52 93
20 46313280 32 50
20 47259002 34 89
20 47269240 29 56
20 48600469 53 112
20 58514404 21 35
20 62378332 12 25
21 28315775 36 77
21 31654547 103 179
21 31874332 77 183
21 37763859 31 83
22 17288960 86 178
22 18300435 15 22
22 23063529 34 86
22 26701973 36 78
22 42538036 6 32
22 43950942 75 43
