chromosome_index	start_position	end_position	major_cn	minor_cn	total_cn
1	61735	121482979	2	1	3
1	144007049	249224388	2	2	4
2	12784	243089456	2	0	2
3	60345	197896118	1	1	2
4	12281	12083637	1	0	1
4	12083991	12330756	2	0	2
4	12342109	15717321	3	2	5
4	15718050	22427057	2	2	4
4	22429864	30970763	2	1	3
4	30970822	31649489	3	2	5
4	31649750	32243761	2	1	3
4	32244179	38699044	2	2	4
4	38702125	53454784	3	2	5
4	53456375	191027923	2	0	2
5	15532	29061716	3	3	6
5	29061886	55622159	5	2	7
5	55622233	180790320	2	0	2
6	149661	4655561	2	1	3
6	4655679	171051005	2	0	2
7	43259	10626492	2	2	4
7	10626848	32921496	4	3	7
7	32926885	44086557	2	1	3
7	44087234	50109386	5	2	7
7	50112406	55972995	8	2	10
7	55974926	61987173	6	2	8
7	61987244	77276403	2	1	3
7	77276774	79294580	1	1	2
7	79294781	102510416	2	1	3
7	102512488	104705917	4	1	5
7	104708564	108398808	1	0	1
7	108400306	110129946	4	0	4
7	110130015	144160243	1	0	1
7	144160548	159127004	1	1	2
8	31254	37159154	1	0	1
8	37159346	42001906	3	1	4
8	42002818	127879523	2	1	3
8	127879885	141542750	5	1	6
8	141546724	144182660	3	1	4
8	144183446	146298155	4	1	5
9	46587	555772	2	1	3
9	556082	7812920	1	1	2
9	7813034	12650750	1	0	1
9	12650961	47217176	1	1	2
9	65616971	101674684	1	0	1
9	101677813	141091394	1	1	2
10	72759	135506704	1	1	2
11	198572	32589190	2	0	2
11	32591529	35857336	2	2	4
11	35858686	134944770	2	1	3
12	150442	57999135	2	1	3
12	57999346	58521760	15	1	16
12	58522133	59449385	7	1	8
12	59449562	60822764	3	1	4
12	60823366	133778189	1	1	2
13	19026949	115108397	1	1	2
14	19002124	107285437	2	1	3
15	20016328	102469040	1	1	2
16	60777	35283226	3	2	5
16	46463782	90287535	2	0	2
17	526	26001773	1	0	1
17	26002018	27353045	1	1	2
17	27353069	34944593	1	0	1
17	34946321	38764056	2	1	3
17	38764141	40799074	1	0	1
17	40808069	81049726	1	1	2
18	48133	41636530	2	2	4
18	41639086	78015057	1	0	1
19	90910	24339720	1	1	2
19	24340502	59097854	2	0	2
20	61305	30871329	3	0	3
20	30872269	40679163	2	2	4
20	40679231	62956153	3	0	3
21	10736871	15976639	2	0	2
21	15977153	16391689	3	2	5
21	16392741	48096957	1	1	2
22	16052528	51234455	2	1	3
