chromosome_index position alt_count ref_count
1 11769352 15 45
1 11772462 21 128
1 24424450 97 335
1 42905682 24 78
1 86342844 12 53
1 89448433 35 112
1 98015119 14 55
1 100329996 24 113
1 109897003 8 99
1 153641006 6 78
1 154098868 9 116
1 156021524 23 109
1 160808808 10 82
1 160811112 45 177
1 175097242 11 98
1 179363129 28 150
1 183938417 14 116
1 198608396 8 111
1 204985460 26 384
1 218036183 13 195
1 237754118 25 88
1 240601428 22 108
1 248039575 38 226
2 48025765 5 76
2 112601107 12 31
2 178081321 10 142
2 179579037 19 175
2 241534098 42 129
3 432804 7 67
3 72897456 21 159
3 97983585 13 83
3 126741074 8 52
3 142396905 3 59
3 184090731 7 45
4 13616371 7 31
4 52779533 19 81
4 79340120 29 102
4 81123265 3 36
4 94376964 49 107
4 164449968 5 68
5 32235101 15 77
5 35759701 35 225
5 35904634 49 54
5 35904635 50 58
5 45267353 17 141
5 140262054 59 219
5 176778294 14 78
6 30866958 53 164
6 31903772 18 60
6 56374667 9 33
6 146266716 5 30
7 11450930 9 69
7 28848987 34 101
7 43548502 37 144
7 55259515 192 224
7 75187519 8 110
7 97821988 7 31
7 100470331 20 70
7 102967069 5 43
8 2044089 24 235
8 22059403 5 32
8 37729120 26 329
8 70978618 17 91
8 77766703 20 208
8 77767654 7 61
8 88885956 16 137
8 98718868 28 143
8 113259343 5 45
8 135612539 3 25
9 8486032 5 52
9 80851322 9 16
9 107266683 16 141
10 25888106 5 47
10 54076112 10 44
10 55583042 8 60
10 81850697 15 73
10 82277685 3 7
10 118440687 5 84
11 22291917 14 95
11 30255367 6 26
11 55606983 19 136
11 56258451 6 85
11 60561459 17 135
11 62435247 16 57
11 107205608 8 79
11 118039448 32 248
11 118498936 27 206
11 119029411 6 129
11 128843256 18 253
12 21069225 9 52
12 32945344 6 53
12 49436376 4 22
12 56211462 15 136
12 70956766 7 67
12 70956767 7 67
12 77449801 19 110
12 80626733 5 25
12 85623306 7 96
12 105538175 9 108
12 110341741 4 14
12 111353531 23 206
12 111786103 22 189
12 117476964 4 62
12 123003576 6 35
12 124421651 8 138
12 129293374 15 74
13 50502073 6 76
13 88329425 19 231
14 20389313 60 538
14 23345405 26 271
14 23345406 26 270
14 23885030 6 89
14 39502352 3 8
14 63417226 6 67
14 94038260 7 69
14 106845353 18 204
15 24921732 30 73
15 24921733 30 73
15 41037425 14 119
15 52485976 4 16
15 72338223 6 51
15 79327546 5 30
15 101606941 50 136
16 2258335 21 295
16 14982982 48 626
16 20432607 9 120
16 50659416 20 148
16 57490459 33 92
16 75512743 21 120
16 84089675 19 82
16 87870252 15 50
17 7574012 11 38
17 38548934 22 124
17 49371270 3 38
17 65026879 37 72
18 19429241 14 219
18 29493475 4 8
19 6903938 9 73
19 9084154 5 52
19 9091606 14 83
19 11303852 9 44
19 11687316 7 70
19 12907867 6 29
19 22836767 16 151
19 52538153 5 89
19 54201697 15 42
19 55450747 10 41
19 56104103 7 72
19 56166500 5 60
19 56166501 5 60
19 56249556 173 500
19 56561914 6 75
19 57335025 27 121
20 6025215 4 28
20 8862309 96 168
21 22881276 9 75
21 28302244 45 143
21 32639182 9 48
21 46011439 75 226
22 32009156 15 42
22 50878172 7 35
