chromosome_index position alt_count ref_count
1 76190498 30 34
1 86814704 12 23
1 145578670 11 97
1 153610521 5 17
1 173155601 15 21
1 248224048 47 69
2 11798629 33 81
2 25141714 90 90
2 108488174 96 45
2 210777350 26 51
3 42727774 30 29
3 50649061 56 119
3 111693479 4 11
3 148858010 84 112
3 185234915 35 60
4 11401383 24 39
4 95173931 70 92
4 113332973 22 26
4 155505805 58 76
4 155507053 29 41
5 32789738 63 164
5 41382054 40 88
5 81601093 13 17
5 85578608 161 150
5 102886505 28 36
5 129240619 10 26
5 130769233 65 63
5 140011393 39 122
5 140257029 96 88
5 140537240 47 49
5 140773677 55 153
5 178040819 77 46
5 180622567 7 140
6 31736935 16 32
6 37450915 44 70
6 46658262 59 72
6 52285108 25 23
6 55216223 54 79
7 12410068 11 12
7 100685401 38 38
7 116593538 10 11
7 117307188 47 73
7 134719306 46 59
8 82752214 10 23
8 144297217 53 47
8 145512865 4 87
9 23692401 10 15
9 80144021 30 76
9 103278965 30 64
9 119097256 22 43
10 93751886 4 76
10 95191180 3 62
11 1268466 78 132
11 2920711 16 78
11 32875007 38 50
11 55419121 40 76
11 65422301 37 62
11 120082155 36 57
11 123624701 24 44
11 123777184 21 32
12 14839106 25 36
12 27059306 10 75
12 43858526 25 28
12 43858528 24 28
12 54426904 29 48
12 88484582 15 32
12 95611038 25 60
12 109017847 27 51
12 123186551 11 25
13 23910913 38 48
13 35632969 127 192
13 36180583 37 62
13 112724437 43 54
14 50864320 19 27
14 55034783 4 6
14 59835462 61 95
14 74823991 14 7
15 33765670 15 36
15 40259627 33 124
15 69238044 77 119
15 93609252 10 12
16 727559 15 23
16 21739616 21 47
17 38186019 28 33
18 13741655 27 50
18 70461395 37 150
19 3728689 30 43
19 14938215 27 28
19 22786173 9 14
19 54169940 127 227
19 55872803 71 123
20 1616060 50 95
20 60639513 14 47
21 38538061 30 37
