chromosome_index position alt_count ref_count
1 103480084 23 39
1 109271373 34 50
1 110258523 5 10
1 110734729 26 39
1 117660813 63 83
1 153122400 49 113
1 156834152 39 47
1 158911926 27 88
1 159284326 110 352
1 159504984 42 143
1 173174474 79 334
1 173478718 11 14
1 173953758 46 53
1 175334162 47 144
1 176668278 41 167
1 196794714 45 69
1 202287787 44 170
1 207696984 24 116
1 216595449 21 82
1 220088847 227 273
1 220307795 39 118
1 228482069 40 170
1 237843841 8 31
1 238090871 14 13
1 243663046 26 111
1 243809238 8 189
1 247836300 96 115
1 248004939 14 73
1 248402357 73 237
2 1668737 4 14
2 3743913 13 19
2 11733003 5 7
2 11733004 5 6
2 37121062 97 252
2 68882018 17 84
2 69002465 50 257
2 77745490 3 31
2 86437740 39 81
2 90108969 20 91
2 113831983 4 39
2 127952938 29 62
2 128324318 12 36
2 131356232 15 102
2 131486901 11 53
2 133541745 18 110
2 136033319 5 13
2 151328209 26 152
2 165984179 16 115
2 179404270 75 164
2 205986568 27 56
2 219824752 13 11
2 228882330 20 37
2 228884754 149 372
2 234975197 66 170
2 238244913 14 65
3 10106488 39 114
3 15687019 19 69
3 19974919 24 133
3 33194357 20 38
3 52546617 23 46
3 96533570 3 20
3 128181682 19 33
3 134967276 11 33
3 168840365 12 77
3 170011269 14 84
3 175520848 14 57
3 179399708 99 235
3 183885808 71 118
3 186299261 53 98
4 6642869 17 80
4 8230363 9 7
4 9784739 27 57
4 22748924 16 154
4 30726120 18 78
4 40245040 32 55
4 46043115 22 125
4 55131305 7 32
4 65194246 21 67
4 65275151 12 33
4 66467674 27 118
4 70080244 66 145
4 85593954 33 102
4 90170270 17 82
4 96123907 28 34
4 122261765 5 70
4 129793096 10 54
4 165961514 21 75
5 7521012 28 92
5 15928571 18 103
5 41049501 5 41
5 45396799 13 117
5 55059013 17 95
5 71491072 21 50
5 77409635 19 211
5 82836721 37 152
5 82836722 37 154
5 115783392 22 33
5 118824886 20 125
5 127627262 28 183
5 133914427 10 33
5 137217708 28 149
5 137721771 63 152
5 139742048 44 87
5 140182490 22 112
5 140201397 16 102
5 140216113 27 129
5 140476111 9 27
5 140574291 47 69
5 141324868 14 87
5 145562167 14 16
5 148406827 42 224
5 150028579 45 109
5 154183157 12 61
5 169701312 6 22
5 176314590 18 67
5 180477326 50 104
6 24467399 8 93
6 27419486 125 162
6 28501750 80 400
6 29364696 39 143
6 32130715 110 324
6 32178542 40 152
6 33406232 37 235
6 43275371 69 120
6 50791330 28 51
6 128388674 22 53
6 137323091 34 82
6 137814889 22 66
6 158363843 16 73
6 160176455 38 80
6 168434609 27 68
7 15601460 36 66
7 35733804 46 190
7 41729879 21 47
7 44189441 25 63
7 44579150 18 72
7 45743342 37 65
7 55467749 69 120
7 72756838 88 154
7 81579632 8 55
7 90003668 31 65
7 107605017 77 116
7 107708514 35 194
7 107800925 20 39
7 114271723 30 41
7 122635727 6 43
7 129348982 140 318
7 130025024 23 48
7 131831381 138 269
7 142612698 11 39
7 142881280 57 109
7 146818081 30 56
7 149545230 9 66
7 150554475 10 16
7 150918751 90 188
7 158468325 20 110
8 3038645 13 29
8 24249805 22 119
8 37735015 70 140
8 39564357 12 41
8 41566318 86 201
8 48701799 10 17
8 53079524 63 136
8 55539921 56 143
8 77618080 41 73
8 77776737 15 42
8 82606934 87 205
8 89086945 58 134
8 95390503 16 40
8 113421166 85 228
8 113484912 35 76
8 131833668 16 30
8 133045310 7 17
8 133858080 30 96
8 145749479 108 226
9 8339047 17 34
9 19082957 8 76
9 34500817 5 45
9 70993229 22 37
9 71114208 74 99
9 74863360 6 12
9 90322342 3 9
9 95797636 7 23
9 103213106 22 52
9 107457008 162 362
9 113169069 122 216
9 120475067 26 132
9 135278199 13 92
9 140146898 6 25
10 23287106 7 37
10 30915049 40 122
10 37454083 12 47
10 43882166 75 154
10 46961994 26 158
10 104489099 23 52
10 107012615 34 120
10 120353661 21 67
10 121551579 8 246
10 129905763 94 269
10 135051638 5 20
11 558709 4 18
11 3661436 23 79
11 4944840 46 71
11 5153632 46 72
11 5345219 41 71
11 5443901 33 330
11 7531000 21 58
11 55904317 42 88
11 58170161 26 105
11 58601981 17 108
11 65827268 28 64
11 71949145 13 15
11 92531675 11 29
11 121174140 23 139
11 124310257 31 144
11 128786413 96 169
12 3805981 54 85
12 25398284 13 19
12 55421178 311 413
12 55886519 50 77
12 56479039 19 32
12 64202608 47 65
12 100042185 47 49
12 105538144 73 123
12 122990039 26 47
13 49281044 67 138
13 58298880 34 114
13 101777019 68 185
14 23523778 19 46
14 42356688 57 146
14 52505531 29 104
14 70793067 3 9
14 71443750 20 44
14 71502801 86 234
14 72138121 33 47
14 78399861 8 23
14 80971348 16 31
14 81304608 23 101
14 107131274 36 62
15 25451272 14 34
15 26793116 26 89
15 50168506 22 75
15 62232961 9 62
15 65702515 32 46
15 72063533 43 171
15 81517840 24 69
15 92988003 5 37
16 12571716 11 23
16 48249206 16 49
16 56875616 41 227
16 70503108 62 149
16 76501258 17 34
17 2597328 16 54
17 3591921 12 109
17 4536594 19 38
17 10435205 29 141
17 10440622 86 156
17 11865334 24 59
17 16068459 15 277
17 16526384 157 280
17 26604229 22 56
17 39642597 4 21
17 41601039 50 85
17 46627830 21 111
17 51900917 39 87
17 60802397 16 119
17 61574261 6 30
17 61988473 7 54
17 62175545 24 96
17 80789581 9 98
18 5291456 24 102
18 22804736 14 76
18 22805482 59 149
18 28906930 31 173
18 30350335 6 22
18 42618602 30 54
18 44560052 25 167
18 44560065 27 171
18 59483586 38 52
18 61310714 86 176
19 9071316 99 126
19 10602719 29 36
19 11230871 28 22
19 14991993 31 38
19 15079179 14 20
19 22379629 18 10
19 33639782 55 65
19 43528992 138 210
19 44377779 35 48
19 54818597 32 32
19 54818598 33 31
19 55107243 50 68
19 55107244 51 69
20 25059410 52 265
20 32267639 61 78
20 54823836 159 236
20 62421979 3 45
21 34117919 70 196
21 47836155 25 59
21 47836156 25 59
22 23438217 57 82
22 41864685 13 43
22 44221895 63 159
