chromosome_index position alt_count ref_count
1 3334463 97 184
1 12081878 13 16
1 27587473 16 24
1 118170384 25 41
1 154956520 25 24
1 156823981 20 37
1 157716438 14 20
1 201974944 4 10
1 233518353 30 55
1 236766347 6 12
2 225688357 18 21
2 238494751 27 60
3 48510454 6 12
3 53845336 28 54
3 72842103 15 34
3 138478176 76 147
3 184052524 18 33
4 36179487 18 31
4 130014461 5 5
5 85913829 50 72
5 138704728 9 2
5 139747021 18 4
6 54214540 41 41
6 56494230 25 36
6 112430643 24 22
6 112430644 24 23
7 22200190 17 20
7 38902201 31 59
7 90897841 101 126
8 133823301 46 29
8 143747695 31 29
8 145741535 35 20
9 100389788 19 43
10 8111467 20 35
10 31138190 21 26
10 56423964 25 44
10 129910660 26 38
11 7083573 35 52
11 19854102 3 29
11 58345551 29 57
11 71716361 14 16
11 85373132 7 13
11 102649966 31 56
11 120745851 19 40
12 2929937 20 34
12 9161629 44 55
12 56718077 12 15
12 57548344 29 64
12 57858618 14 17
12 95922715 18 25
12 95922716 18 25
12 106633493 11 27
12 132445961 6 10
13 25033245 81 134
13 31338263 17 41
14 69697226 18 36
14 91937275 25 38
14 104618786 14 29
15 64680123 3 30
15 72502795 20 31
15 72855824 29 49
16 11772888 61 48
17 7490749 18 31
17 33457438 5 26
17 42254547 20 59
18 24722672 15 13
19 13033456 2 6
19 37210602 20 66
19 38872891 7 21
19 58490071 19 46
20 310248 11 31
20 30064340 35 60
22 32598439 9 21
22 44645466 24 37
