chromosome_index	start_position	end_position	major_cn	minor_cn	total_cn
1	1	36887568	1.0	1.0	2.0
1	36887569	36892310	1.0	1.0	2.0
1	36892311	43007395	1.0	1.0	2.0
1	43007396	43021858	1.0	1.0	2.0
1	43021859	59986151	1.0	1.0	2.0
1	59986152	59993724	1.0	1.0	2.0
1	59993725	121499999	1.0	1.0	2.0
1	121500000	128899999	1.0	1.0	2.0
1	128900000	144710001	1.0	1.0	2.0
1	144710002	239257902	2.0	1.0	3.0
1	239257903	239266603	2.0	1.0	3.0
1	239266604	247247500	2.0	1.0	3.0
1	247247501	249250620	2.0	1.0	3.0
2	13651	90499999	1.0	1.0	2.0
2	90500000	96799999	1.0	1.0	2.0
2	96800000	152689799	1.0	1.0	2.0
2	152689800	152700627	1.0	1.0	2.0
2	152700628	220914331	1.0	1.0	2.0
2	220914332	220921979	1.0	1.0	2.0
2	220921980	236054300	1.0	1.0	2.0
2	236054301	236063738	2.0	1.0	3.0
2	236063739	242986605	1.0	1.0	2.0
3	100074	17885793	1.0	1.0	2.0
3	17885794	17896059	1.0	1.0	2.0
3	17896060	60689382	1.0	1.0	2.0
3	60689383	60691462	1.0	1.0	2.0
3	60691463	67894897	1.0	1.0	2.0
3	67894898	67897486	1.0	1.0	2.0
3	67897487	87899999	1.0	1.0	2.0
3	87900000	93899999	1.0	1.0	2.0
3	93900000	198022429	1.0	1.0	2.0
4	47615	48199999	1.0	1.0	2.0
4	48200000	52699999	1.0	1.0	2.0
4	52700000	76690219	1.0	1.0	2.0
4	76690220	123711733	1.0	0.0	1.0
4	123711734	191154275	1.0	1.0	2.0
5	22500	849498	1.0	1.0	2.0
5	849499	46099999	1.0	1.0	2.0
5	46100000	50699999	1.0	1.0	2.0
5	50700000	85422988	1.0	1.0	2.0
5	85422989	85431566	2.0	1.0	3.0
5	85431567	97767785	1.0	1.0	2.0
5	97767786	104429210	2.0	1.0	3.0
5	104429211	106234999	2.0	1.0	3.0
5	106235000	116081870	2.0	1.0	3.0
5	116081871	180689978	1.0	1.0	2.0
6	39681	212499	1.0	1.0	2.0
6	212500	420383	1.0	1.0	2.0
6	420384	58699999	1.0	1.0	2.0
6	58700000	63299999	1.0	1.0	2.0
6	63300000	129334342	1.0	1.0	2.0
6	129334343	129346989	1.0	1.0	2.0
6	129346990	170899934	1.0	1.0	2.0
7	42906	57999999	2.0	1.0	3.0
7	58000000	61699999	2.0	1.0	3.0
7	61700000	145937340	2.0	1.0	3.0
7	145937341	145955745	2.0	1.0	3.0
7	145955746	158821400	2.0	1.0	3.0
8	170012	43099999	1.0	0.0	1.0
8	48100000	146364021	2.0	1.0	3.0
9	47500	200100	1.0	1.0	2.0
9	200101	47299999	1.0	1.0	2.0
9	47300000	50699999	1.0	1.0	2.0
9	50700000	69538722	1.0	1.0	2.0
9	69538723	140273200	1.0	1.0	2.0
10	95662	6540132	1.0	1.0	2.0
10	6540133	6559697	2.0	1.0	3.0
10	6559698	37999999	1.0	1.0	2.0
10	38000000	42355001	1.0	1.0	2.0
10	42355002	42426137	1.0	1.0	2.0
10	42426138	42427723	1.0	1.0	2.0
10	42427724	42476835	1.0	1.0	2.0
10	42476836	42596801	1.0	1.0	2.0
10	42596802	44484720	2.0	1.0	3.0
10	44484721	90081706	1.0	0.0	1.0
10	90081707	90085427	1.0	0.0	1.0
10	90085428	121837699	1.0	0.0	1.0
10	121837700	121852947	2.0	0.0	2.0
10	121852948	121866642	1.0	0.0	1.0
10	121866643	121874861	1.0	0.0	1.0
10	121874862	135389924	1.0	0.0	1.0
11	20721	190009	1.0	1.0	2.0
11	190010	44341222	1.0	1.0	2.0
11	44341223	50486318	1.0	0.0	1.0
11	50486319	51599999	1.0	1.0	2.0
11	51600000	55699999	1.0	1.0	2.0
11	55700000	108099785	1.0	1.0	2.0
11	108099786	108202314	1.0	0.0	1.0
11	108202315	109538323	1.0	1.0	2.0
11	109538324	109553058	2.0	1.0	3.0
11	109553059	114385102	1.0	1.0	2.0
11	114385103	114387656	1.0	1.0	2.0
11	114387657	134452200	1.0	1.0	2.0
12	110107	18124464	1.0	0.0	1.0
12	18124465	22872640	2.0	0.0	2.0
12	22872641	23652302	2.0	1.0	3.0
12	23652303	25017264	2.0	0.0	2.0
12	25017265	33299999	1.0	0.0	1.0
12	38200000	132349400	1.0	1.0	2.0
12	132349401	133851894	1.0	1.0	2.0
13	1	16299999	1.0	1.0	2.0
13	16300000	19499999	1.0	1.0	2.0
13	19500000	114142800	1.0	1.0	2.0
13	114142801	115169877	1.0	1.0	2.0
14	1	16099999	1.0	1.0	2.0
14	16100000	19099999	1.0	1.0	2.0
14	19100000	51448302	1.0	1.0	2.0
14	51448303	75557771	1.0	0.0	1.0
14	75557772	106368400	1.0	1.0	2.0
15	1	15799999	1.0	1.0	2.0
15	15800000	20699999	1.0	1.0	2.0
15	20700000	100338800	1.0	1.0	2.0
15	100338801	102349919	1.0	1.0	2.0
16	100010	30687507	1.0	1.0	2.0
16	30687508	30688294	1.0	1.0	2.0
16	30688295	32342669	1.0	0.0	1.0
16	32342670	33706479	1.0	0.0	1.0
16	33706480	34044994	1.0	0.0	1.0
16	38600000	46447499	1.0	1.0	2.0
16	46447500	88827200	1.0	1.0	2.0
16	88827201	90354752	1.0	1.0	2.0
17	48049	20854978	1.0	0.0	1.0
17	20854979	22199999	1.0	1.0	2.0
17	22200000	25799999	1.0	1.0	2.0
17	25800000	78774600	1.0	1.0	2.0
17	78774601	81195209	1.0	1.0	2.0
18	75371	15399999	1.0	1.0	2.0
18	15400000	18999999	1.0	1.0	2.0
18	19000000	63242810	1.0	1.0	2.0
18	63242811	63250118	1.0	1.0	2.0
18	63250119	76117000	1.0	1.0	2.0
18	76117001	78077247	1.0	1.0	2.0
19	102500	260136	1.0	1.0	2.0
19	260137	24399999	1.0	1.0	2.0
19	24400000	28599999	1.0	1.0	2.0
19	28600000	39438723	1.0	1.0	2.0
19	39438724	39442353	1.0	1.0	2.0
19	39442354	51865570	1.0	1.0	2.0
19	51865571	51873175	1.0	1.0	2.0
19	51873176	59128982	1.0	1.0	2.0
20	79063	25599999	1.0	1.0	2.0
20	25600000	29399999	1.0	1.0	2.0
20	29400000	62432500	1.0	1.0	2.0
21	10900000	14299999	1.0	1.0	2.0
21	14300000	43581297	1.0	1.0	2.0
21	43581298	43616032	2.0	1.0	3.0
21	43616033	43622394	2.0	1.0	3.0
21	43622395	43623250	1.0	1.0	2.0
21	43623251	46937500	1.0	1.0	2.0
21	46937501	48129894	1.0	1.0	2.0
22	1	12199999	1.0	1.0	2.0
22	12200000	17899999	1.0	1.0	2.0
22	17900000	49687500	1.0	1.0	2.0
22	49687501	51304565	1.0	1.0	2.0
