chromosome_index	start_position	end_position	major_cn	minor_cn	total_cn
1	10001	33280861	1.0	1.0	2.0
1	33280862	33375127	2.0	1.0	3.0
1	33375128	73405947	1.0	1.0	2.0
1	73405948	107226316	1.0	0.0	1.0
1	107226317	112053542	2.0	1.0	3.0
1	112053543	112408241	4.0	1.0	5.0
1	112408242	112477355	3.0	1.0	4.0
1	112477356	113470862	4.0	1.0	5.0
1	113470863	113472163	4.0	1.0	5.0
1	113472164	113472283	3.0	1.0	4.0
1	113472284	113473021	3.0	1.0	4.0
1	113473022	115664078	3.0	1.0	4.0
1	115664079	118691019	4.0	1.0	5.0
1	118691020	118717181	3.0	1.0	4.0
1	118717182	118746609	4.0	1.0	5.0
1	118746610	118857601	3.0	1.0	4.0
1	118857602	118953162	3.0	1.0	4.0
1	118953163	119144179	3.0	1.0	4.0
1	119144180	119382092	3.0	1.0	4.0
1	119382093	119827577	3.0	1.0	4.0
1	119827578	119980800	4.0	1.0	5.0
1	119980801	120532202	3.0	1.0	4.0
1	120532203	120858933	2.0	1.0	3.0
1	120858934	121476802	2.0	1.0	3.0
1	128900000	143150938	4.0	0.0	4.0
1	143150939	143292602	4.0	0.0	4.0
1	143292603	144920086	4.0	0.0	4.0
1	144920087	149684383	1.0	1.0	2.0
1	149684384	171012818	2.0	1.0	3.0
1	171012819	174740035	4.0	1.0	5.0
1	174740036	178508793	2.0	1.0	3.0
1	178508794	178706664	4.0	1.0	5.0
1	178706665	178730209	4.0	1.0	5.0
1	178730210	178839033	3.0	1.0	4.0
1	178839034	179491954	4.0	1.0	5.0
1	179491955	179491981	4.0	1.0	5.0
1	179491982	179492409	4.0	1.0	5.0
1	179492410	183222799	3.0	1.0	4.0
1	183222800	184715157	2.0	1.0	3.0
1	184715158	184767191	4.0	1.0	5.0
1	184767192	185557087	2.0	1.0	3.0
1	185557088	187589890	2.0	2.0	4.0
1	187589891	189312429	2.0	1.0	3.0
1	189312430	194899956	2.0	0.0	2.0
1	194899957	196809147	3.0	0.0	3.0
1	196809148	197168999	2.0	0.0	2.0
1	197169000	197169152	2.0	1.0	3.0
1	197169153	199614170	2.0	1.0	3.0
1	199614171	199941653	3.0	1.0	4.0
1	199941654	200229034	4.0	1.0	5.0
1	200229035	200483707	3.0	1.0	4.0
1	200483708	208425496	4.0	1.0	5.0
1	208425497	208499665	3.0	1.0	4.0
1	208499666	208688002	4.0	1.0	5.0
1	208688003	208878811	3.0	1.0	4.0
1	208878812	238437657	2.0	1.0	3.0
1	238437658	239639954	2.0	1.0	3.0
1	239639955	239673836	2.0	0.0	2.0
1	239673837	241959932	2.0	1.0	3.0
1	241959933	242067824	3.0	1.0	4.0
1	242067825	243618323	2.0	1.0	3.0
1	243618324	244483559	3.0	1.0	4.0
1	244483560	248535932	2.0	1.0	3.0
1	248535933	248836622	1.0	1.0	2.0
2	32227	39651128	1.0	1.0	2.0
2	39651129	42809827	2.0	1.0	3.0
2	42809828	90499999	1.0	1.0	2.0
2	90500000	96799999	1.0	1.0	2.0
2	96800000	242987003	1.0	1.0	2.0
3	62425	87899999	1.0	1.0	2.0
3	87900000	93899999	1.0	1.0	2.0
3	93900000	132847062	1.0	1.0	2.0
3	132847063	132847713	1.0	1.0	2.0
3	132847714	160434198	1.0	1.0	2.0
3	160434199	160434774	1.0	1.0	2.0
3	160434775	160446659	1.0	0.0	1.0
3	160446660	160502168	1.0	0.0	1.0
3	160502169	160511680	1.0	0.0	1.0
3	160511681	160569649	1.0	0.0	1.0
3	160569650	160573595	1.0	0.0	1.0
3	160573596	160626252	1.0	0.0	1.0
3	160626253	160626416	1.0	0.0	1.0
3	160626417	160770536	1.0	0.0	1.0
3	160770537	160777129	1.0	0.0	1.0
3	160777130	160779001	1.0	1.0	2.0
3	160779002	160834653	1.0	1.0	2.0
3	160834654	160859807	1.0	0.0	1.0
3	160859808	160872218	1.0	0.0	1.0
3	160872219	161076732	1.0	0.0	1.0
3	161076733	161082141	1.0	1.0	2.0
3	161082142	161100667	1.0	0.0	1.0
3	161100668	197847500	1.0	1.0	2.0
4	31303	48199999	1.0	1.0	2.0
4	48200000	52699999	1.0	1.0	2.0
4	52700000	191154275	1.0	1.0	2.0
5	14676	2189291	1.0	0.0	1.0
5	2189292	2199455	1.0	0.0	1.0
5	2199456	2583258	1.0	0.0	1.0
5	2583259	2636923	1.0	1.0	2.0
5	2636924	2682653	1.0	0.0	1.0
5	2682654	2737596	1.0	0.0	1.0
5	2737597	3582347	1.0	1.0	2.0
5	3582348	3607938	1.0	0.0	1.0
5	3607939	4163450	1.0	0.0	1.0
5	4163451	4172481	1.0	0.0	1.0
5	4172482	4204693	1.0	0.0	1.0
5	4204694	9257862	1.0	0.0	1.0
5	9257863	46099999	1.0	1.0	2.0
5	46100000	50699999	1.0	1.0	2.0
5	50700000	84934502	1.0	1.0	2.0
5	84934503	85001877	1.0	1.0	2.0
5	85001878	180689978	1.0	1.0	2.0
6	39681	202776	1.0	1.0	2.0
6	202777	58699999	1.0	1.0	2.0
6	58700000	63299999	1.0	1.0	2.0
6	63300000	142532890	1.0	1.0	2.0
6	142532891	153504519	1.0	0.0	1.0
6	153504520	170912653	1.0	1.0	2.0
7	58384	55655239	1.0	1.0	2.0
7	55655240	57999999	1.0	0.0	1.0
7	58000000	61699999	1.0	0.0	1.0
7	61700000	158821400	1.0	0.0	1.0
8	10001	170011	1.0	1.0	2.0
8	170012	809040	1.0	1.0	2.0
8	809041	809653	1.0	0.0	1.0
8	809654	812464	1.0	0.0	1.0
8	812465	814631	1.0	0.0	1.0
8	814632	819270	1.0	0.0	1.0
8	819271	6361664	1.0	0.0	1.0
8	6361665	6368675	1.0	0.0	1.0
8	6368676	22700498	1.0	0.0	1.0
8	22700499	22705217	1.0	0.0	1.0
8	22705218	23235866	1.0	0.0	1.0
8	23235867	23252209	1.0	1.0	2.0
8	23252210	23285086	1.0	0.0	1.0
8	23285087	24295588	1.0	1.0	2.0
8	24295589	24335012	1.0	0.0	1.0
8	24335013	28478582	1.0	1.0	2.0
8	28478583	28667772	1.0	0.0	1.0
8	28667773	29240927	1.0	0.0	1.0
8	29240928	29722059	1.0	0.0	1.0
8	29722060	29736563	1.0	1.0	2.0
8	29736564	29843605	1.0	0.0	1.0
8	29843606	29869544	1.0	1.0	2.0
8	29869545	29872114	1.0	0.0	1.0
8	29872115	29876671	1.0	0.0	1.0
8	29876672	29909806	1.0	0.0	1.0
8	29909807	29929657	2.0	1.0	3.0
8	29929658	29994699	1.0	0.0	1.0
8	29994700	30003275	1.0	0.0	1.0
8	30003276	30013810	2.0	1.0	3.0
8	30013811	30019397	2.0	1.0	3.0
8	30019398	30035230	1.0	0.0	1.0
8	30035231	43099999	2.0	1.0	3.0
8	48100000	48954989	1.0	0.0	1.0
8	48954990	50221868	1.0	1.0	2.0
8	50221869	50223932	1.0	1.0	2.0
8	50223933	50224838	1.0	0.0	1.0
8	50224839	50243036	1.0	0.0	1.0
8	50243037	50295940	2.0	1.0	3.0
8	50295941	50307160	1.0	0.0	1.0
8	50307161	92018454	1.0	1.0	2.0
8	92018455	92053760	1.0	0.0	1.0
8	92053761	92054591	1.0	0.0	1.0
8	92054592	116409945	2.0	1.0	3.0
8	116409946	120580037	3.0	1.0	4.0
8	120580038	146364021	2.0	1.0	3.0
9	10001	229148	1.0	1.0	2.0
9	229149	41962499	1.0	1.0	2.0
9	41962500	47299999	1.0	1.0	2.0
9	50700000	65607499	1.0	1.0	2.0
9	65607500	140273200	1.0	1.0	2.0
9	140273201	141026411	1.0	1.0	2.0
10	102500	11806339	1.0	1.0	2.0
10	11806340	11895378	2.0	1.0	3.0
10	11895379	37999999	1.0	1.0	2.0
10	38000000	42299999	1.0	1.0	2.0
10	42300000	52396408	1.0	1.0	2.0
10	52396409	52527028	1.0	0.0	1.0
10	52527029	90516394	1.0	1.0	2.0
10	90516395	90731076	1.0	0.0	1.0
10	90731077	106486972	1.0	1.0	2.0
10	106486973	106490541	1.0	0.0	1.0
10	106490542	106491508	1.0	0.0	1.0
10	106491509	106500051	1.0	0.0	1.0
10	106500052	106500850	1.0	0.0	1.0
10	106500851	135217031	1.0	0.0	1.0
10	135217032	135389924	1.0	0.0	1.0
11	198450	51599999	1.0	1.0	2.0
11	51600000	55699999	1.0	1.0	2.0
11	55700000	134420629	1.0	1.0	2.0
12	110107	33299999	1.0	1.0	2.0
12	33300000	38199999	1.0	1.0	2.0
12	38200000	132299400	1.0	1.0	2.0
12	132299401	133851894	1.0	1.0	2.0
13	1	16299999	1.0	1.0	2.0
13	16300000	19499999	1.0	1.0	2.0
13	19500000	114168606	1.0	1.0	2.0
13	114168607	115169877	1.0	1.0	2.0
14	1	16099999	1.0	1.0	2.0
14	16100000	19099999	1.0	1.0	2.0
14	19100000	37629153	1.0	1.0	2.0
14	37629154	37932701	2.0	1.0	3.0
14	37932702	38073157	2.0	2.0	4.0
14	38073158	38256663	2.0	1.0	3.0
14	38256664	106368400	1.0	1.0	2.0
15	1	15799999	1.0	1.0	2.0
15	15800000	20699999	1.0	1.0	2.0
15	20700000	100354548	1.0	1.0	2.0
15	100354549	102349919	1.0	1.0	2.0
16	85065	34599999	1.0	1.0	2.0
16	34600000	38599999	1.0	1.0	2.0
16	38600000	46447499	1.0	1.0	2.0
16	46447500	48296749	1.0	1.0	2.0
16	48296750	48303825	1.0	1.0	2.0
16	48303826	52063033	1.0	1.0	2.0
16	52063034	52072992	1.0	0.0	1.0
16	52072993	52078011	1.0	0.0	1.0
16	52078012	52080684	1.0	0.0	1.0
16	52080685	52083156	1.0	0.0	1.0
16	52083157	52139024	1.0	0.0	1.0
16	52139025	52144926	1.0	0.0	1.0
16	52144927	52189931	1.0	0.0	1.0
16	52189932	52198376	1.0	0.0	1.0
16	52198377	52279823	1.0	0.0	1.0
16	52279824	52292696	1.0	0.0	1.0
16	52292697	52335888	1.0	0.0	1.0
16	52335889	52342560	1.0	0.0	1.0
16	52342561	52514920	1.0	0.0	1.0
16	52514921	52561475	1.0	1.0	2.0
16	52561476	53494044	1.0	0.0	1.0
16	53494045	58719134	1.0	1.0	2.0
16	58719135	88827200	1.0	0.0	1.0
16	88827201	90354752	1.0	0.0	1.0
17	6689	22199999	1.0	1.0	2.0
17	22200000	25799999	1.0	1.0	2.0
17	25800000	78793496	1.0	1.0	2.0
17	78793497	81195209	1.0	1.0	2.0
18	27500	125370	1.0	1.0	2.0
18	125371	15399999	1.0	1.0	2.0
18	15400000	18999999	1.0	1.0	2.0
18	19000000	76117000	1.0	1.0	2.0
18	76117001	78077247	1.0	1.0	2.0
19	102500	286430	1.0	1.0	2.0
19	286431	24399999	1.0	1.0	2.0
19	28611450	30836184	2.0	1.0	3.0
19	30836185	59128982	1.0	1.0	2.0
20	28005	25599999	1.0	1.0	2.0
20	25600000	29399999	1.0	1.0	2.0
20	29400000	62432500	1.0	1.0	2.0
21	14300000	46937500	1.0	1.0	2.0
21	46937501	48129894	1.0	1.0	2.0
22	1	12199999	1.0	1.0	2.0
22	12200000	17899999	1.0	1.0	2.0
22	17900000	49687500	1.0	1.0	2.0
22	49687501	51304565	1.0	1.0	2.0
