chromosome_index position alt_count ref_count
1 23111326 12 30
1 29606627 16 58
1 93298990 16 45
1 115401212 17 72
1 118524021 15 73
1 159683681 33 89
1 162492275 18 62
1 179399690 14 52
1 179620128 5 95
2 31483756 17 53
2 97035182 24 178
2 174783399 44 140
2 179483009 44 150
2 179650718 14 48
2 233433795 6 11
2 242576398 2 8
3 37583996 17 66
3 38835414 47 121
3 46712428 23 73
3 89259060 17 51
3 97852369 41 110
3 122271392 11 71
3 131261494 24 98
3 183961666 5 41
3 189597870 27 93
4 76522320 33 84
4 83825996 4 98
4 169279395 11 26
5 16877810 12 24
5 50091080 15 42
5 55083703 6 89
5 66460727 15 44
5 67591145 16 56
5 140182250 42 121
5 140263908 16 54
5 154393521 20 62
5 178579165 11 56
6 33132163 7 12
6 35754829 4 32
6 62407128 12 30
6 66094367 7 43
6 86203654 18 80
6 117715327 11 48
6 123319281 21 81
6 138638494 16 36
7 21469834 19 79
7 95665015 35 178
7 100451836 9 70
7 131883269 17 98
8 102585963 17 40
8 124992825 46 163
9 32543467 22 27
9 140477434 35 128
10 7759687 59 99
10 68139038 47 63
10 88769294 69 76
10 89711915 65 72
10 91066921 34 43
11 2939241 3 28
11 49974296 38 108
11 55579768 14 51
11 56230082 20 54
11 68542900 22 61
11 70266538 40 106
11 129992408 9 26
12 53217702 13 35
12 70974843 23 75
12 101493475 12 50
13 25373533 19 119
13 32913746 19 60
13 43175077 19 89
13 97638923 5 17
14 20249338 17 48
14 21897227 30 127
14 31344054 12 22
14 58063582 7 41
14 96779478 16 76
15 91452684 20 53
15 97326893 13 41
16 20373885 15 55
16 23712369 25 82
16 55543215 7 13
16 81095126 23 214
16 85120720 19 52
17 7466491 8 16
17 7948185 12 48
17 38859417 52 156
17 67079124 23 261
18 74625839 12 90
19 5221104 20 94
19 5866538 10 44
19 7676675 3 10
19 7828059 9 29
19 22940690 14 61
19 34264003 6 6
19 45561033 21 84
19 53645135 35 110
19 54850352 12 57
19 54850412 7 30
20 30065686 7 29
20 43029970 12 43
21 35821527 65 223
