chromosome_index position alt_count ref_count
1 2938945 24 117
1 20517360 25 119
1 31191827 6 20
1 93309540 26 94
1 155238148 15 87
1 156498714 42 27
1 173806173 20 78
1 190250737 164 91
1 240071289 17 71
1 248512076 37 21
2 21229519 50 32
2 29366802 81 52
2 39053721 51 44
2 98994559 27 148
2 122484919 86 50
2 136481727 44 145
2 136691481 199 128
2 165559721 10 37
2 172182584 180 110
2 210885145 22 43
2 222347314 13 74
2 232123721 54 28
3 10970945 54 105
3 15507879 56 282
3 25686805 306 562
3 25686847 302 564
3 38904741 33 42
3 44763599 54 83
3 47165225 33 51
3 64526830 79 109
3 113212129 41 54
3 129282004 21 26
3 132086623 6 56
4 515466 3 47
4 10446373 55 98
4 40154482 39 124
4 40818098 17 75
4 114375558 17 4
4 119979383 9 2
4 144796663 38 78
5 15937316 30 10
5 23526821 75 214
5 41382470 123 85
5 43446574 103 63
5 54274853 4 9
5 122754208 15 59
5 149247346 13 44
6 30951677 7 24
6 31507007 37 39
6 31555456 11 28
6 37139141 63 99
6 43492327 46 67
6 50803905 33 44
6 84870613 3 44
6 100896528 6 16
6 128403764 23 88
6 145947127 5 4
7 29874406 72 228
7 53104142 15 20
7 97614246 33 50
7 107732077 32 114
7 129962512 23 35
7 137567230 68 97
7 139168233 9 48
7 148907790 120 140
8 21965221 12 11
8 70536387 116 294
8 72182014 29 95
8 144103352 5 6
9 5921873 42 8
9 129148868 16 37
9 135985072 31 52
9 138660742 12 19
10 79397504 13 19
10 104140434 32 18
10 104465227 29 28
10 124336218 18 60
10 129913465 29 74
10 135352460 20 28
11 5254217 16 64
11 35208383 26 44
11 58723497 34 41
11 60157018 18 37
11 67209158 9 13
11 88781134 11 7
11 94603926 15 23
11 119243744 24 41
12 6182863 15 20
12 10205329 25 26
12 32136720 18 22
12 41900359 35 20
12 53687349 4 11
12 57594875 13 43
12 120220408 25 21
13 36827982 18 33
13 101289831 22 37
14 45571737 22 19
14 45571769 21 32
15 24922750 19 61
15 31330001 30 32
15 45388244 14 51
15 66599227 17 36
15 74426696 28 13
15 85327987 24 32
15 85681148 37 32
15 98512602 41 38
16 89293317 47 19
17 7578275 60 21
17 18881565 5 5
17 38508601 11 35
17 39659035 23 39
17 39659036 24 39
17 70117638 104 152
17 77808306 15 30
17 78965664 13 54
18 76755362 8 16
19 16682902 40 16
19 22154761 38 231
19 46268971 73 29
19 46268972 72 29
19 50779462 15 148
19 55284986 30 120
20 13912332 43 47
20 50781292 14 25
20 61443981 36 63
21 40568678 10 30
21 43955639 27 38
22 21989329 33 30
22 33733771 47 64
22 42180662 6 5
22 45132994 37 41
