chromosome_index	position	alt_count	ref_count
1	2025970	13.0	9.0
1	12788522	3.0	23.0
1	16633019	4.0	39.0
1	25844737	8.0	19.0
1	31002153	4.0	45.0
1	31320703	3.0	26.0
1	34581856	15.0	26.0
1	39013210	5.0	27.0
1	46319919	13.0	13.0
1	51263677	17.0	17.0
1	52313545	9.0	14.0
1	61394134	20.0	23.0
1	69589453	4.0	27.0
1	72737843	29.0	17.0
1	74936547	14.0	12.0
1	76088613	2.0	23.0
1	76520598	19.0	19.0
1	85472670	5.0	32.0
1	91645736	8.0	25.0
1	104084755	6.0	34.0
1	106355489	15.0	16.0
1	108378500	5.0	23.0
1	121337191	17.0	22.0
1	145246433	5.0	37.0
1	145563013	12.0	10.0
1	154738858	3.0	13.0
1	155945226	18.0	23.0
1	157673851	17.0	13.0
1	158261676	12.0	21.0
1	158569875	3.0	27.0
1	158831076	5.0	31.0
1	160617090	10.0	15.0
1	192714564	14.0	18.0
1	194251200	14.0	22.0
1	197542743	18.0	21.0
1	198473805	24.0	17.0
1	211827849	14.0	11.0
1	216524814	19.0	17.0
1	226727944	13.0	23.0
1	229980033	4.0	30.0
1	237490122	3.0	32.0
1	244509346	17.0	22.0
10	2711272	18.0	24.0
10	7080702	3.0	33.0
10	7273139	3.0	37.0
10	18545729	20.0	14.0
10	20343171	5.0	30.0
10	26628469	15.0	13.0
10	28026345	13.0	16.0
10	37717161	14.0	24.0
10	37803270	22.0	15.0
10	49404472	14.0	14.0
10	60175113	15.0	19.0
10	64091007	19.0	23.0
10	66375105	6.0	33.0
10	68102850	3.0	30.0
10	88771606	3.0	21.0
10	93161130	14.0	4.0
10	97808341	7.0	14.0
10	127799923	11.0	1.0
11	1852632	7.0	7.0
11	4703796	10.0	16.0
11	9693267	3.0	3.0
11	10265419	15.0	17.0
11	18767668	4.0	13.0
11	21431730	15.0	22.0
11	23010614	20.0	10.0
11	24334838	4.0	23.0
11	37657245	5.0	30.0
11	39833947	10.0	22.0
11	45282992	8.0	14.0
11	48780164	16.0	20.0
11	56259350	17.0	14.0
11	58288652	15.0	11.0
11	62755495	15.0	13.0
11	66319226	15.0	10.0
11	66514711	10.0	13.0
11	69304281	5.0	29.0
11	69666451	6.0	24.0
11	69885944	8.0	21.0
11	71125387	9.0	15.0
11	73021102	16.0	6.0
11	80002352	4.0	27.0
11	92118181	4.0	26.0
11	97188471	5.0	23.0
11	98698043	6.0	22.0
11	102137627	12.0	15.0
11	108926158	18.0	12.0
11	109284512	19.0	27.0
11	110437462	12.0	19.0
11	130052892	10.0	6.0
12	7400514	14.0	43.0
12	8759706	6.0	50.0
12	14244987	17.0	38.0
12	20688569	15.0	47.0
12	21495928	15.0	37.0
12	21496982	14.0	34.0
12	21567334	12.0	36.0
12	28143871	6.0	46.0
12	28973846	14.0	35.0
12	30472759	14.0	47.0
12	33644881	7.0	28.0
12	38439781	17.0	21.0
12	38777885	3.0	22.0
12	39264997	15.0	17.0
12	44323325	22.0	25.0
12	47416509	11.0	26.0
12	55276477	23.0	16.0
12	55552680	4.0	36.0
12	66422237	3.0	30.0
12	75507293	20.0	13.0
12	80020477	10.0	14.0
12	81328082	9.0	19.0
12	90569298	16.0	20.0
12	96774353	7.0	11.0
12	102786086	12.0	25.0
12	107563093	14.0	21.0
12	108335095	15.0	24.0
12	112914200	18.0	13.0
12	119884476	4.0	16.0
12	120969423	10.0	13.0
12	127761368	5.0	33.0
12	130104808	12.0	12.0
13	19411394	8.0	8.0
13	22304369	5.0	22.0
13	26527283	8.0	35.0
13	35128460	13.0	25.0
13	64020123	17.0	15.0
13	74002733	14.0	23.0
13	78442708	18.0	11.0
13	80562318	18.0	16.0
13	82068916	21.0	23.0
13	82739319	8.0	12.0
13	82894968	14.0	14.0
13	83761820	5.0	13.0
13	87441806	21.0	16.0
13	92212055	13.0	16.0
13	112532262	5.0	32.0
13	112683936	3.0	23.0
13	113607840	3.0	24.0
14	22094897	3.0	20.0
14	22658220	14.0	15.0
14	26630220	11.0	12.0
14	29044198	15.0	13.0
14	35381458	8.0	13.0
14	37514414	18.0	21.0
14	52999574	15.0	20.0
14	56180865	17.0	17.0
14	72759860	5.0	18.0
14	87308183	16.0	18.0
14	87776899	6.0	29.0
14	88458554	10.0	14.0
14	93614339	3.0	32.0
14	96471936	28.0	19.0
14	98638339	10.0	18.0
14	101107654	3.0	20.0
15	22480572	19.0	16.0
15	35969978	25.0	19.0
15	39655506	23.0	12.0
15	49343613	5.0	23.0
15	54814942	3.0	36.0
15	60523754	15.0	19.0
15	62488131	21.0	21.0
15	68611705	10.0	14.0
15	72114166	13.0	24.0
15	76956341	16.0	21.0
15	95294014	3.0	26.0
15	100561478	9.0	23.0
16	3124644	5.0	14.0
16	30099405	16.0	15.0
16	30109964	12.0	15.0
16	31545854	20.0	10.0
16	32395017	8.0	8.0
16	34920169	4.0	17.0
16	49500503	9.0	13.0
16	52720393	8.0	18.0
16	58398421	13.0	7.0
16	60810136	18.0	21.0
16	73840153	16.0	16.0
16	80391034	20.0	13.0
16	83108329	22.0	14.0
16	86229667	4.0	26.0
16	86433207	18.0	15.0
16	88471441	3.0	14.0
17	9169171	12.0	1.0
17	12755744	3.0	9.0
17	18289661	21.0	1.0
17	22055560	6.0	39.0
17	25858359	12.0	25.0
17	36934789	14.0	25.0
17	41021836	16.0	22.0
17	42756740	19.0	44.0
17	43074408	7.0	36.0
17	46660633	12.0	21.0
17	51323131	19.0	36.0
17	60570254	12.0	31.0
17	62975570	12.0	45.0
17	65258073	20.0	30.0
17	65595658	9.0	36.0
17	67601689	12.0	29.0
17	70858929	11.0	26.0
17	77979048	12.0	30.0
17	78991906	5.0	53.0
17	78991917	4.0	51.0
17	79251851	18.0	9.0
18	10556771	11.0	12.0
18	11577384	22.0	15.0
18	14292995	18.0	15.0
18	14396318	3.0	37.0
18	25966337	18.0	17.0
18	33155816	11.0	14.0
18	56985776	14.0	22.0
18	58421076	10.0	24.0
18	65006918	4.0	34.0
18	68889692	4.0	25.0
18	69579400	4.0	39.0
18	70573090	5.0	29.0
18	76394746	3.0	20.0
18	76585492	13.0	15.0
19	5459245	8.0	9.0
19	29318212	17.0	7.0
19	29870309	5.0	15.0
19	39653689	8.0	15.0
19	43324664	4.0	24.0
19	46236286	7.0	15.0
19	48733638	18.0	15.0
19	50684117	3.0	26.0
19	51708717	16.0	22.0
19	55002523	10.0	10.0
19	57974462	11.0	13.0
2	199546	16.0	8.0
2	373999	4.0	30.0
2	2281313	16.0	25.0
2	12232360	16.0	16.0
2	27377110	3.0	25.0
2	30584905	6.0	21.0
2	36185561	20.0	18.0
2	37594818	3.0	29.0
2	52869470	18.0	20.0
2	60089968	22.0	21.0
2	72913372	10.0	24.0
2	76165715	8.0	36.0
2	76401312	16.0	21.0
2	82077670	6.0	27.0
2	82322166	17.0	19.0
2	85669030	17.0	32.0
2	109013234	12.0	17.0
2	109059941	13.0	9.0
2	111086764	7.0	19.0
2	112155163	10.0	2.0
2	115346383	3.0	35.0
2	115665747	19.0	23.0
2	135187850	16.0	17.0
2	140090142	17.0	25.0
2	146686495	22.0	14.0
2	146908606	5.0	37.0
2	154352154	16.0	30.0
2	178423970	6.0	22.0
2	182299724	8.0	14.0
2	182605529	4.0	28.0
2	190492905	6.0	34.0
2	204055095	16.0	19.0
2	204382198	12.0	40.0
2	210182643	17.0	16.0
2	214337288	10.0	20.0
2	218784137	9.0	11.0
2	219274121	3.0	14.0
2	221353689	17.0	22.0
2	221566882	9.0	13.0
2	227080150	15.0	19.0
2	228902850	16.0	17.0
2	231258941	23.0	22.0
2	241827052	11.0	11.0
2	241921193	3.0	29.0
20	3700235	3.0	20.0
20	11068742	12.0	25.0
20	16452563	24.0	17.0
20	17981621	17.0	14.0
20	21568966	15.0	17.0
20	21845390	10.0	9.0
20	23983217	15.0	13.0
20	31379439	10.0	16.0
20	31576846	14.0	14.0
20	43722179	14.0	15.0
20	46671265	5.0	28.0
20	51201487	15.0	15.0
20	54303165	5.0	36.0
20	55264810	6.0	22.0
20	55399491	15.0	22.0
20	58829396	3.0	35.0
20	61003292	3.0	15.0
21	10802665	20.0	81.0
21	17647812	15.0	20.0
21	20372348	15.0	22.0
21	29291302	18.0	16.0
21	37472826	7.0	23.0
21	39096278	12.0	17.0
21	44349911	20.0	12.0
21	45240593	3.0	23.0
21	48091625	4.0	32.0
22	21926876	3.0	24.0
22	35075422	6.0	26.0
22	35733496	13.0	14.0
22	36127704	4.0	19.0
22	38992420	3.0	14.0
22	41685101	12.0	10.0
22	42675212	9.0	24.0
22	42753820	12.0	12.0
22	50330537	3.0	31.0
3	1040163	6.0	19.0
3	6623924	13.0	28.0
3	7843747	23.0	15.0
3	8078610	5.0	26.0
3	8652333	11.0	24.0
3	11806067	8.0	11.0
3	19559560	23.0	15.0
3	27000375	5.0	25.0
3	40364349	13.0	20.0
3	42496837	6.0	22.0
3	44585600	6.0	11.0
3	53418752	11.0	19.0
3	53854247	10.0	21.0
3	54236173	17.0	19.0
3	57192262	17.0	25.0
3	57499508	13.0	21.0
3	70394133	15.0	22.0
3	81477675	6.0	21.0
3	82533044	15.0	14.0
3	82660882	4.0	35.0
3	87897964	4.0	31.0
3	89622402	10.0	26.0
3	90443353	23.0	20.0
3	95292939	16.0	22.0
3	101674924	27.0	14.0
3	101836546	12.0	35.0
3	103565765	3.0	32.0
3	103635693	14.0	13.0
3	106975783	19.0	21.0
3	115150680	17.0	18.0
3	115461383	17.0	18.0
3	117340848	20.0	21.0
3	117466259	3.0	40.0
3	121203461	5.0	22.0
3	121968380	6.0	25.0
3	125948357	7.0	19.0
3	140732120	12.0	14.0
3	143073395	4.0	24.0
3	148348634	12.0	12.0
3	148764861	11.0	19.0
3	153327154	4.0	37.0
3	154566866	11.0	21.0
3	154634310	16.0	19.0
3	154686309	21.0	14.0
3	161011906	6.0	24.0
3	165244514	26.0	14.0
3	172434370	5.0	11.0
3	176246273	10.0	17.0
3	176534679	7.0	10.0
3	177318763	9.0	18.0
3	178353570	21.0	28.0
3	191204634	11.0	19.0
4	6032000	5.0	14.0
4	6032925	5.0	22.0
4	6308851	15.0	17.0
4	6492438	4.0	36.0
4	18267312	12.0	15.0
4	19706170	12.0	29.0
4	25108357	19.0	12.0
4	34285918	15.0	20.0
4	36786162	7.0	12.0
4	39152035	3.0	19.0
4	43589104	14.0	23.0
4	44388897	10.0	20.0
4	47088480	19.0	17.0
4	58143745	7.0	27.0
4	70318472	17.0	17.0
4	98468079	4.0	32.0
4	100103512	12.0	13.0
4	100573559	16.0	15.0
4	106859644	20.0	19.0
4	109666088	3.0	38.0
4	110778099	20.0	13.0
4	114392529	24.0	22.0
4	123431737	5.0	13.0
4	123461076	17.0	17.0
4	124000052	5.0	33.0
4	131728295	23.0	8.0
4	132193034	18.0	24.0
4	147534063	6.0	18.0
4	148463689	7.0	26.0
4	149162666	4.0	7.0
4	151482601	19.0	15.0
4	167971568	12.0	34.0
4	172005095	5.0	35.0
4	174015078	8.0	29.0
4	177277533	15.0	27.0
4	179045111	24.0	19.0
4	183075634	5.0	31.0
4	188595871	17.0	15.0
5	5888269	4.0	34.0
5	7259899	13.0	20.0
5	8283468	5.0	42.0
5	17333664	19.0	22.0
5	29967799	18.0	7.0
5	36563800	7.0	13.0
5	40510658	20.0	23.0
5	52977629	22.0	23.0
5	58128783	7.0	21.0
5	62757461	19.0	27.0
5	65310709	18.0	15.0
5	77535906	23.0	19.0
5	79912219	4.0	32.0
5	87012662	14.0	22.0
5	90328221	16.0	22.0
5	95617046	18.0	18.0
5	97042748	15.0	21.0
5	99263213	6.0	28.0
5	100365856	22.0	13.0
5	100599981	25.0	19.0
5	102006770	6.0	32.0
5	102044875	12.0	24.0
5	105693297	16.0	18.0
5	109474548	7.0	17.0
5	109611297	23.0	23.0
5	111667513	1.0	25.0
5	117962486	23.0	16.0
5	120387531	4.0	29.0
5	121124887	7.0	18.0
5	126699022	19.0	22.0
5	127963889	3.0	30.0
5	128622377	22.0	19.0
5	130262039	4.0	40.0
5	130322913	11.0	10.0
5	136400069	3.0	20.0
5	142110194	22.0	15.0
5	149053430	10.0	18.0
5	150558868	10.0	9.0
5	166262968	7.0	13.0
5	171145050	12.0	12.0
6	12408306	16.0	23.0
6	27533026	18.0	22.0
6	31795750	11.0	6.0
6	40188844	4.0	25.0
6	45782910	12.0	17.0
6	46320660	17.0	12.0
6	54044174	24.0	29.0
6	56010116	6.0	17.0
6	71106272	8.0	38.0
6	81536835	10.0	25.0
6	81709703	5.0	35.0
6	86831877	11.0	26.0
6	89622500	14.0	24.0
6	90587808	17.0	19.0
6	100736399	4.0	38.0
6	110606904	14.0	21.0
6	113045286	18.0	21.0
6	120443339	14.0	16.0
6	122486668	3.0	18.0
6	129103329	7.0	32.0
6	130034973	15.0	21.0
6	130952987	15.0	22.0
6	131348483	7.0	30.0
6	137494968	17.0	13.0
6	149020452	13.0	16.0
6	151022837	9.0	9.0
6	155079031	6.0	12.0
6	156164766	27.0	30.0
6	162619272	18.0	21.0
6	164709880	3.0	30.0
6	168531069	7.0	30.0
6	169678291	9.0	31.0
7	1551749	14.0	6.0
7	11023256	24.0	18.0
7	29915373	14.0	18.0
7	31612993	6.0	27.0
7	32112765	26.0	22.0
7	35600428	7.0	26.0
7	37428654	13.0	8.0
7	41622373	15.0	15.0
7	46476569	4.0	44.0
7	50145018	1.0	7.0
7	52400201	15.0	16.0
7	56004888	4.0	12.0
7	57637257	11.0	12.0
7	57719084	18.0	22.0
7	61758482	13.0	24.0
7	62140655	26.0	18.0
7	62704927	14.0	10.0
7	65826926	9.0	12.0
7	77648022	11.0	22.0
7	80845957	10.0	26.0
7	80930426	5.0	40.0
7	88959392	18.0	25.0
7	98282024	9.0	27.0
7	126839185	6.0	32.0
7	135769561	32.0	19.0
7	143035982	38.0	18.0
7	149846328	4.0	29.0
7	152337054	4.0	48.0
7	154441798	10.0	39.0
7	158200033	8.0	24.0
8	4350582	3.0	25.0
8	4742369	6.0	15.0
8	15177014	25.0	18.0
8	19480670	18.0	21.0
8	25920817	20.0	23.0
8	33973890	10.0	26.0
8	36433671	14.0	13.0
8	38375621	15.0	4.0
8	39373612	25.0	16.0
8	51722617	27.0	24.0
8	57870779	4.0	31.0
8	61825956	3.0	24.0
8	63536548	7.0	29.0
8	69107787	10.0	16.0
8	78436250	7.0	16.0
8	78538975	3.0	30.0
8	81341098	8.0	13.0
8	84937294	12.0	23.0
8	91384165	17.0	24.0
8	91732712	12.0	24.0
8	96329075	15.0	27.0
8	102324548	7.0	36.0
8	102877499	13.0	20.0
8	106996091	27.0	22.0
8	113084701	19.0	13.0
8	114406069	13.0	15.0
8	117423466	9.0	12.0
8	127942953	19.0	17.0
8	129064405	9.0	12.0
8	133558108	10.0	17.0
8	134650849	21.0	22.0
8	138909456	13.0	15.0
8	139532378	14.0	18.0
8	139579605	18.0	19.0
9	2696159	26.0	15.0
9	9334930	10.0	42.0
9	11025636	17.0	19.0
9	11993133	17.0	11.0
9	23825759	3.0	27.0
9	26375866	13.0	8.0
9	32155793	20.0	13.0
9	66331281	10.0	26.0
9	77099182	18.0	7.0
9	77833768	16.0	12.0
9	79050935	7.0	18.0
9	81331331	9.0	15.0
9	83044886	10.0	21.0
9	88386716	13.0	15.0
9	93296990	21.0	20.0
9	93801426	11.0	21.0
9	96152643	15.0	30.0
9	120777646	23.0	20.0
9	124689653	5.0	38.0
9	140872843	3.0	24.0
X	4260419	4.0	19.0
X	5256627	7.0	26.0
X	15337558	22.0	22.0
X	16467665	8.0	24.0
X	26178840	7.0	13.0
X	26519821	20.0	4.0
X	30629339	4.0	18.0
X	31557552	19.0	15.0
X	32021157	23.0	20.0
X	34384834	11.0	23.0
X	36447984	9.0	18.0
X	38802440	18.0	29.0
X	41032632	4.0	20.0
X	44405215	19.0	11.0
X	44932889	18.0	20.0
X	46155532	9.0	25.0
X	48707871	24.0	14.0
X	50609475	10.0	19.0
X	55878306	11.0	21.0
X	56734944	12.0	37.0
X	57316758	12.0	12.0
X	57452130	20.0	25.0
X	63224435	16.0	22.0
X	63661894	3.0	26.0
X	64522047	19.0	17.0
X	66610133	18.0	11.0
X	69677811	16.0	11.0
X	71526790	11.0	12.0
X	76255978	8.0	20.0
X	79324221	8.0	14.0
X	79434963	15.0	19.0
X	80690739	1.0	16.0
X	80690741	1.0	14.0
X	81712978	21.0	26.0
X	81917120	17.0	19.0
X	82263251	11.0	15.0
X	82821921	15.0	23.0
X	84088516	10.0	25.0
X	86334421	4.0	31.0
X	86501774	21.0	16.0
X	90511288	7.0	30.0
X	94220536	15.0	19.0
X	94577884	8.0	33.0
X	94820655	14.0	19.0
X	97877914	6.0	40.0
X	101892147	3.0	40.0
X	105552563	13.0	22.0
X	106962438	18.0	25.0
X	110246412	4.0	22.0
X	112792121	16.0	14.0
X	113404643	4.0	41.0
X	114944010	9.0	16.0
X	115389343	5.0	32.0
X	117003219	3.0	27.0
X	117815524	12.0	29.0
X	119007022	11.0	17.0
X	119233694	11.0	17.0
X	119554317	8.0	26.0
X	122834569	8.0	4.0
X	123523828	14.0	27.0
X	126797602	12.0	8.0
X	129499591	4.0	21.0
X	132321188	13.0	23.0
X	132574772	11.0	14.0
X	135178012	16.0	21.0
X	135358386	13.0	17.0
X	138311458	20.0	17.0
X	139760298	9.0	15.0
X	140779977	23.0	18.0
X	144667661	13.0	13.0
X	148589806	20.0	18.0
X	148714031	8.0	23.0
X	149149586	13.0	13.0
X	149186562	16.0	22.0
X	150649731	16.0	12.0
X	150690006	3.0	37.0
Y	7104533	6.0	11.0
Y	17304010	5.0	13.0
Y	23357786	6.0	19.0
