chromosome_index	start_position	end_position	major_cn	minor_cn	total_cn
1	1	61243131	1.0	1.0	2.0
1	61243132	121499999	1.0	1.0	2.0
1	121500000	128899999	1.0	1.0	2.0
1	128900000	144920086	1.0	1.0	2.0
1	144920087	220879739	1.0	1.0	2.0
1	220879740	220880142	1.0	1.0	2.0
1	220880143	220880354	1.0	1.0	2.0
1	220880355	220884382	1.0	1.0	2.0
1	220884383	220884407	1.0	1.0	2.0
1	220884408	247247500	1.0	1.0	2.0
1	247247501	249250620	1.0	1.0	2.0
2	20016	55414816	1.0	1.0	2.0
2	55414817	90499999	1.0	1.0	2.0
2	90500000	96799999	1.0	1.0	2.0
2	96800000	114043952	1.0	1.0	2.0
2	114043953	114047103	1.0	1.0	2.0
2	114047104	181123847	1.0	1.0	2.0
2	181123848	181126039	1.0	1.0	2.0
2	181126040	203527283	1.0	1.0	2.0
2	203527284	203534589	1.0	1.0	2.0
2	203534590	223781072	1.0	1.0	2.0
2	223781073	242985493	1.0	1.0	2.0
3	100074	37901068	1.0	1.0	2.0
3	37901069	38304897	1.0	1.0	2.0
3	38304898	65529076	1.0	1.0	2.0
3	65529077	65538669	1.0	1.0	2.0
3	65538670	65538707	1.0	1.0	2.0
3	65538708	65539050	1.0	1.0	2.0
3	65539051	65648545	1.0	1.0	2.0
3	65648546	65654596	1.0	1.0	2.0
3	65654597	65781421	1.0	1.0	2.0
3	65781422	66996188	1.0	1.0	2.0
3	66996189	72925438	1.0	0.0	1.0
3	72925439	87899999	1.0	1.0	2.0
3	87900000	93899999	1.0	1.0	2.0
3	93900000	113123304	1.0	1.0	2.0
3	113123305	116181387	1.0	1.0	2.0
3	116181388	117189652	1.0	0.0	1.0
3	117189653	131934061	1.0	1.0	2.0
3	131934062	131957194	1.0	1.0	2.0
3	131957195	197847500	1.0	1.0	2.0
4	50084	48199999	1.0	1.0	2.0
4	48200000	52699999	1.0	1.0	2.0
4	52700000	88294062	1.0	1.0	2.0
4	88294063	191154275	1.0	1.0	2.0
5	22500	46099999	1.0	1.0	2.0
5	46100000	50699999	1.0	1.0	2.0
5	50700000	84577134	1.0	1.0	2.0
5	84577135	84609609	1.0	1.0	2.0
5	84609610	84635151	1.0	0.0	1.0
5	84635152	168378311	1.0	1.0	2.0
5	168378312	180689978	1.0	1.0	2.0
6	202331	10400266	1.0	1.0	2.0
6	10400267	10400406	1.0	1.0	2.0
6	10400407	52519935	1.0	1.0	2.0
6	52519936	53529995	1.0	0.0	1.0
6	53529996	57603336	1.0	1.0	2.0
6	57603337	58139759	2.0	0.0	2.0
6	63300000	87840591	1.0	1.0	2.0
6	87840592	114827835	1.0	1.0	2.0
6	114827836	114828217	1.0	1.0	2.0
6	114828218	114835991	1.0	1.0	2.0
6	114835992	114874156	1.0	1.0	2.0
6	114874157	114874304	1.0	1.0	2.0
6	114874305	115068944	1.0	1.0	2.0
6	115068945	115700476	1.0	1.0	2.0
6	115700477	170899934	1.0	1.0	2.0
7	40386	57999999	1.0	1.0	2.0
7	58000000	61699999	1.0	1.0	2.0
7	61700000	159138662	1.0	1.0	2.0
8	170012	17989998	1.0	1.0	2.0
8	17989999	18589892	1.0	0.0	1.0
8	18589893	20330952	1.0	1.0	2.0
8	20330953	40870433	1.0	0.0	1.0
8	40870434	43099999	1.0	1.0	2.0
8	43100000	48099999	1.0	1.0	2.0
8	48100000	146364021	1.0	1.0	2.0
9	10001	200100	1.0	1.0	2.0
9	200101	47299999	1.0	1.0	2.0
9	47300000	50699999	1.0	1.0	2.0
9	50700000	113738378	1.0	1.0	2.0
9	113738379	113859109	2.0	0.0	2.0
9	113859110	141213430	1.0	1.0	2.0
10	104759	37999999	1.0	1.0	2.0
10	38000000	42299999	1.0	1.0	2.0
10	42300000	135534746	1.0	1.0	2.0
11	190010	9972478	1.0	1.0	2.0
11	9972479	12618762	1.0	0.0	1.0
11	12618763	33313235	1.0	1.0	2.0
11	33313236	35514314	1.0	0.0	1.0
11	35514315	35519397	1.0	1.0	2.0
11	35519398	35647399	1.0	1.0	2.0
11	35647400	35658623	1.0	1.0	2.0
11	35658624	35688709	1.0	1.0	2.0
11	35688710	35688729	1.0	1.0	2.0
11	35688730	44078454	1.0	1.0	2.0
11	44078455	44087832	1.0	1.0	2.0
11	44087833	44979986	1.0	1.0	2.0
11	44979987	45001997	1.0	1.0	2.0
11	45001998	51599999	1.0	1.0	2.0
11	51600000	55699999	1.0	1.0	2.0
11	55700000	76299403	1.0	1.0	2.0
11	76299404	76299855	1.0	1.0	2.0
11	76299856	76337720	1.0	1.0	2.0
11	76337721	76337891	1.0	1.0	2.0
11	76337892	76788045	1.0	1.0	2.0
11	76788046	76821368	1.0	1.0	2.0
11	76821369	92523049	1.0	1.0	2.0
11	92523050	125814099	1.0	1.0	2.0
11	125814100	125837660	1.0	1.0	2.0
11	125837661	125846428	1.0	1.0	2.0
11	125846429	126277982	1.0	1.0	2.0
11	126277983	126342281	1.0	1.0	2.0
11	126342282	126342319	1.0	1.0	2.0
11	126342320	126386301	1.0	1.0	2.0
11	126386302	135006515	1.0	1.0	2.0
12	110107	33299999	1.0	0.0	1.0
12	38200000	82324164	1.0	1.0	2.0
12	82324165	133851894	1.0	1.0	2.0
13	16300000	19499999	1.0	1.0	2.0
13	19500000	20828894	1.0	1.0	2.0
13	20828895	30043939	1.0	0.0	1.0
13	30043940	48646323	1.0	1.0	2.0
13	48646324	48712500	1.0	1.0	2.0
13	48712501	48907628	1.0	1.0	2.0
13	48907629	57732500	1.0	1.0	2.0
13	57732501	58000352	1.0	0.0	1.0
13	58000353	103370034	1.0	0.0	1.0
13	103370035	114153139	1.0	1.0	2.0
13	114153140	114563511	1.0	0.0	1.0
13	114563512	115019384	1.0	0.0	1.0
14	16100000	19099999	1.0	0.0	1.0
14	19100000	20239125	2.0	0.0	2.0
14	20239126	20486140	2.0	0.0	2.0
14	20486141	58544893	1.0	1.0	2.0
14	58544894	107349539	1.0	1.0	2.0
15	15800000	20699999	1.0	1.0	2.0
15	20700000	23698172	1.0	1.0	2.0
15	23698173	62564646	1.0	1.0	2.0
15	62564647	62574156	1.0	1.0	2.0
15	62574157	73609567	1.0	1.0	2.0
15	73609568	102531391	1.0	1.0	2.0
16	100010	34599999	1.0	1.0	2.0
16	34600000	38599999	1.0	1.0	2.0
16	38600000	46447499	1.0	1.0	2.0
16	46447500	69395485	1.0	1.0	2.0
16	69395486	90354752	1.0	0.0	1.0
17	7	7588318	1.0	0.0	1.0
17	7588319	19141256	1.0	0.0	1.0
17	19141257	22199999	1.0	1.0	2.0
17	22200000	25799999	1.0	1.0	2.0
17	25800000	81195209	1.0	1.0	2.0
18	27500	80030	1.0	0.0	1.0
18	80031	15399999	1.0	0.0	1.0
18	15400000	18999999	1.0	0.0	1.0
18	19000000	76062500	1.0	0.0	1.0
18	76062501	78077247	1.0	0.0	1.0
19	102500	260136	2.0	0.0	2.0
19	260137	22904933	1.0	1.0	2.0
19	22904934	24399999	1.0	0.0	1.0
19	24400000	28599999	1.0	0.0	1.0
19	28600000	59128982	1.0	0.0	1.0
20	60479	25599999	1.0	1.0	2.0
20	25600000	29399999	1.0	1.0	2.0
20	29400000	63025519	1.0	1.0	2.0
21	10900000	14299999	1.0	1.0	2.0
21	14300000	39902578	1.0	1.0	2.0
21	39902579	39902914	1.0	1.0	2.0
21	39902915	42835346	1.0	1.0	2.0
21	42835347	42835755	1.0	1.0	2.0
21	42835756	42864930	1.0	1.0	2.0
21	42864931	42865132	1.0	1.0	2.0
21	42865133	48129894	1.0	1.0	2.0
22	1	12199999	1.0	0.0	1.0
22	17900000	51304565	1.0	1.0	2.0
