chromosome_index	start_position	end_position	major_cn	minor_cn	total_cn
1	1	790008	1.0	0.0	1.0
1	790009	22046231	1.0	0.0	1.0
1	22046232	22511703	2.0	0.0	2.0
1	22511704	27753098	1.0	0.0	1.0
1	27753099	28654902	1.0	1.0	2.0
1	28654903	28835946	1.0	1.0	2.0
1	28835947	35505196	1.0	1.0	2.0
1	35505197	35836308	1.0	1.0	2.0
1	35836309	35836974	1.0	1.0	2.0
1	35836975	35837410	1.0	1.0	2.0
1	35837411	50568697	1.0	1.0	2.0
1	50568698	108985788	1.0	1.0	2.0
1	108985789	119261068	1.0	0.0	1.0
1	119261069	120383335	1.0	1.0	2.0
1	120383336	121499999	1.0	1.0	2.0
1	121500000	128899999	1.0	1.0	2.0
1	128900000	143540938	1.0	1.0	2.0
1	143540939	146640277	1.0	1.0	2.0
1	146640278	146947745	1.0	0.0	1.0
1	146947746	149780802	1.0	1.0	2.0
1	149780803	150140071	1.0	0.0	1.0
1	150140072	151211633	1.0	1.0	2.0
1	151211634	151214321	1.0	1.0	2.0
1	151214322	161209117	1.0	1.0	2.0
1	161209118	161261305	1.0	1.0	2.0
1	161261306	178864164	1.0	1.0	2.0
1	178864165	178974974	2.0	1.0	3.0
1	178974975	224575345	1.0	1.0	2.0
1	224575346	224575600	1.0	1.0	2.0
1	224575601	229286285	1.0	1.0	2.0
1	229286286	229652693	2.0	1.0	3.0
1	229652694	229652975	2.0	1.0	3.0
1	229652976	230841740	2.0	1.0	3.0
1	230841741	230865757	2.0	0.0	2.0
1	230865758	241089514	2.0	1.0	3.0
1	241089515	241089588	2.0	1.0	3.0
1	241089589	244690318	2.0	1.0	3.0
1	244690319	244708001	2.0	2.0	4.0
1	244708002	245205856	2.0	2.0	4.0
1	245205857	245775006	2.0	1.0	3.0
1	245775007	247249600	2.0	2.0	4.0
1	247249601	249250620	2.0	2.0	4.0
2	26379	5601717	1.0	1.0	2.0
2	5601718	5606994	1.0	0.0	1.0
2	5606995	5617658	1.0	1.0	2.0
2	5617659	6321672	1.0	0.0	1.0
2	6321673	43411668	1.0	1.0	2.0
2	43411669	43450072	1.0	1.0	2.0
2	43450073	43761260	1.0	1.0	2.0
2	43761261	44135139	1.0	0.0	1.0
2	44135140	49187821	1.0	1.0	2.0
2	49187822	49290280	2.0	1.0	3.0
2	49290281	66730266	1.0	1.0	2.0
2	66730267	68017678	2.0	1.0	3.0
2	68017679	81455994	1.0	1.0	2.0
2	81455995	83526608	2.0	1.0	3.0
2	83526609	90499999	1.0	1.0	2.0
2	90500000	96799999	1.0	1.0	2.0
2	96800000	113243320	1.0	1.0	2.0
2	113243321	115025431	1.0	1.0	2.0
2	115025432	115035723	1.0	1.0	2.0
2	115035724	115039206	1.0	1.0	2.0
2	115039207	115048130	1.0	1.0	2.0
2	115048131	116168359	1.0	1.0	2.0
2	116168360	116168437	1.0	1.0	2.0
2	116168438	116168472	1.0	1.0	2.0
2	116168473	119623716	1.0	1.0	2.0
2	119623717	119760202	1.0	0.0	1.0
2	119760203	195208877	1.0	1.0	2.0
2	195208878	195210474	1.0	1.0	2.0
2	195210475	195211212	1.0	1.0	2.0
2	195211213	198139584	1.0	1.0	2.0
2	198139585	199584193	1.0	1.0	2.0
2	199584194	199973759	1.0	1.0	2.0
2	199973760	203545632	1.0	1.0	2.0
2	203545633	203968268	1.0	1.0	2.0
2	203968269	204068088	1.0	1.0	2.0
2	204068089	208388138	1.0	1.0	2.0
2	208388139	208563874	1.0	1.0	2.0
2	208563875	223421339	1.0	1.0	2.0
2	223421340	224375341	1.0	1.0	2.0
2	224375342	224624002	1.0	1.0	2.0
2	224624003	224790953	1.0	1.0	2.0
2	224790954	232660064	1.0	1.0	2.0
2	232660065	242970723	1.0	1.0	2.0
3	60799	652731	1.0	1.0	2.0
3	652732	654070	1.0	1.0	2.0
3	654071	6259106	1.0	1.0	2.0
3	6259107	6259146	1.0	1.0	2.0
3	6259147	32006580	1.0	1.0	2.0
3	32006581	32212755	2.0	1.0	3.0
3	32212756	47391061	1.0	1.0	2.0
3	47391062	47700327	1.0	1.0	2.0
3	47700328	48232074	1.0	1.0	2.0
3	48232075	48566505	2.0	1.0	3.0
3	48566506	87899999	1.0	1.0	2.0
3	87900000	93899999	1.0	1.0	2.0
3	93900000	184541616	1.0	1.0	2.0
3	184541617	185106867	2.0	1.0	3.0
3	185106868	197847500	1.0	1.0	2.0
4	11870	34828602	1.0	0.0	1.0
4	34828603	48199999	1.0	0.0	1.0
4	48200000	52699999	1.0	0.0	1.0
4	52700000	168618608	1.0	0.0	1.0
4	168618609	168654262	2.0	0.0	2.0
4	168654263	191154275	1.0	0.0	1.0
5	22500	17513893	2.0	0.0	2.0
5	17513894	32456975	2.0	1.0	3.0
5	32456976	32605176	2.0	1.0	3.0
5	32605177	33119213	2.0	1.0	3.0
5	33119214	35759054	2.0	1.0	3.0
5	35759055	35805407	3.0	1.0	4.0
5	35805408	40913542	2.0	1.0	3.0
5	40913543	46099999	1.0	1.0	2.0
5	50700000	59870564	1.0	0.0	1.0
5	59870565	59914681	1.0	0.0	1.0
5	59914682	134613415	1.0	0.0	1.0
5	134613416	134615878	1.0	0.0	1.0
5	134615879	134689598	1.0	0.0	1.0
5	134689599	142888233	1.0	0.0	1.0
5	142888234	143536179	2.0	0.0	2.0
5	143536180	155472499	2.0	0.0	2.0
5	155472500	155494609	2.0	0.0	2.0
5	155494610	177630527	2.0	0.0	2.0
5	177630528	177666281	0.0	0.0	0.0
5	177666282	180715810	2.0	0.0	2.0
6	212500	410202	1.0	1.0	2.0
6	410203	1616030	1.0	1.0	2.0
6	1616031	1659888	2.0	1.0	3.0
6	1659889	1734880	1.0	1.0	2.0
6	1734881	2281247	2.0	1.0	3.0
6	2281248	2344083	3.0	1.0	4.0
6	2344084	2349350	3.0	1.0	4.0
6	2349351	2880347	3.0	1.0	4.0
6	2880348	2930347	3.0	1.0	4.0
6	2930348	3480607	2.0	1.0	3.0
6	3480608	3497189	1.0	1.0	2.0
6	3497190	3498841	1.0	1.0	2.0
6	3498842	4454126	1.0	1.0	2.0
6	4454127	4470587	2.0	1.0	3.0
6	4470588	4526719	1.0	1.0	2.0
6	4526720	4544312	2.0	1.0	3.0
6	4544313	4651001	1.0	1.0	2.0
6	4651002	4868146	2.0	1.0	3.0
6	4868147	4868166	2.0	1.0	3.0
6	4868167	4869356	2.0	1.0	3.0
6	4869357	5371225	1.0	1.0	2.0
6	5371226	5819672	2.0	1.0	3.0
6	5819673	6302577	3.0	1.0	4.0
6	6302578	6404950	4.0	1.0	5.0
6	6404951	7510133	3.0	1.0	4.0
6	7510134	8998331	2.0	1.0	3.0
6	8998332	10350581	1.0	1.0	2.0
6	10350582	10351583	1.0	1.0	2.0
6	10351584	14261002	2.0	1.0	3.0
6	14261003	14340052	3.0	1.0	4.0
6	14340053	16112549	2.0	1.0	3.0
6	16112550	16942292	3.0	1.0	4.0
6	16942293	16943808	3.0	1.0	4.0
6	16943809	17485063	1.0	1.0	2.0
6	17485064	18141770	2.0	1.0	3.0
6	18141771	19453075	1.0	1.0	2.0
6	19453076	19528736	2.0	1.0	3.0
6	19528737	20256412	1.0	1.0	2.0
6	20256413	20604481	2.0	1.0	3.0
6	20604482	22500110	1.0	1.0	2.0
6	22500111	22511421	2.0	1.0	3.0
6	22511422	22531274	1.0	1.0	2.0
6	22531275	22534026	3.0	1.0	4.0
6	22534027	22735715	3.0	1.0	4.0
6	22735716	22774328	2.0	1.0	3.0
6	22774329	22843354	3.0	1.0	4.0
6	22843355	23028561	2.0	1.0	3.0
6	23028562	23308794	3.0	1.0	4.0
6	23308795	24351002	4.0	1.0	5.0
6	24351003	25203653	4.0	1.0	5.0
6	25203654	25205363	1.0	0.0	1.0
6	25205364	58699999	1.0	0.0	1.0
6	58700000	63299999	1.0	0.0	1.0
6	63300000	78964547	1.0	0.0	1.0
6	78964548	121140704	1.0	0.0	1.0
6	121140705	121142446	1.0	0.0	1.0
6	121142447	170867747	1.0	0.0	1.0
7	40386	47082648	1.0	1.0	2.0
7	47082649	47093394	1.0	1.0	2.0
7	47093395	57999999	1.0	1.0	2.0
7	58000000	61699999	1.0	1.0	2.0
7	61700000	134512806	1.0	1.0	2.0
7	134512807	134704714	2.0	1.0	3.0
7	134704715	148585917	1.0	1.0	2.0
7	148585918	158821400	1.0	1.0	2.0
8	10001	155756	1.0	1.0	2.0
8	155757	20305694	1.0	1.0	2.0
8	20305695	20309439	1.0	1.0	2.0
8	20309440	21809232	1.0	1.0	2.0
8	21809233	22536640	1.0	1.0	2.0
8	22536641	28396235	1.0	1.0	2.0
8	28396236	28759987	1.0	1.0	2.0
8	28759988	41507190	1.0	1.0	2.0
8	41507191	41918692	2.0	1.0	3.0
8	41918693	43099999	1.0	1.0	2.0
8	43100000	48099999	1.0	1.0	2.0
8	48100000	76833684	1.0	1.0	2.0
8	76833685	88583241	2.0	1.0	3.0
8	88583242	110809601	2.0	1.0	3.0
8	110809602	110840301	2.0	1.0	3.0
8	110840302	121028295	2.0	1.0	3.0
8	121028296	121360359	2.0	1.0	3.0
8	121360360	122062858	2.0	1.0	3.0
8	122062859	122944879	2.0	1.0	3.0
8	122944880	128947844	2.0	1.0	3.0
8	128947845	131562653	3.0	1.0	4.0
8	131562654	144603593	2.0	1.0	3.0
8	144603594	145988749	2.0	1.0	3.0
9	47500	3065790	2.0	0.0	2.0
9	3065791	47299999	1.0	0.0	1.0
9	47300000	50699999	1.0	0.0	1.0
9	50700000	66267499	1.0	0.0	1.0
9	66267500	85453458	1.0	0.0	1.0
9	85453459	85508862	0.0	0.0	0.0
9	85508863	104204405	1.0	0.0	1.0
9	104204406	104219518	1.0	0.0	1.0
9	104219519	104379017	1.0	0.0	1.0
9	104379018	106198744	0.0	0.0	0.0
9	106198745	140273200	1.0	0.0	1.0
9	140273201	141042752	1.0	0.0	1.0
10	94426	9450741	1.0	1.0	2.0
10	9450742	9470744	1.0	1.0	2.0
10	9470745	21638449	1.0	1.0	2.0
10	21638450	21640457	1.0	1.0	2.0
10	21640458	32514970	1.0	1.0	2.0
10	32514971	32528620	1.0	1.0	2.0
10	32528621	37999999	1.0	1.0	2.0
10	38000000	42299999	1.0	1.0	2.0
10	42300000	72621141	1.0	1.0	2.0
10	72621142	72648740	1.0	1.0	2.0
10	72648741	83480423	1.0	1.0	2.0
10	83480424	107429244	1.0	0.0	1.0
10	107429245	135389924	1.0	1.0	2.0
11	196944	9377993	1.0	1.0	2.0
11	9377994	9381879	1.0	1.0	2.0
11	9381880	17300798	1.0	1.0	2.0
11	17300799	17381831	2.0	1.0	3.0
11	17381832	26551853	1.0	1.0	2.0
11	26551854	26562329	1.0	1.0	2.0
11	26562330	34506193	1.0	1.0	2.0
11	34506194	34875462	1.0	1.0	2.0
11	34875463	46201227	1.0	1.0	2.0
11	46201228	47155672	1.0	1.0	2.0
11	47155673	51599999	1.0	1.0	2.0
11	51600000	55699999	1.0	1.0	2.0
11	55700000	70208090	1.0	1.0	2.0
11	70208091	70209488	1.0	1.0	2.0
11	70209489	70883658	1.0	1.0	2.0
11	70883659	74515080	1.0	1.0	2.0
11	74515081	74516972	1.0	1.0	2.0
11	74516973	74531860	1.0	1.0	2.0
11	74531861	74533350	1.0	1.0	2.0
11	74533351	74572480	1.0	1.0	2.0
11	74572481	74621394	1.0	1.0	2.0
11	74621395	74623063	1.0	1.0	2.0
11	74623064	74629096	1.0	1.0	2.0
11	74629097	75616613	1.0	1.0	2.0
11	75616614	76446394	1.0	1.0	2.0
11	76446395	76448069	2.0	1.0	3.0
11	76448070	77696574	3.0	1.0	4.0
11	77696575	77697772	3.0	1.0	4.0
11	77697773	78101794	6.0	1.0	7.0
11	78101795	78107614	7.0	1.0	8.0
11	78107615	78602393	7.0	1.0	8.0
11	78602394	78656467	7.0	1.0	8.0
11	78656468	78657310	7.0	1.0	8.0
11	78657311	78659180	1.0	1.0	2.0
11	78659181	102174564	1.0	1.0	2.0
11	102174565	112970383	1.0	1.0	2.0
11	112970384	112970492	1.0	1.0	2.0
11	112970493	112979486	1.0	1.0	2.0
11	112979487	112979620	1.0	1.0	2.0
11	112979621	119255794	1.0	1.0	2.0
11	119255795	134452200	1.0	0.0	1.0
12	110107	9074381	1.0	0.0	1.0
12	9074382	18598250	1.0	1.0	2.0
12	18598251	33299999	1.0	1.0	2.0
12	33300000	38199999	1.0	1.0	2.0
12	38200000	61559427	1.0	1.0	2.0
12	61559428	61579197	1.0	1.0	2.0
12	61579198	66451370	1.0	1.0	2.0
12	66451371	70260126	1.0	1.0	2.0
12	70260127	70263680	1.0	1.0	2.0
12	70263681	79992417	1.0	1.0	2.0
12	79992418	80001770	1.0	1.0	2.0
12	80001771	87571225	1.0	1.0	2.0
12	87571226	87577740	1.0	1.0	2.0
12	87577741	100939642	1.0	1.0	2.0
12	100939643	100941789	1.0	1.0	2.0
12	100941790	133827017	1.0	1.0	2.0
13	1	16299999	2.0	0.0	2.0
13	16300000	19499999	2.0	0.0	2.0
13	19500000	44105339	2.0	0.0	2.0
13	44105340	44106572	2.0	0.0	2.0
13	44106573	71110179	2.0	0.0	2.0
13	71110180	71229183	3.0	0.0	3.0
13	71229184	90349295	2.0	0.0	2.0
13	90349296	95854661	3.0	0.0	3.0
13	95854662	101249090	3.0	0.0	3.0
13	101249091	101250244	2.0	0.0	2.0
13	101250245	102935751	3.0	0.0	3.0
13	102935752	102988283	3.0	0.0	3.0
13	102988284	114142800	3.0	0.0	3.0
13	114142801	114986609	3.0	0.0	3.0
14	1	16099999	1.0	1.0	2.0
14	19100000	20496201	2.0	1.0	3.0
14	20496202	50241365	1.0	1.0	2.0
14	50241366	51469774	2.0	1.0	3.0
14	51469775	56454976	1.0	1.0	2.0
14	56454977	56461612	1.0	1.0	2.0
14	56461613	62920433	1.0	1.0	2.0
14	62920434	63097091	1.0	1.0	2.0
14	63097092	73586850	1.0	1.0	2.0
14	73586851	73634918	1.0	1.0	2.0
14	73634919	97375728	1.0	1.0	2.0
14	97375729	97432460	1.0	1.0	2.0
14	97432461	100082228	1.0	1.0	2.0
14	100082229	100082917	1.0	1.0	2.0
14	100082918	100083012	1.0	1.0	2.0
14	100083013	100083121	1.0	1.0	2.0
14	100083122	102461093	1.0	1.0	2.0
14	102461094	102804877	1.0	1.0	2.0
14	102804878	106368400	1.0	1.0	2.0
15	1	15799999	2.0	0.0	2.0
15	15800000	20699999	2.0	0.0	2.0
15	20700000	22148170	2.0	0.0	2.0
15	22148171	30617719	2.0	0.0	2.0
15	30617720	31954944	2.0	0.0	2.0
15	31954945	32674311	1.0	1.0	2.0
15	32674312	40786077	2.0	0.0	2.0
15	40786078	40788441	2.0	0.0	2.0
15	40788442	43912490	2.0	0.0	2.0
15	43912491	59509718	2.0	0.0	2.0
15	59509719	59589155	2.0	0.0	2.0
15	59589156	100338800	2.0	0.0	2.0
15	100338801	102431166	2.0	0.0	2.0
16	83802	3415857	1.0	0.0	1.0
16	3415858	3864662	1.0	0.0	1.0
16	3864663	12164998	1.0	1.0	2.0
16	12164999	29207101	1.0	1.0	2.0
16	29207102	29223566	1.0	1.0	2.0
16	29223567	34599999	1.0	1.0	2.0
16	34600000	38599999	1.0	1.0	2.0
16	38600000	46447499	1.0	1.0	2.0
16	46447500	57091039	1.0	1.0	2.0
16	57091040	57138487	1.0	1.0	2.0
16	57138488	57581915	1.0	1.0	2.0
16	57581916	60065646	1.0	1.0	2.0
16	60065647	70592165	1.0	0.0	1.0
16	70592166	70703867	1.0	0.0	1.0
16	70703868	88827200	1.0	0.0	1.0
16	88827201	90354752	1.0	0.0	1.0
17	3104	17888911	1.0	0.0	1.0
17	17888912	17889722	1.0	0.0	1.0
17	17889723	22199999	1.0	0.0	1.0
17	22200000	25799999	1.0	0.0	1.0
17	25800000	29325379	1.0	0.0	1.0
17	29325380	29448698	1.0	0.0	1.0
17	29448699	29506019	1.0	0.0	1.0
17	29506020	29536500	1.0	0.0	1.0
17	29536501	38927420	1.0	0.0	1.0
17	38927421	38934507	1.0	0.0	1.0
17	38934508	38934554	1.0	0.0	1.0
17	38934555	39702874	1.0	0.0	1.0
17	39702875	59196475	2.0	0.0	2.0
17	59196476	59677641	1.0	0.0	1.0
17	59677642	62152280	2.0	0.0	2.0
17	62152281	62779717	2.0	0.0	2.0
17	62779718	73711861	2.0	0.0	2.0
17	73711862	73990649	4.0	0.0	4.0
17	73990650	78774600	2.0	0.0	2.0
17	78774601	81195209	2.0	0.0	2.0
18	27500	3516463	1.0	1.0	2.0
18	3516464	3522623	1.0	1.0	2.0
18	3522624	3587257	1.0	1.0	2.0
18	3587258	3643433	2.0	1.0	3.0
18	3643434	15399999	1.0	1.0	2.0
18	15400000	18999999	1.0	1.0	2.0
18	19000000	48459334	1.0	1.0	2.0
18	48459335	48459399	1.0	1.0	2.0
18	48459400	49257243	1.0	1.0	2.0
18	49257244	49276779	1.0	0.0	1.0
18	49276780	76117000	1.0	1.0	2.0
18	76117001	78077247	1.0	1.0	2.0
19	102500	245843	1.0	0.0	1.0
19	245844	4051221	1.0	0.0	1.0
19	4051222	4052851	1.0	0.0	1.0
19	4052852	4061146	6.0	1.0	7.0
19	4061147	4063008	2.0	1.0	3.0
19	4063009	9909635	2.0	1.0	3.0
19	9909636	12755858	2.0	1.0	3.0
19	12755859	12815011	2.0	1.0	3.0
19	12815012	13193276	2.0	1.0	3.0
19	13193277	16460142	3.0	1.0	4.0
19	16460143	16472493	3.0	1.0	4.0
19	16472494	16697261	3.0	1.0	4.0
19	16697262	16701828	3.0	1.0	4.0
19	16701829	24399999	1.0	1.0	2.0
19	24400000	28599999	1.0	1.0	2.0
19	28600000	41159879	1.0	1.0	2.0
19	41159880	41242854	1.0	0.0	1.0
19	41242855	41390964	1.0	1.0	2.0
19	41390965	42110919	2.0	1.0	3.0
19	42110920	42143199	1.0	1.0	2.0
19	42143200	54183454	1.0	1.0	2.0
19	54183455	54188455	1.0	1.0	2.0
19	54188456	59128982	1.0	1.0	2.0
20	24347	2458055	2.0	1.0	3.0
20	2458056	3059866	4.0	1.0	5.0
20	3059867	3074052	3.0	1.0	4.0
20	3074053	3263345	3.0	1.0	4.0
20	3263346	4724229	2.0	1.0	3.0
20	4724230	25599999	1.0	1.0	2.0
20	25600000	29432500	1.0	1.0	2.0
20	29432501	30155253	1.0	1.0	2.0
20	30155254	34179890	1.0	1.0	2.0
20	34179891	47982982	1.0	1.0	2.0
20	47982983	52127865	1.0	1.0	2.0
20	52127866	52623829	1.0	1.0	2.0
20	52623830	62432500	1.0	1.0	2.0
21	10900000	14299999	2.0	0.0	2.0
21	14300000	46937500	2.0	0.0	2.0
21	46937501	48129894	2.0	0.0	2.0
22	1	12199999	1.0	0.0	1.0
22	12200000	17899999	1.0	0.0	1.0
22	17900000	24347859	1.0	0.0	1.0
22	24347860	29065592	1.0	0.0	1.0
22	29065593	29065763	1.0	0.0	1.0
22	29065764	38558991	1.0	0.0	1.0
22	38558992	39208087	1.0	0.0	1.0
22	39208088	41548658	1.0	0.0	1.0
22	41548659	41551600	1.0	0.0	1.0
22	41551601	49687500	1.0	0.0	1.0
22	49687501	51304565	1.0	0.0	1.0
