chromosome_index	start_position	end_position	major_cn	minor_cn	total_cn
1	1	812500	1.0	1.0	2.0
1	812501	23745762	1.0	1.0	2.0
1	23745763	24505385	1.0	0.0	1.0
1	24505386	25628418	1.0	1.0	2.0
1	25628419	26709155	1.0	0.0	1.0
1	26709156	30275495	1.0	1.0	2.0
1	30275496	30288800	1.0	0.0	1.0
1	30288801	121499999	1.0	1.0	2.0
1	121500000	128899999	1.0	1.0	2.0
1	128900000	149657499	1.0	1.0	2.0
1	149657500	166864660	1.0	1.0	2.0
1	166864661	167034995	1.0	0.0	1.0
1	167034996	167065519	1.0	1.0	2.0
1	167065520	167074726	1.0	1.0	2.0
1	167074727	167227678	1.0	1.0	2.0
1	167227679	167227755	1.0	1.0	2.0
1	167227756	167249651	1.0	1.0	2.0
1	167249652	167249670	1.0	1.0	2.0
1	167249671	247247500	1.0	1.0	2.0
1	247247501	249250620	1.0	1.0	2.0
2	20016	55837801	1.0	1.0	2.0
2	55837802	61389188	1.0	0.0	1.0
2	61389189	61391848	1.0	0.0	1.0
2	61391849	61397249	1.0	1.0	2.0
2	61397250	61399299	1.0	1.0	2.0
2	61399300	61399356	1.0	1.0	2.0
2	61399357	61724670	1.0	1.0	2.0
2	61724671	61724937	1.0	1.0	2.0
2	61724938	61726872	1.0	1.0	2.0
2	61726873	61726883	1.0	1.0	2.0
2	61726884	61727404	1.0	1.0	2.0
2	61727405	61727596	1.0	1.0	2.0
2	61727597	62106685	1.0	1.0	2.0
2	62106686	62108238	1.0	1.0	2.0
2	62108239	62119254	1.0	1.0	2.0
2	62119255	62121991	1.0	1.0	2.0
2	62121992	62123004	1.0	1.0	2.0
2	62123005	62130119	1.0	1.0	2.0
2	62130120	89840101	1.0	1.0	2.0
2	89840102	96799999	1.0	1.0	2.0
2	96800000	120060284	1.0	1.0	2.0
2	120060285	120240245	1.0	0.0	1.0
2	120240246	242979500	1.0	1.0	2.0
3	62226	9353417	1.0	1.0	2.0
3	9353418	9434060	1.0	0.0	1.0
3	9434061	9469018	1.0	1.0	2.0
3	9469019	12589242	1.0	0.0	1.0
3	12589243	22949844	1.0	1.0	2.0
3	22949845	26344692	1.0	0.0	1.0
3	26344693	26592807	1.0	1.0	2.0
3	26592808	32407621	1.0	0.0	1.0
3	32407622	47556507	1.0	1.0	2.0
3	47556508	48570700	1.0	0.0	1.0
3	48570701	53405411	1.0	1.0	2.0
3	53405412	53405567	1.0	1.0	2.0
3	53405568	53415071	1.0	1.0	2.0
3	53415072	53415184	1.0	1.0	2.0
3	53415185	58009524	1.0	1.0	2.0
3	58009525	58009720	1.0	1.0	2.0
3	58009721	58134270	1.0	1.0	2.0
3	58134271	59724075	1.0	0.0	1.0
3	59724076	71110204	1.0	1.0	2.0
3	71110205	71110419	1.0	1.0	2.0
3	71110420	71114863	1.0	0.0	1.0
3	71114864	72658661	1.0	0.0	1.0
3	72658662	72721872	1.0	1.0	2.0
3	72721873	72772062	1.0	0.0	1.0
3	72772063	72942094	1.0	1.0	2.0
3	72942095	74134611	1.0	0.0	1.0
3	74134612	74435105	1.0	1.0	2.0
3	74435106	74646714	1.0	0.0	1.0
3	74646715	79187444	1.0	1.0	2.0
3	79187445	81147866	1.0	0.0	1.0
3	81147867	87899999	1.0	1.0	2.0
3	87900000	93899999	1.0	1.0	2.0
3	93900000	102285361	1.0	1.0	2.0
3	102285362	102285531	1.0	1.0	2.0
3	102285532	115061846	1.0	1.0	2.0
3	115061847	115061883	1.0	1.0	2.0
3	115061884	136783327	1.0	1.0	2.0
3	136783328	136943202	1.0	0.0	1.0
3	136943203	137076178	1.0	0.0	1.0
3	137076179	137899236	1.0	0.0	1.0
3	137899237	180432863	1.0	1.0	2.0
3	180432864	180656649	1.0	0.0	1.0
3	180656650	180828406	1.0	1.0	2.0
3	180828407	184040105	1.0	0.0	1.0
3	184040106	197847500	1.0	1.0	2.0
4	28886	39470937	1.0	1.0	2.0
4	39470938	39470999	1.0	1.0	2.0
4	39471000	39473792	1.0	1.0	2.0
4	39473793	39478955	1.0	1.0	2.0
4	39478956	39491675	1.0	1.0	2.0
4	39491676	39492112	1.0	1.0	2.0
4	39492113	48199999	1.0	1.0	2.0
4	48200000	52699999	1.0	1.0	2.0
4	52700000	191154275	1.0	1.0	2.0
5	22500	46099999	1.0	1.0	2.0
5	46100000	50699999	1.0	1.0	2.0
5	50700000	79432339	1.0	1.0	2.0
5	79432340	79432431	1.0	1.0	2.0
5	79432432	90163563	1.0	1.0	2.0
5	90163564	90712000	1.0	0.0	1.0
5	90712001	91348547	1.0	1.0	2.0
5	91348548	92384885	1.0	0.0	1.0
5	92384886	93202600	1.0	1.0	2.0
5	93202601	93202655	1.0	1.0	2.0
5	93202656	93204925	1.0	0.0	1.0
5	93204926	93204973	1.0	0.0	1.0
5	93204974	93206247	2.0	1.0	3.0
5	93206248	93206339	1.0	1.0	2.0
5	93206340	93217647	1.0	1.0	2.0
5	93217648	94034861	1.0	0.0	1.0
5	94034862	170129798	1.0	1.0	2.0
5	170129799	170131439	1.0	1.0	2.0
5	170131440	180689978	1.0	1.0	2.0
6	39681	201975	1.0	1.0	2.0
6	201976	58699999	1.0	1.0	2.0
6	58700000	63299999	1.0	1.0	2.0
6	63300000	69229967	1.0	1.0	2.0
6	69229968	69242332	1.0	1.0	2.0
6	69242333	75052271	1.0	1.0	2.0
6	75052272	75087392	1.0	1.0	2.0
6	75087393	102285239	1.0	1.0	2.0
6	102285240	102300501	2.0	0.0	2.0
6	102300502	102321814	1.0	1.0	2.0
6	102321815	139439033	1.0	1.0	2.0
6	139439034	139562105	1.0	0.0	1.0
6	139562106	139639345	1.0	1.0	2.0
6	139639346	140404340	1.0	0.0	1.0
6	140404341	140686238	1.0	1.0	2.0
6	140686239	140686568	1.0	1.0	2.0
6	140686569	140686915	1.0	1.0	2.0
6	140686916	140758396	1.0	0.0	1.0
6	140758397	149351654	1.0	1.0	2.0
6	149351655	149375083	1.0	1.0	2.0
6	149375084	149782751	1.0	1.0	2.0
6	149782752	160192923	1.0	0.0	1.0
6	160192924	168334812	1.0	1.0	2.0
6	168334813	168573158	2.0	0.0	2.0
6	168573159	170894018	1.0	1.0	2.0
7	40386	38270016	1.0	1.0	2.0
7	38270017	38405917	2.0	2.0	4.0
7	38405918	57999999	1.0	1.0	2.0
7	58000000	61699999	1.0	1.0	2.0
7	61700000	142048200	1.0	1.0	2.0
7	142048201	158821400	1.0	1.0	2.0
8	10001	199116	1.0	1.0	2.0
8	199117	16632006	1.0	1.0	2.0
8	16632007	37020940	1.0	0.0	1.0
8	37020941	43099999	1.0	1.0	2.0
8	43100000	48099999	1.0	1.0	2.0
8	48100000	75912918	1.0	1.0	2.0
8	75912919	76907254	1.0	0.0	1.0
8	76907255	77027238	1.0	1.0	2.0
8	77027239	77163302	1.0	1.0	2.0
8	77163303	78862334	1.0	1.0	2.0
8	78862335	79330890	1.0	0.0	1.0
8	79330891	83368429	1.0	1.0	2.0
8	83368430	83555408	1.0	0.0	1.0
8	83555409	85443990	1.0	1.0	2.0
8	85443991	87508006	1.0	0.0	1.0
8	87508007	88135711	1.0	1.0	2.0
8	88135712	88463653	1.0	0.0	1.0
8	88463654	88522934	1.0	1.0	2.0
8	88522935	88674843	1.0	0.0	1.0
8	88674844	89385546	1.0	1.0	2.0
8	89385547	89412059	1.0	0.0	1.0
8	89412060	113084323	1.0	1.0	2.0
8	113084324	113152283	1.0	0.0	1.0
8	113152284	113727124	1.0	1.0	2.0
8	113727125	113963125	1.0	0.0	1.0
8	113963126	134264535	1.0	1.0	2.0
8	134264536	134265530	1.0	1.0	2.0
8	134265531	134290860	1.0	1.0	2.0
8	134290861	134290898	1.0	1.0	2.0
8	134290899	143010382	1.0	1.0	2.0
8	143010383	143431927	1.0	0.0	1.0
8	143431928	143865593	1.0	1.0	2.0
8	143865594	143865659	1.0	1.0	2.0
8	143865660	143875278	1.0	1.0	2.0
8	143875279	143958884	1.0	0.0	1.0
8	143958885	143996836	1.0	0.0	1.0
8	143996837	144096009	1.0	0.0	1.0
8	144096010	146364021	1.0	1.0	2.0
9	47500	215085	1.0	1.0	2.0
9	215086	21355988	1.0	1.0	2.0
9	21355989	32852755	1.0	1.0	2.0
9	32852756	32852766	1.0	1.0	2.0
9	32852767	39182876	1.0	1.0	2.0
9	39182877	45112741	1.0	1.0	2.0
9	45112742	47299999	2.0	0.0	2.0
9	50700000	136650762	1.0	1.0	2.0
9	136650763	137346743	1.0	0.0	1.0
9	137346744	137354731	2.0	1.0	3.0
9	137354732	137354961	2.0	1.0	3.0
9	137354962	137359829	2.0	1.0	3.0
9	137359830	137359873	1.0	1.0	2.0
9	137359874	137361432	1.0	1.0	2.0
9	137361433	137361443	1.0	1.0	2.0
9	137361444	137841371	1.0	1.0	2.0
9	137841372	139064780	1.0	0.0	1.0
9	139064781	139314036	1.0	1.0	2.0
9	139314037	139584939	1.0	0.0	1.0
9	139584940	140273200	1.0	1.0	2.0
10	94426	37999999	1.0	1.0	2.0
10	38000000	42409999	1.0	1.0	2.0
10	42410000	89690081	1.0	1.0	2.0
10	89690082	90387654	1.0	0.0	1.0
10	90387655	135389924	1.0	1.0	2.0
11	190010	18268169	1.0	1.0	2.0
11	18268170	18289770	1.0	1.0	2.0
11	18289771	51599999	1.0	1.0	2.0
11	51600000	55699999	1.0	1.0	2.0
11	55700000	64117682	1.0	1.0	2.0
11	64117683	64123292	1.0	1.0	2.0
11	64123293	64123324	1.0	1.0	2.0
11	64123325	64130949	1.0	1.0	2.0
11	64130950	64296561	1.0	0.0	1.0
11	64296562	64303836	3.0	1.0	4.0
11	64303837	64304310	1.0	1.0	2.0
11	64304311	64306567	1.0	1.0	2.0
11	64306568	64923995	1.0	1.0	2.0
11	64923996	65345732	1.0	1.0	2.0
11	65345733	94669558	1.0	1.0	2.0
11	94669559	95504922	1.0	0.0	1.0
11	95504923	117131483	1.0	1.0	2.0
11	117131484	134452200	1.0	1.0	2.0
12	110107	7751123	1.0	1.0	2.0
12	7751124	7785671	1.0	0.0	1.0
12	7785672	9962422	1.0	1.0	2.0
12	9962423	10751240	1.0	0.0	1.0
12	10751241	10836836	1.0	1.0	2.0
12	10836837	10881891	1.0	0.0	1.0
12	10881892	11189771	1.0	1.0	2.0
12	11189772	11250750	1.0	1.0	2.0
12	11250751	11770963	1.0	1.0	2.0
12	11770964	11771888	1.0	1.0	2.0
12	11771889	11783558	1.0	1.0	2.0
12	11783559	11926364	1.0	1.0	2.0
12	11926365	11947344	1.0	0.0	1.0
12	11947345	12442116	1.0	1.0	2.0
12	12442117	12450629	1.0	1.0	2.0
12	12450630	13225255	1.0	1.0	2.0
12	13225256	14623070	1.0	0.0	1.0
12	14623071	33299999	1.0	1.0	2.0
12	33300000	38199999	1.0	1.0	2.0
12	38200000	48292390	1.0	1.0	2.0
12	48292391	48406663	1.0	0.0	1.0
12	48406664	102174303	1.0	1.0	2.0
12	102174304	104455253	1.0	0.0	1.0
12	104455254	104456531	1.0	0.0	1.0
12	104456532	104763043	1.0	0.0	1.0
12	104763044	104916089	1.0	1.0	2.0
12	104916090	105115755	1.0	0.0	1.0
12	105115756	132349400	1.0	1.0	2.0
12	132349401	133851894	1.0	1.0	2.0
13	1	16299999	1.0	1.0	2.0
13	16300000	19499999	1.0	1.0	2.0
13	19500000	49533348	1.0	1.0	2.0
13	49533349	49536620	1.0	1.0	2.0
13	49536621	114142800	1.0	1.0	2.0
13	114142801	115169877	1.0	1.0	2.0
14	1	16099999	2.0	1.0	3.0
14	19100000	23021623	1.0	1.0	2.0
14	23021624	106368400	1.0	1.0	2.0
15	1	15799999	1.0	1.0	2.0
15	15800000	20699999	1.0	1.0	2.0
15	20700000	100338800	1.0	1.0	2.0
15	100338801	102531391	1.0	1.0	2.0
16	90138	28826019	1.0	1.0	2.0
16	28826020	30279935	1.0	0.0	1.0
16	30279936	34599999	1.0	1.0	2.0
16	34600000	38599999	1.0	1.0	2.0
16	38600000	72533217	1.0	1.0	2.0
16	72533218	73870078	1.0	0.0	1.0
16	73870079	73887852	1.0	1.0	2.0
16	73887853	73890306	1.0	0.0	1.0
16	73890307	88827200	1.0	1.0	2.0
16	88827201	90354752	1.0	1.0	2.0
17	828	22199999	1.0	1.0	2.0
17	22200000	25799999	1.0	1.0	2.0
17	25800000	34150424	1.0	1.0	2.0
17	34150425	34442499	2.0	1.0	3.0
17	34442500	78774600	1.0	1.0	2.0
17	78774601	81195209	1.0	1.0	2.0
18	27500	150389	1.0	1.0	2.0
18	150390	15399999	1.0	1.0	2.0
18	15400000	18999999	1.0	1.0	2.0
18	19000000	76117000	1.0	1.0	2.0
18	76117001	78077247	1.0	1.0	2.0
19	102500	255095	1.0	1.0	2.0
19	255096	24399999	1.0	1.0	2.0
19	24400000	28599999	1.0	1.0	2.0
19	28600000	51697952	1.0	1.0	2.0
19	51697953	51945354	1.0	1.0	2.0
19	51945355	59128982	1.0	1.0	2.0
20	32079	25599999	1.0	1.0	2.0
20	25600000	29518259	1.0	1.0	2.0
20	29518260	62432500	1.0	1.0	2.0
21	10900000	14299999	2.0	0.0	2.0
21	14300000	39874073	1.0	1.0	2.0
21	39874074	39874207	1.0	1.0	2.0
21	39874208	39874242	1.0	1.0	2.0
21	39874243	42828902	1.0	1.0	2.0
21	42828903	42865045	1.0	1.0	2.0
21	42865046	42869763	1.0	1.0	2.0
21	42869764	42869831	1.0	1.0	2.0
21	42869832	42869899	1.0	1.0	2.0
21	42869900	46937500	1.0	1.0	2.0
21	46937501	48129894	1.0	1.0	2.0
22	1	12199999	1.0	1.0	2.0
22	12200000	17899999	1.0	1.0	2.0
22	17900000	49687500	1.0	1.0	2.0
22	49687501	51304565	1.0	1.0	2.0
