chromosome_index	start_position	end_position	major_cn	minor_cn	total_cn
1	1	840008	2.0	1.0	3.0
1	840009	8701873	2.0	1.0	3.0
1	8701874	8702523	2.0	1.0	3.0
1	8702524	9132579	2.0	1.0	3.0
1	9132580	9132785	2.0	1.0	3.0
1	9132786	106128356	2.0	1.0	3.0
1	106128357	121499999	2.0	1.0	3.0
1	121500000	128899999	2.0	1.0	3.0
1	128900000	144019969	2.0	1.0	3.0
1	144019970	159546978	2.0	1.0	3.0
1	159546979	172173717	2.0	1.0	3.0
1	172173718	174765246	2.0	1.0	3.0
1	174765247	174775565	2.0	1.0	3.0
1	174775566	179568351	2.0	1.0	3.0
1	179568352	180901675	2.0	0.0	2.0
1	180901676	245964077	2.0	1.0	3.0
1	245964078	245970495	3.0	2.0	5.0
1	245970496	247249600	2.0	1.0	3.0
1	247249601	249250620	2.0	1.0	3.0
2	20016	18887259	2.0	2.0	4.0
2	18887260	18954639	2.0	1.0	3.0
2	18954640	34648485	2.0	2.0	4.0
2	34648486	34715167	2.0	1.0	3.0
2	34715168	72728438	2.0	2.0	4.0
2	72728439	72730608	2.0	2.0	4.0
2	72730609	89840101	2.0	2.0	4.0
2	89840102	96799999	2.0	2.0	4.0
2	96800000	196633327	2.0	2.0	4.0
2	196633328	196726839	2.0	0.0	2.0
2	196726840	225030952	2.0	2.0	4.0
2	225030953	225040361	2.0	2.0	4.0
2	225040362	231522738	2.0	2.0	4.0
2	231522739	231528233	2.0	2.0	4.0
2	231528234	242965023	2.0	2.0	4.0
3	62425	60055256	2.0	1.0	3.0
3	60055257	60142077	2.0	1.0	3.0
3	60142078	60194733	2.0	1.0	3.0
3	60194734	60215279	1.0	1.0	2.0
3	60215280	60318828	1.0	0.0	1.0
3	60318829	60335456	1.0	1.0	2.0
3	60335457	60337361	1.0	1.0	2.0
3	60337362	60344112	2.0	1.0	3.0
3	60344113	60418709	2.0	1.0	3.0
3	60418710	60425015	2.0	0.0	2.0
3	60425016	60498661	1.0	0.0	1.0
3	60498662	60582319	2.0	0.0	2.0
3	60582320	60584162	2.0	0.0	2.0
3	60584163	60632475	1.0	1.0	2.0
3	60632476	60638272	1.0	0.0	1.0
3	60638273	60691643	1.0	1.0	2.0
3	60691644	60760258	1.0	0.0	1.0
3	60760259	60788146	0.0	0.0	0.0
3	60788147	60993758	1.0	0.0	1.0
3	60993759	61135526	1.0	1.0	2.0
3	61135527	70759621	2.0	1.0	3.0
3	70759622	75423958	2.0	1.0	3.0
3	75423959	87899999	2.0	1.0	3.0
3	87900000	93899999	2.0	1.0	3.0
3	93900000	113971912	2.0	1.0	3.0
3	113971913	113971950	2.0	1.0	3.0
3	113971951	114255432	2.0	1.0	3.0
3	114255433	114400236	1.0	1.0	2.0
3	114400237	172646903	2.0	1.0	3.0
3	172646904	174681588	2.0	1.0	3.0
3	174681589	174750834	1.0	1.0	2.0
3	174750835	174788512	1.0	1.0	2.0
3	174788513	174858861	1.0	1.0	2.0
3	174858862	174887406	1.0	1.0	2.0
3	174887407	175126962	1.0	1.0	2.0
3	175126963	197847500	2.0	1.0	3.0
4	42231	35141519	2.0	1.0	3.0
4	35141520	35146530	2.0	1.0	3.0
4	35146531	48199999	2.0	1.0	3.0
4	48200000	52699999	2.0	1.0	3.0
4	52700000	84826599	2.0	1.0	3.0
4	84826600	91367590	2.0	1.0	3.0
4	91367591	91389663	1.0	1.0	2.0
4	91389664	91417425	1.0	1.0	2.0
4	91417426	91650775	1.0	1.0	2.0
4	91650776	91743714	1.0	0.0	1.0
4	91743715	91745753	1.0	0.0	1.0
4	91745754	91755484	1.0	0.0	1.0
4	91755485	91830942	0.0	0.0	0.0
4	91830943	91869273	1.0	0.0	1.0
4	91869274	92022356	1.0	1.0	2.0
4	92022357	92169839	2.0	1.0	3.0
4	92169840	92557878	2.0	0.0	2.0
4	92557879	130657483	2.0	1.0	3.0
4	130657484	130664017	2.0	1.0	3.0
4	130664018	130664208	2.0	1.0	3.0
4	130664209	130666063	2.0	1.0	3.0
4	130666064	130666089	2.0	1.0	3.0
4	130666090	163505745	2.0	1.0	3.0
4	163505746	190749943	2.0	1.0	3.0
5	40490	46099999	2.0	2.0	4.0
5	50700000	52473353	3.0	1.0	4.0
5	52473354	54605143	3.0	0.0	3.0
5	54605144	55724222	3.0	1.0	4.0
5	55724223	58837788	3.0	0.0	3.0
5	58837789	58866582	2.0	0.0	2.0
5	58866583	73995517	3.0	0.0	3.0
5	73995518	74041274	3.0	1.0	4.0
5	74041275	74068868	3.0	1.0	4.0
5	74068869	133635953	3.0	1.0	4.0
5	133635954	133658542	3.0	1.0	4.0
5	133658543	147178096	3.0	1.0	4.0
5	147178097	147899247	3.0	0.0	3.0
5	147899248	148078576	3.0	1.0	4.0
5	148078577	148083707	3.0	1.0	4.0
5	148083708	148974691	3.0	1.0	4.0
5	148974692	149361781	3.0	0.0	3.0
5	149361782	149427099	3.0	1.0	4.0
5	149427100	157342337	3.0	0.0	3.0
5	157342338	157604781	0.0	0.0	0.0
5	157604782	180712485	3.0	0.0	3.0
6	39681	240004	2.0	2.0	4.0
6	240005	407655	2.0	2.0	4.0
6	407656	1769705	2.0	2.0	4.0
6	1769706	1818812	2.0	1.0	3.0
6	1818813	1916232	2.0	1.0	3.0
6	1916233	58699999	2.0	2.0	4.0
6	58700000	63299999	2.0	2.0	4.0
6	63300000	157053071	2.0	2.0	4.0
6	157053072	162660535	2.0	0.0	2.0
6	162660536	162789378	1.0	0.0	1.0
6	162789379	170893258	2.0	0.0	2.0
7	40386	57999999	4.0	2.0	6.0
7	58000000	61699999	4.0	2.0	6.0
7	61700000	63058201	4.0	2.0	6.0
7	63058202	63108401	4.0	2.0	6.0
7	63108402	85285287	2.0	2.0	4.0
7	85285288	87492742	2.0	2.0	4.0
7	87492743	87496896	2.0	2.0	4.0
7	87496897	110328963	2.0	2.0	4.0
7	110328964	110379951	2.0	1.0	3.0
7	110379952	110392895	2.0	2.0	4.0
7	110392896	110514867	2.0	1.0	3.0
7	110514868	114624542	2.0	2.0	4.0
7	114624543	116441889	2.0	2.0	4.0
7	116441890	118593122	2.0	0.0	2.0
7	118593123	131213918	2.0	2.0	4.0
7	131213919	131215245	2.0	2.0	4.0
7	131215246	158821400	2.0	2.0	4.0
8	161424	4119700	1.0	0.0	1.0
8	4119701	6060484	4.0	1.0	5.0
8	6060485	7688202	1.0	0.0	1.0
8	7688203	10117695	1.0	0.0	1.0
8	10117696	10117750	1.0	0.0	1.0
8	10117751	10117825	1.0	0.0	1.0
8	10117826	10130177	1.0	0.0	1.0
8	10130178	10130935	1.0	0.0	1.0
8	10130936	10130987	4.0	1.0	5.0
8	10130988	10207401	4.0	1.0	5.0
8	10207402	10822183	1.0	0.0	1.0
8	10822184	11952573	4.0	1.0	5.0
8	11952574	12466801	4.0	1.0	5.0
8	12466802	12834104	4.0	1.0	5.0
8	12834105	36833829	1.0	0.0	1.0
8	36833830	39232001	4.0	1.0	5.0
8	39232002	43099999	4.0	1.0	5.0
8	43100000	48099999	4.0	1.0	5.0
8	48100000	90350369	4.0	1.0	5.0
8	90350370	90447742	4.0	1.0	5.0
8	90447743	91255125	4.0	1.0	5.0
8	91255126	91255138	4.0	1.0	5.0
8	91255139	111827595	4.0	1.0	5.0
8	111827596	143960778	4.0	1.0	5.0
8	143960779	146364021	4.0	0.0	4.0
9	47500	244283	2.0	1.0	3.0
9	244284	47196199	2.0	1.0	3.0
9	47196200	50699999	2.0	1.0	3.0
9	50700000	140273200	2.0	1.0	3.0
10	95353	37999999	2.0	1.0	3.0
10	38000000	42397372	2.0	1.0	3.0
10	42397373	52766866	2.0	1.0	3.0
10	52766867	52820603	2.0	1.0	3.0
10	52820604	52860219	2.0	0.0	2.0
10	52860220	52910219	2.0	0.0	2.0
10	52910220	53006236	1.0	0.0	1.0
10	53006237	53065494	1.0	1.0	2.0
10	53065495	83534945	2.0	1.0	3.0
10	83534946	83540010	2.0	1.0	3.0
10	83540011	114083103	2.0	1.0	3.0
10	114083104	114088553	2.0	1.0	3.0
10	114088554	114156510	2.0	1.0	3.0
10	114156511	114156521	2.0	1.0	3.0
10	114156522	114715239	2.0	1.0	3.0
10	114715240	114715286	2.0	1.0	3.0
10	114715287	117148758	2.0	1.0	3.0
10	117148759	124203584	2.0	1.0	3.0
10	124203585	124203659	2.0	1.0	3.0
10	124203660	124208616	2.0	1.0	3.0
10	124208617	124208739	2.0	1.0	3.0
10	124208740	135389924	2.0	1.0	3.0
11	20721	198985	2.0	2.0	4.0
11	198986	25600910	2.0	2.0	4.0
11	25600911	25604415	2.0	2.0	4.0
11	25604416	40264817	2.0	2.0	4.0
11	40264818	45157047	2.0	2.0	4.0
11	45157048	45157322	2.0	2.0	4.0
11	45157323	45157449	2.0	2.0	4.0
11	45157450	45157500	2.0	2.0	4.0
11	45157501	45157618	2.0	2.0	4.0
11	45157619	45157784	2.0	2.0	4.0
11	45157785	45160973	2.0	2.0	4.0
11	45160974	45161001	2.0	2.0	4.0
11	45161002	45161076	2.0	2.0	4.0
11	45161077	45161141	2.0	2.0	4.0
11	45161142	45164643	2.0	2.0	4.0
11	45164644	51599999	2.0	2.0	4.0
11	51600000	55699999	2.0	2.0	4.0
11	55700000	134452200	2.0	2.0	4.0
12	110107	194306	2.0	1.0	3.0
12	194307	32913436	2.0	1.0	3.0
12	32913437	33062028	1.0	0.0	1.0
12	38200000	41652009	2.0	1.0	3.0
12	41652010	60153163	2.0	1.0	3.0
12	60153164	92539657	2.0	1.0	3.0
12	92539658	131730401	2.0	1.0	3.0
12	131730402	131778401	2.0	1.0	3.0
12	131778402	132349400	2.0	1.0	3.0
12	132349401	133851894	2.0	1.0	3.0
13	1	16299999	3.0	2.0	5.0
13	16300000	19499999	3.0	2.0	5.0
13	19500000	59976205	3.0	2.0	5.0
13	59976206	91601306	3.0	2.0	5.0
13	91601307	91604140	2.0	2.0	4.0
13	91604141	94967030	3.0	2.0	5.0
13	94967031	94968969	3.0	2.0	5.0
13	94968970	108924548	3.0	2.0	5.0
13	108924549	114142800	3.0	2.0	5.0
13	114142801	115169877	3.0	2.0	5.0
14	1	16099999	2.0	1.0	3.0
14	16100000	19099999	2.0	1.0	3.0
14	19100000	19609116	2.0	1.0	3.0
14	19609117	59220580	2.0	1.0	3.0
14	59220581	59220605	2.0	1.0	3.0
14	59220606	59220735	2.0	1.0	3.0
14	59220736	59220805	2.0	1.0	3.0
14	59220806	59220821	2.0	1.0	3.0
14	59220822	59220917	2.0	1.0	3.0
14	59220918	59221106	2.0	1.0	3.0
14	59221107	79931303	2.0	1.0	3.0
14	79931304	80024425	2.0	0.0	2.0
14	80024426	95567182	2.0	1.0	3.0
14	95567183	95567688	2.0	1.0	3.0
14	95567689	95613136	2.0	1.0	3.0
14	95613137	95674943	2.0	1.0	3.0
14	95674944	106368400	2.0	1.0	3.0
15	1	15799999	2.0	1.0	3.0
15	15800000	20699999	2.0	1.0	3.0
15	20700000	100338800	2.0	1.0	3.0
15	100338801	102397824	2.0	1.0	3.0
16	142501	167088	2.0	1.0	3.0
16	167089	11186290	2.0	1.0	3.0
16	11186291	34599999	3.0	1.0	4.0
16	34600000	38599999	3.0	1.0	4.0
16	38600000	46480000	3.0	1.0	4.0
16	46480001	47377404	3.0	1.0	4.0
16	47377405	48645096	3.0	0.0	3.0
16	48645097	48775032	3.0	1.0	4.0
16	48775033	55791898	3.0	0.0	3.0
16	55791899	71380917	3.0	0.0	3.0
16	71380918	74396866	3.0	1.0	4.0
16	74396867	78686324	3.0	0.0	3.0
16	78686325	78712440	2.0	0.0	2.0
16	78712441	78871633	3.0	0.0	3.0
16	78871634	78983306	2.0	0.0	2.0
16	78983307	88827200	3.0	0.0	3.0
16	88827201	90149733	3.0	0.0	3.0
17	12500	16654202	2.0	0.0	2.0
17	16654203	16773404	2.0	0.0	2.0
17	16773405	18319170	2.0	0.0	2.0
17	18319171	22199999	2.0	0.0	2.0
17	25800000	26926286	4.0	2.0	6.0
17	26926287	26926417	4.0	2.0	6.0
17	26926418	26926530	4.0	2.0	6.0
17	26926531	32720753	4.0	2.0	6.0
17	32720754	32723479	4.0	2.0	6.0
17	32723480	33193714	4.0	2.0	6.0
17	33193715	33194810	4.0	2.0	6.0
17	33194811	34052705	4.0	2.0	6.0
17	34052706	34053096	4.0	2.0	6.0
17	34053097	42276988	4.0	2.0	6.0
17	42276989	42285416	3.0	2.0	5.0
17	42285417	45404384	3.0	2.0	5.0
17	45404385	45405661	3.0	2.0	5.0
17	45405662	50308143	3.0	2.0	5.0
17	50308144	50308599	3.0	2.0	5.0
17	50308600	50313497	4.0	2.0	6.0
17	50313498	54456032	4.0	2.0	6.0
17	54456033	54524203	2.0	2.0	4.0
17	54524204	54526123	2.0	2.0	4.0
17	54526124	56691803	2.0	2.0	4.0
17	56691804	63068323	3.0	2.0	5.0
17	63068324	63068573	3.0	2.0	5.0
17	63068574	68173535	2.0	2.0	4.0
17	68173536	73826256	3.0	2.0	5.0
17	73826257	80605987	3.0	2.0	5.0
17	80605988	80606027	3.0	2.0	5.0
17	80606028	80606070	3.0	2.0	5.0
18	27500	80030	2.0	0.0	2.0
18	80031	12408881	2.0	0.0	2.0
18	12408882	12665758	2.0	0.0	2.0
18	12665759	12677132	1.0	0.0	1.0
18	12677133	12678528	2.0	0.0	2.0
18	12678529	15399999	2.0	0.0	2.0
18	19000000	20311047	4.0	2.0	6.0
18	20311048	20311112	4.0	2.0	6.0
18	20311113	20311160	4.0	2.0	6.0
18	20311161	20312186	4.0	2.0	6.0
18	20312187	20312664	4.0	2.0	6.0
18	20312665	20319501	2.0	0.0	2.0
18	20319502	20319906	2.0	0.0	2.0
18	20319907	20319955	2.0	0.0	2.0
18	20319956	21101769	2.0	0.0	2.0
18	21101770	22597770	4.0	2.0	6.0
18	22597771	22597821	4.0	2.0	6.0
18	22597822	34522676	2.0	0.0	2.0
18	34522677	35616694	4.0	2.0	6.0
18	35616695	35616750	4.0	2.0	6.0
18	35616751	54100501	2.0	0.0	2.0
18	54100502	54100523	2.0	0.0	2.0
18	54100524	76117000	2.0	0.0	2.0
18	76117001	78077247	2.0	0.0	2.0
19	102500	293345	3.0	2.0	5.0
19	293346	13916798	3.0	2.0	5.0
19	13916799	13917160	3.0	2.0	5.0
19	13917161	13921098	2.0	2.0	4.0
19	13921099	24399999	2.0	2.0	4.0
19	24400000	28599999	2.0	2.0	4.0
19	28600000	59128982	2.0	2.0	4.0
20	29234	10761921	2.0	2.0	4.0
20	10761922	10762118	2.0	2.0	4.0
20	10762119	14531796	2.0	2.0	4.0
20	14531797	14560969	2.0	0.0	2.0
20	14560970	14568670	2.0	0.0	2.0
20	14568671	14575640	2.0	0.0	2.0
20	14575641	14612284	2.0	0.0	2.0
20	14612285	14614493	2.0	0.0	2.0
20	14614494	14768717	2.0	0.0	2.0
20	14768718	14983149	1.0	0.0	1.0
20	14983150	15017902	1.0	0.0	1.0
20	15017903	15075139	1.0	0.0	1.0
20	15075140	15081328	1.0	0.0	1.0
20	15081329	15113190	1.0	0.0	1.0
20	15113191	15141626	0.0	0.0	0.0
20	15141627	15230906	1.0	0.0	1.0
20	15230907	15239401	1.0	0.0	1.0
20	15239402	15300730	1.0	0.0	1.0
20	15300731	15350380	1.0	1.0	2.0
20	15350381	15578574	2.0	1.0	3.0
20	15578575	15596095	2.0	1.0	3.0
20	15596096	15772634	2.0	1.0	3.0
20	15772635	18350562	2.0	2.0	4.0
20	18350563	25599999	2.0	2.0	4.0
20	25600000	29496829	2.0	2.0	4.0
20	29496830	29908397	2.0	2.0	4.0
20	29908398	56221775	6.0	2.0	8.0
20	56221776	56281625	2.0	2.0	4.0
20	56281626	62435800	6.0	2.0	8.0
21	10900000	14448172	2.0	1.0	3.0
21	14448173	31372133	2.0	1.0	3.0
21	31372134	32138746	1.0	0.0	1.0
21	32138747	46944200	2.0	1.0	3.0
21	46944201	48129894	2.0	1.0	3.0
22	1	12199999	2.0	1.0	3.0
22	12200000	17899999	2.0	1.0	3.0
22	17900000	29065465	2.0	1.0	3.0
22	29065466	29065747	2.0	1.0	3.0
22	29065748	29065850	2.0	1.0	3.0
22	29065851	37949433	2.0	1.0	3.0
22	37949434	41993941	2.0	2.0	4.0
22	41993942	41996776	2.0	2.0	4.0
22	41996777	49691400	2.0	2.0	4.0
22	49691401	51304565	2.0	2.0	4.0
