chromosome_index	start_position	end_position	major_cn	minor_cn	total_cn
1	10001	790008	2.0	1.0	3.0
1	790009	921859	2.0	1.0	3.0
1	921860	1223311	3.0	2.0	5.0
1	1223312	13900776	2.0	2.0	4.0
1	13900777	14405073	4.0	2.0	6.0
1	14405074	21559047	2.0	2.0	4.0
1	21559048	21958792	3.0	2.0	5.0
1	21958793	22071345	2.0	2.0	4.0
1	22071346	22455326	3.0	2.0	5.0
1	22455327	31411728	2.0	2.0	4.0
1	31411729	31815142	4.0	2.0	6.0
1	31815143	44319646	2.0	2.0	4.0
1	44319647	44321058	2.0	2.0	4.0
1	44321059	44488570	4.0	2.0	6.0
1	44488571	44519328	3.0	2.0	5.0
1	44519329	45465544	2.0	2.0	4.0
1	45465545	45507290	3.0	2.0	5.0
1	45507291	46025678	4.0	2.0	6.0
1	46025679	46457055	2.0	1.0	3.0
1	46457056	46507054	2.0	1.0	3.0
1	46507055	68726586	2.0	1.0	3.0
1	68726587	68729182	2.0	1.0	3.0
1	68729183	84879779	2.0	1.0	3.0
1	84879780	85986082	2.0	2.0	4.0
1	85986083	94208047	2.0	1.0	3.0
1	94208048	95347898	3.0	1.0	4.0
1	95347899	95657584	2.0	1.0	3.0
1	95657585	95688006	2.0	1.0	3.0
1	95688007	112670807	2.0	1.0	3.0
1	112670808	112745981	3.0	1.0	4.0
1	112745982	112924235	6.0	1.0	7.0
1	112924236	113217812	5.0	1.0	6.0
1	113217813	120868186	2.0	1.0	3.0
1	128900000	142535601	2.0	1.0	3.0
1	142535602	143536466	2.0	1.0	3.0
1	143536467	150243405	3.0	1.0	4.0
1	150243406	150327248	3.0	1.0	4.0
1	150327249	150582550	3.0	1.0	4.0
1	150582551	150616053	3.0	1.0	4.0
1	150616054	154880831	3.0	1.0	4.0
1	154880832	155439654	4.0	1.0	5.0
1	155439655	160719800	3.0	1.0	4.0
1	160719801	164581244	3.0	1.0	4.0
1	164581245	164601537	2.0	1.0	3.0
1	164601538	171125731	3.0	1.0	4.0
1	171125732	172999597	5.0	1.0	6.0
1	172999598	180495840	3.0	1.0	4.0
1	180495841	180636317	4.0	3.0	7.0
1	180636318	193269642	3.0	1.0	4.0
1	193269643	193831304	5.0	1.0	6.0
1	193831305	205448145	3.0	1.0	4.0
1	205448146	205477937	3.0	2.0	5.0
1	205477938	208800024	3.0	1.0	4.0
1	208800025	244954888	2.0	1.0	3.0
1	244954889	245321529	2.0	2.0	4.0
1	245321530	247249600	2.0	1.0	3.0
1	247249601	249250620	2.0	1.0	3.0
2	12821	27681208	1.0	1.0	2.0
2	27681209	28006891	2.0	1.0	3.0
2	28006892	54909987	1.0	1.0	2.0
2	54909988	81067595	2.0	1.0	3.0
2	81067596	81137560	3.0	1.0	4.0
2	81137561	89179989	2.0	1.0	3.0
2	89179990	90499999	2.0	1.0	3.0
2	90500000	96799999	2.0	1.0	3.0
2	96800000	117050536	2.0	1.0	3.0
2	117050537	117051745	2.0	1.0	3.0
2	117051746	127580310	2.0	1.0	3.0
2	127580311	127688053	3.0	1.0	4.0
2	127688054	129056145	2.0	1.0	3.0
2	129056146	129064235	2.0	1.0	3.0
2	129064236	129081034	2.0	1.0	3.0
2	129081035	129086347	2.0	1.0	3.0
2	129086348	140990810	2.0	1.0	3.0
2	140990811	141023538	2.0	1.0	3.0
2	141023539	141723008	2.0	1.0	3.0
2	141723009	141911022	1.0	1.0	2.0
2	141911023	143844438	2.0	1.0	3.0
2	143844439	143845566	2.0	1.0	3.0
2	143845567	159284249	2.0	1.0	3.0
2	159284250	159338556	2.0	1.0	3.0
2	159338557	178307056	2.0	1.0	3.0
2	178307057	178814659	2.0	2.0	4.0
2	178814660	180973281	2.0	1.0	3.0
2	180973282	181107665	2.0	1.0	3.0
2	181107666	182831961	2.0	1.0	3.0
2	182831962	182835052	2.0	1.0	3.0
2	182835053	182835429	2.0	1.0	3.0
2	182835430	182854449	2.0	1.0	3.0
2	182854450	201019734	2.0	1.0	3.0
2	201019735	201060486	3.0	1.0	4.0
2	201060487	201720696	2.0	1.0	3.0
2	201720697	202194185	4.0	1.0	5.0
2	202194186	231524306	2.0	1.0	3.0
2	231524307	231678634	2.0	2.0	4.0
2	231678635	242990807	2.0	1.0	3.0
3	60596	9984389	1.0	1.0	2.0
3	9984390	10483974	2.0	1.0	3.0
3	10483975	47582393	1.0	1.0	2.0
3	47582394	48060205	2.0	1.0	3.0
3	48060206	50094648	1.0	1.0	2.0
3	50094649	50231680	2.0	1.0	3.0
3	50231681	70909009	1.0	1.0	2.0
3	70909010	75429403	2.0	1.0	3.0
3	75429404	79971761	2.0	1.0	3.0
3	79971762	86628429	2.0	0.0	2.0
3	86628430	87899999	2.0	1.0	3.0
3	87900000	93899999	2.0	1.0	3.0
3	93900000	112135252	2.0	1.0	3.0
3	112135253	112396142	3.0	1.0	4.0
3	112396143	116533308	2.0	1.0	3.0
3	116533309	116657538	1.0	1.0	2.0
3	116657539	116785827	1.0	0.0	1.0
3	116785828	116793879	1.0	1.0	2.0
3	116793880	116832675	1.0	1.0	2.0
3	116832676	116834754	2.0	1.0	3.0
3	116834755	116843879	1.0	1.0	2.0
3	116843880	116885056	2.0	1.0	3.0
3	116885057	116905473	2.0	1.0	3.0
3	116905474	116912857	2.0	1.0	3.0
3	116912858	116916674	2.0	1.0	3.0
3	116916675	117145252	2.0	1.0	3.0
3	117145253	117611504	2.0	0.0	2.0
3	117611505	134431255	2.0	1.0	3.0
3	134431256	139025019	3.0	2.0	5.0
3	139025020	140291390	3.0	2.0	5.0
3	140291391	140296080	2.0	2.0	4.0
3	140296081	140296316	2.0	2.0	4.0
3	140296317	140296601	2.0	2.0	4.0
3	140296602	140549642	3.0	2.0	5.0
3	140549643	141123824	3.0	2.0	5.0
3	141123825	141250262	4.0	2.0	6.0
3	141250263	141327731	3.0	2.0	5.0
3	141327732	141612929	3.0	2.0	5.0
3	141612930	141752484	3.0	2.0	5.0
3	141752485	145287753	3.0	2.0	5.0
3	145287754	145292330	2.0	2.0	4.0
3	145292331	168594332	2.0	1.0	3.0
3	168594333	168886037	2.0	2.0	4.0
3	168886038	168921048	3.0	2.0	5.0
3	168921049	169843430	2.0	2.0	4.0
3	169843431	170030358	3.0	2.0	5.0
3	170030359	189831986	2.0	2.0	4.0
3	189831987	189833313	2.0	2.0	4.0
3	189833314	193705543	2.0	2.0	4.0
3	193705544	193745804	3.0	2.0	5.0
3	193745805	197651690	2.0	2.0	4.0
3	197651691	197783605	3.0	2.0	5.0
4	48909	727503	2.0	0.0	2.0
4	727504	2439749	3.0	0.0	3.0
4	2439750	3160549	4.0	0.0	4.0
4	3160550	3419025	3.0	0.0	3.0
4	3419026	3964665	4.0	0.0	4.0
4	3964666	7038698	3.0	0.0	3.0
4	7038699	10234201	2.0	0.0	2.0
4	10234202	16755427	2.0	0.0	2.0
4	16755428	16780464	2.0	0.0	2.0
4	16780465	31057384	2.0	0.0	2.0
4	31057385	31631336	1.0	0.0	1.0
4	31631337	40990599	2.0	0.0	2.0
4	40990600	40995439	3.0	0.0	3.0
4	40995440	40995464	3.0	0.0	3.0
4	40995465	41646347	3.0	0.0	3.0
4	41646348	43411309	2.0	0.0	2.0
4	43411310	43432422	3.0	0.0	3.0
4	43432423	48199999	2.0	0.0	2.0
4	48200000	52699999	2.0	0.0	2.0
4	52700000	63227368	2.0	0.0	2.0
4	63227369	65102712	1.0	0.0	1.0
4	65102713	70123601	2.0	0.0	2.0
4	70123602	72567094	2.0	0.0	2.0
4	72567095	72654166	3.0	0.0	3.0
4	72654167	80689233	2.0	0.0	2.0
4	80689234	80877429	3.0	0.0	3.0
4	80877430	92313845	2.0	0.0	2.0
4	92313846	92457460	1.0	0.0	1.0
4	92457461	135405096	2.0	0.0	2.0
4	135405097	135409249	2.0	0.0	2.0
4	135409250	135409579	2.0	0.0	2.0
4	135409580	135455577	3.0	0.0	3.0
4	135455578	135456400	2.0	0.0	2.0
4	135456401	135458763	2.0	0.0	2.0
4	135458764	141544021	2.0	0.0	2.0
4	141544022	141821681	3.0	0.0	3.0
4	141821682	182706768	2.0	0.0	2.0
4	182706769	183044128	1.0	0.0	1.0
4	183044129	189972689	2.0	0.0	2.0
4	189972690	189973460	2.0	0.0	2.0
4	189973461	191154275	2.0	0.0	2.0
5	22500	31517	2.0	2.0	4.0
5	31518	6366274	2.0	2.0	4.0
5	6366275	6405606	3.0	2.0	5.0
5	6405607	6434533	2.0	2.0	4.0
5	6434534	6436079	2.0	2.0	4.0
5	6436080	21330043	2.0	2.0	4.0
5	21330044	24531090	2.0	1.0	3.0
5	24531091	26895180	1.0	1.0	2.0
5	26895181	27229206	2.0	1.0	3.0
5	27229207	32082344	2.0	2.0	4.0
5	32082345	32906196	3.0	2.0	5.0
5	32906197	46099999	2.0	2.0	4.0
5	50700000	52247441	2.0	1.0	3.0
5	52247442	54382411	2.0	2.0	4.0
5	54382412	55163846	2.0	1.0	3.0
5	55163847	55548407	2.0	2.0	4.0
5	55548408	56065263	2.0	1.0	3.0
5	56065264	56079590	2.0	1.0	3.0
5	56079591	58147455	2.0	1.0	3.0
5	58147456	58970038	2.0	2.0	4.0
5	58970039	60714871	2.0	1.0	3.0
5	60714872	60716925	2.0	1.0	3.0
5	60716926	60718996	3.0	1.0	4.0
5	60718997	61490920	3.0	1.0	4.0
5	61490921	88078205	2.0	1.0	3.0
5	88078206	88079317	2.0	1.0	3.0
5	88079318	96741891	2.0	1.0	3.0
5	96741892	97210823	2.0	0.0	2.0
5	97210824	103056918	2.0	1.0	3.0
5	103056919	126898756	3.0	1.0	4.0
5	126898757	126898789	3.0	1.0	4.0
5	126898790	137230831	3.0	1.0	4.0
5	137230832	137492146	4.0	1.0	5.0
5	137492147	138941014	3.0	1.0	4.0
5	138941015	139414469	5.0	1.0	6.0
5	139414470	148811248	3.0	1.0	4.0
5	148811249	149241562	3.0	2.0	5.0
5	149241563	167436716	3.0	1.0	4.0
5	167436717	168079248	4.0	1.0	5.0
5	168079249	175087103	3.0	1.0	4.0
5	175087104	180579927	3.0	2.0	5.0
5	180579928	180715810	3.0	2.0	5.0
6	39681	237700	2.0	0.0	2.0
6	237701	382436	2.0	0.0	2.0
6	382437	6432362	2.0	0.0	2.0
6	6432363	6958193	3.0	0.0	3.0
6	6958194	7344888	2.0	0.0	2.0
6	7344889	7652064	3.0	0.0	3.0
6	7652065	42067390	2.0	0.0	2.0
6	42067391	42172448	3.0	0.0	3.0
6	42172449	58699999	2.0	0.0	2.0
6	58700000	63299999	2.0	0.0	2.0
6	63300000	68654371	2.0	0.0	2.0
6	68654372	69611257	1.0	0.0	1.0
6	69611258	78916801	2.0	0.0	2.0
6	78916802	131136004	2.0	0.0	2.0
6	131136005	131621742	4.0	0.0	4.0
6	131621743	151656741	2.0	0.0	2.0
6	151656742	151913470	4.0	0.0	4.0
6	151913471	170945122	2.0	0.0	2.0
7	40386	6457038	2.0	1.0	3.0
7	6457039	13468617	2.0	1.0	3.0
7	13468618	23177430	2.0	1.0	3.0
7	23177431	23600592	2.0	1.0	3.0
7	23600593	57999999	2.0	1.0	3.0
7	58000000	61699999	2.0	1.0	3.0
7	61700000	63845548	2.0	1.0	3.0
7	63845549	63845707	2.0	1.0	3.0
7	63845708	75839686	2.0	1.0	3.0
7	75839687	76545936	2.0	2.0	4.0
7	76545937	91918145	2.0	1.0	3.0
7	91918146	92873394	2.0	2.0	4.0
7	92873395	114321709	2.0	1.0	3.0
7	114321710	114430502	2.0	1.0	3.0
7	114430503	158821400	2.0	1.0	3.0
8	156331	8012802	1.0	0.0	1.0
8	8012803	8519923	2.0	0.0	2.0
8	8519924	8519980	2.0	0.0	2.0
8	8519981	12450320	1.0	0.0	1.0
8	12450321	12979089	2.0	0.0	2.0
8	12979090	12981585	2.0	0.0	2.0
8	12981586	12998947	2.0	0.0	2.0
8	12998948	17388534	1.0	0.0	1.0
8	17388535	17436489	2.0	0.0	2.0
8	17436490	17436520	2.0	0.0	2.0
8	17436521	18758613	2.0	0.0	2.0
8	18758614	19969167	1.0	0.0	1.0
8	19969168	20719697	2.0	0.0	2.0
8	20719698	20784475	2.0	1.0	3.0
8	20784476	20784811	2.0	1.0	3.0
8	20784812	21969018	1.0	1.0	2.0
8	21969019	23098961	1.0	0.0	1.0
8	23098962	23587382	1.0	1.0	2.0
8	23587383	23944035	2.0	1.0	3.0
8	23944036	28965728	1.0	1.0	2.0
8	28965729	31191841	1.0	0.0	1.0
8	31191842	31553011	2.0	0.0	2.0
8	31553012	31553106	2.0	0.0	2.0
8	31553107	31584978	3.0	0.0	3.0
8	31584979	34671477	1.0	0.0	1.0
8	34671478	36132845	2.0	0.0	2.0
8	36132846	38868126	1.0	0.0	1.0
8	38868127	43099999	1.0	1.0	2.0
8	48100000	48880873	2.0	1.0	3.0
8	48880874	50829570	2.0	1.0	3.0
8	50829571	51477016	2.0	0.0	2.0
8	51477017	51618447	2.0	1.0	3.0
8	51618448	52112521	2.0	0.0	2.0
8	52112522	52588071	2.0	0.0	2.0
8	52588072	53417499	2.0	0.0	2.0
8	53417500	59648303	2.0	0.0	2.0
8	59648304	60031151	1.0	0.0	1.0
8	60031152	78844184	2.0	0.0	2.0
8	78844185	145081159	3.0	0.0	3.0
8	145081160	145509863	4.0	0.0	4.0
9	10001	203760	3.0	1.0	4.0
9	203761	3169181	3.0	1.0	4.0
9	3169182	3179733	5.0	1.0	6.0
9	3179734	4072296	5.0	1.0	6.0
9	4072297	4101108	4.0	1.0	5.0
9	4101109	8476986	3.0	1.0	4.0
9	8476987	9413003	3.0	2.0	5.0
9	9413004	40108401	3.0	1.0	4.0
9	40108402	47299999	3.0	1.0	4.0
9	47300000	50699999	3.0	1.0	4.0
9	50700000	66343369	3.0	1.0	4.0
9	66343370	68463801	3.0	1.0	4.0
9	68463802	70120000	3.0	1.0	4.0
9	70120001	126011619	1.0	1.0	2.0
9	126011620	126147380	2.0	1.0	3.0
9	126147381	129054091	1.0	1.0	2.0
9	129054092	129102381	2.0	1.0	3.0
9	129102382	136026559	1.0	1.0	2.0
9	136026560	136198820	2.0	1.0	3.0
9	136198821	140273200	1.0	1.0	2.0
10	90127	11417450	1.0	0.0	1.0
10	11417451	11757126	2.0	0.0	2.0
10	11757127	12174834	2.0	0.0	2.0
10	12174835	12175111	2.0	0.0	2.0
10	12175112	17542694	1.0	0.0	1.0
10	17542695	17615140	2.0	0.0	2.0
10	17615141	21775760	1.0	1.0	2.0
10	21775761	23728106	1.0	0.0	1.0
10	23728107	34489956	1.0	1.0	2.0
10	34489957	37999999	1.0	1.0	2.0
10	38000000	42299999	1.0	1.0	2.0
10	42300000	55370070	1.0	1.0	2.0
10	55370071	57168110	1.0	0.0	1.0
10	57168111	62262560	1.0	1.0	2.0
10	62262561	62762278	2.0	1.0	3.0
10	62762279	75275571	1.0	1.0	2.0
10	75275572	75535965	1.0	1.0	2.0
10	75535966	94525124	1.0	1.0	2.0
10	94525125	94655800	1.0	1.0	2.0
10	94655801	103841635	1.0	1.0	2.0
10	103841636	104002147	2.0	1.0	3.0
10	104002148	135213138	1.0	1.0	2.0
10	135213139	135389924	1.0	1.0	2.0
11	20721	202071	2.0	1.0	3.0
11	202072	708197	2.0	1.0	3.0
11	708198	1016188	2.0	2.0	4.0
11	1016189	7687862	2.0	1.0	3.0
11	7687863	7744991	3.0	1.0	4.0
11	7744992	8387499	4.0	1.0	5.0
11	8387500	8427359	4.0	1.0	5.0
11	8427360	12193828	2.0	1.0	3.0
11	12193829	12663242	4.0	1.0	5.0
11	12663243	23328571	2.0	1.0	3.0
11	23328572	23331529	2.0	0.0	2.0
11	23331530	45794615	2.0	1.0	3.0
11	45794616	45796395	2.0	1.0	3.0
11	45796396	45823162	2.0	1.0	3.0
11	45823163	46002639	2.0	1.0	3.0
11	46002640	47255259	2.0	1.0	3.0
11	47255260	47288032	3.0	1.0	4.0
11	47288033	47310950	3.0	2.0	5.0
11	47310951	47479212	3.0	3.0	6.0
11	47479213	47925937	4.0	3.0	7.0
11	47925938	47931980	4.0	3.0	7.0
11	47931981	48073006	4.0	3.0	7.0
11	48073007	48098599	2.0	1.0	3.0
11	48098600	48166734	2.0	1.0	3.0
11	48166735	48183964	3.0	1.0	4.0
11	48183965	51599999	2.0	1.0	3.0
11	51600000	55699999	2.0	1.0	3.0
11	55700000	57375761	2.0	1.0	3.0
11	57375762	62945284	1.0	1.0	2.0
11	62945285	62945392	1.0	1.0	2.0
11	62945393	64189500	1.0	1.0	2.0
11	64189501	64320401	2.0	1.0	3.0
11	64320402	65134960	3.0	1.0	4.0
11	65134961	65327440	5.0	1.0	6.0
11	65327441	68962882	2.0	1.0	3.0
11	68962883	68964484	2.0	1.0	3.0
11	68964485	70574249	2.0	1.0	3.0
11	70574250	72380718	2.0	1.0	3.0
11	72380719	73104424	3.0	1.0	4.0
11	73104425	73622281	4.0	1.0	5.0
11	73622282	73650113	3.0	1.0	4.0
11	73650114	77914572	2.0	1.0	3.0
11	77914573	78673859	3.0	1.0	4.0
11	78673860	78709836	2.0	1.0	3.0
11	78709837	101904321	1.0	1.0	2.0
11	101904322	101915932	1.0	1.0	2.0
11	101915933	101916595	1.0	1.0	2.0
11	101916596	101989311	1.0	1.0	2.0
11	101989312	102014731	1.0	1.0	2.0
11	102014732	102015531	1.0	1.0	2.0
11	102015532	102299333	1.0	1.0	2.0
11	102299334	102402632	2.0	1.0	3.0
11	102402633	112270942	1.0	1.0	2.0
11	112270943	112379079	2.0	1.0	3.0
11	112379080	118335331	1.0	1.0	2.0
11	118335332	118713579	2.0	1.0	3.0
11	118713580	119096670	3.0	2.0	5.0
11	119096671	119106490	3.0	1.0	4.0
11	119106491	119123109	3.0	1.0	4.0
11	119123110	119129830	3.0	1.0	4.0
11	119129831	119132225	3.0	2.0	5.0
11	119132226	119230959	3.0	2.0	5.0
11	119230960	119230997	3.0	2.0	5.0
11	119230998	119233341	3.0	2.0	5.0
11	119233342	119233510	2.0	2.0	4.0
11	119233511	119851590	2.0	2.0	4.0
11	119851591	120069636	3.0	2.0	5.0
11	120069637	120219802	2.0	2.0	4.0
11	120219803	120252849	2.0	2.0	4.0
11	120252850	120574524	2.0	2.0	4.0
11	120574525	120617977	2.0	1.0	3.0
11	120617978	120934192	2.0	2.0	4.0
11	120934193	121062381	3.0	2.0	5.0
11	121062382	121100753	7.0	3.0	10.0
11	121100754	121100803	7.0	3.0	10.0
11	121100804	121100909	7.0	3.0	10.0
11	121100910	121100954	7.0	3.0	10.0
11	121100955	121103261	7.0	3.0	10.0
11	121103262	121127249	3.0	3.0	6.0
11	121127250	121261799	9.0	3.0	12.0
11	121261800	121262049	9.0	3.0	12.0
11	121262050	121262557	9.0	3.0	12.0
11	121262558	121262827	9.0	3.0	12.0
11	121262828	121263509	9.0	3.0	12.0
11	121263510	121263576	3.0	2.0	5.0
11	121263577	121413274	3.0	2.0	5.0
11	121413275	124584850	2.0	2.0	4.0
11	124584851	133561803	2.0	1.0	3.0
11	133561804	133685749	1.0	1.0	2.0
11	133685750	134381635	2.0	1.0	3.0
11	134381636	134381664	2.0	1.0	3.0
12	110107	5911847	2.0	1.0	3.0
12	5911848	7245263	3.0	1.0	4.0
12	7245264	8333697	2.0	1.0	3.0
12	8333698	8892770	2.0	2.0	4.0
12	8892771	18864888	2.0	1.0	3.0
12	18864889	18903505	3.0	1.0	4.0
12	18903506	26740230	2.0	1.0	3.0
12	26740231	26740412	2.0	1.0	3.0
12	26740413	26740434	3.0	1.0	4.0
12	26740435	26774075	3.0	1.0	4.0
12	26774076	26774285	3.0	1.0	4.0
12	26774286	28338217	3.0	1.0	4.0
12	28338218	28338240	3.0	1.0	4.0
12	28338241	28339272	3.0	1.0	4.0
12	28339273	28343823	2.0	1.0	3.0
12	28343824	31972940	2.0	1.0	3.0
12	31972941	32484441	4.0	1.0	5.0
12	38200000	41451522	2.0	1.0	3.0
12	41451523	41451692	2.0	1.0	3.0
12	41451693	47230606	2.0	1.0	3.0
12	47230607	47232046	2.0	1.0	3.0
12	47232047	48365865	4.0	1.0	5.0
12	48365866	49095344	3.0	1.0	4.0
12	49095345	49095778	3.0	1.0	4.0
12	49095779	56467794	2.0	1.0	3.0
12	56467795	56631563	3.0	1.0	4.0
12	56631564	56750635	2.0	1.0	3.0
12	56750636	56764093	2.0	1.0	3.0
12	56764094	57053025	4.0	1.0	5.0
12	57053026	57079319	2.0	1.0	3.0
12	57079320	57079380	2.0	1.0	3.0
12	57079381	74450358	2.0	1.0	3.0
12	74450359	74455028	2.0	1.0	3.0
12	74455029	99960890	2.0	1.0	3.0
12	99960891	100142794	4.0	1.0	5.0
12	100142795	108985772	2.0	1.0	3.0
12	108985773	109029638	2.0	1.0	3.0
12	109029639	111800425	2.0	1.0	3.0
12	111800426	112276886	3.0	1.0	4.0
12	112276887	120947421	2.0	1.0	3.0
12	120947422	121205077	3.0	1.0	4.0
12	121205078	122267016	3.0	1.0	4.0
12	122267017	122319732	2.0	1.0	3.0
12	122319733	123549089	2.0	1.0	3.0
12	123549090	123681872	2.0	2.0	4.0
12	123681873	132275620	2.0	1.0	3.0
12	132275621	132633260	2.0	1.0	3.0
12	132633261	132633681	2.0	2.0	4.0
12	132633682	133851894	2.0	1.0	3.0
13	1	16299999	1.0	0.0	1.0
13	16300000	19499999	1.0	0.0	1.0
13	19500000	20909991	1.0	0.0	1.0
13	20909992	20915953	1.0	1.0	2.0
13	20915954	20916008	1.0	1.0	2.0
13	20916009	21228075	1.0	1.0	2.0
13	21228076	21894010	1.0	0.0	1.0
13	21894011	21898063	1.0	0.0	1.0
13	21898064	23738849	1.0	0.0	1.0
13	23738850	23744530	1.0	0.0	1.0
13	23744531	24028963	1.0	0.0	1.0
13	24028964	26277994	1.0	1.0	2.0
13	26277995	31835314	1.0	1.0	2.0
13	31835315	31835330	1.0	1.0	2.0
13	31835331	31970115	1.0	1.0	2.0
13	31970116	32057120	1.0	0.0	1.0
13	32057121	32203518	1.0	1.0	2.0
13	32203519	32205075	1.0	0.0	1.0
13	32205076	32209809	1.0	1.0	2.0
13	32209810	32354039	1.0	0.0	1.0
13	32354040	32358750	1.0	0.0	1.0
13	32358751	32359353	1.0	0.0	1.0
13	32359354	32416082	1.0	1.0	2.0
13	32416083	38827391	1.0	0.0	1.0
13	38827392	66891979	1.0	1.0	2.0
13	66891980	68738226	4.0	1.0	5.0
13	68738227	68762788	7.0	1.0	8.0
13	68762789	68763797	6.0	1.0	7.0
13	68763798	68766779	6.0	1.0	7.0
13	68766780	78284200	4.0	1.0	5.0
13	78284201	84212741	4.0	1.0	5.0
13	84212742	88699900	3.0	1.0	4.0
13	88699901	90361013	4.0	1.0	5.0
13	90361014	90361037	4.0	1.0	5.0
13	90361038	90370769	1.0	1.0	2.0
13	90370770	90370790	1.0	1.0	2.0
13	90370791	90372329	4.0	1.0	5.0
13	90372330	90372563	4.0	1.0	5.0
13	90372564	114142800	4.0	1.0	5.0
13	114142801	115169877	4.0	1.0	5.0
14	1	16099999	2.0	0.0	2.0
14	19100000	20394982	2.0	1.0	3.0
14	20394983	21108370	2.0	0.0	2.0
14	21108371	21628030	3.0	0.0	3.0
14	21628031	21742256	2.0	0.0	2.0
14	21742257	22179131	3.0	0.0	3.0
14	22179132	65836349	2.0	0.0	2.0
14	65836350	65859345	3.0	0.0	3.0
14	65859346	78448669	2.0	0.0	2.0
14	78448670	78449003	2.0	0.0	2.0
14	78449004	93425989	2.0	0.0	2.0
14	93425990	93875640	2.0	1.0	3.0
14	93875641	104110244	2.0	0.0	2.0
14	104110245	104115654	2.0	0.0	2.0
14	104115655	106368400	2.0	0.0	2.0
15	1	15799999	1.0	1.0	2.0
15	20700000	20872165	2.0	1.0	3.0
15	20872166	21895957	1.0	1.0	2.0
15	21895958	22177202	1.0	1.0	2.0
15	22177203	22695600	2.0	1.0	3.0
15	22695601	71352094	1.0	0.0	1.0
15	71352095	71453688	1.0	0.0	1.0
15	71453689	72382726	1.0	0.0	1.0
15	72382727	72915030	2.0	0.0	2.0
15	72915031	73865322	1.0	0.0	1.0
15	73865323	74310894	2.0	0.0	2.0
15	74310895	84173647	1.0	0.0	1.0
15	84173648	89890887	2.0	0.0	2.0
15	89890888	89897937	2.0	0.0	2.0
15	89897938	100338800	2.0	0.0	2.0
15	100338801	102531391	2.0	0.0	2.0
16	83807	4957723	1.0	1.0	2.0
16	4957724	27935276	2.0	1.0	3.0
16	27935277	27959077	2.0	1.0	3.0
16	27959078	34044994	2.0	1.0	3.0
16	34044995	34420122	1.0	1.0	2.0
16	34420123	34587001	1.0	1.0	2.0
16	38600000	46415802	2.0	1.0	3.0
16	46415803	47234293	1.0	0.0	1.0
16	47234294	47247669	1.0	1.0	2.0
16	47247670	66868493	1.0	1.0	2.0
16	66868494	67268395	1.0	1.0	2.0
16	67268396	67513730	1.0	1.0	2.0
16	67513731	67514101	1.0	1.0	2.0
16	67514102	67537391	1.0	1.0	2.0
16	67537392	67537404	3.0	0.0	3.0
16	67537405	67831361	3.0	0.0	3.0
16	67831362	72361649	1.0	0.0	1.0
16	72361650	72363708	1.0	0.0	1.0
16	72363709	88827200	1.0	1.0	2.0
16	88827201	90156775	1.0	1.0	2.0
17	11843	6947964	2.0	0.0	2.0
17	6947965	6948191	2.0	0.0	2.0
17	6948192	7576048	3.0	0.0	3.0
17	7576049	18345287	2.0	0.0	2.0
17	18345288	18718647	2.0	0.0	2.0
17	18718648	19322340	3.0	0.0	3.0
17	19322341	20590611	2.0	0.0	2.0
17	20590612	21539973	3.0	0.0	3.0
17	25800000	27192831	2.0	0.0	2.0
17	27192832	27490666	4.0	0.0	4.0
17	27490667	34857087	2.0	0.0	2.0
17	34857088	35998451	3.0	0.0	3.0
17	35998452	36300628	2.0	0.0	2.0
17	36300629	46003853	2.0	0.0	2.0
17	46003854	58896412	3.0	0.0	3.0
17	58896413	59326052	0.0	0.0	0.0
17	59326053	64886230	3.0	0.0	3.0
17	64886231	65382827	4.0	0.0	4.0
17	65382828	65680971	3.0	0.0	3.0
17	65680972	65713815	5.0	0.0	5.0
17	65713816	78774600	3.0	0.0	3.0
17	78774601	81195209	3.0	0.0	3.0
18	27500	11496055	1.0	1.0	2.0
18	11496056	13783165	2.0	1.0	3.0
18	13783166	13892887	3.0	1.0	4.0
18	13892888	14317499	2.0	1.0	3.0
18	14317500	15399999	1.0	1.0	2.0
18	19000000	20874049	2.0	1.0	3.0
18	20874050	21011586	3.0	2.0	5.0
18	21011587	21379660	2.0	1.0	3.0
18	21379661	21756335	2.0	2.0	4.0
18	21756336	22673912	2.0	1.0	3.0
18	22673913	25900309	1.0	1.0	2.0
18	25900310	25942219	2.0	1.0	3.0
18	25942220	61212916	1.0	1.0	2.0
18	61212917	61415147	3.0	1.0	4.0
18	61415148	62080179	2.0	1.0	3.0
18	62080180	66017499	1.0	1.0	2.0
18	66017500	70443847	1.0	0.0	1.0
18	70443848	71219169	2.0	1.0	3.0
18	71219170	72599556	4.0	1.0	5.0
18	72599557	72599671	2.0	1.0	3.0
18	72599672	72928534	2.0	1.0	3.0
18	72928535	73238192	2.0	1.0	3.0
18	73238193	73287200	2.0	1.0	3.0
18	73287201	73631042	2.0	1.0	3.0
18	73631043	73631157	2.0	1.0	3.0
18	73631158	73978975	2.0	1.0	3.0
18	73978976	74769689	3.0	1.0	4.0
18	74769690	76117000	1.0	1.0	2.0
18	76117001	78077247	1.0	1.0	2.0
19	102500	245630	2.0	0.0	2.0
19	245631	6954309	2.0	0.0	2.0
19	6954310	6969494	12.0	2.0	14.0
19	6969495	8345200	12.0	2.0	14.0
19	8345201	8578778	15.0	2.0	17.0
19	8578779	8581190	5.0	1.0	6.0
19	8581191	9735755	2.0	0.0	2.0
19	9735756	10196002	13.0	2.0	15.0
19	10196003	10556173	11.0	2.0	13.0
19	10556174	11021796	13.0	2.0	15.0
19	11021797	11378061	12.0	2.0	14.0
19	11378062	11381063	12.0	2.0	14.0
19	11381064	11634259	12.0	2.0	14.0
19	11634260	11639631	5.0	2.0	7.0
19	11639632	11644517	5.0	2.0	7.0
19	11644518	11647702	5.0	2.0	7.0
19	11647703	12807644	5.0	2.0	7.0
19	12807645	13072940	5.0	2.0	7.0
19	13072941	13157282	5.0	3.0	8.0
19	13157283	15352100	5.0	2.0	7.0
19	15352101	15909821	4.0	2.0	6.0
19	15909822	15978733	2.0	2.0	4.0
19	15978734	15981000	3.0	2.0	5.0
19	15981001	16337884	4.0	2.0	6.0
19	16337885	17324213	2.0	2.0	4.0
19	17324214	17335369	2.0	2.0	4.0
19	17335370	17351805	4.0	2.0	6.0
19	17351806	17665012	3.0	2.0	5.0
19	17665013	24399999	2.0	1.0	3.0
19	24400000	28599999	2.0	1.0	3.0
19	28600000	36827817	2.0	1.0	3.0
19	36827818	37810401	1.0	1.0	2.0
19	37810402	37866296	5.0	1.0	6.0
19	37866297	37870368	3.0	1.0	4.0
19	37870369	37874897	3.0	1.0	4.0
19	37874898	37875887	3.0	1.0	4.0
19	37875888	38298958	3.0	1.0	4.0
19	38298959	38436988	5.0	1.0	6.0
19	38436989	38438125	5.0	1.0	6.0
19	38438126	39787716	3.0	1.0	4.0
19	39787717	39816100	6.0	0.0	6.0
19	39816101	39879145	6.0	1.0	7.0
19	39879146	39890041	5.0	1.0	6.0
19	39890042	39892813	5.0	1.0	6.0
19	39892814	39894654	5.0	1.0	6.0
19	39894655	39922206	5.0	1.0	6.0
19	39922207	40182634	6.0	1.0	7.0
19	40182635	40182672	6.0	1.0	7.0
19	40182673	40183374	4.0	1.0	5.0
19	40183375	40260541	4.0	1.0	5.0
19	40260542	40261122	4.0	1.0	5.0
19	40261123	40261679	4.0	1.0	5.0
19	40261680	40440101	6.0	1.0	7.0
19	40440102	40477653	3.0	1.0	4.0
19	40477654	40781100	5.0	1.0	6.0
19	40781101	41051057	3.0	1.0	4.0
19	41051058	43128392	1.0	1.0	2.0
19	43128393	43349379	4.0	1.0	5.0
19	43349380	43611907	5.0	1.0	6.0
19	43611908	43804045	6.0	1.0	7.0
19	43804046	43804469	6.0	1.0	7.0
19	43804470	43805252	6.0	1.0	7.0
19	43805253	43805725	6.0	1.0	7.0
19	43805726	43809017	2.0	1.0	3.0
19	43809018	43810948	2.0	1.0	3.0
19	43810949	43811288	2.0	1.0	3.0
19	43811289	43815114	2.0	1.0	3.0
19	43815115	43817314	2.0	1.0	3.0
19	43817315	43818697	2.0	1.0	3.0
19	43818698	44141778	2.0	1.0	3.0
19	44141779	44369726	2.0	1.0	3.0
19	44369727	45456973	2.0	1.0	3.0
19	45456974	46167440	3.0	1.0	4.0
19	46167441	46173175	4.0	1.0	5.0
19	46173176	46554998	5.0	1.0	6.0
19	46554999	46613991	5.0	1.0	6.0
19	46613992	46908783	1.0	1.0	2.0
19	46908784	47267928	5.0	1.0	6.0
19	47267929	47279117	7.0	1.0	8.0
19	47279118	47280395	2.0	0.0	2.0
19	47280396	47282316	2.0	0.0	2.0
19	47282317	47282429	2.0	0.0	2.0
19	47282430	47282691	2.0	0.0	2.0
19	47282692	47680857	1.0	1.0	2.0
19	47680858	48651475	2.0	1.0	3.0
19	48651476	48668390	3.0	2.0	5.0
19	48668391	48669092	3.0	2.0	5.0
19	48669093	48669283	5.0	2.0	7.0
19	48669284	48753317	5.0	2.0	7.0
19	48753318	48789771	5.0	1.0	6.0
19	48789772	49174260	4.0	1.0	5.0
19	49174261	51239789	1.0	1.0	2.0
19	51239790	51385884	3.0	1.0	4.0
19	51385885	59128982	1.0	1.0	2.0
20	76210	3408711	2.0	1.0	3.0
20	3408712	3479370	2.0	1.0	3.0
20	3479371	25599999	2.0	1.0	3.0
20	25600000	29447500	2.0	1.0	3.0
20	29447501	32371866	2.0	1.0	3.0
20	32371867	32379615	4.0	1.0	5.0
20	32379616	32380389	4.0	1.0	5.0
20	32380390	32400058	5.0	1.0	6.0
20	32400059	33456112	4.0	1.0	5.0
20	33456113	33739081	3.0	1.0	4.0
20	33739082	53478988	2.0	1.0	3.0
20	53478989	62432500	3.0	1.0	4.0
21	10900000	14978001	2.0	0.0	2.0
21	14978002	32332001	2.0	0.0	2.0
21	32332002	32559990	3.0	0.0	3.0
21	32559991	46937500	2.0	0.0	2.0
21	46937501	48129894	2.0	0.0	2.0
22	1	12199999	2.0	0.0	2.0
22	12200000	17899999	2.0	0.0	2.0
22	17900000	18349991	2.0	0.0	2.0
22	18349992	18670602	3.0	0.0	3.0
22	18670603	23493926	2.0	0.0	2.0
22	23493927	23500635	3.0	0.0	3.0
22	23500636	23500654	3.0	0.0	3.0
22	23500655	23924611	3.0	0.0	3.0
22	23924612	23929777	2.0	0.0	2.0
22	23929778	23929868	2.0	0.0	2.0
22	23929869	23930679	2.0	0.0	2.0
22	23930680	23930765	2.0	0.0	2.0
22	23930766	30403211	2.0	0.0	2.0
22	30403212	31066095	3.0	0.0	3.0
22	31066096	34179539	2.0	0.0	2.0
22	34179540	34340742	3.0	0.0	3.0
22	34340743	41551248	2.0	0.0	2.0
22	41551249	41583064	2.0	0.0	2.0
22	41583065	49687500	2.0	0.0	2.0
22	49687501	51304565	2.0	0.0	2.0
