chromosome_index position alt_count ref_count
1 15893684 30 162
1 115593075 17 64
1 151339307 31 366
1 222867134 13 174
2 27320391 17 96
2 50724674 14 62
2 105859013 16 132
2 165551129 9 91
2 197002269 21 167
2 227662246 18 139
3 52437168 10 104
3 52582140 38 216
3 123987876 6 17
3 191179038 24 159
4 4190659 6 125
4 155155839 32 214
5 32404076 36 147
5 79855842 4 65
5 141233715 4 27
6 20481597 34 299
6 27420046 22 235
6 158497795 9 67
7 87436831 22 100
7 136700123 24 242
7 139086943 8 58
8 100148945 113 298
9 2718826 11 157
9 116303649 35 528
10 64565048 4 15
11 48238947 20 188
11 65308037 16 119
11 67219407 25 76
11 67799656 59 287
11 102206699 17 201
11 103349892 13 133
11 122850082 8 133
11 133807380 4 45
12 53001781 3 27
12 100601498 22 129
12 107393578 15 99
15 40308848 26 118
15 65624284 27 133
15 81591913 13 136
15 91292871 13 105
16 69368915 10 85
17 1579248 12 86
17 29632303 79 427
17 57963523 9 194
17 66883567 53 308
19 7615512 7 30
19 13910687 12 88
19 17039855 10 62
19 39998732 6 34
20 15412069 34 244
20 26084148 16 103
20 32232219 5 126
20 39984632 21 112
22 22317229 14 86
