chromosome_index position alt_count ref_count
1 9027831 18 47
1 33354872 27 42
1 36752836 43 40
1 44804856 126 188
1 55600020 22 22
1 86934674 122 197
1 109803848 6 12
1 150483244 54 179
1 155007166 21 100
1 158617379 141 70
1 202279410 78 43
1 228444601 33 29
2 15542301 7 222
2 15694228 33 63
2 88367504 13 26
2 160604654 5 117
2 166900312 36 69
2 179248000 30 45
2 179391690 21 24
2 223918075 5 10
3 38357848 17 48
3 47868839 32 48
3 52946615 19 38
3 53804490 25 40
3 100093890 42 78
3 178921549 34 69
3 178952084 52 98
3 186383906 15 24
4 15530348 21 49
4 23815737 55 93
4 81967162 75 144
4 120177482 38 93
4 147561609 27 52
4 153249384 90 203
4 154519879 32 40
4 155219085 64 98
4 186384180 25 51
5 26881074 46 67
5 77298585 31 44
5 110837777 53 128
5 112128191 76 20
5 140256824 9 15
5 140257149 8 17
5 140731786 40 31
5 140802689 21 31
5 159841323 219 366
6 350873 14 64
6 26846575 17 31
6 28134616 12 28
6 74124329 71 84
6 74492417 66 98
6 84368780 7 9
6 118635612 20 30
6 152639442 17 47
6 152651260 53 73
6 170881518 9 13
7 23313786 45 75
7 91863867 5 108
7 92762935 252 427
7 99792999 20 51
7 103131229 34 69
7 103230147 68 156
7 120971854 10 20
7 128141828 41 109
7 128413773 27 90
7 134613554 12 21
7 141754681 40 70
7 151372597 8 11
8 32505335 27 60
8 38008386 20 43
8 41906806 8 19
8 48711818 47 114
8 73480241 112 190
8 144126193 3 10
9 21334802 47 79
9 32632699 116 187
9 33068844 27 51
10 7805704 3 48
10 82191852 49 58
10 99330067 15 25
10 135372380 14 14
11 6023822 56 68
11 20429539 57 80
11 56237233 54 121
11 107904637 30 46
11 117066893 7 15
11 120823617 14 40
12 25398284 15 26
12 50869396 59 113
12 72332624 14 13
12 130185157 4 8
14 20216141 68 99
14 23858883 3 34
14 74759912 20 37
15 25484993 19 60
15 27765251 16 21
15 28451476 39 234
15 40866372 18 50
15 48063190 78 184
15 59519749 44 60
15 78572739 13 27
16 7568268 66 103
16 20322452 41 75
16 21172336 5 14
17 26962038 81 137
18 3456579 61 74
18 55399219 46 109
18 66365210 20 38
19 8196619 5 15
19 9075613 74 146
19 10335492 20 34
19 12430524 25 204
19 17678239 16 25
19 21910528 67 118
19 33370113 19 35
19 33878229 5 10
19 39789177 62 111
19 44732356 9 17
19 45563724 3 9
19 45975931 14 19
19 51274034 20 28
20 10273900 67 183
20 18143171 39 180
20 19664832 42 174
20 19977343 19 13
21 33840155 26 35
22 26761479 38 56
22 29446041 4 12
