chromosome_index	start_position	end_position	major_cn	minor_cn	total_cn
1	10001	21675782	1.0	1.0	2.0
1	21675783	21910054	1.0	1.0	2.0
1	21910055	121499999	1.0	1.0	2.0
1	121500000	128899999	1.0	1.0	2.0
1	128900000	249250620	1.0	1.0	2.0
2	11320	90499999	1.0	1.0	2.0
2	90500000	96799999	1.0	1.0	2.0
2	96800000	161760018	1.0	1.0	2.0
2	161760019	173338940	1.0	1.0	2.0
2	173338941	242892500	1.0	1.0	2.0
3	62226	87899999	1.0	1.0	2.0
3	87900000	93899999	1.0	1.0	2.0
3	93900000	198022429	1.0	1.0	2.0
4	27500	48199999	1.0	1.0	2.0
4	48200000	52699999	1.0	1.0	2.0
4	52700000	191037500	1.0	1.0	2.0
5	11446	46099999	1.0	1.0	2.0
5	46100000	50699999	1.0	1.0	2.0
5	50700000	180689978	1.0	1.0	2.0
6	202331	58699999	1.0	1.0	2.0
6	58700000	63299999	1.0	1.0	2.0
6	63300000	170905977	1.0	1.0	2.0
7	40386	57999999	1.0	1.0	2.0
7	58000000	61699999	1.0	1.0	2.0
7	61700000	159138662	1.0	1.0	2.0
8	10001	162332	1.0	1.0	2.0
8	162333	43099999	1.0	1.0	2.0
8	43100000	48099999	1.0	1.0	2.0
8	48100000	70814218	1.0	1.0	2.0
8	70814219	146364021	1.0	1.0	2.0
9	10001	203682	1.0	1.0	2.0
9	203683	47299999	1.0	1.0	2.0
9	47300000	50699999	1.0	1.0	2.0
9	50700000	141095134	1.0	1.0	2.0
10	10001	130012	1.0	1.0	2.0
10	130013	37999999	1.0	1.0	2.0
10	38000000	42299999	1.0	1.0	2.0
10	42300000	135389924	1.0	1.0	2.0
11	20721	190009	1.0	1.0	2.0
11	190010	51599999	1.0	1.0	2.0
11	51600000	55699999	1.0	1.0	2.0
11	55700000	135006515	1.0	1.0	2.0
12	110107	28246245	1.0	1.0	2.0
12	28246246	33299999	1.0	1.0	2.0
12	33300000	38199999	1.0	1.0	2.0
12	38200000	133851894	1.0	1.0	2.0
13	1	16299999	1.0	1.0	2.0
13	16300000	19499999	1.0	1.0	2.0
13	19500000	115169877	1.0	1.0	2.0
14	1	16099999	1.0	1.0	2.0
14	16100000	19099999	1.0	1.0	2.0
14	19100000	20377500	1.0	1.0	2.0
14	20377501	107349539	1.0	1.0	2.0
15	1	15799999	1.0	1.0	2.0
15	15800000	20699999	1.0	1.0	2.0
15	20700000	56398432	1.0	1.0	2.0
15	56398433	64937064	1.0	1.0	2.0
15	64937065	102429049	1.0	1.0	2.0
16	90538	34599999	1.0	1.0	2.0
16	34600000	38599999	1.0	1.0	2.0
16	38600000	90354752	1.0	1.0	2.0
17	12500	22199999	1.0	1.0	2.0
17	22200000	25799999	1.0	1.0	2.0
17	25800000	81195209	1.0	1.0	2.0
18	22637	15399999	1.0	1.0	2.0
18	15400000	18999999	1.0	1.0	2.0
18	19000000	78077247	1.0	1.0	2.0
19	102500	249356	1.0	1.0	2.0
19	249357	24399999	1.0	1.0	2.0
19	24400000	28599999	1.0	1.0	2.0
19	28600000	59128982	1.0	1.0	2.0
20	17500	25599999	1.0	1.0	2.0
20	25600000	29399999	1.0	1.0	2.0
20	29400000	63025519	1.0	1.0	2.0
21	10900000	14299999	1.0	1.0	2.0
21	14300000	48129894	1.0	1.0	2.0
22	1	12199999	1.0	1.0	2.0
22	12200000	17899999	1.0	1.0	2.0
22	17900000	51304565	1.0	1.0	2.0
