chromosome_index position alt_count ref_count
1 9324342 11 116
1 16809907 22 34
1 16817422 34 32
1 40961788 10 10
1 45079961 51 81
1 53580353 20 28
1 57347129 25 41
1 75683559 7 18
1 82409284 7 17
1 109608848 90 148
1 113243323 8 14
1 113456565 108 181
1 118530782 5 49
1 145538055 89 137
1 147380369 67 95
1 152733998 82 108
1 152883259 42 384
1 161017669 81 118
1 169695065 67 68
1 175914140 71 122
1 176769216 53 113
1 186037002 73 125
1 197112022 29 39
1 197886601 26 498
1 217915431 39 48
1 236645887 43 43
1 241672040 21 46
1 248344093 89 153
1 248512124 42 339
2 5836492 55 64
2 18112645 40 134
2 23865594 78 124
2 26414366 114 168
2 27164854 72 97
2 27462291 35 53
2 29462643 22 36
2 50850468 24 43
2 73646337 13 31
2 98340870 33 47
2 108604724 9 223
2 128900676 39 79
2 131522441 15 165
2 133541685 23 170
2 138420989 68 95
2 166848204 69 106
2 168102986 25 30
2 189876381 22 34
2 191364898 78 48
2 223169081 11 67
2 224866399 49 42
2 237489107 72 96
2 239040062 56 122
3 1427411 20 11
3 25685228 15 4
3 27761671 43 17
3 37053528 79 26
3 38278358 11 6
3 52474474 38 15
3 88104875 63 19
3 126135291 29 177
3 126751619 103 176
3 127779016 83 201
3 130884328 49 150
3 157031543 22 47
3 167006742 33 156
3 184042675 12 31
4 1016221 38 16
4 15628495 102 97
4 56348968 9 16
4 70079884 22 14
4 83839177 10 32
4 84200139 38 21
4 100201328 32 104
4 123249359 7 18
4 126371170 18 13
4 126412593 71 172
4 142053678 38 256
4 175899159 27 221
4 183714346 71 27
5 31983762 11 250
5 45695843 32 42
5 45695904 12 33
5 60839891 74 27
5 90136644 42 22
5 118506284 50 17
5 140203521 216 99
5 140481628 86 41
5 140572231 190 83
6 10876187 116 152
6 25670236 28 66
6 28547194 27 40
6 32064043 51 92
6 33263192 4 22
6 33283513 42 62
6 36196827 5 95
6 52053938 67 71
6 53761346 22 21
6 57244750 16 53
6 73100303 51 60
6 88853687 104 159
6 96658004 13 23
6 117678981 59 41
6 123318972 76 140
6 132874291 201 213
6 137322825 18 192
6 143075010 30 32
6 151670448 35 67
7 4917441 26 33
7 14758255 6 51
7 43591912 72 118
7 64439588 12 20
7 64838799 5 39
7 72430389 61 146
7 94054513 208 310
7 123296158 30 51
7 123509021 30 34
7 140453136 24 26
7 142561757 135 185
7 149503849 26 294
7 151097200 37 51
8 12885610 37 17
8 20066994 6 26
8 36664952 19 115
8 38677700 17 93
8 43212021 8 122
8 55014383 25 11
8 69351667 6 6
8 77618069 53 50
8 77766707 55 88
8 97157007 42 399
8 116632279 49 53
8 144657811 134 325
9 1056222 4 24
9 43685150 26 29
9 79323756 130 150
9 82337480 70 86
9 84608722 42 57
9 86294843 54 72
9 86616377 8 17
9 87570217 21 36
9 91606060 11 121
9 113170208 43 53
9 117086002 144 266
9 119028220 19 28
9 119094665 69 104
9 121976298 78 78
9 126777416 4 43
9 127651788 193 334
9 127996036 80 92
9 129458212 32 74
9 135163666 67 232
9 138669198 62 86
9 140356443 50 52
10 5925026 21 43
10 32740822 17 25
10 86132046 3 27
10 127760083 26 47
11 611778 20 28
11 1156628 104 152
11 4471320 126 222
11 8959595 54 75
11 14889207 32 63
11 46784288 62 93
11 55432790 28 436
11 56019706 5 8
11 56143663 204 310
11 61960935 43 48
11 62376546 41 75
11 64361242 5 68
11 66189954 63 95
11 67353964 10 103
11 70332900 55 62
11 83183813 19 15
11 84027996 43 56
11 111487071 40 10
12 6421506 69 8
12 6703624 7 133
12 7469874 49 5
12 9322094 31 3
12 64824009 71 15
12 108641970 15 74
12 129180448 5 47
12 132326327 65 11
13 24520281 60 59
13 36878685 56 74
13 38143903 9 17
13 46733059 42 69
13 49794695 19 39
13 58208537 34 42
13 67205529 37 34
13 79911377 88 114
13 109550471 79 115
13 109550472 78 115
14 58038681 13 15
14 74769619 40 39
14 75230555 40 77
14 86088683 56 84
14 94933485 122 126
14 103894738 80 131
15 24922778 32 160
15 25926197 41 70
15 43773122 32 577
15 43910307 8 21
15 48063099 43 55
15 65849075 36 73
15 83222706 44 44
15 84553965 49 63
15 89861810 50 59
15 99482565 56 60
16 1270897 29 53
16 2213915 17 36
16 3139420 58 55
16 16200718 29 55
16 50744680 34 69
16 58318533 198 219
16 58577693 46 39
16 67858632 111 194
16 71985575 62 97
16 80654764 35 26
16 88503567 36 13
17 263334 109 177
17 5352175 75 17
17 7578403 48 18
17 35605000 82 16
17 61788155 92 25
18 18571134 136 201
18 34261472 49 57
18 65181977 22 7
19 1080404 50 90
19 5685017 5 77
19 6496219 64 75
19 7593777 93 142
19 8174261 40 48
19 10818212 57 71
19 14938387 32 47
19 16620658 68 118
19 50726596 41 61
19 50862276 22 35
19 51920810 41 60
20 30194205 73 116
20 44669261 68 399
20 44669269 65 372
20 44757798 9 33
21 15535767 7 8
21 41117423 4 9
22 19006343 4 27
22 21327795 59 36
22 24579581 40 11
22 36164359 57 20
22 36690162 35 66
22 44168784 79 33
22 50480054 8 72
22 51117516 6 25
