chromosome_index position alt_count ref_count
1 43408958 24 26
1 57415354 14 2
1 109486577 15 14
1 109556471 5 4
1 148932814 22 216
1 153974259 3 47
1 160265868 17 27
1 161495379 30 32
1 227172952 13 46
1 234563433 30 18
2 45169134 12 2
2 73492472 20 3
2 75923355 41 6
2 111020302 48 10
2 113940850 24 3
2 179409083 18 24
2 234527114 5 47
3 53810049 24 6
3 133293894 34 53
3 138663193 18 34
3 154884714 32 66
4 104640741 17 21
4 187627759 13 8
5 98208118 19 24
5 100146481 11 14
5 108714857 11 22
5 140794506 67 66
5 147491350 29 10
5 178359073 9 10
6 17292288 15 13
6 26377174 35 41
6 31660681 17 19
6 33282907 24 48
6 42835317 13 11
6 46846037 15 23
6 73905087 9 21
7 31912935 16 19
7 44112639 5 5
7 91972365 8 24
7 94248141 12 19
7 99305448 37 35
7 135635383 7 9
7 150028683 21 39
7 151093005 24 20
7 158438256 10 18
7 158531715 27 34
8 40532364 26 35
8 121457506 23 9
8 124664857 16 61
9 34838533 13 24
9 80343580 4 28
9 91628098 8 2
9 99699659 3 46
9 115567233 43 9
10 4879764 19 17
10 81272676 39 20
10 112840600 33 3
11 56257973 12 19
11 63681956 29 31
11 64402899 14 17
11 104897597 4 10
11 130068311 19 26
12 5603521 12 26
12 6754387 24 53
12 7055076 17 25
12 88487570 15 21
12 124379259 19 3
13 21751678 14 12
13 43787803 6 3
13 79219040 3 27
14 51101790 5 11
14 74427938 37 48
15 91328226 23 21
15 102294692 4 50
16 3194623 15 4
17 4688881 14 7
17 5461684 38 8
17 6338330 33 4
17 7577094 14 4
17 74099477 16 3
19 549877 3 35
19 8609234 43 67
19 9091627 23 21
19 12187931 15 18
19 12738817 12 20
19 12786939 12 15
19 15233836 8 20
19 17611182 33 23
19 21606798 6 5
19 22364390 18 19
19 32968479 29 32
19 47214282 53 65
19 49337537 16 22
19 50436987 26 28
19 53058146 15 22
20 2290975 20 59
20 48505183 22 22
21 42860416 5 16
22 32297739 18 20
