chromosome_index position alt_count ref_count
1 3680021 12 50
1 32051446 9 27
1 41453134 14 485
1 67724312 55 80
1 76276396 27 111
1 161594123 11 19
2 150061920 15 97
2 163099434 28 154
2 184024217 34 235
2 232393125 11 16
3 96706268 19 160
3 165548009 31 109
4 15539586 33 112
4 67142577 12 30
4 88733068 13 39
5 23518024 15 261
5 37227114 7 24
5 140502691 42 55
6 32940655 5 25
6 42975966 12 126
6 89322228 5 23
7 73114584 8 10
7 80285982 16 89
7 138874184 16 68
8 10467610 19 355
8 52325741 31 210
9 131513531 18 64
10 14897837 30 157
10 46321333 19 89
10 49986668 9 64
10 87628911 32 126
10 89120535 10 34
10 103906948 42 58
11 118533558 9 45
12 6730187 11 94
12 14809526 52 460
12 15654948 56 92
12 21689769 3 28
12 31551165 16 227
12 53687185 42 140
12 57432326 12 62
12 121867828 18 64
14 42356272 46 56
14 47770670 27 147
14 70634088 64 37
14 92253887 30 160
14 96795893 25 122
15 43021765 18 19
15 91519968 11 228
16 23083559 36 91
16 24192213 24 133
17 6023696 5 34
17 7577559 124 69
17 25974317 31 26
17 28618428 8 36
17 72233433 17 45
17 72950391 24 48
19 37038146 69 772
19 42798380 7 51
19 52328165 13 23
19 59063542 25 89
21 43913112 40 194
