chromosome_index position alt_count ref_count
1 38184466 11 6
1 54293824 41 30
1 84373332 5 10
1 86142944 29 24
1 110883870 25 9
1 112020371 41 28
1 115455700 20 25
1 145109523 52 405
1 147380864 44 64
1 152277083 155 458
1 152383089 121 361
1 154936155 6 15
1 157545255 15 22
1 158225023 32 97
1 158298737 20 21
1 158736389 22 58
1 158906738 47 45
1 160580493 13 64
1 165532783 12 49
1 171506600 7 3
1 173570861 146 118
1 173722445 28 26
1 173931028 130 114
1 181687262 20 21
1 196927180 39 123
1 201437912 11 6
1 215987171 69 18
1 221054656 81 23
1 235866205 169 61
1 247171308 16 9
1 248059865 13 6
1 248129572 50 28
1 248651998 43 156
2 1652687 8 24
2 14774448 15 13
2 24427131 54 51
2 26357913 10 29
2 29129345 11 9
2 61463016 24 21
2 62450581 15 17
2 63816135 21 63
2 71060088 25 44
2 73676718 45 106
2 74902451 24 40
2 80530001 9 23
2 85097508 45 121
2 88991273 7 15
2 89953143 19 55
2 95818464 39 74
2 95945732 12 30
2 97526370 22 53
2 100368743 16 36
2 105472935 17 26
2 112945007 51 86
2 113416900 39 72
2 118854288 44 100
2 119750011 9 36
2 120195087 21 50
2 120439236 28 56
2 136690373 38 76
2 152552171 7 13
2 158272593 21 52
2 160092553 15 43
2 163213395 26 66
2 168074761 21 41
2 173853462 47 79
2 177016401 13 42
2 178415889 137 279
2 179418646 37 61
2 179438186 61 102
2 179444882 41 89
2 179458576 27 52
2 179472745 16 50
2 179568990 64 111
2 179580312 30 31
2 179606453 18 58
2 179615131 48 86
2 179643413 6 2
2 179665379 30 77
2 179742653 43 65
2 183853826 23 39
2 197171863 21 32
2 201790592 29 57
2 202677226 25 51
2 203826029 18 30
2 212426757 21 58
2 215275078 20 38
2 218683443 22 44
2 225339043 20 61
2 225367790 74 133
2 227659706 73 161
2 227729578 64 105
2 227729790 53 111
2 233431658 20 54
2 238280783 19 48
3 3081727 21 14
3 9425979 106 82
3 38627351 50 24
3 42733411 15 15
3 46062804 16 25
3 49836705 9 5
3 51266139 13 12
3 70008457 9 11
3 74347283 26 17
3 74349047 16 9
3 78734922 7 11
3 97731316 25 59
3 111795847 58 116
3 119101987 28 99
3 119134747 24 61
3 119305215 74 118
3 119812297 18 49
3 120134796 22 62
3 126211305 9 9
3 130188291 14 30
3 138724770 24 16
3 142751783 76 82
3 146171848 20 102
3 155551756 27 108
3 158991669 14 26
3 169820319 40 51
3 172476818 49 75
3 172607342 119 164
3 180334415 5 33
3 183898925 158 232
3 183898938 158 229
3 184045718 64 107
3 188202421 55 178
4 17493961 16 14
4 89628071 15 20
4 94376855 27 21
4 115997744 30 27
4 120528423 16 17
4 122740616 43 37
4 122828486 63 45
4 126241041 68 62
4 141832447 25 23
4 144134741 18 10
4 166976242 35 27
5 7832061 56 64
5 33997607 16 10
5 76326620 6 13
5 78808692 15 14
5 85592208 3 9
5 102891707 25 22
5 127516588 55 36
5 140215666 88 57
5 140718731 34 30
5 140812205 48 48
5 156514302 17 13
5 170725886 8 8
5 179135254 25 30
5 179290637 21 19
6 25776899 51 52
6 26021056 8 12
6 35280238 4 46
6 36922349 10 2
6 49582545 22 31
6 55214904 11 10
6 64401767 47 77
6 70034833 23 66
6 76018232 19 13
6 76018458 71 100
6 76744335 29 45
6 89638768 30 111
6 132168961 11 10
6 146720426 34 64
6 147124634 25 85
6 152674536 42 99
7 897592 74 133
7 2472758 34 94
7 6190123 27 44
7 11521456 11 69
7 15584515 54 78
7 31918634 31 66
7 35289800 8 24
7 38725187 87 126
7 39247172 33 67
7 44572996 15 36
7 53103687 19 29
7 82784363 109 202
7 86415634 69 131
7 86493770 14 31
7 87190681 21 40
7 94034196 46 114
7 99950388 8 3
7 100349820 20 51
7 128624309 14 25
7 130561529 14 24
7 135079001 36 77
7 137082142 9 37
7 141776020 31 70
7 141952085 23 38
7 143701295 42 88
7 143792925 92 196
7 150765122 7 21
8 2857551 27 40
8 2949091 12 14
8 13162669 6 5
8 16012636 17 13
8 17067486 6 5
8 23429237 16 9
8 25209342 9 7
8 25747370 32 29
8 43047506 8 5
8 61178510 13 48
8 65494440 6 6
8 68114013 6 8
8 87552547 29 58
8 87552548 29 57
8 87755815 38 79
8 88885761 34 67
8 89086956 29 59
8 92307932 13 24
8 92972534 12 12
8 97620600 25 35
8 97892163 81 151
8 98078396 18 31
8 105235967 4 15
8 105257211 51 95
8 110984943 44 83
8 113421159 39 75
8 113421219 27 69
8 113529395 25 44
8 116599674 93 149
8 136659403 10 19
8 139153517 31 44
8 139697540 19 31
9 117910 40 121
9 15920328 28 26
9 21971208 7 13
9 32477062 98 190
9 33443726 9 59
9 36217419 19 66
9 37518368 21 28
9 43628008 10 19
9 80336236 14 23
9 84532736 7 19
9 84532737 7 20
9 95947661 5 4
9 100893341 9 8
9 104449087 22 33
9 120476016 41 53
9 123906238 19 46
9 125562752 29 43
9 128434770 20 57
9 131493620 7 10
9 131493639 4 9
9 133556690 5 17
9 134165439 11 23
9 135203122 67 117
10 14563278 30 41
10 30315092 37 21
10 38120724 40 37
10 55955513 40 69
10 96731914 46 115
10 101293137 6 12
10 101716060 36 77
10 101969548 19 15
10 104573043 18 35
10 104592318 19 45
10 108380283 24 46
10 112769045 17 30
10 118957195 21 27
10 119043812 43 55
11 1215771 5 27
11 1248621 10 16
11 1273610 44 65
11 1273611 43 64
11 1651762 48 148
11 4661467 30 129
11 5530600 42 100
11 5878795 102 106
11 7022539 24 423
11 14990196 11 37
11 18017412 11 24
11 18159302 25 113
11 26463547 61 165
11 40136670 57 177
11 47595133 31 46
11 55032660 33 12
11 55418458 54 64
11 55658729 57 42
11 59224488 25 68
11 59480942 7 26
11 59578239 7 14
11 60154239 28 53
11 66613679 7 22
11 67379393 32 35
11 67925835 33 44
11 70208521 22 459
11 77618825 31 153
11 77690145 42 164
11 88583222 48 53
11 89536884 8 41
11 104970117 28 28
11 105623792 6 69
11 123810769 35 26
11 123886306 29 11
11 123893744 14 131
11 125330433 30 23
11 125330434 31 23
11 128807693 18 18
12 3768745 19 36
12 4736116 15 43
12 7633775 18 53
12 8608633 9 38
12 8666259 27 33
12 14613600 41 82
12 20832982 25 64
12 21032394 20 40
12 21207524 17 57
12 29494738 28 64
12 40013102 38 66
12 49438644 28 62
12 49446157 19 41
12 50189216 21 54
12 53233028 10 20
12 57677771 42 56
12 58002405 28 40
12 58005664 6 8
12 64505702 28 58
12 81747093 22 32
12 93226582 18 69
12 105289085 16 51
12 108626513 11 20
12 108954864 22 39
12 111855956 11 28
12 112942562 10 31
12 120530907 27 35
12 123058840 8 16
12 132393500 18 39
12 133236034 5 55
13 25905548 31 24
13 26163798 34 26
13 32705826 22 12
13 58298881 34 24
13 61986300 45 41
13 77566266 8 5
13 113487318 7 136
14 23857097 34 56
14 24108204 46 87
14 24108205 46 85
14 24798374 14 39
14 24805392 25 47
14 26918121 49 94
14 51706956 10 14
14 59950693 6 3
14 73957919 12 31
14 80271492 10 114
14 80328371 6 8
14 92790258 4 16
14 93760841 34 57
14 95590553 26 51
14 101004555 7 14
14 106586278 55 122
14 106963081 49 121
14 107179014 34 130
15 20193212 29 81
15 24922364 61 47
15 25514836 5 5
15 26793038 24 30
15 33927852 10 7
15 34654500 28 24
15 63449453 15 41
15 72144474 19 53
15 75969217 9 15
15 76175759 46 47
15 80869298 36 59
15 85403053 24 55
15 88483882 41 71
16 3340469 25 25
16 4731639 29 10
16 9934602 34 33
16 15817885 5 9
16 20380841 63 46
16 25258259 62 116
16 29819577 18 34
16 56374744 110 243
16 58711258 26 53
16 66949213 16 36
16 70512506 21 49
16 72188220 59 125
16 81053750 19 21
16 81076765 7 84
17 2298613 18 13
17 7760367 7 91
17 15878769 3 17
17 16068310 20 34
17 19568332 20 17
17 26084329 24 32
17 28960364 8 19
17 34416087 32 80
17 39406598 6 20
17 42501755 55 52
17 43911171 40 76
17 45925605 12 10
17 47115694 14 32
17 54893222 13 35
17 56588848 50 70
17 60642470 37 66
17 61958815 86 213
17 62025412 6 28
17 65074319 5 28
17 79632366 15 55
18 21390336 22 49
18 23637658 43 56
18 66344169 44 32
19 504822 31 39
19 1007917 7 21
19 7831014 59 99
19 11018821 21 52
19 12501933 61 107
19 16275629 28 52
19 18368559 20 41
19 19221466 7 7
19 19654993 31 63
19 19823254 29 60
19 22271277 12 34
19 23405664 24 38
19 30936637 7 4
19 37880900 8 11
19 39068591 18 18
19 41450313 11 13
19 42471890 6 19
19 42510946 8 30
19 45494522 54 115
19 46032125 12 23
19 51133406 7 15
19 52877654 5 11
19 52877655 5 11
19 54515503 23 45
19 54600416 30 80
19 55112350 17 22
19 55224699 4 11
19 55559896 19 36
19 57326644 30 89
19 58453211 41 76
19 58858765 11 24
19 59061834 18 53
20 25002075 26 23
20 30433417 19 24
20 30733190 23 91
20 31291245 16 63
20 33001553 19 88
20 33001643 22 82
20 33364108 81 48
20 37194016 163 131
20 44576013 51 53
20 44678342 7 26
20 49575658 48 156
20 58342273 5 36
20 60448957 10 53
20 61981731 26 20
20 62730142 9 14
21 10862957 66 219
21 11098839 10 8
22 23915319 6 18
22 31583090 40 107
22 37491966 17 53
22 37875447 18 21
22 39908389 22 45
22 50664253 19 27
22 50728803 17 34
