chromosome_index position alt_count ref_count
1 23763945 9 73
1 34049273 120 80
1 36786766 4 9
1 36923551 80 113
1 158224874 14 150
1 169564029 9 113
1 192998323 121 36
1 248569685 46 253
2 179441553 33 33
2 237276907 3 11
3 15686794 45 4
3 155200026 32 128
3 186440308 4 19
4 8620197 14 16
5 55088620 18 74
5 90106986 19 14
5 174937120 3 9
5 177422865 22 14
6 7370201 18 30
6 26271322 11 101
6 27100386 29 243
7 51258724 6 68
7 55259439 323 27
7 99821621 7 65
7 100681373 14 300
9 340238 14 84
9 8521531 5 45
9 117062395 7 43
9 125145998 28 1
9 125424498 105 152
11 1262717 5 19
11 33880984 40 13
11 65811095 8 11
12 6483790 7 26
12 6978046 7 3
12 32138804 9 36
12 32138805 9 33
13 32868709 13 20
13 53422137 12 47
13 77655572 35 355
14 38678617 5 6
14 45642257 8 98
14 75265095 23 81
14 101200790 29 24
15 26792930 3 41
15 40558063 3 11
15 42168342 7 27
15 56141027 55 63
15 75798091 13 76
15 75798092 15 74
16 10851855 4 28
16 24931301 7 8
16 30736029 15 11
17 48940623 3 25
17 73774708 6 158
17 77807808 10 33
18 28993383 93 5
19 37441720 26 28
19 56164048 7 37
20 52645352 17 108
20 61299189 31 95
21 35275766 4 12
21 42852432 17 22
