chromosome_index position alt_count ref_count
1 9019055 11 125
1 28167550 9 71
1 111494472 22 66
1 200587123 7 175
1 207297289 3 28
2 238940869 14 31
3 35785414 14 78
3 38595989 7 62
3 48685794 10 16
3 125286305 8 92
4 71508119 13 69
5 54993715 16 68
7 30118250 4 37
7 106515220 13 82
7 128493622 5 29
8 109489050 11 30
9 21239506 77 243
9 140481540 7 55
10 871233 12 88
10 92655210 8 138
10 134017271 3 36
11 55681766 9 47
11 56000622 18 70
13 39435627 16 47
14 93684909 3 56
15 48773910 29 98
15 91449677 6 35
15 93545418 5 116
16 49670758 3 32
16 67183794 3 16
17 7760441 6 98
17 78286955 11 92
19 50752255 3 18
22 17525813 3 42
