chromosome_index position alt_count ref_count
1 3775309 42 29
1 32265460 41 52
1 35656516 85 94
1 44457459 8 18
1 54871734 14 27
1 54871735 13 25
1 90400895 87 108
1 156811515 38 121
1 196887456 172 240
1 204199631 48 53
2 44105225 4 7
2 63272705 14 22
2 97532110 67 91
2 175260412 43 60
2 179474203 37 36
2 179611761 46 70
2 208420472 13 101
2 220099756 47 43
2 220336993 48 56
2 224463553 24 44
3 14803122 23 32
3 14803123 23 30
3 67053891 60 66
4 36345277 76 71
4 47593159 75 59
4 62936619 32 41
5 41201803 34 40
5 42801208 28 61
5 45462104 92 106
5 70793235 154 177
5 77511925 27 47
5 90016841 41 40
5 140909206 31 45
6 35443200 39 18
6 42713428 40 47
6 91296573 20 23
6 94066709 22 24
6 102074289 43 39
6 135784363 19 21
6 150001589 48 49
6 153332882 53 59
7 25266528 53 64
7 48313241 44 71
7 48313243 43 68
7 141721461 76 60
7 150095223 15 10
8 125499771 39 44
9 97847743 4 39
9 114338729 21 35
9 116185621 27 37
9 139368591 78 64
9 140176997 35 38
10 50723698 18 18
10 62670674 30 46
10 79397504 6 19
10 91065753 39 61
10 102673155 8 14
10 103190124 23 33
11 3109447 3 32
11 47305994 50 40
12 53683280 29 68
12 53877202 41 99
12 74931836 12 19
12 80648329 42 37
14 19378138 38 188
14 64634024 70 87
14 78028818 36 38
15 41709346 3 52
15 43902548 6 14
15 44955757 25 24
15 63044513 45 83
15 92987941 55 62
16 20476871 90 130
16 30543945 8 7
16 68405808 49 70
16 74505131 34 39
17 5461934 16 47
17 42828466 43 73
17 48538115 98 50
18 72180835 10 18
19 2877876 59 79
19 10940955 26 29
19 12902504 24 20
19 42817621 28 44
19 45889399 13 12
20 2635810 30 21
20 33298138 24 61
20 40086018 36 82
21 28217050 25 38
22 17600499 9 13
