chromosome_index	start_position	end_position	major_cn	minor_cn	total_cn
1	1	65578537	1.0	1.0	2.0
1	65578538	65578764	1.0	1.0	2.0
1	65578765	82628680	1.0	1.0	2.0
1	82628681	82827680	1.0	0.0	1.0
1	82827681	82969321	1.0	1.0	2.0
1	82969322	121499999	1.0	1.0	2.0
1	121500000	128899999	1.0	1.0	2.0
1	128900000	142563938	1.0	1.0	2.0
1	142563939	155963829	1.0	1.0	2.0
1	155963830	155977457	1.0	1.0	2.0
1	155977458	247247500	1.0	1.0	2.0
1	247247501	249250620	1.0	1.0	2.0
2	48311	90499999	1.0	1.0	2.0
2	90500000	96799999	1.0	1.0	2.0
2	96800000	242986605	1.0	1.0	2.0
3	104203	87899999	2.0	0.0	2.0
3	87900000	93899999	2.0	0.0	2.0
3	93900000	99990175	2.0	0.0	2.0
3	99990176	100517466	2.0	1.0	3.0
3	100517467	102119060	2.0	2.0	4.0
3	102119061	102261911	2.0	2.0	4.0
3	102261912	102265184	2.0	2.0	4.0
3	102265185	102265951	2.0	1.0	3.0
3	102265952	102271505	2.0	1.0	3.0
3	102271506	102277081	2.0	1.0	3.0
3	102277082	103118998	2.0	1.0	3.0
3	103118999	103130353	2.0	1.0	3.0
3	103130354	103133978	2.0	0.0	2.0
3	103133979	105217991	2.0	0.0	2.0
3	105217992	107509805	2.0	2.0	4.0
3	107509806	107532451	2.0	0.0	2.0
3	107532452	107576203	2.0	0.0	2.0
3	107576204	107595358	2.0	1.0	3.0
3	107595359	109025974	2.0	0.0	2.0
3	109025975	109028930	2.0	1.0	3.0
3	109028931	109028974	2.0	1.0	3.0
3	109028975	109116784	2.0	1.0	3.0
3	109116785	109126790	2.0	1.0	3.0
3	109126791	109493719	2.0	1.0	3.0
3	109493720	110508416	2.0	2.0	4.0
3	110508417	125817601	2.0	1.0	3.0
3	125817602	198022429	2.0	0.0	2.0
4	35422	48199999	1.0	1.0	2.0
4	48200000	52699999	1.0	1.0	2.0
4	52700000	187073823	1.0	1.0	2.0
4	187073824	187185384	1.0	0.0	1.0
4	187185385	190726865	1.0	1.0	2.0
5	22500	797500	1.0	1.0	2.0
5	797501	3712193	2.0	1.0	3.0
5	3712194	46099999	2.0	1.0	3.0
5	46100000	50699999	2.0	1.0	3.0
5	50700000	156158072	2.0	1.0	3.0
5	156158073	156158275	2.0	1.0	3.0
5	156158276	180689978	2.0	1.0	3.0
6	39681	248828	3.0	1.0	4.0
6	248829	382211	2.0	1.0	3.0
6	382212	32491181	3.0	1.0	4.0
6	32491182	32582385	3.0	1.0	4.0
6	32582386	58699999	3.0	1.0	4.0
6	63300000	120932437	1.0	1.0	2.0
6	120932438	171115066	2.0	1.0	3.0
7	40386	57999999	1.0	1.0	2.0
7	58000000	61699999	1.0	1.0	2.0
7	61700000	158821400	1.0	1.0	2.0
8	10001	170011	1.0	0.0	1.0
8	170012	43099999	1.0	0.0	1.0
8	48100000	48280939	2.0	1.0	3.0
8	48280940	48302257	10.0	1.0	11.0
8	48302258	48393194	10.0	1.0	11.0
8	48393195	51699906	5.0	1.0	6.0
8	51699907	83844657	4.0	1.0	5.0
8	83844658	86017571	5.0	1.0	6.0
8	86017572	146364021	4.0	1.0	5.0
9	59810	47299999	1.0	1.0	2.0
9	47300000	50699999	1.0	1.0	2.0
9	50700000	140273200	1.0	1.0	2.0
10	94341	37999999	2.0	1.0	3.0
10	38000000	42397372	2.0	1.0	3.0
10	42397373	44697308	2.0	1.0	3.0
10	44697309	44697541	2.0	1.0	3.0
10	44697542	71316290	2.0	1.0	3.0
10	71316291	71316438	2.0	1.0	3.0
10	71316439	104525089	2.0	1.0	3.0
10	104525090	104525241	2.0	1.0	3.0
10	104525242	135389924	2.0	1.0	3.0
11	20721	190009	2.0	1.0	3.0
11	190010	51599999	2.0	1.0	3.0
11	51600000	55699999	2.0	1.0	3.0
11	55700000	59371779	2.0	1.0	3.0
11	59371780	59409238	6.0	1.0	7.0
11	59409239	59814243	6.0	1.0	7.0
11	59814244	61614156	5.0	1.0	6.0
11	61614157	63215883	4.0	1.0	5.0
11	63215884	63216024	4.0	1.0	5.0
11	63216025	63869687	1.0	1.0	2.0
11	63869688	63869943	1.0	1.0	2.0
11	63869944	64034711	1.0	1.0	2.0
11	64034712	64035004	1.0	1.0	2.0
11	64035005	65175294	1.0	1.0	2.0
11	65175295	65179554	3.0	1.0	4.0
11	65179555	65179690	3.0	1.0	4.0
11	65179691	67452329	3.0	1.0	4.0
11	67452330	67452617	3.0	1.0	4.0
11	67452618	67453099	3.0	1.0	4.0
11	67453100	67454765	3.0	1.0	4.0
11	67454766	67457715	3.0	1.0	4.0
11	67457716	67458715	1.0	0.0	1.0
11	67458716	67459438	1.0	0.0	1.0
11	67459439	67735602	4.0	1.0	5.0
11	67735603	70440523	4.0	1.0	5.0
11	70440524	72072734	1.0	1.0	2.0
11	72072735	72072857	1.0	1.0	2.0
11	72072858	72073327	1.0	1.0	2.0
11	72073328	72182895	1.0	1.0	2.0
11	72182896	72184143	1.0	1.0	2.0
11	72184144	72191978	4.0	1.0	5.0
11	72191979	72264156	7.0	1.0	8.0
11	72264157	72492077	10.0	1.0	11.0
11	72492078	72496406	10.0	1.0	11.0
11	72496407	72496443	1.0	1.0	2.0
11	72496444	72771107	4.0	1.0	5.0
11	72771108	72774529	1.0	1.0	2.0
11	72774530	72776748	1.0	1.0	2.0
11	72776749	72776923	1.0	1.0	2.0
11	72776924	72777116	1.0	1.0	2.0
11	72777117	72777445	1.0	1.0	2.0
11	72777446	134452200	1.0	1.0	2.0
12	110107	225064	1.0	1.0	2.0
12	225065	3054311	1.0	1.0	2.0
12	3054312	3055872	1.0	1.0	2.0
12	3055873	33299999	1.0	1.0	2.0
12	33300000	38199999	1.0	1.0	2.0
12	38200000	49044915	1.0	1.0	2.0
12	49044916	49045160	1.0	1.0	2.0
12	49045161	132349400	1.0	1.0	2.0
12	132349401	133851894	1.0	1.0	2.0
13	1	16299999	1.0	1.0	2.0
13	16300000	19499999	1.0	1.0	2.0
13	19500000	114142800	1.0	1.0	2.0
13	114142801	115169877	1.0	1.0	2.0
14	1	16099999	1.0	1.0	2.0
14	16100000	19099999	1.0	1.0	2.0
14	19100000	106368400	1.0	1.0	2.0
15	1	15799999	2.0	1.0	3.0
15	15800000	20699999	2.0	1.0	3.0
15	20700000	69675525	2.0	1.0	3.0
15	69675526	69675867	2.0	1.0	3.0
15	69675868	70758047	2.0	1.0	3.0
15	70758048	70758488	2.0	2.0	4.0
15	70758489	70759773	2.0	1.0	3.0
15	70759774	70759933	2.0	1.0	3.0
15	70759934	100338800	2.0	1.0	3.0
15	100338801	102531391	2.0	1.0	3.0
16	107275	34599999	1.0	1.0	2.0
16	34600000	38599999	1.0	1.0	2.0
16	38600000	88827200	1.0	1.0	2.0
16	88827201	90354752	1.0	1.0	2.0
17	12500	11983768	2.0	0.0	2.0
17	11983769	11983923	2.0	0.0	2.0
17	11983924	22199999	2.0	0.0	2.0
17	22200000	25799999	2.0	0.0	2.0
17	25800000	34485903	2.0	0.0	2.0
17	34485904	34818188	2.0	0.0	2.0
17	34818189	36387499	2.0	0.0	2.0
17	36387500	78774600	2.0	0.0	2.0
17	78774601	81195209	2.0	0.0	2.0
18	27500	142542	1.0	1.0	2.0
18	142543	15399999	1.0	1.0	2.0
18	15400000	18999999	1.0	1.0	2.0
18	19000000	76117000	1.0	1.0	2.0
18	76117001	78077247	1.0	1.0	2.0
19	102500	256010	1.0	1.0	2.0
19	256011	582999	1.0	1.0	2.0
19	583000	17820336	1.0	1.0	2.0
19	17820337	24399999	2.0	1.0	3.0
19	24400000	28599999	2.0	1.0	3.0
19	28600000	59128982	2.0	1.0	3.0
20	17500	25599999	2.0	2.0	4.0
20	25600000	29642527	2.0	2.0	4.0
20	29642528	62432500	2.0	2.0	4.0
21	10900000	14299999	2.0	1.0	3.0
21	14300000	32880980	1.0	1.0	2.0
21	32880981	46937500	2.0	1.0	3.0
21	46937501	48129894	2.0	1.0	3.0
22	1	12199999	1.0	1.0	2.0
22	12200000	17899999	1.0	1.0	2.0
22	17900000	49687500	1.0	1.0	2.0
22	49687501	51304565	1.0	1.0	2.0
