chromosome_index	start_position	end_position	major_cn	minor_cn	total_cn
1	61735	249224388	1	1	2
2	12784	243089456	1	1	2
3	60345	152393762	1	1	2
3	152400955	197896118	1	0	1
4	12281	191027923	1	1	2
5	15532	42313755	4	1	5
5	42315980	46389273	3	1	4
5	49432831	57730620	2	1	3
5	57732747	61418667	1	1	2
5	61419458	70349193	1	0	1
5	70391185	70885035	1	1	2
5	70885538	72464960	1	0	1
5	72464994	73030942	1	1	2
5	73034123	74046892	1	0	1
5	74050889	75009581	1	1	2
5	75011817	81060647	1	0	1
5	81063362	81546918	1	1	2
5	81547873	81962842	1	0	1
5	81976414	82947880	1	1	2
5	82953592	83424125	1	0	1
5	83430607	86399262	1	1	2
5	86399654	114471070	1	0	1
5	114471454	116377086	1	1	2
5	116390488	121333930	1	0	1
5	121335252	127835642	1	1	2
5	127835981	140565856	1	0	1
5	140569691	180790320	1	1	2
6	149661	69254402	1	1	2
6	69254452	171051005	1	0	1
7	43259	159127004	1	1	2
8	31254	1192523	1	1	2
8	1192829	8561208	1	0	1
8	8561552	12826114	1	1	2
8	12826224	14261644	1	0	1
8	14264463	14768915	1	1	2
8	14770243	39604491	1	0	1
8	39605204	52824413	1	1	2
8	52829277	146298155	2	1	3
9	46587	38119496	1	0	1
9	38119900	96351217	1	1	2
9	96353485	113375178	1	0	1
9	113379408	134603817	1	1	2
9	134604227	135299090	1	0	1
9	135304526	141091394	1	1	2
10	72759	135506704	1	1	2
11	198572	6996787	1	1	2
11	6998597	7102090	1	0	1
11	7102647	89896000	1	1	2
11	89898582	134944770	1	0	1
12	150442	133778189	1	1	2
13	19026949	115108397	1	0	1
14	19002124	24769663	1	0	1
14	24770369	107285437	1	1	2
15	20016328	102469040	1	1	2
16	60777	90287535	1	1	2
17	526	81049726	1	1	2
18	48133	78015057	1	1	2
19	90910	3824637	1	0	1
19	3825034	43052903	1	1	2
19	43054588	59097854	1	0	1
20	61305	62956153	1	1	2
21	10736871	48096957	1	1	2
22	16052528	51234455	1	1	2
