chromosome_index position alt_count ref_count
1 8420197 4 12
1 110709565 9 28
1 155531892 3 16
1 201984378 12 47
1 230883264 37 92
2 62066806 49 107
2 97373520 33 106
2 170072853 35 54
3 15298286 3 15
3 37340849 36 32
3 108788509 38 104
4 100787280 7 21
5 68399835 7 17
5 75913735 10 43
5 78415082 35 75
5 140481178 30 49
5 167674296 50 114
5 176827191 11 32
6 30893383 7 29
6 43226956 21 65
6 46977043 13 37
6 121576521 38 62
6 143091819 27 61
7 122269335 6 24
7 135276257 42 77
8 142504970 4 20
9 35077002 23 71
9 106862707 33 75
9 114359672 13 18
9 128064468 73 159
9 131010868 24 55
10 73521465 3 50
10 99349694 7 83
11 8751785 21 74
11 13378432 5 5
11 55890388 18 290
11 62290316 33 330
11 62346405 17 46
11 120336044 26 64
12 49431830 3 6
12 62972277 7 32
12 76444427 22 49
13 41515309 42 140
14 67389425 55 139
14 74416831 10 21
14 96761860 32 67
16 3273696 9 10
16 31371300 97 103
16 66547680 5 71
17 6606332 35 88
17 8812455 3 18
17 26948415 54 193
17 72954436 4 34
17 73752809 25 87
18 7117733 4 21
19 2477582 10 23
19 3179456 75 162
19 36831480 49 99
19 36831481 49 100
19 40395905 43 286
19 40395906 42 290
19 45322968 12 17
20 3016279 11 14
20 49366607 46 97
21 46067216 4 62
22 29627008 23 67
22 50885659 10 40
