chromosome_index position alt_count ref_count
1 12726312 18 106
1 161199442 3 51
1 205030440 4 64
2 202619251 11 133
2 209113112 24 35
2 226446836 103 106
2 232079592 21 55
3 7503380 70 114
3 37402755 9 60
3 73433161 5 147
3 97868537 85 44
3 155200026 76 94
3 195474005 30 94
5 1409222 11 13
6 26056630 36 61
6 100898211 61 116
7 150840954 75 93
9 131512920 37 31
9 135211887 36 63
11 56020647 19 31
11 77386296 19 20
11 94554698 3 46
12 22069947 35 186
12 57487287 6 8
12 75692508 12 29
12 104698787 5 9
12 132626153 20 35
13 88329500 19 209
13 101294549 51 118
14 101515048 16 34
15 74623086 32 48
16 15820745 88 108
16 57918281 8 62
16 84270707 28 60
17 7577121 14 26
17 17717630 6 5
17 17717650 6 5
17 37006642 43 67
17 40695939 5 12
17 41063361 93 118
17 42949920 102 158
18 22807299 5 64
18 57006123 5 107
20 1517874 60 109
