chromosome_index	start_position	end_position	major_cn	minor_cn	total_cn
1	61735	2482921	3	1	4
1	2501338	28246452	2	1	3
1	28248588	28695597	2	0	2
1	28700786	29461718	5	0	5
1	29469510	30062245	2	0	2
1	30062973	53424708	2	2	4
1	53426440	54229982	4	2	6
1	54230713	55487219	3	2	5
1	55488369	77605261	2	2	4
1	77605888	78418802	3	2	5
1	78421785	154832322	2	2	4
1	154832661	156503447	3	2	5
1	156503879	158044360	2	2	4
1	158044382	158251216	5	2	7
1	158253744	220313395	2	2	4
1	220326011	220735247	4	2	6
1	220736328	223497357	2	2	4
1	223498145	224277160	5	2	7
1	224283064	249224388	2	2	4
2	12784	8584476	2	2	4
2	8584735	11797037	3	2	5
2	11797949	20369793	2	2	4
2	20370541	21141815	3	2	5
2	21141832	28265356	2	2	4
2	28267492	29060057	6	2	8
2	29061111	29319179	4	2	6
2	29327561	98581335	2	2	4
2	98585423	98809288	5	2	7
2	98811075	105637476	2	2	4
2	105640267	106401732	3	2	5
2	106401846	152858521	2	2	4
2	152858633	153464580	3	2	5
2	153466691	176729944	2	2	4
2	176730467	177536477	3	2	5
2	177536629	217042966	2	2	4
2	217043154	217831965	3	2	5
2	217834419	235702241	2	2	4
2	235704447	236662402	4	2	6
2	236664664	243089456	2	2	4
3	60345	13367056	2	2	4
3	13369702	13906670	5	3	8
3	13906709	14440905	4	2	6
3	14441137	47868564	2	2	4
3	47869203	48556232	7	4	11
3	48557639	50169266	3	2	5
3	50169410	50448196	4	4	8
3	50449062	122435750	2	2	4
3	122443610	122923083	5	2	7
3	122926385	128012943	2	2	4
3	128015022	128932310	4	2	6
3	128932350	168428372	2	2	4
3	168430783	168869747	5	3	8
3	168869981	172846639	5	2	7
3	172847681	192319755	2	2	4
3	192320339	197896118	3	2	5
4	12281	9626413	2	2	4
4	9626840	10390122	4	2	6
4	10390715	106239647	2	2	4
4	106239838	106870948	4	2	6
4	106872553	131633178	2	2	4
4	131634267	136980742	2	1	3
4	136980973	191027923	2	2	4
5	15532	2150385	6	2	8
5	2157486	2589052	13	2	15
5	2593780	5157288	9	2	11
5	5157698	7913668	7	2	9
5	7913739	10245905	10	2	12
5	10245935	13081619	7	2	9
5	13087806	14039647	18	2	20
5	14042376	14247776	31	1	32
5	14249610	14352354	18	2	20
5	14352595	16771640	14	2	16
5	16772976	29388888	11	1	12
5	29392130	31371932	9	2	11
5	31374071	33794755	13	2	15
5	33795167	41811844	10	2	12
5	41812667	46161618	2	0	2
5	46161809	55342743	2	1	3
5	55342888	55850951	2	2	4
5	55851338	56190531	4	2	6
5	56195846	65279112	2	1	3
5	65279537	65874153	3	1	4
5	65874665	76805269	2	1	3
5	76807505	94436535	2	2	4
5	94440219	95113880	2	1	3
5	95116543	131161198	2	2	4
5	131161447	132195518	4	2	6
5	132196254	154129353	2	2	4
5	154133694	154986292	5	2	7
5	154988107	180790320	2	2	4
6	149661	10893120	2	2	4
6	10893679	11859084	4	2	6
6	11860270	18146284	2	2	4
6	18146922	18846581	4	2	6
6	18846919	25234884	2	2	4
6	25239809	25840946	4	2	6
6	25841122	32605884	2	2	4
6	32606756	33302666	3	2	5
6	33306794	34125554	2	2	4
6	34132378	34558120	5	2	7
6	34566255	93475639	2	2	4
6	93476681	95846854	2	1	3
6	95848728	112075798	2	2	4
6	112082342	112578837	3	2	5
6	112578868	171051005	2	2	4
7	43259	35999287	2	1	3
7	36002073	36802963	3	1	4
7	36803000	50158442	2	1	3
7	50159371	50418625	3	2	5
7	50418949	52310910	5	2	7
7	52312395	53769211	3	2	5
7	53772035	54096860	2	1	3
7	54097333	61987173	3	2	5
7	61987244	83523916	4	0	4
7	83524179	85285583	6	0	6
7	85288011	97977241	4	0	4
7	97978205	101856528	6	0	6
7	101858144	102600039	11	0	11
7	102605497	155352127	5	0	5
7	155352264	159127004	5	5	10
8	31254	1756030	7	2	9
8	1756062	8658991	11	2	13
8	8659559	9647868	23	2	25
8	9649691	11010730	16	2	18
8	11010748	16770843	12	2	14
8	16771203	18034172	7	2	9
8	18035026	21783029	8	2	10
8	21785801	40889291	2	0	2
8	40892229	42378742	13	2	15
8	42382968	58333327	8	2	10
8	58336604	91899375	7	2	9
8	91899439	101948989	9	2	11
8	101949714	102814301	9	4	13
8	102818995	110045938	8	2	10
8	110051644	129102579	10	2	12
8	129102635	146298155	8	2	10
9	46587	3586125	3	2	5
9	3586674	3974811	4	3	7
9	3975129	9572879	3	2	5
9	9575039	12140546	2	2	4
9	12141524	20304741	3	2	5
9	20304873	22171484	4	3	7
9	22174712	35654478	3	2	5
9	35655988	35696802	13	4	17
9	35700150	35786616	12	4	16
9	35788239	47217176	3	2	5
9	65616971	141091394	2	1	3
10	72759	113775409	2	2	4
10	113778037	114314485	5	2	7
10	114315551	135506704	2	2	4
11	198572	30053914	2	1	3
11	30054610	30691637	4	1	5
11	30702021	46012104	2	1	3
11	46013280	46831019	5	1	6
11	46837546	62142128	2	1	3
11	62143852	63072648	4	1	5
11	63073046	65137750	2	1	3
11	65138606	65568822	5	2	7
11	65569060	72884382	2	1	3
11	72885257	73194063	3	2	5
11	73198087	134944770	2	1	3
12	150442	1190746	2	2	4
12	1204676	2036634	3	2	5
12	2042891	9265796	2	2	4
12	9266826	10237014	3	2	5
12	10241718	52287939	2	2	4
12	52288882	52949857	4	2	6
12	52951208	59967724	2	2	4
12	59973053	62210029	2	1	3
12	62210820	120316509	2	2	4
12	120316749	125903618	3	2	5
12	125905142	133778189	2	2	4
13	19026949	54507219	2	2	4
13	54507295	57685670	2	1	3
13	57687157	115108397	2	2	4
14	19002124	23643303	2	2	4
14	23645565	24709351	3	2	5
14	24709742	35316694	2	2	4
14	35322223	36331335	3	2	5
14	36332543	42257077	2	2	4
14	42257934	44001438	2	1	3
14	44003978	97158640	2	2	4
14	97161229	97278807	4	2	6
14	97279220	107285437	2	2	4
15	20016328	40113516	2	2	4
15	40113660	41846017	3	1	4
15	41846114	42527218	3	2	5
15	42528523	90874772	2	1	3
15	90876371	93698856	2	2	4
15	93701227	102469040	2	1	3
16	60777	11271505	2	1	3
16	11273228	31655245	2	2	4
16	31656085	35283226	2	1	3
16	46463782	56732185	2	0	2
16	56738865	57692584	3	0	3
16	57693055	87374645	2	0	2
16	87374924	90287535	3	0	3
17	526	4118752	3	0	3
17	4119679	5386025	4	0	4
17	5387528	28015390	2	0	2
17	28016657	29767086	1	0	1
17	29767195	30123977	3	0	3
17	30124080	36082473	1	0	1
17	36086689	38609187	3	0	3
17	38610665	46113822	2	0	2
17	46116119	46958324	6	0	6
17	46958607	75750833	2	0	2
17	75751230	77096177	4	0	4
17	77097086	81049726	2	0	2
18	48133	43008509	2	2	4
18	43008587	43818844	3	2	5
18	43823340	59305127	2	1	3
18	59308168	60253836	3	1	4
18	60253930	78015057	2	1	3
19	90910	8928437	2	0	2
19	8929794	9078190	8	2	10
19	9079464	9627507	4	2	6
19	9629045	14573966	8	2	10
19	14574266	17909836	4	2	6
19	17910639	19287901	7	3	10
19	19287928	19720041	4	4	8
19	19720788	22298711	4	2	6
19	22300929	34130336	2	2	4
19	34131461	34638239	4	2	6
19	34640352	35337059	2	2	4
19	35337481	56569917	2	1	3
19	56569981	59097854	2	2	4
20	61305	6449721	2	2	4
20	6451752	7227720	3	2	5
20	7227887	29955447	2	2	4
20	29956235	37231136	3	2	5
20	37231707	45600021	2	2	4
20	45600212	46377225	3	2	5
20	46377876	60411456	2	2	4
20	60411666	62956153	3	2	5
21	10736871	33693212	2	2	4
21	33694106	34156633	5	2	7
21	34161808	48096957	2	2	4
22	16052528	50139152	2	2	4
22	50145668	50858287	4	2	6
22	50858813	51234455	2	2	4
