chromosome_index position alt_count ref_count
1 3756225 14 135
1 6212510 4 37
1 6311561 13 23
1 12726437 85 114
1 12820967 6 8
1 13911978 5 35
1 17046488 7 116
1 17567127 40 83
1 18149839 9 42
1 18808875 22 111
1 22073613 4 28
1 23756347 5 16
1 24387573 26 79
1 26737300 6 22
1 29611308 12 69
1 34128622 13 91
1 41101626 11 64
1 45292715 62 166
1 45980606 23 163
1 47582349 8 27
1 52879611 9 42
1 53975665 4 9
1 54645014 10 18
1 57169955 29 79
1 59787382 6 18
1 62330003 21 52
1 65874423 17 36
1 78184297 3 58
1 100154714 11 50
1 112524501 50 49
1 114511114 78 73
1 115167889 34 31
1 115256530 75 82
1 116609279 4 14
1 149915967 24 57
1 150940569 20 77
1 150940570 20 79
1 152323914 80 543
1 152323915 77 541
1 152733095 28 53
1 155448478 18 73
1 156812956 14 49
1 158325930 17 34
1 160492959 14 41
1 161276675 9 105
1 165173226 30 122
1 167798536 4 88
1 168278023 27 79
1 171501964 3 18
1 175306679 24 72
1 176526002 38 128
1 179887286 13 101
1 183907865 6 37
1 186925441 67 159
1 196295881 7 44
1 197036389 6 22
1 200880953 4 32
1 200967693 24 45
1 201016272 19 128
1 201195154 15 65
1 201980309 46 119
1 202777350 21 56
1 202777351 22 54
1 205035721 6 34
1 206649565 5 57
1 215932006 8 79
1 220824054 17 100
1 228504556 4 9
1 228559909 4 8
1 233750003 6 36
1 248308755 152 320
2 1488424 5 27
2 27804745 49 207
2 31457456 12 39
2 31457457 12 40
2 38960712 26 103
2 40656238 11 42
2 54851971 13 26
2 61236123 4 16
2 102965706 15 59
2 107049701 50 289
2 107459632 4 5
2 108624964 4 32
2 109088547 12 57
2 125175121 4 21
2 130929996 6 31
2 133403025 16 60
2 136566574 29 100
2 138330013 14 26
2 138421106 14 16
2 149226897 10 36
2 152128175 21 82
2 165586572 21 31
2 165987910 12 91
2 169417815 16 97
2 170127589 12 37
2 179485339 6 35
2 179516203 18 73
2 179552841 13 73
2 179610611 25 117
2 179640771 40 165
2 179643732 5 45
2 179702087 14 69
2 190670413 4 65
2 190742075 7 62
2 206166306 13 57
2 207620021 9 29
2 210658513 30 49
2 213872200 40 138
2 214878744 17 114
2 215440576 58 92
2 219423410 15 75
2 220355525 11 83
2 224842293 21 148
2 226446754 29 255
2 228157946 5 33
2 230456371 28 35
2 233272030 11 71
2 239054411 4 13
2 242758178 8 26
3 3886862 23 75
3 7348231 13 50
3 9789167 3 5
3 12194959 6 35
3 12200284 7 36
3 17052819 21 85
3 29781274 26 146
3 87017853 3 34
3 97124035 4 11
3 97167461 11 97
3 111785270 41 105
3 113847728 56 181
3 113890705 18 66
3 114014634 25 63
3 120959317 22 48
3 121351304 84 216
3 122632481 13 23
3 122645310 9 45
3 124646490 19 265
3 125828935 12 112
3 126202263 13 54
3 128199961 64 72
3 133119318 6 88
3 134670822 39 201
3 134898705 58 188
3 142511691 21 52
3 147131324 7 81
3 150877744 55 149
3 155200072 21 86
3 157820545 9 116
3 158364577 6 34
3 159995214 10 42
3 183777966 15 42
3 184700833 14 20
3 185879415 15 53
3 186953388 5 5
3 194080161 7 67
3 195447909 3 12
4 1389530 54 99
4 1746530 12 45
4 11401063 13 45
4 25316963 47 105
4 25835099 5 44
4 26756568 8 55
4 36149272 8 51
4 39929628 13 41
4 47405721 16 37
4 66280088 33 43
4 74124036 7 156
4 100504674 5 50
4 109674142 15 38
4 121958627 31 93
4 144361297 37 64
4 144361299 37 65
4 149357561 9 105
4 153896865 20 122
4 169632953 21 35
4 173804030 42 62
5 1422077 19 51
5 40854355 77 200
5 41039576 5 6
5 71739540 4 16
5 75581618 4 44
5 75597248 31 114
5 75597249 31 116
5 78734972 12 46
5 89938673 18 81
5 90041078 12 57
5 122343598 8 22
5 131396680 10 38
5 134782113 12 58
5 140167135 52 154
5 140187583 11 51
5 140209973 10 45
5 140241137 3 17
5 140263791 12 65
5 140558223 4 88
5 140590082 24 66
5 143586400 11 45
5 150029215 5 18
5 150275940 7 67
5 170736487 4 9
5 176516672 6 16
5 176813004 8 80
5 176813005 8 78
6 2948628 16 40
6 10877478 34 65
6 18258628 26 69
6 25701567 33 83
6 25726741 26 122
6 27420654 7 166
6 29365202 29 137
6 31477560 7 129
6 31541284 59 132
6 31914840 49 61
6 31975146 39 293
6 32974972 62 122
6 33541565 8 31
6 35554884 36 169
6 36169300 5 23
6 38828377 6 16
6 41011331 18 107
6 42162358 20 52
6 43013087 10 112
6 51889700 33 72
6 57512603 23 327
6 66053984 27 33
6 70042896 6 12
6 75875285 40 81
6 83075656 23 59
6 83075657 23 59
6 83754240 15 99
6 88855056 13 27
6 110726086 24 33
6 133785973 6 20
6 142399728 9 25
6 142399729 9 25
6 154568615 26 44
6 154568616 26 44
7 1522258 10 54
7 2473033 21 118
7 6624812 32 52
7 14880842 11 27
7 24738754 24 31
7 27148121 59 134
7 30693066 63 186
7 72413237 75 252
7 76984935 33 51
7 80088100 3 15
7 82583161 4 36
7 92760770 12 83
7 99454465 32 76
7 100678470 75 494
7 100701293 13 66
7 100731199 3 21
7 107688540 38 130
7 111981074 14 84
7 122634823 50 130
7 128034345 22 33
7 134853736 4 12
7 138958809 27 35
7 139092010 11 69
7 141765569 42 75
7 141773931 10 73
7 142651282 4 36
7 143701854 45 88
7 144101650 26 29
7 154143320 25 44
7 157370803 36 37
8 8235435 24 75
8 17157340 12 52
8 17743002 12 46
8 22107920 13 31
8 24193159 4 15
8 26510829 45 229
8 28017827 7 66
8 37630369 22 83
8 38065264 9 44
8 38275784 25 102
8 41518963 8 45
8 42587504 17 81
8 53084615 20 78
8 53084616 19 77
8 69002832 7 60
8 95262811 5 21
8 104054585 41 88
8 113323217 10 51
8 124518793 18 68
8 139153554 26 64
8 143365802 10 68
8 143921887 12 71
9 3828306 6 26
9 5361160 11 38
9 34552752 32 82
9 93650893 4 10
9 98638274 5 6
9 100092778 6 41
9 110250264 5 11
9 111899872 24 120
9 114176709 13 47
9 116837244 31 34
9 117139581 19 61
9 120474738 8 35
9 121930123 8 46
9 130509465 14 55
9 131476520 27 120
9 134074074 20 85
9 135926235 14 98
9 135973898 4 6
9 136200572 4 22
9 137620554 63 124
9 139740250 6 13
10 1175199 19 48
10 3201173 8 46
10 7842043 18 97
10 17271935 5 20
10 27703008 19 24
10 43606732 28 116
10 46999128 14 120
10 46999656 18 150
10 55943354 16 66
10 75277247 3 39
10 88718556 10 45
10 91177851 51 82
10 98145939 34 66
10 103530212 5 13
10 106015023 9 47
10 106037800 17 19
10 123239527 24 108
10 126715037 7 17
10 129906710 138 186
10 134622165 4 10
10 134906683 3 5
11 557449 5 5
11 2190934 10 37
11 4903346 9 45
11 5730400 12 84
11 17537820 4 15
11 18755128 28 85
11 25071647 13 28
11 31815594 56 112
11 46726603 21 75
11 46750213 15 65
11 46920197 45 162
11 49208268 5 68
11 55873216 14 30
11 63987250 49 80
11 64571809 53 94
11 65401774 4 11
11 66325257 6 11
11 68326071 39 50
11 74414498 12 12
11 78368945 5 15
11 89391840 4 11
11 103092762 7 14
11 114453573 30 92
11 118245671 13 52
11 120169026 65 146
12 654081 41 61
12 5155058 5 43
12 7635291 48 88
12 7942198 11 74
12 8212039 4 93
12 9321521 28 85
12 11420865 48 606
12 13221575 29 114
12 13715825 39 104
12 14849409 7 12
12 18234202 11 41
12 18891239 5 94
12 21733377 14 98
12 29608202 39 55
12 30867933 29 112
12 45169860 5 36
12 47629042 23 61
12 48110143 31 120
12 53164932 21 85
12 55524417 22 142
12 55714842 4 23
12 56428793 27 21
12 56428794 27 21
12 56429091 35 298
12 56528177 24 215
12 57351007 68 83
12 57441807 9 48
12 57490328 74 191
12 57600439 26 58
12 57868244 5 65
12 68642498 14 109
12 72666940 10 24
12 85500321 22 61
12 96356164 5 35
12 106633346 25 57
12 109046152 37 69
12 113403550 5 7
12 113557192 4 8
12 117217066 67 151
12 117691498 35 83
12 117698398 22 42
12 117718530 15 129
12 117718532 13 132
12 124358207 6 15
12 124358208 5 14
12 129563084 8 124
13 19751121 4 82
13 25478124 70 64
13 27216397 34 57
13 29599955 16 21
13 46287885 6 14
13 52542710 21 33
13 53624176 6 86
13 58207422 8 55
13 58298965 14 60
13 60413502 3 45
13 60545107 5 53
13 61987197 8 81
13 72204733 63 207
13 106142360 6 20
13 113030777 5 22
14 38265520 7 7
14 39650381 15 41
14 39650382 14 43
14 39650383 14 44
14 47342753 27 89
14 53100254 21 31
14 70926354 13 57
14 73989171 23 42
14 75376523 8 9
14 86088594 21 67
14 89206788 20 35
14 91681796 24 60
14 94139701 39 37
14 94935942 8 50
15 20876534 5 54
15 23052681 11 133
15 24921754 26 47
15 25436578 121 301
15 25928525 20 31
15 40588498 5 16
15 40708539 6 60
15 40914789 8 42
15 42375496 12 39
15 43821242 67 131
15 45454089 6 43
15 45454090 6 42
15 45782997 16 38
15 48500146 23 54
15 59911080 22 136
15 62989953 40 84
15 63353404 29 38
15 65490069 19 103
15 65495735 8 77
15 72020956 29 128
15 72030342 4 30
15 72459431 12 43
15 74467763 7 42
15 74468480 12 44
15 75498827 5 61
15 75632213 29 45
15 76463419 5 12
15 84506853 18 50
15 86807791 50 78
15 90342782 55 105
16 597758 5 21
16 1502836 4 9
16 4431850 4 26
16 11870214 18 98
16 19058518 86 363
16 20043064 20 82
16 20570715 5 18
16 20673152 6 39
16 23546250 7 18
16 28331720 12 41
16 30133193 3 27
16 30779532 24 56
16 46702913 19 62
16 53191433 11 39
16 61823256 25 46
16 61823266 12 61
16 67321007 10 46
16 68598373 56 94
16 70905965 26 65
16 72993824 9 20
16 81077755 6 28
16 81193307 4 6
16 85112545 6 88
17 1479899 22 30
17 4461724 16 27
17 7224553 18 27
17 7681646 29 39
17 8243540 7 39
17 9676088 18 26
17 15965063 24 86
17 17696911 13 49
17 18023102 48 46
17 26938429 8 11
17 27837968 56 51
17 38928152 19 108
17 38955845 17 113
17 40265610 15 31
17 46628027 23 134
17 54403646 47 21
17 56320340 9 146
17 56811484 11 4
17 56811485 11 3
17 56833374 51 39
17 67522831 6 40
17 73274334 29 240
17 74308964 15 86
17 78321333 66 38
17 78919516 33 50
17 78919517 34 53
18 3215039 35 48
18 5291963 6 55
18 9557371 18 97
18 19996183 28 150
18 29054139 17 63
18 31311980 24 81
18 47101807 17 51
18 50734115 17 61
18 59895603 21 106
18 61323087 31 109
18 72998544 22 41
18 77105508 37 62
18 77659242 5 32
19 110764 58 207
19 855687 43 115
19 1360163 4 52
19 2438167 18 91
19 5587889 5 26
19 5653155 6 46
19 5866709 16 53
19 7811348 18 80
19 8203090 4 35
19 9058106 14 41
19 9226362 14 92
19 11303658 8 47
19 12883636 9 69
19 14037523 25 142
19 14037524 22 142
19 15198407 10 75
19 15654826 11 54
19 15795921 19 40
19 17370465 30 183
19 17628188 31 123
19 17985483 10 44
19 20807376 9 45
19 22846965 3 20
19 23415043 28 131
19 30934665 14 89
19 36207628 30 130
19 36297576 11 45
19 36883943 19 82
19 38572412 4 20
19 40430449 7 10
19 41601665 12 97
19 41601861 5 64
19 43428872 17 42
19 43523192 93 97
19 47241454 39 106
19 47241455 38 103
19 49510575 7 57
19 49867985 13 104
19 52130930 6 7
19 52469189 54 63
19 54297224 9 7
19 59010623 5 9
20 1460494 17 75
20 1551573 23 129
20 2774947 25 28
20 2998506 14 58
20 3005129 31 171
20 3128187 9 39
20 3652111 23 80
20 10030861 10 34
20 18143519 22 60
20 20243646 18 108
20 21687255 12 124
20 23065183 36 88
20 30060796 10 76
20 34021681 15 72
20 34021881 27 37
20 40141507 168 253
20 43042383 6 35
20 43936803 29 89
20 44439731 21 160
20 45188578 4 21
20 45633718 9 61
20 47865792 18 117
20 47989977 12 61
20 57428441 4 5
21 33362482 8 63
21 39580279 10 49
21 45786783 13 20
21 46077965 66 123
21 47361640 5 46
22 18382265 6 13
22 18905833 9 101
22 19502376 73 104
22 23437892 16 34
22 26423240 76 136
22 29611579 26 76
22 31532893 8 26
22 31534276 10 33
22 36587426 16 46
22 36623971 14 63
22 37603702 15 127
22 39966806 25 32
22 40073418 4 16
22 42209358 32 105
22 42537686 5 40
22 42607377 31 190
22 42607378 30 186
22 43272327 26 82
22 50716104 47 139
22 50926457 28 44
22 51160283 3 11
