chromosome_index position alt_count ref_count
1 24484026 3 42
1 224477242 4 76
1 233160989 24 148
2 27462316 3 39
2 77745685 22 78
2 175742790 8 86
3 8809556 3 17
3 112727277 23 120
3 122274901 7 87
3 122418783 14 62
3 195295724 27 55
4 70620398 6 91
4 158142087 4 25
5 140554534 16 509
5 140755505 15 96
6 1390684 5 102
6 76728564 44 56
6 107390628 11 61
6 152751686 15 416
6 160679700 5 73
6 160831831 9 91
7 84644482 11 75
7 152497649 17 145
8 101146122 95 123
8 101154000 18 302
9 35616193 11 104
9 115580031 29 91
9 130162258 13 75
10 87898745 9 222
10 127429728 16 115
11 61976175 14 134
11 62752036 3 34
12 6925422 49 95
12 56489568 16 143
12 57641974 46 105
14 91389482 6 117
15 35274487 7 81
15 101433167 32 100
16 48244898 25 46
16 69724870 38 158
16 72174328 59 517
17 5324728 10 103
17 9460847 21 68
17 10412921 27 188
17 37034383 22 99
17 62230409 9 82
18 6980611 4 57
19 1063563 4 47
19 17780382 9 35
19 53913791 3 20
19 56572808 18 63
19 56572884 22 84
22 21988400 14 85
22 30035169 7 118
22 30197042 30 155
22 32445957 79 282
22 36708237 10 80
