chromosome_index position alt_count ref_count
1 12943173 199 53
1 247582371 31 57
2 1457485 44 51
2 74598821 4 32
2 113940279 16 21
2 162804167 14 330
2 162804168 13 331
3 19975455 21 24
3 32398938 57 68
3 45067846 10 4
3 49897661 30 72
3 58383392 342 453
3 133653633 19 38
3 134968251 158 156
3 135870887 69 73
4 90874302 11 92
4 110885610 270 305
4 145635467 39 39
5 140255345 8 143
5 140481563 64 80
7 30640718 64 187
7 107688432 44 176
7 140110817 101 240
8 143310863 24 42
9 130587537 3 27
9 136523478 39 47
10 50121974 28 4
10 101162452 79 18
10 118385471 18 4
11 811813 13 13
11 124180447 111 134
12 6127849 35 372
12 6127850 35 377
12 29642562 14 19
12 85277817 31 43
12 100048916 94 103
12 100048989 28 32
12 117710274 67 70
13 97600938 10 9
14 101200729 16 14
15 25620883 71 65
15 41191644 24 41
16 67212154 4 23
17 4622686 47 70
17 37186302 33 45
17 71166109 28 47
17 80397582 8 7
18 28576802 90 122
18 70532133 5 25
19 16631381 7 12
19 17449445 15 23
19 36000827 56 132
19 36562564 22 69
19 50397588 12 31
20 13752074 64 172
20 34242958 117 328
20 50407042 17 30
22 35478606 92 127
22 44892880 14 9
22 50886713 9 15
