chromosome_index position alt_count ref_count
1 6272428 7 22
1 44126037 58 224
1 152382164 44 245
1 153935082 19 42
1 160160636 18 186
1 172277938 57 104
1 204948588 7 46
1 205053542 9 2
1 222843570 53 330
2 200298083 8 130
2 207175935 16 92
2 219736425 8 15
5 6663054 83 359
5 156760407 62 208
6 51512917 30 109
7 2472271 5 16
8 10583590 39 95
9 131038206 15 33
9 135765204 38 117
10 121338235 40 168
11 1954967 12 51
11 77412629 53 1027
11 86382866 12 38
12 6647342 35 44
12 14689538 83 162
12 100957349 10 26
12 105521054 27 157
12 133249314 59 235
14 45584120 15 253
17 3831310 17 54
17 57963478 234 1912
17 57963535 193 1616
17 73664619 27 998
17 73838942 11 179
17 73838956 10 185
17 73839577 26 343
17 73840404 11 157
17 73840468 9 94
18 743380 44 81
19 6697369 12 49
19 7704692 37 154
19 51207386 44 184
20 6021664 5 17
20 58519516 15 85
21 31655201 7 48
