chromosome_index	start_position	end_position	major_cn	minor_cn	total_cn
1	1	3354198	1.0	1.0	2.0
1	3354199	17287197	1.0	0.0	1.0
1	17287198	26875391	1.0	0.0	1.0
1	26875392	27057488	1.0	0.0	1.0
1	27057489	28963282	1.0	0.0	1.0
1	28963283	121499999	1.0	1.0	2.0
1	121500000	128899999	1.0	1.0	2.0
1	128900000	144928313	1.0	1.0	2.0
1	144928314	147245416	1.0	1.0	2.0
1	147245417	151324633	1.0	1.0	2.0
1	151324634	151965439	1.0	0.0	1.0
1	151965440	172282363	1.0	1.0	2.0
1	172282364	172349401	1.0	0.0	1.0
1	172349402	195398153	1.0	1.0	2.0
1	195398154	195931448	1.0	0.0	1.0
1	195931449	247247500	1.0	1.0	2.0
1	247247501	249250620	1.0	1.0	2.0
2	11320	56249037	1.0	1.0	2.0
2	56249038	56597499	1.0	0.0	1.0
2	56597500	78139212	1.0	1.0	2.0
2	78139213	78156213	1.0	1.0	2.0
2	78156214	78261415	1.0	1.0	2.0
2	78261416	78497872	1.0	0.0	1.0
2	78497873	90499999	1.0	1.0	2.0
2	90500000	96799999	1.0	1.0	2.0
2	96800000	149826493	1.0	1.0	2.0
2	149826494	149827219	1.0	1.0	2.0
2	149827220	241119971	1.0	1.0	2.0
2	241119972	241313513	1.0	0.0	1.0
2	241313514	242972419	1.0	1.0	2.0
3	100074	60472360	1.0	1.0	2.0
3	60472361	60533408	1.0	0.0	1.0
3	60533409	87899999	1.0	1.0	2.0
3	87900000	93899999	1.0	1.0	2.0
3	93900000	99123437	1.0	1.0	2.0
3	99123438	198022429	1.0	1.0	2.0
4	27500	48199999	1.0	1.0	2.0
4	48200000	52699999	1.0	1.0	2.0
4	52700000	76398455	1.0	1.0	2.0
4	76398456	76398908	1.0	1.0	2.0
4	76398909	176000083	1.0	1.0	2.0
4	176000084	176938278	1.0	0.0	1.0
4	176938279	185630256	1.0	1.0	2.0
4	185630257	185631781	1.0	1.0	2.0
4	185631782	190987500	1.0	1.0	2.0
5	22500	471029	1.0	0.0	1.0
5	471030	46099999	1.0	1.0	2.0
5	50700000	68881348	1.0	0.0	1.0
5	68881349	111270003	1.0	1.0	2.0
5	111270004	111344200	1.0	0.0	1.0
5	111344201	113372497	1.0	1.0	2.0
5	113372498	113503457	1.0	1.0	2.0
5	113503458	113504013	1.0	0.0	1.0
5	113504014	113505204	1.0	1.0	2.0
5	113505205	164238337	1.0	1.0	2.0
5	164238338	164396434	1.0	0.0	1.0
5	164396435	180715810	1.0	1.0	2.0
6	39681	242500	1.0	1.0	2.0
6	242501	347500	1.0	1.0	2.0
6	347501	22413659	1.0	1.0	2.0
6	22413660	22437610	1.0	1.0	2.0
6	22437611	58699999	1.0	1.0	2.0
6	58700000	63299999	1.0	1.0	2.0
6	63300000	137986784	1.0	1.0	2.0
6	137986785	137986941	1.0	1.0	2.0
6	137986942	148291582	1.0	1.0	2.0
6	148291583	148361546	1.0	0.0	1.0
6	148361547	156423045	1.0	1.0	2.0
6	156423046	156431854	1.0	1.0	2.0
6	156431855	156459001	1.0	1.0	2.0
6	156459002	156485181	1.0	0.0	1.0
6	156485182	156490223	1.0	0.0	1.0
6	156490224	157160076	1.0	0.0	1.0
6	157160077	170864573	1.0	1.0	2.0
7	40386	4399049	2.0	1.0	3.0
7	4399050	4508040	2.0	1.0	3.0
7	4508041	57999999	2.0	1.0	3.0
7	58000000	61699999	2.0	1.0	3.0
7	61700000	67775224	2.0	1.0	3.0
7	67775225	67800291	1.0	1.0	2.0
7	67800292	77599706	2.0	1.0	3.0
7	77599707	77616051	2.0	1.0	3.0
7	77616052	110461185	2.0	1.0	3.0
7	110461186	110501403	2.0	2.0	4.0
7	110501404	113845921	2.0	1.0	3.0
7	113845922	113846822	2.0	1.0	3.0
7	113846823	119467134	2.0	1.0	3.0
7	119467135	153222326	1.0	0.0	1.0
7	153222327	158821400	2.0	1.0	3.0
8	10001	158193	1.0	1.0	2.0
8	158194	43099999	1.0	1.0	2.0
8	43100000	48099999	1.0	1.0	2.0
8	48100000	53792482	1.0	1.0	2.0
8	53792483	86790600	1.0	1.0	2.0
8	86790601	87009528	1.0	0.0	1.0
8	87009529	97262626	1.0	1.0	2.0
8	97262627	97264189	1.0	1.0	2.0
8	97264190	146364021	1.0	1.0	2.0
9	47500	221466	1.0	0.0	1.0
9	221467	21969560	1.0	0.0	1.0
9	21969561	21970120	1.0	0.0	1.0
9	21970121	33332150	1.0	0.0	1.0
9	33332151	33332341	1.0	0.0	1.0
9	33332342	37933577	1.0	0.0	1.0
9	37933578	37990650	1.0	1.0	2.0
9	37990651	38005792	1.0	1.0	2.0
9	38005793	39176957	1.0	1.0	2.0
9	39176958	40786842	1.0	1.0	2.0
9	40786843	47299999	1.0	1.0	2.0
9	47300000	50699999	1.0	1.0	2.0
9	50700000	68152499	1.0	1.0	2.0
9	68152500	105111067	1.0	0.0	1.0
9	105111068	105151765	1.0	1.0	2.0
9	105151766	105538254	1.0	0.0	1.0
9	105538255	105569230	1.0	1.0	2.0
9	105569231	120436852	1.0	0.0	1.0
9	120436853	121675044	1.0	1.0	2.0
9	121675045	132811365	2.0	1.0	3.0
9	132811366	140273200	2.0	1.0	3.0
10	94426	37999999	1.0	1.0	2.0
10	38000000	42299999	1.0	1.0	2.0
10	42300000	70976285	1.0	1.0	2.0
10	70976286	71043093	2.0	1.0	3.0
10	71043094	135389924	1.0	1.0	2.0
11	20721	197336	1.0	1.0	2.0
11	197337	2611960	1.0	1.0	2.0
11	2611961	3589667	1.0	0.0	1.0
11	3589668	29448234	1.0	1.0	2.0
11	29448235	29448945	1.0	1.0	2.0
11	29448946	51599999	1.0	1.0	2.0
11	51600000	55699999	1.0	1.0	2.0
11	55700000	84953165	1.0	1.0	2.0
11	84953166	84958735	1.0	1.0	2.0
11	84958736	134452200	1.0	1.0	2.0
12	110107	6038995	1.0	1.0	2.0
12	6038996	6550041	3.0	1.0	4.0
12	6550042	6563867	3.0	1.0	4.0
12	6563868	33299999	1.0	1.0	2.0
12	33300000	38199999	1.0	1.0	2.0
12	38200000	46114516	1.0	1.0	2.0
12	46114517	46140013	1.0	0.0	1.0
12	46140014	123719637	1.0	1.0	2.0
12	123719638	123828616	1.0	0.0	1.0
12	123828617	129631338	1.0	1.0	2.0
12	129631339	131465847	1.0	0.0	1.0
12	131465848	131466442	1.0	0.0	1.0
12	131466443	131467460	1.0	1.0	2.0
12	131467461	132349400	1.0	1.0	2.0
12	132349401	133851894	1.0	1.0	2.0
13	1	16299999	1.0	1.0	2.0
13	16300000	19499999	1.0	1.0	2.0
13	19500000	58447185	1.0	1.0	2.0
13	58447186	58798204	1.0	0.0	1.0
13	58798205	114142800	1.0	1.0	2.0
13	114142801	115169877	1.0	1.0	2.0
14	1	16099999	1.0	1.0	2.0
14	16100000	19099999	1.0	1.0	2.0
14	19100000	20375050	1.0	1.0	2.0
14	20375051	23809847	1.0	1.0	2.0
14	23809848	23810045	1.0	1.0	2.0
14	23810046	24617761	1.0	1.0	2.0
14	24617762	24618411	1.0	1.0	2.0
14	24618412	41788941	1.0	1.0	2.0
14	41788942	42103722	1.0	1.0	2.0
14	42103723	42152090	1.0	0.0	1.0
14	42152091	47009553	1.0	1.0	2.0
14	47009554	47044564	1.0	1.0	2.0
14	47044565	47110036	1.0	0.0	1.0
14	47110037	47534043	1.0	0.0	1.0
14	47534044	96458131	1.0	1.0	2.0
14	96458132	97010100	1.0	0.0	1.0
14	97010101	103342955	1.0	1.0	2.0
14	103342956	103368928	1.0	0.0	1.0
14	103368929	103397601	1.0	1.0	2.0
14	103397602	103542861	1.0	0.0	1.0
14	103542862	103688164	1.0	1.0	2.0
14	103688165	103695355	1.0	1.0	2.0
14	103695356	103737173	1.0	1.0	2.0
14	103737174	103747557	1.0	0.0	1.0
14	103747558	103888203	1.0	1.0	2.0
14	103888204	103918741	2.0	1.0	3.0
14	103918742	103930358	1.0	1.0	2.0
14	103930359	103945625	1.0	1.0	2.0
14	103945626	106368400	1.0	1.0	2.0
15	1	15799999	1.0	1.0	2.0
15	15800000	20699999	1.0	1.0	2.0
15	20700000	54552295	1.0	1.0	2.0
15	54552296	54565861	1.0	0.0	1.0
15	54565862	100338800	1.0	1.0	2.0
15	100338801	102531391	1.0	1.0	2.0
16	84170	31296677	1.0	1.0	2.0
16	31296678	31359019	1.0	0.0	1.0
16	31359020	34599999	1.0	1.0	2.0
16	34600000	38599999	1.0	1.0	2.0
16	38600000	67617200	1.0	1.0	2.0
16	67617201	67745956	1.0	0.0	1.0
16	67745957	78574930	1.0	1.0	2.0
16	78574931	78731031	1.0	0.0	1.0
16	78731032	88827200	1.0	1.0	2.0
16	88827201	90354752	1.0	1.0	2.0
17	7	11833750	1.0	0.0	1.0
17	11833751	12186816	0.0	0.0	0.0
17	12186817	16712499	1.0	0.0	1.0
17	16712500	19834524	1.0	0.0	1.0
17	19834525	22199999	1.0	1.0	2.0
17	25800000	26850646	3.0	1.0	4.0
17	26850647	27421840	2.0	1.0	3.0
17	27421841	30074175	2.0	1.0	3.0
17	30074176	51438448	1.0	1.0	2.0
17	51438449	51760800	1.0	0.0	1.0
17	51760801	61878299	1.0	1.0	2.0
17	61878300	67650173	2.0	1.0	3.0
17	67650174	68112499	1.0	1.0	2.0
17	68112500	77048775	2.0	1.0	3.0
17	77048776	77154355	1.0	1.0	2.0
17	77154356	78774600	2.0	1.0	3.0
17	78774601	81195209	2.0	1.0	3.0
18	27500	15399999	2.0	1.0	3.0
18	15400000	18999999	2.0	1.0	3.0
18	19000000	47004632	2.0	1.0	3.0
18	47004633	48800085	1.0	0.0	1.0
18	48800086	76117000	2.0	1.0	3.0
18	76117001	78077247	2.0	1.0	3.0
19	102500	255095	1.0	1.0	2.0
19	255096	24399999	1.0	1.0	2.0
19	24400000	28599999	1.0	1.0	2.0
19	28600000	59128982	1.0	1.0	2.0
20	24347	25599999	1.0	1.0	2.0
20	25600000	29399999	1.0	1.0	2.0
20	29400000	62432500	1.0	1.0	2.0
21	10900000	14299999	1.0	1.0	2.0
21	14300000	46937500	1.0	1.0	2.0
21	46937501	48129894	1.0	1.0	2.0
22	1	12199999	1.0	1.0	2.0
22	12200000	17899999	1.0	1.0	2.0
22	17900000	24396893	1.0	1.0	2.0
22	24396894	24400361	1.0	1.0	2.0
22	24400362	29065651	1.0	1.0	2.0
22	29065652	29065690	1.0	1.0	2.0
22	29065691	29069711	1.0	1.0	2.0
22	29069712	45059740	1.0	1.0	2.0
22	45059741	45242210	1.0	1.0	2.0
22	45242211	49687500	1.0	1.0	2.0
22	49687501	51304565	1.0	1.0	2.0
