chromosome_index position alt_count ref_count
1 6008212 9 8
1 29606644 13 37
1 50661356 18 50
1 145416444 101 107
1 152275305 39 50
1 152384629 114 164
1 153536282 12 93
1 181767474 14 18
2 21231923 68 138
2 36970275 39 113
2 109527403 3 8
2 166897825 52 47
2 168099117 64 76
2 179457604 230 19
2 183699673 80 15
2 234891868 7 135
3 38408300 83 78
3 38913090 23 32
3 46307271 33 52
3 57144304 99 134
3 142259808 15 122
3 195300788 218 314
4 17625348 27 72
4 85555035 152 130
4 100261759 159 367
4 175897718 176 399
5 14363930 21 256
5 67589294 28 48
5 140167729 20 17
5 175530266 108 389
5 177161898 5 9
5 179545809 4 11
7 2834612 15 129
7 18875586 142 386
7 92987640 46 160
8 25101258 336 417
8 39843102 7 67
9 129455843 11 10
9 140108279 4 29
10 13264117 52 7
10 114710591 36 8
11 6977394 42 24
11 56086673 16 18
11 113813748 72 108
12 8612220 80 108
12 10332173 28 39
12 104383072 3 7
12 111956166 30 56
13 102029333 32 39
15 25326502 86 104
15 25335130 198 226
15 26026195 17 24
15 43527101 53 54
15 45388105 3 55
15 91811774 251 290
16 3788617 32 49
16 15857672 138 265
16 30387490 11 17
16 75669682 40 115
17 43310616 30 3
17 56619252 97 2
17 56620432 10 114
17 57917273 93 5
17 65944274 19 1
18 30092662 27 33
18 44259906 3 5
19 9413138 47 90
19 22154465 26 28
19 39906005 9 6
19 41893433 4 12
19 52723503 18 260
20 3584805 21 64
20 3802916 3 32
20 57415210 3 25
22 31524301 5 8
22 46653137 30 48
22 50832490 43 367
