chromosome_index position alt_count ref_count
1 4772184 32 36
1 20519340 37 71
1 26316072 18 257
1 32196484 45 60
1 36754785 34 73
1 40236016 21 61
1 70257794 90 138
1 74540391 45 289
1 145298346 44 115
1 147091229 8 188
1 157667068 105 40
1 159170783 9 112
1 174668739 95 49
1 179564942 39 243
1 202287591 7 48
1 248264115 15 108
2 54853363 87 189
2 71886126 82 191
2 74642572 74 68
2 97356301 51 64
2 105859807 40 54
2 135922237 9 62
2 167284441 31 69
2 179393524 60 60
2 179666877 8 86
2 209315512 92 179
2 220413895 110 130
2 228883753 5 85
2 233349187 21 37
2 237405936 90 73
2 241066001 11 90
3 47963306 60 66
3 52729962 8 160
3 52821961 42 39
3 119210377 9 92
3 178936091 186 223
3 195452986 36 155
4 39088271 53 74
4 70078422 38 52
4 70460396 6 111
4 114257195 22 43
4 147561601 12 23
4 175897983 33 51
4 187539997 23 48
5 3601318 6 7
5 15500724 19 89
5 66462321 65 74
5 72850765 18 72
5 112175324 89 21
5 139909363 4 68
5 140306725 27 45
5 140616464 20 23
5 140789095 29 83
5 140811853 6 57
5 150518970 9 25
5 154396784 132 32
5 180166778 33 45
6 3154761 31 99
6 28251580 16 21
6 28541340 44 43
6 30231085 34 33
6 32053729 57 66
6 38084509 52 52
6 66204738 12 134
6 73751665 26 90
6 110620206 29 20
6 123869615 17 30
6 129468174 51 51
6 159457603 7 39
7 2302954 15 113
7 4051785 12 71
7 21583057 44 159
7 35922187 21 436
7 38288884 7 58
7 53103906 9 47
7 82583871 129 48
7 93108738 193 68
7 102854482 12 242
7 119914770 21 123
7 120595620 110 46
7 121638027 6 120
7 140373552 16 68
7 142481848 124 44
7 157178556 7 14
8 14095128 37 32
8 17230645 60 48
8 28413478 36 37
8 37821698 54 54
8 59512336 15 69
8 91836998 78 110
8 116599377 15 64
8 132002665 44 80
8 141840618 188 187
8 143781860 18 28
9 16437233 31 66
9 43861100 7 26
9 77257530 49 63
9 87338528 47 62
9 117849414 47 83
9 127262988 22 24
9 128067349 33 30
9 131254995 8 106
9 136536751 34 80
10 97684580 151 204
10 98173028 20 51
10 108338909 24 33
11 680966 11 67
11 4661904 21 41
11 5968845 37 51
11 6587885 18 82
11 30033371 24 56
11 56058207 11 90
11 69972275 32 35
11 71943963 9 69
11 77336829 25 41
11 105795332 6 172
11 108549086 86 131
12 25267754 16 64
12 25398281 69 68
12 31254884 32 28
12 53005034 10 72
12 57861833 40 30
12 97051994 68 210
12 131280571 9 51
13 99093033 23 33
14 20020253 7 13
14 64494482 111 47
14 64522696 9 142
14 70712668 69 40
14 104642274 5 24
14 106829818 64 24
15 27017832 15 164
15 41228851 3 31
15 79585779 48 28
15 97327391 18 14
16 2159320 18 32
16 11219930 33 37
16 30456797 28 46
16 31408715 33 53
16 56926877 65 89
16 67876997 10 21
16 72994053 29 20
16 88594583 32 60
16 89704303 5 115
17 4795999 37 20
17 7578551 26 10
17 33772323 9 65
17 38911258 30 66
17 38975327 44 96
17 58235128 12 129
17 70117650 11 306
18 48252490 15 40
19 756941 14 131
19 6669983 18 23
19 12542367 78 73
19 15302390 28 37
19 38684212 31 26
19 39013703 35 66
19 40382684 42 68
19 44223634 40 33
19 47823752 40 51
19 50391082 54 74
19 53571463 82 86
19 57327776 10 164
19 58118415 16 133
20 1162007 115 50
20 3145689 18 118
20 15918143 84 37
20 25371383 78 95
20 40126199 11 97
20 43933094 12 160
20 44141362 87 43
20 44441958 77 34
20 62421685 36 94
21 33076217 107 39
21 45565588 27 7
21 47412121 11 33
22 22328814 8 108
22 26040600 7 61
22 39388511 30 150
22 43658797 51 37
