chromosome_index position alt_count ref_count
1 9322166 18 9
1 12921147 33 122
1 33956633 24 74
1 40947462 39 46
1 160327968 20 102
1 163043400 32 123
1 190068153 5 36
1 203702418 39 275
1 224415307 8 90
2 39171098 7 223
2 44115732 51 341
2 69642366 34 194
2 70165429 11 57
2 74902498 30 78
2 97866080 153 704
2 128386057 8 32
2 162711484 6 127
2 189898939 19 84
2 198274677 24 196
2 201434702 13 37
2 207656516 37 139
3 140785393 3 11
3 178928079 104 199
3 178936091 69 131
3 183904411 9 125
4 6865167 23 61
4 74124127 21 26
4 122853549 26 10
6 10926595 35 151
6 36564541 42 67
6 36564556 44 75
6 45513000 22 40
6 56044900 7 73
6 57244754 35 231
6 62390919 60 118
6 84574045 52 116
6 86201757 40 110
6 114378677 78 174
6 151671439 14 187
6 168226763 18 20
7 36763911 12 27
7 44612006 52 100
7 48315435 24 92
7 82582602 49 55
8 54866817 17 112
8 64099880 35 228
8 74893669 23 199
8 103231041 28 484
8 109796543 41 278
8 145559756 4 39
8 145678614 59 76
9 18906875 5 28
9 35101259 25 74
9 35562545 32 68
9 36344831 47 146
9 90252867 31 94
9 91660705 74 178
9 106887243 53 76
10 3181215 76 49
10 33502337 27 68
10 33545247 35 78
10 95422824 49 236
10 111985958 5 8
11 10014057 48 93
11 61404918 6 40
11 117263223 40 74
11 120352172 46 88
12 15095600 13 49
12 25254214 32 139
12 41831643 50 81
12 52700002 20 67
12 54917613 26 102
12 57500358 58 117
12 58159202 7 25
12 59271267 56 113
12 96728499 65 288
13 46701847 45 91
14 106237474 35 263
15 44630015 76 125
15 90258281 31 199
16 3432953 62 138
16 18433315 6 70
16 24582488 29 61
17 7578370 37 28
17 48270012 62 94
17 71410870 18 89
18 22018002 11 148
19 6731903 7 24
19 9057075 31 57
19 9064046 49 138
19 11213440 12 68
19 17015133 11 54
19 39409429 27 17
20 33711728 32 140
20 47839853 68 126
22 32631034 55 52
