chromosome_index position alt_count ref_count
1 1403962 4 10
1 1459310 23 42
1 3102831 18 45
1 3703839 9 25
1 4834566 13 30
1 8390482 6 10
1 8390726 12 25
1 8390727 12 24
1 8424188 21 27
1 9086363 5 11
1 9781593 15 24
1 11561683 5 7
1 12317132 18 53
1 12395866 7 32
1 12819278 63 132
1 12820790 23 30
1 12835911 28 57
1 12884698 5 15
1 12908101 24 147
1 12920113 34 81
1 12921134 42 78
1 12942071 59 174
1 12955591 12 44
1 16095026 10 19
1 16913549 58 561
1 17029403 3 34
1 17313756 10 21
1 17313757 10 21
1 17327019 7 21
1 17395661 28 53
1 17405717 12 8
1 17601192 10 28
1 17721516 14 27
1 18152591 12 34
1 18809815 11 30
1 19166180 11 17
1 19981621 3 12
1 21041998 18 26
1 22913057 13 19
1 23208918 20 49
1 23357052 18 27
1 24383871 9 27
1 24447613 27 63
1 24997940 3 20
1 25718524 26 49
1 26669263 49 98
1 27238500 19 31
1 27675582 17 44
1 27675583 17 43
1 27876837 29 77
1 32687996 11 47
1 32742008 15 28
1 33557669 38 81
1 33987079 7 37
1 33999412 6 17
1 34006263 23 48
1 34285433 11 33
1 34330140 17 49
1 34383711 9 17
1 35370148 6 73
1 35579871 9 28
1 36639033 17 44
1 36824418 10 31
1 36824419 10 30
1 39879782 7 12
1 39879783 7 12
1 40770180 5 10
1 42047943 44 92
1 42629141 7 19
1 43296223 4 16
1 45292363 7 18
1 45484294 30 53
1 46871375 31 51
1 47399696 4 21
1 47400191 16 55
1 51702469 8 21
1 53995517 17 39
1 54417827 40 47
1 55144965 32 98
1 55151930 14 23
1 56990009 43 70
1 57140182 11 32
1 57158112 29 48
1 57340694 5 19
1 57417826 39 57
1 59042413 4 10
1 62728770 5 8
1 65147765 14 40
1 65304242 12 35
1 67896057 11 15
1 70639337 6 22
1 75102094 64 119
1 79383369 11 16
1 82372770 19 43
1 89613293 24 70
1 89657134 30 52
1 89845983 23 35
1 90048678 14 50
1 93299188 8 32
1 94054934 8 19
1 95005887 7 25
1 100346219 31 63
1 101198024 8 45
1 101203794 18 34
1 104118060 57 140
1 108023371 3 12
1 108115982 10 28
1 109812050 7 20
1 109838870 14 41
1 110049924 3 6
1 110293384 10 28
1 111060362 24 73
1 111216051 14 45
1 111216052 14 45
1 111825256 20 38
1 111963996 5 60
1 113269326 9 23
1 114424588 11 16
1 114438536 10 24
1 116563386 7 14
1 117311437 14 19
1 117561047 16 32
1 117695778 39 59
1 117699198 9 24
1 118009010 4 27
1 119428029 10 17
1 120437578 17 43
1 120438559 15 41
1 145533856 13 31
1 145558914 23 46
1 145561541 8 23
1 150315916 10 30
1 150599762 64 148
1 150921649 6 31
1 150973774 26 52
1 151536413 11 20
1 152127402 43 101
1 152128064 124 402
1 152129367 35 53
1 152190844 69 184
1 152192070 58 140
1 152279017 93 699
1 152325228 95 154
1 152759937 9 70
1 152975748 23 37
1 153043226 18 49
1 153066247 9 73
1 153314148 18 51
1 154313400 14 54
1 154951312 4 8
1 154987993 10 28
1 155629521 22 56
1 155649280 16 45
1 155707982 17 19
1 156255320 4 40
1 156438781 20 30
1 156616907 10 8
1 156784068 11 10
1 156846345 4 14
1 157512894 8 31
1 157516898 29 59
1 157516962 27 59
1 158299350 16 52
1 158436071 16 44
1 158596004 4 13
1 158615383 10 26
1 159283573 20 42
1 159283647 16 50
1 159409767 16 49
1 159410507 15 31
1 159558334 16 28
1 160105343 15 42
1 160607016 13 31
1 160850994 26 56
1 161018971 41 78
1 166926004 28 64
1 167088631 10 20
1 167095044 7 29
1 167097241 8 15
1 167653186 39 97
1 167805627 17 40
1 167849811 6 19
1 169293674 5 18
1 170955755 12 31
1 170964567 21 45
1 171080088 23 59
1 171254449 33 56
1 171292206 19 28
1 172113760 13 35
1 173579310 20 40
1 173879937 27 31
1 175335154 15 56
1 175372508 18 31
1 176525454 18 57
1 176526064 24 60
1 176679309 8 21
1 177245414 10 25
1 177249597 16 28
1 178269233 5 44
1 179562664 10 27
1 180904915 8 22
1 181701914 15 35
1 181731720 3 16
1 183191315 25 61
1 183542340 30 72
1 185190999 18 53
1 186289548 7 21
1 196459060 16 33
1 196965308 9 40
1 200558366 21 57
1 200945919 8 15
1 201342346 20 32
1 202092643 13 49
1 202097421 25 38
1 202194551 27 77
1 202194552 26 77
1 203140284 17 31
1 204006177 11 26
1 204197984 8 29
1 204197985 9 27
1 205042319 13 37
1 207135698 15 33
1 207300211 18 46
1 207304941 8 18
1 207697204 17 61
1 207787754 19 22
1 208270140 14 29
1 209768386 12 39
1 209803173 12 61
1 209963101 10 21
1 210970886 22 42
1 212273726 9 32
1 212619178 27 41
1 212988570 9 16
1 213032433 6 22
1 214171084 19 60
1 214638125 18 31
1 215368341 33 89
1 215848137 9 26
1 215901416 24 70
1 218536709 21 64
1 222721231 7 21
1 223116238 13 38
1 228444623 21 38
1 228482018 34 102
1 228509797 9 9
1 228521296 6 12
1 228528826 12 15
1 228543875 39 102
1 228548176 3 14
1 228879439 19 55
1 232538176 13 27
1 232650684 36 86
1 234041391 19 48
1 235715364 41 97
1 236750753 11 17
1 237038056 10 24
1 237948142 10 13
1 238053456 5 55
1 240071162 16 38
1 240370306 4 21
1 241797968 16 30
1 243303400 10 28
1 245849766 21 39
1 245927367 13 44
1 247150803 4 13
1 247263904 24 59
1 247655249 27 40
1 247737579 11 18
1 247752561 33 66
1 247921175 6 14
1 248004278 11 36
1 248004389 12 26
1 248031307 5 17
1 248039491 22 52
1 248059772 10 24
1 248085093 18 39
1 248224880 20 44
1 248308796 69 132
1 248525680 39 87
1 248569944 19 47
1 248616912 8 30
1 248636954 18 67
1 248685351 10 29
2 1437231 18 41
2 1488440 12 31
2 1497734 14 28
2 1507821 17 25
2 1921108 24 35
2 3517696 4 42
2 3745017 22 28
2 5832990 6 10
2 7023663 9 21
2 10074080 4 13
2 10187798 9 38
2 12858662 14 22
2 14774291 4 11
2 15615878 7 31
2 18113487 17 34
2 21228375 31 77
2 21229799 13 35
2 21260853 8 84
2 24261955 11 18
2 26677621 24 48
2 27121535 12 28
2 27373123 34 57
2 27479366 16 24
2 27600820 42 95
2 29293903 8 34
2 31361013 3 10
2 31483695 17 53
2 31484448 34 75
2 31489581 12 17
2 31611142 19 31
2 33413778 16 39
2 33442665 7 35
2 37306366 9 31
2 40392026 20 64
2 44145207 12 40
2 44547442 13 63
2 49190457 4 19
2 49190458 4 19
2 49191025 30 87
2 61433994 13 25
2 63401881 14 36
2 70443564 5 42
2 70933545 14 26
2 73677684 7 94
2 74699807 7 24
2 74719847 21 34
2 74782416 14 33
2 75929458 14 31
2 79349131 25 60
2 80101211 8 15
2 80530980 12 35
2 80816591 7 35
2 84777181 14 12
2 86459824 12 24
2 88472616 6 20
2 89416874 33 85
2 97278076 13 48
2 102774214 8 27
2 103095679 9 22
2 103121833 20 54
2 107050751 24 51
2 107423130 6 53
2 108477253 37 73
2 108487605 122 298
2 108921089 23 55
2 110922145 43 89
2 112605306 7 26
2 112638330 10 33
2 113060815 16 39
2 113060816 16 39
2 113765423 23 33
2 119604365 7 16
2 119729084 37 65
2 125530564 7 81
2 128327482 4 9
2 128526533 10 37
2 128747330 15 38
2 130738540 4 11
2 130833030 10 14
2 131984420 14 76
2 133541778 33 43
2 133542514 7 33
2 138330043 10 9
2 138373853 25 72
2 141004700 9 15
2 141079622 10 19
2 141079623 10 19
2 141214110 14 52
2 141739794 8 45
2 149216250 6 5
2 152425853 11 27
2 152500996 20 35
2 152584399 6 21
2 158114708 21 51
2 160734974 15 31
2 162804148 19 32
2 167262975 9 28
2 167304175 14 38
2 168099380 12 28
2 168100033 10 32
2 168108395 13 35
2 170013902 3 18
2 170053428 16 44
2 170070350 8 34
2 170396627 19 28
2 171242752 8 22
2 171319885 8 16
2 171356255 14 35
2 171358347 6 16
2 173339753 10 48
2 175665002 16 20
2 177015087 27 61
2 178372749 9 32
2 179444693 19 42
2 179454367 40 92
2 179459316 12 40
2 179474247 26 47
2 179498578 32 92
2 179595863 24 70
2 179604684 21 44
2 179606035 29 60
2 179610242 6 5
2 179610806 39 72
2 179623779 14 39
2 179736958 14 25
2 182413331 12 16
2 183860527 12 25
2 185801699 8 21
2 185801736 5 17
2 185802587 15 26
2 185802588 15 26
2 186670587 15 36
2 187693226 17 27
2 187693408 15 20
2 188250337 10 28
2 189870115 22 44
2 190044399 8 9
2 196718183 12 17
2 196729521 24 77
2 196750888 14 26
2 196825176 14 60
2 197106901 13 40
2 201521631 14 39
2 202509986 14 31
2 207171039 9 27
2 207171071 14 30
2 207474698 5 14
2 207564929 22 39
2 207823057 44 91
2 207833033 14 26
2 209217491 27 43
2 209358096 8 10
2 211168263 6 21
2 211471566 17 54
2 211523383 9 40
2 214354700 19 48
2 219254614 13 21
2 219257709 13 25
2 219449405 22 66
2 219449406 22 66
2 219507633 11 34
2 219507817 4 6
2 220075546 9 6
2 220088370 11 31
2 220090197 12 44
2 220326623 41 63
2 220396617 15 77
2 220466422 3 9
2 223168971 15 26
2 227660833 17 26
2 227917099 6 19
2 228783512 14 30
2 228882893 43 122
2 228883841 23 54
2 228884581 8 77
2 228886611 7 30
2 229046360 11 33
2 230020576 8 43
2 230231825 13 20
2 231174676 20 47
2 231742769 10 18
2 231775489 12 28
2 233349770 12 28
2 233897480 17 35
2 234627691 14 34
2 234676567 25 43
2 234775381 8 14
2 236949435 12 45
2 238287811 11 36
2 238287818 19 31
2 238462380 6 15
2 239025606 14 28
2 241420407 12 39
2 242196119 11 47
2 242756184 3 13
3 2928874 7 32
3 6903211 5 10
3 7782109 6 20
3 9166500 7 24
3 9874926 9 25
3 13363156 34 67
3 13378304 5 37
3 13378305 6 41
3 13860777 16 50
3 14552716 8 22
3 14724268 24 45
3 15311304 24 90
3 21462669 5 11
3 21606131 15 19
3 24188252 20 32
3 24188303 9 29
3 26751271 4 43
3 33135758 6 5
3 33135759 6 5
3 35763301 5 7
3 35770828 16 27
3 35780847 41 71
3 36570342 9 26
3 36779325 18 49
3 36874102 10 24
3 37574936 6 20
3 38591850 17 63
3 38603922 5 10
3 38764945 13 30
3 39171797 7 28
3 39227330 13 17
3 42244328 3 8
3 42251674 47 145
3 44684075 12 36
3 44700902 13 27
3 45807207 19 46
3 46399791 23 93
3 47045766 29 87
3 48621194 11 30
3 48627035 8 23
3 48627036 9 24
3 49165969 9 23
3 49405915 27 65
3 49691306 49 90
3 50225141 17 22
3 50357092 7 18
3 50385333 22 37
3 50413089 27 37
3 50425041 7 23
3 51352419 3 8
3 51690159 9 38
3 51930900 14 35
3 52470029 16 29
3 52470030 16 28
3 52512495 17 31
3 52512496 16 32
3 52526375 42 117
3 52543933 14 23
3 52549450 11 20
3 52550201 15 19
3 54922011 8 38
3 54952654 12 42
3 56026239 30 71
3 57898130 3 30
3 57898164 10 29
3 58155428 30 71
3 58635048 6 14
3 58635049 6 14
3 65341899 4 12
3 65342514 12 38
3 67054691 35 67
3 71247165 12 37
3 73432568 36 72
3 74349069 10 21
3 74350688 14 46
3 75679964 6 57
3 79067655 6 6
3 88190204 10 15
3 95374099 4 13
3 96706614 37 64
3 97806209 29 69
3 97851676 30 80
3 98531182 9 53
3 99513560 22 25
3 102157434 7 21
3 107097004 23 44
3 108076802 26 59
3 108117559 65 153
3 108172860 10 26
3 108626801 5 13
3 108822736 24 45
3 112534776 5 32
3 113374933 15 52
3 113505171 24 51
3 115571368 14 39
3 119331863 5 8
3 120128378 4 32
3 121137202 7 19
3 121203977 11 40
3 121377122 17 38
3 121613360 34 100
3 121712163 6 15
3 121774305 6 17
3 121838396 11 21
3 121975937 10 25
3 122004063 23 22
3 124053179 25 68
3 128060731 5 21
3 129247835 18 46
3 130285795 18 41
3 130463630 21 44
3 131261425 5 64
3 133099073 5 12
3 133166164 7 18
3 133475829 18 37
3 134339633 11 16
3 138738846 9 24
3 138738847 9 24
3 138739015 13 33
3 140122473 50 82
3 140167451 32 60
3 142051283 11 25
3 147128406 8 24
3 155198913 16 27
3 156009673 11 37
3 161221302 9 11
3 164793768 23 40
3 167031835 34 68
3 167728027 17 32
3 169654229 10 11
3 170078859 22 69
3 170198329 16 16
3 171320999 15 31
3 172835288 23 101
3 174815009 7 64
3 176765313 13 31
3 178543420 23 47
3 178560662 16 32
3 185970933 22 56
3 186953377 6 10
3 189587161 5 22
3 189604200 10 33
3 189604319 11 38
3 192125896 26 74
3 192125907 39 52
3 192635435 11 33
3 192980998 17 32
3 193052812 10 54
3 194379705 27 61
3 194379710 29 63
3 195515632 9 30
3 196387447 19 48
3 196387472 25 39
3 196786855 7 31
4 265741 7 9
4 1807350 11 49
4 2272491 3 14
4 3029657 18 56
4 3319038 19 45
4 3447831 7 16
4 4198967 14 35
4 5564797 25 74
4 10445519 28 52
4 13339601 4 11
4 16510269 20 41
4 20598093 23 49
4 20611720 16 43
4 22749262 32 71
4 25005663 35 62
4 25026467 5 30
4 36093613 16 48
4 36212085 23 56
4 37903721 29 54
4 38051415 25 64
4 40438518 27 66
4 41984092 19 46
4 42145822 7 19
4 42403547 4 5
4 42554524 5 16
4 43032575 19 34
4 46043062 22 45
4 46043257 11 24
4 46099293 23 51
4 46252404 32 50
4 46305590 7 29
4 46312229 14 42
4 47647147 19 47
4 48165750 7 18
4 48591848 26 52
4 48990625 14 34
4 54347919 5 18
4 54347920 5 18
4 54364984 10 39
4 55156679 30 52
4 55561755 9 28
4 55971102 13 36
4 57182680 12 8
4 57796087 23 56
4 68795740 18 52
4 69343346 8 112
4 69403445 42 19
4 69968552 39 118
4 70465076 17 33
4 70823369 18 39
4 71027332 5 31
4 71027333 5 31
4 71068599 8 13
4 71114955 6 18
4 71275634 16 50
4 77272153 23 52
4 77317556 14 34
4 80246907 8 93
4 80328995 9 97
4 81196136 4 20
4 81967524 8 17
4 81974663 21 45
4 82125799 17 220
4 84026158 12 32
4 85564282 37 66
4 85738605 37 113
4 88534125 5 20
4 88766411 8 31
4 90170226 20 36
4 91229625 24 45
4 95220771 9 34
4 96761781 19 35
4 100126031 9 25
4 100131343 19 33
4 100349656 19 71
4 100349741 19 53
4 100474956 11 38
4 102816550 10 37
4 104510829 15 25
4 104579457 9 28
4 106600675 3 29
4 106863468 5 18
4 107037521 9 13
4 111430879 19 48
4 114452405 4 21
4 114823868 24 42
4 115856387 21 34
4 118005641 39 45
4 119610601 11 28
4 119951129 19 76
4 121958004 33 64
4 123270623 6 19
4 123333838 27 51
4 126370206 27 54
4 126412521 22 50
4 126412789 11 28
4 134071175 3 16
4 134073446 5 53
4 134084392 34 78
4 138453062 22 51
4 140811324 36 38
4 141483426 20 37
4 144922401 17 58
4 145567905 20 44
4 146436040 14 35
4 146436041 14 35
4 146807170 9 27
4 146823396 10 11
4 151504800 18 43
4 151773741 15 29
4 152609882 11 64
4 153784866 7 15
4 154709584 21 36
4 155161929 13 32
4 165961476 15 28
4 165961648 10 38
4 165962658 13 16
4 166916277 17 50
4 166964560 23 56
4 166996050 18 37
4 167656203 13 31
4 168155154 15 31
4 169341477 4 15
4 169837075 7 25
4 169837076 7 25
4 175897533 16 58
4 177605038 9 32
4 183676005 13 38
4 183713575 12 36
4 183714004 7 25
4 186544533 36 69
4 186548137 20 40
4 187000075 11 14
4 187178388 11 40
4 187455635 11 24
4 187534328 10 46
4 189012810 36 73
4 189012911 43 101
4 189063528 12 38
4 189064826 7 9
4 189068251 7 71
5 231076 8 30
5 5462134 16 48
5 7743801 38 86
5 13692194 10 25
5 13700796 25 68
5 13719074 5 41
5 13735347 18 44
5 13753599 35 73
5 13901398 14 27
5 13911575 15 23
5 15936638 7 32
5 16067851 4 14
5 16781920 20 38
5 19520855 17 49
5 21975459 22 65
5 23521244 19 41
5 31313514 22 60
5 32789436 13 22
5 32789530 19 57
5 35014136 43 53
5 35753848 20 75
5 35776376 17 35
5 35875648 20 33
5 35876541 15 28
5 35910488 25 45
5 35910531 20 42
5 35910605 6 32
5 36039583 21 38
5 37392170 13 44
5 40843500 6 13
5 40945466 10 17
5 41039627 4 16
5 41201694 15 28
5 41382454 16 50
5 52233309 17 65
5 54420789 35 89
5 54948412 7 14
5 58270854 4 17
5 63256531 25 72
5 64020067 4 5
5 64020068 5 6
5 64748590 16 31
5 64748591 16 31
5 64920825 9 13
5 64920826 9 13
5 65322146 5 27
5 66396331 22 48
5 68665385 8 11
5 71493779 20 45
5 72469103 30 84
5 74130379 13 21
5 77656544 4 8
5 77656545 4 8
5 78329173 18 57
5 79026439 22 50
5 79028553 7 15
5 79616671 16 16
5 80643675 58 108
5 82817900 23 40
5 82940249 21 28
5 82948473 19 58
5 89949435 10 9
5 89968483 8 42
5 90041415 12 16
5 90086755 17 54
5 90124841 22 43
5 93077230 7 11
5 95730707 14 44
5 101606397 5 18
5 101834439 65 125
5 108171410 22 25
5 110819877 20 38
5 111540131 26 69
5 115327912 27 63
5 121758766 6 23
5 122359490 9 30
5 127474366 18 61
5 127623021 32 74
5 127681271 14 30
5 127727720 10 33
5 127782261 16 48
5 128351643 13 46
5 128862081 21 44
5 128864297 11 37
5 131598380 8 15
5 132085103 13 28
5 134246052 12 35
5 134785044 4 9
5 135692686 17 27
5 136315018 15 76
5 137219277 7 15
5 137721997 40 88
5 139245143 13 41
5 140175465 12 25
5 140175466 24 12
5 140181294 18 38
5 140186720 15 29
5 140215883 24 56
5 140230043 21 46
5 140230326 35 85
5 140249295 11 23
5 140249988 65 93
5 140262626 21 53
5 140308991 9 13
5 140347885 30 49
5 140348599 31 50
5 140348797 5 42
5 140389490 18 47
5 140389723 4 9
5 140433321 17 48
5 140557822 10 102
5 140558075 22 129
5 140574400 35 72
5 140719074 25 60
5 140741694 14 30
5 140751630 12 41
5 140763331 8 16
5 140768463 16 26
5 140768860 29 74
5 140772786 27 39
5 140772877 24 50
5 140774775 10 17
5 140788612 17 35
5 140801882 8 14
5 140810959 23 58
5 141511385 24 78
5 142779366 8 92
5 146798113 36 76
5 147516546 26 71
5 147653910 52 97
5 148521522 11 21
5 149263075 5 14
5 149301218 13 31
5 149449817 7 32
5 149748370 14 31
5 150075238 18 55
5 153855311 5 10
5 154287276 31 71
5 154393935 32 91
5 154394185 25 51
5 154395309 28 57
5 156479438 60 169
5 156479463 79 201
5 156514221 18 31
5 156514283 9 21
5 156590548 20 37
5 156593039 17 70
5 156667082 10 23
5 156964930 17 40
5 156964931 17 42
5 159398889 8 39
5 159680569 15 34
5 160115096 9 23
5 160973337 5 17
5 167419958 12 28
5 167622193 5 19
5 167674899 21 89
5 168189576 20 69
5 169127112 35 66
5 169533104 5 5
5 176306935 4 4
5 176522656 4 11
5 176885144 16 40
5 177059601 6 24
5 177421270 10 25
5 177474217 7 15
5 178140566 24 44
5 180472518 15 35
5 180475041 10 13
5 180475042 10 12
5 180475043 10 12
6 348787 9 98
6 2685534 21 103
6 7403054 12 34
6 7572086 33 124
6 8064535 4 19
6 10874994 16 78
6 13644892 31 63
6 17831379 15 58
6 18225819 7 21
6 24533863 10 97
6 24533864 10 98
6 24547266 6 21
6 25727142 19 46
6 25926022 29 132
6 26092840 5 32
6 26123935 48 138
6 27419374 15 66
6 27799003 14 41
6 27925866 14 102
6 28056913 13 45
6 28056914 13 45
6 28268830 20 60
6 28501806 18 74
6 28540086 4 14
6 28542993 36 80
6 29054687 11 63
6 29231793 50 56
6 29430126 47 111
6 29523823 25 46
6 29797370 27 80
6 30553755 7 16
6 31105808 10 31
6 31637631 11 47
6 31686823 7 30
6 31696809 7 71
6 31733448 4 7
6 31734482 18 47
6 31736932 7 51
6 31765775 18 60
6 31842262 9 20
6 31842263 9 21
6 31895523 62 195
6 31912780 39 112
6 31929390 21 75
6 31964244 8 52
6 31996982 24 70
6 32017219 31 77
6 32025946 6 54
6 32036175 11 28
6 32036176 11 28
6 32036415 22 59
6 32049966 5 24
6 32165268 7 29
6 32709214 5 17
6 33142328 4 13
6 33366062 19 74
6 33632713 17 43
6 35423815 4 14
6 35763531 18 56
6 35764998 9 32
6 36259140 11 36
6 36454804 30 113
6 37626190 17 81
6 37626191 18 76
6 38793939 8 15
6 38831820 4 21
6 38885077 8 37
6 38919263 76 244
6 41011428 15 63
6 41126790 3 16
6 41160555 19 79
6 41309650 19 33
6 41318553 10 42
6 41705498 4 28
6 42236064 15 52
6 42236689 21 53
6 42237398 6 16
6 42650793 9 50
6 43222389 13 36
6 46793128 8 36
6 46800897 17 61
6 46851988 13 63
6 47674990 20 48
6 49582423 38 51
6 49754034 31 120
6 49936450 3 12
6 49976957 9 26
6 50811126 3 15
6 52142360 21 56
6 54173406 18 56
6 54805238 25 66
6 54806249 4 27
6 54806378 10 38
6 55113615 19 92
6 55128527 8 27
6 55128600 6 35
6 55266614 11 56
6 55924020 6 21
6 56006596 10 40
6 57055263 22 82
6 57190805 7 19
6 57512638 24 227
6 69728355 14 25
6 70034833 19 41
6 70040395 13 19
6 70042871 7 12
6 70964887 31 70
6 71191733 18 45
6 72947585 5 21
6 73919780 6 15
6 75799838 23 73
6 75799839 23 75
6 76023067 35 97
6 76024866 13 27
6 76660650 18 38
6 76712689 5 14
6 83075412 29 33
6 83602719 11 25
6 83602720 11 24
6 84765070 15 38
6 84798839 15 37
6 88854756 6 26
6 90438751 18 36
6 90604253 30 65
6 100369011 26 49
6 100838252 21 49
6 102337658 27 66
6 102376420 5 24
6 107391296 29 46
6 107420469 10 37
6 107420470 10 37
6 108489336 5 6
6 110300726 47 103
6 112508745 5 24
6 114378937 38 87
6 116441870 6 19
6 116784547 25 81
6 117114042 15 28
6 117631272 32 75
6 117725550 23 33
6 119522457 23 52
6 122733535 21 25
6 123384967 3 8
6 125584041 16 32
6 125584042 16 32
6 128151059 11 22
6 128330341 17 46
6 128403756 9 24
6 130762527 8 50
6 131211548 10 54
6 133014179 10 28
6 138628454 35 63
6 138628455 35 64
6 143095019 15 65
6 146625893 7 26
6 150005673 5 40
6 151130349 24 43
6 152457912 19 51
6 152774676 27 71
6 152804348 15 54
6 152826491 16 44
6 158502221 17 56
6 158510887 9 23
6 159192395 14 38
6 159653636 7 15
6 160169232 7 20
6 160461613 19 46
6 160905238 17 34
6 160968873 17 51
6 161139379 34 68
6 161552029 7 9
6 163483346 6 33
6 166575972 14 23
6 167595301 17 29
6 167595337 18 21
6 168479792 5 10
7 2415067 20 61
7 2740110 13 41
7 2946341 29 39
7 2969682 8 38
7 4798813 34 85
7 5340088 12 34
7 5340281 10 26
7 6189540 8 14
7 6205227 13 37
7 6210830 34 55
7 6505869 14 38
7 7410406 21 39
7 8153628 4 42
7 11446623 4 17
7 21726796 5 9
7 21781709 16 39
7 21856257 9 21
7 26412152 16 49
7 30795426 29 68
7 30922584 35 89
7 31123845 5 20
7 31735115 25 70
7 31746868 6 20
7 31829796 17 45
7 34851465 32 62
7 34888276 20 49
7 38393411 20 28
7 42977147 17 13
7 43447294 11 31
7 43594246 9 18
7 44190560 13 31
7 44578823 28 89
7 44609441 18 23
7 45113947 11 20
7 45725722 18 62
7 47947753 19 21
7 48280529 10 20
7 48452135 21 38
7 48634332 16 45
7 53103730 8 18
7 54617553 7 14
7 55219001 13 45
7 57188024 14 22
7 57528745 5 9
7 63529305 4 14
7 64643450 6 29
7 65547373 4 12
7 66301743 4 11
7 72400552 34 135
7 73280224 17 76
7 75612954 15 94
7 76922473 32 131
7 81589103 7 34
7 81641519 14 56
7 82451790 58 42
7 82544610 10 49
7 82544905 19 78
7 82578803 26 137
7 82582764 37 44
7 82583475 35 35
7 82585272 19 80
7 82586102 13 49
7 83036537 6 42
7 83689841 60 187
7 84629132 9 73
7 86394321 4 18
7 86394322 4 18
7 86416134 8 27
7 86479733 17 59
7 86537837 8 61
7 86541510 51 177
7 87069591 18 82
7 87150166 19 62
7 87170679 13 41
7 87179797 7 67
7 87214993 15 32
7 87760586 5 28
7 88956682 15 78
7 88963275 12 46
7 88963839 7 48
7 88965077 28 115
7 89753496 4 23
7 90528654 6 26
7 91632296 15 61
7 92020506 19 73
7 92763729 14 71
7 92838117 19 83
7 93065306 8 35
7 93065398 6 42
7 94054481 5 56
7 94055344 25 79
7 94913450 12 51
7 95115375 11 48
7 97362030 56 39
7 98513496 16 48
7 98530944 4 43
7 99377637 14 68
7 99564903 14 13
7 99569470 14 92
7 99655488 11 43
7 99798975 16 72
7 99799516 77 54
7 99950693 6 29
7 99950694 6 29
7 99997230 27 135
7 100176360 11 68
7 100228562 14 50
7 100229776 18 123
7 100488870 13 34
7 100488871 12 36
7 100549628 26 148
7 100549629 26 147
7 100551882 27 429
7 100676149 70 388
7 100678868 68 390
7 100679850 231 193
7 100680753 64 250
7 100681847 53 367
7 100685496 40 110
7 102004857 5 11
7 103206818 14 87
7 103214583 35 106
7 105098305 25 81
7 105641949 26 87
7 107692693 9 64
7 110763183 38 31
7 111368526 8 42
7 111368527 9 42
7 111535738 29 128
7 113519079 43 208
7 113519244 9 77
7 114619810 13 60
7 116963034 13 51
7 117232400 9 31
7 117232512 6 25
7 120446664 13 75
7 120591176 20 77
7 120780893 10 58
7 121766471 37 193
7 122111485 6 53
7 122261654 14 55
7 123593757 8 44
7 126173045 14 57
7 126883314 7 29
7 129663468 8 153
7 129946648 17 64
7 130080781 23 101
7 131172434 15 68
7 131831307 53 232
7 131864663 16 10
7 132174155 11 47
7 132192556 16 70
7 132193164 18 67
7 134216674 23 116
7 134221844 4 52
7 134256405 30 111
7 136587940 20 83
7 136699661 13 56
7 136699928 29 127
7 136700126 24 116
7 136700269 9 27
7 137028334 9 35
7 137206622 47 53
7 138391325 9 30
7 138394392 16 217
7 138579268 12 70
7 138602254 13 79
7 138603075 32 111
7 139611041 14 112
7 139661933 8 34
7 140453136 29 26
7 140453137 29 26
7 141418986 67 63
7 141427209 29 137
7 141464222 37 217
7 141536960 16 63
7 141630006 43 51
7 141672965 7 54
7 141722151 22 101
7 141726990 17 103
7 141750588 11 50
7 141765164 5 13
7 141802440 5 20
7 141803141 5 25
7 141951970 7 20
7 142045568 32 297
7 142197840 7 46
7 142224272 10 47
7 142251103 19 98
7 142334683 24 77
7 142460886 21 82
7 142481784 18 88
7 142481790 19 91
7 142498826 26 124
7 142569706 23 94
7 142573548 21 118
7 142622597 11 30
7 142651377 21 81
7 142881102 5 75
7 143018575 15 85
7 143018576 14 85
7 143096484 9 38
7 143096485 9 39
7 143175323 13 61
7 143270292 7 56
7 143453526 52 111
7 143453552 15 123
7 143632825 10 71
7 143632826 10 72
7 143633000 18 58
7 143657589 22 67
7 143701836 13 96
7 143747587 20 91
7 143792475 24 124
7 143807140 18 80
7 143827066 48 232
7 144060387 53 518
7 144062344 14 132
7 146997332 12 78
7 148700830 8 16
7 148702320 36 158
7 148702321 36 162
7 149129254 64 41
7 149476194 13 11
7 149493570 19 103
7 149503039 6 25
7 149558220 5 29
7 149981892 4 36
7 150034602 4 34
7 150171314 12 88
7 150269582 16 56
7 150327166 37 157
7 150417327 11 46
7 150417427 14 56
7 150440011 15 81
7 150499405 8 32
7 150500750 33 92
7 150556099 5 12
7 150647150 12 5
7 150648693 20 87
7 150704279 23 138
7 150905187 6 57
7 150905188 6 57
7 151257651 10 87
7 154659772 4 12
7 156447377 15 69
7 156447378 15 70
7 156754902 33 215
7 156798316 9 9
7 158672588 9 71
8 2048785 9 30
8 2057224 12 28
8 2857622 17 39
8 2965300 13 28
8 2967783 8 14
8 3008918 3 7
8 3224743 3 10
8 4495064 8 19
8 6735432 5 14
8 6914085 21 50
8 7308698 8 38
8 10383168 12 16
8 10383169 12 17
8 10465322 49 95
8 10756067 17 27
8 11282004 13 26
8 11282140 7 13
8 11407739 9 37
8 11831554 29 97
8 14412436 15 25
8 15508292 29 80
8 15517053 24 53
8 16001079 13 45
8 16021742 11 18
8 16021743 11 18
8 17163357 14 37
8 17573282 36 81
8 21823813 3 8
8 21965391 5 11
8 23225526 17 37
8 25890654 16 43
8 27099193 11 16
8 27888871 14 31
8 27967945 5 52
8 30699864 27 73
8 35406992 7 16
8 35541076 5 20
8 38122402 5 17
8 38187043 21 62
8 38205207 16 40
8 38677312 17 59
8 39131868 12 31
8 41557027 30 62
8 42234514 7 24
8 42586882 11 13
8 42939945 17 44
8 53038667 15 46
8 53085133 9 16
8 53536325 8 23
8 57354009 5 74
8 57354361 19 49
8 59412710 8 21
8 65509186 8 23
8 67753265 10 34
8 68346383 22 38
8 68658292 7 41
8 68950469 9 28
8 69020490 16 32
8 75227284 23 63
8 76459906 11 35
8 77616345 8 13
8 77616757 8 19
8 77617473 19 28
8 77766655 23 40
8 77895944 23 53
8 87229946 24 69
8 92346597 18 22
8 93003921 21 74
8 93003922 20 73
8 93023292 16 28
8 93026936 11 29
8 98289103 15 47
8 99129289 6 38
8 105026781 14 39
8 105507325 19 65
8 106456570 5 15
8 106813274 23 41
8 106814398 7 19
8 107752653 19 40
8 107782019 26 84
8 108348392 11 31
8 109796341 4 8
8 110302163 3 14
8 110457775 9 19
8 110986309 4 22
8 113518934 17 39
8 116616559 22 47
8 118184954 17 55
8 119634134 5 7
8 119936909 16 26
8 120118112 12 21
8 124663854 22 47
8 131792841 26 45
8 131792884 17 54
8 133192479 15 47
8 133906035 18 42
8 139158287 5 44
8 139207541 22 34
8 139611078 10 33
8 142161855 18 71
8 143747409 6 21
8 143999020 15 28
8 144332265 22 46
9 116721 6 25
9 3898775 8 10
9 6012763 11 10
9 14720328 17 28
9 14720372 12 18
9 14842461 29 36
9 14859469 21 40
9 18777765 9 9
9 22823363 5 6
9 27218798 12 17
9 27950650 7 8
9 32631127 35 52
9 32632409 30 49
9 35107762 13 24
9 36091288 16 30
9 38396033 29 38
9 38396837 12 21
9 39149952 14 10
9 69201585 28 16
9 72879268 17 18
9 73240410 13 17
9 74764515 6 4
9 75406811 34 45
9 77376979 20 10
9 77473654 6 10
9 79117759 22 13
9 79910705 26 10
9 93636963 46 49
9 95772632 4 14
9 96021452 8 6
9 100090404 19 29
9 100689752 24 31
9 100919774 18 17
9 105767518 14 18
9 107266598 22 24
9 108510368 11 16
9 112225602 19 28
9 113509950 26 37
9 114206668 10 7
9 116811058 6 10
9 117568329 9 9
9 119976819 11 22
9 125289062 10 14
9 125562682 26 24
9 125611986 13 5
9 125681995 14 34
9 126133185 5 22
9 130507199 31 33
9 133759358 23 32
9 135203189 28 53
9 136256560 48 43
9 139329222 8 5
9 139563060 29 30
9 139874417 43 43
9 139945722 12 12
9 140777318 28 103
9 140870376 6 4
10 7614336 8 19
10 12238172 11 15
10 12238173 11 15
10 12940405 4 13
10 13040431 9 48
10 13222577 17 89
10 15255633 19 40
10 15573100 23 43
10 15689047 10 35
10 16949577 6 35
10 18276565 18 54
10 20436809 11 35
10 20465927 21 38
10 20506385 10 17
10 24834980 29 38
10 26455108 18 52
10 26500921 4 7
10 27499923 24 69
10 28260243 8 16
10 29776239 7 17
10 30317745 18 55
10 31138451 27 81
10 31809607 17 29
10 35484113 16 38
10 35928906 4 15
10 37430854 20 37
10 38120818 27 53
10 38121140 30 54
10 38241797 5 78
10 38343932 19 51
10 38344833 12 31
10 43600550 4 20
10 45467279 12 31
10 45799272 19 28
10 45941037 16 49
10 45941260 6 10
10 45953699 7 23
10 47087470 18 177
10 48390454 23 41
10 48438716 5 20
10 49430457 19 46
10 49763576 10 26
10 50311712 7 16
10 50860047 7 26
10 50916685 16 34
10 50943215 9 22
10 51769586 15 91
10 52066987 7 27
10 55582220 7 7
10 61829716 12 26
10 61830330 13 45
10 61832883 16 51
10 61833091 31 60
10 61835251 21 49
10 61835477 12 44
10 62023696 15 17
10 64430040 34 126
10 68040237 17 43
10 69366766 15 44
10 69797902 9 37
10 70248375 4 14
10 70406692 12 31
10 72307181 17 23
10 75157012 5 10
10 75157013 5 9
10 81056494 4 13
10 81056495 4 13
10 81192345 12 29
10 82098253 15 26
10 82098315 9 25
10 84745020 31 60
10 84745329 16 45
10 85982302 7 19
10 89475601 11 23
10 90122432 16 33
10 90524290 4 37
10 90573004 4 13
10 91528611 15 32
10 94669312 15 26
10 94715471 12 28
10 95141052 19 41
10 95372698 9 21
10 96234490 29 44
10 96541737 9 57
10 99376116 7 22
10 101372310 29 75
10 101507112 14 42
10 102049808 17 44
10 103345226 15 35
10 104173681 8 26
10 105037899 9 9
10 105218494 5 30
10 105362791 29 47
10 106907552 5 13
10 107023105 9 28
10 114057835 20 42
10 115985945 8 16
10 117853267 12 48
10 118704464 27 48
10 118960695 60 93
10 118960696 59 95
10 119799942 12 27
10 123324084 28 23
10 123843837 13 53
10 123970429 36 86
10 123970430 34 86
10 124152732 8 19
10 124214318 18 53
10 124352109 22 193
10 124361472 66 53
10 124361473 67 53
10 125539719 42 57
10 134161487 45 107
11 792410 30 82
11 1023648 4 15
11 1215376 9 25
11 1271018 39 69
11 1272116 6 17
11 2606472 20 49
11 3022357 23 63
11 3846260 20 50
11 4471058 21 46
11 4608559 20 39
11 4790616 19 46
11 4825002 19 29
11 4825094 24 53
11 4903798 8 31
11 4903909 7 30
11 4929119 19 44
11 4929336 30 76
11 5020696 14 88
11 5080387 11 14
11 5080769 14 28
11 5142719 15 45
11 5142720 15 45
11 5173150 13 34
11 5248231 11 24
11 5345020 21 31
11 5411379 15 28
11 5443851 32 76
11 5475091 33 75
11 5510283 32 61
11 5510418 42 90
11 5878131 37 90
11 5969216 27 60
11 6647463 7 7
11 6647849 28 56
11 6898459 22 34
11 7064875 22 50
11 7817653 20 48
11 7847467 13 32
11 7981841 23 70
11 7984800 10 25
11 9834138 24 67
11 9867118 6 40
11 10580802 17 28
11 10582313 28 66
11 14276153 5 26
11 14276154 4 26
11 17414552 8 45
11 17542903 21 79
11 18195094 18 45
11 18955452 18 61
11 18956355 41 131
11 19252353 19 28
11 20385721 4 55
11 20530067 6 6
11 20530068 6 6
11 20660008 24 49
11 26581354 20 29
11 26586873 14 41
11 27390483 15 30
11 30033388 16 34
11 30921939 3 12
11 32610214 30 63
11 33565829 25 55
11 34991704 14 29
11 35453946 20 42
11 45246443 8 19
11 45950216 19 31
11 46406905 12 18
11 47333280 7 36
11 47436342 47 95
11 48266730 22 43
11 48266732 21 42
11 48266949 25 52
11 48510771 17 45
11 48511134 20 87
11 49974353 14 39
11 49974628 27 56
11 55038139 7 22
11 55371621 10 48
11 55540939 10 72
11 55563504 16 57
11 55579578 18 64
11 55890334 31 79
11 55890465 37 89
11 55927066 10 35
11 56114089 17 42
11 56127831 35 62
11 56949357 7 18
11 57310500 4 9
11 57886786 10 27
11 57947230 18 42
11 58170010 21 50
11 58715388 12 35
11 59131951 14 36
11 59132609 35 70
11 59189538 21 32
11 59210680 14 43
11 59271052 4 17
11 59837073 26 61
11 60184067 17 28
11 60557982 7 29
11 61511118 15 22
11 62288667 47 101
11 62298413 66 106
11 62375237 19 39
11 62519526 10 36
11 62574968 10 18
11 62951205 36 82
11 63174088 16 47
11 63320472 19 36
11 64054277 32 92
11 64082305 22 32
11 64112086 6 7
11 64112087 7 8
11 64361170 7 25
11 64522302 13 11
11 64597356 5 32
11 64679690 19 57
11 64854410 5 10
11 65294315 12 19
11 65481133 10 34
11 66321598 9 26
11 67219869 4 15
11 69462901 14 28
11 69588143 21 32
11 70332098 24 57
11 70332481 24 56
11 73071451 39 81
11 73103396 7 27
11 73388894 14 51
11 75439964 27 56
11 76858912 6 10
11 85445649 24 45
11 85623705 11 179
11 85685776 12 31
11 85685777 12 31
11 86048439 36 76
11 88583225 6 32
11 92085992 27 55
11 92534874 7 39
11 92616244 30 50
11 92616245 29 51
11 93212429 6 5
11 93839223 13 21
11 94554722 8 14
11 99715862 7 25
11 101344457 22 45
11 101347073 12 28
11 102712950 12 29
11 102712951 12 30
11 103797782 8 26
11 105774707 11 37
11 108382492 16 46
11 108383740 41 65
11 111779526 18 44
11 113264331 15 13
11 113264332 16 13
11 113287689 6 11
11 113775635 10 29
11 113775641 11 29
11 114168748 21 42
11 114168838 9 35
11 114400953 13 22
11 114453639 32 75
11 116703556 23 34
11 117387228 17 33
11 119031618 11 26
11 119059432 21 33
11 119206817 11 40
11 121023587 5 51
11 121058644 18 41
11 121429325 38 68
11 121498354 9 59
11 123524612 7 13
11 123756103 7 24
11 123811000 42 105
11 123811232 15 58
11 123813580 10 74
11 123848160 8 11
11 123886697 21 124
11 123901230 24 56
11 124120643 25 43
11 124179743 18 29
11 124179872 13 36
11 124190007 21 44
11 124252961 13 45
11 124252962 13 44
11 124266439 20 54
11 124266440 21 53
11 130278753 34 59
11 132205065 9 15
11 132290122 10 26
11 133714411 23 44
11 133715324 9 22
11 133715374 6 9
11 133791102 22 27
11 133795696 5 17
11 134229022 34 97
12 344317 12 41
12 344375 10 22
12 2786954 12 19
12 2797873 14 22
12 4881615 18 39
12 5672705 4 55
12 6058285 11 23
12 6058286 11 23
12 6924052 17 32
12 7177206 23 50
12 7354848 10 38
12 7639347 27 68
12 7639540 25 47
12 7867913 6 18
12 8687200 10 16
12 10959514 10 33
12 11420741 32 144
12 13828684 11 37
12 13906490 14 43
12 14613781 20 63
12 18747451 9 19
12 20790059 10 25
12 21011428 9 31
12 21175843 12 30
12 21353449 9 31
12 21422553 17 41
12 21487551 15 48
12 24736407 11 14
12 25311443 5 25
12 25311484 5 22
12 32136924 19 14
12 32481041 12 34
12 33003895 5 34
12 33532798 20 58
12 33579239 20 59
12 40076750 9 19
12 43945634 18 28
12 46591736 20 30
12 48104501 13 24
12 48135438 8 13
12 48375748 6 10
12 48919962 14 29
12 49251927 16 33
12 49420471 10 25
12 49485085 20 32
12 50232662 12 33
12 50867941 37 56
12 51318904 19 50
12 51856237 10 34
12 52100441 4 15
12 52884403 49 105
12 52886683 11 44
12 52979706 42 62
12 52994823 21 73
12 53002094 24 29
12 53517951 6 29
12 53819634 11 33
12 54422700 16 38
12 54798490 21 54
12 54974740 41 92
12 55715093 30 51
12 55726375 14 32
12 55759496 17 62
12 55759752 19 42
12 55846307 29 79
12 55863806 10 27
12 56031605 8 18
12 56075782 6 14
12 56522494 6 38
12 56667508 19 48
12 56811965 50 153
12 57850392 16 41
12 57865254 15 41
12 57926800 5 15
12 58002327 16 25
12 63195625 11 23
12 63543830 37 85
12 65134401 5 31
12 66641917 9 46
12 70004343 9 26
12 70913974 4 6
12 70928658 9 22
12 70988398 10 35
12 71286745 14 43
12 72092901 8 22
12 75444951 15 45
12 78583818 9 23
12 80714341 4 9
12 80752071 5 12
12 80752072 5 11
12 81624865 8 27
12 82796895 23 40
12 85515476 12 35
12 85521720 5 74
12 86199517 6 49
12 86373557 8 40
12 94965469 28 53
12 96104339 15 31
12 97051785 30 28
12 97136260 11 21
12 97137828 3 12
12 97957599 14 31
12 100377919 17 21
12 101381317 88 191
12 101472981 17 39
12 101581272 12 27
12 101581281 17 23
12 102811714 36 78
12 104077062 9 30
12 104142843 11 26
12 109294321 15 20
12 109945437 29 61
12 110874424 21 48
12 111758081 6 9
12 112227679 9 31
12 112477094 8 34
12 112642350 5 16
12 113400544 29 54
12 113744364 9 20
12 114386754 30 59
12 117696881 14 29
12 117914273 3 8
12 117962781 18 20
12 118198891 32 79
12 118577321 15 43
12 124315140 7 32
12 124317670 4 5
12 125435063 8 19
12 126139066 9 14
12 126139069 6 16
12 130855912 17 21
12 131593416 8 7
13 20277397 10 37
13 20978259 26 56
13 23911444 10 33
13 24515510 23 55
13 25262597 66 180
13 27643394 9 25
13 29600251 14 25
13 29600664 11 22
13 31495730 6 26
13 31729746 7 95
13 32863871 5 21
13 38166268 15 34
13 38266139 8 39
13 38266140 8 39
13 39264059 18 29
13 47409542 6 26
13 52742192 4 17
13 52952533 10 122
13 53313253 9 9
13 58208032 9 25
13 58298910 15 30
13 58299167 21 39
13 67801350 18 51
13 70371095 15 41
13 75861143 9 51
13 86368316 28 65
13 86369011 15 31
13 92345629 16 41
13 95858979 37 92
13 96293961 20 25
13 96294014 5 13
13 97639472 14 39
13 101759960 18 40
13 101760077 6 23
13 106119432 16 58
13 108861798 19 34
13 110804695 20 64
13 110826262 12 20
13 110829232 16 35
13 114156078 18 54
13 114303733 3 15
14 19553553 35 777
14 20215645 24 105
14 20216106 8 75
14 20344906 60 191
14 20389096 38 159
14 20404743 12 50
14 20612077 45 92
14 21490239 19 36
14 21544735 31 97
14 21882465 10 9
14 22337487 31 31
14 22447256 28 34
14 22509329 5 7
14 22616360 8 19
14 23900138 20 65
14 24470268 17 76
14 24771456 56 123
14 26918082 21 71
14 36840835 5 15
14 36943020 8 8
14 38678751 13 24
14 38724166 18 32
14 44975345 15 31
14 54417137 3 28
14 60213031 16 22
14 60582090 24 44
14 60587921 13 36
14 60976549 9 17
14 65210124 13 25
14 73425441 21 58
14 74061959 9 29
14 74970038 4 11
14 75182747 36 67
14 76437996 9 18
14 77745139 15 20
14 77795469 17 30
14 77893973 7 26
14 80668616 4 4
14 81610453 24 65
14 88478231 3 8
14 92088086 26 67
14 92251698 33 64
14 92268694 24 43
14 94084541 17 29
14 94718098 10 34
14 95034508 26 78
14 95108117 28 77
14 95670788 9 27
14 96707028 37 90
14 99183536 20 32
14 99641819 5 23
14 99876513 10 39
14 100331902 5 55
14 101450212 24 60
14 101493511 6 106
14 101498354 16 66
14 101520688 48 67
14 101526986 15 35
14 102674959 15 28
14 102676017 18 39
14 103372159 6 10
14 104206557 8 46
14 105411213 65 128
14 105414781 88 198
14 106066519 12 46
14 106110225 37 116
14 106691904 38 88
14 107131213 35 35
15 22332666 11 25
15 23932277 11 13
15 24923711 20 64
15 25326484 59 152
15 25474193 51 121
15 30034955 14 39
15 31822980 17 43
15 34648217 4 24
15 34649302 16 17
15 34656211 26 70
15 37184614 44 141
15 39893055 7 32
15 40285047 9 20
15 40675135 20 49
15 40675136 20 49
15 41859629 13 62
15 41865596 30 111
15 42002918 6 11
15 42436661 11 22
15 42439370 8 17
15 42579922 12 30
15 42651944 13 32
15 43398227 5 4
15 43498753 39 61
15 43817650 10 21
15 43893730 12 32
15 44898280 15 17
15 44912549 15 32
15 45431338 8 14
15 45431339 8 13
15 48818363 16 42
15 49860483 8 20
15 51778399 12 44
15 52476822 18 40
15 53994342 27 50
15 54306958 12 37
15 54916139 17 33
15 57815837 10 27
15 58974478 12 17
15 65347555 3 20
15 65490750 46 83
15 65555647 5 16
15 65667553 4 26
15 66618203 18 59
15 69327728 4 18
15 69327729 4 18
15 74654164 24 51
15 74836554 8 42
15 75045535 5 18
15 75122558 17 34
15 75586262 8 36
15 75981601 14 17
15 76074660 16 36
15 77406916 7 18
15 78461403 11 21
15 79063576 7 12
15 81241251 33 74
15 81440735 16 44
15 84651207 15 52
15 85401214 3 12
15 85401215 3 12
15 88669545 18 21
15 88678460 33 58
15 89398649 31 42
15 89762226 19 31
15 90270391 21 47
15 90347521 28 45
15 90892261 28 35
15 90903597 21 39
15 91578385 5 6
15 94882638 20 57
15 100331823 10 30
15 101041962 16 20
15 101567503 13 40
16 112888 19 33
16 737570 9 22
16 1962146 6 15
16 2812310 13 30
16 3074192 4 5
16 3828113 28 70
16 5128006 13 45
16 7759055 9 36
16 8839925 18 33
16 9916161 19 50
16 10031836 10 20
16 10032235 23 41
16 15166902 4 55
16 17211757 14 33
16 18866019 20 39
16 19492695 25 39
16 19548034 14 24
16 20043063 12 57
16 20043751 18 42
16 20448682 6 12
16 21133445 20 31
16 21210161 17 19
16 22579890 13 89
16 23712401 23 42
16 24581045 25 57
16 29842281 10 16
16 29997004 4 7
16 30522203 16 26
16 30616097 8 14
16 31102522 14 19
16 31418987 22 22
16 31539850 17 34
16 46764558 39 53
16 48221166 23 39
16 49670615 12 12
16 55846875 19 23
16 57009031 22 17
16 57144808 42 35
16 57786721 4 9
16 66426177 25 30
16 66949984 10 12
16 67035328 6 29
16 70190389 16 18
16 70916634 12 26
16 71007806 22 71
16 71602164 13 8
16 72829686 26 21
16 77401419 3 29
16 79245598 16 21
16 80583473 13 10
16 80583511 4 30
16 80718816 12 31
17 1538098 22 52
17 1704001 25 82
17 2291186 7 16
17 2867222 10 23
17 2996153 36 79
17 2996248 27 54
17 3119681 28 54
17 3181393 28 52
17 3445906 10 33
17 3552187 19 41
17 4210328 11 19
17 4352582 31 60
17 4804984 8 7
17 5353568 30 78
17 5436302 10 16
17 6331722 16 45
17 6690166 11 39
17 7228637 11 25
17 7228638 11 25
17 7239906 5 9
17 7340223 12 18
17 7350228 13 21
17 7400212 13 19
17 7592114 15 54
17 7630559 16 42
17 7674136 28 94
17 8141541 11 23
17 9683224 6 14
17 9729537 5 11
17 9792920 10 28
17 10295210 27 61
17 10304066 17 41
17 10357101 29 116
17 10358088 24 49
17 10408747 13 45
17 10428788 12 42
17 10432379 21 36
17 10533673 23 57
17 11583164 12 39
17 11592966 35 82
17 11593049 27 47
17 11603117 10 32
17 11648360 18 32
17 11666773 20 47
17 11757562 35 70
17 11827204 22 53
17 12847411 10 19
17 14110390 19 55
17 15604494 7 143
17 15638665 11 40
17 16075194 7 18
17 16456277 26 57
17 16722679 14 21
17 17772792 6 26
17 18023042 26 52
17 18397694 5 33
17 19459197 5 16
17 20013840 5 19
17 21731092 42 47
17 26864146 14 49
17 28525458 11 30
17 29553474 18 35
17 31260227 18 26
17 32962022 15 21
17 32964359 27 58
17 33510472 12 22
17 33592345 23 34
17 33772564 17 49
17 34191788 14 39
17 35468536 17 50
17 35736097 13 20
17 36499292 16 35
17 36912198 19 29
17 37186478 31 41
17 38816459 14 38
17 38854813 16 51
17 38928325 40 72
17 38956016 23 67
17 39525767 25 43
17 39535984 9 24
17 39595021 30 68
17 39659300 79 146
17 39777845 17 46
17 40328240 36 62
17 40765938 29 63
17 40874825 13 49
17 40914447 31 64
17 40936555 13 12
17 42018896 13 33
17 42476529 30 49
17 42931995 11 40
17 42931996 11 38
17 43907553 11 28
17 46030301 4 30
17 47076471 5 24
17 47247024 17 39
17 47247025 17 39
17 48650200 4 42
17 49233114 16 50
17 51902233 21 53
17 53007535 12 52
17 54558150 18 84
17 56403695 21 32
17 56679874 14 43
17 58134441 14 32
17 59668106 49 75
17 60042576 22 50
17 60821742 13 77
17 61621669 9 21
17 61901526 32 55
17 61957956 21 44
17 61994717 20 47
17 61995475 50 127
17 62080971 16 40
17 65908991 6 19
17 66914321 10 22
17 66915470 12 43
17 72368123 16 20
17 72608799 19 39
17 73752626 31 57
17 74287238 14 41
17 74623307 9 18
17 74625336 35 86
17 74934147 20 52
17 75202848 15 43
17 76490729 34 78
17 78063594 12 35
17 78185909 5 17
17 78867649 14 66
17 79287642 18 30
17 79287665 23 32
17 79650906 12 9
17 80008632 10 34
17 80788227 22 34
17 80992916 12 54
17 80992917 12 54
18 580754 18 28
18 3272902 20 49
18 5415976 17 42
18 5969478 12 31
18 6243331 39 80
18 14763875 6 6
18 14850309 5 10
18 19153569 16 55
18 19997585 19 61
18 22804770 9 24
18 22804771 9 23
18 22807616 13 28
18 28671005 11 19
18 28898178 4 9
18 28956808 6 10
18 28968386 8 34
18 28972252 6 17
18 31322983 9 19
18 31323102 18 29
18 31325301 46 108
18 31326590 13 25
18 34854301 7 79
18 40554087 4 13
18 42532783 13 35
18 43316537 17 43
18 43447706 11 24
18 43619972 31 62
18 44272197 19 44
18 47463690 27 43
18 52265242 6 42
18 52546597 17 47
18 52575062 5 29
18 53018228 22 31
18 54814990 8 9
18 56246724 27 42
18 57013154 22 41
18 59895575 29 47
18 59947653 18 40
18 61306534 26 29
18 61328412 27 98
18 70209310 6 6
18 76752141 7 10
18 76754623 8 38
18 76756910 7 12
18 77895955 24 39
19 1031121 20 59
19 1073716 6 5
19 1430258 13 13
19 1578212 4 12
19 3207802 8 9
19 3207803 8 9
19 3425127 3 14
19 3743989 21 41
19 6183238 23 37
19 6890538 4 12
19 6937610 31 66
19 7117232 17 45
19 7676863 9 17
19 7807894 16 22
19 7830827 11 78
19 7965685 8 38
19 8122783 26 64
19 8167741 11 26
19 8203092 9 10
19 8321544 14 58
19 8808018 13 41
19 8808774 11 13
19 9000462 20 50
19 9046321 14 23
19 9050085 90 155
19 9057317 8 26
19 9058855 15 40
19 9061788 11 32
19 9063550 4 27
19 9066360 25 99
19 9069895 25 56
19 9072343 9 18
19 9074963 14 67
19 9076150 44 65
19 9492036 10 33
19 9577889 42 62
19 9578570 21 49
19 9578690 23 53
19 9639839 25 71
19 10247918 3 7
19 10600472 4 12
19 11565362 9 19
19 12244412 45 77
19 12430136 8 132
19 12692182 13 32
19 13049538 5 13
19 13423513 10 26
19 14001258 12 20
19 15224675 38 86
19 15536357 15 16
19 15769601 28 94
19 15795991 18 40
19 16032953 11 38
19 16875863 15 30
19 17316139 12 29
19 17691591 24 31
19 18277071 9 48
19 18672904 5 16
19 18975031 18 45
19 19258558 14 18
19 19258559 14 18
19 19656296 10 11
19 19680375 40 119
19 19766141 12 29
19 20188906 9 34
19 20228946 10 14
19 22155201 16 42
19 22155693 13 34
19 22271135 13 22
19 22363284 24 49
19 22363466 13 53
19 22364136 18 58
19 22784266 5 8
19 22940113 21 30
19 23159296 11 30
19 23329023 5 13
19 23543827 20 50
19 31048117 20 63
19 31767736 17 35
19 31768171 39 87
19 31768186 33 73
19 31768187 33 72
19 32844299 20 39
19 33355584 41 69
19 34869895 18 56
19 35514137 85 176
19 35719375 15 26
19 35996844 33 84
19 36227863 3 19
19 36518156 4 24
19 36884537 32 61
19 37618643 30 52
19 37677134 10 97
19 37879562 12 31
19 37903784 21 55
19 38028259 7 16
19 38689076 39 79
19 38795571 5 11
19 38937194 14 42
19 39025368 4 14
19 39600746 23 52
19 39914819 21 50
19 40221929 28 56
19 40581500 38 108
19 40711191 4 20
19 40883774 14 26
19 41117879 9 11
19 41117880 9 11
19 41704467 26 48
19 41932665 7 17
19 42265227 58 125
19 42341256 19 34
19 42509887 6 17
19 42729920 19 33
19 42795344 6 8
19 42796893 17 34
19 42933054 58 117
19 43259363 8 190
19 43519492 24 93
19 43922048 24 81
19 43922049 25 81
19 44224001 9 27
19 44377115 7 11
19 44536661 26 75
19 44585203 27 86
19 44590111 5 16
19 44635341 15 32
19 44936440 25 48
19 45322057 21 52
19 45570826 7 19
19 45570827 7 19
19 45976340 4 11
19 46094088 13 31
19 46120028 7 18
19 46205162 5 25
19 46387714 9 14
19 46387715 9 13
19 46733394 37 57
19 46973509 29 75
19 46998331 22 56
19 47124764 11 46
19 47124918 4 36
19 47935629 21 32
19 48248811 28 70
19 48343226 24 47
19 48734984 18 39
19 48789585 32 62
19 49055496 7 15
19 49248962 19 60
19 49442897 16 40
19 49973651 8 23
19 50096654 8 10
19 50096655 8 10
19 50100028 5 11
19 50462129 5 37
19 51446782 5 19
19 51647870 18 40
19 51743011 7 19
19 51770777 17 52
19 51918691 5 59
19 51919293 8 11
19 51994994 27 47
19 52004963 9 7
19 52091150 7 16
19 52497401 30 55
19 52941094 7 16
19 53013965 26 53
19 53454822 19 31
19 53472790 4 15
19 53669087 22 56
19 53740440 12 22
19 54135323 29 61
19 54567037 28 55
19 54745620 6 35
19 54848884 8 14
19 55019106 44 84
19 55143633 44 69
19 55346569 46 129
19 55378284 7 19
19 55401098 84 171
19 55494104 4 18
19 55526065 6 11
19 55995120 14 42
19 56363507 22 54
19 56369635 24 46
19 56370376 17 27
19 56538553 6 11
19 56552386 23 64
19 57036372 27 59
19 57176349 7 22
19 57327928 4 37
19 58084984 10 26
19 58579659 27 59
19 58724484 14 42
19 59060583 29 74
20 372134 10 10
20 1460549 19 33
20 1559100 31 112
20 2375140 9 15
20 2376049 30 64
20 2559849 5 22
20 2644839 4 18
20 3211864 15 61
20 4163095 22 39
20 6758963 19 33
20 9360725 9 23
20 9561157 15 40
20 9624898 17 43
20 10623213 8 28
20 10623214 8 27
20 10625588 44 122
20 13847488 10 37
20 15866443 15 48
20 17462533 8 19
20 17462534 8 20
20 17597384 17 37
20 19565691 18 25
20 19698204 14 199
20 20246061 43 109
20 20246062 43 109
20 20278914 13 25
20 23345245 12 25
20 23421091 19 61
20 29632699 17 491
20 30053405 14 36
20 30371701 16 34
20 30584954 10 18
20 30784221 12 31
20 31829197 40 109
20 33328330 8 22
20 33570288 14 26
20 35547797 14 49
20 36789861 13 46
20 39729954 10 30
20 39832006 15 33
20 40770625 14 108
20 42355031 19 40
20 43850391 9 80
20 44330762 3 17
20 44352665 24 67
20 44538258 21 87
20 44589153 11 57
20 44589154 11 58
20 44684873 16 37
20 45130023 25 71
20 45130160 24 106
20 47648682 17 79
20 48098528 18 84
20 48164438 38 151
20 50406908 17 35
20 50408700 34 82
20 51870073 7 15
20 54575822 13 66
20 54579054 20 58
20 54579055 20 54
20 55027982 21 55
20 55206274 13 63
20 55212868 23 72
20 56137772 8 39
20 57767735 7 9
20 58533658 15 54
20 58562531 6 22
20 61039954 16 35
20 61143823 35 117
20 61907993 6 26
20 62321537 5 32
20 62871242 32 65
21 10951266 9 58
21 10951399 10 72
21 11029673 13 102
21 15317364 7 14
21 27062232 31 60
21 27938637 9 19
21 30433595 17 33
21 31654709 20 81
21 31869239 42 75
21 32410651 25 81
21 34860611 16 31
21 35247788 12 46
21 35469436 6 49
21 37618876 8 39
21 37618877 9 39
21 39087326 15 46
21 39426919 13 50
21 39580542 44 119
21 41416186 8 23
21 41725513 16 39
21 44841618 12 22
21 45389103 7 41
21 45798946 19 34
21 45855087 12 27
21 46131452 3 7
21 47821514 22 44
22 16279248 21 326
22 16449718 16 179
22 17119563 13 32
22 17280779 38 63
22 17688027 21 55
22 17688095 16 56
22 18226647 18 45
22 18364015 21 43
22 19126741 6 13
22 20759862 4 9
22 21133820 4 26
22 22039181 9 22
22 22869402 21 63
22 23482442 12 22
22 23915751 11 34
22 23974206 9 29
22 25023413 13 39
22 25158440 24 45
22 26388407 8 25
22 26422656 5 19
22 26688975 10 27
22 30953288 15 24
22 31333869 17 34
22 31654282 14 36
22 32480551 11 46
22 32754255 18 59
22 33402537 16 54
22 33402538 16 54
22 33700319 22 62
22 37329878 3 6
22 37962660 17 32
22 39909591 10 39
22 40068272 60 110
22 41573477 14 26
22 41791966 9 22
22 43687092 7 20
22 46641110 19 29
22 46656837 25 32
22 46759061 17 48
22 46768795 9 21
22 46859700 5 17
22 50278029 14 47
22 50278030 14 47
