chromosome_index position alt_count ref_count
1 55518062 4 30
1 158644146 70 251
1 197411309 142 461
1 205275383 50 129
1 237167534 4 26
2 99232913 203 705
2 219532832 31 105
3 10188240 75 169
3 47037324 20 67
3 112300127 9 35
3 185643314 71 57
5 137848455 68 90
5 138210719 16 45
6 64436568 33 122
6 108093542 23 75
7 33055308 103 275
7 157018150 184 570
8 29994916 5 24
8 63831061 288 873
8 110471954 84 214
9 90387883 61 200
9 139701460 3 30
11 7063767 10 230
11 65480531 12 25
11 68181311 4 19
11 134244955 3 15
12 56748290 25 89
12 57345981 35 56
12 133197854 3 32
14 81259370 50 214
15 33873834 16 153
15 52844224 168 478
16 532561 7 10
16 3283545 10 144
16 58564211 62 199
16 89724745 18 53
17 60813347 27 82
18 74962847 4 31
19 43690641 5 32
19 55142960 6 51
22 50885797 3 20
