chromosome_index	start_position	end_position	major_cn	minor_cn	total_cn
1	61735	249224388	1	1	2
2	12784	141596368	1	1	2
2	141602361	142227973	0	0	0
2	142228111	142362444	1	0	1
2	142363473	234597448	1	1	2
2	234597566	237708487	2	1	3
2	237711458	243089456	1	1	2
3	60345	116109204	1	1	2
3	116111430	116327439	1	0	1
3	116327831	117015831	0	0	0
3	117023557	197896118	1	1	2
4	12281	115151249	1	1	2
4	115152803	115482878	1	0	1
4	115485731	191027923	1	1	2
5	15532	4647464	2	1	3
5	4648002	180790320	1	1	2
6	149661	152822158	2	0	2
6	152826222	171051005	1	0	1
7	43259	159127004	4	0	4
8	31254	59606559	1	1	2
8	59609825	146298155	2	1	3
9	46587	47217176	1	0	1
9	65616971	82309285	1	1	2
9	82310860	82841172	2	1	3
9	82841784	141091394	1	1	2
10	72759	135506704	1	0	1
11	198572	16620261	1	0	1
11	16623556	134944770	1	1	2
12	150442	133778189	1	1	2
13	19026949	30706962	1	0	1
13	30707436	30760420	65	5	70
13	30761027	30855551	2	0	2
13	30856249	30939334	66	0	66
13	30940510	31009887	30	2	32
13	31010344	60940906	1	0	1
13	60944561	61008008	65	16	81
13	61010483	72780127	1	0	1
13	72781016	72830273	63	11	74
13	72830659	73264752	1	0	1
13	73265007	73329399	13	4	17
13	73335021	74588523	1	0	1
13	74590494	74620238	69	0	69
13	74621910	75078999	1	0	1
13	75080508	75172484	63	0	63
13	75175467	113905158	1	0	1
13	113907391	113916989	48	18	66
13	113917008	113998454	28	10	38
13	113999419	115108397	1	0	1
14	19002124	107285437	1	0	1
15	20016328	57206677	1	1	2
15	57207771	57541058	1	0	1
15	57544622	102469040	1	1	2
16	60777	79014759	1	1	2
16	79015103	79249477	1	0	1
16	79249521	90287535	1	1	2
17	526	81049726	2	0	2
18	48133	78015057	1	0	1
19	90910	59097854	1	1	2
20	61305	62956153	2	1	3
21	10736871	48096957	1	1	2
22	16052528	51234455	1	1	2
