chromosome_index position alt_count ref_count
1 17982535 12 15
1 32742302 12 15
1 41098846 19 20
1 67635217 102 5
1 149858815 72 76
1 151958603 71 286
1 152186053 68 58
1 184764034 22 38
1 211748727 49 166
1 235324683 15 59
2 166152454 65 52
3 128204763 7 136
3 138023764 17 50
4 26685350 76 18
4 39864689 46 58
4 42119673 29 41
4 119689345 68 13
4 166254530 84 4
5 109202637 66 17
5 118176639 171 14
5 136974658 10 2
6 43266022 17 19
6 50796376 73 105
6 51609274 28 63
6 117609902 76 89
6 123126231 11 29
6 154428742 12 103
7 47440029 22 66
7 73474233 216 249
7 106786812 113 123
8 77767858 50 144
8 110467029 56 158
8 145748740 4 22
9 37512576 23 15
9 116175849 8 39
10 74684149 3 48
10 102737980 9 13
11 10826524 6 109
11 30953328 45 9
11 48347313 45 418
11 60165424 120 135
12 4919815 19 23
12 20766614 27 37
12 56115089 8 7
12 56755521 26 33
12 75892906 4 16
12 109841786 45 66
13 37016315 12 103
14 20781865 63 69
14 31637616 143 22
14 67390979 11 86
16 2334368 20 29
16 51173646 39 50
16 88782406 6 18
17 7577120 70 18
17 61949915 79 6
18 6978265 44 64
18 56985777 52 51
19 9090622 37 104
19 15730474 66 73
19 19905658 77 75
19 50157992 18 19
19 52381666 40 46
20 37400486 11 12
21 47545207 17 4
21 47783642 23 6
22 30640840 57 237
