chromosome_index	start_position	end_position	major_cn	minor_cn	total_cn
1	56401	834197	2.0	1.0	3.0
1	834198	12898165	2.0	1.0	3.0
1	12898166	54336807	2.0	1.0	3.0
1	54336808	54567037	2.0	2.0	4.0
1	54567038	79399225	2.0	1.0	3.0
1	79399226	79465117	2.0	2.0	4.0
1	79465118	83349902	2.0	1.0	3.0
1	83349903	121499999	2.0	1.0	3.0
1	121500000	128899999	2.0	1.0	3.0
1	128900000	143517938	2.0	1.0	3.0
1	143517939	154911521	2.0	1.0	3.0
1	154911522	154974497	2.0	1.0	3.0
1	154974498	187604066	2.0	1.0	3.0
1	187604067	200744756	2.0	0.0	2.0
1	200744757	247247500	2.0	1.0	3.0
1	247247501	249250620	2.0	1.0	3.0
2	42669	90499999	2.0	1.0	3.0
2	90500000	96799999	2.0	1.0	3.0
2	96800000	137330209	2.0	1.0	3.0
2	137330210	137414786	2.0	2.0	4.0
2	137414787	160770625	2.0	1.0	3.0
2	160770626	160858676	4.0	1.0	5.0
2	160858677	201567320	2.0	1.0	3.0
2	201567321	201771729	2.0	2.0	4.0
2	201771730	211145830	2.0	1.0	3.0
2	211145831	211162575	2.0	0.0	2.0
2	211162576	217749288	2.0	1.0	3.0
2	217749289	217835871	2.0	2.0	4.0
2	217835872	238120421	2.0	1.0	3.0
2	238120422	238120633	2.0	1.0	3.0
2	238120634	242901000	2.0	1.0	3.0
3	62226	19488006	2.0	1.0	3.0
3	19488007	19489361	2.0	1.0	3.0
3	19489362	19598187	2.0	1.0	3.0
3	19598188	49111331	2.0	0.0	2.0
3	49111332	49567731	4.0	0.0	4.0
3	49567732	65581223	2.0	0.0	2.0
3	65581224	65657641	4.0	0.0	4.0
3	65657642	79248659	2.0	0.0	2.0
3	79248660	79249177	2.0	0.0	2.0
3	79249178	84984750	2.0	0.0	2.0
3	84984751	87899999	2.0	1.0	3.0
3	87900000	93899999	2.0	1.0	3.0
3	93900000	128824370	2.0	1.0	3.0
3	128824371	129039543	2.0	1.0	3.0
3	129039544	144088931	2.0	1.0	3.0
3	144088932	144088952	2.0	1.0	3.0
3	144088953	176036139	2.0	1.0	3.0
3	176036140	176050873	2.0	1.0	3.0
3	176050874	198022429	2.0	1.0	3.0
4	42606	9107310	2.0	2.0	4.0
4	9107311	28335002	2.0	1.0	3.0
4	28335003	28978556	2.0	2.0	4.0
4	28978557	30730047	3.0	2.0	5.0
4	30730048	48199999	2.0	2.0	4.0
4	48200000	52699999	2.0	2.0	4.0
4	52700000	85856790	2.0	2.0	4.0
4	85856791	85946827	2.0	2.0	4.0
4	85946828	144902355	2.0	2.0	4.0
4	144902356	144904298	2.0	2.0	4.0
4	144904299	147015442	2.0	2.0	4.0
4	147015443	148727282	4.0	2.0	6.0
4	148727283	190900637	2.0	2.0	4.0
5	22500	341687	4.0	2.0	6.0
5	341688	855090	6.0	2.0	8.0
5	855091	1115659	6.0	2.0	8.0
5	1115660	1296281	4.0	2.0	6.0
5	1296282	1308282	2.0	0.0	2.0
5	1308283	1308317	2.0	0.0	2.0
5	1308318	1308985	2.0	0.0	2.0
5	1308986	1887726	2.0	0.0	2.0
5	1887727	3349632	2.0	2.0	4.0
5	3349633	3989459	2.0	0.0	2.0
5	3989460	4108128	2.0	2.0	4.0
5	4108129	17015416	2.0	0.0	2.0
5	17015417	17059246	2.0	2.0	4.0
5	17059247	17062523	2.0	2.0	4.0
5	17062524	17063094	2.0	2.0	4.0
5	17063095	17063134	2.0	2.0	4.0
5	17063135	17063434	2.0	2.0	4.0
5	17063435	17063790	2.0	2.0	4.0
5	17063791	17069807	2.0	2.0	4.0
5	17069808	17395520	2.0	2.0	4.0
5	17395521	17400646	2.0	2.0	4.0
5	17400647	17400870	2.0	2.0	4.0
5	17400871	17401011	2.0	2.0	4.0
5	17401012	17401278	2.0	2.0	4.0
5	17401279	17404952	1.0	0.0	1.0
5	17404953	17405186	1.0	0.0	1.0
5	17405187	17405465	1.0	0.0	1.0
5	17405466	17405795	1.0	0.0	1.0
5	17405796	17406074	1.0	0.0	1.0
5	17406075	17406205	2.0	2.0	4.0
5	17406206	17593601	2.0	2.0	4.0
5	17593602	19529993	2.0	0.0	2.0
5	19529994	20746152	2.0	2.0	4.0
5	20746153	20750216	2.0	2.0	4.0
5	20750217	20898425	2.0	0.0	2.0
5	20898426	23822711	4.0	2.0	6.0
5	23822712	25582626	2.0	2.0	4.0
5	25582627	25598578	2.0	2.0	4.0
5	25598579	25612500	2.0	0.0	2.0
5	25612501	25916369	2.0	0.0	2.0
5	25916370	26033431	2.0	2.0	4.0
5	26033432	26044213	2.0	2.0	4.0
5	26044214	26044837	2.0	2.0	4.0
5	26044838	26044861	2.0	2.0	4.0
5	26044862	27326224	2.0	2.0	4.0
5	27326225	27709411	2.0	0.0	2.0
5	27709412	28425689	2.0	2.0	4.0
5	28425690	29342509	2.0	0.0	2.0
5	29342510	29375753	2.0	2.0	4.0
5	29375754	30050162	3.0	2.0	5.0
5	30050163	30292015	2.0	2.0	4.0
5	30292016	31336333	4.0	2.0	6.0
5	31336334	31464200	2.0	0.0	2.0
5	31464201	31464217	2.0	0.0	2.0
5	31464218	31464629	2.0	0.0	2.0
5	31464630	31464641	2.0	0.0	2.0
5	31464642	46099999	2.0	2.0	4.0
5	50700000	96683501	2.0	0.0	2.0
5	96683502	96708118	4.0	0.0	4.0
5	96708119	172934637	2.0	0.0	2.0
5	172934638	172994282	4.0	0.0	4.0
5	172994283	180663035	2.0	0.0	2.0
6	39681	249589	4.0	2.0	6.0
6	249590	370002	3.0	2.0	5.0
6	370003	4051283	4.0	2.0	6.0
6	4051284	4195934	4.0	2.0	6.0
6	4195935	32287783	4.0	2.0	6.0
6	32287784	32542096	4.0	2.0	6.0
6	32542097	55945764	4.0	2.0	6.0
6	55945765	58699999	2.0	2.0	4.0
6	58700000	63299999	2.0	2.0	4.0
6	63300000	80120015	2.0	2.0	4.0
6	80120016	170905977	2.0	0.0	2.0
7	40908	57999999	3.0	1.0	4.0
7	58000000	61699999	3.0	1.0	4.0
7	61700000	70128381	3.0	1.0	4.0
7	70128382	70272646	3.0	0.0	3.0
7	70272647	76757499	3.0	1.0	4.0
7	76757500	118544467	3.0	1.0	4.0
7	118544468	118994355	3.0	1.0	4.0
7	118994356	129537630	3.0	1.0	4.0
7	129537631	129688552	6.0	1.0	7.0
7	129688553	158821400	3.0	1.0	4.0
8	10001	170011	2.0	1.0	3.0
8	170012	12505391	2.0	1.0	3.0
8	12505392	43099999	2.0	1.0	3.0
8	43100000	48099999	2.0	1.0	3.0
8	48100000	146281187	2.0	1.0	3.0
9	47500	201209	2.0	0.0	2.0
9	201210	10218203	2.0	0.0	2.0
9	10218204	10268470	3.0	0.0	3.0
9	10268471	21038302	2.0	0.0	2.0
9	21038303	21111578	2.0	0.0	2.0
9	21111579	44237392	2.0	0.0	2.0
9	44237393	47299999	1.0	0.0	1.0
9	47300000	50699999	1.0	0.0	1.0
9	50700000	65564319	1.0	0.0	1.0
9	65564320	69002447	2.0	0.0	2.0
9	69002448	123079141	2.0	0.0	2.0
9	123079142	123210644	4.0	0.0	4.0
9	123210645	133752378	2.0	0.0	2.0
9	133752379	133952900	2.0	1.0	3.0
9	133952901	135283833	2.0	0.0	2.0
9	135283834	135374059	2.0	1.0	3.0
9	135374060	135375560	2.0	1.0	3.0
9	135375561	135447605	2.0	1.0	3.0
9	135447606	140273200	2.0	0.0	2.0
10	102500	28847857	2.0	1.0	3.0
10	28847858	29416234	4.0	1.0	5.0
10	29416235	37999999	2.0	1.0	3.0
10	38000000	42299999	2.0	1.0	3.0
10	42300000	98148385	2.0	1.0	3.0
10	98148386	102043497	4.0	1.0	5.0
10	102043498	135389924	2.0	1.0	3.0
11	20721	221658	2.0	0.0	2.0
11	221659	51340153	2.0	0.0	2.0
11	51340154	55699999	2.0	0.0	2.0
11	55700000	60708201	2.0	0.0	2.0
11	60708202	60757500	4.0	0.0	4.0
11	60757501	60810873	4.0	0.0	4.0
11	60810874	61732658	2.0	0.0	2.0
11	61732659	134452200	2.0	0.0	2.0
12	110107	192500	3.0	0.0	3.0
12	192501	19892099	2.0	0.0	2.0
12	19892100	33299999	3.0	2.0	5.0
12	38200000	44527292	2.0	1.0	3.0
12	44527293	46092837	2.0	1.0	3.0
12	46092838	51852795	3.0	1.0	4.0
12	51852796	52788901	2.0	1.0	3.0
12	52788902	52991436	2.0	2.0	4.0
12	52991437	57337110	2.0	1.0	3.0
12	57337111	57733638	3.0	1.0	4.0
12	57733639	57739358	3.0	1.0	4.0
12	57739359	59359845	3.0	1.0	4.0
12	59359846	62720338	3.0	1.0	4.0
12	62720339	62737992	3.0	1.0	4.0
12	62737993	63552827	3.0	1.0	4.0
12	63552828	63557914	3.0	1.0	4.0
12	63557915	63572539	3.0	1.0	4.0
12	63572540	63572745	3.0	1.0	4.0
12	63572746	64766939	3.0	1.0	4.0
12	64766940	72167065	3.0	1.0	4.0
12	72167066	72167077	2.0	1.0	3.0
12	72167078	79149312	2.0	1.0	3.0
12	79149313	80505022	2.0	1.0	3.0
12	80505023	84946270	3.0	1.0	4.0
12	84946271	84979631	6.0	1.0	7.0
12	84979632	85249041	3.0	1.0	4.0
12	85249042	96397608	2.0	1.0	3.0
12	96397609	99384985	3.0	1.0	4.0
12	99384986	101910085	2.0	1.0	3.0
12	101910086	102339945	3.0	1.0	4.0
12	102339946	112585042	2.0	1.0	3.0
12	112585043	112657073	2.0	1.0	3.0
12	112657074	123966964	2.0	1.0	3.0
12	123966965	123971586	2.0	1.0	3.0
12	123971587	127518130	3.0	1.0	4.0
12	127518131	127533799	3.0	1.0	4.0
12	127533800	132352020	3.0	1.0	4.0
12	132352021	133851894	3.0	1.0	4.0
13	1	16299999	2.0	0.0	2.0
13	16300000	19499999	2.0	0.0	2.0
13	19500000	50221941	2.0	0.0	2.0
13	50221942	50383614	4.0	0.0	4.0
13	50383615	88531240	2.0	0.0	2.0
13	88531241	88627918	4.0	0.0	4.0
13	88627919	114142800	2.0	0.0	2.0
13	114142801	115169877	2.0	0.0	2.0
14	1	16099999	2.0	0.0	2.0
14	16100000	19099999	2.0	0.0	2.0
14	19100000	41582291	2.0	0.0	2.0
14	41582292	41735586	2.0	0.0	2.0
14	41735587	50127637	2.0	0.0	2.0
14	50127638	50636864	4.0	0.0	4.0
14	50636865	106368400	2.0	0.0	2.0
15	1	15799999	1.0	1.0	2.0
15	15800000	20699999	1.0	1.0	2.0
15	20700000	21188445	1.0	1.0	2.0
15	21188446	22766673	1.0	1.0	2.0
15	22766674	23208049	1.0	1.0	2.0
15	23208050	29219503	1.0	1.0	2.0
15	29219504	29231049	1.0	1.0	2.0
15	29231050	52533221	1.0	1.0	2.0
15	52533222	53617506	2.0	1.0	3.0
15	53617507	54997627	1.0	1.0	2.0
15	54997628	59918479	2.0	1.0	3.0
15	59918480	61040001	1.0	1.0	2.0
15	61040002	62694228	2.0	1.0	3.0
15	62694229	62824799	3.0	1.0	4.0
15	62824800	71758434	2.0	1.0	3.0
15	71758435	71831658	2.0	2.0	4.0
15	71831659	79378778	2.0	1.0	3.0
15	79378779	79383930	2.0	1.0	3.0
15	79383931	80357385	2.0	1.0	3.0
15	80357386	80664138	2.0	2.0	4.0
15	80664139	83213962	2.0	1.0	3.0
15	83213963	83557975	2.0	2.0	4.0
15	83557976	89502454	2.0	1.0	3.0
15	89502455	93652989	2.0	2.0	4.0
15	93652990	93733019	3.0	2.0	5.0
15	93733020	98994869	2.0	2.0	4.0
15	98994870	98994889	2.0	2.0	4.0
15	98994890	99113580	3.0	2.0	5.0
15	99113581	99122551	3.0	2.0	5.0
15	99122552	100338800	2.0	2.0	4.0
15	100338801	102349919	2.0	2.0	4.0
16	84170	390546	2.0	1.0	3.0
16	390547	444006	2.0	2.0	4.0
16	444007	34599999	2.0	1.0	3.0
16	34600000	38599999	2.0	1.0	3.0
16	38600000	88777200	2.0	1.0	3.0
16	88777201	90354752	2.0	1.0	3.0
17	828	22199999	2.0	0.0	2.0
17	22200000	25799999	2.0	0.0	2.0
17	25800000	35550976	2.0	0.0	2.0
17	35550977	36400801	5.0	0.0	5.0
17	36400802	44790025	5.0	0.0	5.0
17	44790026	78774600	5.0	0.0	5.0
17	78774601	79996994	5.0	0.0	5.0
17	79996995	81195209	5.0	0.0	5.0
18	27500	143972	1.0	1.0	2.0
18	143973	15399999	1.0	1.0	2.0
18	15400000	18999999	1.0	1.0	2.0
18	19000000	68797941	1.0	1.0	2.0
18	68797942	68877891	2.0	1.0	3.0
18	68877892	76117000	1.0	1.0	2.0
18	76117001	78077247	1.0	1.0	2.0
19	260137	20547500	2.0	0.0	2.0
19	20547501	20722499	2.0	0.0	2.0
19	20722500	21107999	2.0	0.0	2.0
19	21108000	24399999	2.0	0.0	2.0
19	24400000	28599999	2.0	0.0	2.0
19	28600000	43696444	2.0	0.0	2.0
19	43696445	43750004	2.0	0.0	2.0
19	43750005	59128982	2.0	0.0	2.0
20	24347	1388230	1.0	1.0	2.0
20	1388231	1492589	2.0	1.0	3.0
20	1492590	17174621	1.0	1.0	2.0
20	17174622	17232034	2.0	1.0	3.0
20	17232035	17232104	2.0	1.0	3.0
20	17232105	25599999	1.0	1.0	2.0
20	29400000	50398539	3.0	3.0	6.0
20	50398540	50477779	5.0	3.0	8.0
20	50477780	54813812	3.0	3.0	6.0
20	54813813	58863642	3.0	0.0	3.0
20	58863643	58868530	3.0	0.0	3.0
20	58868531	62432500	3.0	0.0	3.0
21	10755032	10899999	2.0	0.0	2.0
21	14300000	15371231	1.0	0.0	1.0
21	15371232	15562482	2.0	1.0	3.0
21	15562483	15758703	1.0	0.0	1.0
21	15758704	15811690	1.0	1.0	2.0
21	15811691	20740025	1.0	0.0	1.0
21	20740026	29810203	2.0	1.0	3.0
21	29810204	30164100	2.0	1.0	3.0
21	30164101	36193479	2.0	1.0	3.0
21	36193480	36267313	4.0	1.0	5.0
21	36267314	46960035	2.0	1.0	3.0
21	46960036	48129894	2.0	1.0	3.0
22	1	12199999	3.0	2.0	5.0
22	12200000	17899999	3.0	2.0	5.0
22	17900000	23834912	3.0	2.0	5.0
22	23834913	33345599	2.0	2.0	4.0
22	33345600	37385415	3.0	2.0	5.0
22	37385416	37391917	3.0	2.0	5.0
22	37391918	41951202	3.0	2.0	5.0
22	41951203	49687500	2.0	2.0	4.0
22	49687501	51304565	2.0	2.0	4.0
