chromosome_index	start_position	end_position	major_cn	minor_cn	total_cn
1	1	790008	2.0	2.0	4.0
1	790009	4194993	2.0	2.0	4.0
1	4194994	22022148	2.0	2.0	4.0
1	22022149	60938321	2.0	2.0	4.0
1	60938322	65945801	2.0	2.0	4.0
1	65945802	72119290	2.0	2.0	4.0
1	72119291	72728997	4.0	0.0	4.0
1	72728998	72811601	2.0	2.0	4.0
1	72811602	86760936	2.0	2.0	4.0
1	86760937	102573361	2.0	2.0	4.0
1	102573362	105100967	2.0	2.0	4.0
1	105100968	111409841	2.0	2.0	4.0
1	111409842	119619281	2.0	2.0	4.0
1	119619282	121499999	2.0	2.0	4.0
1	121500000	128899999	2.0	2.0	4.0
1	128900000	145501836	2.0	2.0	4.0
1	145501837	146491890	2.0	2.0	4.0
1	146491891	162984402	2.0	2.0	4.0
1	162984403	164396853	2.0	2.0	4.0
1	164396854	172419707	2.0	2.0	4.0
1	172419708	173026198	2.0	2.0	4.0
1	173026199	182623474	2.0	2.0	4.0
1	182623475	182803967	2.0	2.0	4.0
1	182803968	184771968	2.0	2.0	4.0
1	184771969	185810225	2.0	2.0	4.0
1	185810226	198131431	2.0	2.0	4.0
1	198131432	201167580	2.0	2.0	4.0
1	201167581	201187580	2.0	2.0	4.0
1	201187581	214886392	2.0	2.0	4.0
1	214886393	221914402	2.0	2.0	4.0
1	221914403	240061019	2.0	2.0	4.0
1	240061020	247286726	2.0	2.0	4.0
1	247286727	249250620	2.0	2.0	4.0
2	16078	13072917	2.0	2.0	4.0
2	13072918	14648621	2.0	2.0	4.0
2	14648622	34158802	2.0	2.0	4.0
2	34158803	36533629	2.0	2.0	4.0
2	36533630	42098235	2.0	2.0	4.0
2	42098236	52735630	2.0	2.0	4.0
2	52735631	60001001	2.0	2.0	4.0
2	60001002	67628734	2.0	2.0	4.0
2	67628735	75328801	2.0	2.0	4.0
2	75328802	79130644	2.0	2.0	4.0
2	79130645	80843167	2.0	2.0	4.0
2	80843168	87604065	2.0	2.0	4.0
2	87604066	89179989	2.0	2.0	4.0
2	89179990	89837499	4.0	0.0	4.0
2	89837500	90499999	2.0	2.0	4.0
2	90500000	96799999	2.0	2.0	4.0
2	96800000	104894802	2.0	2.0	4.0
2	104894803	115011002	2.0	2.0	4.0
2	115011003	123370802	2.0	2.0	4.0
2	123370803	127393801	2.0	2.0	4.0
2	127393802	132189994	2.0	2.0	4.0
2	132189995	140910256	2.0	2.0	4.0
2	140910257	141335243	3.0	2.0	5.0
2	141335244	161447500	2.0	2.0	4.0
2	161447501	171161801	2.0	2.0	4.0
2	171161802	175682401	2.0	2.0	4.0
2	175682402	185434782	2.0	2.0	4.0
2	185434783	206797639	2.0	2.0	4.0
2	206797640	207261808	2.0	2.0	4.0
2	207261809	231739299	2.0	2.0	4.0
2	231739300	242985695	2.0	2.0	4.0
3	61495	17145544	2.0	1.0	3.0
3	17145545	87899999	2.0	1.0	3.0
3	87900000	93899999	2.0	1.0	3.0
3	93900000	129761123	2.0	1.0	3.0
3	129761124	143480278	2.0	1.0	3.0
3	143480279	164140309	2.0	1.0	3.0
3	164140310	164946038	3.0	1.0	4.0
3	164946039	195349028	2.0	1.0	3.0
3	195349029	197792315	2.0	1.0	3.0
4	27500	5199944	2.0	2.0	4.0
4	5199945	9395001	2.0	2.0	4.0
4	9395002	10680317	2.0	2.0	4.0
4	10680318	37473741	2.0	2.0	4.0
4	37473742	48199999	2.0	2.0	4.0
4	48200000	52699999	2.0	2.0	4.0
4	52700000	58091805	2.0	2.0	4.0
4	58091806	64715801	2.0	2.0	4.0
4	64715802	68208769	2.0	2.0	4.0
4	68208770	90846453	2.0	2.0	4.0
4	90846454	91082548	4.0	0.0	4.0
4	91082549	158125268	2.0	2.0	4.0
4	158125269	158538340	2.0	2.0	4.0
4	158538341	158637369	4.0	0.0	4.0
4	158637370	186009873	2.0	2.0	4.0
4	186009874	188884536	2.0	2.0	4.0
4	188884537	190838196	2.0	2.0	4.0
5	22500	11292849	2.0	2.0	4.0
5	11292850	17513393	2.0	2.0	4.0
5	17513394	31635268	2.0	2.0	4.0
5	31635269	46099999	2.0	2.0	4.0
5	46100000	50699999	2.0	2.0	4.0
5	50700000	56682402	2.0	2.0	4.0
5	56682403	76291973	2.0	2.0	4.0
5	76291974	98597352	2.0	2.0	4.0
5	98597353	120069447	2.0	2.0	4.0
5	120069448	128508837	2.0	2.0	4.0
5	128508838	130383207	2.0	2.0	4.0
5	130383208	135034677	2.0	2.0	4.0
5	135034678	135218630	2.0	2.0	4.0
5	135218631	139958410	2.0	2.0	4.0
5	139958411	140219981	2.0	2.0	4.0
5	140219982	148118469	2.0	2.0	4.0
5	148118470	151261012	2.0	2.0	4.0
5	151261013	160166939	2.0	2.0	4.0
5	160166940	167093001	2.0	2.0	4.0
5	167093002	180712442	2.0	2.0	4.0
6	39681	253830	4.0	2.0	6.0
6	253831	391938	2.0	2.0	4.0
6	391939	17337393	4.0	2.0	6.0
6	17337394	24080628	4.0	2.0	6.0
6	24080629	33989970	4.0	2.0	6.0
6	33989971	53549600	3.0	2.0	5.0
6	53549601	58346583	4.0	2.0	6.0
6	63627498	67520000	5.0	2.0	7.0
6	67520001	67854756	3.0	2.0	5.0
6	67854757	71275807	4.0	2.0	6.0
6	71275808	73898757	4.0	2.0	6.0
6	73898758	74753515	4.0	2.0	6.0
6	74753516	85471402	4.0	2.0	6.0
6	85471403	91254237	4.0	2.0	6.0
6	91254238	98226811	4.0	2.0	6.0
6	98226812	102920004	4.0	2.0	6.0
6	102920005	115966003	4.0	2.0	6.0
6	115966004	123294471	4.0	2.0	6.0
6	123294472	131140029	4.0	2.0	6.0
6	131140030	132166287	4.0	2.0	6.0
6	132166288	145464105	4.0	2.0	6.0
6	145464106	147745553	4.0	2.0	6.0
6	147745554	163969999	4.0	2.0	6.0
6	163970000	170921794	4.0	2.0	6.0
7	40877	7043483	2.0	2.0	4.0
7	7043484	20768439	2.0	2.0	4.0
7	20768440	33121878	2.0	2.0	4.0
7	33121879	39248546	2.0	2.0	4.0
7	39248547	51981401	2.0	2.0	4.0
7	51981402	54711922	2.0	2.0	4.0
7	54711923	57999999	2.0	2.0	4.0
7	58000000	62108006	2.0	2.0	4.0
7	62108007	76181001	2.0	2.0	4.0
7	76181002	132839958	2.0	2.0	4.0
7	132839959	137574559	2.0	2.0	4.0
7	137574560	158821400	2.0	2.0	4.0
8	10001	159285	3.0	0.0	3.0
8	159286	7972039	3.0	0.0	3.0
8	7972040	37023683	3.0	0.0	3.0
8	37023684	42090551	3.0	2.0	5.0
8	42090552	43099999	3.0	2.0	5.0
8	43100000	48099999	3.0	2.0	5.0
8	48100000	51964602	3.0	2.0	5.0
8	51964603	52224654	3.0	3.0	6.0
8	52224655	52987675	3.0	2.0	5.0
8	52987676	53501109	4.0	3.0	7.0
8	53501110	58531931	3.0	2.0	5.0
8	58531932	69459988	3.0	0.0	3.0
8	69459989	69749572	3.0	0.0	3.0
8	69749573	70020500	14.0	2.0	16.0
8	70020501	70042059	14.0	2.0	16.0
8	70042060	70050635	15.0	3.0	18.0
8	70050636	72474244	16.0	3.0	19.0
8	72474245	73066303	15.0	2.0	17.0
8	73066304	74138710	24.0	2.0	26.0
8	74138711	74331826	18.0	2.0	20.0
8	74331827	74459201	18.0	2.0	20.0
8	74459202	127250485	3.0	0.0	3.0
8	127250486	127339847	35.0	2.0	37.0
8	127339848	127341192	35.0	2.0	37.0
8	127341193	127454971	31.0	2.0	33.0
8	127454972	127455170	31.0	2.0	33.0
8	127455171	127676439	27.0	2.0	29.0
8	127676440	127752151	31.0	2.0	33.0
8	127752152	127766076	38.0	2.0	40.0
8	127766077	127781502	38.0	2.0	40.0
8	127781503	127935807	38.0	2.0	40.0
8	127935808	127949815	49.0	1.0	50.0
8	127949816	127956497	49.0	1.0	50.0
8	127956498	128024817	49.0	1.0	50.0
8	128024818	128088485	48.0	1.0	49.0
8	128088486	128099581	49.0	1.0	50.0
8	128099582	128228661	49.0	1.0	50.0
8	128228662	128232122	48.0	1.0	49.0
8	128232123	128590117	48.0	1.0	49.0
8	128590118	128650606	48.0	1.0	49.0
8	128650607	128672216	48.0	1.0	49.0
8	128672217	128704492	48.0	1.0	49.0
8	128704493	128812718	48.0	1.0	49.0
8	128812719	129021358	48.0	1.0	49.0
8	129021359	129042204	48.0	1.0	49.0
8	129042205	129146849	48.0	1.0	49.0
8	129146850	129245838	48.0	1.0	49.0
8	129245839	129378774	48.0	1.0	49.0
8	129378775	129380548	48.0	1.0	49.0
8	129380549	129453670	38.0	2.0	40.0
8	129453671	129494980	36.0	2.0	38.0
8	129494981	129607884	34.0	2.0	36.0
8	129607885	130023442	41.0	1.0	42.0
8	130023443	130132001	3.0	0.0	3.0
8	130132002	146364021	3.0	0.0	3.0
9	10001	244189	2.0	1.0	3.0
9	244190	10390926	2.0	1.0	3.0
9	10390927	11254713	2.0	1.0	3.0
9	11254714	12331992	2.0	1.0	3.0
9	12331993	44233938	2.0	1.0	3.0
9	44233939	47299999	2.0	1.0	3.0
9	47300000	50699999	2.0	1.0	3.0
9	50700000	65521833	2.0	1.0	3.0
9	65521834	85792621	2.0	1.0	3.0
9	85792622	87084666	2.0	1.0	3.0
9	87084667	106139988	2.0	1.0	3.0
9	106139989	130976004	2.0	1.0	3.0
9	130976005	140273200	2.0	1.0	3.0
10	10001	135731	2.0	1.0	3.0
10	135732	18813426	2.0	1.0	3.0
10	18813427	36941329	2.0	1.0	3.0
10	36941330	37113944	2.0	1.0	3.0
10	37113945	42409999	2.0	1.0	3.0
10	42410000	49651348	2.0	1.0	3.0
10	49651349	53859804	2.0	1.0	3.0
10	53859805	53952499	3.0	0.0	3.0
10	53952500	57717164	2.0	1.0	3.0
10	57717165	58263169	2.0	1.0	3.0
10	58263170	68691899	2.0	1.0	3.0
10	68691900	117217500	2.0	1.0	3.0
10	117217501	135404968	2.0	1.0	3.0
11	20721	197630	2.0	1.0	3.0
11	197631	17034043	2.0	1.0	3.0
11	17034044	17062795	2.0	1.0	3.0
11	17062796	23952615	2.0	1.0	3.0
11	23952616	42853805	2.0	1.0	3.0
11	42853806	43382013	2.0	1.0	3.0
11	43382014	51593038	2.0	1.0	3.0
11	51593039	55699999	2.0	1.0	3.0
11	55700000	134452200	2.0	1.0	3.0
12	22500	188284	2.0	2.0	4.0
12	188285	30304192	2.0	2.0	4.0
12	30304193	33091400	2.0	2.0	4.0
12	33091401	38647819	2.0	2.0	4.0
12	38647820	46806095	2.0	2.0	4.0
12	46806096	58316744	2.0	2.0	4.0
12	58316745	66891307	2.0	2.0	4.0
12	66891308	75284344	2.0	2.0	4.0
12	75284345	93293419	2.0	2.0	4.0
12	93293420	108687937	2.0	2.0	4.0
12	108687938	124912622	2.0	2.0	4.0
12	124912623	129385105	2.0	2.0	4.0
12	129385106	132360009	2.0	2.0	4.0
12	132360010	133851894	2.0	2.0	4.0
13	16300000	19499999	4.0	2.0	6.0
13	19500000	31972401	3.0	2.0	5.0
13	31972402	40369949	5.0	2.0	7.0
13	40369950	72347499	5.0	2.0	7.0
13	72347500	72377499	6.0	0.0	6.0
13	72377500	101631001	3.0	2.0	5.0
13	101631002	101834419	4.0	2.0	6.0
13	101834420	106442954	4.0	2.0	6.0
13	106442955	114142800	4.0	2.0	6.0
13	114142801	114874559	5.0	2.0	7.0
14	16100000	19099999	3.0	1.0	4.0
14	19100000	22172384	2.0	2.0	4.0
14	22172385	22972443	2.0	2.0	4.0
14	22972444	24972391	2.0	2.0	4.0
14	24972392	28920079	2.0	2.0	4.0
14	28920080	35909216	2.0	2.0	4.0
14	35909217	46356812	2.0	2.0	4.0
14	46356813	56714807	2.0	2.0	4.0
14	56714808	61535213	2.0	2.0	4.0
14	61535214	62408202	2.0	2.0	4.0
14	62408203	63682594	2.0	2.0	4.0
14	63682595	100221612	2.0	2.0	4.0
14	100221613	106408841	2.0	2.0	4.0
15	15800000	20699999	2.0	2.0	4.0
15	20700000	24780090	2.0	2.0	4.0
15	24780091	29141073	2.0	2.0	4.0
15	29141074	81667365	2.0	2.0	4.0
15	81667366	92444372	2.0	2.0	4.0
15	92444373	92573817	4.0	0.0	4.0
15	92573818	100288800	2.0	2.0	4.0
15	100288801	102531391	2.0	2.0	4.0
16	83807	25252716	2.0	1.0	3.0
16	25252717	34599999	2.0	1.0	3.0
16	34600000	38599999	2.0	1.0	3.0
16	38600000	46415802	2.0	1.0	3.0
16	46415803	88827200	2.0	1.0	3.0
16	88827201	90354752	2.0	1.0	3.0
17	12500	16708556	2.0	0.0	2.0
17	16708557	18930202	2.0	0.0	2.0
17	18930203	18984797	4.0	2.0	6.0
17	18984798	19563233	4.0	2.0	6.0
17	19563234	19613232	4.0	2.0	6.0
17	19613233	19699314	3.0	2.0	5.0
17	19699315	21174375	2.0	2.0	4.0
17	21174376	22199999	3.0	2.0	5.0
17	25800000	28006459	2.0	2.0	4.0
17	28006460	28006715	2.0	2.0	4.0
17	28006716	29040984	2.0	2.0	4.0
17	29040985	44306252	2.0	2.0	4.0
17	44306253	55054885	2.0	2.0	4.0
17	55054886	55055016	2.0	2.0	4.0
17	55055017	63466315	2.0	2.0	4.0
17	63466316	64165645	2.0	2.0	4.0
17	64165646	70095364	2.0	2.0	4.0
17	70095365	73232500	2.0	2.0	4.0
17	73232501	76037026	11.0	2.0	13.0
17	76037027	78402799	2.0	2.0	4.0
17	78402800	78403480	2.0	2.0	4.0
17	78403481	78787799	2.0	1.0	3.0
17	78787800	80375927	3.0	2.0	5.0
17	80375928	80576226	2.0	2.0	4.0
18	27500	125370	2.0	2.0	4.0
18	125371	998448	2.0	2.0	4.0
18	998449	3784000	2.0	2.0	4.0
18	3784001	6947818	2.0	2.0	4.0
18	6947819	14141638	2.0	2.0	4.0
18	14141639	15399999	2.0	2.0	4.0
18	15400000	18999999	2.0	2.0	4.0
18	19000000	24505406	2.0	2.0	4.0
18	24505407	33024983	2.0	2.0	4.0
18	33024984	35716427	2.0	2.0	4.0
18	35716428	42245278	2.0	2.0	4.0
18	42245279	47831440	2.0	2.0	4.0
18	47831441	54717686	2.0	2.0	4.0
18	54717687	57679684	2.0	2.0	4.0
18	57679685	59145888	2.0	2.0	4.0
18	59145889	71348062	2.0	2.0	4.0
18	71348063	76138157	2.0	2.0	4.0
18	76138158	78077247	2.0	2.0	4.0
19	102500	23079269	2.0	2.0	4.0
19	23079270	24399999	2.0	2.0	4.0
19	24400000	28599999	2.0	2.0	4.0
19	28600000	58406858	2.0	2.0	4.0
20	32215	25599999	2.0	2.0	4.0
20	25600000	29510926	2.0	2.0	4.0
20	29510927	62432500	2.0	2.0	4.0
21	10900000	14299999	2.0	1.0	3.0
21	14300000	15430480	2.0	1.0	3.0
21	15430481	16214882	2.0	1.0	3.0
21	16214883	21909999	2.0	1.0	3.0
21	21910000	29572500	2.0	1.0	3.0
21	29572501	46937500	2.0	1.0	3.0
21	46937501	48129894	2.0	1.0	3.0
22	12200000	17899999	2.0	2.0	4.0
22	17900000	49687500	2.0	2.0	4.0
22	49687501	51132156	2.0	2.0	4.0
