chromosome_index	position	alt_count	ref_count
1	2932356	7	32
1	5022804	13	35
1	6070770	6	39
1	6436012	2	32
1	7168134	14	39
1	11964138	12	31
1	16291376	12	34
1	16930423	15	161
1	17968760	14	42
1	18610975	11	43
1	23009759	6	37
1	23040433	13	27
1	24937846	15	41
1	25054456	18	49
1	27421049	9	29
1	28558056	3	36
1	29525555	9	37
1	29588354	10	39
1	31091165	13	39
1	33723125	11	34
1	33936699	9	55
1	34994356	11	42
1	40369703	14	43
1	42804354	15	46
1	44973146	7	25
1	48068267	17	31
1	49864899	14	44
1	50255964	13	43
1	56407510	4	62
1	62445275	4	27
1	63402346	16	45
1	64754839	4	58
1	69674509	13	41
1	69852467	22	48
1	71817619	26	47
1	73335907	13	43
1	76643761	12	35
1	78148892	5	21
1	79447683	22	43
1	80083559	12	32
1	81352645	15	46
1	81478083	4	62
1	85109212	12	62
1	87736869	19	63
1	87879794	15	36
1	93766645	18	54
1	99097318	27	38
1	99359132	18	41
1	101315411	22	42
1	101544342	12	36
1	105193777	15	47
1	106858979	7	45
1	111735635	4	39
1	112658160	14	43
1	112721220	10	37
1	113567967	8	54
1	116318014	17	48
1	116472881	5	52
1	117524568	13	42
1	118238723	10	32
1	118838605	12	45
1	146813631	5	84
1	156406147	14	60
1	156441491	38	34
1	156703613	13	59
1	157193609	29	68
1	159217393	9	94
1	159674184	13	84
1	159897990	6	64
1	169826759	25	82
1	170691002	10	60
1	172190101	34	73
1	172892470	16	75
1	178257576	7	67
1	179466885	8	95
1	180940577	4	76
1	185355721	8	75
1	185618012	24	40
1	189081424	25	92
1	190526471	10	70
1	193093814	22	69
1	193287063	4	82
1	195928109	13	75
1	199201591	13	65
1	199843551	16	51
1	199967188	34	47
1	200280889	22	47
1	200880548	11	50
1	206973799	4	75
1	207481214	4	40
1	210208541	32	67
1	211336616	28	59
1	214581622	12	62
1	220479144	49	52
1	223263901	9	59
1	226361757	13	74
1	226384458	9	34
1	227622254	6	74
1	228263586	18	45
1	228786201	9	72
1	236883326	11	69
1	237438441	14	71
1	238911743	40	50
1	239488226	5	109
1	242860721	14	71
1	243624893	8	85
1	245490167	12	73
1	245588084	17	73
1	245670621	4	75
1	247618347	10	94
1	247793892	31	69
10	4210231	4	62
10	5169404	25	48
10	6660852	8	52
10	7920459	14	45
10	8674569	13	37
10	8924622	26	49
10	10674634	4	60
10	12959553	21	35
10	14024296	8	43
10	15690041	19	62
10	16220610	5	50
10	20035907	7	57
10	23995395	8	81
10	24065906	12	50
10	24464883	5	62
10	24776037	27	41
10	27642746	7	47
10	27735014	16	67
10	29869604	11	46
10	34267474	9	45
10	36998168	18	26
10	42992659	14	45
10	45714276	26	43
10	54260675	34	48
10	54775975	39	51
10	60076060	30	38
10	61152458	16	53
10	65302122	16	58
10	73540743	3	42
10	73662366	13	53
10	74160462	8	48
10	78109178	4	77
10	82968609	27	45
10	83490620	10	51
10	87128912	13	63
10	87709932	33	40
10	88312713	15	63
10	92091579	2	77
10	93762041	34	52
10	94157965	14	45
10	95030624	17	43
10	95596836	6	73
10	99864949	12	63
10	100312307	7	59
10	100831471	32	71
10	105256120	24	65
10	107288441	12	71
10	117324703	33	51
10	122122317	33	43
10	126917242	13	45
10	130352556	11	51
10	130668680	11	43
10	130864810	7	44
10	131760778	15	41
10	133517407	6	58
10	135254846	8	39
11	446167	7	25
11	1946897	4	42
11	13936790	12	41
11	16061901	19	60
11	19223404	6	45
11	23217791	17	45
11	27047083	14	41
11	27238512	16	63
11	28294525	18	54
11	31302236	26	55
11	31474671	5	58
11	31994453	16	37
11	32349877	6	52
11	33396532	19	47
11	33751432	19	44
11	39213159	15	35
11	41682622	9	46
11	44166007	12	43
11	44588034	11	47
11	45325997	14	32
11	45332660	12	45
11	50552682	19	42
11	58002505	4	58
11	60182418	16	67
11	61424600	4	44
11	61544447	4	37
11	62625755	19	29
11	67432338	4	36
11	70929537	16	24
11	71742026	15	48
11	72923269	15	33
11	74184954	13	48
11	77486095	10	27
11	81201252	5	54
11	81208429	19	45
11	83982200	10	58
11	84030329	18	55
11	86404216	20	28
11	87810782	18	50
11	88796127	13	35
11	96214132	16	39
11	99637065	8	46
11	105022901	4	60
11	105642732	15	46
11	105859060	15	68
11	107603161	9	44
11	107798578	14	37
11	115459932	10	42
11	115982417	17	48
11	116683211	4	20
11	119663203	4	46
11	120544211	15	49
11	126038347	13	35
11	129168257	20	57
11	132203797	10	51
11	132756776	8	33
11	133584167	17	30
12	94480	9	97
12	1712398	15	33
12	5372845	5	55
12	7874481	5	45
12	11963064	12	38
12	18352770	13	37
12	20253524	23	74
12	21419545	13	38
12	22987081	13	50
12	29144305	8	65
12	31013399	10	43
12	33327952	20	67
12	33629332	15	44
12	34016875	20	48
12	43791969	12	49
12	44294475	10	39
12	44852276	14	42
12	48091472	21	49
12	50494966	8	23
12	51688358	20	58
12	52196363	16	40
12	53328409	4	59
12	61051806	20	61
12	62809729	18	46
12	63432931	5	54
12	66395905	21	55
12	71770732	9	27
12	73188582	14	46
12	73504828	4	61
12	78603755	11	40
12	79526376	19	48
12	81155354	10	38
12	82719678	16	49
12	84275452	3	24
12	85058680	5	70
12	85783069	17	57
12	89921745	23	49
12	93258377	13	60
12	93605697	18	50
12	108357479	6	64
12	110422693	7	63
12	113879389	8	30
12	114316686	11	15
12	116827884	19	36
12	116963509	11	26
12	117725336	19	50
12	120874959	5	38
12	122645722	9	22
12	123674472	7	21
12	125320642	10	41
12	129470458	5	50
13	27316924	4	46
13	28473966	16	41
13	28558282	7	46
13	29073143	10	54
13	29247129	19	46
13	31483034	12	25
13	35841595	28	58
13	44326465	16	42
13	45643488	16	48
13	50098627	4	42
13	50262811	4	24
13	53332468	18	42
13	53620908	23	50
13	56218711	16	53
13	56445552	20	38
13	56946300	4	75
13	57774940	16	48
13	58590752	11	44
13	58750598	17	45
13	59315870	20	47
13	62639797	21	37
13	66808573	6	42
13	68663004	13	37
13	69228152	20	56
13	74413047	11	44
13	75812420	16	39
13	76869443	4	30
13	77360975	23	55
13	78713368	13	43
13	78978887	4	53
13	87382121	5	54
13	87664082	18	51
13	89139274	16	44
13	90585369	18	50
13	91386947	10	49
13	94010902	26	51
13	94331649	21	39
13	94343024	10	61
13	95387579	22	47
13	96285830	10	36
13	104073254	7	26
13	110581474	17	44
13	111684038	13	32
13	112709943	5	41
14	20406809	17	162
14	25371563	18	40
14	25651345	10	38
14	27383531	15	43
14	30392629	13	53
14	30476320	7	48
14	32186339	24	39
14	38450145	20	54
14	40344307	21	43
14	49082560	8	59
14	50371666	16	34
14	51171252	12	37
14	54598240	16	36
14	59270579	19	39
14	62240716	11	43
14	63016085	19	48
14	66687937	16	39
14	71619682	25	53
14	71959159	13	49
14	73134724	21	44
14	80615522	4	59
14	83990627	10	29
14	85555527	6	38
14	85659699	5	47
14	93580716	4	33
14	93870062	18	33
14	97373062	16	32
14	101164298	14	27
14	101973417	14	25
14	103570150	11	20
15	20466301	8	191
15	22557524	9	103
15	24615403	5	72
15	25029756	17	36
15	25156076	4	52
15	25300918	12	30
15	25635387	29	50
15	29551761	14	38
15	30056513	4	61
15	31981639	2	19
15	33525356	8	42
15	35196099	6	55
15	38889266	6	51
15	40111621	23	54
15	42998640	8	44
15	44649830	12	52
15	50703483	9	34
15	51269408	6	44
15	53145719	13	49
15	53571463	16	49
15	55299293	10	42
15	55453231	15	48
15	61342893	18	35
15	61482603	20	57
15	64231933	12	46
15	64318317	9	35
15	74741454	4	40
15	75757312	15	38
15	75855809	22	29
15	77714830	10	33
15	80002522	14	36
15	88717845	19	38
15	89109337	5	52
15	94788303	29	57
15	99634184	4	66
15	101597865	14	36
16	3958547	20	43
16	6928805	5	91
16	7188683	7	63
16	7805722	5	61
16	8174858	35	47
16	9945819	8	74
16	12048596	16	37
16	12245635	6	57
16	13514616	22	32
16	13805070	7	74
16	18349147	6	49
16	23037906	20	28
16	29615865	2	59
16	33896108	9	72
16	34810614	3	32
16	34860520	4	61
16	48011654	13	31
16	58408371	4	32
16	61388083	16	27
16	61437900	3	41
16	66273997	3	33
16	66460342	12	21
16	67063313	7	14
16	73165907	10	25
16	73997453	14	21
16	88047960	11	31
16	88155002	12	16
16	88226199	4	41
16	88263977	11	22
16	88691224	4	27
17	75776	16	46
17	251569	10	39
17	2230730	3	29
17	4848490	8	32
17	5638052	18	41
17	5966842	17	35
17	6385165	5	33
17	9320945	22	41
17	10993232	6	53
17	21506489	5	61
17	21837756	16	27
17	27789837	21	67
17	28673550	6	72
17	31943126	8	45
17	31986917	17	33
17	37799737	4	53
17	40594771	25	38
17	41002851	10	37
17	41214275	17	39
17	42603385	21	54
17	47769178	5	38
17	47845850	8	47
17	51862938	13	47
17	57606925	11	32
17	60698897	7	40
17	62076978	17	34
17	63742563	24	43
17	64555069	15	42
17	65407249	4	46
17	65719150	11	16
17	65864822	31	52
17	65877318	10	66
17	67673358	7	68
17	69782963	12	38
17	72308359	3	34
17	72362851	13	37
17	75853666	12	39
17	76946458	16	43
17	79488156	15	51
17	80558579	12	38
18	2354554	17	50
18	6237211	10	81
18	11587243	19	42
18	13654855	8	62
18	19776351	6	72
18	23945087	28	45
18	25163864	6	77
18	26274504	5	10
18	26715866	36	42
18	27323490	15	58
18	27932570	27	33
18	30247144	23	34
18	31219388	6	57
18	35069097	9	38
18	38044269	24	59
18	41546337	13	56
18	45146585	25	40
18	45615920	3	45
18	47576184	15	70
18	48390560	17	79
18	48506339	25	36
18	49723559	29	42
18	50274518	19	41
18	55114773	24	43
18	56206095	24	45
18	57187251	14	74
18	57825155	5	74
18	62511370	12	62
18	62812467	28	74
18	66217463	29	41
18	68608515	13	65
18	70420335	13	53
18	72814177	5	70
18	73276276	23	31
18	76178080	24	30
18	76185572	22	68
19	2767295	8	27
19	3887364	11	31
19	8529258	21	43
19	13707192	17	54
19	13819714	13	35
19	14659459	9	31
19	15152580	12	30
19	18578854	9	18
19	22307072	6	15
19	23829116	16	54
19	29532485	7	36
19	31979974	14	38
19	34270594	10	33
19	39715313	15	48
19	40106619	11	45
19	41071980	5	46
19	41627208	4	43
19	46549512	13	38
19	48516304	10	39
19	51368603	1	37
19	56228545	10	28
19	56937534	8	64
2	1099442	5	62
2	3413607	11	48
2	6587089	16	31
2	6907433	16	31
2	7648219	9	62
2	8029546	24	47
2	10729809	11	49
2	12651077	4	58
2	13931306	14	63
2	16535713	19	48
2	16912400	21	57
2	17162355	15	54
2	19300249	4	53
2	20489067	14	34
2	22366309	18	33
2	22679237	16	49
2	23294893	16	32
2	23894091	18	38
2	23989669	10	41
2	27818253	11	26
2	28556829	15	46
2	32970814	24	47
2	32992722	4	27
2	35543969	20	63
2	37151940	14	38
2	39018571	3	31
2	42909567	19	40
2	43447988	15	43
2	44678378	27	51
2	47260184	4	46
2	48471397	21	48
2	50241998	15	42
2	50497530	5	66
2	61171109	8	42
2	66099394	23	44
2	66817650	22	39
2	71008226	11	30
2	72586237	11	44
2	77886001	20	46
2	78727418	18	41
2	80161976	17	60
2	80268851	4	61
2	81123887	5	24
2	82918681	21	54
2	84784910	15	34
2	85140319	23	35
2	88442121	6	53
2	92153465	16	38
2	95806792	16	57
2	99521339	20	37
2	101227586	15	35
2	103418083	18	51
2	108445914	6	17
2	111145207	12	50
2	111878312	4	35
2	114674810	24	53
2	115149184	4	47
2	116249697	9	57
2	116380563	11	32
2	116413420	17	40
2	119346322	5	67
2	119516508	13	44
2	122032907	10	30
2	124617111	22	37
2	125407269	14	35
2	136330707	29	37
2	140669867	11	36
2	141304321	22	44
2	152897186	4	56
2	154119117	13	48
2	155111198	19	45
2	162212209	19	45
2	163021282	19	31
2	164905516	11	41
2	167590791	13	65
2	175436607	4	29
2	180541097	12	38
2	184029754	11	33
2	185166377	23	45
2	186050350	4	42
2	187211175	18	48
2	188329460	5	71
2	190353903	4	48
2	190586246	9	48
2	191983928	4	65
2	192297573	12	63
2	193513941	11	32
2	194266196	12	47
2	194664493	15	32
2	194935523	16	48
2	195507020	7	54
2	197592149	11	34
2	197694392	11	32
2	199920469	20	53
2	203510158	11	36
2	204168132	17	33
2	208276264	10	47
2	210050476	24	53
2	214213916	13	42
2	216925080	13	50
2	216931785	10	40
2	218338084	4	51
2	218588760	19	34
2	218975094	23	52
2	220462473	9	30
2	221601504	15	32
2	236402430	5	15
2	242490787	12	35
20	5806335	11	37
20	6534076	15	39
20	7824859	28	45
20	9732563	15	47
20	9810666	18	31
20	11506962	7	26
20	15574565	20	41
20	22375499	19	44
20	23143430	10	36
20	24418633	12	39
20	24470414	10	36
20	29873951	3	40
20	31794575	19	33
20	34730927	3	34
20	36439111	15	35
20	39398857	19	39
20	39426403	21	38
20	39847486	16	36
20	54397168	22	57
20	60383093	14	40
20	60461902	3	40
21	14597847	13	47
21	17391519	7	65
21	17925512	25	42
21	21640747	17	41
21	24325990	18	50
21	32070801	32	43
21	32723872	13	33
21	34396028	4	62
21	38299382	11	22
21	42275981	5	62
21	43685287	17	30
21	44543777	14	38
21	46423211	11	48
21	47374618	4	41
22	26505860	19	40
22	31670024	9	26
22	31802551	14	31
22	33874213	12	30
22	34265247	6	37
22	34317195	8	19
22	39450163	11	41
22	43042887	10	39
22	43323430	16	38
22	48107895	7	37
22	48191159	17	35
22	48599345	14	35
22	49411398	9	39
22	49504129	4	42
22	49934520	4	49
22	50691458	11	23
3	88608	15	49
3	4100283	14	31
3	10026809	11	41
3	14639750	6	41
3	16420044	15	42
3	17166681	5	68
3	19355427	27	44
3	20411437	15	43
3	21860284	28	57
3	31947639	11	51
3	32071774	8	45
3	35022044	4	42
3	35763339	9	43
3	45348637	5	41
3	46920401	6	42
3	53977306	11	43
3	54279218	18	41
3	55554945	4	61
3	56961669	9	43
3	59807571	23	45
3	62063586	11	30
3	62764933	4	45
3	63541873	16	44
3	66124321	11	27
3	67078362	11	37
3	68471726	5	53
3	70768983	26	44
3	71075867	15	26
3	72043759	5	54
3	72869860	17	57
3	73943514	12	45
3	77450673	16	35
3	83792923	19	47
3	86138975	17	53
3	88469838	4	70
3	88984454	19	59
3	90228492	8	55
3	93635698	12	42
3	95419211	24	34
3	98375843	12	44
3	98403159	6	36
3	98782871	9	36
3	99657365	4	55
3	102289310	12	43
3	102573525	16	38
3	102775573	9	54
3	104817925	20	39
3	106952492	14	42
3	109801475	12	59
3	113945858	19	43
3	117910654	6	33
3	118378687	14	26
3	118626918	10	54
3	120817177	4	68
3	121084697	16	61
3	121321224	9	35
3	122588596	10	51
3	123868165	6	47
3	124818574	19	40
3	128066951	17	33
3	131220233	23	33
3	134869463	18	32
3	136144164	15	43
3	137300327	22	46
3	140843420	19	30
3	142386753	5	70
3	142962003	10	40
3	143438727	9	52
3	146038533	16	52
3	146810526	15	44
3	150388091	8	37
3	155912172	7	80
3	159292921	14	39
3	161863581	23	45
3	164254967	9	31
3	164553129	13	40
3	166510672	7	65
3	168968762	25	51
3	169737370	14	47
3	170683709	20	54
3	178936091	20	46
3	180244478	17	62
3	181544553	20	40
3	184248812	10	37
3	185100176	7	68
3	186390544	4	63
3	187130067	7	22
3	189602071	19	45
3	192671762	12	39
3	194581770	12	23
3	195849404	17	41
4	642767	6	51
4	1545829	28	22
4	6838885	4	32
4	10799199	31	31
4	12600988	6	68
4	12786344	6	56
4	17101025	9	64
4	18033208	4	54
4	20068667	5	57
4	20874548	8	69
4	23982822	5	57
4	38128545	24	31
4	39378451	6	34
4	42241350	8	53
4	53052180	37	38
4	54161839	5	67
4	59921737	38	27
4	60465418	35	40
4	60513190	28	38
4	61653672	35	35
4	71516119	20	38
4	73818114	25	38
4	76279678	21	18
4	77160798	12	59
4	78645275	7	55
4	80643505	6	73
4	82167326	38	31
4	83339993	25	28
4	85806873	32	37
4	91298011	27	34
4	94195465	8	52
4	94675780	6	64
4	97348644	8	45
4	99092582	28	21
4	101923833	4	64
4	102584541	31	22
4	105189230	11	41
4	107385494	5	51
4	107575442	4	68
4	109371357	5	56
4	112005549	8	70
4	112168830	6	53
4	112592323	12	52
4	113750718	4	38
4	114485085	11	46
4	114496923	4	69
4	115027640	7	60
4	123633794	7	55
4	128798642	5	34
4	130392104	34	32
4	133755060	44	43
4	135002003	4	55
4	138304814	15	62
4	139022932	23	36
4	146706947	6	54
4	151477909	26	38
4	156373178	7	60
4	157917931	28	30
4	162395860	4	41
4	162735448	5	62
4	165567876	28	33
4	166010835	5	45
4	167135152	25	31
4	171063924	5	65
4	171562888	5	66
4	176817640	23	29
4	177706897	7	63
4	179581864	38	44
4	181154083	6	67
4	189724052	5	57
4	189918897	4	57
5	128558	19	49
5	459118	15	36
5	2248145	29	46
5	5239518	4	47
5	5951330	9	44
5	6070131	15	73
5	6078194	15	58
5	7790826	16	32
5	8305361	14	59
5	14805866	10	41
5	18097717	17	39
5	18903948	7	58
5	19275096	18	45
5	30460098	17	45
5	32028017	6	52
5	32893000	8	51
5	35946185	13	25
5	35988994	19	57
5	37314414	11	51
5	37858107	13	38
5	45469108	25	40
5	50791376	16	50
5	51440475	20	59
5	54513736	3	40
5	54631411	17	59
5	56673170	18	48
5	58196788	19	42
5	60114670	12	28
5	60447728	17	49
5	63510190	12	38
5	64636360	18	47
5	65433629	17	52
5	66326241	15	44
5	71063763	12	47
5	74961938	24	50
5	78776669	14	43
5	78776678	16	43
5	82513343	12	47
5	84677819	18	53
5	85914838	14	46
5	88190635	18	49
5	96798625	15	45
5	101903465	18	56
5	104785708	4	59
5	111138906	26	49
5	115155943	24	41
5	118751119	16	43
5	123767104	7	67
5	125569042	22	57
5	129671444	27	48
5	134618601	17	47
5	136317535	20	40
5	144193556	12	57
5	147486804	23	46
5	149075234	8	53
5	151389416	16	46
5	153938706	13	32
5	156472457	15	32
5	158190319	6	45
5	160380008	18	41
5	160470094	10	48
5	164890483	20	47
5	164890496	21	48
5	168082332	6	45
5	168737046	11	34
5	169078755	7	36
5	171468699	10	36
5	175632865	8	28
5	177584090	12	38
5	179829595	18	41
6	2262977	5	65
6	6322747	16	44
6	6907922	6	45
6	7228134	15	38
6	7383541	15	40
6	14729736	4	56
6	18547218	20	49
6	22141377	14	40
6	22155026	10	39
6	22155027	10	40
6	25193804	30	49
6	26759985	15	34
6	27285578	23	74
6	29697893	10	31
6	41156626	7	50
6	41283641	10	59
6	41588588	13	45
6	44144336	4	39
6	45047303	17	41
6	45610317	15	30
6	45916559	6	70
6	49965317	13	37
6	53036496	18	27
6	56514008	19	26
6	61974579	20	40
6	62049069	15	51
6	66181487	5	63
6	72627835	15	36
6	73072256	4	66
6	77618501	8	37
6	83466518	13	52
6	85654179	5	43
6	93561131	10	30
6	93795311	5	26
6	98497696	6	54
6	101075154	17	37
6	110032742	4	51
6	113014440	6	56
6	114615800	11	35
6	115170588	12	25
6	119937072	12	38
6	121667570	22	44
6	122010566	16	63
6	124575005	5	22
6	124943788	18	33
6	125070340	4	38
6	126340911	5	78
6	128862139	5	56
6	129909803	11	50
6	130079231	18	49
6	130209567	21	50
6	133987429	20	48
6	134030252	19	38
6	135828851	7	55
6	139432489	14	31
6	142264463	16	47
6	152007016	21	46
6	154956392	5	28
6	156486700	4	56
6	156486701	4	54
6	159251237	10	37
6	161001576	21	30
6	161069581	15	61
6	162025698	20	42
6	163346764	15	39
6	164739894	18	41
6	165983845	19	45
6	167257637	19	44
6	167542847	15	32
6	169493370	5	59
6	170056768	15	20
7	119807	6	67
7	4027681	18	29
7	4647441	14	32
7	4804025	15	52
7	5295886	20	44
7	12880534	35	47
7	15047053	17	44
7	15822742	29	54
7	15822776	30	47
7	17122361	12	63
7	17566029	11	71
7	22658211	36	50
7	25524102	15	67
7	25574495	5	55
7	27827657	17	74
7	37703163	6	46
7	39952485	22	32
7	41370777	8	68
7	41526430	29	48
7	41976849	12	63
7	48155107	21	43
7	54169976	20	45
7	54574533	29	74
7	55266456	8	55
7	56018405	20	34
7	57428944	19	45
7	67229521	17	59
7	67675717	4	68
7	68571272	29	41
7	71872993	23	59
7	79464830	13	67
7	80740893	4	51
7	84546399	12	37
7	85133634	28	56
7	88716219	19	58
7	89363633	15	53
7	89725944	9	59
7	96135133	22	29
7	97453490	9	65
7	97645036	4	51
7	97657524	10	4
7	105354895	15	50
7	108841287	7	70
7	110541868	16	88
7	112449294	10	84
7	114292175	11	55
7	115807079	6	53
7	133695873	25	64
7	133698754	35	44
7	134423099	10	94
7	145164436	5	75
7	145389220	5	71
7	146036355	9	78
7	148046155	6	68
8	1628550	31	56
8	3284782	36	52
8	3636772	5	43
8	4546767	20	63
8	5132087	16	53
8	8247861	28	52
8	10338336	4	58
8	17610090	24	43
8	20594151	8	39
8	22051711	18	30
8	24422667	36	57
8	27023283	15	73
8	27746661	12	41
8	27970128	8	91
8	31103414	7	64
8	31279537	36	38
8	33295928	31	43
8	35889673	4	75
8	36759954	8	65
8	39173922	29	52
8	43531189	6	85
8	46883924	23	40
8	47097946	10	37
8	51393144	24	48
8	51811557	19	56
8	52252221	20	61
8	52995104	4	60
8	57106280	7	22
8	57934311	14	24
8	60383343	9	69
8	67109603	39	42
8	68395418	20	51
8	68489014	36	36
8	70174781	10	66
8	74261126	28	29
8	74880632	12	62
8	76490912	11	57
8	77422337	5	69
8	79534270	33	41
8	81361590	12	44
8	83072006	43	47
8	83897272	39	53
8	88779862	11	65
8	92872496	12	43
8	94504109	5	67
8	95089128	7	64
8	96952273	30	45
8	100355034	9	83
8	103292881	14	64
8	104639390	25	42
8	109137143	9	70
8	112708016	23	61
8	115688704	7	78
8	119102596	12	38
8	122679799	13	27
8	122770529	13	60
8	125998035	23	37
8	128072100	14	62
8	135583322	11	29
8	136030474	6	66
8	136043770	8	52
8	138280892	14	58
8	138389871	26	54
8	139266723	14	52
8	139727687	27	31
8	140179998	19	55
8	142248971	6	44
8	142743357	17	39
9	4433381	10	40
9	5627432	13	38
9	8732576	20	48
9	9576539	11	51
9	10523766	3	38
9	17577089	20	41
9	19389815	16	46
9	24379465	13	48
9	25494615	23	60
9	25897863	4	74
9	31654760	14	44
9	32132040	6	52
9	33482043	13	24
9	34493678	13	41
9	35124660	11	37
9	37149608	8	61
9	75812583	18	48
9	76444132	16	42
9	76444888	19	58
9	80976467	16	31
9	81562773	15	39
9	86883551	16	34
9	89157442	19	53
9	89513724	8	58
9	90587817	5	56
9	90691279	9	31
9	91790783	25	47
9	98817447	6	57
9	103459863	9	38
9	104273307	4	48
9	104950315	16	52
9	105823408	19	41
9	110063304	17	51
9	110192241	18	27
9	111995210	12	39
9	112442156	18	50
9	112563186	14	44
9	113357311	5	77
9	121974241	22	42
9	123420500	4	60
9	128907895	17	32
9	129325913	4	44
9	131630114	15	38
9	136236581	14	33
X	1699817	21	49
X	3739260	4	69
X	4602168	2	31
X	7036907	18	42
X	7242811	18	41
X	8120118	7	55
X	8521130	13	37
X	8587450	7	41
X	8958845	6	54
X	11404384	13	48
X	11896870	7	76
X	12150185	4	59
X	12599568	8	58
X	12751816	5	32
X	14151763	12	43
X	20670097	15	44
X	20887498	5	51
X	22561446	22	50
X	23085356	13	47
X	23294614	12	34
X	25344287	11	30
X	28087006	23	59
X	28480850	11	39
X	29284677	22	55
X	29328136	10	33
X	29860871	10	64
X	31276479	28	34
X	31494122	15	40
X	33356718	7	55
X	34946930	8	49
X	35569628	12	46
X	36292854	18	49
X	36593733	4	50
X	36898939	18	48
X	38286102	10	62
X	40211442	29	40
X	44271953	19	44
X	56007392	13	33
X	56202599	6	63
X	57060122	19	53
X	62917826	15	35
X	68854269	4	59
X	69402567	11	30
X	70042071	17	58
X	70647927	5	24
X	70886787	9	34
X	71674593	12	50
X	72279520	19	42
X	75328330	16	64
X	78694969	6	62
X	78799037	9	51
X	82271018	7	54
X	85153598	6	53
X	92597718	5	60
X	94875368	12	41
X	96457785	16	52
X	96564133	2	21
X	98682415	4	49
X	101074261	27	46
X	102085333	13	38
X	102964335	6	57
X	104017639	5	53
X	109270559	17	50
X	112575034	6	60
X	112876045	16	52
X	114566489	4	48
X	117039867	17	52
X	118144003	5	49
X	119168378	4	59
X	123068210	17	36
X	123403601	19	48
X	125785578	10	51
X	128290617	23	48
X	128594485	13	41
X	129952028	18	34
X	130503459	7	41
X	134423534	3	24
X	135615324	6	33
X	136816527	17	48
X	138145463	6	72
X	138242743	9	62
X	138649984	5	19
X	139046955	4	52
X	139956170	7	70
X	140397854	4	58
X	140840069	20	44
X	141439455	4	47
X	141897447	8	57
X	141932385	2	63
X	142148810	5	50
X	142786272	21	56
X	144253620	15	60
X	144847074	15	40
X	145192069	22	53
X	145872068	15	26
X	147651694	10	64
X	148329862	10	36
X	150347248	14	27
X	150896754	19	36
X	151323228	5	50
