chromosome_index position alt_count ref_count
1 6311551 8 25
1 12081808 8 37
1 71418611 27 151
1 108307785 11 49
1 111215835 20 66
1 145209300 3 6
1 151774430 13 88
1 152080772 22 135
1 152185612 39 80
1 152193511 13 100
1 154033097 11 128
1 158549454 16 92
1 166927077 18 125
1 169572294 17 90
1 178414760 16 95
1 197026201 14 71
1 204511962 14 94
1 207039928 69 393
1 220219778 6 18
2 20870362 3 10
2 27861084 10 40
2 50724814 24 71
2 56420020 6 32
2 70033572 19 98
2 86716717 10 64
2 119751970 16 73
2 121746631 9 22
2 168103997 10 45
2 197183523 5 46
2 202002532 7 30
2 205989155 16 83
2 232392858 9 77
3 49928023 8 35
3 124515266 19 142
3 140122503 32 193
3 154856014 19 75
3 167090733 25 32
3 178952007 15 55
3 193176728 4 18
4 70512808 4 37
4 126370611 16 67
4 183713739 41 178
5 1409887 8 77
5 7396565 12 66
5 7832018 40 113
5 13922344 16 46
5 16067798 39 52
5 32089722 26 138
5 79465284 16 56
5 141033762 20 75
6 11105535 9 39
6 26056139 112 127
6 26204985 44 72
6 33679443 3 31
6 84563444 5 48
6 126248844 7 115
6 127471646 26 42
6 143749634 10 44
6 160560841 15 64
7 77885499 6 47
7 81600126 6 52
7 88963320 7 56
7 91632525 29 295
7 98503872 7 119
7 98581821 30 332
8 26722075 10 52
8 30701489 19 87
8 56686167 3 48
8 75262744 8 30
8 101075729 13 86
8 104427550 12 56
8 104709365 16 73
8 133898821 11 225
9 8331655 32 76
9 40773447 7 41
9 79634960 4 12
9 111947780 8 46
9 118974066 24 126
9 134497285 7 25
9 136253262 23 71
10 96707655 50 79
10 115804689 6 4
10 118215240 19 40
10 124189486 3 34
11 30255256 9 47
11 33589770 9 21
11 56019933 19 54
11 61898025 12 55
11 62648671 7 14
11 66410965 25 108
11 68703977 8 93
11 92534124 7 29
11 108163407 99 148
11 124949017 37 181
12 6623969 21 124
12 23757383 17 108
12 44926420 48 74
12 46244555 9 92
12 53004496 9 104
12 56489534 65 93
12 57881806 19 84
12 104393227 22 102
12 121018991 12 62
12 129566418 9 73
12 133233758 15 66
13 29001983 21 74
13 29292018 14 106
13 42740687 17 120
14 24724611 10 38
14 31585523 36 58
14 65252605 57 180
14 77245378 17 47
14 94088124 13 80
15 52970229 20 74
15 56704540 14 80
15 56748664 8 61
15 74948184 40 132
15 78212095 81 388
15 81187373 14 130
15 84506901 15 114
15 86311859 15 63
15 87089267 6 91
15 91304081 15 201
15 100272076 7 71
16 2134593 8 24
16 21698841 33 81
16 29979459 21 147
16 46723060 3 13
16 79633675 10 46
17 7318354 9 37
17 10544483 13 56
17 19318451 33 65
17 28004742 11 117
17 29645449 11 50
17 33464132 10 71
17 40986840 66 78
17 43474031 15 44
17 51901650 11 72
17 58469380 6 27
17 79623539 5 19
18 44260170 27 79
18 63511056 19 46
18 76753964 9 12
19 2214633 3 11
19 9071727 24 126
19 14589279 4 22
19 38028045 6 65
19 41383171 37 199
19 43258561 120 218
19 44740983 11 25
19 49814483 12 42
19 49862699 79 115
19 54656052 12 83
19 55087526 24 69
19 56569735 8 39
19 58929139 15 73
20 16486769 29 155
20 18429663 18 124
20 34526800 17 83
20 34778617 9 92
20 40049424 53 288
20 42252656 47 607
20 42574562 5 126
20 44674590 35 336
20 49509123 11 226
20 55100041 17 203
20 61588204 9 90
21 31744376 9 97
21 31933515 18 140
21 38845158 19 72
21 42821220 17 73
22 36681783 8 20
22 38482283 13 23
22 40417550 7 39
