chromosome_index	start_position	end_position	major_cn	minor_cn	total_cn
1	1	1839901	1.0	1.0	2.0
1	1839902	1870393	3.0	1.0	4.0
1	1870394	11793735	1.0	1.0	2.0
1	11793736	11850256	2.0	1.0	3.0
1	11850257	16059858	1.0	1.0	2.0
1	16059859	16137504	2.0	1.0	3.0
1	16137505	30291064	1.0	1.0	2.0
1	30291065	30312006	2.0	1.0	3.0
1	30312007	31841098	1.0	1.0	2.0
1	31841099	31913395	2.0	1.0	3.0
1	31913396	85974745	1.0	1.0	2.0
1	85974746	108242977	1.0	1.0	2.0
1	108242978	108243620	1.0	0.0	1.0
1	108243621	120530602	1.0	0.0	1.0
1	120530603	121179985	1.0	0.0	1.0
1	121179986	121427801	1.0	0.0	1.0
1	128900000	143250938	3.0	0.0	3.0
1	143250939	144810801	3.0	1.0	4.0
1	144810802	145113801	4.0	2.0	6.0
1	145113802	149043742	4.0	2.0	6.0
1	149043743	149791600	4.0	2.0	6.0
1	149791601	151904034	4.0	2.0	6.0
1	151904035	151916785	4.0	2.0	6.0
1	151916786	151982568	4.0	4.0	8.0
1	151982569	152014519	4.0	3.0	7.0
1	152014520	155830243	4.0	2.0	6.0
1	155830244	155865596	4.0	4.0	8.0
1	155865597	165816276	4.0	2.0	6.0
1	165816277	165838230	3.0	1.0	4.0
1	165838231	174291029	4.0	2.0	6.0
1	174291030	174306671	3.0	1.0	4.0
1	174306672	174534079	4.0	2.0	6.0
1	174534080	174534785	4.0	2.0	6.0
1	174534786	176140585	4.0	2.0	6.0
1	176140586	176149576	4.0	2.0	6.0
1	176149577	179626367	4.0	2.0	6.0
1	179626368	187791590	2.0	2.0	4.0
1	187791591	189970990	3.0	2.0	5.0
1	189970991	190274649	3.0	2.0	5.0
1	190274650	190312435	2.0	1.0	3.0
1	190312436	192386163	2.0	2.0	4.0
1	192386164	192386217	2.0	2.0	4.0
1	192386218	209495020	2.0	2.0	4.0
1	209495021	209520956	2.0	2.0	4.0
1	209520957	209524846	4.0	4.0	8.0
1	209524847	209586121	4.0	4.0	8.0
1	209586122	209589214	4.0	4.0	8.0
1	209589215	209603776	1.0	1.0	2.0
1	209603777	215152879	2.0	2.0	4.0
1	215152880	228655299	2.0	2.0	4.0
1	228655300	228677236	1.0	1.0	2.0
1	228677237	234947794	2.0	2.0	4.0
1	234947795	235027744	3.0	2.0	5.0
1	235027745	245230830	2.0	2.0	4.0
1	245230831	245336169	2.0	0.0	2.0
1	245336170	247249600	2.0	2.0	4.0
1	247249601	249250620	2.0	2.0	4.0
2	20016	3693056	3.0	1.0	4.0
2	3693057	3697352	3.0	1.0	4.0
2	3697353	4200016	3.0	1.0	4.0
2	4200017	4208556	3.0	1.0	4.0
2	4208557	26203691	3.0	1.0	4.0
2	26203692	26245003	9.0	1.0	10.0
2	26245004	31295605	3.0	1.0	4.0
2	31295606	31309983	2.0	1.0	3.0
2	31309984	33221613	3.0	1.0	4.0
2	33221614	33224230	3.0	1.0	4.0
2	33224231	33226495	3.0	2.0	5.0
2	33226496	33243862	3.0	2.0	5.0
2	33243863	38612068	3.0	1.0	4.0
2	38612069	38618706	4.0	1.0	5.0
2	38618707	43887491	3.0	1.0	4.0
2	43887492	47572685	3.0	1.0	4.0
2	47572686	47600814	3.0	1.0	4.0
2	47600815	48554131	3.0	1.0	4.0
2	48554132	48556020	2.0	1.0	3.0
2	48556021	51567793	3.0	1.0	4.0
2	51567794	51572509	3.0	1.0	4.0
2	51572510	52819966	3.0	1.0	4.0
2	52819967	52988547	3.0	1.0	4.0
2	52988548	70040473	3.0	1.0	4.0
2	70040474	70416975	2.0	1.0	3.0
2	70416976	70422405	2.0	1.0	3.0
2	70422406	71496033	2.0	1.0	3.0
2	71496034	78336009	3.0	1.0	4.0
2	78336010	78338668	3.0	1.0	4.0
2	78338669	78711670	3.0	1.0	4.0
2	78711671	78729451	3.0	1.0	4.0
2	78729452	78839601	1.0	0.0	1.0
2	78839602	79084625	1.0	0.0	1.0
2	79084626	79272466	3.0	1.0	4.0
2	79272467	79275071	3.0	1.0	4.0
2	79275072	80408523	3.0	1.0	4.0
2	80408524	80413262	3.0	1.0	4.0
2	80413263	90499999	3.0	1.0	4.0
2	90500000	96799999	3.0	1.0	4.0
2	96800000	112180409	3.0	1.0	4.0
2	112180410	112276381	3.0	1.0	4.0
2	112276382	115301160	3.0	1.0	4.0
2	115301161	116690247	3.0	1.0	4.0
2	116690248	121504595	2.0	1.0	3.0
2	121504596	121532132	3.0	1.0	4.0
2	121532133	123980418	2.0	1.0	3.0
2	123980419	123981305	2.0	1.0	3.0
2	123981306	133680275	2.0	1.0	3.0
2	133680276	133770778	2.0	0.0	2.0
2	133770779	133781230	3.0	2.0	5.0
2	133781231	133860735	1.0	1.0	2.0
2	133860736	134087813	2.0	1.0	3.0
2	134087814	134295720	1.0	1.0	2.0
2	134295721	141467178	2.0	1.0	3.0
2	141467179	141477042	2.0	1.0	3.0
2	141477043	141514662	2.0	1.0	3.0
2	141514663	141769419	1.0	0.0	1.0
2	141769420	141968529	0.0	0.0	0.0
2	141968530	142006718	1.0	0.0	1.0
2	142006719	142007800	1.0	0.0	1.0
2	142007801	142330617	1.0	0.0	1.0
2	142330618	142355522	2.0	1.0	3.0
2	142355523	142361108	2.0	1.0	3.0
2	142361109	148653930	2.0	1.0	3.0
2	148653931	148662251	2.0	1.0	3.0
2	148662252	154383578	2.0	1.0	3.0
2	154383579	154399430	2.0	1.0	3.0
2	154399431	155122016	2.0	1.0	3.0
2	155122017	155190333	2.0	0.0	2.0
2	155190334	165687244	2.0	1.0	3.0
2	165687245	165756364	2.0	2.0	4.0
2	165756365	178027029	2.0	1.0	3.0
2	178027030	178115777	3.0	1.0	4.0
2	178115778	178133586	5.0	1.0	6.0
2	178133587	178152115	3.0	1.0	4.0
2	178152116	178225144	2.0	1.0	3.0
2	178225145	178228726	2.0	1.0	3.0
2	178228727	178251682	2.0	1.0	3.0
2	178251683	187629607	1.0	1.0	2.0
2	187629608	187638398	1.0	1.0	2.0
2	187638399	188297462	1.0	1.0	2.0
2	188297463	188313077	2.0	1.0	3.0
2	188313078	190347196	1.0	1.0	2.0
2	190347197	190435525	2.0	1.0	3.0
2	190435526	206361383	1.0	1.0	2.0
2	206361384	206388045	1.0	1.0	2.0
2	206388046	213519365	1.0	1.0	2.0
2	213519366	213843933	1.0	0.0	1.0
2	213843934	224465082	1.0	1.0	2.0
2	224465083	224542374	2.0	1.0	3.0
2	224542375	242955889	1.0	1.0	2.0
3	100074	20424586	2.0	0.0	2.0
3	20424587	20545945	1.0	0.0	1.0
3	20545946	21266391	2.0	0.0	2.0
3	21266392	42032598	2.0	0.0	2.0
3	42032599	42039513	2.0	0.0	2.0
3	42039514	45195133	2.0	0.0	2.0
3	45195134	45302802	4.0	0.0	4.0
3	45302803	45302860	4.0	0.0	4.0
3	45302861	45316192	4.0	0.0	4.0
3	45316193	50163710	2.0	0.0	2.0
3	50163711	50235424	2.0	0.0	2.0
3	50235425	60823641	2.0	0.0	2.0
3	60823642	60863236	1.0	0.0	1.0
3	60863237	60913235	1.0	0.0	1.0
3	60913236	60966120	2.0	0.0	2.0
3	60966121	60976030	2.0	0.0	2.0
3	60976031	73078334	2.0	0.0	2.0
3	73078335	73089906	2.0	0.0	2.0
3	73089907	75909648	2.0	0.0	2.0
3	75909649	75952516	3.0	0.0	3.0
3	75952517	75976210	2.0	0.0	2.0
3	75976211	76158701	1.0	0.0	1.0
3	76158702	76332466	2.0	0.0	2.0
3	76332467	76362448	1.0	0.0	1.0
3	76362449	76384232	1.0	0.0	1.0
3	76384233	76700242	1.0	0.0	1.0
3	76700243	76949030	2.0	0.0	2.0
3	76949031	76951564	2.0	0.0	2.0
3	76951565	80159574	2.0	0.0	2.0
3	80159575	80875579	2.0	0.0	2.0
3	80875580	81538315	3.0	0.0	3.0
3	81538316	85456828	2.0	0.0	2.0
3	85456829	85463583	1.0	0.0	1.0
3	85463584	85499050	2.0	0.0	2.0
3	85499051	85544570	1.0	0.0	1.0
3	85544571	87899999	2.0	0.0	2.0
3	93900000	123591032	3.0	0.0	3.0
3	123591033	123591145	3.0	0.0	3.0
3	123591146	123946410	3.0	0.0	3.0
3	123946411	123997089	4.0	0.0	4.0
3	123997090	124019243	3.0	0.0	3.0
3	124019244	124052291	4.0	0.0	4.0
3	124052292	128738782	3.0	0.0	3.0
3	128738783	128786412	4.0	0.0	4.0
3	128786413	129766412	3.0	0.0	3.0
3	129766413	130772001	3.0	0.0	3.0
3	130772002	131622694	3.0	2.0	5.0
3	131622695	131623570	3.0	2.0	5.0
3	131623571	135880577	3.0	2.0	5.0
3	135880578	135905621	3.0	2.0	5.0
3	135905622	136412516	3.0	2.0	5.0
3	136412517	136429516	3.0	2.0	5.0
3	136429517	136558747	3.0	2.0	5.0
3	136558748	136586798	3.0	2.0	5.0
3	136586799	136800264	3.0	2.0	5.0
3	136800265	136842422	4.0	2.0	6.0
3	136842423	143669834	3.0	2.0	5.0
3	143669835	143676993	3.0	2.0	5.0
3	143676994	146963186	3.0	2.0	5.0
3	146963187	146968102	3.0	2.0	5.0
3	146968103	149702961	3.0	2.0	5.0
3	149702962	149712747	3.0	2.0	5.0
3	149712748	157257375	3.0	2.0	5.0
3	157257376	157836701	4.0	2.0	6.0
3	157836702	163450151	4.0	2.0	6.0
3	163450152	163454107	4.0	2.0	6.0
3	163454108	163840548	4.0	2.0	6.0
3	163840549	163842074	4.0	2.0	6.0
3	163842075	168636986	4.0	2.0	6.0
3	168636987	168654831	4.0	2.0	6.0
3	168654832	174193569	4.0	2.0	6.0
3	174193570	174401995	2.0	1.0	3.0
3	174401996	174631054	4.0	2.0	6.0
3	174631055	174697751	4.0	2.0	6.0
3	174697752	188927037	4.0	2.0	6.0
3	188927038	188962999	9.0	4.0	13.0
3	188963000	188963055	9.0	4.0	13.0
3	188963056	188963949	9.0	4.0	13.0
3	188963950	188967130	9.0	4.0	13.0
3	188967131	188967269	9.0	4.0	13.0
3	188967270	188987495	9.0	4.0	13.0
3	188987496	188995331	9.0	4.0	13.0
3	188995332	189004943	9.0	4.0	13.0
3	189004944	189028752	9.0	4.0	13.0
3	189028753	189029792	9.0	4.0	13.0
3	189029793	189038529	6.0	3.0	9.0
3	189038530	189048655	6.0	3.0	9.0
3	189048656	189073829	6.0	3.0	9.0
3	189073830	189579680	4.0	2.0	6.0
3	189579681	189591326	4.0	4.0	8.0
3	189591327	189638006	8.0	4.0	12.0
3	189638007	189641831	8.0	4.0	12.0
3	189641832	189668643	8.0	5.0	13.0
3	189668644	189672834	7.0	4.0	11.0
3	189672835	189687326	5.0	2.0	7.0
3	189687327	189791771	4.0	4.0	8.0
3	189791772	190597006	4.0	2.0	6.0
3	190597007	196551308	3.0	2.0	5.0
3	196551309	196618484	3.0	3.0	6.0
3	196618485	196921986	3.0	2.0	5.0
3	196921987	196929802	3.0	2.0	5.0
3	196929803	198022429	3.0	2.0	5.0
4	27500	4117414	2.0	0.0	2.0
4	4117415	4125878	2.0	0.0	2.0
4	4125879	36746923	2.0	0.0	2.0
4	36746924	36759487	2.0	0.0	2.0
4	36759488	42727610	2.0	0.0	2.0
4	42727611	42730230	2.0	0.0	2.0
4	42730231	45331333	2.0	0.0	2.0
4	45331334	47945823	2.0	0.0	2.0
4	47945824	48199999	2.0	0.0	2.0
4	48200000	52699999	2.0	0.0	2.0
4	52700000	62776191	2.0	0.0	2.0
4	62776192	62781092	2.0	0.0	2.0
4	62781093	91641252	2.0	0.0	2.0
4	91641253	91671975	1.0	0.0	1.0
4	91671976	91779802	2.0	0.0	2.0
4	91779803	91794890	1.0	0.0	1.0
4	91794891	99759585	2.0	0.0	2.0
4	99759586	99767050	2.0	0.0	2.0
4	99767051	100313811	2.0	0.0	2.0
4	100313812	100350566	2.0	0.0	2.0
4	100350567	110828396	2.0	0.0	2.0
4	110828397	110834530	2.0	0.0	2.0
4	110834531	135570918	2.0	0.0	2.0
4	135570919	135582358	1.0	0.0	1.0
4	135582359	154059125	2.0	0.0	2.0
4	154059126	154087799	3.0	0.0	3.0
4	154087800	164411555	2.0	0.0	2.0
4	164411556	164424934	3.0	0.0	3.0
4	164424935	190780046	2.0	0.0	2.0
5	15204	65202	2.0	1.0	3.0
5	65203	119740	2.0	2.0	4.0
5	119741	170350	2.0	2.0	4.0
5	170351	894000	2.0	2.0	4.0
5	894001	943838	2.0	2.0	4.0
5	943839	955729	3.0	2.0	5.0
5	955730	11531496	2.0	2.0	4.0
5	11531497	11537837	2.0	2.0	4.0
5	11537838	29118526	2.0	2.0	4.0
5	29118527	29118669	2.0	2.0	4.0
5	29118670	29121311	2.0	2.0	4.0
5	29121312	29121335	2.0	1.0	3.0
5	29121336	29545979	2.0	1.0	3.0
5	29545980	34771715	2.0	2.0	4.0
5	34771716	34791957	2.0	1.0	3.0
5	34791958	45747314	2.0	2.0	4.0
5	45747315	45750101	2.0	2.0	4.0
5	50700000	58292308	2.0	0.0	2.0
5	58292309	58988976	1.0	0.0	1.0
5	58988977	66147397	2.0	0.0	2.0
5	66147398	66149171	2.0	0.0	2.0
5	66149172	89450961	2.0	0.0	2.0
5	89450962	108678960	2.0	0.0	2.0
5	108678961	108679466	2.0	0.0	2.0
5	108679467	134150130	2.0	0.0	2.0
5	134150131	134150786	2.0	0.0	2.0
5	134150787	151152531	2.0	0.0	2.0
5	151152532	151164437	2.0	0.0	2.0
5	151164438	163971445	2.0	0.0	2.0
5	163971446	164149168	1.0	0.0	1.0
5	164149169	180734241	2.0	0.0	2.0
6	190844	246600	3.0	1.0	4.0
6	246601	380602	2.0	1.0	3.0
6	380603	20921148	2.0	1.0	3.0
6	20921149	20933545	2.0	1.0	3.0
6	20933546	22431939	2.0	1.0	3.0
6	22431940	22444014	2.0	1.0	3.0
6	22444015	23039977	2.0	1.0	3.0
6	23039978	24715835	2.0	2.0	4.0
6	24715836	24822046	3.0	2.0	5.0
6	24822047	25220005	2.0	2.0	4.0
6	25220006	30959516	2.0	1.0	3.0
6	30959517	30972824	3.0	1.0	4.0
6	30972825	42860716	2.0	1.0	3.0
6	42860717	42890220	2.0	1.0	3.0
6	42890221	45010047	2.0	1.0	3.0
6	45010048	45012639	2.0	1.0	3.0
6	45012640	52145355	2.0	1.0	3.0
6	52145356	52154652	2.0	1.0	3.0
6	52154653	53411526	2.0	1.0	3.0
6	53411527	53528560	1.0	1.0	2.0
6	53528561	58699999	2.0	1.0	3.0
6	58700000	63299999	2.0	1.0	3.0
6	63300000	66077499	2.0	1.0	3.0
6	66077500	68555273	2.0	1.0	3.0
6	68555274	84324180	2.0	0.0	2.0
6	84324181	84385238	3.0	0.0	3.0
6	84385239	101202104	2.0	0.0	2.0
6	101202105	101269794	1.0	0.0	1.0
6	101269795	103733988	2.0	0.0	2.0
6	103733989	119504879	2.0	0.0	2.0
6	119504880	119516258	3.0	0.0	3.0
6	119516259	119517542	2.0	0.0	2.0
6	119517543	119519709	2.0	0.0	2.0
6	119519710	123265442	2.0	0.0	2.0
6	123265443	123853753	2.0	0.0	2.0
6	123853754	125410665	2.0	0.0	2.0
6	125410666	125431643	2.0	0.0	2.0
6	125431644	128290505	2.0	0.0	2.0
6	128290506	128304450	4.0	0.0	4.0
6	128304451	138393519	2.0	0.0	2.0
6	138393520	138432536	3.0	0.0	3.0
6	138432537	148239730	2.0	0.0	2.0
6	148239731	148325447	1.0	0.0	1.0
6	148325448	162680005	2.0	0.0	2.0
6	162680006	162870067	1.0	0.0	1.0
6	162870068	170921585	2.0	0.0	2.0
7	40386	3406251	2.0	1.0	3.0
7	3406252	3573853	2.0	0.0	2.0
7	3573854	8157511	2.0	1.0	3.0
7	8157512	8250374	1.0	1.0	2.0
7	8250375	11020792	2.0	1.0	3.0
7	11020793	11023647	2.0	1.0	3.0
7	11023648	11028509	2.0	1.0	3.0
7	11028510	11153484	1.0	1.0	2.0
7	11153485	17032550	2.0	1.0	3.0
7	17032551	17164962	3.0	1.0	4.0
7	17164963	39999930	2.0	1.0	3.0
7	39999931	40010672	2.0	1.0	3.0
7	40010673	54729293	2.0	1.0	3.0
7	54729294	54752204	3.0	1.0	4.0
7	54752205	57999999	2.0	1.0	3.0
7	58000000	61699999	2.0	1.0	3.0
7	61700000	67274337	2.0	1.0	3.0
7	67274338	67593187	3.0	1.0	4.0
7	67593188	67597885	3.0	1.0	4.0
7	67597886	67994224	3.0	1.0	4.0
7	67994225	68539415	2.0	1.0	3.0
7	68539416	68542818	2.0	1.0	3.0
7	68542819	69827191	2.0	1.0	3.0
7	69827192	70075169	1.0	1.0	2.0
7	70075170	88841725	2.0	1.0	3.0
7	88841726	99618297	2.0	1.0	3.0
7	99618298	99646679	2.0	2.0	4.0
7	99646680	99698660	3.0	1.0	4.0
7	99698661	99748431	3.0	1.0	4.0
7	99748432	105973278	2.0	1.0	3.0
7	105973279	106090639	3.0	1.0	4.0
7	106090640	110783132	2.0	1.0	3.0
7	110783133	110862568	1.0	1.0	2.0
7	110862569	121086790	2.0	1.0	3.0
7	121086791	121161203	2.0	2.0	4.0
7	121161204	141092479	2.0	1.0	3.0
7	141092480	141269336	2.0	2.0	4.0
7	141269337	142778516	2.0	0.0	2.0
7	142778517	146594347	2.0	0.0	2.0
7	146594348	146596796	2.0	0.0	2.0
7	146596797	158821400	2.0	0.0	2.0
8	10001	155756	1.0	1.0	2.0
8	155757	2219831	1.0	1.0	2.0
8	2219832	2224453	1.0	1.0	2.0
8	2224454	3273294	1.0	1.0	2.0
8	3273295	3290244	1.0	1.0	2.0
8	3290245	13133322	1.0	1.0	2.0
8	13133323	13134599	1.0	1.0	2.0
8	13134600	15464887	1.0	1.0	2.0
8	15464888	15538221	1.0	0.0	1.0
8	15538222	35744472	1.0	1.0	2.0
8	35744473	35745786	1.0	1.0	2.0
8	35745787	35904943	4.0	1.0	5.0
8	35904944	36198215	3.0	1.0	4.0
8	36198216	37339794	4.0	1.0	5.0
8	37339795	43099999	3.0	1.0	4.0
8	48100000	64117696	2.0	1.0	3.0
8	64117697	64131122	2.0	1.0	3.0
8	64131123	98094853	2.0	1.0	3.0
8	98094854	98103856	2.0	1.0	3.0
8	98103857	100362743	2.0	1.0	3.0
8	100362744	100375901	2.0	1.0	3.0
8	100375902	103692199	2.0	1.0	3.0
8	103692200	103793452	2.0	2.0	4.0
8	103793453	105621547	2.0	1.0	3.0
8	105621548	105622742	2.0	1.0	3.0
8	105622743	108318535	2.0	1.0	3.0
8	108318536	108319327	2.0	1.0	3.0
8	108319328	115216074	2.0	1.0	3.0
8	115216075	115218908	2.0	1.0	3.0
8	115218909	115578723	2.0	1.0	3.0
8	115578724	115663736	1.0	1.0	2.0
8	115663737	119512582	2.0	1.0	3.0
8	119512583	119513689	2.0	1.0	3.0
8	119513690	125832480	2.0	1.0	3.0
8	125832481	125889893	2.0	1.0	3.0
8	125889894	128075945	2.0	1.0	3.0
8	128075946	128190546	1.0	1.0	2.0
8	128190547	146364021	2.0	1.0	3.0
9	47500	203760	2.0	0.0	2.0
9	203761	6930606	2.0	0.0	2.0
9	6930607	7128688	1.0	0.0	1.0
9	7128689	8417787	2.0	0.0	2.0
9	8417788	8418468	2.0	0.0	2.0
9	8418469	8804204	2.0	0.0	2.0
9	8804205	8876768	1.0	0.0	1.0
9	8876769	9520363	2.0	0.0	2.0
9	9520364	9759419	1.0	0.0	1.0
9	9759420	17177900	2.0	0.0	2.0
9	17177901	17180439	2.0	0.0	2.0
9	17180440	20703483	2.0	0.0	2.0
9	20703484	23360912	0.0	0.0	0.0
9	23360913	43849232	2.0	0.0	2.0
9	43849233	47299999	2.0	0.0	2.0
9	47300000	50699999	2.0	0.0	2.0
9	50700000	65638230	2.0	0.0	2.0
9	65638231	69888200	2.0	0.0	2.0
9	69888201	79127832	3.0	0.0	3.0
9	79127833	86186992	3.0	0.0	3.0
9	86186993	86309279	2.0	0.0	2.0
9	86309280	87026616	3.0	0.0	3.0
9	87026617	87086249	4.0	0.0	4.0
9	87086250	95450944	3.0	0.0	3.0
9	95450945	95564309	3.0	0.0	3.0
9	95564310	98452229	3.0	0.0	3.0
9	98452230	98456213	3.0	0.0	3.0
9	98456214	99778456	3.0	0.0	3.0
9	99778457	99779147	3.0	0.0	3.0
9	99779148	104048216	3.0	0.0	3.0
9	104048217	104048698	3.0	0.0	3.0
9	104048699	104048741	3.0	0.0	3.0
9	104048742	104083821	4.0	0.0	4.0
9	104083822	104100546	4.0	0.0	4.0
9	104100547	104106447	4.0	0.0	4.0
9	104106448	104135497	5.0	0.0	5.0
9	104135498	104181712	4.0	0.0	4.0
9	104181713	108193444	3.0	0.0	3.0
9	108193445	108810515	2.0	0.0	2.0
9	108810516	113030393	3.0	0.0	3.0
9	113030394	113057661	4.0	0.0	4.0
9	113057662	114334228	3.0	0.0	3.0
9	114334229	114392189	4.0	0.0	4.0
9	114392190	117940223	3.0	0.0	3.0
9	117940224	118037706	4.0	0.0	4.0
9	118037707	119701371	3.0	0.0	3.0
9	119701372	119994227	2.0	0.0	2.0
9	119994228	129450058	3.0	0.0	3.0
9	129450059	132255358	2.0	0.0	2.0
9	132255359	132257934	2.0	0.0	2.0
9	132257935	140273200	2.0	0.0	2.0
10	93528	4998880	3.0	0.0	3.0
10	4998881	5029018	3.0	0.0	3.0
10	5029019	5070969	3.0	0.0	3.0
10	5070970	5145421	4.0	0.0	4.0
10	5145422	5490146	3.0	0.0	3.0
10	5490147	5599962	6.0	3.0	9.0
10	5599963	10847152	3.0	0.0	3.0
10	10847153	10849145	3.0	0.0	3.0
10	10849146	13060267	3.0	0.0	3.0
10	13060268	13106670	4.0	0.0	4.0
10	13106671	20141752	3.0	0.0	3.0
10	20141753	20273336	2.0	0.0	2.0
10	20273337	36013568	3.0	0.0	3.0
10	36013569	36017118	3.0	0.0	3.0
10	36017119	36760787	3.0	0.0	3.0
10	36760788	36761344	3.0	0.0	3.0
10	36761345	37999999	3.0	0.0	3.0
10	38000000	42299999	3.0	0.0	3.0
10	42300000	78220042	3.0	0.0	3.0
10	78220043	78299493	1.0	0.0	1.0
10	78299494	78307434	3.0	0.0	3.0
10	78307435	79608242	3.0	0.0	3.0
10	79608243	79635061	2.0	0.0	2.0
10	79635062	81142651	3.0	0.0	3.0
10	81142652	81169642	4.0	0.0	4.0
10	81169643	85233742	3.0	0.0	3.0
10	85233743	85246443	2.0	0.0	2.0
10	85246444	85343041	3.0	0.0	3.0
10	85343042	85344770	3.0	0.0	3.0
10	85344771	89609422	1.0	0.0	1.0
10	89609423	89648410	0.0	0.0	0.0
10	89648411	105608730	1.0	0.0	1.0
10	105608731	105675162	2.0	0.0	2.0
10	105675163	106476093	1.0	0.0	1.0
10	106476094	135389924	1.0	1.0	2.0
11	20721	197336	3.0	0.0	3.0
11	197337	4897994	3.0	0.0	3.0
11	4897995	4913365	3.0	0.0	3.0
11	4913366	13301900	3.0	0.0	3.0
11	13301901	13622233	3.0	2.0	5.0
11	13622234	13622651	3.0	2.0	5.0
11	13622652	13623512	3.0	3.0	6.0
11	13623513	14424510	4.0	3.0	7.0
11	14424511	14426296	4.0	3.0	7.0
11	14426297	18110197	3.0	2.0	5.0
11	18110198	18110310	3.0	2.0	5.0
11	18110311	18113688	3.0	2.0	5.0
11	18113689	18113808	3.0	2.0	5.0
11	18113809	19603416	3.0	2.0	5.0
11	19603417	19749373	3.0	2.0	5.0
11	19749374	19873260	3.0	2.0	5.0
11	19873261	31484732	3.0	1.0	4.0
11	31484733	31784975	2.0	1.0	3.0
11	31784976	32801265	3.0	1.0	4.0
11	32801266	32870339	3.0	2.0	5.0
11	32870340	42402006	3.0	1.0	4.0
11	42402007	51599999	2.0	1.0	3.0
11	51600000	56583724	2.0	1.0	3.0
11	56583725	56588355	2.0	1.0	3.0
11	56588356	59543377	2.0	1.0	3.0
11	59543378	59654156	1.0	1.0	2.0
11	59654157	65209937	2.0	1.0	3.0
11	65209938	65211675	2.0	1.0	3.0
11	65211676	70883992	2.0	1.0	3.0
11	70883993	70924321	1.0	1.0	2.0
11	70924322	89927226	2.0	1.0	3.0
11	89927227	89933476	2.0	1.0	3.0
11	89933477	95232473	2.0	1.0	3.0
11	95232474	95299636	3.0	1.0	4.0
11	95299637	100379037	2.0	1.0	3.0
11	100379038	100453494	3.0	2.0	5.0
11	100453495	127626141	2.0	1.0	3.0
11	127626142	127639203	2.0	1.0	3.0
11	127639204	127851031	2.0	1.0	3.0
11	127851032	127859901	2.0	1.0	3.0
11	127859902	129085745	2.0	1.0	3.0
11	129085746	129085941	2.0	1.0	3.0
11	129085942	129990320	2.0	1.0	3.0
11	129990321	130013668	2.0	2.0	4.0
11	130013669	130013710	2.0	2.0	4.0
11	130013711	134452200	2.0	1.0	3.0
12	110107	188284	2.0	1.0	3.0
12	188285	978118	2.0	1.0	3.0
12	978119	1116780	2.0	0.0	2.0
12	1116781	6388476	2.0	1.0	3.0
12	6388477	6412190	2.0	1.0	3.0
12	6412191	6580164	2.0	1.0	3.0
12	6580165	6610281	3.0	1.0	4.0
12	6610282	16738409	2.0	1.0	3.0
12	16738410	16752730	2.0	1.0	3.0
12	16752731	33299999	2.0	1.0	3.0
12	33300000	38199999	2.0	1.0	3.0
12	38200000	52507522	2.0	1.0	3.0
12	52507523	52550515	4.0	1.0	5.0
12	52550516	52881293	2.0	1.0	3.0
12	52881294	53714181	2.0	1.0	3.0
12	53714182	53745215	2.0	1.0	3.0
12	53745216	75893846	2.0	1.0	3.0
12	75893847	75915641	3.0	1.0	4.0
12	75915642	75954583	3.0	1.0	4.0
12	75954584	76004583	2.0	1.0	3.0
12	76004584	76071509	2.0	1.0	3.0
12	76071510	76120707	8.0	1.0	9.0
12	76120708	76120868	7.0	1.0	8.0
12	76120869	79995098	2.0	1.0	3.0
12	79995099	79999013	4.0	1.0	5.0
12	79999014	80265296	4.0	1.0	5.0
12	80265297	81237606	3.0	1.0	4.0
12	81237607	85903872	1.0	1.0	2.0
12	85903873	86122997	1.0	0.0	1.0
12	86122998	91119633	1.0	1.0	2.0
12	91119634	91157114	3.0	1.0	4.0
12	91157115	91169958	3.0	1.0	4.0
12	91169959	91178724	7.0	1.0	8.0
12	91178725	91182224	7.0	1.0	8.0
12	91182225	91212087	7.0	1.0	8.0
12	91212088	91218172	14.0	1.0	15.0
12	91218173	91223694	14.0	1.0	15.0
12	91223695	91223932	14.0	1.0	15.0
12	91223933	91241112	14.0	1.0	15.0
12	91241113	91244748	14.0	1.0	15.0
12	91244749	91244850	14.0	0.0	14.0
12	91244851	91265624	10.0	1.0	11.0
12	91265625	91267004	10.0	1.0	11.0
12	91267005	91270146	10.0	1.0	11.0
12	91270147	91277713	8.0	1.0	9.0
12	91277714	91281588	8.0	1.0	9.0
12	91281589	91288296	10.0	1.0	11.0
12	91288297	91291530	10.0	1.0	11.0
12	91291531	91320679	10.0	1.0	11.0
12	91320680	91333637	1.0	1.0	2.0
12	91333638	91343535	1.0	1.0	2.0
12	91343536	91355152	1.0	1.0	2.0
12	91355153	91366256	1.0	1.0	2.0
12	91366257	102496364	1.0	1.0	2.0
12	102496365	102528996	1.0	0.0	1.0
12	102528997	104592485	1.0	1.0	2.0
12	104592486	104621742	1.0	1.0	2.0
12	104621743	110486408	1.0	1.0	2.0
12	110486409	110488586	1.0	1.0	2.0
12	110488587	118244954	1.0	1.0	2.0
12	118244955	118314977	2.0	1.0	3.0
12	118314978	121411093	1.0	1.0	2.0
12	121411094	121414842	1.0	1.0	2.0
12	121414843	122719004	1.0	1.0	2.0
12	122719005	122774070	2.0	1.0	3.0
12	122774071	127110957	1.0	1.0	2.0
12	127110958	127113961	1.0	1.0	2.0
12	127113962	132349400	1.0	1.0	2.0
12	132349401	133851894	1.0	1.0	2.0
13	1	16299999	2.0	0.0	2.0
13	16300000	19499999	2.0	0.0	2.0
13	19500000	42520531	2.0	0.0	2.0
13	42520532	42670241	3.0	0.0	3.0
13	42670242	46549786	2.0	0.0	2.0
13	46549787	46558620	2.0	2.0	4.0
13	46558621	46562185	2.0	2.0	4.0
13	46562186	46582486	2.0	2.0	4.0
13	46582487	58783967	2.0	1.0	3.0
13	58783968	58786643	2.0	1.0	3.0
13	58786644	61461162	2.0	1.0	3.0
13	61461163	65820486	2.0	1.0	3.0
13	65820487	65820523	2.0	1.0	3.0
13	65820524	77577289	2.0	0.0	2.0
13	77577290	77596251	3.0	0.0	3.0
13	77596252	99176665	2.0	0.0	2.0
13	99176666	99181565	2.0	0.0	2.0
13	99181566	113071701	2.0	0.0	2.0
13	113071702	113202255	2.0	0.0	2.0
13	113202256	113207226	2.0	0.0	2.0
13	113207227	114142800	2.0	0.0	2.0
13	114142801	115169877	2.0	0.0	2.0
14	16100000	19099999	2.0	0.0	2.0
14	19100000	20377500	2.0	1.0	3.0
14	20377501	24311253	3.0	0.0	3.0
14	24311254	27954346	4.0	0.0	4.0
14	27954347	27957827	4.0	0.0	4.0
14	27957828	46843554	4.0	0.0	4.0
14	46843555	46871119	3.0	0.0	3.0
14	46871120	50320431	4.0	0.0	4.0
14	50320432	59220394	4.0	0.0	4.0
14	59220395	59220730	4.0	0.0	4.0
14	59220731	59220924	4.0	0.0	4.0
14	59220925	59221033	4.0	0.0	4.0
14	59221034	59221125	4.0	0.0	4.0
14	59221126	77333149	4.0	0.0	4.0
14	77333150	77440823	6.0	0.0	6.0
14	77440824	95762711	4.0	0.0	4.0
14	95762712	95763949	4.0	0.0	4.0
14	95763950	106368400	4.0	0.0	4.0
15	1	15799999	1.0	1.0	2.0
15	20700000	25317132	1.0	1.0	2.0
15	25317133	25318293	1.0	1.0	2.0
15	25318294	25667806	1.0	1.0	2.0
15	25667807	25674432	1.0	1.0	2.0
15	25674433	27897449	1.0	1.0	2.0
15	27897450	27899345	1.0	1.0	2.0
15	27899346	43670721	1.0	1.0	2.0
15	43670722	51209673	3.0	1.0	4.0
15	51209674	56252910	3.0	1.0	4.0
15	56252911	59999683	3.0	1.0	4.0
15	59999684	60007549	4.0	1.0	5.0
15	60007550	65676114	3.0	1.0	4.0
15	65676115	67134453	2.0	1.0	3.0
15	67134454	67138044	2.0	1.0	3.0
15	67138045	81384142	2.0	1.0	3.0
15	81384143	81434250	2.0	1.0	3.0
15	81434251	82465640	2.0	1.0	3.0
15	82465641	90660314	3.0	1.0	4.0
15	90660315	90737662	4.0	1.0	5.0
15	90737663	90914941	3.0	1.0	4.0
15	90914942	92431411	3.0	2.0	5.0
15	92431412	92450985	2.0	2.0	4.0
15	92450986	92480088	2.0	1.0	3.0
15	92480089	92514322	3.0	2.0	5.0
15	92514323	100338800	3.0	2.0	5.0
15	100338801	102531391	3.0	2.0	5.0
16	83802	2201297	1.0	1.0	2.0
16	2201298	2246630	1.0	1.0	2.0
16	2246631	7522421	1.0	1.0	2.0
16	7522422	7526056	1.0	1.0	2.0
16	7526057	15931784	1.0	1.0	2.0
16	15931785	15948457	2.0	1.0	3.0
16	15948458	16009247	2.0	2.0	4.0
16	16009248	16056451	2.0	1.0	3.0
16	16056452	20561328	1.0	1.0	2.0
16	20561329	20563527	3.0	1.0	4.0
16	20563528	21265504	3.0	1.0	4.0
16	21265505	21270225	3.0	1.0	4.0
16	21270226	22787789	3.0	1.0	4.0
16	22787790	22837884	4.0	1.0	5.0
16	22837885	34173201	3.0	1.0	4.0
16	38600000	46447499	2.0	0.0	2.0
16	46447500	47309292	2.0	0.0	2.0
16	47309293	47316840	2.0	0.0	2.0
16	47316841	53370902	2.0	0.0	2.0
16	53370903	53378667	2.0	0.0	2.0
16	53378668	57336179	2.0	0.0	2.0
16	57336180	57342057	2.0	0.0	2.0
16	57342058	74400621	2.0	0.0	2.0
16	74400622	74456473	2.0	0.0	2.0
16	74456474	78002554	2.0	0.0	2.0
16	78002555	78015312	3.0	0.0	3.0
16	78015313	81515150	2.0	0.0	2.0
16	81515151	81523759	2.0	0.0	2.0
16	81523760	84633244	2.0	0.0	2.0
16	84633245	84662696	4.0	0.0	4.0
16	84662697	85333313	2.0	0.0	2.0
16	85333314	85361041	3.0	0.0	3.0
16	85361042	88827200	2.0	0.0	2.0
16	88827201	90354752	2.0	0.0	2.0
17	7	1834336	2.0	0.0	2.0
17	1834337	1842249	3.0	0.0	3.0
17	1842250	1844483	2.0	0.0	2.0
17	1844484	1848737	3.0	0.0	3.0
17	1848738	1849580	3.0	0.0	3.0
17	1849581	1857138	3.0	0.0	3.0
17	1857139	2107228	2.0	0.0	2.0
17	2107229	2113788	2.0	0.0	2.0
17	2113789	4720366	2.0	0.0	2.0
17	4720367	4846584	2.0	0.0	2.0
17	4846585	18298150	2.0	0.0	2.0
17	18298151	18478930	2.0	0.0	2.0
17	18478931	22199999	2.0	0.0	2.0
17	25800000	31414532	2.0	1.0	3.0
17	31414533	31417191	2.0	1.0	3.0
17	31417192	40895120	2.0	1.0	3.0
17	40895121	40896204	2.0	1.0	3.0
17	40896205	42490015	2.0	1.0	3.0
17	42490016	42545219	2.0	1.0	3.0
17	42545220	44226767	2.0	1.0	3.0
17	44226768	44236694	2.0	1.0	3.0
17	44236695	46191896	2.0	1.0	3.0
17	46191897	46249640	2.0	2.0	4.0
17	46249641	57912446	2.0	1.0	3.0
17	57912447	57954464	2.0	1.0	3.0
17	57954465	59607262	2.0	1.0	3.0
17	59607263	69130001	3.0	2.0	5.0
17	69130002	73838691	2.0	1.0	3.0
17	73838692	73860103	3.0	2.0	5.0
17	73860104	74046494	2.0	1.0	3.0
17	74046495	74082718	2.0	2.0	4.0
17	74082719	76160085	2.0	2.0	4.0
17	76160086	78774600	2.0	0.0	2.0
17	78774601	81195209	2.0	0.0	2.0
18	27500	80030	2.0	0.0	2.0
18	80031	15399999	2.0	0.0	2.0
18	15400000	18999999	2.0	0.0	2.0
18	19000000	29514995	2.0	0.0	2.0
18	29514996	30500503	2.0	1.0	3.0
18	30500504	30505791	2.0	1.0	3.0
18	30505792	30645254	2.0	1.0	3.0
18	30645255	30812624	2.0	1.0	3.0
18	30812625	40546254	2.0	1.0	3.0
18	40546255	40546908	2.0	1.0	3.0
18	40546909	43435460	2.0	1.0	3.0
18	43435461	43447272	2.0	1.0	3.0
18	43447273	50781592	2.0	1.0	3.0
18	50781593	50786696	2.0	1.0	3.0
18	50786697	67859658	2.0	1.0	3.0
18	67859659	67883976	2.0	1.0	3.0
18	67883977	75555864	2.0	1.0	3.0
18	75555865	75562890	2.0	1.0	3.0
18	75562891	77773506	2.0	1.0	3.0
19	102500	226775	3.0	0.0	3.0
19	226776	1478342	3.0	0.0	3.0
19	1478343	1479303	3.0	0.0	3.0
19	1479304	5206665	3.0	0.0	3.0
19	5206666	12884810	3.0	0.0	3.0
19	12884811	12939320	3.0	0.0	3.0
19	12939321	15180436	3.0	0.0	3.0
19	15180437	15266969	5.0	0.0	5.0
19	15266970	20599264	3.0	0.0	3.0
19	20599265	24399999	3.0	0.0	3.0
19	24400000	28599999	3.0	0.0	3.0
19	28600000	37051839	3.0	0.0	3.0
19	37051840	37056866	3.0	0.0	3.0
19	37056867	47794715	3.0	0.0	3.0
19	47794716	47856434	3.0	0.0	3.0
19	47856435	59128982	3.0	0.0	3.0
20	37654	12448143	2.0	1.0	3.0
20	12448144	12656665	3.0	2.0	5.0
20	12656666	23412925	3.0	2.0	5.0
20	23412926	23413234	3.0	2.0	5.0
20	23413235	23413263	3.0	2.0	5.0
20	23413264	25584001	3.0	2.0	5.0
20	25584002	25599999	3.0	2.0	5.0
20	25600000	29399999	3.0	2.0	5.0
20	29400000	32860936	3.0	2.0	5.0
20	32860937	34235018	2.0	1.0	3.0
20	34235019	46308143	1.0	1.0	2.0
20	46308144	46327458	1.0	0.0	1.0
20	46327459	62227399	1.0	1.0	2.0
20	62227400	62232834	1.0	1.0	2.0
20	62232835	62386009	1.0	1.0	2.0
20	62386010	62386886	1.0	1.0	2.0
20	62386887	62432500	1.0	1.0	2.0
21	14338803	36146814	2.0	0.0	2.0
21	36146815	36159368	2.0	0.0	2.0
21	36159369	36159515	2.0	0.0	2.0
21	36159516	36161275	2.0	0.0	2.0
21	36161276	36161328	2.0	0.0	2.0
21	36161329	36163751	2.0	0.0	2.0
21	36163752	37325511	2.0	0.0	2.0
21	37325512	37368125	3.0	0.0	3.0
21	37368126	37417694	2.0	0.0	2.0
21	37417695	37476502	3.0	0.0	3.0
21	37476503	43158495	2.0	0.0	2.0
21	43158496	43159309	2.0	0.0	2.0
21	43159310	43170634	4.0	0.0	4.0
21	43170635	43187217	4.0	0.0	4.0
21	43187218	46944200	2.0	0.0	2.0
21	46944201	48129894	2.0	0.0	2.0
22	1	12199999	2.0	1.0	3.0
22	12200000	17899999	2.0	1.0	3.0
22	17900000	20767149	2.0	1.0	3.0
22	20767150	20839039	4.0	1.0	5.0
22	20839040	21287168	2.0	1.0	3.0
22	21287169	21357338	2.0	2.0	4.0
22	21357339	28310384	2.0	1.0	3.0
22	28310385	28313133	2.0	1.0	3.0
22	28313134	29065299	2.0	1.0	3.0
22	29065300	29065407	2.0	1.0	3.0
22	29065408	29065633	2.0	1.0	3.0
22	29065634	29065774	2.0	1.0	3.0
22	29065775	29066177	2.0	1.0	3.0
22	29066178	35635635	2.0	1.0	3.0
22	35635636	39899288	2.0	1.0	3.0
22	39899289	39919248	1.0	1.0	2.0
22	39919249	41033027	2.0	1.0	3.0
22	41033028	41124138	3.0	1.0	4.0
22	41124139	43489835	2.0	1.0	3.0
22	43489836	43500189	2.0	2.0	4.0
22	43500190	44117247	2.0	1.0	3.0
22	44117248	44121405	3.0	2.0	5.0
22	44121406	49691400	2.0	1.0	3.0
22	49691401	51304565	2.0	1.0	3.0
