chromosome_index position alt_count ref_count
1 40126768 43 63
1 57189326 12 42
1 78479118 13 178
1 151274713 161 634
1 157803128 93 262
1 158369007 31 85
1 212798536 22 60
1 215848347 230 606
1 248039704 374 770
2 27360153 10 57
2 28771751 35 51
2 32477582 193 347
2 48059920 192 193
2 74654695 299 327
2 141571340 51 67
2 152314273 29 25
2 179650397 24 101
3 121433785 142 241
3 123471367 28 28
3 142839811 11 6
3 148714240 5 142
3 164906124 104 156
4 55573316 24 31
4 57181541 3 41
4 164067004 14 4
5 1318567 4 51
5 26902612 92 206
5 82835617 79 56
5 83239296 159 195
5 127645049 82 24
5 140474829 33 7
5 155771513 96 168
5 180486624 24 43
6 49754597 160 32
6 90575717 6 7
7 27134977 89 125
7 56079455 68 75
7 99758526 27 48
7 135269580 58 87
7 136912652 4 50
7 150269275 95 89
7 151859495 309 428
8 27779122 35 5
8 68071346 88 31
8 70498683 217 63
8 101282199 132 199
8 110504192 8 1
10 11963038 16 44
10 12039755 94 161
10 88197356 42 54
10 88419730 23 21
10 100904126 158 247
10 135202541 123 160
11 4843561 150 244
11 44099401 55 80
11 60230518 212 302
11 61605272 14 29
11 68830404 146 231
11 77934516 158 220
11 117387316 13 4
11 119050996 9 3
12 463272 171 399
12 78513480 54 74
12 85449556 3 12
12 132516556 71 25
13 52742443 17 22
14 20920494 545 143
14 64604641 54 16
15 51828974 141 33
15 63555851 24 7
15 100250958 77 99
16 2090018 5 7
16 2347484 32 41
16 19584448 73 114
16 23646759 92 144
16 56602819 229 396
16 66951570 3 36
16 84523001 43 60
17 2995765 142 35
17 5462708 33 7
17 38319916 349 860
17 60060105 93 76
17 78163652 5 29
17 78519353 11 9
18 29412046 45 80
19 18546730 28 36
19 36498131 6 4
20 644519 5 9
20 6032815 8 9
20 6032816 9 9
20 7864280 21 404
22 21344673 54 10
22 21988734 36 10
22 38122021 21 4
