chromosome_index position alt_count ref_count
1 16256528 6 131
1 156268436 4 24
1 190195299 5 84
1 234743031 11 134
2 25141530 5 87
2 119750046 7 60
2 173891417 5 89
3 12977737 12 104
3 27173450 4 58
3 69097357 31 252
3 119462964 6 105
3 196842799 9 85
4 5749976 4 60
4 46930295 7 91
4 141583252 20 165
5 26902673 9 104
5 140502531 13 239
5 140563345 6 81
5 140595562 12 136
5 141353170 6 107
5 149907686 14 74
5 178413683 7 75
9 101911535 7 59
10 89487153 9 78
10 116049196 9 86
11 4929244 11 148
11 78277215 12 165
11 124135668 8 103
12 38712112 21 301
12 50356011 7 63
12 85255784 10 145
12 103696092 7 74
12 118590080 7 81
14 105360623 8 69
14 105407443 5 90
15 63880987 8 116
16 68846036 26 83
17 7468154 4 51
17 33521058 17 323
18 72999597 5 66
19 7976189 7 68
19 16236288 4 34
19 42485918 6 68
19 42558560 8 111
20 10025122 14 143
22 18022583 12 133
22 30735202 12 214
