chromosome_index	start_position	end_position	major_cn	minor_cn	total_cn
1	61735	49562279	1	1	2
1	49564471	49999266	1	0	1
1	50001990	249224388	1	1	2
2	12784	203346646	1	1	2
2	203355571	203671992	0	0	0
2	203675219	243089456	1	1	2
3	60345	60115462	1	1	2
3	60115653	60349971	1	0	1
3	60350709	60625658	0	0	0
3	60626006	197896118	1	1	2
4	12281	171660039	1	1	2
4	171660095	172034988	1	0	1
4	172038213	191027923	1	1	2
5	15532	164865516	1	1	2
5	164871154	165107622	1	0	1
5	165109468	180790320	1	1	2
6	149661	2188843	1	1	2
6	2192741	2335253	1	0	1
6	2339194	15457170	1	1	2
6	15458134	15479845	1	0	1
6	15480642	171051005	1	1	2
7	43259	74039756	1	1	2
7	74045646	75469815	1	0	1
7	75475151	159127004	1	1	2
8	31254	146298155	1	1	2
9	46587	141091394	1	1	2
10	72759	135506704	1	1	2
11	198572	44651072	1	1	2
11	44652125	44720997	1	0	1
11	44721323	134944770	1	1	2
12	150442	11904299	1	1	2
12	11904752	12901164	1	0	1
12	12901687	133778189	1	1	2
13	19026949	115108397	1	1	2
14	19002124	107285437	1	1	2
15	20016328	41767227	1	1	2
15	41768378	102469040	2	0	2
16	60777	6267864	1	1	2
16	6268155	6636750	1	0	1
16	6637855	7188253	0	0	0
16	7188323	78596152	1	1	2
16	78596305	78853121	0	0	0
16	78853526	79036515	1	0	1
16	79036736	90287535	1	1	2
17	526	81049726	1	1	2
18	48133	78015057	1	1	2
19	90910	59097854	1	1	2
20	61305	14660872	1	1	2
20	14660944	15104590	0	0	0
20	15106978	15381648	1	0	1
20	15382355	62956153	1	1	2
21	10736871	40931335	1	0	1
21	40932640	40986330	0	0	0
21	40989220	48096957	1	0	1
22	16052528	51234455	1	1	2
