chromosome_index position alt_count ref_count
1 907470 5 89
1 4772086 11 203
1 12819360 10 220
1 12919781 26 663
1 22182344 4 40
1 26610676 12 195
1 26610677 11 194
1 35227131 4 54
1 36026201 11 213
1 39988096 8 93
1 40363483 9 145
1 44019309 9 222
1 54344378 5 74
1 60381704 8 158
1 66075730 10 202
1 70504289 9 145
1 75038709 15 314
1 78324662 5 78
1 94546075 8 165
1 99771917 13 253
1 100598426 6 94
1 111957747 7 104
1 145533441 11 166
1 152192107 15 279
1 152285476 17 407
1 157667151 8 110
1 158641987 4 43
1 158651380 20 292
1 158746811 6 64
1 160832526 3 17
1 169697005 12 151
1 180243576 14 398
1 183079729 12 190
1 183510184 9 208
1 185267255 12 355
1 190234027 6 120
1 206651635 9 147
1 207304950 5 70
1 208215711 6 73
1 220823975 10 235
1 222920367 8 116
1 227387341 7 89
1 228401943 6 115
1 228584723 8 76
1 229772876 9 159
1 232943748 11 197
1 235291170 8 140
1 236718728 16 157
1 236718729 16 153
1 247694827 6 66
1 248525564 9 235
1 248551746 8 86
1 248569508 9 204
1 248569860 7 118
2 1677502 9 193
2 48896892 9 197
2 54859746 7 106
2 61508292 4 38
2 68607875 11 169
2 69173532 13 234
2 74466495 6 77
2 74598189 24 482
2 77746581 5 88
2 80136798 8 141
2 87042814 24 392
2 108872055 8 140
2 135756431 8 109
2 136566587 9 114
2 136736889 11 180
2 167262388 18 250
2 170103335 8 141
2 179528420 12 316
2 179584052 16 191
2 179595883 16 245
2 185801657 9 161
2 196729521 15 256
2 202149916 6 83
2 202153458 9 86
2 211085508 3 32
2 219903262 4 37
2 230911030 11 175
2 232393153 5 53
2 234878916 16 356
2 238434337 5 71
2 238434338 5 71
3 11059022 6 79
3 52400896 11 118
3 55733530 9 224
3 58089729 7 107
3 62478013 29 465
3 97868626 20 309
3 100057967 17 252
3 100414006 3 12
3 100489717 12 165
3 108218300 4 56
3 108363276 10 194
3 108541715 12 119
3 118942966 6 84
3 118942967 6 85
3 124646391 16 151
3 126142196 5 47
3 128060257 8 84
3 128200698 8 70
3 129134155 8 45
3 129140500 7 60
3 129140501 7 57
3 131388572 8 190
3 141290312 20 275
3 142416889 8 42
3 155654174 7 148
3 171338243 9 120
3 173322199 5 50
3 178742977 9 88
3 178742978 9 88
3 180381721 12 122
3 186338532 20 245
3 186838997 17 213
3 186838998 17 211
3 188123992 30 285
4 6925443 20 188
4 8293147 10 80
4 8383249 8 162
4 25676153 13 158
4 39436031 15 114
4 39851152 16 115
4 48512910 18 166
4 72352685 6 58
4 73414295 18 200
4 79440498 20 176
4 90035653 10 137
4 90856924 7 85
4 96124061 13 102
4 96124062 12 100
4 98893488 7 98
4 104030071 22 176
4 106650653 7 64
4 119665181 5 58
4 122828544 23 240
4 147796051 3 28
4 158254059 12 102
4 158262422 20 190
4 162402297 21 202
4 162697226 7 38
4 186545293 10 96
4 188924697 9 71
5 1214088 17 109
5 13701416 15 148
5 24487975 13 129
5 26903817 36 277
5 34941270 14 82
5 35740240 21 181
5 35763785 8 89
5 35876365 12 82
5 38350679 10 87
5 38350680 10 87
5 39202854 8 43
5 39311416 8 162
5 45267254 7 152
5 52361760 13 127
5 64892886 8 168
5 71482527 7 131
5 79031022 6 112
5 88057136 8 120
5 112403781 5 71
5 127728910 11 146
5 133481810 9 89
5 135693001 9 144
5 138994175 6 116
5 140431755 6 51
5 140802483 16 284
5 140812167 15 185
5 141248194 5 61
5 149759182 8 135
5 150911397 11 148
5 154173241 13 337
5 156991411 5 69
5 169127106 10 233
5 169502955 17 239
5 171544572 7 99
5 176017686 7 101
6 30672641 11 230
6 30709056 9 142
6 30890007 12 143
6 33137856 6 110
6 33246189 12 184
6 33658769 6 88
6 38899708 8 130
6 39082853 3 29
6 43472550 10 217
6 70071204 6 115
6 70639431 7 124
6 72889506 6 105
6 76023186 11 225
6 80744798 9 157
6 83847818 17 185
6 83847819 17 185
6 90440563 6 106
6 94120848 13 154
6 102483342 16 308
6 105606463 11 219
6 117650566 10 135
6 130762540 8 90
6 131277325 15 270
6 138655329 7 41
6 139094866 16 231
6 152737755 11 178
6 160232744 8 93
6 160232745 7 95
6 161173292 7 60
7 4259832 12 160
7 7612474 12 233
7 8178638 7 115
7 18067268 23 315
7 27142178 5 48
7 30084777 13 178
7 55863612 10 89
7 73933772 8 197
7 89939476 7 107
7 94056539 5 37
7 99696329 6 111
7 103180643 6 100
7 108137032 5 75
7 121652102 8 187
7 123101542 10 87
7 144060432 11 339
7 150935357 5 53
7 154875986 7 93
8 1808169 6 119
8 15601076 10 197
8 19709309 6 62
8 21857054 9 170
8 52366183 11 87
8 54978369 7 55
8 55541555 24 175
8 56879311 5 64
8 57079617 21 146
8 57080774 6 85
8 57080775 6 85
8 62496584 10 59
8 67790890 9 182
8 69058492 12 85
8 73849534 7 137
8 74526035 8 78
8 87479131 16 186
8 101059788 19 107
8 104922645 13 117
8 105361229 8 142
8 106813734 13 136
8 108970359 33 294
8 110477319 21 160
8 124243864 15 210
8 124665031 9 72
8 131792969 22 189
8 134034304 7 143
8 139158236 7 122
8 139164952 17 203
8 144663268 6 95
8 144990493 5 26
8 144995082 14 47
8 145657756 12 110
8 145657757 12 111
8 145746089 14 77
9 214736 4 10
9 6007476 5 34
9 8331682 29 181
9 14808075 24 129
9 15971895 14 71
9 16435641 11 109
9 34657100 10 97
9 35061120 23 266
9 35061622 28 178
9 36122984 12 106
9 79229442 6 58
9 86616879 8 79
9 93650034 21 208
9 95179095 9 131
9 95795139 8 147
9 101340229 5 75
9 101822189 10 131
9 107266781 10 165
9 107560849 4 57
9 111618191 7 108
9 111903842 11 131
9 112899178 8 97
9 112900112 10 178
9 113265469 14 152
9 116811378 14 130
9 120475061 16 146
9 121976141 14 195
9 124929171 4 36
9 125281824 18 159
9 125315733 15 234
9 125391097 6 104
9 125391445 6 76
9 131596036 5 49
9 134386815 8 91
9 135458563 11 125
9 139100648 11 157
9 139100649 12 159
9 140669656 7 69
10 27539670 16 302
10 45652382 4 38
10 50863221 7 119
10 50954859 6 61
10 63212531 5 46
10 64136664 8 186
10 70641764 9 160
10 70641765 8 161
10 79556324 6 79
10 96698526 12 230
10 96698527 12 229
10 105330722 10 245
10 124396775 5 52
10 124797304 10 143
11 5373561 9 181
11 5474918 7 101
11 5968693 12 145
11 10580570 8 120
11 10648011 4 33
11 14808214 12 176
11 33612861 6 58
11 35313888 11 303
11 55681906 7 94
11 55703751 6 83
11 56085945 9 225
11 56113937 12 295
11 56113974 15 282
11 56114159 9 143
11 56258723 11 187
11 56258724 11 188
11 57176768 6 83
11 59210690 7 96
11 65266481 7 150
11 65631360 6 77
11 66276599 9 97
11 70281216 5 78
11 73020471 4 46
11 76831936 8 148
11 84028112 14 236
11 102195384 7 151
11 110477462 11 180
11 118516315 10 146
11 119045231 16 274
11 124135580 9 151
11 124481588 5 72
12 6128369 8 108
12 6457903 9 123
12 6499948 9 189
12 6692098 12 169
12 6777001 11 199
12 6777002 11 199
12 11506726 31 618
12 30878929 7 86
12 52370217 7 129
12 53715145 8 167
12 53715146 8 167
12 55863090 10 122
12 59274507 7 104
12 85450831 23 452
12 91552139 11 227
12 97087580 7 85
12 104089344 6 75
13 21565493 7 62
13 21565494 7 60
13 32332413 9 172
13 80911637 8 115
14 19553512 23 661
14 20403883 24 354
14 20403884 24 349
14 20943406 6 42
14 21549761 6 55
14 21798483 10 94
14 23863408 6 79
14 23863409 6 85
14 24662133 8 44
14 24709402 19 166
14 31762743 16 111
14 44975065 16 190
14 50798841 6 43
14 62536341 11 145
14 69799831 5 80
14 69799833 5 81
14 71443988 20 144
14 74180036 15 150
14 88899482 7 106
14 91929184 18 158
14 102391638 8 59
14 102482715 5 71
14 105411521 30 331
15 23811287 7 99
15 25221514 6 60
15 28375381 11 257
15 48056928 6 83
15 64716267 8 79
15 72020966 10 214
15 72338841 11 200
15 78211247 18 227
15 78755299 9 210
15 79749370 10 176
15 99672296 7 93
16 3432731 4 38
16 12798615 7 104
16 24942209 12 282
16 26147009 8 147
16 30006111 8 129
16 31374287 12 163
16 46638354 10 140
16 46638355 11 141
16 48261722 9 152
16 57684187 8 68
16 67412491 7 109
16 67866389 7 63
16 70514946 6 93
16 76461356 9 220
16 81181078 7 105
16 81181080 7 101
16 82069268 7 161
16 84432170 4 42
16 87782313 15 257
16 87782314 15 257
17 1264556 11 136
17 4578424 7 57
17 6978569 9 57
17 7096290 6 54
17 7574003 8 44
17 7574004 8 45
17 8049698 11 175
17 10204226 6 101
17 10304953 20 437
17 11522984 19 182
17 12626229 25 231
17 17075092 8 132
17 28409990 5 82
17 30509843 9 176
17 37264407 12 187
17 37264408 13 182
17 42475680 13 282
17 44110815 5 31
17 61499145 8 108
17 62080349 3 18
17 67151948 14 254
17 73467936 7 62
17 76130015 5 70
17 76455952 7 89
17 78882691 20 356
18 9559565 10 151
18 50683730 8 172
19 4454089 9 220
19 5626462 7 93
19 8122782 8 117
19 9047026 7 103
19 9073129 7 104
19 9077258 15 305
19 9083683 8 136
19 12089398 9 126
19 14741007 5 78
19 18648428 5 41
19 18649037 8 137
19 18967057 5 67
19 19917754 8 162
19 19917755 8 167
19 30936019 7 129
19 35523587 11 190
19 36214841 4 27
19 36369999 7 66
19 38056756 5 76
19 40900137 6 55
19 43233294 17 297
19 44732541 6 61
19 45997427 16 243
19 46094693 8 132
19 46915888 6 91
19 49398633 10 141
19 50185211 4 43
19 53056775 18 280
19 53086360 11 154
19 53086361 11 155
19 55255358 6 79
19 55399706 4 25
19 55816854 11 240
19 57641738 9 199
19 58579624 8 141
20 9453970 10 89
20 14066323 7 57
20 17446183 8 30
20 17446184 8 30
20 20033136 8 80
20 33577925 12 170
20 36560169 6 80
20 37187041 11 267
20 44691089 5 64
20 47628527 9 190
20 52561467 11 220
20 60575778 6 79
20 60774195 5 76
20 62839357 4 25
21 30968952 6 60
21 34003361 7 47
21 41710112 11 156
22 17071881 15 194
22 20074784 6 92
22 21133696 7 76
22 30950812 3 8
22 31331057 6 61
22 31864189 7 115
22 32894343 9 136
22 38245379 10 154
22 38270416 12 182
22 41568555 10 59
22 43206940 10 93
22 43821159 5 66
22 50170679 12 115
22 50686181 9 80
