chromosome_index position alt_count ref_count
1 19062474 3 39
1 235345495 92 99
2 71651040 24 26
2 74042973 23 22
2 85051153 8 13
2 108488800 41 81
2 108489249 20 387
2 179412923 110 133
2 220309407 32 43
2 225706579 79 111
2 234368926 46 60
2 234775617 42 54
3 51863721 14 16
3 87325559 41 34
3 126219669 39 60
3 142280158 43 79
3 186457116 24 33
4 6107274 3 18
4 23797333 3 13
4 104079809 25 35
4 122735086 40 50
4 145038021 40 74
4 152201013 58 81
4 175897195 45 61
4 186381243 33 63
5 33576992 56 69
5 33684033 55 74
5 38924670 48 113
5 79035031 15 12
5 140222780 61 51
5 140554382 45 110
5 151771915 71 26
5 156479487 30 318
6 30114887 26 30
6 30127012 26 35
6 47681719 53 56
6 83830474 14 26
7 37253052 62 30
7 37298915 25 64
7 47698942 7 12
7 70881029 23 74
7 72721634 17 57
7 92734204 18 65
7 94931534 29 73
7 100675948 126 334
7 143884194 22 71
7 148951521 15 55
8 25167952 27 49
8 37730005 73 80
8 97797551 17 21
8 105001597 61 78
8 144358513 11 27
8 144940380 25 508
9 32630560 7 182
9 100672419 37 48
9 101530447 19 32
9 104499635 33 10
9 131761900 51 29
9 138671275 14 226
11 209578 40 49
11 11398782 40 67
11 48510526 48 63
11 55703856 20 11
11 62767306 21 30
11 113860380 31 61
11 118984640 50 50
11 123676407 25 39
11 123894514 101 150
12 3388164 38 53
12 10374540 8 5
14 22471362 7 15
14 23511816 48 50
14 42360832 39 58
14 103440447 17 19
14 105409046 138 190
14 107199371 63 114
15 22383070 54 117
15 99672043 21 36
16 23718180 33 37
17 7578394 45 48
18 7037694 43 44
18 43418924 5 11
18 61307011 40 61
19 7806069 18 47
19 21606942 24 55
19 46914965 60 225
19 58863692 75 154
20 61978100 10 15
22 32589175 53 13
