chromosome_index	start_position	end_position	major_cn	minor_cn	total_cn
1	1	2581817	1.0	0.0	1.0
1	2581818	4104802	1.0	0.0	1.0
1	4104803	5864292	1.0	0.0	1.0
1	5864293	5994421	1.0	0.0	1.0
1	5994422	6078574	1.0	0.0	1.0
1	6078575	6619861	1.0	0.0	1.0
1	6619862	6847088	1.0	0.0	1.0
1	6847089	6852631	1.0	0.0	1.0
1	6852632	8788510	1.0	0.0	1.0
1	8788511	8806014	2.0	1.0	3.0
1	8806015	8806106	1.0	0.0	1.0
1	8806107	12820433	1.0	0.0	1.0
1	12820434	17006466	1.0	0.0	1.0
1	17006467	17309809	1.0	0.0	1.0
1	17309810	17716030	1.0	0.0	1.0
1	17716031	17716384	1.0	0.0	1.0
1	17716385	20830027	1.0	0.0	1.0
1	20830028	21773664	1.0	0.0	1.0
1	21773665	21822500	1.0	1.0	2.0
1	21822501	21881904	1.0	1.0	2.0
1	21881905	27737063	1.0	0.0	1.0
1	27737064	27974149	1.0	0.0	1.0
1	27974150	28007598	1.0	0.0	1.0
1	28007599	35400014	1.0	0.0	1.0
1	35400015	38809972	1.0	1.0	2.0
1	38809973	40594287	1.0	1.0	2.0
1	40594288	40613375	2.0	1.0	3.0
1	40613376	41241455	2.0	1.0	3.0
1	41241456	41325360	3.0	1.0	4.0
1	41325361	42085580	1.0	0.0	1.0
1	42085581	44243881	1.0	0.0	1.0
1	44243882	49282765	1.0	0.0	1.0
1	49282766	52570267	1.0	0.0	1.0
1	52570268	52679175	1.0	1.0	2.0
1	52679176	52745547	1.0	0.0	1.0
1	52745548	52761707	1.0	0.0	1.0
1	52761708	56136007	1.0	0.0	1.0
1	56136008	56136630	1.0	0.0	1.0
1	56136631	56142660	1.0	0.0	1.0
1	56142661	56143287	1.0	0.0	1.0
1	56143288	58079772	1.0	0.0	1.0
1	58079773	58080214	1.0	0.0	1.0
1	58080215	61128085	1.0	0.0	1.0
1	61128086	67489910	1.0	1.0	2.0
1	67489911	67494827	1.0	1.0	2.0
1	67494828	68149483	1.0	1.0	2.0
1	68149484	71621261	2.0	1.0	3.0
1	71621262	74247976	2.0	1.0	3.0
1	74247977	121499999	1.0	1.0	2.0
1	121500000	128899999	1.0	1.0	2.0
1	128900000	143531938	1.0	1.0	2.0
1	143531939	149657499	1.0	1.0	2.0
1	149657500	155010018	1.0	1.0	2.0
1	155010019	155504920	1.0	1.0	2.0
1	155504921	155546804	2.0	1.0	3.0
1	155546805	183747499	2.0	1.0	3.0
1	183747500	183883149	3.0	1.0	4.0
1	183883150	183967445	2.0	1.0	3.0
1	183967446	183974067	2.0	1.0	3.0
1	183974068	183976810	2.0	1.0	3.0
1	183976811	183999663	3.0	1.0	4.0
1	183999664	184271396	2.0	1.0	3.0
1	184271397	184441846	1.0	1.0	2.0
1	184441847	185599753	2.0	1.0	3.0
1	185599754	213471947	2.0	1.0	3.0
1	213471948	213690143	2.0	2.0	4.0
1	213690144	213699779	2.0	1.0	3.0
1	213699780	213700121	2.0	1.0	3.0
1	213700122	227565801	2.0	1.0	3.0
1	227565802	247249600	2.0	1.0	3.0
1	247249601	249250620	2.0	1.0	3.0
2	55259	9090276	1.0	1.0	2.0
2	9090277	9453982	1.0	0.0	1.0
2	9453983	90499999	1.0	1.0	2.0
2	90500000	96799999	1.0	1.0	2.0
2	96800000	121990006	1.0	1.0	2.0
2	121990007	141378747	1.0	1.0	2.0
2	141378748	141740557	1.0	1.0	2.0
2	141740558	141877017	1.0	0.0	1.0
2	141877018	142040272	1.0	1.0	2.0
2	142040273	148732250	1.0	1.0	2.0
2	148732251	148734836	1.0	1.0	2.0
2	148734837	148735186	1.0	1.0	2.0
2	148735187	148736833	1.0	1.0	2.0
2	148736834	226352393	1.0	1.0	2.0
2	226352394	226693629	1.0	0.0	1.0
2	226693630	234925567	1.0	1.0	2.0
2	234925568	234979284	1.0	0.0	1.0
2	234979285	237700228	1.0	0.0	1.0
2	237700229	239153337	2.0	0.0	2.0
2	239153338	240517381	1.0	0.0	1.0
2	240517382	240897261	0.0	0.0	0.0
2	240897262	242999968	1.0	0.0	1.0
3	75842	87899999	1.0	1.0	2.0
3	87900000	93899999	1.0	1.0	2.0
3	93900000	110709808	1.0	1.0	2.0
3	110709809	111482854	2.0	1.0	3.0
3	111482855	111492685	1.0	1.0	2.0
3	111492686	111499224	1.0	1.0	2.0
3	111499225	197847500	1.0	1.0	2.0
4	27500	12690587	1.0	0.0	1.0
4	12690588	48199999	1.0	1.0	2.0
4	48200000	52699999	1.0	1.0	2.0
4	52700000	79935006	1.0	1.0	2.0
4	79935007	80062129	1.0	1.0	2.0
4	80062130	80093901	1.0	1.0	2.0
4	80093902	80123906	1.0	1.0	2.0
4	80123907	81561621	1.0	1.0	2.0
4	81561622	81596600	1.0	1.0	2.0
4	81596601	81597953	1.0	1.0	2.0
4	81597954	81874886	1.0	1.0	2.0
4	81874887	104509322	1.0	1.0	2.0
4	104509323	104680061	1.0	0.0	1.0
4	104680062	171344615	1.0	1.0	2.0
4	171344616	171535312	2.0	1.0	3.0
4	171535313	179241872	1.0	1.0	2.0
4	179241873	179248555	1.0	1.0	2.0
4	179248556	191154275	1.0	1.0	2.0
5	39977	824717	1.0	1.0	2.0
5	824718	2759996	1.0	1.0	2.0
5	2759997	4148201	2.0	1.0	3.0
5	4148202	11494161	2.0	1.0	3.0
5	11494162	11592739	2.0	0.0	2.0
5	11592740	26553955	2.0	1.0	3.0
5	26553956	26628974	2.0	1.0	3.0
5	26628975	46099999	2.0	1.0	3.0
5	46100000	50699999	2.0	1.0	3.0
5	50700000	67827499	2.0	1.0	3.0
5	67827500	81751472	2.0	1.0	3.0
5	81751473	95798895	2.0	1.0	3.0
5	95798896	100224996	2.0	1.0	3.0
5	100224997	100591585	2.0	1.0	3.0
5	100591586	119850244	2.0	1.0	3.0
5	119850245	119861348	3.0	1.0	4.0
5	119861349	131827499	2.0	1.0	3.0
5	131827500	133954854	1.0	1.0	2.0
5	133954855	134225704	2.0	1.0	3.0
5	134225705	152836207	2.0	1.0	3.0
5	152836208	153816064	2.0	1.0	3.0
5	153816065	153821384	2.0	1.0	3.0
5	153821385	172290247	2.0	1.0	3.0
5	172290248	172953101	2.0	1.0	3.0
5	172953102	173782728	2.0	1.0	3.0
5	173782729	180717906	1.0	1.0	2.0
6	39681	242500	1.0	1.0	2.0
6	242501	1017489	1.0	1.0	2.0
6	1017490	1512115	1.0	0.0	1.0
6	1512116	3954308	1.0	1.0	2.0
6	3954309	3954396	1.0	1.0	2.0
6	3954397	3956591	1.0	1.0	2.0
6	3956592	3962182	2.0	0.0	2.0
6	3962183	3962432	1.0	1.0	2.0
6	3962433	5457680	3.0	1.0	4.0
6	5457681	6110577	1.0	1.0	2.0
6	6110578	6499243	1.0	0.0	1.0
6	6499244	7888063	1.0	1.0	2.0
6	7888064	7893231	1.0	0.0	1.0
6	7893232	8143162	2.0	1.0	3.0
6	8143163	9155256	1.0	1.0	2.0
6	9155257	9160851	1.0	1.0	2.0
6	9160852	12154224	1.0	1.0	2.0
6	12154225	12835937	2.0	1.0	3.0
6	12835938	12895046	3.0	1.0	4.0
6	12895047	13160280	1.0	0.0	1.0
6	13160281	13160713	1.0	0.0	1.0
6	13160714	13160890	1.0	0.0	1.0
6	13160891	13161075	1.0	0.0	1.0
6	13161076	13183704	3.0	1.0	4.0
6	13183705	13275922	1.0	1.0	2.0
6	13275923	13650058	3.0	1.0	4.0
6	13650059	13672507	2.0	2.0	4.0
6	13672508	13822450	2.0	1.0	3.0
6	13822451	13997799	1.0	1.0	2.0
6	13997800	14011164	2.0	1.0	3.0
6	14011165	14469898	1.0	1.0	2.0
6	14469899	14649706	3.0	1.0	4.0
6	14649707	14963300	1.0	1.0	2.0
6	14963301	14989789	1.0	1.0	2.0
6	14989790	16034161	1.0	1.0	2.0
6	16034162	17701824	3.0	1.0	4.0
6	17701825	17702082	3.0	1.0	4.0
6	17702083	17722361	1.0	1.0	2.0
6	17722362	17733141	1.0	0.0	1.0
6	17733142	19498657	2.0	1.0	3.0
6	19498658	21846450	3.0	1.0	4.0
6	21846451	23160790	2.0	1.0	3.0
6	23160791	23904907	4.0	1.0	5.0
6	23904908	23944073	2.0	1.0	3.0
6	23944074	24235813	1.0	0.0	1.0
6	24235814	24402383	2.0	2.0	4.0
6	24402384	24402441	1.0	0.0	1.0
6	24402442	24461131	1.0	0.0	1.0
6	24461132	25667321	1.0	1.0	2.0
6	25667322	25677173	2.0	2.0	4.0
6	25677174	27262680	2.0	1.0	3.0
6	27262681	27264110	2.0	2.0	4.0
6	27264111	27266742	2.0	2.0	4.0
6	27266743	28801289	3.0	1.0	4.0
6	28801290	28803095	3.0	1.0	4.0
6	28803096	28807737	2.0	1.0	3.0
6	28807738	28808233	2.0	1.0	3.0
6	28808234	32471653	2.0	1.0	3.0
6	32471654	32582499	2.0	1.0	3.0
6	32582500	36224378	2.0	1.0	3.0
6	36224379	36227674	2.0	1.0	3.0
6	36227675	36719681	1.0	1.0	2.0
6	36719682	36732795	4.0	1.0	5.0
6	36732796	36735568	2.0	2.0	4.0
6	36735569	37735058	1.0	1.0	2.0
6	37735059	37784217	1.0	1.0	2.0
6	37784218	37785057	1.0	1.0	2.0
6	37785058	37866554	2.0	1.0	3.0
6	37866555	37868991	2.0	1.0	3.0
6	37868992	38612472	2.0	1.0	3.0
6	38612473	38618499	2.0	1.0	3.0
6	38618500	38876202	3.0	1.0	4.0
6	38876203	39738549	1.0	1.0	2.0
6	39738550	39845115	2.0	1.0	3.0
6	39845116	39847162	2.0	1.0	3.0
6	39847163	40827086	1.0	1.0	2.0
6	40827087	40842986	2.0	1.0	3.0
6	40842987	40964829	1.0	1.0	2.0
6	40964830	40986583	1.0	0.0	1.0
6	40986584	41029599	1.0	1.0	2.0
6	41029600	41034515	1.0	1.0	2.0
6	41034516	42292702	1.0	1.0	2.0
6	42292703	44899887	3.0	1.0	4.0
6	44899888	44903412	1.0	1.0	2.0
6	44903413	45569452	1.0	1.0	2.0
6	45569453	46274521	1.0	0.0	1.0
6	46274522	48178460	2.0	1.0	3.0
6	48178461	48179979	1.0	0.0	1.0
6	48179980	50226287	4.0	2.0	6.0
6	50226288	51457984	2.0	1.0	3.0
6	51457985	53203093	3.0	1.0	4.0
6	53203094	53435402	2.0	1.0	3.0
6	53435403	53437678	1.0	0.0	1.0
6	53437679	54512962	1.0	0.0	1.0
6	54512963	56399016	2.0	1.0	3.0
6	56399017	56517849	3.0	1.0	4.0
6	56517850	56519169	3.0	1.0	4.0
6	56519170	58022500	1.0	1.0	2.0
6	63300000	67728601	1.0	0.0	1.0
6	67728602	67731265	2.0	0.0	2.0
6	67731266	89317602	1.0	0.0	1.0
6	89317603	89660032	1.0	0.0	1.0
6	89660033	137261391	1.0	0.0	1.0
6	137261392	162983848	1.0	0.0	1.0
6	162983849	170899800	1.0	0.0	1.0
7	44349	57999999	1.0	1.0	2.0
7	58000000	61699999	1.0	1.0	2.0
7	61700000	158821400	1.0	1.0	2.0
8	10001	172499	1.0	1.0	2.0
8	172500	43099999	1.0	1.0	2.0
8	48100000	104809749	3.0	1.0	4.0
8	104809750	104871028	2.0	1.0	3.0
8	104871029	104876417	3.0	1.0	4.0
8	104876418	104876929	2.0	1.0	3.0
8	104876930	123407004	3.0	1.0	4.0
8	123407005	123437893	2.0	1.0	3.0
8	123437894	123725645	2.0	1.0	3.0
8	123725646	140371647	3.0	1.0	4.0
8	140371648	146364021	2.0	0.0	2.0
9	82008	1821001	1.0	1.0	2.0
9	1821002	3383796	1.0	1.0	2.0
9	3383797	3384655	1.0	1.0	2.0
9	3384656	6933049	1.0	1.0	2.0
9	6933050	6957587	3.0	1.0	4.0
9	6957588	47299999	1.0	1.0	2.0
9	47300000	50699999	1.0	1.0	2.0
9	50700000	66267499	1.0	1.0	2.0
9	66267500	116303107	1.0	1.0	2.0
9	116303108	116440391	2.0	1.0	3.0
9	116440392	140315015	1.0	1.0	2.0
10	94426	37999999	1.0	1.0	2.0
10	38000000	42299999	1.0	1.0	2.0
10	42300000	66769708	1.0	1.0	2.0
10	66769709	66855409	2.0	1.0	3.0
10	66855410	77024743	1.0	1.0	2.0
10	77024744	77703885	1.0	0.0	1.0
10	77703886	103859937	1.0	1.0	2.0
10	103859938	103901193	1.0	1.0	2.0
10	103901194	135389304	1.0	1.0	2.0
11	236622	27771921	1.0	1.0	2.0
11	27771922	27773088	1.0	1.0	2.0
11	27773089	51599999	1.0	1.0	2.0
11	51600000	55699999	1.0	1.0	2.0
11	55700000	122926103	1.0	1.0	2.0
11	122926104	123211302	1.0	0.0	1.0
11	123211303	126160084	1.0	1.0	2.0
11	126160085	134305311	1.0	1.0	2.0
11	134305312	134553906	1.0	0.0	1.0
12	110107	33299999	1.0	1.0	2.0
12	33300000	38199999	1.0	1.0	2.0
12	38200000	111414461	1.0	1.0	2.0
12	111414462	132350309	1.0	1.0	2.0
12	132350310	133851894	1.0	1.0	2.0
13	1	16299999	1.0	0.0	1.0
13	16300000	19499999	1.0	0.0	1.0
13	19500000	93029598	1.0	0.0	1.0
13	93029599	93030989	1.0	0.0	1.0
13	93030990	112133678	11.0	1.0	12.0
13	112133679	114163441	2.0	0.0	2.0
13	114163442	114947417	9.0	0.0	9.0
14	1	16099999	1.0	0.0	1.0
14	16100000	19099999	1.0	0.0	1.0
14	19100000	19448850	1.0	0.0	1.0
14	19448851	20480546	1.0	1.0	2.0
14	20480547	67347376	1.0	0.0	1.0
14	67347377	67467978	3.0	0.0	3.0
14	67467979	96847339	1.0	0.0	1.0
14	96847340	96911145	1.0	0.0	1.0
14	96911146	98538970	1.0	1.0	2.0
14	98538971	98540847	1.0	1.0	2.0
14	98540848	102348032	1.0	0.0	1.0
14	102348033	105807500	1.0	0.0	1.0
14	105807501	106368400	1.0	0.0	1.0
15	1	15799999	1.0	1.0	2.0
15	15800000	20699999	1.0	1.0	2.0
15	20700000	100338800	1.0	1.0	2.0
15	100338801	102415661	1.0	1.0	2.0
16	9999	109664	1.0	1.0	2.0
16	109665	290002	1.0	1.0	2.0
16	290003	32902500	1.0	1.0	2.0
16	32902501	34599999	1.0	1.0	2.0
16	34600000	38599999	1.0	1.0	2.0
16	38600000	49420025	1.0	1.0	2.0
16	49420026	64531208	1.0	1.0	2.0
16	64531209	65170289	1.0	0.0	1.0
16	65170290	65178887	1.0	1.0	2.0
16	65178888	72021112	1.0	1.0	2.0
16	72021113	72104758	2.0	1.0	3.0
16	72104759	88827200	1.0	1.0	2.0
16	88827201	90354752	1.0	1.0	2.0
17	12500	22199999	1.0	0.0	1.0
17	22200000	25799999	1.0	0.0	1.0
17	25800000	28637757	1.0	0.0	1.0
17	28637758	78790944	1.0	1.0	2.0
17	78790945	81195209	1.0	1.0	2.0
18	27500	15399999	1.0	1.0	2.0
18	15400000	18999999	1.0	1.0	2.0
18	19000000	76067000	1.0	1.0	2.0
18	76067001	78077247	1.0	1.0	2.0
19	102500	277714	1.0	0.0	1.0
19	277715	18023557	1.0	0.0	1.0
19	18023558	24399999	1.0	1.0	2.0
19	24400000	28599999	1.0	1.0	2.0
19	28600000	59128982	1.0	1.0	2.0
20	17500	25599999	1.0	1.0	2.0
20	25600000	29442333	1.0	1.0	2.0
20	29442334	62465049	1.0	1.0	2.0
21	10900000	15223816	1.0	1.0	2.0
21	15223817	46976010	1.0	1.0	2.0
21	46976011	48129894	1.0	1.0	2.0
22	1	12199999	1.0	0.0	1.0
22	17900000	50928785	1.0	1.0	2.0
22	50928786	51057476	1.0	0.0	1.0
