chromosome_index	start_position	end_position	major_cn	minor_cn	total_cn
1	10001	1360899	1.0	1.0	2.0
1	1360900	1849041	1.0	0.0	1.0
1	1849042	2110951	1.0	1.0	2.0
1	2110952	2182611	1.0	1.0	2.0
1	2182612	2230849	1.0	1.0	2.0
1	2230850	2468269	2.0	1.0	3.0
1	2468270	5248064	1.0	1.0	2.0
1	5248065	5311838	2.0	1.0	3.0
1	5311839	10890755	1.0	1.0	2.0
1	10890756	11136930	1.0	1.0	2.0
1	11136931	11565431	2.0	1.0	3.0
1	11565432	11638446	1.0	1.0	2.0
1	11638447	12545723	1.0	1.0	2.0
1	12545724	12761178	1.0	1.0	2.0
1	12761179	13807540	1.0	1.0	2.0
1	13807541	13856756	1.0	1.0	2.0
1	13856757	16790420	1.0	1.0	2.0
1	16790421	17248482	1.0	1.0	2.0
1	17248483	18694653	1.0	1.0	2.0
1	18694654	19001724	2.0	1.0	3.0
1	19001725	21456988	1.0	1.0	2.0
1	21456989	22040167	1.0	1.0	2.0
1	22040168	22732346	2.0	1.0	3.0
1	22732347	22813325	2.0	1.0	3.0
1	22813326	23159600	2.0	2.0	4.0
1	23159601	23161255	2.0	2.0	4.0
1	23161256	23701985	1.0	1.0	2.0
1	23701986	26744470	1.0	1.0	2.0
1	26744471	28920818	1.0	0.0	1.0
1	28920819	29009270	2.0	0.0	2.0
1	29009271	29130933	2.0	0.0	2.0
1	29130934	29227797	2.0	0.0	2.0
1	29227798	32546731	1.0	0.0	1.0
1	32546732	33131776	1.0	1.0	2.0
1	33131777	33278732	2.0	1.0	3.0
1	33278733	33473409	1.0	1.0	2.0
1	33473410	33501044	1.0	1.0	2.0
1	33501045	33515063	1.0	1.0	2.0
1	33515064	34217497	1.0	1.0	2.0
1	34217498	34274690	1.0	1.0	2.0
1	34274691	34455471	1.0	1.0	2.0
1	34455472	34725426	1.0	1.0	2.0
1	34725427	34782848	1.0	1.0	2.0
1	34782849	35494245	1.0	1.0	2.0
1	35494246	35657597	2.0	1.0	3.0
1	35657598	39109241	1.0	1.0	2.0
1	39109242	39624195	2.0	1.0	3.0
1	39624196	45013018	1.0	1.0	2.0
1	45013019	45572978	2.0	1.0	3.0
1	45572979	48854031	1.0	1.0	2.0
1	48854032	48997591	2.0	1.0	3.0
1	48997592	50801926	1.0	1.0	2.0
1	50801927	52884681	1.0	1.0	2.0
1	52884682	52904197	1.0	1.0	2.0
1	52904198	53529147	1.0	1.0	2.0
1	53529148	53529492	1.0	1.0	2.0
1	53529493	53588753	1.0	1.0	2.0
1	53588754	54711167	1.0	1.0	2.0
1	54711168	56203240	1.0	1.0	2.0
1	56203241	58908563	1.0	1.0	2.0
1	58908564	58953078	1.0	1.0	2.0
1	58953079	60038380	1.0	1.0	2.0
1	60038381	60598836	1.0	1.0	2.0
1	60598837	60758258	1.0	1.0	2.0
1	60758259	61745382	1.0	1.0	2.0
1	61745383	62110790	2.0	1.0	3.0
1	62110791	70311739	1.0	1.0	2.0
1	70311740	70714201	1.0	1.0	2.0
1	70714202	73519220	1.0	1.0	2.0
1	73519221	74281814	2.0	1.0	3.0
1	74281815	77922542	1.0	1.0	2.0
1	77922543	77966287	2.0	1.0	3.0
1	77966288	78085990	2.0	2.0	4.0
1	78085991	78245513	2.0	1.0	3.0
1	78245514	78303785	2.0	1.0	3.0
1	78303786	79846677	1.0	1.0	2.0
1	79846678	80891382	1.0	1.0	2.0
1	80891383	80984304	1.0	1.0	2.0
1	80984305	84920120	1.0	1.0	2.0
1	84920121	84999893	1.0	1.0	2.0
1	84999894	85154253	3.0	1.0	4.0
1	85154254	87131034	1.0	1.0	2.0
1	87131035	87257981	1.0	1.0	2.0
1	87257982	88450393	1.0	1.0	2.0
1	88450394	94956805	1.0	1.0	2.0
1	94956806	95138768	2.0	1.0	3.0
1	95138769	97337756	1.0	1.0	2.0
1	97337757	97745787	1.0	1.0	2.0
1	97745788	98736000	1.0	1.0	2.0
1	98736001	98802014	1.0	1.0	2.0
1	98802015	99495398	1.0	1.0	2.0
1	99495399	100276581	1.0	0.0	1.0
1	100276582	100736766	1.0	1.0	2.0
1	100736767	100752242	1.0	1.0	2.0
1	100752243	103356548	1.0	1.0	2.0
1	103356549	103441548	2.0	1.0	3.0
1	103441549	106519594	1.0	1.0	2.0
1	106519595	106533103	2.0	1.0	3.0
1	106533104	106533436	1.0	1.0	2.0
1	106533437	106604677	2.0	1.0	3.0
1	106604678	107394086	1.0	1.0	2.0
1	107394087	107472153	1.0	1.0	2.0
1	107472154	108387139	1.0	1.0	2.0
1	108387140	108457291	1.0	1.0	2.0
1	108457292	112880756	1.0	1.0	2.0
1	112880757	114029580	1.0	1.0	2.0
1	114029581	114715826	2.0	1.0	3.0
1	114715827	115485777	2.0	1.0	3.0
1	115485778	115596629	2.0	1.0	3.0
1	115596630	115839900	2.0	1.0	3.0
1	115839901	116916533	1.0	1.0	2.0
1	116916534	118032807	3.0	1.0	4.0
1	118032808	118478467	2.0	1.0	3.0
1	118478468	118759800	2.0	1.0	3.0
1	118759801	121499999	1.0	1.0	2.0
1	121500000	128899999	1.0	1.0	2.0
1	128900000	142825938	1.0	1.0	2.0
1	142825939	149967521	1.0	1.0	2.0
1	149967522	149977683	1.0	1.0	2.0
1	149977684	150210393	1.0	1.0	2.0
1	150210394	151366818	2.0	1.0	3.0
1	151366819	152219977	2.0	1.0	3.0
1	152219978	154768570	1.0	1.0	2.0
1	154768571	155837073	1.0	1.0	2.0
1	155837074	156046283	1.0	1.0	2.0
1	156046284	156897359	1.0	1.0	2.0
1	156897360	158690230	1.0	1.0	2.0
1	158690231	158700129	1.0	1.0	2.0
1	158700130	159514709	1.0	1.0	2.0
1	159514710	160003043	1.0	1.0	2.0
1	160003044	160284219	2.0	1.0	3.0
1	160284220	160472856	1.0	1.0	2.0
1	160472857	161340289	1.0	1.0	2.0
1	161340290	162610990	1.0	1.0	2.0
1	162610991	162654848	2.0	1.0	3.0
1	162654849	163086859	2.0	1.0	3.0
1	163086860	170629368	1.0	1.0	2.0
1	170629369	171879117	2.0	1.0	3.0
1	171879118	172601360	1.0	1.0	2.0
1	172601361	172910143	1.0	1.0	2.0
1	172910144	173445530	1.0	1.0	2.0
1	173445531	179930051	1.0	1.0	2.0
1	179930052	180997542	3.0	1.0	4.0
1	180997543	181154281	1.0	1.0	2.0
1	181154282	181484092	1.0	1.0	2.0
1	181484093	184533365	1.0	1.0	2.0
1	184533366	184693616	2.0	1.0	3.0
1	184693617	187720040	1.0	1.0	2.0
1	187720041	187872664	1.0	1.0	2.0
1	187872665	189059492	1.0	1.0	2.0
1	189059493	189187437	1.0	1.0	2.0
1	189187438	191341549	1.0	1.0	2.0
1	191341550	191399492	2.0	1.0	3.0
1	191399493	192389924	1.0	1.0	2.0
1	192389925	192579011	3.0	1.0	4.0
1	192579012	194911150	1.0	1.0	2.0
1	194911151	195157645	1.0	1.0	2.0
1	195157646	196431053	1.0	1.0	2.0
1	196431054	196596622	1.0	1.0	2.0
1	196596623	197263360	1.0	1.0	2.0
1	197263361	197263620	1.0	1.0	2.0
1	197263621	197352213	1.0	1.0	2.0
1	197352214	197571415	1.0	0.0	1.0
1	197571416	204088843	1.0	1.0	2.0
1	204088844	205430021	2.0	1.0	3.0
1	205430022	219026402	1.0	1.0	2.0
1	219026403	219183739	1.0	1.0	2.0
1	219183740	223141055	1.0	1.0	2.0
1	223141056	225653831	1.0	1.0	2.0
1	225653832	225812997	2.0	1.0	3.0
1	225812998	226155029	2.0	1.0	3.0
1	226155030	226431897	1.0	1.0	2.0
1	226431898	226531306	1.0	1.0	2.0
1	226531307	226910982	2.0	1.0	3.0
1	226910983	227120870	1.0	1.0	2.0
1	227120871	227380978	2.0	1.0	3.0
1	227380979	228742500	2.0	1.0	3.0
1	228742501	229128160	2.0	1.0	3.0
1	229128161	234041395	1.0	1.0	2.0
1	234041396	235463619	1.0	1.0	2.0
1	235463620	240479454	1.0	1.0	2.0
1	240479455	240652362	1.0	1.0	2.0
1	240652363	240839460	1.0	1.0	2.0
1	240839461	242111570	1.0	1.0	2.0
1	242111571	246045182	1.0	1.0	2.0
1	246045183	246221368	2.0	1.0	3.0
1	246221369	246539196	1.0	1.0	2.0
1	246539197	246561461	1.0	1.0	2.0
1	246561462	246578171	1.0	1.0	2.0
1	246578172	246766422	1.0	1.0	2.0
1	246766423	247249600	1.0	1.0	2.0
1	247249601	249250620	1.0	1.0	2.0
2	41526	8037125	2.0	1.0	3.0
2	8037126	8329597	3.0	1.0	4.0
2	8329598	9581774	5.0	1.0	6.0
2	9581775	10047183	3.0	1.0	4.0
2	10047184	13854133	2.0	1.0	3.0
2	13854134	14238280	2.0	1.0	3.0
2	14238281	14777995	2.0	1.0	3.0
2	14777996	14825257	3.0	1.0	4.0
2	14825258	19469737	2.0	1.0	3.0
2	19469738	19767232	2.0	1.0	3.0
2	19767233	25437876	2.0	1.0	3.0
2	25437877	25608360	2.0	1.0	3.0
2	25608361	26307347	2.0	1.0	3.0
2	26307348	27153119	2.0	2.0	4.0
2	27153120	27163450	4.0	1.0	5.0
2	27163451	28255968	4.0	1.0	5.0
2	28255969	28701574	2.0	1.0	3.0
2	28701575	28702714	2.0	1.0	3.0
2	28702715	32580671	2.0	1.0	3.0
2	32580672	32580690	2.0	1.0	3.0
2	32580691	32601194	1.0	1.0	2.0
2	32601195	32601705	2.0	2.0	4.0
2	32601706	33651067	2.0	1.0	3.0
2	33651068	33796408	3.0	1.0	4.0
2	33796409	35785988	2.0	1.0	3.0
2	35785989	35806466	2.0	1.0	3.0
2	35806467	38786271	2.0	1.0	3.0
2	38786272	39123168	2.0	1.0	3.0
2	39123169	42570714	2.0	1.0	3.0
2	42570715	43287068	2.0	2.0	4.0
2	43287069	46552439	2.0	1.0	3.0
2	46552440	46790432	2.0	2.0	4.0
2	46790433	55617995	2.0	1.0	3.0
2	55617996	56009079	2.0	1.0	3.0
2	56009080	63627770	2.0	1.0	3.0
2	63627771	63656280	3.0	2.0	5.0
2	63656281	63737993	2.0	2.0	4.0
2	63737994	63738529	2.0	2.0	4.0
2	63738530	63987175	2.0	2.0	4.0
2	63987176	64291373	2.0	1.0	3.0
2	64291374	72239917	2.0	1.0	3.0
2	72239918	72563370	2.0	1.0	3.0
2	72563371	73112090	2.0	1.0	3.0
2	73112091	73352247	2.0	1.0	3.0
2	73352248	76645044	2.0	1.0	3.0
2	76645045	76736589	3.0	1.0	4.0
2	76736590	76744310	2.0	1.0	3.0
2	76744311	76755535	2.0	1.0	3.0
2	76755536	76761031	2.0	1.0	3.0
2	76761032	78214136	2.0	1.0	3.0
2	78214137	78320367	2.0	1.0	3.0
2	78320368	81687879	2.0	1.0	3.0
2	81687880	81751132	2.0	1.0	3.0
2	81751133	81801165	1.0	1.0	2.0
2	81801166	81956905	2.0	1.0	3.0
2	81956906	82839730	2.0	1.0	3.0
2	82839731	82912978	3.0	1.0	4.0
2	82912979	84054107	2.0	1.0	3.0
2	84054108	84139027	2.0	2.0	4.0
2	84139028	89882499	2.0	1.0	3.0
2	89882500	90499999	2.0	1.0	3.0
2	90500000	97181734	2.0	1.0	3.0
2	97181735	99040616	2.0	1.0	3.0
2	99040617	101379609	2.0	1.0	3.0
2	101379610	101579407	4.0	1.0	5.0
2	101579408	102489688	2.0	1.0	3.0
2	102489689	102777989	2.0	1.0	3.0
2	102777990	105653264	2.0	1.0	3.0
2	105653265	109194165	2.0	1.0	3.0
2	109194166	110488655	2.0	1.0	3.0
2	110488656	114979362	1.0	1.0	2.0
2	114979363	115920712	2.0	1.0	3.0
2	115920713	116215016	2.0	1.0	3.0
2	116215017	116397923	2.0	1.0	3.0
2	116397924	120552044	1.0	1.0	2.0
2	120552045	120669709	3.0	1.0	4.0
2	120669710	120779534	3.0	1.0	4.0
2	120779535	121718599	1.0	1.0	2.0
2	121718600	121995983	2.0	1.0	3.0
2	121995984	123349717	2.0	1.0	3.0
2	123349718	124328722	1.0	1.0	2.0
2	124328723	124343125	1.0	1.0	2.0
2	124343126	126642617	1.0	1.0	2.0
2	126642618	126914356	2.0	1.0	3.0
2	126914357	133776809	1.0	1.0	2.0
2	133776810	134181945	1.0	1.0	2.0
2	134181946	134386144	1.0	1.0	2.0
2	134386145	134959235	1.0	1.0	2.0
2	134959236	139382785	1.0	1.0	2.0
2	139382786	139728405	1.0	1.0	2.0
2	139728406	152217183	1.0	1.0	2.0
2	152217184	152217569	1.0	1.0	2.0
2	152217570	152217854	1.0	1.0	2.0
2	152217855	157756804	1.0	1.0	2.0
2	157756805	159558410	1.0	1.0	2.0
2	159558411	161018294	2.0	1.0	3.0
2	161018295	164176107	1.0	1.0	2.0
2	164176108	164258049	1.0	1.0	2.0
2	164258050	164383922	1.0	1.0	2.0
2	164383923	164503327	1.0	1.0	2.0
2	164503328	164864350	1.0	1.0	2.0
2	164864351	164865230	1.0	1.0	2.0
2	164865231	165258722	1.0	1.0	2.0
2	165258723	165558221	2.0	1.0	3.0
2	165558222	169140582	1.0	1.0	2.0
2	169140583	169426207	1.0	1.0	2.0
2	169426208	173358956	1.0	1.0	2.0
2	173358957	173427242	1.0	1.0	2.0
2	173427243	179160099	1.0	1.0	2.0
2	179160100	179160243	1.0	1.0	2.0
2	179160244	179160258	1.0	1.0	2.0
2	179160259	179365111	2.0	1.0	3.0
2	179365112	179365151	2.0	1.0	3.0
2	179365152	190513740	1.0	1.0	2.0
2	190513741	190544295	3.0	0.0	3.0
2	190544296	191163917	1.0	1.0	2.0
2	191163918	191164454	1.0	1.0	2.0
2	191164455	191477617	1.0	1.0	2.0
2	191477618	205797859	1.0	1.0	2.0
2	205797860	206064468	1.0	1.0	2.0
2	206064469	206450449	1.0	1.0	2.0
2	206450450	206523328	2.0	1.0	3.0
2	206523329	206800708	1.0	1.0	2.0
2	206800709	207017920	2.0	1.0	3.0
2	207017921	208492099	1.0	1.0	2.0
2	208492100	208808928	2.0	1.0	3.0
2	208808929	211249687	1.0	1.0	2.0
2	211249688	216998812	1.0	1.0	2.0
2	216998813	218720247	2.0	1.0	3.0
2	218720248	219015559	3.0	1.0	4.0
2	219015560	219162666	2.0	1.0	3.0
2	219162667	219218128	1.0	1.0	2.0
2	219218129	219933448	2.0	1.0	3.0
2	219933449	223654552	1.0	1.0	2.0
2	223654553	223713012	2.0	1.0	3.0
2	223713013	234123298	1.0	1.0	2.0
2	234123299	234309019	2.0	1.0	3.0
2	234309020	234361766	1.0	1.0	2.0
2	234361767	238637411	1.0	1.0	2.0
2	238637412	240098816	1.0	1.0	2.0
2	240098817	242999968	1.0	1.0	2.0
3	104957	3700454	1.0	1.0	2.0
3	3700455	3796518	1.0	1.0	2.0
3	3796519	3796941	1.0	1.0	2.0
3	3796942	3890012	1.0	1.0	2.0
3	3890013	4274471	1.0	1.0	2.0
3	4274472	4797358	1.0	1.0	2.0
3	4797359	9423051	1.0	1.0	2.0
3	9423052	9518478	3.0	1.0	4.0
3	9518479	9650236	2.0	1.0	3.0
3	9650237	10522885	2.0	1.0	3.0
3	10522886	11155900	2.0	1.0	3.0
3	11155901	13111857	1.0	1.0	2.0
3	13111858	13969651	2.0	1.0	3.0
3	13969652	14099016	3.0	1.0	4.0
3	14099017	14919414	2.0	1.0	3.0
3	14919415	14919426	2.0	1.0	3.0
3	14919427	14920522	2.0	1.0	3.0
3	14920523	14926733	1.0	1.0	2.0
3	14926734	14926748	2.0	1.0	3.0
3	14926749	14927612	2.0	1.0	3.0
3	14927613	15142250	2.0	1.0	3.0
3	15142251	15142275	2.0	1.0	3.0
3	15142276	15147557	2.0	1.0	3.0
3	15147558	15456493	2.0	1.0	3.0
3	15456494	15768155	3.0	1.0	4.0
3	15768156	17944299	2.0	1.0	3.0
3	17944300	17944384	2.0	1.0	3.0
3	17944385	17944431	1.0	1.0	2.0
3	17944432	17944876	1.0	1.0	2.0
3	17944877	18937921	1.0	1.0	2.0
3	18937922	20322202	1.0	1.0	2.0
3	20322203	22466225	1.0	1.0	2.0
3	22466226	22593580	2.0	1.0	3.0
3	22593581	23605482	1.0	1.0	2.0
3	23605483	23795819	2.0	2.0	4.0
3	23795820	23835142	1.0	1.0	2.0
3	23835143	23835581	1.0	1.0	2.0
3	23835582	29650497	1.0	1.0	2.0
3	29650498	30219303	1.0	1.0	2.0
3	30219304	32332476	1.0	1.0	2.0
3	32332477	33057285	2.0	1.0	3.0
3	33057286	46640055	1.0	1.0	2.0
3	46640056	46744011	1.0	1.0	2.0
3	46744012	47162490	1.0	1.0	2.0
3	47162491	50399864	1.0	1.0	2.0
3	50399865	50765053	2.0	1.0	3.0
3	50765054	52760808	1.0	1.0	2.0
3	52760809	53154575	2.0	1.0	3.0
3	53154576	53255276	2.0	1.0	3.0
3	53255277	54882789	2.0	1.0	3.0
3	54882790	58078937	1.0	1.0	2.0
3	58078938	58148996	1.0	1.0	2.0
3	58148997	58677772	1.0	1.0	2.0
3	58677773	58679162	1.0	1.0	2.0
3	58679163	59803944	1.0	1.0	2.0
3	59803945	59984546	1.0	1.0	2.0
3	59984547	60207592	1.0	1.0	2.0
3	60207593	60280186	1.0	0.0	1.0
3	60280187	60310746	1.0	1.0	2.0
3	60310747	60357134	1.0	1.0	2.0
3	60357135	60424496	1.0	1.0	2.0
3	60424497	60442731	1.0	0.0	1.0
3	60442732	60462435	1.0	1.0	2.0
3	60462436	60466080	1.0	1.0	2.0
3	60466081	60519108	3.0	1.0	4.0
3	60519109	60652362	1.0	0.0	1.0
3	60652363	60691215	1.0	1.0	2.0
3	60691216	60762011	2.0	1.0	3.0
3	60762012	60827112	3.0	1.0	4.0
3	60827113	60832759	2.0	1.0	3.0
3	60832760	60913118	2.0	1.0	3.0
3	60913119	61067446	2.0	0.0	2.0
3	61067447	61107438	2.0	1.0	3.0
3	61107439	65533544	2.0	1.0	3.0
3	65533545	65536547	2.0	1.0	3.0
3	65536548	65953602	2.0	1.0	3.0
3	65953603	67314052	2.0	2.0	4.0
3	67314053	67662206	2.0	2.0	4.0
3	67662207	70183028	2.0	2.0	4.0
3	70183029	70321334	3.0	2.0	5.0
3	70321335	70330197	3.0	2.0	5.0
3	70330198	75058320	2.0	1.0	3.0
3	75058321	75124866	2.0	1.0	3.0
3	75124867	75153993	3.0	1.0	4.0
3	75153994	75164905	2.0	1.0	3.0
3	75164906	75177441	3.0	1.0	4.0
3	75177442	75221799	3.0	1.0	4.0
3	75221800	75353616	2.0	1.0	3.0
3	75353617	75441289	3.0	2.0	5.0
3	75441290	76416847	2.0	1.0	3.0
3	76416848	76503926	3.0	1.0	4.0
3	76503927	81633358	2.0	1.0	3.0
3	81633359	81668520	2.0	1.0	3.0
3	81668521	81722584	2.0	1.0	3.0
3	81722585	82639326	2.0	1.0	3.0
3	82639327	82642787	2.0	1.0	3.0
3	82642788	83583414	2.0	1.0	3.0
3	83583415	87318112	2.0	1.0	3.0
3	87318113	87331791	2.0	1.0	3.0
3	87331792	93899999	2.0	1.0	3.0
3	93900000	94239192	2.0	1.0	3.0
3	94239193	94294794	2.0	1.0	3.0
3	94294795	94391608	2.0	2.0	4.0
3	94391609	94462759	2.0	1.0	3.0
3	94462760	94908000	2.0	1.0	3.0
3	94908001	94922603	2.0	1.0	3.0
3	94922604	96599889	2.0	1.0	3.0
3	96599890	96633852	1.0	1.0	2.0
3	96633853	98369144	2.0	1.0	3.0
3	98369145	99243949	1.0	1.0	2.0
3	99243950	99587726	2.0	1.0	3.0
3	99587727	101384629	1.0	1.0	2.0
3	101384630	101392626	2.0	1.0	3.0
3	101392627	101583625	2.0	1.0	3.0
3	101583626	101918351	2.0	1.0	3.0
3	101918352	102872782	2.0	1.0	3.0
3	102872783	102996206	2.0	1.0	3.0
3	102996207	104157760	2.0	1.0	3.0
3	104157761	104211811	2.0	1.0	3.0
3	104211812	110986654	1.0	1.0	2.0
3	110986655	111517208	2.0	2.0	4.0
3	111517209	112625219	2.0	2.0	4.0
3	112625220	114463916	1.0	1.0	2.0
3	114463917	114722164	3.0	1.0	4.0
3	114722165	117311333	1.0	1.0	2.0
3	117311334	117385236	2.0	1.0	3.0
3	117385237	117487719	2.0	1.0	3.0
3	117487720	119228814	2.0	1.0	3.0
3	119228815	119775864	2.0	1.0	3.0
3	119775865	119807939	2.0	1.0	3.0
3	119807940	119847760	2.0	1.0	3.0
3	119847761	119848122	2.0	1.0	3.0
3	119848123	122148398	2.0	1.0	3.0
3	122148399	124608095	2.0	1.0	3.0
3	124608096	125637752	2.0	1.0	3.0
3	125637753	125733902	2.0	1.0	3.0
3	125733903	126009539	2.0	2.0	4.0
3	126009540	143708608	2.0	1.0	3.0
3	143708609	143727522	2.0	1.0	3.0
3	143727523	143899050	2.0	1.0	3.0
3	143899051	143912365	2.0	1.0	3.0
3	143912366	144031007	2.0	1.0	3.0
3	144031008	144127393	2.0	1.0	3.0
3	144127394	144141775	2.0	1.0	3.0
3	144141776	144233590	2.0	1.0	3.0
3	144233591	148180878	2.0	1.0	3.0
3	148180879	148460743	2.0	1.0	3.0
3	148460744	152242466	2.0	1.0	3.0
3	152242467	152464096	2.0	1.0	3.0
3	152464097	152756323	2.0	1.0	3.0
3	152756324	153533216	2.0	1.0	3.0
3	153533217	153681028	2.0	1.0	3.0
3	153681029	154120006	2.0	1.0	3.0
3	154120007	155420624	2.0	1.0	3.0
3	155420625	155508865	2.0	1.0	3.0
3	155508866	157462410	2.0	1.0	3.0
3	157462411	157495672	2.0	1.0	3.0
3	157495673	161538807	2.0	1.0	3.0
3	161538808	162781850	2.0	2.0	4.0
3	162781851	162902359	3.0	2.0	5.0
3	162902360	162937845	2.0	1.0	3.0
3	162937846	163485660	2.0	1.0	3.0
3	163485661	163908929	1.0	1.0	2.0
3	163908930	168243212	2.0	1.0	3.0
3	168243213	168603560	2.0	1.0	3.0
3	168603561	169431394	2.0	2.0	4.0
3	169431395	169672329	2.0	2.0	4.0
3	169672330	170169673	2.0	2.0	4.0
3	170169674	170203101	2.0	1.0	3.0
3	170203102	171592889	2.0	1.0	3.0
3	171592890	172166217	2.0	2.0	4.0
3	172166218	172533889	3.0	2.0	5.0
3	172533890	174572673	2.0	2.0	4.0
3	174572674	174764148	2.0	2.0	4.0
3	174764149	174954452	2.0	2.0	4.0
3	174954453	174981340	2.0	1.0	3.0
3	174981341	174982387	2.0	1.0	3.0
3	174982388	175007055	2.0	1.0	3.0
3	175007056	175061898	1.0	1.0	2.0
3	175061899	175069076	2.0	1.0	3.0
3	175069077	175072673	2.0	1.0	3.0
3	175072674	175112818	2.0	1.0	3.0
3	175112819	175728425	2.0	2.0	4.0
3	175728426	175945159	2.0	1.0	3.0
3	175945160	176279895	2.0	1.0	3.0
3	176279896	186324929	2.0	1.0	3.0
3	186324930	186328428	2.0	1.0	3.0
3	186328429	186468174	1.0	1.0	2.0
3	186468175	186715278	2.0	1.0	3.0
3	186715279	187508596	2.0	1.0	3.0
3	187508597	187705762	2.0	1.0	3.0
3	187705763	187753358	1.0	1.0	2.0
3	187753359	188257743	2.0	1.0	3.0
3	188257744	188311950	2.0	2.0	4.0
3	188311951	188419967	2.0	1.0	3.0
3	188419968	188429959	1.0	1.0	2.0
3	188429960	188522013	2.0	2.0	4.0
3	188522014	191139443	1.0	1.0	2.0
3	191139444	191147962	2.0	1.0	3.0
3	191147963	192669071	2.0	1.0	3.0
3	192669072	192731704	2.0	1.0	3.0
3	192731705	193285014	2.0	2.0	4.0
3	193285015	193352059	2.0	1.0	3.0
3	193352060	194092061	2.0	1.0	3.0
3	194092062	194585554	3.0	1.0	4.0
3	194585555	195501487	2.0	1.0	3.0
3	195501488	196995241	2.0	1.0	3.0
3	196995242	197850754	2.0	1.0	3.0
4	40828	2768462	2.0	0.0	2.0
4	2768463	2770801	2.0	1.0	3.0
4	2770802	3916928	2.0	0.0	2.0
4	3916929	4469309	1.0	1.0	2.0
4	4469310	5319998	2.0	0.0	2.0
4	5319999	5500036	2.0	0.0	2.0
4	5500037	13942191	2.0	0.0	2.0
4	13942192	14972279	2.0	1.0	3.0
4	14972280	15970116	2.0	1.0	3.0
4	15970117	35214898	2.0	0.0	2.0
4	35214899	36539388	3.0	1.0	4.0
4	36539389	36675568	2.0	0.0	2.0
4	36675569	40705585	2.0	1.0	3.0
4	40705586	41033340	2.0	1.0	3.0
4	41033341	41087049	2.0	1.0	3.0
4	41087050	45480012	1.0	1.0	2.0
4	45480013	45521069	1.0	1.0	2.0
4	45521070	48199999	1.0	1.0	2.0
4	53328399	53504128	2.0	1.0	3.0
4	53504129	53539156	1.0	1.0	2.0
4	53539157	55155236	2.0	1.0	3.0
4	55155237	56981484	1.0	1.0	2.0
4	56981485	57063880	2.0	1.0	3.0
4	57063881	64591945	1.0	1.0	2.0
4	64591946	65139633	2.0	1.0	3.0
4	65139634	72248403	1.0	1.0	2.0
4	72248404	73095683	2.0	1.0	3.0
4	73095684	81809999	1.0	1.0	2.0
4	81810000	87561305	1.0	1.0	2.0
4	87561306	87662791	2.0	1.0	3.0
4	87662792	88715476	1.0	1.0	2.0
4	88715477	88837516	1.0	1.0	2.0
4	88837517	90264272	1.0	1.0	2.0
4	90264273	90362584	2.0	1.0	3.0
4	90362585	90412076	2.0	1.0	3.0
4	90412077	90722345	2.0	1.0	3.0
4	90722346	91522496	1.0	1.0	2.0
4	91522497	91549383	1.0	0.0	1.0
4	91549384	96663158	1.0	1.0	2.0
4	96663159	96667876	1.0	1.0	2.0
4	96667877	108672497	1.0	1.0	2.0
4	108672498	108677116	1.0	1.0	2.0
4	108677117	115069817	1.0	1.0	2.0
4	115069818	115405339	2.0	1.0	3.0
4	115405340	124092696	1.0	1.0	2.0
4	124092697	124814694	2.0	1.0	3.0
4	124814695	129221517	1.0	1.0	2.0
4	129221518	129925933	2.0	1.0	3.0
4	129925934	134494565	1.0	1.0	2.0
4	134494566	134494836	1.0	1.0	2.0
4	134494837	134511464	1.0	1.0	2.0
4	134511465	134511512	1.0	1.0	2.0
4	134511513	134826324	1.0	0.0	1.0
4	134826325	134826560	1.0	0.0	1.0
4	134826561	134826628	1.0	0.0	1.0
4	134826629	134826979	1.0	0.0	1.0
4	134826980	134830396	1.0	0.0	1.0
4	134830397	134830562	1.0	0.0	1.0
4	134830563	134831708	1.0	1.0	2.0
4	134831709	135819482	1.0	1.0	2.0
4	135819483	135842502	3.0	0.0	3.0
4	135842503	137240153	1.0	1.0	2.0
4	137240154	137367868	1.0	1.0	2.0
4	137367869	137885860	1.0	1.0	2.0
4	137885861	137954993	1.0	1.0	2.0
4	137954994	139121565	1.0	1.0	2.0
4	139121566	139269348	1.0	1.0	2.0
4	139269349	142717296	1.0	1.0	2.0
4	142717297	142947723	1.0	1.0	2.0
4	142947724	148973196	1.0	1.0	2.0
4	148973197	149459162	2.0	1.0	3.0
4	149459163	149560944	1.0	1.0	2.0
4	149560945	151942630	2.0	1.0	3.0
4	151942631	151951698	2.0	2.0	4.0
4	151951699	153159152	2.0	1.0	3.0
4	153159153	153739397	1.0	1.0	2.0
4	153739398	153965696	1.0	1.0	2.0
4	153965697	166771219	1.0	1.0	2.0
4	166771220	166841470	2.0	1.0	3.0
4	166841471	168949141	1.0	1.0	2.0
4	168949142	168968759	1.0	1.0	2.0
4	168968760	169005445	1.0	1.0	2.0
4	169005446	169025200	1.0	1.0	2.0
4	169025201	169616103	1.0	1.0	2.0
4	169616104	170153185	2.0	1.0	3.0
4	170153186	171688517	1.0	1.0	2.0
4	171688518	171695587	2.0	1.0	3.0
4	171695588	178565009	1.0	1.0	2.0
4	178565010	178786121	1.0	1.0	2.0
4	178786122	179325353	1.0	1.0	2.0
4	179325354	179452859	1.0	1.0	2.0
4	179452860	187970143	1.0	1.0	2.0
4	187970144	189340250	2.0	1.0	3.0
4	189340251	189394964	3.0	1.0	4.0
4	189394965	190749943	2.0	1.0	3.0
5	14676	851581	1.0	1.0	2.0
5	851582	3387674	1.0	1.0	2.0
5	3387675	3450574	1.0	1.0	2.0
5	3450575	4318414	1.0	1.0	2.0
5	4318415	4351840	1.0	1.0	2.0
5	4351841	4529595	1.0	1.0	2.0
5	4529596	4557478	1.0	1.0	2.0
5	4557479	9162749	1.0	1.0	2.0
5	9162750	9468995	1.0	1.0	2.0
5	9468996	11365148	1.0	1.0	2.0
5	11365149	11451023	1.0	1.0	2.0
5	11451024	12097258	1.0	1.0	2.0
5	12097259	12112686	1.0	0.0	1.0
5	12112687	13358735	1.0	1.0	2.0
5	13358736	14944357	2.0	1.0	3.0
5	14944358	25280734	1.0	1.0	2.0
5	25280735	25591513	2.0	1.0	3.0
5	25591514	28002585	1.0	1.0	2.0
5	28002586	29668765	2.0	1.0	3.0
5	29668766	34501374	1.0	1.0	2.0
5	34501375	34675228	2.0	1.0	3.0
5	34675229	41860288	1.0	1.0	2.0
5	41860289	42176424	1.0	1.0	2.0
5	42176425	44078439	1.0	1.0	2.0
5	44078440	44099134	1.0	1.0	2.0
5	44099135	44222462	1.0	1.0	2.0
5	44222463	44238099	1.0	1.0	2.0
5	44238100	46099999	1.0	1.0	2.0
5	46100000	50699999	1.0	1.0	2.0
5	50700000	52823344	1.0	1.0	2.0
5	52823345	52872465	1.0	1.0	2.0
5	52872466	54527103	1.0	1.0	2.0
5	54527104	55581860	1.0	1.0	2.0
5	55581861	55925970	2.0	2.0	4.0
5	55925971	56151125	1.0	1.0	2.0
5	56151126	56728091	1.0	1.0	2.0
5	56728092	56819145	2.0	1.0	3.0
5	56819146	59259578	1.0	1.0	2.0
5	59259579	59334898	1.0	1.0	2.0
5	59334899	65368390	1.0	1.0	2.0
5	65368391	65549205	1.0	1.0	2.0
5	65549206	74532472	1.0	1.0	2.0
5	74532473	74714633	2.0	1.0	3.0
5	74714634	74833764	1.0	1.0	2.0
5	74833765	80089883	2.0	1.0	3.0
5	80089884	81562119	1.0	1.0	2.0
5	81562120	81761330	1.0	1.0	2.0
5	81761331	83635282	1.0	1.0	2.0
5	83635283	103071807	1.0	0.0	1.0
5	103071808	104037078	1.0	0.0	1.0
5	104037079	104878375	1.0	0.0	1.0
5	104878376	105082288	1.0	1.0	2.0
5	105082289	109795404	1.0	0.0	1.0
5	109795405	118092705	1.0	1.0	2.0
5	118092706	118739436	1.0	1.0	2.0
5	118739437	118864845	2.0	1.0	3.0
5	118864846	119952023	1.0	1.0	2.0
5	119952024	121670664	1.0	1.0	2.0
5	121670665	122240355	1.0	1.0	2.0
5	122240356	126013930	1.0	1.0	2.0
5	126013931	126217075	1.0	1.0	2.0
5	126217076	130374149	1.0	1.0	2.0
5	130374150	130412769	1.0	1.0	2.0
5	130412770	134936278	1.0	1.0	2.0
5	134936279	135136384	1.0	1.0	2.0
5	135136385	135697748	1.0	1.0	2.0
5	135697749	135838235	2.0	1.0	3.0
5	135838236	135959171	2.0	1.0	3.0
5	135959172	135969171	3.0	1.0	4.0
5	135969172	138547445	1.0	1.0	2.0
5	138547446	138723903	1.0	1.0	2.0
5	138723904	139630259	1.0	1.0	2.0
5	139630260	139880909	1.0	1.0	2.0
5	139880910	145668823	1.0	1.0	2.0
5	145668824	145768243	1.0	1.0	2.0
5	145768244	150432991	1.0	1.0	2.0
5	150432992	150927500	2.0	1.0	3.0
5	150927501	151173001	2.0	1.0	3.0
5	151173002	156203939	2.0	1.0	3.0
5	156203940	157272716	2.0	1.0	3.0
5	157272717	157272852	1.0	1.0	2.0
5	157272853	158006919	1.0	1.0	2.0
5	158006920	158187467	1.0	1.0	2.0
5	158187468	163696842	1.0	1.0	2.0
5	163696843	164340095	2.0	1.0	3.0
5	164340096	166301529	1.0	1.0	2.0
5	166301530	166354683	1.0	1.0	2.0
5	166354684	166561545	1.0	1.0	2.0
5	166561546	166616388	1.0	1.0	2.0
5	166616389	178696935	1.0	1.0	2.0
5	178696936	178735370	1.0	1.0	2.0
5	178735371	179629007	1.0	1.0	2.0
5	179629008	179985114	2.0	1.0	3.0
5	179985115	180710261	1.0	1.0	2.0
6	39681	203877	1.0	1.0	2.0
6	203878	1518252	2.0	1.0	3.0
6	1518253	2144721	2.0	1.0	3.0
6	2144722	3341814	3.0	1.0	4.0
6	3341815	3465847	2.0	1.0	3.0
6	3465848	3897475	2.0	1.0	3.0
6	3897476	10330042	2.0	0.0	2.0
6	10330043	14486601	2.0	0.0	2.0
6	14486602	14626835	3.0	0.0	3.0
6	14626836	17720387	2.0	0.0	2.0
6	17720388	17764397	1.0	0.0	1.0
6	17764398	22452404	2.0	0.0	2.0
6	22452405	22533491	2.0	0.0	2.0
6	22533492	24160404	2.0	0.0	2.0
6	24160405	24933357	2.0	1.0	3.0
6	24933358	26292793	2.0	0.0	2.0
6	26292794	26556723	1.0	1.0	2.0
6	26556724	33194691	2.0	0.0	2.0
6	33194692	33454495	2.0	1.0	3.0
6	33454496	33852083	2.0	1.0	3.0
6	33852084	34514836	2.0	1.0	3.0
6	34514837	34713958	2.0	1.0	3.0
6	34713959	34966357	2.0	0.0	2.0
6	34966358	35436617	2.0	0.0	2.0
6	35436618	35437530	2.0	1.0	3.0
6	35437531	35437627	2.0	1.0	3.0
6	35437628	35541469	2.0	1.0	3.0
6	35541470	35541667	2.0	1.0	3.0
6	35541668	36846424	2.0	0.0	2.0
6	36846425	39051255	4.0	0.0	4.0
6	39051256	43385952	2.0	0.0	2.0
6	43385953	43389669	2.0	0.0	2.0
6	43389670	46977916	2.0	0.0	2.0
6	46977917	47730329	3.0	0.0	3.0
6	47730330	54310179	2.0	0.0	2.0
6	54310180	55061852	3.0	0.0	3.0
6	55061853	55262116	2.0	0.0	2.0
6	55262117	58699999	2.0	0.0	2.0
6	63300000	64412184	2.0	1.0	3.0
6	64412185	72932040	2.0	0.0	2.0
6	72932041	73072126	2.0	0.0	2.0
6	73072127	74220925	2.0	0.0	2.0
6	74220926	74787638	2.0	0.0	2.0
6	74787639	84968599	2.0	0.0	2.0
6	84968600	88154535	2.0	0.0	2.0
6	88154536	88424204	4.0	0.0	4.0
6	88424205	90480340	2.0	0.0	2.0
6	90480341	90555606	4.0	0.0	4.0
6	90555607	100919488	2.0	0.0	2.0
6	100919489	101114941	2.0	0.0	2.0
6	101114942	104298515	2.0	0.0	2.0
6	104298516	104850849	4.0	0.0	4.0
6	104850850	115648304	2.0	0.0	2.0
6	115648305	116290600	4.0	0.0	4.0
6	116290601	116823008	2.0	0.0	2.0
6	116823009	117697019	4.0	0.0	4.0
6	117697020	128351926	2.0	0.0	2.0
6	128351927	133809629	2.0	0.0	2.0
6	133809630	133967668	4.0	0.0	4.0
6	133967669	153657573	2.0	0.0	2.0
6	153657574	162671791	2.0	0.0	2.0
6	162671792	162993761	1.0	0.0	1.0
6	162993762	166400657	2.0	0.0	2.0
6	166400658	166554275	2.0	0.0	2.0
6	166554276	170599544	2.0	0.0	2.0
6	170599545	170600515	2.0	0.0	2.0
6	170600516	170921585	2.0	0.0	2.0
7	40386	3151349	1.0	1.0	2.0
7	3151350	3232426	1.0	1.0	2.0
7	3232427	6916042	1.0	1.0	2.0
7	6916043	8543782	1.0	1.0	2.0
7	8543783	8728180	1.0	1.0	2.0
7	8728181	8801010	1.0	1.0	2.0
7	8801011	9230417	1.0	1.0	2.0
7	9230418	9244507	1.0	0.0	1.0
7	9244508	16846497	1.0	1.0	2.0
7	16846498	16882378	1.0	1.0	2.0
7	16882379	22677956	1.0	1.0	2.0
7	22677957	24149978	1.0	1.0	2.0
7	24149979	28838090	1.0	1.0	2.0
7	28838091	29234456	2.0	1.0	3.0
7	29234457	32368641	1.0	1.0	2.0
7	32368642	32369950	2.0	1.0	3.0
7	32369951	32371251	1.0	1.0	2.0
7	32371252	32680267	2.0	1.0	3.0
7	32680268	32706331	3.0	2.0	5.0
7	32706332	32744399	3.0	2.0	5.0
7	32744400	33111646	2.0	2.0	4.0
7	33111647	37360513	2.0	1.0	3.0
7	37360514	39736109	1.0	1.0	2.0
7	39736110	40130740	2.0	1.0	3.0
7	40130741	40400920	3.0	1.0	4.0
7	40400921	40458813	2.0	1.0	3.0
7	40458814	48759723	1.0	1.0	2.0
7	48759724	48759766	1.0	1.0	2.0
7	48759767	52179172	1.0	1.0	2.0
7	52179173	52231271	2.0	1.0	3.0
7	52231272	53055270	1.0	1.0	2.0
7	53055271	53085018	1.0	1.0	2.0
7	53085019	53107177	1.0	1.0	2.0
7	53107178	53560151	1.0	1.0	2.0
7	53560152	57307736	1.0	1.0	2.0
7	57307737	57536826	2.0	1.0	3.0
7	57536827	57837823	1.0	1.0	2.0
7	57837824	57999999	2.0	1.0	3.0
7	61700000	68146356	1.0	1.0	2.0
7	68146357	68259091	1.0	1.0	2.0
7	68259092	71363986	1.0	1.0	2.0
7	71363987	73080920	1.0	1.0	2.0
7	73080921	73539430	2.0	1.0	3.0
7	73539431	77047311	1.0	1.0	2.0
7	77047312	77169801	2.0	1.0	3.0
7	77169802	77531101	1.0	1.0	2.0
7	77531102	77763596	2.0	1.0	3.0
7	77763597	91669734	1.0	1.0	2.0
7	91669735	91972839	3.0	0.0	3.0
7	91972840	101309797	1.0	1.0	2.0
7	101309798	101933293	2.0	1.0	3.0
7	101933294	102279990	2.0	2.0	4.0
7	102279991	103020008	2.0	1.0	3.0
7	103020009	103510003	1.0	1.0	2.0
7	103510004	105014966	2.0	1.0	3.0
7	105014967	105251210	3.0	1.0	4.0
7	105251211	105283879	2.0	1.0	3.0
7	105283880	105348839	3.0	1.0	4.0
7	105348840	105349210	1.0	0.0	1.0
7	105349211	105349231	1.0	0.0	1.0
7	105349232	105349556	4.0	1.0	5.0
7	105349557	105350075	4.0	1.0	5.0
7	105350076	105350771	4.0	1.0	5.0
7	105350772	108543176	1.0	1.0	2.0
7	108543177	109985192	1.0	1.0	2.0
7	109985193	109986417	1.0	1.0	2.0
7	109986418	110767561	1.0	1.0	2.0
7	110767562	110869576	1.0	1.0	2.0
7	110869577	110964286	1.0	0.0	1.0
7	110964287	111103385	1.0	1.0	2.0
7	111103386	111672179	1.0	1.0	2.0
7	111672180	111804063	2.0	1.0	3.0
7	111804064	113463748	1.0	1.0	2.0
7	113463749	113629537	2.0	1.0	3.0
7	113629538	119404287	1.0	1.0	2.0
7	119404288	119686733	1.0	1.0	2.0
7	119686734	119859446	1.0	1.0	2.0
7	119859447	120319557	1.0	1.0	2.0
7	120319558	122906655	1.0	1.0	2.0
7	122906656	123010222	2.0	1.0	3.0
7	123010223	123043292	2.0	2.0	4.0
7	123043293	123910512	2.0	1.0	3.0
7	123910513	124012385	3.0	1.0	4.0
7	124012386	124178410	2.0	1.0	3.0
7	124178411	124258437	1.0	1.0	2.0
7	124258438	124326393	2.0	1.0	3.0
7	124326394	125328760	1.0	1.0	2.0
7	125328761	125333151	1.0	1.0	2.0
7	125333152	128610721	1.0	1.0	2.0
7	128610722	130031475	2.0	1.0	3.0
7	130031476	133549579	1.0	1.0	2.0
7	133549580	133758481	1.0	1.0	2.0
7	133758482	138458485	1.0	1.0	2.0
7	138458486	138477853	1.0	1.0	2.0
7	138477854	138503623	1.0	1.0	2.0
7	138503624	138830645	2.0	1.0	3.0
7	138830646	138902042	3.0	1.0	4.0
7	138902043	138902113	3.0	1.0	4.0
7	138902114	139079574	3.0	1.0	4.0
7	139079575	139129247	2.0	2.0	4.0
7	139129248	139179246	2.0	2.0	4.0
7	139179247	139260917	2.0	1.0	3.0
7	139260918	154733452	1.0	1.0	2.0
7	154733453	155400015	2.0	1.0	3.0
7	155400016	157394328	2.0	2.0	4.0
7	157394329	158297114	2.0	1.0	3.0
7	158297115	158825072	1.0	1.0	2.0
8	10001	162267	1.0	0.0	1.0
8	162268	4861375	2.0	2.0	4.0
8	4861376	5012226	2.0	2.0	4.0
8	5012227	10580454	2.0	2.0	4.0
8	10580455	10618170	3.0	2.0	5.0
8	10618171	15209858	2.0	2.0	4.0
8	15209859	15357955	2.0	2.0	4.0
8	15357956	17337920	2.0	2.0	4.0
8	17337921	17545429	2.0	2.0	4.0
8	17545430	18302699	2.0	2.0	4.0
8	18302700	18480966	3.0	2.0	5.0
8	18480967	19048789	2.0	2.0	4.0
8	19048790	19351020	3.0	2.0	5.0
8	19351021	21926137	3.0	2.0	5.0
8	21926138	22129989	1.0	1.0	2.0
8	22129990	28615409	3.0	2.0	5.0
8	28615410	28939442	2.0	2.0	4.0
8	28939443	30209714	2.0	2.0	4.0
8	30209715	30217662	3.0	2.0	5.0
8	30217663	31114496	2.0	1.0	3.0
8	31114497	31209605	2.0	2.0	4.0
8	31209606	32293276	3.0	2.0	5.0
8	32293277	32328768	2.0	2.0	4.0
8	32328769	36832794	3.0	2.0	5.0
8	36832795	37719033	3.0	2.0	5.0
8	37719034	37719121	3.0	2.0	5.0
8	37719122	38116460	5.0	2.0	7.0
8	38116461	38579523	3.0	2.0	5.0
8	38579524	38770312	3.0	3.0	6.0
8	38770313	38789171	3.0	2.0	5.0
8	38789172	38933566	4.0	2.0	6.0
8	38933567	40206842	4.0	2.0	6.0
8	40206843	41471824	3.0	2.0	5.0
8	41471825	41497660	3.0	2.0	5.0
8	41497661	41583817	4.0	2.0	6.0
8	41583818	41866090	4.0	3.0	7.0
8	41866091	42222359	4.0	3.0	7.0
8	42222360	42541218	5.0	4.0	9.0
8	42541219	42695776	5.0	2.0	7.0
8	42695777	43099999	3.0	2.0	5.0
8	48100000	48587077	4.0	2.0	6.0
8	48587078	48973387	5.0	1.0	6.0
8	48973388	51648896	4.0	2.0	6.0
8	51648897	51874042	5.0	1.0	6.0
8	51874043	52002171	5.0	2.0	7.0
8	52002172	52077659	5.0	1.0	6.0
8	52077660	54719052	4.0	2.0	6.0
8	54719053	55306515	3.0	2.0	5.0
8	55306516	56280077	4.0	2.0	6.0
8	56280078	56980307	4.0	4.0	8.0
8	56980308	57043706	4.0	2.0	6.0
8	57043707	57282303	4.0	2.0	6.0
8	57282304	58405938	4.0	2.0	6.0
8	58405939	58462661	3.0	2.0	5.0
8	58462662	58834174	4.0	2.0	6.0
8	58834175	58936342	4.0	2.0	6.0
8	58936343	59397765	4.0	2.0	6.0
8	59397766	59557394	4.0	2.0	6.0
8	59557395	60901883	4.0	2.0	6.0
8	60901884	61414083	4.0	2.0	6.0
8	61414084	61415678	2.0	1.0	3.0
8	61415679	61960931	3.0	2.0	5.0
8	61960932	62125874	4.0	2.0	6.0
8	62125875	62639880	4.0	2.0	6.0
8	62639881	65450563	4.0	2.0	6.0
8	65450564	65527620	4.0	3.0	7.0
8	65527621	65576370	4.0	3.0	7.0
8	65576371	68500306	4.0	2.0	6.0
8	68500307	68564113	3.0	2.0	5.0
8	68564114	74576556	4.0	2.0	6.0
8	74576557	74732374	3.0	2.0	5.0
8	74732375	74777441	2.0	1.0	3.0
8	74777442	74810257	5.0	1.0	6.0
8	74810258	75008735	4.0	4.0	8.0
8	75008736	76465727	3.0	2.0	5.0
8	76465728	76576770	4.0	2.0	6.0
8	76576771	77046923	6.0	2.0	8.0
8	77046924	77120254	4.0	2.0	6.0
8	77120255	77444044	4.0	2.0	6.0
8	77444045	77486652	5.0	2.0	7.0
8	77486653	80936460	4.0	2.0	6.0
8	80936461	80979417	7.0	1.0	8.0
8	80979418	80998624	9.0	2.0	11.0
8	80998625	81122938	6.0	2.0	8.0
8	81122939	81314785	7.0	1.0	8.0
8	81314786	81456604	6.0	2.0	8.0
8	81456605	81813243	5.0	2.0	7.0
8	81813244	83269719	3.0	2.0	5.0
8	83269720	83312199	5.0	1.0	6.0
8	83312200	84043725	4.0	2.0	6.0
8	84043726	84079798	3.0	2.0	5.0
8	84079799	90437343	4.0	2.0	6.0
8	90437344	91326065	5.0	2.0	7.0
8	91326066	91413011	4.0	1.0	5.0
8	91413012	91627741	4.0	4.0	8.0
8	91627742	92131523	3.0	2.0	5.0
8	92131524	92269195	3.0	2.0	5.0
8	92269196	97011272	3.0	2.0	5.0
8	97011273	97159294	3.0	2.0	5.0
8	97159295	98801072	4.0	2.0	6.0
8	98801073	98843405	7.0	1.0	8.0
8	98843406	98843767	6.0	2.0	8.0
8	98843768	99413993	2.0	2.0	4.0
8	99413994	99672279	7.0	1.0	8.0
8	99672280	99792535	7.0	1.0	8.0
8	99792536	99872184	9.0	2.0	11.0
8	99872185	99872945	9.0	2.0	11.0
8	99872946	100344282	2.0	2.0	4.0
8	100344283	100388001	2.0	2.0	4.0
8	100388002	100856966	5.0	2.0	7.0
8	100856967	100974842	4.0	3.0	7.0
8	100974843	101099614	6.0	3.0	9.0
8	101099615	102049671	5.0	3.0	8.0
8	102049672	102333588	4.0	3.0	7.0
8	102333589	103700316	5.0	3.0	8.0
8	103700317	104398497	5.0	2.0	7.0
8	104398498	104503462	4.0	3.0	7.0
8	104503463	104688250	3.0	1.0	4.0
8	104688251	105985259	2.0	2.0	4.0
8	105985260	106110584	3.0	2.0	5.0
8	106110585	107313101	2.0	2.0	4.0
8	107313102	111785584	2.0	2.0	4.0
8	111785585	113753506	2.0	2.0	4.0
8	113753507	113806797	2.0	2.0	4.0
8	113806798	114975039	2.0	2.0	4.0
8	114975040	115808738	5.0	2.0	7.0
8	115808739	115812684	2.0	1.0	3.0
8	115812685	115902745	5.0	2.0	7.0
8	115902746	116127654	7.0	1.0	8.0
8	116127655	116286441	5.0	2.0	7.0
8	116286442	116344017	5.0	2.0	7.0
8	116344018	116528889	5.0	2.0	7.0
8	116528890	118835304	5.0	2.0	7.0
8	118835305	119142443	4.0	2.0	6.0
8	119142444	119142676	3.0	1.0	4.0
8	119142677	119362108	5.0	2.0	7.0
8	119362109	122162191	6.0	2.0	8.0
8	122162192	122906035	5.0	0.0	5.0
8	122906036	123223241	5.0	2.0	7.0
8	123223242	123530607	6.0	2.0	8.0
8	123530608	124269662	5.0	2.0	7.0
8	124269663	124343875	5.0	2.0	7.0
8	124343876	124483290	6.0	1.0	7.0
8	124483291	124536436	7.0	1.0	8.0
8	124536437	125457587	6.0	2.0	8.0
8	125457588	125739964	5.0	3.0	8.0
8	125739965	126291267	6.0	2.0	8.0
8	126291268	126548059	8.0	2.0	10.0
8	126548060	128879964	6.0	2.0	8.0
8	128879965	129002260	6.0	3.0	9.0
8	129002261	130436227	6.0	2.0	8.0
8	130436228	133161237	6.0	2.0	8.0
8	133161238	133161364	6.0	2.0	8.0
8	133161365	133665535	6.0	2.0	8.0
8	133665536	133831286	7.0	1.0	8.0
8	133831287	134416915	2.0	2.0	4.0
8	134416916	134864736	2.0	2.0	4.0
8	134864737	137467184	5.0	2.0	7.0
8	137467185	137468028	3.0	1.0	4.0
8	137468029	140185778	5.0	2.0	7.0
8	140185779	140280276	3.0	1.0	4.0
8	140280277	141686978	5.0	2.0	7.0
8	141686979	143553462	5.0	2.0	7.0
8	143553463	143567814	4.0	3.0	7.0
8	143567815	143587725	5.0	1.0	6.0
8	143587726	143600789	5.0	1.0	6.0
8	143600790	143604464	5.0	1.0	6.0
8	143604465	144200936	7.0	1.0	8.0
8	144200937	144245875	5.0	1.0	6.0
8	144245876	144450005	7.0	1.0	8.0
8	144450006	145252640	2.0	2.0	4.0
8	145252641	146364021	5.0	2.0	7.0
9	69962	203936	2.0	0.0	2.0
9	203937	3865664	2.0	0.0	2.0
9	3865665	5688346	2.0	0.0	2.0
9	5688347	15158451	2.0	0.0	2.0
9	15158452	15533931	3.0	0.0	3.0
9	15533932	15932263	2.0	0.0	2.0
9	15932264	15977432	2.0	0.0	2.0
9	15977433	15983193	2.0	0.0	2.0
9	15983194	16181471	2.0	0.0	2.0
9	16181472	22081054	2.0	0.0	2.0
9	22081055	22099569	1.0	0.0	1.0
9	22099570	25958826	2.0	0.0	2.0
9	25958827	26059174	1.0	0.0	1.0
9	26059175	31071052	2.0	0.0	2.0
9	31071053	31693861	2.0	0.0	2.0
9	31693862	31727930	3.0	0.0	3.0
9	31727931	32078042	2.0	0.0	2.0
9	32078043	33879982	2.0	0.0	2.0
9	33879983	34050965	2.0	1.0	3.0
9	34050966	34051892	7.0	2.0	9.0
9	34051893	34371939	6.0	2.0	8.0
9	34371940	34483498	5.0	2.0	7.0
9	34483499	35057180	5.0	2.0	7.0
9	35057181	35620021	5.0	2.0	7.0
9	35620022	35854742	4.0	2.0	6.0
9	35854743	35897442	3.0	2.0	5.0
9	35897443	36280724	4.0	2.0	6.0
9	36280725	36410852	4.0	2.0	6.0
9	36410853	36414113	3.0	2.0	5.0
9	36414114	36432058	3.0	2.0	5.0
9	36432059	36561769	3.0	2.0	5.0
9	36561770	36595391	4.0	2.0	6.0
9	36595392	36605529	3.0	2.0	5.0
9	36605530	37261637	3.0	2.0	5.0
9	37261638	37262657	4.0	2.0	6.0
9	37262658	44728896	2.0	1.0	3.0
9	44728897	47299999	2.0	1.0	3.0
9	47300000	50699999	2.0	1.0	3.0
9	50700000	68419975	2.0	1.0	3.0
9	68419976	72779963	2.0	1.0	3.0
9	72779964	73830049	2.0	2.0	4.0
9	73830050	81317092	2.0	1.0	3.0
9	81317093	81448974	2.0	2.0	4.0
9	81448975	82273424	2.0	1.0	3.0
9	82273425	82605343	2.0	1.0	3.0
9	82605344	88619274	2.0	1.0	3.0
9	88619275	88787956	2.0	1.0	3.0
9	88787957	89760650	2.0	1.0	3.0
9	89760651	89996343	2.0	1.0	3.0
9	89996344	90366441	2.0	2.0	4.0
9	90366442	94474520	2.0	1.0	3.0
9	94474521	94861721	2.0	1.0	3.0
9	94861722	95131579	2.0	2.0	4.0
9	95131580	96179424	2.0	1.0	3.0
9	96179425	97853245	2.0	2.0	4.0
9	97853246	99353367	2.0	1.0	3.0
9	99353368	100948235	3.0	1.0	4.0
9	100948236	112119372	2.0	1.0	3.0
9	112119373	112151799	2.0	1.0	3.0
9	112151800	112156753	2.0	1.0	3.0
9	112156754	112453815	2.0	1.0	3.0
9	112453816	116281597	2.0	1.0	3.0
9	116281598	116521348	2.0	2.0	4.0
9	116521349	116685400	2.0	1.0	3.0
9	116685401	117203464	2.0	1.0	3.0
9	117203465	119018398	2.0	1.0	3.0
9	119018399	119200754	3.0	1.0	4.0
9	119200755	122989795	2.0	1.0	3.0
9	122989796	123610203	2.0	2.0	4.0
9	123610204	124358781	2.0	1.0	3.0
9	124358782	125526669	2.0	1.0	3.0
9	125526670	125893637	3.0	2.0	5.0
9	125893638	127879063	2.0	1.0	3.0
9	127879064	129576986	2.0	1.0	3.0
9	129576987	130003539	2.0	1.0	3.0
9	130003540	130284407	2.0	2.0	4.0
9	130284408	130398843	2.0	2.0	4.0
9	130398844	130499085	2.0	2.0	4.0
9	130499086	130879089	2.0	2.0	4.0
9	130879090	135885068	2.0	1.0	3.0
9	135885069	135972477	2.0	2.0	4.0
9	135972478	136180060	2.0	2.0	4.0
9	136180061	138285580	2.0	1.0	3.0
9	138285581	138562527	2.0	1.0	3.0
9	138562528	139458918	2.0	1.0	3.0
9	139458919	139633818	2.0	2.0	4.0
9	139633819	139635391	2.0	2.0	4.0
9	139635392	139899846	2.0	2.0	4.0
9	139899847	139913768	2.0	1.0	3.0
9	139913769	140273200	2.0	1.0	3.0
10	94868	280044	2.0	2.0	4.0
10	280045	814925	2.0	1.0	3.0
10	814926	1247020	2.0	1.0	3.0
10	1247021	3075842	2.0	1.0	3.0
10	3075843	3389508	3.0	1.0	4.0
10	3389509	6484852	2.0	1.0	3.0
10	6484853	7666852	2.0	2.0	4.0
10	7666853	7844491	3.0	2.0	5.0
10	7844492	8618173	2.0	2.0	4.0
10	8618174	14949624	2.0	1.0	3.0
10	14949625	14983006	1.0	0.0	1.0
10	14983007	15424228	2.0	1.0	3.0
10	15424229	15425368	2.0	1.0	3.0
10	15425369	16594521	2.0	1.0	3.0
10	16594522	16876507	4.0	1.0	5.0
10	16876508	18482383	2.0	1.0	3.0
10	18482384	19446811	2.0	2.0	4.0
10	19446812	19978378	2.0	2.0	4.0
10	19978379	22169579	2.0	1.0	3.0
10	22169580	22457818	3.0	1.0	4.0
10	22457819	22476086	2.0	1.0	3.0
10	22476087	22766657	2.0	1.0	3.0
10	22766658	27293061	2.0	1.0	3.0
10	27293062	27507101	2.0	1.0	3.0
10	27507102	28156855	2.0	1.0	3.0
10	28156856	29163258	2.0	2.0	4.0
10	29163259	32320704	2.0	1.0	3.0
10	32320705	33122806	2.0	2.0	4.0
10	33122807	34071812	3.0	2.0	5.0
10	34071813	34183862	3.0	3.0	6.0
10	34183863	34652951	3.0	2.0	5.0
10	34652952	34708770	3.0	2.0	5.0
10	34708771	37999999	2.0	1.0	3.0
10	38000000	42299999	2.0	1.0	3.0
10	42300000	55330013	2.0	1.0	3.0
10	55330014	55581531	2.0	2.0	4.0
10	55581532	55842706	2.0	2.0	4.0
10	55842707	56721728	2.0	2.0	4.0
10	56721729	56725491	2.0	1.0	3.0
10	56725492	57696323	2.0	2.0	4.0
10	57696324	66915733	2.0	1.0	3.0
10	66915734	66919682	2.0	1.0	3.0
10	66919683	67198139	2.0	1.0	3.0
10	67198140	67351744	2.0	1.0	3.0
10	67351745	68999123	2.0	1.0	3.0
10	68999124	69142617	2.0	1.0	3.0
10	69142618	70711780	2.0	1.0	3.0
10	70711781	70716972	2.0	2.0	4.0
10	70716973	70718545	2.0	2.0	4.0
10	70718546	70937220	2.0	2.0	4.0
10	70937221	74247040	2.0	1.0	3.0
10	74247041	74709431	2.0	1.0	3.0
10	74709432	75422756	2.0	1.0	3.0
10	75422757	77006554	3.0	1.0	4.0
10	77006555	77640314	3.0	1.0	4.0
10	77640315	80926716	2.0	1.0	3.0
10	80926717	81899240	2.0	1.0	3.0
10	81899241	83177419	2.0	1.0	3.0
10	83177420	83177814	1.0	1.0	2.0
10	83177815	85087966	1.0	1.0	2.0
10	85087967	86361719	2.0	1.0	3.0
10	86361720	94612664	1.0	1.0	2.0
10	94612665	103769492	1.0	1.0	2.0
10	103769493	104007686	2.0	1.0	3.0
10	104007687	104192788	3.0	1.0	4.0
10	104192789	104269463	2.0	1.0	3.0
10	104269464	105550511	1.0	1.0	2.0
10	105550512	105936355	2.0	1.0	3.0
10	105936356	108295129	1.0	1.0	2.0
10	108295130	108747358	2.0	1.0	3.0
10	108747359	112869481	1.0	1.0	2.0
10	112869482	112922213	1.0	1.0	2.0
10	112922214	114320658	1.0	1.0	2.0
10	114320659	114860300	1.0	1.0	2.0
10	114860301	123603931	1.0	1.0	2.0
10	123603932	124218897	2.0	1.0	3.0
10	124218898	124468061	1.0	1.0	2.0
10	124468062	124876767	2.0	1.0	3.0
10	124876768	133491094	1.0	1.0	2.0
10	133491095	134077659	2.0	1.0	3.0
10	134077660	134082021	2.0	1.0	3.0
10	134082022	135477677	2.0	1.0	3.0
11	199813	1507963	1.0	1.0	2.0
11	1507964	4962720	1.0	1.0	2.0
11	4962721	5030161	1.0	1.0	2.0
11	5030162	9089343	1.0	1.0	2.0
11	9089344	9921092	1.0	1.0	2.0
11	9921093	10150879	1.0	1.0	2.0
11	10150880	10442850	2.0	1.0	3.0
11	10442851	10442957	1.0	1.0	2.0
11	10442958	10480802	1.0	1.0	2.0
11	10480803	10504359	2.0	0.0	2.0
11	10504360	10883477	3.0	1.0	4.0
11	10883478	17076195	1.0	1.0	2.0
11	17076196	17347613	1.0	1.0	2.0
11	17347614	20955579	1.0	1.0	2.0
11	20955580	21028991	1.0	1.0	2.0
11	21028992	26543065	1.0	1.0	2.0
11	26543066	28212883	2.0	1.0	3.0
11	28212884	32080187	1.0	1.0	2.0
11	32080188	32927918	2.0	1.0	3.0
11	32927919	33448069	2.0	1.0	3.0
11	33448070	34557325	1.0	1.0	2.0
11	34557326	34705683	2.0	1.0	3.0
11	34705684	34712112	2.0	1.0	3.0
11	34712113	36192360	2.0	1.0	3.0
11	36192361	41458150	1.0	1.0	2.0
11	41458151	41527128	2.0	1.0	3.0
11	41527129	41701023	1.0	1.0	2.0
11	41701024	41826029	2.0	1.0	3.0
11	41826030	44848630	1.0	1.0	2.0
11	44848631	44965267	1.0	1.0	2.0
11	44965268	44975181	1.0	1.0	2.0
11	44975182	45863341	1.0	1.0	2.0
11	45863342	46463472	2.0	1.0	3.0
11	46463473	47205337	1.0	1.0	2.0
11	47205338	51599999	1.0	1.0	2.0
11	51600000	55699999	1.0	1.0	2.0
11	55700000	58549011	1.0	1.0	2.0
11	58549012	58707220	2.0	1.0	3.0
11	58707221	62195310	1.0	1.0	2.0
11	62195311	62214034	2.0	1.0	3.0
11	62214035	62499958	1.0	1.0	2.0
11	62499959	62618737	2.0	1.0	3.0
11	62618738	62823823	1.0	1.0	2.0
11	62823824	65229732	1.0	1.0	2.0
11	65229733	65232144	1.0	1.0	2.0
11	65232145	65237168	1.0	1.0	2.0
11	65237169	65368790	1.0	1.0	2.0
11	65368791	66820442	1.0	1.0	2.0
11	66820443	66822743	1.0	1.0	2.0
11	66822744	66822849	1.0	1.0	2.0
11	66822850	67110934	1.0	1.0	2.0
11	67110935	67277531	3.0	1.0	4.0
11	67277532	67370491	1.0	1.0	2.0
11	67370492	67610531	1.0	1.0	2.0
11	67610532	67719883	2.0	2.0	4.0
11	67719884	68190966	2.0	2.0	4.0
11	68190967	68449774	2.0	2.0	4.0
11	68449775	68841064	2.0	1.0	3.0
11	68841065	69467921	2.0	1.0	3.0
11	69467922	69600844	3.0	1.0	4.0
11	69600845	69657633	2.0	1.0	3.0
11	69657634	86289519	1.0	1.0	2.0
11	86289520	86509795	1.0	1.0	2.0
11	86509796	86715468	2.0	1.0	3.0
11	86715469	92485799	1.0	1.0	2.0
11	92485800	92635094	1.0	1.0	2.0
11	92635095	98513183	1.0	1.0	2.0
11	98513184	98572688	2.0	1.0	3.0
11	98572689	100548909	1.0	1.0	2.0
11	100548910	100550613	1.0	1.0	2.0
11	100550614	102878421	1.0	1.0	2.0
11	102878422	103081864	1.0	1.0	2.0
11	103081865	106119613	1.0	1.0	2.0
11	106119614	117377547	1.0	1.0	2.0
11	117377548	117427735	2.0	1.0	3.0
11	117427736	117941623	2.0	1.0	3.0
11	117941624	120090272	2.0	1.0	3.0
11	120090273	120799528	1.0	0.0	1.0
11	120799529	122211845	1.0	0.0	1.0
11	122211846	122288868	2.0	0.0	2.0
11	122288869	123211824	1.0	0.0	1.0
11	123211825	123412287	1.0	0.0	1.0
11	123412288	131806365	1.0	0.0	1.0
11	131806366	132080872	1.0	0.0	1.0
11	132080873	134452200	1.0	0.0	1.0
12	110107	188284	1.0	1.0	2.0
12	188285	8029807	1.0	1.0	2.0
12	8029808	8084676	3.0	1.0	4.0
12	8084677	11981535	1.0	1.0	2.0
12	11981536	12956735	2.0	1.0	3.0
12	12956736	22514685	1.0	1.0	2.0
12	22514686	23527332	1.0	1.0	2.0
12	23527333	24473698	1.0	1.0	2.0
12	24473699	24484947	1.0	1.0	2.0
12	24484948	24519909	1.0	1.0	2.0
12	24519910	24523257	1.0	1.0	2.0
12	24523258	27457279	1.0	1.0	2.0
12	27457280	28678526	2.0	1.0	3.0
12	28678527	28891681	2.0	2.0	4.0
12	28891682	29207021	2.0	1.0	3.0
12	29207022	32227943	1.0	1.0	2.0
12	32227944	32253927	1.0	1.0	2.0
12	32253928	32759880	1.0	1.0	2.0
12	32759881	33123959	2.0	1.0	3.0
12	38200000	40172049	1.0	1.0	2.0
12	40172050	40173784	1.0	1.0	2.0
12	40173785	47902269	1.0	1.0	2.0
12	47902270	47906741	2.0	1.0	3.0
12	47906742	49555762	1.0	1.0	2.0
12	49555763	52702247	2.0	1.0	3.0
12	52702248	53754915	2.0	2.0	4.0
12	53754916	56425881	1.0	1.0	2.0
12	56425882	56596552	2.0	1.0	3.0
12	56596553	56616409	2.0	1.0	3.0
12	56616410	56729769	1.0	1.0	2.0
12	56729770	61080556	1.0	1.0	2.0
12	61080557	61200001	3.0	1.0	4.0
12	61200002	62974777	1.0	1.0	2.0
12	62974778	63136203	1.0	1.0	2.0
12	63136204	69368403	1.0	1.0	2.0
12	69368404	69519379	2.0	1.0	3.0
12	69519380	70565192	2.0	1.0	3.0
12	70565193	70715588	3.0	1.0	4.0
12	70715589	70774861	2.0	2.0	4.0
12	70774862	70874946	2.0	2.0	4.0
12	70874947	74227201	1.0	1.0	2.0
12	74227202	74385074	2.0	1.0	3.0
12	74385075	76250287	1.0	1.0	2.0
12	76250288	77289273	2.0	1.0	3.0
12	77289274	81169419	1.0	1.0	2.0
12	81169420	81170374	1.0	1.0	2.0
12	81170375	81245472	2.0	1.0	3.0
12	81245473	81246196	1.0	1.0	2.0
12	81246197	82053813	1.0	1.0	2.0
12	82053814	82186476	1.0	1.0	2.0
12	82186477	84749273	1.0	1.0	2.0
12	84749274	84939710	1.0	1.0	2.0
12	84939711	89802714	1.0	1.0	2.0
12	89802715	90036824	2.0	1.0	3.0
12	90036825	93333422	1.0	1.0	2.0
12	93333423	93624983	3.0	1.0	4.0
12	93624984	114852560	1.0	1.0	2.0
12	114852561	114860870	1.0	1.0	2.0
12	114860871	120659410	1.0	1.0	2.0
12	120659411	120892936	3.0	1.0	4.0
12	120892937	120991983	3.0	1.0	4.0
12	120991984	121359022	3.0	1.0	4.0
12	121359023	124006402	1.0	1.0	2.0
12	124006403	124403209	2.0	1.0	3.0
12	124403210	125011562	1.0	1.0	2.0
12	125011563	125273679	2.0	1.0	3.0
12	125273680	125433646	3.0	1.0	4.0
12	125433647	125621941	2.0	1.0	3.0
12	125621942	126167242	1.0	1.0	2.0
12	126167243	126292329	3.0	1.0	4.0
12	126292330	126310542	1.0	1.0	2.0
12	126310543	126726244	2.0	1.0	3.0
12	126726245	133344221	1.0	1.0	2.0
12	133344222	133402488	2.0	1.0	3.0
13	1	16299999	2.0	1.0	3.0
13	16300000	19499999	2.0	1.0	3.0
13	19500000	23805569	2.0	1.0	3.0
13	23805570	23911909	3.0	2.0	5.0
13	23911910	25986594	2.0	1.0	3.0
13	25986595	27125219	2.0	1.0	3.0
13	27125220	34513386	2.0	1.0	3.0
13	34513387	35932051	2.0	1.0	3.0
13	35932052	42795405	2.0	1.0	3.0
13	42795406	42985452	4.0	1.0	5.0
13	42985453	49713778	2.0	1.0	3.0
13	49713779	49720927	2.0	1.0	3.0
13	49720928	51166201	2.0	1.0	3.0
13	51166202	51734043	3.0	1.0	4.0
13	51734044	64416998	2.0	1.0	3.0
13	64416999	64510104	2.0	1.0	3.0
13	64510105	69215540	2.0	1.0	3.0
13	69215541	69394846	2.0	1.0	3.0
13	69394847	74410533	2.0	1.0	3.0
13	74410534	74412004	2.0	1.0	3.0
13	74412005	74899438	2.0	1.0	3.0
13	74899439	75028720	2.0	1.0	3.0
13	75028721	76007804	2.0	1.0	3.0
13	76007805	76671311	2.0	1.0	3.0
13	76671312	80741907	2.0	1.0	3.0
13	80741908	82064175	2.0	1.0	3.0
13	82064176	83234147	2.0	1.0	3.0
13	83234148	84055320	2.0	1.0	3.0
13	84055321	85720775	2.0	1.0	3.0
13	85720776	90521530	2.0	1.0	3.0
13	90521531	90547134	2.0	1.0	3.0
13	90547135	91189431	2.0	1.0	3.0
13	91189432	91885884	2.0	1.0	3.0
13	91885885	95865283	2.0	1.0	3.0
13	95865284	96095495	3.0	2.0	5.0
13	96095496	96223175	2.0	1.0	3.0
13	96223176	96329656	2.0	1.0	3.0
13	96329657	97629500	2.0	1.0	3.0
13	97629501	98041804	4.0	1.0	5.0
13	98041805	98353784	2.0	1.0	3.0
13	98353785	99061927	2.0	2.0	4.0
13	99061928	101972596	2.0	1.0	3.0
13	101972597	102015464	3.0	1.0	4.0
13	102015465	109170261	2.0	1.0	3.0
13	109170262	109202305	2.0	1.0	3.0
13	109202306	109245587	2.0	1.0	3.0
13	109245588	109335007	2.0	1.0	3.0
13	109335008	110942390	2.0	1.0	3.0
13	110942391	111156369	2.0	1.0	3.0
13	111156370	114142800	2.0	1.0	3.0
13	114142801	115169877	2.0	1.0	3.0
14	1	16099999	3.0	0.0	3.0
14	19100000	20441930	3.0	0.0	3.0
14	20441931	22210112	5.0	0.0	5.0
14	22210113	22380173	6.0	0.0	6.0
14	22380174	30043366	4.0	0.0	4.0
14	30043367	31003000	4.0	0.0	4.0
14	31003001	32864269	5.0	0.0	5.0
14	32864270	32885927	4.0	0.0	4.0
14	32885928	33143650	7.0	0.0	7.0
14	33143651	33241174	7.0	0.0	7.0
14	33241175	34922058	7.0	0.0	7.0
14	34922059	34940698	8.0	0.0	8.0
14	34940699	36415123	6.0	0.0	6.0
14	36415124	41491118	4.0	0.0	4.0
14	41491119	41492830	3.0	0.0	3.0
14	41492831	43974205	3.0	0.0	3.0
14	43974206	44061045	3.0	0.0	3.0
14	44061046	48230265	3.0	0.0	3.0
14	48230266	48232869	3.0	0.0	3.0
14	48232870	49408247	3.0	0.0	3.0
14	49408248	49524817	3.0	0.0	3.0
14	49524818	49532509	4.0	0.0	4.0
14	49532510	49892056	4.0	0.0	4.0
14	49892057	50170458	4.0	0.0	4.0
14	50170459	50629070	4.0	0.0	4.0
14	50629071	50806640	4.0	0.0	4.0
14	50806641	50820966	3.0	0.0	3.0
14	50820967	51742955	3.0	0.0	3.0
14	51742956	51910785	3.0	0.0	3.0
14	51910786	53084752	3.0	0.0	3.0
14	53084753	53279115	5.0	0.0	5.0
14	53279116	54122965	3.0	0.0	3.0
14	54122966	54281047	3.0	0.0	3.0
14	54281048	59220383	3.0	0.0	3.0
14	59220384	59220671	3.0	0.0	3.0
14	59220672	59220936	3.0	0.0	3.0
14	59220937	59221008	1.0	0.0	1.0
14	59221009	59221072	3.0	0.0	3.0
14	59221073	59221114	3.0	0.0	3.0
14	59221115	59221781	2.0	0.0	2.0
14	59221782	59460431	5.0	0.0	5.0
14	59460432	63818621	3.0	0.0	3.0
14	63818622	64076332	3.0	0.0	3.0
14	64076333	64912351	3.0	0.0	3.0
14	64912352	66730159	4.0	0.0	4.0
14	66730160	67098598	3.0	0.0	3.0
14	67098599	67589790	3.0	0.0	3.0
14	67589791	67593034	3.0	0.0	3.0
14	67593035	67617680	3.0	0.0	3.0
14	67617681	73411762	3.0	0.0	3.0
14	73411763	73603088	5.0	0.0	5.0
14	73603089	77919398	3.0	0.0	3.0
14	77919399	79235170	5.0	0.0	5.0
14	79235171	83250517	3.0	0.0	3.0
14	83250518	83327104	3.0	0.0	3.0
14	83327105	91339087	3.0	0.0	3.0
14	91339088	91736182	4.0	0.0	4.0
14	91736183	92621857	3.0	0.0	3.0
14	92621858	94761042	3.0	0.0	3.0
14	94761043	95299869	3.0	0.0	3.0
14	95299870	97329352	3.0	0.0	3.0
14	97329353	99515339	3.0	0.0	3.0
14	99515340	99792025	3.0	0.0	3.0
14	99792026	102030613	3.0	0.0	3.0
14	102030614	102857940	3.0	0.0	3.0
14	102857941	103660766	4.0	0.0	4.0
14	103660767	104456202	3.0	0.0	3.0
14	104456203	105297424	2.0	0.0	2.0
14	105297425	105619271	3.0	0.0	3.0
14	105619272	105844490	2.0	0.0	2.0
14	105844491	105848194	2.0	0.0	2.0
14	105848195	106175504	5.0	0.0	5.0
14	106175505	106269533	5.0	0.0	5.0
14	106269534	106969259	5.0	0.0	5.0
14	106969260	107148175	4.0	0.0	4.0
15	1	15799999	2.0	1.0	3.0
15	15800000	20699999	2.0	1.0	3.0
15	20700000	24624679	2.0	1.0	3.0
15	24624680	24650722	2.0	1.0	3.0
15	24650723	25235918	2.0	1.0	3.0
15	25235919	25268293	1.0	1.0	2.0
15	25268294	31075545	2.0	1.0	3.0
15	31075546	31963262	1.0	1.0	2.0
15	31963263	40246127	1.0	1.0	2.0
15	40246128	40947286	2.0	1.0	3.0
15	40947287	45800967	1.0	1.0	2.0
15	45800968	45910989	1.0	1.0	2.0
15	45910990	45932323	2.0	1.0	3.0
15	45932324	46049824	3.0	2.0	5.0
15	46049825	46077290	4.0	1.0	5.0
15	46077291	46096461	3.0	1.0	4.0
15	46096462	46237422	2.0	1.0	3.0
15	46237423	46482927	1.0	1.0	2.0
15	46482928	48918983	1.0	1.0	2.0
15	48918984	49119293	1.0	1.0	2.0
15	49119294	49557531	1.0	1.0	2.0
15	49557532	51097129	2.0	1.0	3.0
15	51097130	51289927	2.0	1.0	3.0
15	51289928	51788161	2.0	1.0	3.0
15	51788162	51841810	2.0	1.0	3.0
15	51841811	51954121	2.0	2.0	4.0
15	51954122	52190226	2.0	2.0	4.0
15	52190227	52272617	3.0	2.0	5.0
15	52272618	52394136	6.0	1.0	7.0
15	52394137	52492153	2.0	2.0	4.0
15	52492154	52499045	2.0	1.0	3.0
15	52499046	53312108	2.0	1.0	3.0
15	53312109	53413418	2.0	1.0	3.0
15	53413419	56250070	1.0	1.0	2.0
15	56250071	56409281	1.0	1.0	2.0
15	56409282	58628947	1.0	1.0	2.0
15	58628948	59055183	2.0	1.0	3.0
15	59055184	67691894	1.0	1.0	2.0
15	67691895	68478616	2.0	1.0	3.0
15	68478617	68493227	3.0	2.0	5.0
15	68493228	68626612	3.0	2.0	5.0
15	68626613	68631906	3.0	2.0	5.0
15	68631907	69525981	2.0	1.0	3.0
15	69525982	69592633	2.0	1.0	3.0
15	69592634	69921787	1.0	1.0	2.0
15	69921788	70699505	1.0	1.0	2.0
15	70699506	71652124	1.0	1.0	2.0
15	71652125	71892182	2.0	1.0	3.0
15	71892183	74998322	1.0	1.0	2.0
15	74998323	75063239	2.0	1.0	3.0
15	75063240	80433908	1.0	1.0	2.0
15	80433909	80696615	2.0	1.0	3.0
15	80696616	81146350	2.0	1.0	3.0
15	81146351	81189428	5.0	1.0	6.0
15	81189429	81405450	4.0	2.0	6.0
15	81405451	81621242	4.0	2.0	6.0
15	81621243	82085708	2.0	2.0	4.0
15	82085709	86402170	2.0	1.0	3.0
15	86402171	88969156	2.0	2.0	4.0
15	88969157	89550213	2.0	2.0	4.0
15	89550214	89805728	5.0	2.0	7.0
15	89805729	90361759	2.0	2.0	4.0
15	90361760	90386293	3.0	2.0	5.0
15	90386294	90541615	4.0	3.0	7.0
15	90541616	90581163	3.0	2.0	5.0
15	90581164	91303503	2.0	2.0	4.0
15	91303504	91412986	2.0	1.0	3.0
15	91412987	92369380	2.0	2.0	4.0
15	92369381	92569381	4.0	2.0	6.0
15	92569382	96345558	2.0	2.0	4.0
15	96345559	96460831	2.0	2.0	4.0
15	96460832	97675903	2.0	2.0	4.0
15	97675904	97721836	2.0	2.0	4.0
15	97721837	101355585	2.0	2.0	4.0
15	101355586	101446242	3.0	3.0	6.0
15	101446243	102393237	2.0	2.0	4.0
16	117500	353527	2.0	0.0	2.0
16	353528	899639	4.0	0.0	4.0
16	899640	2817185	2.0	0.0	2.0
16	2817186	2823720	2.0	0.0	2.0
16	2823721	3202742	2.0	0.0	2.0
16	3202743	5998783	1.0	0.0	1.0
16	5998784	6808963	2.0	0.0	2.0
16	6808964	13000022	1.0	0.0	1.0
16	13000023	13117163	2.0	0.0	2.0
16	13117164	22660400	1.0	0.0	1.0
16	22660401	25450790	3.0	1.0	4.0
16	25450791	27690276	2.0	1.0	3.0
16	27690277	27869222	2.0	2.0	4.0
16	27869223	28322948	2.0	2.0	4.0
16	28322949	28324116	2.0	2.0	4.0
16	28324117	30723455	2.0	2.0	4.0
16	30723456	34599999	2.0	1.0	3.0
16	38600000	46415802	1.0	1.0	2.0
16	46415803	49987611	1.0	1.0	2.0
16	49987612	50148750	2.0	1.0	3.0
16	50148751	50294244	1.0	1.0	2.0
16	50294245	50355472	1.0	1.0	2.0
16	50355473	52797165	1.0	1.0	2.0
16	52797166	53850280	1.0	1.0	2.0
16	53850281	57523618	1.0	1.0	2.0
16	57523619	58351033	1.0	1.0	2.0
16	58351034	61135571	1.0	1.0	2.0
16	61135572	61168701	2.0	1.0	3.0
16	61168702	61173696	1.0	1.0	2.0
16	61173697	61271238	1.0	1.0	2.0
16	61271239	64055107	1.0	1.0	2.0
16	64055108	64079143	2.0	1.0	3.0
16	64079144	69340219	1.0	1.0	2.0
16	69340220	69389762	1.0	1.0	2.0
16	69389763	73573979	1.0	1.0	2.0
16	73573980	75352981	2.0	1.0	3.0
16	75352982	78222733	1.0	1.0	2.0
16	78222734	78246625	1.0	0.0	1.0
16	78246626	78635141	1.0	1.0	2.0
16	78635142	78681085	1.0	0.0	1.0
16	78681086	78775763	1.0	0.0	1.0
16	78775764	78823242	1.0	0.0	1.0
16	78823243	80769884	1.0	1.0	2.0
16	80769885	81073881	2.0	1.0	3.0
16	81073882	81417988	2.0	2.0	4.0
16	81417989	81533788	2.0	1.0	3.0
16	81533789	85661228	2.0	0.0	2.0
16	85661229	88827200	2.0	0.0	2.0
16	88827201	90354752	2.0	0.0	2.0
17	12500	864546	2.0	0.0	2.0
17	864547	1299993	4.0	0.0	4.0
17	1299994	1311252	1.0	0.0	1.0
17	1311253	1556520	4.0	0.0	4.0
17	1556521	16699685	2.0	0.0	2.0
17	16699686	22199999	2.0	0.0	2.0
17	22200000	25799999	2.0	0.0	2.0
17	25800000	27079911	2.0	0.0	2.0
17	27079912	27885255	2.0	2.0	4.0
17	27885256	28546028	3.0	2.0	5.0
17	28546029	37439463	2.0	0.0	2.0
17	37439464	38564166	4.0	0.0	4.0
17	38564167	38821604	3.0	0.0	3.0
17	38821605	48374346	2.0	0.0	2.0
17	48374347	48417499	2.0	0.0	2.0
17	48417500	48546144	4.0	0.0	4.0
17	48546145	48943584	6.0	0.0	6.0
17	48943585	48947165	5.0	0.0	5.0
17	48947166	49383602	6.0	0.0	6.0
17	49383603	49527213	4.0	0.0	4.0
17	49527214	57920326	2.0	0.0	2.0
17	57920327	59870331	2.0	0.0	2.0
17	59870332	60082753	3.0	0.0	3.0
17	60082754	60521802	2.0	0.0	2.0
17	60521803	60553864	2.0	0.0	2.0
17	60553865	60932545	2.0	0.0	2.0
17	60932546	72680997	2.0	0.0	2.0
17	72680998	72686614	2.0	0.0	2.0
17	72686615	73062865	5.0	0.0	5.0
17	73062866	73062896	4.0	0.0	4.0
17	73062897	73066207	4.0	0.0	4.0
17	73066208	73068741	2.0	0.0	2.0
17	73068742	73068946	3.0	0.0	3.0
17	73068947	73085569	3.0	0.0	3.0
17	73085570	73085581	1.0	0.0	1.0
17	73085582	73085907	3.0	0.0	3.0
17	73085908	79070030	2.0	0.0	2.0
17	79070031	79823876	2.0	0.0	2.0
17	79823877	80111867	3.0	0.0	3.0
17	80111868	80140307	2.0	1.0	3.0
17	80140308	81195209	2.0	0.0	2.0
18	27500	125370	1.0	0.0	1.0
18	125371	6222865	1.0	0.0	1.0
18	6222866	6396376	0.0	0.0	0.0
18	6396377	6678439	1.0	0.0	1.0
18	6678440	6721311	2.0	0.0	2.0
18	6721312	15399999	1.0	0.0	1.0
18	15400000	19050145	1.0	0.0	1.0
18	19050146	19154761	1.0	0.0	1.0
18	19154762	19399207	3.0	0.0	3.0
18	19399208	21719805	1.0	0.0	1.0
18	21719806	26736269	1.0	0.0	1.0
18	26736270	28059975	1.0	0.0	1.0
18	28059976	28159090	2.0	0.0	2.0
18	28159091	29772158	1.0	0.0	1.0
18	29772159	33306742	1.0	0.0	1.0
18	33306743	33403986	2.0	0.0	2.0
18	33403987	35594906	1.0	0.0	1.0
18	35594907	35722246	2.0	0.0	2.0
18	35722247	45364733	1.0	0.0	1.0
18	45364734	46585309	2.0	0.0	2.0
18	46585310	49571505	1.0	0.0	1.0
18	49571506	49778252	1.0	0.0	1.0
18	49778253	52592500	1.0	0.0	1.0
18	52592501	53709651	1.0	0.0	1.0
18	53709652	54967497	2.0	0.0	2.0
18	54967498	55620920	2.0	1.0	3.0
18	55620921	56012587	2.0	1.0	3.0
18	56012588	56426747	2.0	2.0	4.0
18	56426748	56560846	2.0	2.0	4.0
18	56560847	56628051	2.0	1.0	3.0
18	56628052	56842296	2.0	1.0	3.0
18	56842297	60084457	1.0	0.0	1.0
18	60084458	60312569	1.0	1.0	2.0
18	60312570	62061294	1.0	0.0	1.0
18	62061295	62268052	1.0	1.0	2.0
18	62268053	62299788	2.0	1.0	3.0
18	62299789	62430231	2.0	0.0	2.0
18	62430232	63695054	1.0	0.0	1.0
18	63695055	64080371	1.0	1.0	2.0
18	64080372	64582407	2.0	1.0	3.0
18	64582408	67378868	2.0	0.0	2.0
18	67378869	67761733	2.0	1.0	3.0
18	67761734	67912237	2.0	1.0	3.0
18	67912238	68174173	2.0	1.0	3.0
18	68174174	68720208	2.0	1.0	3.0
18	68720209	71182986	1.0	0.0	1.0
18	71182987	71184587	1.0	0.0	1.0
18	71184588	76634658	1.0	0.0	1.0
18	76634659	76887454	2.0	0.0	2.0
18	76887455	78077247	1.0	0.0	1.0
19	102500	282558	3.0	0.0	3.0
19	282559	344877	3.0	0.0	3.0
19	344878	444621	3.0	0.0	3.0
19	444622	701216	4.0	0.0	4.0
19	701217	820576	4.0	0.0	4.0
19	820577	821324	3.0	0.0	3.0
19	821325	823041	5.0	0.0	5.0
19	823042	943695	4.0	0.0	4.0
19	943696	1027193	4.0	0.0	4.0
19	1027194	3084537	2.0	0.0	2.0
19	3084538	3098782	2.0	0.0	2.0
19	3098783	8047628	2.0	0.0	2.0
19	8047629	8069276	2.0	0.0	2.0
19	8069277	10435452	2.0	0.0	2.0
19	10435453	12084600	4.0	0.0	4.0
19	12084601	13638719	2.0	0.0	2.0
19	13638720	14289124	3.0	0.0	3.0
19	14289125	15873230	6.0	0.0	6.0
19	15873231	16491525	4.0	0.0	4.0
19	16491526	16539196	4.0	0.0	4.0
19	16539197	16600919	3.0	0.0	3.0
19	16600920	16708308	4.0	0.0	4.0
19	16708309	16712205	2.0	0.0	2.0
19	16712206	18228100	2.0	0.0	2.0
19	18228101	18927587	2.0	0.0	2.0
19	18927588	22578314	2.0	0.0	2.0
19	22578315	22952247	3.0	0.0	3.0
19	22952248	24399999	2.0	0.0	2.0
19	24400000	28663115	2.0	0.0	2.0
19	28663116	28692189	2.0	0.0	2.0
19	28692190	29362589	2.0	0.0	2.0
19	29362590	31615512	2.0	0.0	2.0
19	31615513	43495620	2.0	0.0	2.0
19	43495621	43695728	2.0	0.0	2.0
19	43695729	43764402	2.0	0.0	2.0
19	43764403	45149680	2.0	0.0	2.0
19	45149681	45476055	3.0	0.0	3.0
19	45476056	48492935	2.0	0.0	2.0
19	48492936	50216293	2.0	0.0	2.0
19	50216294	59128982	2.0	0.0	2.0
20	24347	1388258	2.0	0.0	2.0
20	1388259	1604409	2.0	1.0	3.0
20	1604410	1855456	1.0	1.0	2.0
20	1855457	2196416	1.0	1.0	2.0
20	2196417	2609063	2.0	1.0	3.0
20	2609064	2609944	1.0	1.0	2.0
20	2609945	2876808	2.0	1.0	3.0
20	2876809	3165077	2.0	1.0	3.0
20	3165078	13586948	2.0	0.0	2.0
20	13586949	13735093	1.0	1.0	2.0
20	13735094	13807112	2.0	2.0	4.0
20	13807113	13978964	3.0	0.0	3.0
20	13978965	14033741	2.0	0.0	2.0
20	14033742	14117723	2.0	1.0	3.0
20	14117724	14261970	1.0	1.0	2.0
20	14261971	14357691	1.0	1.0	2.0
20	14357692	15061185	2.0	0.0	2.0
20	15061186	20830659	2.0	0.0	2.0
20	20830660	23900672	2.0	0.0	2.0
20	23900673	24087203	2.0	0.0	2.0
20	24087204	24222610	2.0	0.0	2.0
20	24222611	24293970	2.0	1.0	3.0
20	24293971	24315112	2.0	1.0	3.0
20	24315113	24365449	3.0	0.0	3.0
20	24365450	25288230	2.0	0.0	2.0
20	25288231	25390711	4.0	0.0	4.0
20	29835967	30367915	3.0	1.0	4.0
20	30367916	32470089	3.0	0.0	3.0
20	32470090	32834694	3.0	0.0	3.0
20	32834695	33499098	3.0	1.0	4.0
20	33499099	33786094	3.0	1.0	4.0
20	33786095	33786386	3.0	1.0	4.0
20	33786387	34009776	2.0	2.0	4.0
20	34009777	34491999	2.0	2.0	4.0
20	34492000	34569936	3.0	1.0	4.0
20	34569937	34570845	3.0	2.0	5.0
20	34570846	34659137	3.0	1.0	4.0
20	34659138	34659737	3.0	1.0	4.0
20	34659738	34783489	3.0	0.0	3.0
20	34783490	38342903	3.0	0.0	3.0
20	38342904	38941970	2.0	0.0	2.0
20	38941971	41528201	2.0	0.0	2.0
20	41528202	42096177	2.0	1.0	3.0
20	42096178	42363757	2.0	1.0	3.0
20	42363758	43004422	3.0	1.0	4.0
20	43004423	44866022	2.0	1.0	3.0
20	44866023	45058709	3.0	2.0	5.0
20	45058710	48155447	2.0	1.0	3.0
20	48155448	48423158	4.0	2.0	6.0
20	48423159	48621457	5.0	2.0	7.0
20	48621458	48840141	6.0	2.0	8.0
20	48840142	49083617	6.0	1.0	7.0
20	49083618	49224586	8.0	2.0	10.0
20	49224587	49603988	7.0	1.0	8.0
20	49603989	49852386	7.0	1.0	8.0
20	49852387	49922512	7.0	1.0	8.0
20	49922513	51392190	5.0	1.0	6.0
20	51392191	51672768	5.0	2.0	7.0
20	51672769	52042930	5.0	2.0	7.0
20	52042931	52204566	2.0	2.0	4.0
20	52204567	52555820	3.0	2.0	5.0
20	52555821	52811895	3.0	2.0	5.0
20	52811896	54115006	2.0	1.0	3.0
20	54115007	54484131	2.0	2.0	4.0
20	54484132	55534571	2.0	2.0	4.0
20	55534572	55985192	4.0	2.0	6.0
20	55985193	56499469	3.0	3.0	6.0
20	56499470	56585128	4.0	2.0	6.0
20	56585129	57194734	3.0	3.0	6.0
20	57194735	57467012	3.0	2.0	5.0
20	57467013	57681165	4.0	4.0	8.0
20	57681166	57927843	5.0	3.0	8.0
20	57927844	58284342	5.0	3.0	8.0
20	58284343	58950298	6.0	2.0	8.0
20	58950299	59529661	6.0	2.0	8.0
20	59529662	59554097	6.0	2.0	8.0
20	59554098	59592784	5.0	2.0	7.0
20	59592785	59685950	3.0	2.0	5.0
20	59685951	59744667	3.0	2.0	5.0
20	59744668	60472416	2.0	2.0	4.0
20	60472417	60601454	3.0	2.0	5.0
20	60601455	62435800	2.0	2.0	4.0
21	10900000	14445390	2.0	0.0	2.0
21	14445391	15416235	1.0	0.0	1.0
21	15416236	15813772	2.0	0.0	2.0
21	15813773	21952455	1.0	0.0	1.0
21	21952456	22029480	2.0	0.0	2.0
21	22029481	31534468	1.0	0.0	1.0
21	31534469	31619865	2.0	0.0	2.0
21	31619866	33852997	1.0	0.0	1.0
21	33852998	35002665	2.0	0.0	2.0
21	35002666	36172375	1.0	0.0	1.0
21	36172376	36379136	1.0	0.0	1.0
21	36379137	38556135	1.0	0.0	1.0
21	38556136	38755578	2.0	0.0	2.0
21	38755579	46944200	1.0	0.0	1.0
21	46944201	48129894	1.0	0.0	1.0
22	1	12199999	2.0	0.0	2.0
22	12200000	17899999	2.0	0.0	2.0
22	17900000	21923322	2.0	0.0	2.0
22	21923323	22081143	3.0	0.0	3.0
22	22081144	30724995	2.0	0.0	2.0
22	30724996	30930624	2.0	0.0	2.0
22	30930625	30961929	2.0	0.0	2.0
22	30961930	30974156	2.0	0.0	2.0
22	30974157	30992094	2.0	0.0	2.0
22	30992095	30994584	2.0	0.0	2.0
22	30994585	32321416	2.0	0.0	2.0
22	32321417	32338165	2.0	0.0	2.0
22	32338166	34582939	2.0	0.0	2.0
22	34582940	36190373	2.0	0.0	2.0
22	36190374	43560100	2.0	0.0	2.0
22	43560101	43934601	0.0	0.0	0.0
22	43934602	43971179	2.0	0.0	2.0
22	43971180	44028429	2.0	0.0	2.0
22	44028430	44029363	2.0	0.0	2.0
22	44029364	44432740	2.0	0.0	2.0
22	44432741	44434625	2.0	0.0	2.0
22	44434626	44435811	2.0	0.0	2.0
22	44435812	44440933	3.0	0.0	3.0
22	44440934	44451471	2.0	0.0	2.0
22	44451472	44456011	2.0	0.0	2.0
22	44456012	49691400	2.0	0.0	2.0
22	49691401	51304565	2.0	0.0	2.0
