chromosome_index position alt_count ref_count
1 12170181 15 16
1 13448426 10 48
1 20517489 60 67
1 26610737 16 30
1 78031309 74 129
1 151789194 11 11
1 152057459 213 333
1 153312976 75 117
1 161047432 19 20
1 179414158 95 139
2 29001786 18 64
2 29498008 20 44
2 74760024 67 161
2 102789264 4 108
2 170011036 57 53
3 38518787 6 7
3 40499435 68 90
3 46399604 230 340
3 121341014 35 11
4 42964937 152 224
4 111441470 95 130
5 1394870 38 75
5 21783566 17 25
5 21783568 15 25
5 32229862 12 79
5 45262593 21 17
5 115298845 24 19
6 27419108 125 187
6 32726626 6 60
6 32943173 24 40
6 47682501 148 204
6 74481289 215 260
6 87994024 8 235
6 100841537 27 43
6 132649632 57 101
6 138200139 13 128
6 142409475 41 71
7 4304819 6 5
7 55249022 843 890
7 81594948 88 275
7 114268751 93 189
7 128486925 43 102
7 142760144 3 14
8 17726477 15 29
8 28574132 221 401
8 30402314 8 10
8 41166465 9 16
8 42174416 20 20
8 121290798 63 73
8 144803747 7 6
9 26926558 13 15
9 32457232 109 152
9 116060146 11 4
9 123776308 34 68
10 97956740 31 10
11 14989350 95 169
11 45274129 22 25
11 55135556 74 127
11 59940533 66 99
11 71184712 20 17
12 5155075 7 23
12 6782467 46 75
12 56487317 46 36
12 130184354 26 42
13 25274946 155 32
14 45432290 40 83
14 56233008 23 16
16 57016121 60 99
16 70070446 13 47
16 71604659 80 90
17 7578555 9 11
17 7579528 78 119
17 10544634 25 33
18 44336496 8 12
19 15131378 41 128
19 15739211 3 7
19 22156365 71 160
19 22939298 37 74
19 37644463 255 600
19 39207820 11 28
19 44097520 6 13
19 49793549 37 114
20 1961097 36 93
20 18794525 29 54
20 57829632 55 118
20 58514214 7 28
