chromosome_index	start_position	end_position	major_cn	minor_cn	total_cn
1	10001	6476962	1.0	1.0	2.0
1	6476963	6479661	1.0	1.0	2.0
1	6479662	6495657	1.0	1.0	2.0
1	6495658	6496400	1.0	1.0	2.0
1	6496401	6546892	1.0	1.0	2.0
1	6546893	6577483	1.0	1.0	2.0
1	6577484	12902165	1.0	0.0	1.0
1	12902166	15138707	1.0	0.0	1.0
1	15138708	15236529	1.0	1.0	2.0
1	15236530	15236761	1.0	1.0	2.0
1	15236762	15258675	1.0	1.0	2.0
1	15258676	15259163	1.0	1.0	2.0
1	15259164	15330539	1.0	1.0	2.0
1	15330540	15331362	1.0	1.0	2.0
1	15331363	15336843	1.0	0.0	1.0
1	15336844	15385723	1.0	0.0	1.0
1	15385724	15422370	1.0	1.0	2.0
1	15422371	15481924	1.0	1.0	2.0
1	15481925	15513246	1.0	1.0	2.0
1	15513247	15513424	1.0	1.0	2.0
1	15513425	15527316	1.0	0.0	1.0
1	15527317	15550335	1.0	0.0	1.0
1	15550336	15600761	1.0	1.0	2.0
1	15600762	15603657	1.0	1.0	2.0
1	15603658	27461225	1.0	1.0	2.0
1	27461226	28132166	2.0	1.0	3.0
1	28132167	32974458	1.0	1.0	2.0
1	32974459	33000947	1.0	1.0	2.0
1	33000948	56115635	1.0	1.0	2.0
1	56115636	56230269	1.0	0.0	1.0
1	56230270	56396275	1.0	1.0	2.0
1	56396276	57976741	1.0	0.0	1.0
1	57976742	59505521	1.0	1.0	2.0
1	59505522	60167095	1.0	0.0	1.0
1	60167096	66235997	1.0	1.0	2.0
1	66235998	69879993	1.0	1.0	2.0
1	69879994	69919997	1.0	1.0	2.0
1	69919998	81280027	1.0	1.0	2.0
1	81280028	102232714	1.0	1.0	2.0
1	102232715	102299986	1.0	1.0	2.0
1	102299987	121499999	1.0	1.0	2.0
1	121500000	128899999	1.0	1.0	2.0
1	128900000	143402499	1.0	1.0	2.0
1	143402500	146498728	2.0	1.0	3.0
1	146498729	156433471	1.0	1.0	2.0
1	156433472	184216922	1.0	1.0	2.0
1	184216923	185006822	2.0	1.0	3.0
1	185006823	194459998	1.0	1.0	2.0
1	194459999	198649946	1.0	1.0	2.0
1	198649947	201720000	1.0	1.0	2.0
1	201720001	202493959	2.0	1.0	3.0
1	202493960	204624297	1.0	1.0	2.0
1	204624298	205429724	2.0	1.0	3.0
1	205429725	247249600	1.0	1.0	2.0
1	247249601	249250620	1.0	1.0	2.0
2	20016	41015340	1.0	1.0	2.0
2	41015341	50370717	1.0	1.0	2.0
2	50370718	51530006	1.0	1.0	2.0
2	51530007	55202840	1.0	1.0	2.0
2	55202841	55839460	2.0	1.0	3.0
2	55839461	90499999	1.0	1.0	2.0
2	90500000	96799999	1.0	1.0	2.0
2	96800000	138639234	1.0	1.0	2.0
2	138639235	141116818	1.0	1.0	2.0
2	141116819	147322617	1.0	1.0	2.0
2	147322618	185124551	1.0	1.0	2.0
2	185124552	242999968	1.0	1.0	2.0
3	100074	1499296	1.0	1.0	2.0
3	1499297	9984936	1.0	1.0	2.0
3	9984937	9985139	1.0	1.0	2.0
3	9985140	9985153	1.0	1.0	2.0
3	9985154	10336209	1.0	1.0	2.0
3	10336210	87899999	1.0	1.0	2.0
3	87900000	93899999	1.0	1.0	2.0
3	93900000	103960025	1.0	1.0	2.0
3	103960026	103990006	1.0	1.0	2.0
3	103990007	121374334	1.0	1.0	2.0
3	121374335	143979588	1.0	0.0	1.0
3	143979589	157899934	1.0	1.0	2.0
3	157899935	157947178	1.0	1.0	2.0
3	157947179	166960027	1.0	1.0	2.0
3	166960028	183758843	1.0	1.0	2.0
3	183758844	184580202	2.0	1.0	3.0
3	184580203	186857979	1.0	1.0	2.0
3	186857980	195445034	1.0	0.0	1.0
3	195445035	195897149	1.0	0.0	1.0
3	195897150	195935913	2.0	0.0	2.0
3	195935914	196135357	1.0	0.0	1.0
3	196135358	196717475	1.0	1.0	2.0
3	196717476	197502782	2.0	1.0	3.0
3	197502783	197847500	1.0	1.0	2.0
4	9997	23001097	1.0	1.0	2.0
4	23001098	42789957	1.0	1.0	2.0
4	42789958	48199999	1.0	1.0	2.0
4	48200000	52699999	1.0	1.0	2.0
4	52700000	63771465	1.0	1.0	2.0
4	63771466	63845626	1.0	1.0	2.0
4	63845627	91893762	1.0	1.0	2.0
4	91893763	93549983	1.0	1.0	2.0
4	93549984	116429162	1.0	1.0	2.0
4	116429163	116445175	1.0	1.0	2.0
4	116445176	151002676	1.0	1.0	2.0
4	151002677	178930078	1.0	1.0	2.0
4	178930079	190987500	1.0	1.0	2.0
5	49928	857921	1.0	1.0	2.0
5	857922	45903764	1.0	1.0	2.0
5	45903765	46099999	1.0	0.0	1.0
5	50700000	51358179	1.0	1.0	2.0
5	51358180	85652353	1.0	1.0	2.0
5	85652354	96224880	1.0	1.0	2.0
5	96224881	96298433	2.0	1.0	3.0
5	96298434	98485290	1.0	1.0	2.0
5	98485291	98562921	1.0	1.0	2.0
5	98562922	104377500	1.0	1.0	2.0
5	104377501	116674993	1.0	1.0	2.0
5	116674994	117477077	1.0	1.0	2.0
5	117477078	117518431	1.0	1.0	2.0
5	117518432	125233042	1.0	1.0	2.0
5	125233043	125338788	1.0	1.0	2.0
5	125338789	144360675	1.0	1.0	2.0
5	144360676	176470937	1.0	1.0	2.0
5	176470938	177237002	2.0	1.0	3.0
5	177237003	180715810	1.0	1.0	2.0
6	39681	202451	1.0	1.0	2.0
6	202452	57490009	1.0	1.0	2.0
6	57490010	58699999	1.0	0.0	1.0
6	58700000	63299999	1.0	0.0	1.0
6	63300000	82722358	1.0	0.0	1.0
6	82722359	90831144	1.0	0.0	1.0
6	90831145	90831541	1.0	0.0	1.0
6	90831542	93854960	1.0	0.0	1.0
6	93854961	94274369	1.0	0.0	1.0
6	94274370	94464154	1.0	1.0	2.0
6	94464155	94465266	1.0	1.0	2.0
6	94465267	94692090	1.0	1.0	2.0
6	94692091	94693210	1.0	1.0	2.0
6	94693211	108878557	1.0	1.0	2.0
6	108878558	115936366	1.0	0.0	1.0
6	115936367	170918961	1.0	0.0	1.0
7	59315	7646169	2.0	1.0	3.0
7	7646170	8360455	1.0	1.0	2.0
7	8360456	25271405	2.0	1.0	3.0
7	25271406	25314138	3.0	1.0	4.0
7	25314139	44107198	2.0	1.0	3.0
7	44107199	44153791	3.0	1.0	4.0
7	44153792	54665342	2.0	1.0	3.0
7	54665343	54704686	99.0	0.0	99.0
7	54704687	54839728	127.0	0.0	127.0
7	54839729	54889727	127.0	0.0	127.0
7	54889728	54906214	106.0	0.0	106.0
7	54906215	54958587	126.0	0.0	126.0
7	54958588	54958720	98.0	0.0	98.0
7	54958721	54975585	131.0	0.0	131.0
7	54975586	55001081	103.0	0.0	103.0
7	55001082	55001393	103.0	0.0	103.0
7	55001394	55001597	49.0	0.0	49.0
7	55001598	55003836	49.0	0.0	49.0
7	55003837	55085451	117.0	0.0	117.0
7	55085452	55205494	117.0	0.0	117.0
7	55205495	55206940	76.0	0.0	76.0
7	55206941	55208261	76.0	0.0	76.0
7	55208262	55210414	99.0	0.0	99.0
7	55210415	55217124	83.0	0.0	83.0
7	55217125	55221850	95.0	0.0	95.0
7	55221851	55223151	95.0	0.0	95.0
7	55223152	55223217	95.0	0.0	95.0
7	55223218	55303675	108.0	0.0	108.0
7	55303676	55363016	124.0	0.0	124.0
7	55363017	55381197	103.0	0.0	103.0
7	55381198	55409267	115.0	0.0	115.0
7	55409268	55417211	99.0	0.0	99.0
7	55417212	55429939	2.0	1.0	3.0
7	55429940	57999999	2.0	1.0	3.0
7	61700000	62085583	1.0	1.0	2.0
7	62085584	62256748	1.0	1.0	2.0
7	62256749	62460063	1.0	1.0	2.0
7	62460064	113480049	2.0	1.0	3.0
7	113480050	113510073	2.0	1.0	3.0
7	113510074	125643839	2.0	1.0	3.0
7	125643840	141020430	2.0	1.0	3.0
7	141020431	141032417	2.0	1.0	3.0
7	141032418	158821400	2.0	1.0	3.0
8	161424	43099999	1.0	1.0	2.0
8	43100000	48099999	1.0	1.0	2.0
8	48100000	83729959	1.0	1.0	2.0
8	83729960	88557932	1.0	1.0	2.0
8	88557933	124109015	1.0	1.0	2.0
8	124109016	145679717	1.0	1.0	2.0
9	10001	240570	1.0	0.0	1.0
9	240571	9369983	1.0	0.0	1.0
9	9369984	20472799	1.0	0.0	1.0
9	20472800	26434804	0.0	0.0	0.0
9	26434805	34058322	1.0	0.0	1.0
9	34058323	43402499	1.0	1.0	2.0
9	43402500	47299999	1.0	1.0	2.0
9	47300000	50699999	1.0	1.0	2.0
9	50700000	68419975	1.0	1.0	2.0
9	68419976	106760025	1.0	1.0	2.0
9	106760026	130009877	1.0	1.0	2.0
9	130009878	130048837	2.0	1.0	3.0
9	130048838	139908790	1.0	1.0	2.0
9	139908791	140584142	2.0	1.0	3.0
10	102500	37999999	1.0	0.0	1.0
10	38000000	42523669	1.0	0.0	1.0
10	42523670	52650501	1.0	0.0	1.0
10	52650502	117247723	1.0	0.0	1.0
10	117247724	135389924	1.0	0.0	1.0
11	20721	197336	1.0	1.0	2.0
11	197337	48698586	1.0	1.0	2.0
11	48698587	48942508	1.0	1.0	2.0
11	48942509	50411186	1.0	1.0	2.0
11	50411187	50694965	1.0	0.0	1.0
11	55700000	80142106	1.0	1.0	2.0
11	80142107	84166927	1.0	1.0	2.0
11	84166928	94810034	1.0	1.0	2.0
11	94810035	94814358	2.0	1.0	3.0
11	94814359	134452200	1.0	1.0	2.0
12	22500	189092	2.0	1.0	3.0
12	189093	9552835	2.0	1.0	3.0
12	9552836	21430035	1.0	0.0	1.0
12	21430036	21513048	1.0	1.0	2.0
12	21513049	29111043	2.0	1.0	3.0
12	29111044	29120616	2.0	1.0	3.0
12	29120617	32800287	2.0	1.0	3.0
12	32800288	32820536	2.0	2.0	4.0
12	32820537	33299999	2.0	1.0	3.0
12	38200000	38220003	1.0	1.0	2.0
12	38220004	38289996	1.0	1.0	2.0
12	38289997	38424944	1.0	1.0	2.0
12	38424945	72760013	2.0	1.0	3.0
12	72760014	75029995	2.0	1.0	3.0
12	75029996	79278977	2.0	1.0	3.0
12	79278978	84479606	2.0	1.0	3.0
12	84479607	125216764	2.0	1.0	3.0
12	125216765	125229520	3.0	1.0	4.0
12	125229521	132349400	2.0	1.0	3.0
12	132349401	133851894	2.0	1.0	3.0
13	1	16299999	1.0	1.0	2.0
13	16300000	19499999	1.0	1.0	2.0
13	19500000	56120395	1.0	1.0	2.0
13	56120396	57813988	1.0	1.0	2.0
13	57813989	62399830	1.0	1.0	2.0
13	62399831	62430001	1.0	1.0	2.0
13	62430002	64260027	1.0	1.0	2.0
13	64260028	80185081	1.0	1.0	2.0
13	80185082	80872080	2.0	1.0	3.0
13	80872081	90463395	1.0	1.0	2.0
13	90463396	114142800	1.0	1.0	2.0
13	114142801	115169877	1.0	1.0	2.0
14	1	16099999	1.0	1.0	2.0
14	16100000	19099999	1.0	1.0	2.0
14	19100000	23789488	1.0	1.0	2.0
14	23789489	23823786	2.0	1.0	3.0
14	23823787	27527142	1.0	1.0	2.0
14	27527143	27564068	1.0	1.0	2.0
14	27564069	74476644	1.0	1.0	2.0
14	74476645	102415525	1.0	1.0	2.0
14	102415526	102433682	1.0	1.0	2.0
14	102433683	104961488	1.0	1.0	2.0
14	104961489	105160468	16.0	1.0	17.0
14	105160469	105162397	2.0	1.0	3.0
14	105162398	105316109	17.0	0.0	17.0
14	105316110	106368400	1.0	1.0	2.0
15	1	15799999	1.0	1.0	2.0
15	15800000	20699999	1.0	1.0	2.0
15	20700000	29266353	1.0	1.0	2.0
15	29266354	33031165	1.0	1.0	2.0
15	33031166	33032756	1.0	1.0	2.0
15	33032757	33765201	1.0	1.0	2.0
15	33765202	33765315	1.0	1.0	2.0
15	33765316	34879950	1.0	1.0	2.0
15	34879951	34880433	1.0	1.0	2.0
15	34880434	35156792	1.0	1.0	2.0
15	35156793	37062074	1.0	0.0	1.0
15	37062075	40649202	1.0	1.0	2.0
15	40649203	40649436	1.0	1.0	2.0
15	40649437	40865500	1.0	1.0	2.0
15	40865501	40865775	1.0	1.0	2.0
15	40865776	40928886	1.0	1.0	2.0
15	40928887	40929448	1.0	1.0	2.0
15	40929449	52843732	1.0	1.0	2.0
15	52843733	52844328	1.0	1.0	2.0
15	52844329	65738612	1.0	1.0	2.0
15	65738613	65743403	1.0	1.0	2.0
15	65743404	94867798	1.0	1.0	2.0
15	94867799	94867911	1.0	1.0	2.0
15	94867912	95091309	1.0	1.0	2.0
15	95091310	95091543	1.0	1.0	2.0
15	95091544	95179298	1.0	1.0	2.0
15	95179299	95180561	1.0	1.0	2.0
15	95180562	95236726	1.0	1.0	2.0
15	95236727	95752574	1.0	0.0	1.0
15	95752575	95774058	1.0	0.0	1.0
15	95774059	95774700	1.0	1.0	2.0
15	95774701	95940875	1.0	1.0	2.0
15	95940876	95941013	1.0	1.0	2.0
15	95941014	95992602	1.0	1.0	2.0
15	95992603	95992625	1.0	1.0	2.0
15	95992626	96038889	1.0	1.0	2.0
15	96038890	96649795	1.0	0.0	1.0
15	96649796	96843853	1.0	1.0	2.0
15	96843854	97515195	1.0	0.0	1.0
15	97515196	97533608	1.0	1.0	2.0
15	97533609	97535731	1.0	1.0	2.0
15	97535732	97539106	1.0	1.0	2.0
15	97539107	97539847	1.0	1.0	2.0
15	97539848	100338800	1.0	1.0	2.0
15	100338801	102448955	1.0	1.0	2.0
16	88245	11574755	1.0	1.0	2.0
16	11574756	11745169	2.0	1.0	3.0
16	11745170	12286694	2.0	1.0	3.0
16	12286695	34599999	1.0	1.0	2.0
16	34600000	38599999	1.0	1.0	2.0
16	38600000	61696590	1.0	1.0	2.0
16	61696591	66876775	1.0	1.0	2.0
16	66876776	77823681	1.0	1.0	2.0
16	77823682	77823940	1.0	1.0	2.0
16	77823941	78348901	1.0	1.0	2.0
16	78348902	79802920	1.0	0.0	1.0
16	79802921	79823548	1.0	1.0	2.0
16	79823549	81589836	1.0	0.0	1.0
16	81589837	82236785	1.0	1.0	2.0
16	82236786	82237614	1.0	1.0	2.0
16	82237615	82569174	1.0	1.0	2.0
16	82569175	82570803	1.0	0.0	1.0
16	82570804	88827200	1.0	1.0	2.0
16	88827201	90354752	1.0	1.0	2.0
17	12500	19416212	1.0	1.0	2.0
17	19416213	19445401	2.0	1.0	3.0
17	19445402	19539865	1.0	1.0	2.0
17	19539866	20298201	2.0	1.0	3.0
17	20298202	22199999	1.0	1.0	2.0
17	22200000	25799999	1.0	1.0	2.0
17	25800000	70355388	1.0	1.0	2.0
17	70355389	70381526	2.0	1.0	3.0
17	70381527	78774600	1.0	1.0	2.0
17	78774601	81195209	1.0	1.0	2.0
18	27500	9627266	1.0	1.0	2.0
18	9627267	9632902	1.0	1.0	2.0
18	9632903	15399999	1.0	1.0	2.0
18	15400000	18999999	1.0	1.0	2.0
18	19000000	26631606	1.0	1.0	2.0
18	26631607	26710295	1.0	1.0	2.0
18	26710296	71174003	1.0	1.0	2.0
18	71174004	76117000	1.0	1.0	2.0
18	76117001	78077247	1.0	1.0	2.0
19	255096	5516133	2.0	1.0	3.0
19	5516134	5517624	2.0	1.0	3.0
19	5517625	5678617	2.0	1.0	3.0
19	5678618	5679139	2.0	1.0	3.0
19	5679140	5700346	2.0	1.0	3.0
19	5700347	5700933	2.0	1.0	3.0
19	5700934	5746502	2.0	1.0	3.0
19	5746503	5751480	2.0	1.0	3.0
19	5751481	5751978	2.0	1.0	3.0
19	5751979	5865469	2.0	1.0	3.0
19	5865470	5865834	2.0	1.0	3.0
19	5865835	6003354	3.0	1.0	4.0
19	6003355	6003388	2.0	1.0	3.0
19	6003389	6016517	2.0	1.0	3.0
19	6016518	6017241	2.0	1.0	3.0
19	6017242	6018109	2.0	1.0	3.0
19	6018110	6020461	2.0	1.0	3.0
19	6020462	6213536	2.0	1.0	3.0
19	6213537	6214852	1.0	1.0	2.0
19	6214853	6289650	2.0	1.0	3.0
19	6289651	6290234	2.0	1.0	3.0
19	6290235	6383869	2.0	1.0	3.0
19	6383870	6439147	1.0	1.0	2.0
19	6439148	6673974	2.0	1.0	3.0
19	6673975	6694880	2.0	1.0	3.0
19	6694881	6961448	2.0	1.0	3.0
19	6961449	6963085	2.0	1.0	3.0
19	6963086	6995241	3.0	1.0	4.0
19	6995242	7001053	2.0	1.0	3.0
19	7001054	7135854	2.0	1.0	3.0
19	7135855	7153572	2.0	1.0	3.0
19	7153573	7156066	2.0	1.0	3.0
19	7156067	7215512	2.0	1.0	3.0
19	7215513	7407292	1.0	1.0	2.0
19	7407293	7548352	2.0	1.0	3.0
19	7548353	7548435	2.0	1.0	3.0
19	7548436	18626009	2.0	1.0	3.0
19	18626010	24399999	2.0	1.0	3.0
19	24400000	28599999	2.0	1.0	3.0
19	28600000	39286217	2.0	1.0	3.0
19	39286218	39286414	3.0	1.0	4.0
19	39286415	39528090	2.0	1.0	3.0
19	39528091	39528261	2.0	1.0	3.0
19	39528262	39891640	2.0	1.0	3.0
19	39891641	39896004	3.0	1.0	4.0
19	39896005	39996850	2.0	1.0	3.0
19	39996851	39998049	2.0	1.0	3.0
19	39998050	40001099	2.0	1.0	3.0
19	40001100	40002330	2.0	1.0	3.0
19	40002331	40031259	2.0	1.0	3.0
19	40031260	40031710	1.0	1.0	2.0
19	40031711	40032352	1.0	1.0	2.0
19	40032353	40032738	1.0	1.0	2.0
19	40032739	40109543	2.0	1.0	3.0
19	40109544	40111496	3.0	1.0	4.0
19	40111497	40147346	2.0	1.0	3.0
19	40147347	40154641	2.0	1.0	3.0
19	40154642	40165026	1.0	1.0	2.0
19	40165027	40195014	2.0	1.0	3.0
19	40195015	40257636	2.0	1.0	3.0
19	40257637	40257996	2.0	1.0	3.0
19	40257997	40431044	2.0	1.0	3.0
19	40431045	40486454	1.0	1.0	2.0
19	40486455	40536977	2.0	1.0	3.0
19	40536978	48488148	1.0	1.0	2.0
19	48488149	48494549	1.0	1.0	2.0
19	48494550	48587037	2.0	1.0	3.0
19	48587038	48601754	2.0	1.0	3.0
19	48601755	48661459	2.0	1.0	3.0
19	48661460	48665300	1.0	1.0	2.0
19	48665301	48746361	2.0	1.0	3.0
19	48746362	48746490	2.0	1.0	3.0
19	48746491	48791376	2.0	1.0	3.0
19	48791377	48792373	2.0	1.0	3.0
19	48792374	48941316	2.0	1.0	3.0
19	48941317	48943550	2.0	1.0	3.0
19	48943551	49052620	2.0	1.0	3.0
19	49052621	49071717	2.0	1.0	3.0
19	49071718	49079318	2.0	1.0	3.0
19	49079319	49085581	2.0	1.0	3.0
19	49085582	49086456	2.0	1.0	3.0
19	49086457	49095536	2.0	1.0	3.0
19	49095537	49099275	2.0	1.0	3.0
19	49099276	49316587	2.0	1.0	3.0
19	49316588	54588048	1.0	1.0	2.0
19	54588049	54796045	2.0	1.0	3.0
19	54796046	54852685	2.0	1.0	3.0
19	54852686	54854031	1.0	1.0	2.0
19	54854032	54877636	2.0	1.0	3.0
19	54877637	54878260	1.0	1.0	2.0
19	54878261	54920385	2.0	1.0	3.0
19	54920386	54928155	2.0	1.0	3.0
19	54928156	54928208	2.0	1.0	3.0
19	54928209	54943595	2.0	1.0	3.0
19	54943596	54944027	2.0	1.0	3.0
19	54944028	55096285	2.0	1.0	3.0
19	55096286	55443037	1.0	1.0	2.0
19	55443038	55524267	2.0	1.0	3.0
19	55524268	55525130	1.0	1.0	2.0
19	55525131	55764631	2.0	1.0	3.0
19	55764632	55764995	2.0	1.0	3.0
19	55764996	55772530	2.0	1.0	3.0
19	55772531	55773700	2.0	1.0	3.0
19	55773701	55779309	2.0	1.0	3.0
19	55779310	55780055	2.0	1.0	3.0
19	55780056	59128982	2.0	1.0	3.0
20	24347	25599999	2.0	1.0	3.0
20	25600000	29399999	2.0	1.0	3.0
20	29400000	39590919	2.0	1.0	3.0
20	39590920	40334837	2.0	2.0	4.0
20	40334838	62432500	2.0	1.0	3.0
21	10900000	14299999	2.0	1.0	3.0
21	14300000	17189974	1.0	1.0	2.0
21	17189975	21802669	1.0	1.0	2.0
21	21802670	21899988	1.0	0.0	1.0
21	21899989	46937500	1.0	1.0	2.0
21	46937501	48129894	1.0	1.0	2.0
22	1	12199999	1.0	1.0	2.0
22	12200000	17899999	1.0	1.0	2.0
22	17900000	49687500	1.0	1.0	2.0
22	49687501	51304565	1.0	1.0	2.0
