chromosome_index position alt_count ref_count
1 15789285 52 68
1 25893450 22 52
1 27189992 8 17
1 43212802 37 51
1 45316566 7 5
1 62943480 11 33
1 63100524 70 132
1 82302610 11 9
1 92224298 54 96
1 104162263 68 93
1 114449713 17 143
1 168066207 29 34
1 182869270 29 66
1 197072139 13 19
1 215844467 60 73
1 220174559 188 248
1 248084575 8 78
1 248344193 48 82
2 26696022 8 10
2 96628115 5 15
2 96691710 114 133
2 105859468 11 37
2 128366303 9 12
2 150426375 7 5
2 165948893 54 106
2 166536443 3 14
2 170042019 3 35
2 174074401 15 33
2 182339889 8 25
2 206592652 24 30
2 217069114 26 56
2 235943704 12 33
3 41266635 9 29
3 42680570 33 38
3 42956012 4 43
3 45637094 16 34
3 52522495 36 71
3 54604054 35 60
3 57431784 32 59
3 81586166 3 31
3 126707969 22 39
3 129290559 54 89
3 141497345 20 30
3 146173181 4 37
3 151067911 60 63
3 179051076 38 64
3 184044386 12 33
3 194159677 35 55
3 194790410 12 9
3 197803754 3 26
4 17710799 29 34
4 65188505 44 72
4 73156638 26 66
4 114213658 70 28
4 151336593 3 26
4 169279243 21 7
5 31299713 6 56
5 41510718 18 5
5 112770126 23 13
5 140209423 70 39
5 140537046 10 60
5 140589035 53 21
5 140750199 31 16
5 140789654 13 5
5 169108831 46 17
6 22569885 15 16
6 30136085 27 11
6 51799039 16 172
6 54804671 333 63
6 55120127 211 59
6 71235084 11 20
6 93955132 12 15
6 96662733 13 7
6 110953280 20 44
6 119232841 23 32
6 136683586 35 168
6 158924195 12 31
7 2974234 29 97
7 4899469 5 11
7 11419259 46 64
7 20691155 41 61
7 35006528 52 137
7 48237865 29 40
7 88963721 7 12
7 123594291 9 9
7 126410030 14 59
7 128517306 37 50
7 128534095 10 10
7 135302373 16 12
7 143881205 24 152
7 150696307 11 17
8 23709836 4 44
8 55371734 16 75
8 59059644 28 97
8 72756083 10 26
8 73480218 59 33
8 95885623 35 183
8 143614738 20 64
8 145649364 16 50
9 4679805 4 34
9 33364869 4 7
9 34513110 38 81
9 79896785 4 35
9 125486434 11 225
9 140175164 16 31
10 26581917 20 55
10 89711874 11 6
10 116889212 34 49
10 124402798 51 68
11 1080986 23 33
11 6647458 20 26
11 15994311 19 71
11 22777470 10 15
11 55322384 73 121
11 64397897 13 16
11 89182657 31 46
11 94602636 15 20
11 100820687 27 41
11 110450163 39 44
12 25398284 20 24
12 82792935 19 38
12 117768169 38 38
12 121458597 8 91
12 132539718 27 30
13 36521536 6 35
13 50235304 14 28
13 76408471 25 8
13 114138283 31 56
14 20404296 30 68
14 20841945 15 21
14 57114162 9 13
14 60070604 4 35
14 61180840 28 22
14 86088133 29 49
14 105179226 12 33
15 34032157 17 26
15 44158524 34 81
15 65113574 52 73
15 69324079 14 16
15 74032916 40 54
15 76958131 12 7
16 2283951 34 61
16 9857538 20 19
16 11133659 18 33
16 31051066 49 45
16 55854357 71 248
16 66946732 8 15
16 70913641 7 27
17 7578235 37 24
17 20841478 11 14
17 38936612 36 67
17 39636904 19 28
17 40364191 33 77
17 42333104 38 45
17 51900501 16 35
17 63554398 44 66
17 67087392 6 10
17 76462856 21 22
18 7009274 3 27
18 72775210 32 19
19 2878089 40 37
19 9057247 12 42
19 9061629 93 129
19 12155296 33 43
19 15366236 40 60
19 17056363 29 50
19 24097749 5 16
19 36049351 18 39
19 46811505 16 71
19 48204897 8 17
19 49552155 12 22
19 54313742 22 40
19 58370487 56 194
20 50701642 28 38
21 19653410 51 127
21 34954519 20 60
21 40551876 3 33
21 43557725 33 23
21 46951464 40 23
22 19170947 23 27
22 46712126 3 24
22 50696724 11 25
