chromosome_index position alt_count ref_count
1 44057100 7 26
1 67313188 38 160
1 115256529 35 158
1 153233515 5 90
1 157963501 37 242
1 220340992 33 158
2 26203245 14 82
2 211168336 9 66
3 179439252 39 166
5 6668794 2 6
5 98239547 3 48
6 43034061 16 49
7 139091951 13 84
7 150501507 14 71
10 3190094 8 39
11 105782776 3 34
12 2786957 30 260
14 77493785 6 18
14 107048842 18 221
15 35261841 6 31
17 9683343 14 66
17 18167776 3 13
19 8367841 23 75
19 21688553 10 44
19 55870472 16 112
22 24718079 13 60
