chromosome_index	start_position	end_position	major_cn	minor_cn	total_cn
1	61735	42540538	2	0	2
1	42542658	121482979	2	2	4
1	144007049	207650191	2	1	3
1	207650339	215846827	2	2	4
1	215848062	249224388	2	1	3
2	12784	99056762	2	2	4
2	99057640	116432026	4	2	6
2	116433387	124078333	2	2	4
2	124078500	177840058	2	1	3
2	177840107	179827286	4	2	6
2	179829531	191286264	2	1	3
2	191286516	196052944	2	2	4
2	196052989	243089456	2	1	3
3	60345	94871016	2	0	2
3	94871877	113600882	3	1	4
3	113608481	147173809	5	1	6
3	147177813	163198731	10	5	15
3	163198932	182783084	13	5	18
3	182783101	187111169	4	4	8
3	187111524	192336541	6	5	11
3	192336963	197896118	4	4	8
4	12281	30060551	2	0	2
4	30063038	30663891	1	0	1
4	30664692	30967788	0	0	0
4	30970657	32271044	5	0	5
4	32271565	35560777	7	0	7
4	35561391	48972943	2	0	2
4	48975151	55362243	2	2	4
4	55363759	56333939	5	2	7
4	56334967	60373313	2	1	3
4	60380238	82207484	2	0	2
4	82208478	83003583	2	1	3
4	83003730	156664743	2	0	2
4	156665427	160829907	3	0	3
4	160830026	163242735	6	0	6
4	163243053	191027923	3	0	3
5	15532	46098518	2	2	4
5	46099553	180790320	2	1	3
6	149661	12329195	2	0	2
6	12336616	20098764	7	2	9
6	20101294	62020400	3	2	5
6	62020474	171051005	2	1	3
7	43259	12481025	2	0	2
7	12481054	62156731	3	0	3
7	62156733	122911807	3	2	5
7	122915391	142206606	2	2	4
7	142209098	159127004	3	2	5
8	31254	5871827	2	1	3
8	5872599	40333828	1	1	2
8	40333893	97265947	2	1	3
8	97266289	146298155	5	2	7
9	46587	47217176	2	0	2
9	65616971	141091394	3	0	3
10	72759	36339424	2	0	2
10	36339518	135506704	2	1	3
11	198572	27107084	2	0	2
11	27109732	48009731	2	1	3
11	48011369	56626185	4	0	4
11	56626311	68791394	2	1	3
11	68792967	69270349	23	1	24
11	69270665	70859654	32	1	33
11	70871809	72259167	11	1	12
11	72263062	75297858	3	2	5
11	75297884	134944770	2	0	2
12	150442	33629633	2	2	4
12	33629948	39536351	4	0	4
12	39537103	133778189	2	1	3
13	19026949	73614730	2	2	4
13	73616063	74295565	5	2	7
13	74297918	115108397	2	1	3
14	19002124	23988786	3	2	5
14	23988811	50414043	2	1	3
14	50418178	50643257	8	1	9
14	50643722	107285437	3	1	4
15	20016328	102469040	2	1	3
16	60777	35283226	2	1	3
16	46463782	90287535	3	2	5
17	526	19380167	3	0	3
17	19382431	81049726	2	2	4
18	48133	78015057	2	1	3
19	90910	28127664	2	2	4
19	28141689	59097854	2	0	2
20	61305	33405310	2	2	4
20	33405664	62956153	2	1	3
21	10736871	45777382	2	1	3
21	45777750	48096957	2	2	4
22	16052528	51234455	2	2	4
