chromosome_index position alt_count ref_count
1 935157 20 38
1 8926553 22 57
1 27108216 11 34
1 31837306 19 55
1 51171511 11 53
1 59844426 20 35
1 70504040 7 20
1 100336057 18 37
1 114936143 7 6
1 152276866 67 204
1 152277562 68 179
1 152659559 16 58
1 155735537 20 54
1 201437555 10 41
1 201437741 11 24
1 227149078 17 57
1 230827303 6 27
1 232600964 4 65
2 53994928 21 22
2 64780340 10 35
2 95950732 23 46
2 96542220 4 104
2 128474785 8 34
2 144966322 10 30
2 149854923 11 92
2 170930076 12 47
2 179590293 12 23
3 53882697 8 123
3 100976502 8 33
3 129147381 8 111
3 129223219 3 44
3 194331718 11 72
3 197422785 20 62
4 7967917 3 10
4 8396463 7 22
4 15607356 7 22
4 77097666 11 31
4 83345571 10 17
4 110736943 42 75
4 123164170 14 43
4 129100541 13 42
4 151169505 10 22
4 160275088 13 32
5 5239294 24 88
5 79041098 3 36
5 131823640 13 18
5 139193800 7 76
5 140564291 8 201
5 140615000 7 36
5 140698604 17 73
5 140737032 24 78
5 149213199 10 34
6 29577078 10 19
6 53213754 21 34
6 144509081 12 103
6 167708020 7 26
7 6474474 38 41
7 63726618 16 47
7 63981581 18 44
7 77569710 8 19
7 80457984 5 50
7 86974548 17 46
7 100372997 3 17
7 112724152 6 27
7 138455887 15 67
7 150217057 22 65
7 151836855 15 29
8 20036736 29 61
8 22546120 5 15
8 38884227 29 91
8 87591092 6 56
8 131127903 22 74
8 133141782 12 24
8 145268063 7 11
9 84607539 44 107
9 115456478 13 54
9 123202133 18 42
9 125377520 21 60
9 127237855 13 24
10 3190162 4 39
10 5777311 5 34
10 70968684 12 13
10 72327149 20 34
10 95191259 11 40
10 117884787 20 46
10 119308319 10 22
11 1257694 18 60
11 47295389 3 21
11 57466055 6 63
11 60428208 9 33
11 63176276 5 104
11 117278703 15 45
12 11139426 6 13
12 12044646 7 12
12 12491469 30 71
12 47170786 5 31
12 49332475 11 63
12 49436343 5 33
12 119772968 15 32
13 58206826 6 15
13 58299496 5 36
13 84452950 16 30
13 96508441 7 24
13 101735195 3 29
13 114323999 65 71
14 20403832 20 120
14 21769221 12 25
14 21961254 4 93
14 22392337 9 34
14 55514560 13 32
14 69864945 22 96
14 74411422 29 60
15 25924215 10 20
15 40623912 9 38
15 66639623 10 33
15 67073399 11 95
15 76430151 32 50
15 77310554 17 41
16 28990592 26 53
16 55727946 3 22
16 57091982 14 15
16 90059199 6 47
17 1325956 13 24
17 7452616 10 29
17 14205134 7 19
17 18075537 10 35
17 27030957 12 54
17 36489893 15 67
17 38818185 20 44
17 39341030 66 156
17 51900705 5 11
17 72322384 7 11
17 74019496 8 92
17 77921490 21 59
18 13884993 25 22
18 33572005 5 13
19 1242530 10 23
19 15510182 11 81
19 20026190 14 95
19 39421843 13 98
19 51128796 17 50
19 51298351 20 30
19 56156988 5 18
19 56702270 62 137
20 30904625 3 15
20 44995063 6 30
21 41385099 7 28
21 47566208 6 104
22 21991400 13 18
22 22127164 4 44
22 25155919 25 54
22 27019213 26 46
22 31743010 10 52
22 49146585 14 50
