chromosome_index position alt_count ref_count
1 16256690 10 43
1 22166424 38 67
1 33363913 5 28
1 36026559 4 28
1 38197177 31 62
1 40775972 3 33
1 44685139 4 9
1 49224681 20 36
1 74648474 5 29
1 110586460 4 24
1 156020106 13 66
1 158813151 8 25
1 159799840 32 85
1 160325486 16 84
1 173880967 11 90
1 175360549 3 27
1 176738877 32 89
1 177250597 19 67
1 179526328 9 34
1 180163472 6 32
1 182544528 17 71
1 182572472 11 61
1 183857654 22 120
1 192335237 17 24
1 196876061 10 54
1 197404369 29 52
1 204408063 3 34
1 205495521 7 62
1 206944254 8 72
1 207649608 24 51
1 222833078 22 37
1 226550831 15 73
1 229577773 12 115
1 229599292 6 61
1 233161104 22 49
1 241920630 3 34
1 247769158 61 135
1 248113057 18 31
1 248344097 32 145
1 248525076 7 161
2 11767139 5 25
2 39294858 34 168
2 61415429 32 64
2 74699862 4 24
2 79365109 11 26
2 80530029 8 38
2 89384782 44 59
2 89384783 43 60
2 89521230 12 23
2 90260185 38 192
2 99634803 13 52
2 109086257 48 93
2 130899733 3 29
2 130951676 36 132
2 155555861 3 27
2 159535159 8 24
2 166901684 33 76
2 172951530 34 102
2 176043809 11 50
2 179247313 6 9
2 179596503 19 129
2 180634369 16 39
2 182438605 14 67
2 187615909 35 97
2 213921675 21 41
2 220039778 32 57
2 226516205 77 127
2 228881839 27 45
2 233704607 22 27
3 9877285 4 5
3 15297495 18 29
3 19956850 4 14
3 30713559 25 43
3 38406756 13 43
3 49928037 13 19
3 50114516 8 22
3 52537444 3 24
3 53212538 12 11
3 73433611 7 16
3 100362185 23 97
3 100362212 26 99
3 101309071 3 33
3 112066467 33 96
3 112724646 17 34
3 113955426 15 67
3 122354918 3 34
3 133337159 29 82
3 138762900 5 20
3 151451952 8 31
3 160122461 5 29
3 179529630 68 82
3 183824515 51 47
4 1377629 3 35
4 8383231 25 61
4 17528651 32 70
4 17616413 29 68
4 26921165 25 61
4 42618096 6 30
4 48887573 56 81
4 55981484 12 23
4 55981485 12 23
4 73154571 14 18
4 77676223 3 26
4 113568634 36 119
4 159620142 12 33
4 175897673 32 77
4 175898265 27 28
4 186545379 3 33
4 187540391 35 116
4 187540705 33 89
5 423973 3 22
5 14297283 12 30
5 24488226 22 41
5 26881173 8 39
5 31429647 19 47
5 34869051 3 20
5 36257555 6 23
5 41181632 15 38
5 41181633 16 40
5 45262388 10 36
5 82833374 5 43
5 129001218 5 26
5 131008511 17 25
5 131728258 3 22
5 137420286 16 34
5 140175262 11 51
5 140502911 26 80
5 140558610 37 237
5 140741324 11 17
5 143587013 29 47
5 167674284 38 120
5 170610401 14 63
5 180486679 5 11
6 633008 10 35
6 24523060 9 99
6 27368656 18 84
6 28472214 6 38
6 29323727 16 103
6 30309968 16 40
6 30619146 64 190
6 31936487 7 68
6 32032739 7 34
6 32037522 12 22
6 32260883 4 35
6 42797822 18 53
6 47682138 13 46
6 51890834 4 38
6 54095515 55 189
6 55739374 31 77
6 57012894 10 54
6 57012976 5 32
6 70847580 51 129
6 83839921 14 39
6 84417613 10 38
6 85472385 7 27
6 90097269 82 264
6 90348463 4 61
6 96651208 14 36
6 100403844 4 27
6 101163282 4 14
6 107103556 14 54
6 107475972 7 38
6 110953347 11 27
6 112496574 14 95
6 116558185 3 29
6 119327317 15 88
6 127517050 9 62
6 129785527 22 100
6 144769802 35 52
6 167549917 26 57
7 2317912 3 14
7 7516806 4 29
7 18631171 10 20
7 38471795 15 77
7 43916608 11 50
7 62752809 4 14
7 63720618 9 84
7 64004166 27 65
7 66410077 8 31
7 66773997 15 64
7 73474756 13 67
7 77256840 17 82
7 87760755 8 42
7 92027804 19 54
7 95614288 20 72
7 95822420 13 51
7 99022669 6 33
7 99799330 6 19
7 100372950 6 17
7 101267539 4 42
7 104783528 25 84
7 121942000 4 25
7 129950677 16 74
7 136700338 7 25
7 138978162 15 55
7 141408804 43 160
7 141833838 4 16
7 150921066 9 62
7 150921083 9 63
7 154876035 21 78
8 2024339 4 11
8 8233763 10 31
8 28989937 13 22
8 30702390 17 37
8 33356153 4 34
8 48639798 3 27
8 55372456 5 20
8 55541069 11 34
8 64099372 19 93
8 67086924 6 23
8 77776502 24 57
8 88365862 8 25
9 2116022 6 38
9 5753220 31 35
9 84531394 4 10
9 84562786 14 26
9 91661806 18 62
9 99160542 27 100
9 105768032 8 56
9 109689709 35 136
9 119109373 15 33
9 122075433 9 33
9 125796810 16 33
9 131345357 12 35
9 136319552 13 52
10 18834976 21 96
10 21959505 15 34
10 23622020 5 17
10 38484567 13 22
10 63852295 24 43
10 85972907 11 49
10 88769708 20 49
10 101636941 19 26
10 103343256 15 38
10 103901552 8 11
10 108447979 17 37
10 115534730 21 38
10 126094046 13 34
11 1215738 3 12
11 4104625 10 40
11 4621770 12 54
11 5021116 6 47
11 17332502 6 71
11 17332538 8 71
11 18110906 7 27
11 20691260 4 23
11 24753661 10 26
11 32975556 13 35
11 34680084 14 63
11 43911303 15 47
11 46333968 4 35
11 55135797 25 121
11 55418439 18 73
11 55541234 25 97
11 55579243 31 101
11 57089387 3 22
11 57367679 39 135
11 58034512 16 51
11 58034871 6 30
11 58034879 11 26
11 59282787 10 47
11 59623397 11 68
11 63978760 3 13
11 65269052 5 69
11 67372302 7 22
11 68748108 7 22
11 68748447 10 69
11 68748456 11 67
11 71850891 11 30
11 72945520 14 51
11 73686147 3 24
11 85431949 9 43
11 93545108 18 76
11 113102448 14 63
11 113222836 15 40
11 126146370 19 121
11 129321355 3 31
11 129762615 13 73
12 5153731 7 37
12 10958656 8 25
12 11150207 19 67
12 13367681 4 29
12 20893149 6 57
12 26755594 4 27
12 32145370 57 165
12 46582748 15 78
12 49089933 3 35
12 50500119 4 26
12 51754618 3 24
12 56552166 3 12
12 56554551 5 15
12 56713650 10 42
12 58114656 3 25
12 78522538 20 60
12 80650165 3 18
12 96387243 15 63
12 105151143 4 36
12 108169032 15 46
12 109052593 18 53
12 109698427 21 98
12 120789151 11 10
12 124163813 26 58
13 21976986 6 21
13 23906130 36 75
13 33110164 10 30
13 37679333 19 37
13 38934882 8 30
13 61986832 5 45
13 78492262 32 102
13 96086145 14 25
13 99452707 10 38
13 101753194 13 41
13 103528079 24 34
13 108861558 24 39
14 20216032 16 112
14 20248958 26 355
14 20444613 26 66
14 23945346 15 66
14 30107914 4 32
14 33291286 14 52
14 36219896 13 48
14 42356584 29 111
14 44973864 25 91
14 53120022 32 90
14 64153203 3 35
14 64692225 7 34
14 70171368 8 27
14 73238469 15 57
14 77987879 8 48
14 88857754 5 15
14 94420769 6 31
15 22369360 22 97
15 22382912 19 93
15 24924184 9 28
15 31779689 3 29
15 41037358 3 33
15 42138192 3 30
15 43827208 24 49
15 43903132 17 72
15 63075993 3 29
15 75189482 27 78
15 75195106 22 82
15 81572059 3 32
15 91172762 4 36
16 3544563 8 43
16 3900662 4 35
16 7383002 24 106
16 8889772 26 75
16 14989935 22 178
16 17211579 8 53
16 20651905 11 39
16 24135245 24 101
16 28842045 11 27
16 28994515 6 17
16 47196508 20 90
16 57608916 3 20
16 57712152 12 60
16 61851395 8 57
16 66764115 3 30
16 67701881 5 25
16 71510125 7 42
16 72166752 12 66
16 75563809 20 87
17 7577547 9 29
17 8051027 3 11
17 10427107 19 52
17 14204992 4 12
17 18022930 5 17
17 33953725 48 146
17 36865775 3 35
17 38183201 7 25
17 39405965 42 127
17 42289033 24 70
17 42293285 15 69
17 48244818 16 44
17 50235303 4 4
17 58260692 36 82
17 58508602 3 36
17 61902623 23 45
17 61908527 20 72
17 66425064 9 25
17 66881394 12 50
17 73096607 91 268
17 73956314 3 32
17 78921039 7 24
17 79093228 4 16
18 10696076 25 63
18 77137359 3 30
19 6422370 19 81
19 9068085 27 132
19 9578918 13 56
19 11545644 8 80
19 12876760 9 37
19 13476130 24 97
19 19823724 15 89
19 22157371 11 63
19 22574445 4 44
19 22836129 26 102
19 23927115 19 52
19 23991546 21 76
19 37310031 12 71
19 38125867 5 23
19 42818838 8 83
19 43382240 54 198
19 43414888 52 166
19 43699169 38 136
19 43922108 20 88
19 45781203 4 38
19 46627176 77 213
19 46811522 27 87
19 48386932 3 25
19 49846557 15 60
19 51628650 7 27
19 53303738 26 86
19 54649754 13 39
19 54930341 16 39
19 55687076 19 54
19 56388478 24 63
19 57642755 18 68
19 57646494 13 133
19 57911091 26 91
19 58190146 43 118
19 58578819 13 74
20 31830348 7 19
20 34214561 3 30
20 57484238 78 156
21 19666726 19 69
21 37610953 9 33
21 46624467 3 32
22 18210399 8 10
22 18913217 3 33
22 22707535 14 107
22 25007072 5 9
22 28195045 4 12
22 35713920 9 38
22 37770023 11 25
22 43972302 15 32
22 45607906 10 11
