chromosome_index	start_position	end_position	major_cn	minor_cn	total_cn
1	61735	213285725	1	1	2
1	213293528	213974709	1	1	2
1	213974734	249224388	1	1	2
2	12784	243089456	1	1	2
3	60345	59620667	1	1	2
3	59622110	59726595	1	1	2
3	59731151	197896118	1	1	2
4	12281	187845588	1	1	2
4	187848172	188056826	1	1	2
4	188059519	191027923	1	1	2
5	15532	180790320	1	1	2
6	149661	171051005	1	1	2
7	43259	159127004	1	1	2
8	31254	105969731	1	1	2
8	105971289	106310044	1	1	2
8	106310305	126550374	1	1	2
8	126552820	129977988	1	1	2
8	129979426	146298155	1	1	2
9	46587	141091394	1	1	2
10	72759	135506704	1	1	2
11	198572	134944770	1	1	2
12	150442	133778189	1	1	2
13	19026949	115108397	1	1	2
14	19002124	107285437	1	1	2
15	20016328	102469040	1	1	2
16	60777	6958903	1	1	2
16	6959037	7069273	1	1	2
16	7070005	78442098	1	1	2
16	78443832	78614524	1	1	2
16	78614838	90287535	1	1	2
17	526	81049726	1	1	2
18	48133	78015057	1	1	2
19	90910	59097854	1	1	2
20	61305	62956153	1	1	2
21	10736871	48096957	1	1	2
22	16052528	51234455	1	1	2
