chromosome_index position alt_count ref_count
1 22973841 9 22
1 28862846 7 90
1 65047954 42 390
1 179052104 3 21
1 214802408 25 231
1 230398728 33 219
2 21256217 34 201
2 44201856 19 136
2 60987314 49 256
2 138330034 28 220
2 190738266 30 162
2 207431961 16 426
2 223065882 24 134
2 225637922 38 193
3 93733283 55 212
3 100595388 95 592
3 125726058 4 35
3 154147489 5 23
3 189608582 29 173
4 68384984 52 298
4 85642627 47 235
5 33951772 30 117
5 71495362 10 168
5 89986798 26 145
5 114916795 17 270
6 4117641 45 229
6 30919792 65 355
6 46977222 19 113
6 89910935 14 298
7 42003966 32 125
7 50660657 17 115
7 139097305 68 381
8 29018273 30 238
8 144733430 14 187
10 17199558 13 336
10 23292289 18 318
10 55663098 48 394
10 55663099 50 396
10 73121852 6 57
10 99156039 15 94
10 99156040 16 98
11 32697453 90 520
11 64988531 8 39
11 66813240 9 43
12 7459281 26 107
12 44176279 20 142
12 62798002 32 151
13 73284303 4 37
15 49869034 13 188
15 50791105 25 137
16 21128547 12 322
16 61689474 11 133
16 66430033 27 109
17 10728777 7 25
17 19705159 17 120
17 35804809 89 472
17 39566058 7 12
17 48191586 4 37
17 72342609 5 41
19 808433 4 17
19 18328978 18 85
19 19823197 6 71
19 35449369 10 44
19 41811645 14 57
19 50906786 14 71
19 50939919 8 53
19 51958703 8 27
19 53762336 11 60
21 34841149 45 246
21 43230601 4 23
22 42609019 30 129
22 45726594 20 73
22 45726595 19 71
