chromosome_index position alt_count ref_count
1 2419131 12 23
1 7912986 14 59
1 9780180 21 42
1 11867212 6 23
1 12331089 5 52
1 21944462 11 45
1 23688970 53 46
1 26110248 11 41
1 27609887 25 36
1 34180307 22 74
1 37356600 30 111
1 39853098 42 138
1 43825017 18 26
1 57351623 5 53
1 65855119 8 33
1 66067113 29 45
1 67787401 31 98
1 70503915 34 113
1 75009675 4 14
1 75596466 25 27
1 99156718 11 24
1 109815340 11 39
1 110766518 16 26
1 114499818 12 80
1 152282032 130 278
1 156214604 9 66
1 156622224 9 11
1 157557276 32 181
1 157666120 44 61
1 157666121 44 62
1 158059508 53 68
1 158450321 28 167
1 158627313 26 164
1 159170655 14 93
1 160106720 40 203
1 161130616 42 68
1 165737916 4 68
1 172425554 59 86
1 175372452 24 45
1 176762727 24 40
1 190068088 27 73
1 203026012 32 26
1 214171068 30 75
1 226923450 4 46
1 228566574 6 9
1 234529116 10 34
1 235377133 50 90
1 235418974 17 15
1 235418975 17 15
1 235969806 51 117
1 247769413 43 72
1 248308469 85 164
1 248550931 34 67
1 248637272 94 153
1 248814013 9 30
2 6991699 16 113
2 9666271 11 227
2 27800697 40 43
2 29390370 21 68
2 29390371 22 69
2 53999058 19 136
2 60688324 17 17
2 61014693 8 32
2 65561824 5 119
2 68873233 28 112
2 73492453 10 18
2 79253889 18 19
2 79385454 13 17
2 97506548 19 93
2 101622875 3 16
2 108488020 9 58
2 132010529 29 59
2 155555206 7 9
2 167262631 6 21
2 168106534 5 122
2 185803401 26 82
2 188245253 128 123
2 211512694 44 61
2 217525440 4 18
2 219529494 33 29
2 219614060 36 43
2 219870197 23 79
2 220333758 15 38
2 224462309 35 56
2 232389976 11 56
2 241421603 37 71
2 242757466 10 31
3 1269653 19 80
3 3085352 6 29
3 19436748 21 42
3 20225228 8 49
3 36779860 70 114
3 37089041 37 63
3 38950598 41 82
3 42299711 11 48
3 46874472 29 34
3 47044777 3 30
3 48207330 83 136
3 53321515 3 19
3 65349172 122 184
3 98001900 98 218
3 115439809 12 21
3 121200641 23 60
3 121207931 39 94
3 122003967 28 60
3 124196146 30 62
3 124731608 12 19
3 130095204 4 20
3 132294687 11 64
3 134329079 17 41
3 145917794 5 25
3 150264620 15 35
3 184648312 9 50
3 188426208 14 33
3 196733536 14 15
4 1730169 12 37
4 2307056 23 27
4 6066733 22 35
4 8621162 12 44
4 17597048 18 58
4 25013978 28 91
4 57221506 17 57
4 70080278 33 83
4 72332251 20 102
4 88996731 41 44
4 89349840 5 7
4 100445681 14 37
4 103723778 34 35
4 123336679 31 134
4 134084251 27 57
4 143352393 8 25
4 164247106 9 16
4 164393186 16 48
4 167021921 23 71
5 194966 14 4
5 1443098 18 144
5 3600222 12 65
5 9044623 12 151
5 13866016 54 40
5 14751287 7 88
5 16465718 59 48
5 19483608 12 52
5 23522857 49 33
5 24491686 27 125
5 33455797 78 59
5 33937116 59 32
5 39383364 13 183
5 71491552 24 12
5 78416224 7 20
5 112720857 5 69
5 114566676 5 41
5 115782751 57 51
5 115782852 110 107
5 118525409 18 39
5 127613569 19 8
5 140503177 50 32
5 140531513 34 38
5 140552772 19 34
5 140559034 60 634
5 148418026 63 47
5 151777633 22 22
5 156186318 43 25
5 156915450 21 27
5 161302569 26 19
5 167654946 5 5
5 176832080 12 21
5 177571094 3 30
6 7211137 14 121
6 10906288 7 180
6 14135350 13 116
6 25777090 7 87
6 27216634 18 8
6 27925077 47 49
6 30121975 8 6
6 32364070 3 34
6 32797239 9 22
6 41121752 25 26
6 43304967 15 34
6 46849193 14 76
6 52878687 4 28
6 57011930 11 43
6 62757846 10 74
6 66115113 23 70
6 75799844 45 139
6 87964599 7 20
6 89862832 37 17
6 90573971 13 12
6 102266270 9 9
6 105526436 15 13
6 110424697 32 15
6 150240366 5 77
7 1027006 7 6
7 2279093 10 17
7 2949749 50 71
7 2984041 10 121
7 6502740 20 107
7 11415466 42 74
7 11676463 20 52
7 19738102 150 346
7 34118549 58 95
7 36561669 19 40
7 43484721 14 25
7 50673020 21 29
7 53103542 19 36
7 55863778 11 10
7 80427497 20 38
7 81346567 26 63
7 83590774 62 104
7 83636694 10 78
7 87011402 20 46
7 100334234 48 66
7 100349638 7 40
7 100459433 8 74
7 101870761 35 55
7 102916010 10 24
7 107732801 15 26
7 121681017 67 46
7 135433360 7 153
7 140453155 40 77
7 142247107 39 32
7 142565423 20 13
7 142565468 11 14
7 143047543 40 28
7 148979215 11 39
7 149419891 16 82
7 150554886 45 23
8 1574992 5 3
8 25136098 10 10
8 36788633 23 168
8 38369847 5 17
8 48839832 3 33
8 52322075 27 15
8 54792025 16 7
8 74231418 30 175
8 95390564 14 11
8 97312032 74 48
8 110477365 48 31
8 114326822 9 80
8 121706015 6 73
8 132051897 8 48
8 139824060 7 79
9 446549 15 45
9 39361081 112 147
9 65508190 41 161
9 71098793 8 43
9 84607486 6 29
9 95076672 8 19
9 96061494 9 24
9 107361215 24 66
9 108380278 6 23
9 120475528 13 42
9 123007264 13 28
9 125797349 33 73
9 133945149 3 5
9 140400120 33 40
10 5040898 3 64
10 15255941 25 84
10 16942702 13 66
10 16949593 9 35
10 28023610 46 51
10 45798999 9 46
10 48390446 9 73
10 50723384 16 57
10 58118196 19 33
10 61424037 12 53
10 72292514 35 44
10 72300942 33 46
10 79590564 11 39
10 87615902 17 32
10 98105779 33 118
10 99531423 3 26
10 106152064 13 72
10 117040882 11 39
11 617536 5 20
11 4608963 31 82
11 4967800 16 133
11 6231697 20 63
11 15098972 8 17
11 30925143 3 9
11 31115714 10 24
11 31815103 6 37
11 47296127 33 111
11 48328531 27 76
11 51515622 31 71
11 55322326 21 52
11 55433434 19 52
11 55579618 14 51
11 55703699 11 28
11 55872708 38 157
11 55890038 18 242
11 55904959 26 50
11 55904960 24 49
11 56468369 8 69
11 60268517 41 130
11 64604410 9 65
11 65386199 3 28
11 66049783 6 48
11 66325509 11 11
11 67209219 6 25
11 73814377 22 67
11 75146592 37 19
11 88386426 27 46
11 89896592 25 97
11 92564916 7 10
11 111864406 14 27
11 113848528 5 38
11 124551353 7 39
11 124551354 7 38
11 134180979 47 162
12 493250 33 91
12 6707449 53 103
12 12022455 67 184
12 21422397 6 9
12 23999001 24 74
12 44148624 49 16
12 56552228 4 7
12 57619575 9 5
12 58121198 6 9
12 62783402 44 55
12 94975550 26 24
12 112622620 46 47
12 114385258 9 21
12 121712118 25 8
12 125618592 14 8
12 133291502 8 45
13 23910525 51 91
13 31898026 93 150
13 53616044 10 32
13 61084791 15 28
13 96485250 11 51
13 98829362 12 13
13 109562458 38 111
13 109610051 3 40
13 110434431 8 12
13 111896599 10 49
13 113508590 12 52
14 20296313 52 93
14 20443737 18 61
14 20443738 18 62
14 21511199 9 18
14 22038045 25 65
14 22592001 52 65
14 22631687 5 18
14 23944783 49 65
14 24912021 10 57
14 30095757 14 40
14 30396585 4 6
14 52188726 14 42
14 57268855 6 48
14 59108331 27 111
14 70991507 42 57
14 71518646 77 91
14 74008311 40 36
14 92353592 5 100
14 94156556 22 54
14 94754747 25 35
14 105643016 14 55
15 22473173 10 80
15 27159959 12 19
15 27778114 6 3
15 41796253 29 14
15 41991273 6 6
15 48624438 10 15
15 75705247 7 34
15 83926181 45 29
15 88472301 6 2
16 2042716 10 5
16 2048280 40 49
16 2231382 11 11
16 2813861 39 22
16 3076108 4 103
16 15771799 17 25
16 20352544 8 36
16 20432712 11 11
16 24166083 5 29
16 27374394 8 30
16 30732519 27 52
16 68862125 38 36
16 72110531 19 33
16 77325355 40 105
17 4576080 5 9
17 7577568 17 18
17 8012568 16 12
17 10310251 9 46
17 10450921 54 37
17 19316938 9 9
17 25932628 4 7
17 37071325 21 107
17 39538048 19 35
17 40996835 77 266
17 44626163 20 141
17 60484419 18 89
17 61744398 12 43
17 62748024 19 90
17 66928614 18 70
17 71427796 5 28
17 72209803 3 14
17 74865078 10 29
17 75196674 51 61
17 80015086 6 6
18 5489094 17 19
18 30260371 72 71
18 30806759 11 43
18 30873253 15 25
18 31314323 8 17
18 31314324 8 17
18 31323015 11 14
18 31324969 12 44
18 44561102 31 44
18 48439200 20 85
18 60985525 10 57
18 64178894 16 63
18 70209225 4 14
18 76753481 13 9
18 77455253 14 18
19 1061853 5 22
19 3611929 6 13
19 4207248 11 8
19 7806658 12 10
19 9090220 20 9
19 9204055 11 40
19 10402220 32 111
19 11036359 9 18
19 11833307 29 70
19 16025572 52 15
19 31769592 12 152
19 36350469 19 66
19 40383965 6 15
19 43680272 146 74
19 44661190 13 40
19 44681648 4 82
19 50309968 4 44
19 51563277 45 27
19 52497585 6 165
19 55179523 23 12
19 55365491 23 5
19 56163807 20 12
20 7920967 18 10
20 17446099 5 8
20 30584765 14 59
20 44676138 12 180
20 51872733 15 60
20 52561526 26 144
20 54823834 44 176
20 61461022 5 4
20 61461023 5 4
20 61907553 38 39
20 62046380 41 25
21 26966223 7 80
21 30445969 10 42
21 31986171 32 102
21 32253335 46 42
21 32526612 35 52
21 34932301 27 31
21 41560998 68 79
21 45710773 31 85
21 47648438 6 39
22 17072901 12 92
22 19213771 5 10
22 23135376 79 231
22 23214060 23 116
22 23243366 14 43
22 47069627 17 77
