chromosome_index	start_position	end_position	major_cn	minor_cn	total_cn
1	1	60845023	1.0	1.0	2.0
1	60845024	77119998	1.0	1.0	2.0
1	77119999	90616359	1.0	1.0	2.0
1	90616360	96163490	1.0	1.0	2.0
1	96163491	121499999	1.0	1.0	2.0
1	121500000	128899999	1.0	1.0	2.0
1	128900000	163451711	1.0	1.0	2.0
1	163451712	163539988	1.0	1.0	2.0
1	163539989	170919973	1.0	1.0	2.0
1	170919974	197327119	1.0	1.0	2.0
1	197327120	197622333	1.0	1.0	2.0
1	197622334	197665607	1.0	1.0	2.0
1	197665608	204042527	1.0	1.0	2.0
1	204042528	204054927	1.0	1.0	2.0
1	204054928	207860579	1.0	1.0	2.0
1	207860580	207860767	1.0	1.0	2.0
1	207860768	207860954	1.0	1.0	2.0
1	207860955	208008363	1.0	0.0	1.0
1	208008364	208011025	2.0	1.0	3.0
1	208011026	208011145	2.0	1.0	3.0
1	208011146	208013888	2.0	1.0	3.0
1	208013889	208014174	2.0	1.0	3.0
1	208014175	208119969	1.0	1.0	2.0
1	208119970	208120339	1.0	1.0	2.0
1	208120340	219831289	1.0	1.0	2.0
1	219831290	219874242	1.0	1.0	2.0
1	219874243	219893016	1.0	1.0	2.0
1	219893017	220064913	1.0	1.0	2.0
1	220064914	220470080	1.0	0.0	1.0
1	220470081	220704474	1.0	1.0	2.0
1	220704475	221791611	1.0	1.0	2.0
1	221791612	221830303	1.0	1.0	2.0
1	221830304	222716399	1.0	1.0	2.0
1	222716400	222816772	1.0	0.0	1.0
1	222816773	222817002	1.0	0.0	1.0
1	222817003	222817594	1.0	0.0	1.0
1	222817595	222832520	1.0	0.0	1.0
1	222832521	234387321	1.0	1.0	2.0
1	234387322	234400947	1.0	1.0	2.0
1	234400948	235818920	1.0	0.0	1.0
1	235818921	235933436	1.0	1.0	2.0
1	235933437	236229770	1.0	0.0	1.0
1	236229771	236907151	1.0	1.0	2.0
1	236907152	237112584	1.0	0.0	1.0
1	237112585	237113348	1.0	1.0	2.0
1	237113349	237113741	1.0	1.0	2.0
1	237113742	237742193	1.0	1.0	2.0
1	237742194	249250620	1.0	1.0	2.0
2	54980	13726876	1.0	1.0	2.0
2	13726877	13753951	1.0	0.0	1.0
2	13753952	22262937	1.0	1.0	2.0
2	22262938	48871071	1.0	1.0	2.0
2	48871072	48899997	1.0	1.0	2.0
2	48899998	50872227	1.0	1.0	2.0
2	50872228	50873532	1.0	1.0	2.0
2	50873533	67283514	1.0	1.0	2.0
2	67283515	82070012	1.0	1.0	2.0
2	82070013	90499999	1.0	1.0	2.0
2	90500000	96799999	1.0	1.0	2.0
2	96800000	108889947	1.0	1.0	2.0
2	108889948	124529959	1.0	1.0	2.0
2	124529960	124585469	1.0	1.0	2.0
2	124585470	138395797	1.0	1.0	2.0
2	138395798	138397831	1.0	1.0	2.0
2	138397832	145610003	1.0	1.0	2.0
2	145610004	168101832	1.0	1.0	2.0
2	168101833	196084382	1.0	1.0	2.0
2	196084383	242999968	1.0	1.0	2.0
3	109965	10350195	1.0	1.0	2.0
3	10350196	10350459	1.0	1.0	2.0
3	10350460	18340388	1.0	1.0	2.0
3	18340389	18548871	1.0	1.0	2.0
3	18548872	18570268	1.0	1.0	2.0
3	18570269	18645403	1.0	0.0	1.0
3	18645404	18647950	1.0	1.0	2.0
3	18647951	18648082	1.0	1.0	2.0
3	18648083	19220026	1.0	1.0	2.0
3	19220027	19220744	1.0	1.0	2.0
3	19220745	19421049	1.0	1.0	2.0
3	19421050	19431752	1.0	1.0	2.0
3	19431753	20486720	1.0	0.0	1.0
3	20486721	30859957	1.0	1.0	2.0
3	30859958	30931905	1.0	1.0	2.0
3	30931906	35710434	1.0	1.0	2.0
3	35710435	52250401	1.0	1.0	2.0
3	52250402	52250863	1.0	1.0	2.0
3	52250864	52506467	1.0	1.0	2.0
3	52506468	52506648	1.0	1.0	2.0
3	52506649	52714736	1.0	1.0	2.0
3	52714737	52715446	1.0	1.0	2.0
3	52715447	79961931	1.0	1.0	2.0
3	79961932	80365404	1.0	1.0	2.0
3	80365405	81468629	1.0	1.0	2.0
3	81468630	82425008	1.0	1.0	2.0
3	82425009	83000163	1.0	1.0	2.0
3	83000164	84264249	1.0	1.0	2.0
3	84264250	84334249	1.0	0.0	1.0
3	84334250	84771995	1.0	1.0	2.0
3	84771996	84850958	0.0	0.0	0.0
3	84850959	87899999	1.0	1.0	2.0
3	87900000	93899999	1.0	1.0	2.0
3	93900000	105286480	1.0	1.0	2.0
3	105286481	115751756	1.0	1.0	2.0
3	115751757	120420647	1.0	1.0	2.0
3	120420648	128065106	1.0	1.0	2.0
3	128065107	128065234	1.0	1.0	2.0
3	128065235	129369540	1.0	1.0	2.0
3	129369541	131280902	1.0	1.0	2.0
3	131280903	131335371	1.0	1.0	2.0
3	131335372	170077876	1.0	1.0	2.0
3	170077877	170077932	1.0	1.0	2.0
3	170077933	171512009	1.0	1.0	2.0
3	171512010	184673913	1.0	1.0	2.0
3	184673914	195256429	1.0	1.0	2.0
3	195256430	195256654	1.0	1.0	2.0
3	195256655	197794577	1.0	1.0	2.0
4	60049	20076384	1.0	1.0	2.0
4	20076385	29340019	1.0	1.0	2.0
4	29340020	39535310	1.0	1.0	2.0
4	39535311	39963018	1.0	0.0	1.0
4	39963019	48199999	1.0	1.0	2.0
4	48200000	52699999	1.0	1.0	2.0
4	52700000	65506925	1.0	1.0	2.0
4	65506926	67510048	1.0	1.0	2.0
4	67510049	118845009	1.0	1.0	2.0
4	118845010	130767920	1.0	1.0	2.0
4	130767921	190987500	1.0	1.0	2.0
5	1	13104296	1.0	1.0	2.0
5	13104297	13200010	1.0	1.0	2.0
5	13200011	37569812	1.0	1.0	2.0
5	37569813	42669978	1.0	1.0	2.0
5	42669979	45871597	1.0	1.0	2.0
5	45871598	50699999	1.0	1.0	2.0
5	50700000	62005292	1.0	1.0	2.0
5	62005293	75229318	1.0	1.0	2.0
5	75229319	89149936	1.0	1.0	2.0
5	89149937	89249987	1.0	1.0	2.0
5	89249988	98539572	1.0	1.0	2.0
5	98539573	99647670	1.0	1.0	2.0
5	99647671	123418817	1.0	1.0	2.0
5	123418818	125257972	1.0	1.0	2.0
5	125257973	125320008	1.0	1.0	2.0
5	125320009	135100018	1.0	1.0	2.0
5	135100019	135139946	1.0	1.0	2.0
5	135139947	163363857	1.0	1.0	2.0
5	163363858	163419048	0.0	0.0	0.0
5	163419049	180715810	1.0	1.0	2.0
6	212500	9214066	1.0	1.0	2.0
6	9214067	18634871	1.0	1.0	2.0
6	18634872	24340012	1.0	1.0	2.0
6	24340013	58019981	1.0	1.0	2.0
6	58019982	58699999	1.0	1.0	2.0
6	58700000	63299999	1.0	1.0	2.0
6	63300000	63557180	1.0	1.0	2.0
6	63557181	72389988	1.0	1.0	2.0
6	72389989	81247890	1.0	1.0	2.0
6	81247891	92575305	1.0	1.0	2.0
6	92575306	93848928	1.0	1.0	2.0
6	93848929	98768350	1.0	1.0	2.0
6	98768351	103890003	1.0	1.0	2.0
6	103890004	127496141	1.0	1.0	2.0
6	127496142	127563230	1.0	1.0	2.0
6	127563231	170915126	1.0	1.0	2.0
7	40386	57949987	1.0	1.0	2.0
7	57949988	62456794	1.0	1.0	2.0
7	62456795	76773098	1.0	1.0	2.0
7	76773099	114989936	1.0	1.0	2.0
7	114989937	136094630	1.0	1.0	2.0
7	136094631	136502381	1.0	1.0	2.0
7	136502382	136750003	1.0	1.0	2.0
7	136750004	159138662	1.0	1.0	2.0
8	146791	13906057	1.0	1.0	2.0
8	13906058	25910758	1.0	1.0	2.0
8	25910759	43099999	1.0	1.0	2.0
8	43100000	48099999	1.0	1.0	2.0
8	48100000	65144338	1.0	1.0	2.0
8	65144339	83270008	1.0	1.0	2.0
8	83270009	88460045	1.0	1.0	2.0
8	88460046	108608711	1.0	1.0	2.0
8	108608712	116129422	1.0	1.0	2.0
8	116129423	129675425	1.0	1.0	2.0
8	129675426	146364021	1.0	1.0	2.0
9	91583	232531	1.0	1.0	2.0
9	232532	1419980	1.0	1.0	2.0
9	1419981	17722990	1.0	1.0	2.0
9	17722991	17745940	1.0	1.0	2.0
9	17745941	22971835	1.0	1.0	2.0
9	22971836	47299999	1.0	1.0	2.0
9	47300000	50699999	1.0	1.0	2.0
9	50700000	66799971	1.0	1.0	2.0
9	66799972	78759988	1.0	1.0	2.0
9	78759989	106709567	1.0	1.0	2.0
9	106709568	106850015	1.0	1.0	2.0
9	106850016	109465098	1.0	1.0	2.0
9	109465099	109538784	1.0	1.0	2.0
9	109538785	122026703	1.0	1.0	2.0
9	122026704	141213430	1.0	1.0	2.0
10	102138	28337016	1.0	1.0	2.0
10	28337017	37999999	1.0	1.0	2.0
10	38000000	42457485	1.0	1.0	2.0
10	42457486	54685979	1.0	1.0	2.0
10	54685980	54692611	1.0	1.0	2.0
10	54692612	59310006	1.0	1.0	2.0
10	59310007	84355046	1.0	1.0	2.0
10	84355047	92814016	1.0	1.0	2.0
10	92814017	92820867	2.0	1.0	3.0
10	92820868	110011126	1.0	1.0	2.0
10	110011127	135534746	1.0	1.0	2.0
11	197337	37959975	1.0	1.0	2.0
11	37959976	37980749	1.0	1.0	2.0
11	37980750	48513594	1.0	1.0	2.0
11	48513595	50444728	1.0	1.0	2.0
11	50444729	51559693	1.0	1.0	2.0
11	51559694	55699999	1.0	1.0	2.0
11	55700000	55716162	1.0	1.0	2.0
11	55716163	55731922	1.0	1.0	2.0
11	55731923	81242509	1.0	1.0	2.0
11	81242510	82089996	1.0	1.0	2.0
11	82089997	84111415	1.0	1.0	2.0
11	84111416	84749986	1.0	1.0	2.0
11	84749987	91609951	1.0	1.0	2.0
11	91609952	91791598	1.0	1.0	2.0
11	91791599	91919459	1.0	1.0	2.0
11	91919460	110651645	1.0	1.0	2.0
11	110651646	127587922	1.0	1.0	2.0
11	127587923	127978422	1.0	1.0	2.0
11	127978423	135006515	1.0	1.0	2.0
12	110107	11209411	1.0	1.0	2.0
12	11209412	11321596	1.0	1.0	2.0
12	11321597	11334159	1.0	1.0	2.0
12	11334160	13299266	1.0	0.0	1.0
12	13299267	13313449	1.0	1.0	2.0
12	13313450	13500022	1.0	1.0	2.0
12	13500023	13538177	1.0	1.0	2.0
12	13538178	33299999	1.0	1.0	2.0
12	33300000	38889103	1.0	1.0	2.0
12	38889104	38989917	1.0	1.0	2.0
12	38989918	47897733	1.0	1.0	2.0
12	47897734	59830903	1.0	1.0	2.0
12	59830904	92363813	1.0	1.0	2.0
12	92363814	120591699	1.0	1.0	2.0
12	120591700	120591858	1.0	1.0	2.0
12	120591859	133851894	1.0	1.0	2.0
13	1	16299999	1.0	1.0	2.0
13	16300000	19499999	1.0	1.0	2.0
13	19500000	63087986	1.0	1.0	2.0
13	63087987	88240000	1.0	1.0	2.0
13	88240001	106693712	1.0	1.0	2.0
13	106693713	115169877	1.0	1.0	2.0
14	1	16099999	1.0	1.0	2.0
14	16100000	19099999	1.0	1.0	2.0
14	19100000	28559924	1.0	1.0	2.0
14	28559925	48794696	1.0	1.0	2.0
14	48794697	53870019	1.0	1.0	2.0
14	53870020	58776202	1.0	1.0	2.0
14	58776203	58776213	1.0	1.0	2.0
14	58776214	87479900	1.0	1.0	2.0
14	87479901	94328740	1.0	1.0	2.0
14	94328741	95878724	1.0	0.0	1.0
14	95878725	99130001	1.0	1.0	2.0
14	99130002	107349539	1.0	1.0	2.0
15	1	15799999	1.0	1.0	2.0
15	15800000	20699999	1.0	1.0	2.0
15	20700000	39119786	1.0	1.0	2.0
15	39119787	42180192	1.0	0.0	1.0
15	42180193	46539971	1.0	1.0	2.0
15	46539972	46678504	1.0	1.0	2.0
15	46678505	46729953	1.0	1.0	2.0
15	46729954	53324490	1.0	1.0	2.0
15	53324491	69134388	1.0	1.0	2.0
15	69134389	72737500	1.0	0.0	1.0
15	72737501	72823298	1.0	0.0	1.0
15	72823299	72825630	1.0	1.0	2.0
15	72825631	72888843	1.0	1.0	2.0
15	72888844	73031778	1.0	1.0	2.0
15	73031779	73061665	1.0	1.0	2.0
15	73061666	73390869	1.0	1.0	2.0
15	73390870	73391007	1.0	1.0	2.0
15	73391008	99952916	1.0	1.0	2.0
15	99952917	99953885	1.0	1.0	2.0
15	99953886	99955160	1.0	1.0	2.0
15	99955161	100376330	1.0	0.0	1.0
15	100376331	100763428	1.0	1.0	2.0
15	100763429	100833281	1.0	1.0	2.0
15	100833282	100867023	1.0	0.0	1.0
15	100867024	100894264	1.0	1.0	2.0
15	100894265	102399795	1.0	1.0	2.0
16	109665	6342791	1.0	1.0	2.0
16	6342792	6387002	1.0	1.0	2.0
16	6387003	9831077	1.0	1.0	2.0
16	9831078	13179470	1.0	1.0	2.0
16	13179471	13470008	1.0	1.0	2.0
16	13470009	26291021	1.0	1.0	2.0
16	26291022	26383696	1.0	1.0	2.0
16	26383697	26388259	1.0	1.0	2.0
16	26388260	26962490	1.0	1.0	2.0
16	26962491	34599999	1.0	1.0	2.0
16	34600000	38599999	1.0	1.0	2.0
16	38600000	60808540	1.0	1.0	2.0
16	60808541	61132990	1.0	1.0	2.0
16	61132991	61257243	1.0	1.0	2.0
16	61257244	61886501	1.0	1.0	2.0
16	61886502	65401502	1.0	1.0	2.0
16	65401503	79629770	1.0	1.0	2.0
16	79629771	79629812	1.0	1.0	2.0
16	79629813	80082665	1.0	1.0	2.0
16	80082666	80358839	1.0	1.0	2.0
16	80358840	80370161	1.0	1.0	2.0
16	80370162	80747193	1.0	1.0	2.0
16	80747194	80779511	1.0	1.0	2.0
16	80779512	80838656	1.0	1.0	2.0
16	80838657	80929454	1.0	1.0	2.0
16	80929455	80946150	1.0	1.0	2.0
16	80946151	90354752	1.0	1.0	2.0
17	7	7962891	1.0	1.0	2.0
17	7962892	7963059	1.0	1.0	2.0
17	7963060	17584332	1.0	1.0	2.0
17	17584333	22199999	1.0	1.0	2.0
17	22200000	25799999	1.0	1.0	2.0
17	25800000	73035519	1.0	1.0	2.0
17	73035520	73036138	1.0	1.0	2.0
17	73036139	73739108	1.0	1.0	2.0
17	73739109	73739275	1.0	1.0	2.0
17	73739276	73753171	1.0	1.0	2.0
17	73753172	73753235	1.0	1.0	2.0
17	73753236	81195209	1.0	1.0	2.0
18	43755	125370	1.0	1.0	2.0
18	125371	7199919	1.0	1.0	2.0
18	7199920	7200166	1.0	1.0	2.0
18	7200167	15399999	1.0	1.0	2.0
18	15400000	18999999	1.0	1.0	2.0
18	19000000	23230028	1.0	1.0	2.0
18	23230029	26803832	1.0	1.0	2.0
18	26803833	50809950	1.0	1.0	2.0
18	50809951	52755549	1.0	1.0	2.0
18	52755550	61490007	1.0	1.0	2.0
18	61490008	78077247	1.0	1.0	2.0
19	102500	245843	1.0	1.0	2.0
19	245844	21086457	1.0	1.0	2.0
19	21086458	21099939	1.0	1.0	2.0
19	21099940	22062569	1.0	1.0	2.0
19	22062570	22275025	1.0	1.0	2.0
19	22275026	24067807	1.0	1.0	2.0
19	24067808	24394960	1.0	1.0	2.0
19	24394961	24399999	1.0	1.0	2.0
19	24400000	28599999	1.0	1.0	2.0
19	28600000	28800003	1.0	1.0	2.0
19	28800004	59128982	1.0	1.0	2.0
20	104981	7720019	1.0	1.0	2.0
20	7720020	25599999	1.0	1.0	2.0
20	25600000	29399999	1.0	1.0	2.0
20	29400000	41191700	1.0	1.0	2.0
20	41191701	43698038	1.0	1.0	2.0
20	43698039	63025519	1.0	1.0	2.0
21	10900000	15273231	1.0	1.0	2.0
21	15273232	21107074	1.0	1.0	2.0
21	21107075	31860025	1.0	1.0	2.0
21	31860026	48129894	1.0	1.0	2.0
22	1	12199999	1.0	1.0	2.0
22	12200000	17899999	1.0	1.0	2.0
22	17900000	35106405	1.0	1.0	2.0
22	35106406	35429597	1.0	1.0	2.0
22	35429598	51304565	1.0	1.0	2.0
