chromosome_index	position	alt_count	ref_count
1	855439	7.0	86.0
1	1022464	9.0	75.0
1	1471880	23.0	66.0
1	1906647	22.0	98.0
1	2692251	10.0	59.0
1	2836279	15.0	98.0
1	3631741	28.0	60.0
1	4540871	8.0	109.0
1	6005012	10.0	64.0
1	7949954	5.0	90.0
1	11032852	25.0	74.0
1	16966737	26.0	677.0
1	18443513	37.0	74.0
1	20198031	33.0	81.0
1	20829679	44.0	75.0
1	23593495	41.0	77.0
1	24801302	38.0	77.0
1	25726213	6.0	81.0
1	25726251	7.0	77.0
1	25729046	14.0	91.0
1	26379598	6.0	100.0
1	26921931	3.0	23.0
1	31036501	3.0	20.0
1	31101650	12.0	62.0
1	34928872	10.0	73.0
1	37258613	35.0	49.0
1	38235598	23.0	34.0
1	38996019	6.0	79.0
1	39098077	5.0	61.0
1	39141988	29.0	58.0
1	40795309	40.0	81.0
1	44356569	25.0	49.0
1	47260320	4.0	50.0
1	47293262	4.0	54.0
1	48389609	4.0	62.0
1	49596345	2.0	9.0
1	49779315	6.0	36.0
1	49979646	2.0	13.0
1	50217026	3.0	26.0
1	51079625	12.0	106.0
1	52148827	16.0	82.0
1	53561334	3.0	45.0
1	53561336	4.0	45.0
1	54880521	18.0	99.0
1	60733281	3.0	19.0
1	60790300	29.0	59.0
1	61016402	3.0	34.0
1	61904188	6.0	65.0
1	66228797	20.0	46.0
1	67033458	3.0	27.0
1	67033480	4.0	27.0
1	67284446	19.0	103.0
1	69564021	4.0	44.0
1	69564852	5.0	60.0
1	69856893	5.0	52.0
1	69885049	2.0	23.0
1	70274609	2.0	45.0
1	70471384	17.0	65.0
1	71590572	3.0	26.0
1	72671491	5.0	52.0
1	73293917	2.0	49.0
1	73361384	4.0	23.0
1	73426924	3.0	24.0
1	73434262	5.0	12.0
1	74152312	3.0	34.0
1	74495254	3.0	17.0
1	74567477	2.0	20.0
1	75021976	4.0	62.0
1	75337749	18.0	25.0
1	75930630	30.0	59.0
1	77134179	16.0	25.0
1	78860827	2.0	71.0
1	79527191	10.0	28.0
1	79882685	5.0	57.0
1	85412879	8.0	85.0
1	86335844	5.0	50.0
1	87068584	31.0	69.0
1	92438763	2.0	28.0
1	94869718	14.0	67.0
1	95246951	20.0	46.0
1	95835334	10.0	23.0
1	96023317	11.0	92.0
1	96054439	1.0	25.0
1	96054443	1.0	25.0
1	97634574	23.0	50.0
1	97858891	2.0	20.0
1	101130518	5.0	46.0
1	101590058	3.0	55.0
1	101899635	7.0	9.0
1	102170172	7.0	20.0
1	103753030	6.0	82.0
1	104026274	4.0	20.0
1	105201492	4.0	33.0
1	106424412	4.0	58.0
1	106452240	36.0	66.0
1	106486757	4.0	67.0
1	106560776	4.0	30.0
1	106931092	18.0	107.0
1	107399034	5.0	51.0
1	107796234	9.0	68.0
1	111409583	3.0	21.0
1	111438618	17.0	39.0
1	113438742	15.0	85.0
1	114855522	20.0	71.0
1	118980877	2.0	22.0
1	119250633	2.0	25.0
1	121222929	4.0	57.0
1	121224870	2.0	20.0
1	121302591	4.0	8.0
1	145386903	16.0	67.0
1	149103475	21.0	102.0
1	154026181	14.0	47.0
1	156743962	5.0	67.0
1	157150717	5.0	24.0
1	158301045	19.0	42.0
1	158678389	2.0	15.0
1	158724309	14.0	26.0
1	159409242	24.0	47.0
1	159590822	2.0	53.0
1	159597848	3.0	10.0
1	161089485	22.0	84.0
1	163430566	3.0	34.0
1	163432934	2.0	31.0
1	164139516	4.0	52.0
1	164362975	3.0	39.0
1	165654876	7.0	36.0
1	166011746	15.0	59.0
1	166442238	28.0	98.0
1	169895013	3.0	35.0
1	170073426	3.0	28.0
1	170073779	1.0	17.0
1	170073781	1.0	17.0
1	171209772	1.0	29.0
1	172878005	2.0	35.0
1	172878007	2.0	36.0
1	173137036	25.0	63.0
1	173622146	2.0	77.0
1	173669716	6.0	63.0
1	173982848	21.0	71.0
1	174615683	4.0	45.0
1	175356932	7.0	54.0
1	177478807	2.0	18.0
1	180284246	24.0	60.0
1	181097841	17.0	88.0
1	181361878	14.0	75.0
1	186475882	5.0	17.0
1	186475887	5.0	17.0
1	187829375	20.0	47.0
1	188592941	1.0	19.0
1	188764908	5.0	51.0
1	188766860	3.0	66.0
1	190094699	3.0	11.0
1	190268147	5.0	42.0
1	190299466	3.0	34.0
1	191028239	5.0	28.0
1	191028340	3.0	17.0
1	191047492	3.0	21.0
1	193187452	32.0	65.0
1	194123569	11.0	131.0
1	194589165	33.0	87.0
1	194633004	2.0	27.0
1	195525523	15.0	32.0
1	195615369	12.0	102.0
1	196379533	2.0	11.0
1	196877395	11.0	25.0
1	196906756	3.0	46.0
1	196956923	5.0	55.0
1	198536918	4.0	80.0
1	198974593	15.0	68.0
1	199197318	3.0	3.0
1	199213948	7.0	83.0
1	204201700	12.0	73.0
1	206695413	29.0	98.0
1	207375397	2.0	21.0
1	211129126	5.0	60.0
1	212910657	14.0	73.0
1	214898097	3.0	71.0
1	215208538	3.0	17.0
1	215708390	4.0	62.0
1	215870017	14.0	67.0
1	217339527	21.0	36.0
1	218270897	3.0	29.0
1	219825073	15.0	22.0
1	220454244	14.0	18.0
1	220672113	34.0	60.0
1	221811172	12.0	70.0
1	222580142	4.0	38.0
1	223090798	9.0	29.0
1	225358697	4.0	49.0
1	225432602	5.0	45.0
1	225571496	3.0	36.0
1	226563250	39.0	44.0
1	227664711	5.0	59.0
1	230659234	4.0	49.0
1	231782616	2.0	73.0
1	233361727	32.0	49.0
1	234067172	4.0	83.0
1	236610819	40.0	84.0
1	237155406	19.0	119.0
1	237680974	6.0	45.0
1	237864710	7.0	70.0
1	240006427	13.0	79.0
1	240385829	3.0	50.0
1	240385836	2.0	54.0
1	240986874	14.0	72.0
1	242186957	31.0	72.0
1	248633935	7.0	111.0
1	249061346	5.0	54.0
10	508268	4.0	69.0
10	1406160	10.0	57.0
10	1594253	18.0	105.0
10	1767254	24.0	85.0
10	2728490	16.0	100.0
10	2804303	12.0	83.0
10	3720704	32.0	55.0
10	5407197	18.0	92.0
10	6399870	5.0	30.0
10	8846689	4.0	91.0
10	9630584	4.0	37.0
10	10941446	3.0	18.0
10	11087537	8.0	93.0
10	12902044	5.0	66.0
10	12990664	36.0	77.0
10	13073474	6.0	65.0
10	13073530	5.0	78.0
10	14179784	1.0	54.0
10	14322124	37.0	72.0
10	16215324	4.0	55.0
10	18956943	32.0	62.0
10	19171541	6.0	31.0
10	19224592	3.0	43.0
10	19609616	3.0	34.0
10	20522150	4.0	80.0
10	21428923	1.0	28.0
10	21953085	22.0	102.0
10	22810446	1.0	33.0
10	23957519	2.0	55.0
10	25477573	5.0	76.0
10	28452639	13.0	84.0
10	28914363	19.0	88.0
10	31582063	3.0	35.0
10	31763775	2.0	23.0
10	33150994	3.0	23.0
10	34252321	31.0	44.0
10	35797955	24.0	60.0
10	36055829	10.0	76.0
10	42793803	4.0	56.0
10	43774607	38.0	106.0
10	44946577	2.0	64.0
10	45148639	26.0	43.0
10	48392207	44.0	77.0
10	48410162	8.0	29.0
10	49555930	4.0	87.0
10	52233192	4.0	21.0
10	53129254	3.0	7.0
10	53510326	5.0	86.0
10	54602051	6.0	59.0
10	54602053	5.0	62.0
10	55585407	19.0	33.0
10	56052958	3.0	56.0
10	56641322	6.0	16.0
10	57856687	26.0	31.0
10	58178922	3.0	10.0
10	58245328	5.0	26.0
10	58254492	1.0	26.0
10	58863289	4.0	28.0
10	59188968	6.0	66.0
10	59246999	1.0	29.0
10	59298811	7.0	31.0
10	59478889	4.0	30.0
10	61169290	5.0	56.0
10	62091000	4.0	29.0
10	62092945	6.0	48.0
10	62950959	13.0	91.0
10	63472613	2.0	45.0
10	64117768	3.0	15.0
10	64406314	23.0	31.0
10	66110556	3.0	15.0
10	66110557	3.0	16.0
10	66197107	4.0	47.0
10	67346888	3.0	21.0
10	67753729	16.0	98.0
10	68273173	21.0	58.0
10	68663527	4.0	56.0
10	68912820	16.0	75.0
10	68970671	6.0	37.0
10	71286405	11.0	65.0
10	73699689	28.0	96.0
10	75515627	4.0	84.0
10	76932344	25.0	78.0
10	78235168	2.0	18.0
10	80366744	3.0	65.0
10	82876484	16.0	66.0
10	85548643	9.0	65.0
10	87035170	4.0	28.0
10	87465903	4.0	67.0
10	87465907	5.0	72.0
10	87754884	26.0	68.0
10	87826930	5.0	124.0
10	88420425	16.0	69.0
10	90208890	4.0	29.0
10	91209139	5.0	65.0
10	91524005	3.0	47.0
10	92040354	2.0	24.0
10	92406713	5.0	29.0
10	92786293	3.0	42.0
10	92786319	3.0	35.0
10	92888210	41.0	74.0
10	92990402	14.0	60.0
10	94727011	4.0	77.0
10	96768721	4.0	33.0
10	96850304	3.0	42.0
10	96866923	2.0	38.0
10	96867223	5.0	46.0
10	96900925	3.0	40.0
10	99131001	29.0	47.0
10	100634458	1.0	13.0
10	100755919	35.0	61.0
10	101466079	20.0	101.0
10	102388341	41.0	88.0
10	102483282	9.0	52.0
10	107235458	6.0	62.0
10	107959391	8.0	105.0
10	109310164	4.0	46.0
10	109512543	6.0	146.0
10	109923169	21.0	76.0
10	110217240	3.0	19.0
10	110786726	20.0	97.0
10	110852766	6.0	71.0
10	111054401	15.0	109.0
10	111127863	44.0	70.0
10	111563816	11.0	26.0
10	116394517	32.0	48.0
10	117484529	26.0	44.0
10	119337595	24.0	80.0
10	120406644	4.0	79.0
10	123869549	30.0	58.0
10	124677925	7.0	105.0
10	124856530	39.0	76.0
10	126582314	5.0	60.0
10	127322133	31.0	56.0
10	129271363	36.0	74.0
10	130638826	5.0	54.0
10	130804286	15.0	79.0
10	132718549	32.0	49.0
10	133238273	15.0	88.0
10	133469324	8.0	82.0
10	133607885	7.0	38.0
10	134578621	5.0	65.0
10	135122414	13.0	13.0
11	3383546	30.0	55.0
11	4360982	14.0	99.0
11	4370913	8.0	106.0
11	4606923	12.0	31.0
11	5526909	8.0	29.0
11	6883317	7.0	65.0
11	6899454	5.0	79.0
11	7415582	2.0	36.0
11	8921497	40.0	73.0
11	9062291	27.0	66.0
11	14011124	5.0	61.0
11	14091431	9.0	39.0
11	15843358	13.0	29.0
11	17490780	33.0	61.0
11	18961745	19.0	84.0
11	19086137	4.0	37.0
11	19385293	13.0	26.0
11	20156612	7.0	57.0
11	21128371	4.0	35.0
11	21648682	16.0	85.0
11	22349503	19.0	83.0
11	23812436	2.0	20.0
11	24277656	8.0	46.0
11	24301791	4.0	45.0
11	24319091	27.0	48.0
11	25018661	5.0	37.0
11	25523828	7.0	126.0
11	25644426	3.0	37.0
11	28049725	3.0	24.0
11	28239779	4.0	53.0
11	29167415	12.0	63.0
11	29377853	8.0	39.0
11	29686626	4.0	20.0
11	29688269	5.0	31.0
11	29923187	1.0	15.0
11	31385490	18.0	27.0
11	35549509	4.0	47.0
11	35779056	4.0	78.0
11	36330383	11.0	39.0
11	37220171	29.0	31.0
11	37475426	3.0	14.0
11	38930288	2.0	26.0
11	40115826	6.0	107.0
11	40227030	40.0	52.0
11	42304322	21.0	44.0
11	42563043	20.0	54.0
11	42787776	2.0	8.0
11	42857947	3.0	26.0
11	44532451	15.0	92.0
11	47893494	18.0	38.0
11	48580512	5.0	62.0
11	48675635	4.0	45.0
11	48786632	4.0	49.0
11	48958733	2.0	8.0
11	50014416	8.0	22.0
11	50111389	1.0	61.0
11	50112811	5.0	42.0
11	50212691	3.0	27.0
11	50286192	4.0	60.0
11	50345796	1.0	31.0
11	50346304	4.0	87.0
11	50348199	6.0	99.0
11	50348202	6.0	101.0
11	50431587	4.0	28.0
11	51237155	3.0	33.0
11	51316169	2.0	50.0
11	51316170	5.0	47.0
11	51536923	4.0	87.0
11	54839192	2.0	24.0
11	55096970	4.0	27.0
11	55722684	4.0	30.0
11	56226497	4.0	33.0
11	56557299	5.0	20.0
11	56597959	3.0	18.0
11	57909127	3.0	35.0
11	58301951	2.0	61.0
11	62919993	5.0	89.0
11	63039145	5.0	52.0
11	63092697	5.0	41.0
11	63905231	19.0	102.0
11	64934036	30.0	70.0
11	68188207	6.0	94.0
11	69234023	41.0	68.0
11	69390772	13.0	79.0
11	73775669	4.0	40.0
11	76430478	15.0	37.0
11	77453731	5.0	113.0
11	78500388	12.0	91.0
11	81390826	10.0	31.0
11	81547499	3.0	23.0
11	81954053	4.0	42.0
11	82472837	4.0	44.0
11	83304469	2.0	34.0
11	83433166	7.0	66.0
11	84438417	4.0	26.0
11	84484270	5.0	45.0
11	85064701	1.0	41.0
11	86020486	5.0	72.0
11	86675599	5.0	70.0
11	87445271	3.0	20.0
11	88380837	2.0	27.0
11	88892425	5.0	12.0
11	90031660	2.0	36.0
11	90615639	5.0	37.0
11	91052362	2.0	75.0
11	92751059	41.0	85.0
11	96076123	31.0	62.0
11	96225234	5.0	58.0
11	97988437	2.0	46.0
11	98561376	8.0	34.0
11	98626865	6.0	74.0
11	98871202	4.0	54.0
11	99081592	12.0	42.0
11	100026138	2.0	33.0
11	100271226	8.0	9.0
11	102610198	2.0	24.0
11	102687130	2.0	51.0
11	103846944	5.0	41.0
11	104087103	21.0	56.0
11	104567713	8.0	29.0
11	106646432	6.0	19.0
11	109297707	5.0	20.0
11	109332254	1.0	37.0
11	110622553	2.0	46.0
11	111846730	15.0	95.0
11	113317438	6.0	89.0
11	114374488	7.0	105.0
11	122469894	21.0	50.0
11	123647682	5.0	104.0
11	123696855	3.0	42.0
11	123697250	4.0	38.0
11	124827571	3.0	28.0
11	125434363	7.0	81.0
11	125629117	4.0	65.0
11	125691792	4.0	60.0
11	125692320	4.0	43.0
11	126029992	6.0	116.0
11	126512895	2.0	43.0
11	127576581	2.0	21.0
11	129327467	7.0	89.0
11	130122141	15.0	43.0
11	131419510	5.0	37.0
11	131467064	6.0	111.0
11	131590579	16.0	75.0
11	131945110	13.0	20.0
11	132351232	4.0	55.0
11	132551476	10.0	106.0
11	132730429	17.0	45.0
11	133285644	20.0	95.0
12	820200	6.0	106.0
12	1360721	14.0	23.0
12	6770770	5.0	70.0
12	7489751	3.0	37.0
12	7489762	2.0	36.0
12	7610017	33.0	66.0
12	7628015	3.0	36.0
12	7675727	3.0	37.0
12	7749578	3.0	48.0
12	9347350	6.0	122.0
12	9765415	4.0	63.0
12	9955956	3.0	10.0
12	10066853	3.0	40.0
12	10879193	6.0	43.0
12	10879252	6.0	48.0
12	11373605	3.0	15.0
12	11490554	4.0	41.0
12	11632522	6.0	29.0
12	13499593	2.0	64.0
12	13499616	2.0	71.0
12	13863393	1.0	22.0
12	13863402	1.0	28.0
12	16914189	24.0	38.0
12	16926074	7.0	47.0
12	17273557	4.0	39.0
12	18925216	2.0	27.0
12	21944306	3.0	54.0
12	22119845	4.0	60.0
12	22303378	3.0	35.0
12	22303647	2.0	45.0
12	22304643	4.0	33.0
12	24473570	6.0	114.0
12	25729258	3.0	38.0
12	27138167	29.0	76.0
12	27999632	4.0	66.0
12	28280857	10.0	36.0
12	28674386	6.0	54.0
12	28827010	4.0	40.0
12	29250115	3.0	54.0
12	31345063	10.0	21.0
12	31896267	13.0	85.0
12	32578106	5.0	82.0
12	33287083	4.0	67.0
12	33655101	6.0	94.0
12	34348163	5.0	43.0
12	34404705	15.0	84.0
12	34404706	15.0	82.0
12	34754972	18.0	67.0
12	37868160	11.0	8.0
12	38498130	11.0	42.0
12	38770819	2.0	27.0
12	39606174	4.0	59.0
12	40230230	3.0	17.0
12	41511004	3.0	13.0
12	41532816	3.0	39.0
12	45478377	4.0	51.0
12	46741574	5.0	70.0
12	48620670	3.0	38.0
12	48688011	10.0	56.0
12	53600568	11.0	82.0
12	53730232	19.0	66.0
12	54170902	12.0	37.0
12	55472768	2.0	29.0
12	55753490	2.0	73.0
12	56303343	13.0	68.0
12	57962036	8.0	106.0
12	58621731	7.0	66.0
12	59742121	3.0	35.0
12	60158160	1.0	27.0
12	60444101	9.0	78.0
12	60444103	10.0	77.0
12	61673859	2.0	29.0
12	61696422	42.0	96.0
12	61794490	3.0	21.0
12	67530047	3.0	35.0
12	67656999	6.0	74.0
12	68365627	4.0	38.0
12	68976090	21.0	86.0
12	69967701	40.0	70.0
12	72801546	3.0	26.0
12	75390205	5.0	38.0
12	77348991	3.0	30.0
12	78647314	5.0	61.0
12	79331338	12.0	21.0
12	79624906	7.0	58.0
12	79868463	5.0	2.0
12	79886702	19.0	53.0
12	81398221	4.0	19.0
12	81451926	2.0	39.0
12	81887951	3.0	30.0
12	81916352	32.0	59.0
12	82887700	5.0	42.0
12	83713979	9.0	8.0
12	84039633	5.0	63.0
12	84413609	3.0	25.0
12	85542574	2.0	21.0
12	86773889	6.0	43.0
12	88800480	2.0	22.0
12	88898137	1.0	33.0
12	90530885	4.0	21.0
12	93117032	20.0	22.0
12	93184610	5.0	67.0
12	94399087	4.0	61.0
12	95186944	12.0	101.0
12	95220905	4.0	69.0
12	95825747	6.0	54.0
12	96993303	6.0	31.0
12	97146323	22.0	32.0
12	98263780	4.0	56.0
12	98299847	13.0	95.0
12	99854468	4.0	39.0
12	100237642	1.0	18.0
12	100252102	5.0	69.0
12	101105360	11.0	82.0
12	101375868	11.0	30.0
12	101483471	1.0	45.0
12	101483760	5.0	46.0
12	101844920	22.0	76.0
12	105094455	25.0	56.0
12	105275301	2.0	72.0
12	107171921	32.0	67.0
12	112179422	25.0	57.0
12	113828239	10.0	77.0
12	115025305	29.0	39.0
12	115644638	29.0	89.0
12	116793202	44.0	75.0
12	117572379	6.0	79.0
12	117646653	22.0	80.0
12	119098704	4.0	56.0
12	120403339	15.0	91.0
12	120753480	24.0	67.0
12	121124871	17.0	69.0
12	122472246	12.0	95.0
12	125711283	5.0	93.0
12	126199962	6.0	64.0
12	127976174	5.0	23.0
12	128192277	6.0	113.0
12	128268034	50.0	64.0
12	129136985	34.0	94.0
12	130424579	5.0	104.0
12	130441311	4.0	80.0
12	130503278	15.0	88.0
12	130877529	3.0	88.0
12	131331696	23.0	50.0
13	19050623	10.0	170.0
13	21229735	25.0	63.0
13	22163203	8.0	74.0
13	22482981	9.0	111.0
13	22746935	10.0	26.0
13	23157098	3.0	45.0
13	25091950	15.0	74.0
13	26758143	6.0	12.0
13	29092302	34.0	52.0
13	31089297	4.0	55.0
13	32260120	4.0	43.0
13	33220122	5.0	82.0
13	34808283	2.0	77.0
13	35027746	33.0	64.0
13	35891973	4.0	52.0
13	37866273	2.0	29.0
13	39137441	5.0	23.0
13	39387101	16.0	66.0
13	39388786	19.0	89.0
13	40444726	8.0	28.0
13	40908424	11.0	68.0
13	42960813	2.0	37.0
13	43554181	17.0	83.0
13	45595746	9.0	39.0
13	46792442	4.0	50.0
13	48257131	2.0	22.0
13	48260035	2.0	27.0
13	50525194	24.0	98.0
13	53612653	27.0	67.0
13	54472594	4.0	43.0
13	55596370	5.0	16.0
13	57110047	23.0	28.0
13	58814311	6.0	92.0
13	60485928	4.0	67.0
13	61659329	3.0	28.0
13	62197936	3.0	48.0
13	62252335	4.0	53.0
13	62441974	3.0	20.0
13	62910748	5.0	57.0
13	63182008	4.0	53.0
13	63508923	4.0	66.0
13	63566386	5.0	121.0
13	63770556	3.0	37.0
13	64690126	1.0	54.0
13	65680214	2.0	55.0
13	66754982	11.0	60.0
13	67629090	20.0	40.0
13	68304761	23.0	42.0
13	68460207	20.0	76.0
13	68472716	4.0	45.0
13	71037195	2.0	14.0
13	71705907	4.0	34.0
13	75448848	4.0	37.0
13	78649942	4.0	49.0
13	79579256	4.0	14.0
13	81183156	36.0	72.0
13	81269333	1.0	29.0
13	83445923	4.0	29.0
13	83688774	2.0	12.0
13	84595707	6.0	36.0
13	84731816	28.0	85.0
13	84750131	2.0	27.0
13	85048673	4.0	26.0
13	85050598	1.0	15.0
13	86126085	8.0	63.0
13	87471179	16.0	65.0
13	87797383	28.0	35.0
13	87970727	3.0	8.0
13	87996788	4.0	82.0
13	88090577	4.0	37.0
13	89410577	31.0	60.0
13	89850209	10.0	26.0
13	90795419	4.0	45.0
13	91183034	7.0	35.0
13	91292256	33.0	73.0
13	91533355	15.0	44.0
13	92347300	15.0	95.0
13	92503776	4.0	18.0
13	93007693	6.0	29.0
13	93253817	5.0	65.0
13	94371944	2.0	28.0
13	95185006	2.0	35.0
13	96324278	22.0	72.0
13	96925899	11.0	13.0
13	101479906	11.0	52.0
13	102768717	40.0	74.0
13	103689875	2.0	20.0
13	104140826	11.0	19.0
13	104340627	31.0	71.0
13	105006440	29.0	50.0
13	105802483	4.0	18.0
13	108638942	1.0	31.0
13	109112178	17.0	52.0
13	109765082	17.0	82.0
13	110020470	27.0	98.0
13	110122725	16.0	34.0
13	110758924	44.0	81.0
13	111408997	34.0	52.0
13	112242010	36.0	78.0
13	112271528	30.0	66.0
13	112865073	8.0	75.0
13	113763672	13.0	53.0
14	20300646	9.0	73.0
14	23466229	12.0	106.0
14	25498455	14.0	29.0
14	26061875	5.0	30.0
14	26685100	1.0	30.0
14	27111980	1.0	70.0
14	27111983	1.0	70.0
14	27817139	4.0	70.0
14	28617523	5.0	61.0
14	28688167	9.0	36.0
14	28892981	9.0	32.0
14	29793005	8.0	21.0
14	29854197	8.0	15.0
14	30425257	3.0	45.0
14	30570902	6.0	42.0
14	32103662	4.0	27.0
14	32609121	25.0	87.0
14	33025362	36.0	74.0
14	33578988	8.0	49.0
14	33781618	2.0	14.0
14	34463496	9.0	59.0
14	35873926	24.0	42.0
14	36591089	3.0	61.0
14	37655807	5.0	55.0
14	37661434	5.0	53.0
14	37828737	4.0	57.0
14	38734641	4.0	53.0
14	40130009	5.0	68.0
14	40760254	7.0	81.0
14	43036585	8.0	36.0
14	44850600	2.0	21.0
14	46129440	1.0	36.0
14	46764073	2.0	8.0
14	47542995	7.0	89.0
14	48059271	4.0	10.0
14	48411557	7.0	40.0
14	48684300	5.0	25.0
14	53671775	10.0	41.0
14	55383960	28.0	37.0
14	56829847	2.0	20.0
14	58583421	5.0	103.0
14	58655295	6.0	84.0
14	60874603	3.0	24.0
14	61520322	4.0	24.0
14	62667111	4.0	68.0
14	62814854	5.0	77.0
14	62871738	8.0	71.0
14	63575552	2.0	31.0
14	63575555	2.0	31.0
14	64925681	25.0	36.0
14	67149445	42.0	76.0
14	73372496	18.0	97.0
14	73614152	15.0	93.0
14	77010576	5.0	82.0
14	77956501	45.0	78.0
14	79687609	4.0	41.0
14	82491850	37.0	75.0
14	83118245	3.0	25.0
14	83684032	19.0	51.0
14	85741491	4.0	16.0
14	86122715	36.0	78.0
14	86371503	3.0	54.0
14	86690444	17.0	93.0
14	87049257	2.0	25.0
14	87922234	15.0	32.0
14	88324830	4.0	58.0
14	88592570	4.0	56.0
14	89120660	3.0	36.0
14	89386529	24.0	83.0
14	90900126	37.0	68.0
14	92364062	39.0	67.0
14	93021748	25.0	59.0
14	97527936	29.0	92.0
14	97688601	34.0	55.0
14	99911868	20.0	86.0
14	102220551	7.0	47.0
14	102653482	18.0	86.0
14	103337537	23.0	75.0
14	103435360	15.0	92.0
14	107265813	3.0	57.0
15	20482114	3.0	173.0
15	22116886	11.0	35.0
15	24654804	36.0	75.0
15	28107418	10.0	69.0
15	28314397	12.0	44.0
15	28472376	41.0	64.0
15	30005201	17.0	50.0
15	31776090	3.0	20.0
15	32196099	23.0	113.0
15	33642355	13.0	29.0
15	37931449	5.0	8.0
15	39549538	4.0	25.0
15	39745732	9.0	47.0
15	41448976	13.0	64.0
15	44746760	4.0	77.0
15	45284624	3.0	27.0
15	46046332	5.0	60.0
15	46772208	1.0	14.0
15	47199537	1.0	29.0
15	47416083	5.0	45.0
15	47881870	21.0	84.0
15	48368016	9.0	83.0
15	48470312	30.0	72.0
15	48942191	28.0	57.0
15	49645274	31.0	48.0
15	49806706	2.0	16.0
15	51334766	7.0	34.0
15	52394626	6.0	73.0
15	53138262	17.0	63.0
15	53345968	5.0	28.0
15	55045306	4.0	60.0
15	55239981	3.0	43.0
15	55240090	3.0	41.0
15	57558331	4.0	87.0
15	58192809	5.0	59.0
15	60896342	5.0	80.0
15	61207701	10.0	91.0
15	63736893	35.0	69.0
15	66052397	39.0	94.0
15	70235843	22.0	66.0
15	71327260	2.0	45.0
15	72395735	4.0	58.0
15	72889020	15.0	92.0
15	72889036	15.0	89.0
15	72890580	19.0	78.0
15	73061981	14.0	92.0
15	73062073	14.0	122.0
15	73062078	13.0	118.0
15	73062253	12.0	79.0
15	73461441	17.0	88.0
15	73987911	5.0	119.0
15	74181888	14.0	84.0
15	74866411	37.0	68.0
15	76203269	4.0	68.0
15	76266029	4.0	50.0
15	76619492	38.0	81.0
15	77791097	40.0	64.0
15	77905197	12.0	35.0
15	80724017	20.0	96.0
15	82009648	3.0	38.0
15	83504256	7.0	105.0
15	83790770	21.0	46.0
15	85428314	11.0	81.0
15	85467135	4.0	75.0
15	85983047	4.0	18.0
15	87966423	5.0	34.0
15	88390776	8.0	98.0
15	88554844	13.0	36.0
15	91568476	11.0	67.0
15	92292930	6.0	42.0
15	93935467	4.0	60.0
15	94087711	38.0	73.0
15	94497550	24.0	54.0
15	94695794	2.0	16.0
15	94813320	12.0	61.0
15	96618615	28.0	50.0
15	97595309	23.0	41.0
15	97918167	5.0	35.0
15	97918817	4.0	33.0
15	100822523	26.0	59.0
15	101098635	3.0	92.0
16	491330	15.0	75.0
16	1240900	8.0	87.0
16	6436030	37.0	65.0
16	6561388	9.0	52.0
16	7394557	31.0	68.0
16	7524028	7.0	110.0
16	7842773	4.0	62.0
16	9787064	40.0	82.0
16	13121168	6.0	82.0
16	13865952	6.0	30.0
16	13865974	6.0	26.0
16	17842312	9.0	126.0
16	18123455	47.0	76.0
16	22880456	24.0	41.0
16	23191828	3.0	74.0
16	23789165	3.0	56.0
16	25854175	10.0	50.0
16	25935714	10.0	54.0
16	25984771	3.0	37.0
16	26108310	5.0	56.0
16	26748803	23.0	31.0
16	26992123	5.0	79.0
16	28015711	14.0	91.0
16	31756658	3.0	36.0
16	33847499	17.0	42.0
16	34779282	5.0	73.0
16	35187745	5.0	54.0
16	47975632	29.0	58.0
16	48949827	18.0	35.0
16	49061902	29.0	45.0
16	51001391	12.0	91.0
16	56162375	29.0	69.0
16	62557803	4.0	14.0
16	63034076	7.0	58.0
16	63314392	1.0	34.0
16	63344666	3.0	27.0
16	64182806	4.0	32.0
16	65826645	30.0	66.0
16	67045927	24.0	106.0
16	67868986	8.0	100.0
16	68437325	29.0	51.0
16	70115200	4.0	92.0
16	70814793	23.0	84.0
16	71470607	40.0	68.0
16	71585198	16.0	70.0
16	73469815	38.0	68.0
16	76503543	14.0	108.0
16	76727983	3.0	39.0
16	76851224	32.0	49.0
16	76870875	13.0	94.0
16	76995716	26.0	54.0
16	77290038	4.0	47.0
16	78327896	3.0	54.0
16	79935998	4.0	83.0
16	80258523	5.0	44.0
16	80374461	40.0	71.0
16	80936221	5.0	110.0
16	81241169	31.0	58.0
16	81399008	11.0	55.0
16	81521514	11.0	67.0
16	82131225	16.0	93.0
16	83217986	14.0	74.0
16	84234074	12.0	85.0
16	85782434	14.0	101.0
16	87318142	40.0	72.0
16	87835875	34.0	81.0
16	88872445	15.0	63.0
16	89755533	35.0	82.0
17	549610	42.0	90.0
17	3222802	3.0	22.0
17	4362519	39.0	60.0
17	5523915	19.0	59.0
17	5956262	22.0	66.0
17	7327856	12.0	72.0
17	10065197	6.0	98.0
17	11821609	31.0	74.0
17	12627097	10.0	11.0
17	14761011	2.0	18.0
17	15107457	2.0	37.0
17	18832217	40.0	75.0
17	20405466	5.0	88.0
17	20704952	40.0	86.0
17	21341394	10.0	90.0
17	22136565	4.0	46.0
17	22228950	4.0	29.0
17	25510810	4.0	44.0
17	25851445	28.0	56.0
17	25865441	43.0	56.0
17	30110839	5.0	58.0
17	32215857	10.0	56.0
17	32215861	9.0	54.0
17	32311029	4.0	101.0
17	32551387	3.0	39.0
17	33040615	47.0	74.0
17	36074051	7.0	124.0
17	37899329	23.0	97.0
17	38864539	10.0	73.0
17	41405771	2.0	31.0
17	51853215	3.0	23.0
17	53487516	19.0	43.0
17	55326889	46.0	92.0
17	56116027	30.0	72.0
17	56415336	20.0	92.0
17	56774956	15.0	87.0
17	58162073	8.0	104.0
17	59919422	21.0	55.0
17	59944994	8.0	54.0
17	61201382	43.0	88.0
17	61990470	8.0	94.0
17	63966601	9.0	8.0
17	64210660	13.0	89.0
17	66861032	4.0	16.0
17	67036980	20.0	60.0
17	67677764	6.0	48.0
17	71416296	16.0	70.0
17	71447172	33.0	64.0
17	72269686	39.0	83.0
17	72339375	15.0	77.0
17	72373818	4.0	83.0
17	75470832	25.0	86.0
17	75804782	42.0	64.0
17	78093542	12.0	61.0
17	78238081	37.0	57.0
17	80232108	36.0	77.0
18	795673	43.0	59.0
18	1354566	2.0	29.0
18	1759472	17.0	45.0
18	3422683	5.0	65.0
18	3941165	8.0	122.0
18	4445477	1.0	18.0
18	4896730	3.0	60.0
18	5732376	18.0	94.0
18	13276036	28.0	92.0
18	19331300	24.0	56.0
18	19755547	8.0	87.0
18	20474255	4.0	43.0
18	20474509	5.0	43.0
18	20609078	50.0	94.0
18	21460169	39.0	66.0
18	21460170	39.0	65.0
18	21661354	22.0	53.0
18	25263236	15.0	85.0
18	27229519	5.0	14.0
18	27798936	12.0	26.0
18	30239579	3.0	38.0
18	30375554	4.0	68.0
18	30435079	3.0	42.0
18	30545792	3.0	6.0
18	30818856	13.0	52.0
18	31727715	3.0	45.0
18	32005180	5.0	50.0
18	33227803	8.0	33.0
18	35155240	33.0	71.0
18	35292691	14.0	42.0
18	36586077	17.0	118.0
18	36687143	4.0	85.0
18	36828262	4.0	13.0
18	37474270	9.0	14.0
18	37811528	3.0	30.0
18	38099098	11.0	87.0
18	38282892	1.0	46.0
18	39958657	4.0	75.0
18	41567228	5.0	74.0
18	41929832	5.0	69.0
18	41929835	5.0	72.0
18	42026457	5.0	37.0
18	42380924	3.0	20.0
18	42848369	4.0	40.0
18	45759838	8.0	42.0
18	49564656	22.0	49.0
18	49827301	5.0	45.0
18	50284430	16.0	39.0
18	50783779	6.0	65.0
18	50784475	5.0	80.0
18	51159764	3.0	49.0
18	51592801	4.0	23.0
18	51974021	1.0	36.0
18	52677156	18.0	39.0
18	53301358	20.0	85.0
18	53518942	28.0	66.0
18	56880306	5.0	92.0
18	58710848	13.0	65.0
18	59209480	8.0	74.0
18	59226423	7.0	55.0
18	62094079	4.0	54.0
18	63666553	13.0	62.0
18	64428148	12.0	22.0
18	64799974	3.0	21.0
18	65106830	5.0	26.0
18	65489076	7.0	28.0
18	66869979	8.0	19.0
18	67055937	4.0	51.0
18	68758561	2.0	32.0
18	69016032	7.0	47.0
18	69668865	3.0	48.0
18	73731541	10.0	23.0
18	75716897	17.0	34.0
18	75807222	12.0	36.0
18	75825243	13.0	74.0
18	75834240	5.0	115.0
18	75883365	11.0	91.0
18	77464157	4.0	73.0
19	523840	4.0	13.0
19	1943533	32.0	73.0
19	2166352	7.0	114.0
19	2755468	6.0	87.0
19	5023250	37.0	59.0
19	7496349	9.0	59.0
19	7692481	8.0	71.0
19	8765370	11.0	72.0
19	9499484	34.0	73.0
19	13971286	3.0	35.0
19	15224270	6.0	99.0
19	17280039	19.0	97.0
19	18453938	24.0	64.0
19	21381398	14.0	21.0
19	22954658	10.0	33.0
19	23130345	20.0	37.0
19	23131444	13.0	93.0
19	24383938	3.0	46.0
19	27809292	3.0	19.0
19	28007966	3.0	28.0
19	29486766	15.0	91.0
19	29557402	24.0	95.0
19	30483999	14.0	70.0
19	33230381	4.0	50.0
19	33230383	4.0	50.0
19	35472920	28.0	59.0
19	35600487	23.0	71.0
19	36670960	37.0	68.0
19	36846434	6.0	94.0
19	37412150	5.0	77.0
19	38309193	28.0	44.0
19	39189601	12.0	76.0
19	40998699	12.0	65.0
19	42164808	2.0	37.0
19	42906143	15.0	33.0
19	43595585	4.0	19.0
19	43706538	10.0	103.0
19	45452297	16.0	61.0
19	48222101	2.0	86.0
19	48745937	8.0	119.0
19	48745976	6.0	107.0
19	55802300	34.0	69.0
19	55988730	6.0	119.0
2	943298	18.0	79.0
2	1286401	13.0	45.0
2	2451618	5.0	38.0
2	3086980	4.0	41.0
2	5401248	4.0	44.0
2	5923966	5.0	52.0
2	6084750	10.0	86.0
2	7082331	8.0	72.0
2	7313252	5.0	23.0
2	8185476	36.0	72.0
2	11245117	5.0	79.0
2	11300698	11.0	79.0
2	11548471	5.0	100.0
2	11678813	12.0	34.0
2	12576822	8.0	22.0
2	12649859	1.0	29.0
2	13185853	1.0	34.0
2	15388653	4.0	67.0
2	15485095	1.0	29.0
2	16651896	15.0	26.0
2	17322766	5.0	30.0
2	17348820	3.0	32.0
2	17385758	5.0	30.0
2	18642180	3.0	44.0
2	21149484	14.0	84.0
2	23070353	14.0	22.0
2	23635591	42.0	81.0
2	25282787	30.0	53.0
2	27030419	12.0	83.0
2	29789380	8.0	84.0
2	31760381	30.0	52.0
2	32796747	37.0	62.0
2	32885434	5.0	66.0
2	34736344	3.0	14.0
2	34790015	2.0	39.0
2	35298797	3.0	15.0
2	35810385	7.0	36.0
2	37399863	24.0	70.0
2	38186346	2.0	20.0
2	40054971	2.0	34.0
2	40449947	3.0	36.0
2	41082331	4.0	41.0
2	41517409	27.0	58.0
2	45353376	19.0	49.0
2	48635744	24.0	72.0
2	49657886	2.0	41.0
2	50260592	2.0	15.0
2	51243309	2.0	27.0
2	51302810	7.0	33.0
2	51302811	7.0	33.0
2	51588389	4.0	45.0
2	51621906	5.0	65.0
2	52132766	14.0	87.0
2	53110999	10.0	22.0
2	54215878	5.0	102.0
2	56388824	13.0	41.0
2	56549273	2.0	43.0
2	56549881	4.0	37.0
2	56653751	3.0	21.0
2	57548064	2.0	29.0
2	57676323	8.0	38.0
2	58059788	4.0	20.0
2	58915949	46.0	80.0
2	59459667	21.0	36.0
2	60424062	3.0	32.0
2	60651095	20.0	41.0
2	61390631	9.0	53.0
2	63618428	4.0	57.0
2	64159144	5.0	61.0
2	66576272	6.0	63.0
2	67820043	5.0	35.0
2	67820047	4.0	36.0
2	69231365	3.0	22.0
2	69231522	4.0	18.0
2	70586682	4.0	42.0
2	72238068	13.0	99.0
2	74202379	23.0	96.0
2	77168934	10.0	61.0
2	78321863	22.0	120.0
2	78475038	3.0	17.0
2	80549508	47.0	65.0
2	81855795	35.0	93.0
2	82319218	8.0	34.0
2	83589810	8.0	57.0
2	83665027	5.0	7.0
2	83888824	7.0	45.0
2	83892044	3.0	41.0
2	84732714	1.0	37.0
2	88525192	21.0	103.0
2	90233702	8.0	48.0
2	92138710	4.0	51.0
2	95762452	3.0	67.0
2	98494179	5.0	53.0
2	103706354	2.0	26.0
2	103917098	8.0	42.0
2	104150306	14.0	50.0
2	104336768	4.0	29.0
2	104342427	3.0	20.0
2	104690630	34.0	66.0
2	105083047	10.0	100.0
2	106076035	4.0	70.0
2	107797069	5.0	59.0
2	112813199	19.0	38.0
2	113368998	37.0	50.0
2	115047286	28.0	51.0
2	116635683	29.0	53.0
2	116661644	14.0	28.0
2	117125527	2.0	22.0
2	117679359	3.0	13.0
2	118430647	33.0	78.0
2	118538894	5.0	55.0
2	119066269	21.0	67.0
2	119281786	4.0	18.0
2	120210632	5.0	100.0
2	121830864	5.0	81.0
2	123467576	18.0	38.0
2	123507704	3.0	23.0
2	123830194	27.0	112.0
2	124067064	4.0	19.0
2	124299329	4.0	31.0
2	126875247	6.0	37.0
2	127028452	5.0	19.0
2	127251353	28.0	59.0
2	129610890	5.0	46.0
2	130470985	14.0	53.0
2	134971721	4.0	25.0
2	135801834	21.0	98.0
2	136821838	22.0	93.0
2	138069322	4.0	51.0
2	138614858	3.0	17.0
2	139014171	2.0	32.0
2	139715323	27.0	66.0
2	140373591	8.0	12.0
2	142275304	13.0	94.0
2	143874923	5.0	6.0
2	147014810	17.0	77.0
2	147131691	3.0	10.0
2	147944293	10.0	38.0
2	147986835	2.0	26.0
2	148761198	5.0	58.0
2	149465947	4.0	43.0
2	152830884	43.0	90.0
2	154006914	1.0	22.0
2	155056716	6.0	13.0
2	155233731	9.0	37.0
2	155811365	2.0	29.0
2	157528910	7.0	19.0
2	157927205	2.0	44.0
2	157955781	3.0	37.0
2	158784955	12.0	68.0
2	158943070	1.0	53.0
2	158967608	2.0	45.0
2	159280570	4.0	45.0
2	161051347	15.0	114.0
2	161871245	5.0	47.0
2	161873853	5.0	14.0
2	162466124	3.0	14.0
2	167850861	12.0	11.0
2	170126404	6.0	49.0
2	170313704	5.0	45.0
2	170363003	15.0	98.0
2	172958928	38.0	68.0
2	174654749	33.0	95.0
2	177016482	13.0	57.0
2	179420088	11.0	56.0
2	180917705	5.0	38.0
2	182663650	3.0	33.0
2	182664156	5.0	61.0
2	183603975	3.0	54.0
2	184138341	11.0	42.0
2	184183966	25.0	47.0
2	184740511	8.0	20.0
2	185172409	2.0	11.0
2	185366579	3.0	11.0
2	186050264	8.0	117.0
2	186185093	4.0	16.0
2	186556298	14.0	28.0
2	187763970	4.0	68.0
2	191236676	6.0	84.0
2	194655495	3.0	12.0
2	199395461	1.0	45.0
2	200756362	5.0	36.0
2	202453290	3.0	19.0
2	202635832	5.0	49.0
2	204885599	8.0	11.0
2	205637536	7.0	21.0
2	206773661	10.0	81.0
2	206813209	15.0	110.0
2	207915716	29.0	55.0
2	210131977	4.0	31.0
2	210149810	3.0	34.0
2	210236424	7.0	37.0
2	212119139	2.0	38.0
2	214184635	4.0	21.0
2	216496467	1.0	36.0
2	217997901	3.0	43.0
2	220183164	29.0	55.0
2	223011965	1.0	41.0
2	225638469	41.0	95.0
2	226177073	16.0	85.0
2	226669424	5.0	93.0
2	228091707	18.0	111.0
2	229174858	16.0	56.0
2	229372111	7.0	27.0
2	229377486	3.0	9.0
2	229797446	4.0	24.0
2	229829948	7.0	42.0
2	229966844	21.0	49.0
2	232898373	3.0	74.0
2	234307149	41.0	92.0
2	234523553	2.0	44.0
2	234575662	3.0	40.0
2	234643082	1.0	63.0
2	234947737	2.0	36.0
2	236866513	31.0	67.0
2	237498846	41.0	77.0
2	237837230	17.0	39.0
2	238407260	41.0	84.0
2	240756314	30.0	73.0
2	241562842	5.0	11.0
2	242365688	27.0	52.0
20	784487	9.0	73.0
20	1615372	13.0	101.0
20	2152161	41.0	56.0
20	4477325	6.0	67.0
20	7934730	7.0	69.0
20	9601056	19.0	95.0
20	11129170	1.0	26.0
20	15166056	6.0	13.0
20	16505133	5.0	74.0
20	16691210	30.0	65.0
20	19591270	31.0	83.0
20	20354731	28.0	61.0
20	21730118	5.0	28.0
20	24172838	3.0	7.0
20	25162727	5.0	69.0
20	25163283	4.0	69.0
20	25709122	5.0	31.0
20	26288395	3.0	18.0
20	30233117	26.0	45.0
20	31630717	27.0	41.0
20	37514142	34.0	84.0
20	44287801	3.0	61.0
20	48011147	38.0	67.0
20	48813061	4.0	52.0
20	49823188	4.0	60.0
20	50246676	35.0	58.0
20	53680857	1.0	51.0
20	53859187	6.0	17.0
20	54121340	9.0	25.0
20	54769035	24.0	65.0
20	56034214	22.0	72.0
20	56091319	38.0	62.0
20	58939093	38.0	56.0
20	59510348	6.0	54.0
20	59689595	18.0	72.0
20	59909277	44.0	58.0
20	60982989	12.0	66.0
20	60998572	15.0	77.0
20	62041150	7.0	35.0
20	62682940	4.0	90.0
21	10737106	6.0	92.0
21	10829812	2.0	23.0
21	11074829	18.0	389.0
21	16176809	4.0	47.0
21	17286090	3.0	42.0
21	18527185	4.0	51.0
21	18763846	6.0	74.0
21	20440582	4.0	30.0
21	20917600	5.0	80.0
21	21480534	4.0	23.0
21	22110468	8.0	30.0
21	22561273	4.0	51.0
21	24232878	5.0	93.0
21	24293651	5.0	38.0
21	24650912	7.0	15.0
21	27798210	12.0	82.0
21	27892105	2.0	50.0
21	31747281	16.0	85.0
21	32100239	5.0	30.0
21	34629663	18.0	107.0
21	34874674	14.0	109.0
21	36512880	29.0	93.0
21	36556318	5.0	46.0
21	39460602	8.0	77.0
21	40926979	3.0	29.0
21	41679429	3.0	43.0
21	41986369	39.0	68.0
21	42147854	9.0	31.0
21	42321368	10.0	60.0
21	45885569	22.0	64.0
21	46060715	24.0	106.0
21	46586624	11.0	71.0
22	27648578	24.0	62.0
22	29372633	33.0	52.0
22	34720569	23.0	85.0
22	39880880	11.0	90.0
22	41722366	17.0	86.0
22	42307492	29.0	47.0
22	42966962	5.0	88.0
22	43632029	35.0	62.0
22	46396090	15.0	74.0
22	46938346	9.0	83.0
22	48342186	25.0	60.0
22	48966480	8.0	122.0
3	345900	1.0	30.0
3	1831726	4.0	72.0
3	2692683	4.0	51.0
3	3344711	3.0	25.0
3	3454470	2.0	54.0
3	4280960	4.0	37.0
3	5816868	4.0	34.0
3	6143802	3.0	28.0
3	6631558	5.0	60.0
3	7066592	11.0	46.0
3	7981601	3.0	31.0
3	8101831	5.0	41.0
3	12560297	6.0	88.0
3	13181973	36.0	80.0
3	14063142	2.0	24.0
3	17899824	4.0	43.0
3	17940286	4.0	41.0
3	19646164	22.0	38.0
3	20857558	4.0	48.0
3	20925196	3.0	11.0
3	21322429	4.0	52.0
3	21429165	29.0	76.0
3	21768632	4.0	44.0
3	21768638	5.0	46.0
3	22925975	4.0	67.0
3	25017801	2.0	47.0
3	25018131	6.0	49.0
3	26036082	4.0	71.0
3	26231976	2.0	28.0
3	26852479	2.0	12.0
3	26861999	3.0	28.0
3	27581863	28.0	96.0
3	29508381	3.0	21.0
3	32251914	38.0	73.0
3	32321336	3.0	29.0
3	33615129	5.0	36.0
3	34160415	6.0	65.0
3	34790802	23.0	33.0
3	36064197	3.0	28.0
3	36349829	10.0	40.0
3	36592269	6.0	46.0
3	38168732	22.0	112.0
3	39781730	4.0	29.0
3	39791360	18.0	102.0
3	40015287	6.0	60.0
3	43055908	39.0	54.0
3	43844722	1.0	42.0
3	45056208	18.0	88.0
3	45328357	29.0	34.0
3	45575135	27.0	62.0
3	48487792	32.0	67.0
3	50995534	16.0	66.0
3	51432284	21.0	86.0
3	51610177	6.0	61.0
3	52267726	16.0	85.0
3	54363782	5.0	88.0
3	55365587	4.0	49.0
3	56611535	5.0	86.0
3	59046019	4.0	46.0
3	59340772	2.0	23.0
3	59785836	10.0	40.0
3	63153778	8.0	71.0
3	65935040	40.0	42.0
3	67209349	4.0	38.0
3	67811309	5.0	59.0
3	67827659	2.0	59.0
3	67843918	5.0	82.0
3	68322765	2.0	15.0
3	69195578	10.0	42.0
3	72529747	25.0	107.0
3	73151798	15.0	72.0
3	73740811	10.0	71.0
3	75071598	4.0	22.0
3	77016983	12.0	75.0
3	78093516	6.0	19.0
3	79329461	5.0	115.0
3	79402577	5.0	83.0
3	80647529	4.0	42.0
3	80763786	4.0	40.0
3	80777482	21.0	36.0
3	81234995	9.0	62.0
3	81574353	1.0	22.0
3	81906900	8.0	44.0
3	82661122	2.0	34.0
3	83018353	9.0	28.0
3	83391877	5.0	27.0
3	83796397	3.0	15.0
3	83866227	9.0	21.0
3	83986122	18.0	47.0
3	84313208	3.0	28.0
3	84451044	2.0	64.0
3	84470035	3.0	9.0
3	84702896	2.0	25.0
3	84771948	7.0	60.0
3	86147802	1.0	43.0
3	86753782	5.0	54.0
3	87335620	6.0	6.0
3	87759745	18.0	74.0
3	87774892	6.0	98.0
3	88910417	5.0	37.0
3	90422353	5.0	26.0
3	90444922	3.0	13.0
3	90470637	2.0	20.0
3	94733337	1.0	39.0
3	94738937	13.0	45.0
3	95157800	2.0	16.0
3	95157801	2.0	16.0
3	95367903	2.0	81.0
3	95476510	6.0	77.0
3	98100007	5.0	25.0
3	99087265	2.0	20.0
3	99154984	37.0	60.0
3	99311821	4.0	53.0
3	99446963	5.0	17.0
3	99447008	7.0	16.0
3	99447122	1.0	15.0
3	100463502	8.0	21.0
3	102603574	4.0	35.0
3	102973583	8.0	36.0
3	103202844	17.0	74.0
3	103240468	4.0	23.0
3	103315309	11.0	81.0
3	104810789	2.0	29.0
3	107112174	18.0	34.0
3	108461755	12.0	78.0
3	108826171	24.0	83.0
3	108993942	10.0	115.0
3	109058465	38.0	79.0
3	110563300	4.0	29.0
3	113198284	4.0	43.0
3	114710207	1.0	41.0
3	117601685	4.0	37.0
3	117858144	5.0	33.0
3	117943686	3.0	9.0
3	117943688	3.0	9.0
3	118332238	3.0	28.0
3	119455600	49.0	81.0
3	120466708	5.0	62.0
3	120654637	5.0	89.0
3	120751355	3.0	31.0
3	120806917	5.0	35.0
3	121578337	4.0	50.0
3	121623369	5.0	63.0
3	124242094	13.0	27.0
3	125155227	28.0	67.0
3	125572386	5.0	60.0
3	127594732	13.0	111.0
3	127596832	6.0	26.0
3	128810451	46.0	76.0
3	132047334	29.0	70.0
3	134874838	33.0	58.0
3	137152674	4.0	56.0
3	137266837	7.0	41.0
3	137776551	32.0	65.0
3	138888725	2.0	68.0
3	138929240	3.0	35.0
3	139633556	7.0	75.0
3	140908644	41.0	70.0
3	142078069	4.0	82.0
3	142998838	12.0	71.0
3	143341921	5.0	63.0
3	143776199	7.0	107.0
3	143949688	3.0	17.0
3	144742601	3.0	20.0
3	145907787	33.0	67.0
3	146199627	2.0	42.0
3	146205254	3.0	18.0
3	146446278	1.0	24.0
3	146447720	14.0	36.0
3	146781733	2.0	45.0
3	146814921	3.0	16.0
3	148277038	4.0	33.0
3	148520054	4.0	31.0
3	151914193	50.0	87.0
3	152766220	54.0	98.0
3	153986139	4.0	53.0
3	154597116	4.0	44.0
3	154667421	3.0	55.0
3	157542367	25.0	41.0
3	157700956	3.0	17.0
3	157700961	3.0	17.0
3	158226298	3.0	10.0
3	160782726	25.0	46.0
3	162166626	3.0	56.0
3	162527731	7.0	47.0
3	162970088	3.0	15.0
3	163318952	10.0	52.0
3	163659373	4.0	32.0
3	164189983	4.0	12.0
3	164884265	3.0	50.0
3	165680261	1.0	37.0
3	167200233	21.0	38.0
3	169448592	3.0	46.0
3	171235338	4.0	60.0
3	171345716	4.0	33.0
3	174765955	14.0	21.0
3	174803383	22.0	99.0
3	174834342	3.0	17.0
3	175080065	3.0	17.0
3	175132811	18.0	38.0
3	175792893	9.0	19.0
3	176133107	13.0	85.0
3	176915451	9.0	7.0
3	177494463	14.0	24.0
3	180218437	3.0	40.0
3	181097215	10.0	59.0
3	181198732	5.0	47.0
3	188962017	11.0	53.0
3	190673462	5.0	56.0
3	192364342	2.0	18.0
3	195058764	36.0	57.0
3	195725482	5.0	98.0
3	196112741	33.0	52.0
3	197095157	7.0	88.0
4	6727826	2.0	39.0
4	7491103	37.0	93.0
4	10288117	2.0	33.0
4	11015568	34.0	67.0
4	11106387	2.0	43.0
4	12753183	4.0	51.0
4	12981851	30.0	90.0
4	14070133	10.0	41.0
4	14933110	6.0	52.0
4	18778213	13.0	17.0
4	19867153	2.0	58.0
4	19918793	6.0	71.0
4	19919108	3.0	42.0
4	20686711	3.0	30.0
4	20809455	5.0	24.0
4	21357684	5.0	56.0
4	21418918	2.0	16.0
4	21732697	19.0	35.0
4	22600908	19.0	72.0
4	22953898	14.0	63.0
4	22965922	1.0	17.0
4	23099043	2.0	31.0
4	24697590	33.0	81.0
4	27456798	3.0	15.0
4	27997541	3.0	12.0
4	29318967	4.0	31.0
4	30181599	4.0	66.0
4	30979491	10.0	60.0
4	31648520	37.0	71.0
4	32055460	14.0	61.0
4	32413294	5.0	61.0
4	32450052	6.0	27.0
4	32457292	15.0	78.0
4	32468833	4.0	9.0
4	32726140	3.0	20.0
4	33006774	5.0	42.0
4	34877526	3.0	37.0
4	34878666	4.0	40.0
4	34925896	10.0	45.0
4	35420056	3.0	31.0
4	35498064	20.0	73.0
4	35771839	5.0	106.0
4	38446648	1.0	47.0
4	39864608	13.0	40.0
4	40130767	12.0	110.0
4	40930430	5.0	72.0
4	41905352	3.0	63.0
4	43429397	3.0	25.0
4	43578436	4.0	34.0
4	43694200	4.0	41.0
4	44125102	5.0	41.0
4	45406763	16.0	94.0
4	45576132	3.0	54.0
4	45938438	4.0	13.0
4	46177593	5.0	79.0
4	46384190	3.0	12.0
4	46764782	2.0	38.0
4	47261927	5.0	28.0
4	47330335	4.0	39.0
4	47468962	23.0	48.0
4	48403096	4.0	66.0
4	48891979	4.0	41.0
4	49082484	4.0	28.0
4	52817069	2.0	50.0
4	53352886	31.0	63.0
4	54160077	3.0	28.0
4	54184906	10.0	71.0
4	55666751	6.0	29.0
4	58874192	1.0	52.0
4	59272203	6.0	56.0
4	60166768	1.0	79.0
4	60307550	5.0	22.0
4	60583305	3.0	16.0
4	60712185	4.0	45.0
4	60756365	5.0	90.0
4	60951343	3.0	35.0
4	62994293	12.0	83.0
4	64290860	4.0	30.0
4	64448182	3.0	34.0
4	64605791	3.0	47.0
4	65606052	3.0	15.0
4	65606055	2.0	16.0
4	66323807	5.0	72.0
4	66371778	1.0	27.0
4	67147061	8.0	103.0
4	67795399	2.0	51.0
4	67895524	9.0	42.0
4	68163292	6.0	53.0
4	68824452	17.0	57.0
4	68930235	6.0	124.0
4	69803671	3.0	38.0
4	70169522	4.0	47.0
4	70977506	4.0	27.0
4	71033639	6.0	29.0
4	72162365	12.0	74.0
4	72349515	1.0	12.0
4	72349998	3.0	19.0
4	72874583	11.0	62.0
4	73521890	2.0	69.0
4	74190483	6.0	50.0
4	74994990	3.0	15.0
4	75376018	1.0	45.0
4	78329380	3.0	30.0
4	78427048	11.0	76.0
4	78465339	5.0	35.0
4	78614782	4.0	14.0
4	78657275	21.0	34.0
4	80112700	5.0	56.0
4	80192588	2.0	16.0
4	81364009	4.0	55.0
4	81825507	10.0	29.0
4	83275565	29.0	69.0
4	83633428	4.0	31.0
4	84803247	32.0	79.0
4	85130549	3.0	12.0
4	87829351	5.0	93.0
4	88405488	3.0	41.0
4	88487369	3.0	25.0
4	90770879	5.0	99.0
4	91497919	8.0	30.0
4	92003313	4.0	45.0
4	92071131	4.0	55.0
4	92083970	5.0	61.0
4	92627861	4.0	28.0
4	92627868	4.0	31.0
4	93004971	4.0	38.0
4	93840545	6.0	87.0
4	93862267	6.0	48.0
4	94540609	11.0	17.0
4	95243549	4.0	75.0
4	97501108	4.0	29.0
4	98193992	3.0	39.0
4	98434012	16.0	27.0
4	98753146	4.0	50.0
4	98785445	8.0	49.0
4	100103890	5.0	69.0
4	100150875	4.0	72.0
4	100623472	4.0	58.0
4	100867004	36.0	64.0
4	101706209	19.0	77.0
4	101827244	4.0	22.0
4	103844628	5.0	61.0
4	104281309	33.0	74.0
4	104318794	3.0	25.0
4	104771490	2.0	29.0
4	105298500	5.0	54.0
4	105462031	2.0	38.0
4	105485137	4.0	37.0
4	105856487	1.0	40.0
4	106244894	2.0	35.0
4	106783999	5.0	77.0
4	106806510	6.0	54.0
4	107481337	4.0	34.0
4	108433749	2.0	34.0
4	108433750	2.0	33.0
4	108883238	7.0	79.0
4	109428212	5.0	77.0
4	109437186	3.0	39.0
4	110503769	5.0	65.0
4	110788505	12.0	71.0
4	110813057	1.0	10.0
4	110921416	8.0	85.0
4	111729192	3.0	22.0
4	112245796	4.0	39.0
4	112576795	10.0	106.0
4	114240361	9.0	56.0
4	114860727	4.0	41.0
4	116441419	1.0	41.0
4	117566594	4.0	3.0
4	118602552	5.0	38.0
4	118944990	3.0	5.0
4	119699062	6.0	61.0
4	121451986	5.0	24.0
4	121878113	30.0	33.0
4	122147411	3.0	38.0
4	123408659	12.0	31.0
4	125059618	6.0	51.0
4	126600345	6.0	63.0
4	128121664	4.0	29.0
4	128222800	5.0	27.0
4	130969921	6.0	62.0
4	131675093	4.0	28.0
4	131715409	14.0	31.0
4	131924998	6.0	18.0
4	132342811	2.0	31.0
4	132481043	22.0	41.0
4	134881217	27.0	58.0
4	134970778	21.0	57.0
4	135823043	4.0	40.0
4	135995821	3.0	15.0
4	136485101	20.0	43.0
4	136769460	1.0	20.0
4	136769461	1.0	18.0
4	136939381	16.0	93.0
4	137282690	4.0	60.0
4	137764906	2.0	73.0
4	138209222	11.0	72.0
4	139311967	4.0	54.0
4	141718022	44.0	71.0
4	142078741	29.0	65.0
4	142828540	8.0	68.0
4	142910342	3.0	28.0
4	142991091	6.0	73.0
4	144236203	11.0	63.0
4	144370681	4.0	39.0
4	144723567	5.0	50.0
4	144980313	1.0	90.0
4	144983758	11.0	101.0
4	145345426	18.0	22.0
4	148108980	4.0	54.0
4	149511293	42.0	65.0
4	149899136	4.0	42.0
4	150594660	3.0	22.0
4	153828030	12.0	76.0
4	154044402	5.0	78.0
4	154866510	19.0	80.0
4	155014867	3.0	25.0
4	155015154	4.0	17.0
4	155025393	4.0	38.0
4	155695171	3.0	42.0
4	158161885	5.0	23.0
4	158503493	7.0	92.0
4	158543390	5.0	24.0
4	159410453	2.0	31.0
4	159910231	5.0	40.0
4	160851908	6.0	49.0
4	161599463	7.0	82.0
4	161804731	6.0	40.0
4	161892028	35.0	74.0
4	162335103	6.0	31.0
4	162414451	4.0	67.0
4	163940066	2.0	26.0
4	164475409	20.0	48.0
4	164511075	4.0	10.0
4	164578202	3.0	20.0
4	166819133	3.0	55.0
4	167599882	5.0	9.0
4	167868135	9.0	60.0
4	168702647	3.0	19.0
4	170465071	3.0	21.0
4	171276233	15.0	70.0
4	171535492	19.0	113.0
4	172233356	1.0	19.0
4	172233357	2.0	19.0
4	172539582	15.0	18.0
4	173073154	27.0	69.0
4	173099991	1.0	15.0
4	175737786	9.0	56.0
4	176224479	19.0	80.0
4	177634276	14.0	58.0
4	179042646	2.0	12.0
4	179434960	4.0	45.0
4	179437601	3.0	6.0
4	180542957	13.0	20.0
4	181147451	13.0	59.0
4	181281501	4.0	38.0
4	181293301	9.0	69.0
4	182346936	39.0	80.0
4	182886388	11.0	25.0
4	185101327	2.0	76.0
4	185177042	32.0	84.0
4	186852849	18.0	44.0
4	189561361	6.0	34.0
4	189576278	22.0	99.0
4	189692845	5.0	45.0
4	190473618	17.0	85.0
4	190526712	22.0	97.0
5	529943	34.0	64.0
5	3950714	7.0	53.0
5	4068465	5.0	47.0
5	4172045	25.0	111.0
5	4715084	4.0	43.0
5	4771394	4.0	66.0
5	5700864	25.0	40.0
5	5874266	17.0	44.0
5	7481953	18.0	61.0
5	8071208	46.0	82.0
5	8714197	2.0	36.0
5	9745604	4.0	26.0
5	11574509	6.0	22.0
5	15361274	4.0	48.0
5	15795536	10.0	27.0
5	16853812	4.0	77.0
5	19002611	9.0	19.0
5	19224587	6.0	52.0
5	21622670	6.0	11.0
5	23191427	3.0	41.0
5	23229198	6.0	23.0
5	24038951	3.0	32.0
5	24426823	8.0	31.0
5	24585688	43.0	68.0
5	25113870	1.0	37.0
5	25308305	7.0	83.0
5	25358451	18.0	80.0
5	26134597	2.0	35.0
5	26458418	1.0	18.0
5	26519703	16.0	32.0
5	27858723	7.0	34.0
5	28211098	7.0	167.0
5	29245953	3.0	31.0
5	31616255	6.0	99.0
5	32946270	32.0	57.0
5	35436124	7.0	30.0
5	36850730	4.0	50.0
5	37275902	4.0	70.0
5	37445065	13.0	84.0
5	37882000	4.0	62.0
5	39240018	1.0	26.0
5	40297568	4.0	37.0
5	40299639	4.0	45.0
5	40300171	3.0	27.0
5	40708037	5.0	53.0
5	41073780	4.0	35.0
5	41355821	18.0	71.0
5	41370286	6.0	94.0
5	42936863	5.0	41.0
5	43426118	22.0	90.0
5	43429321	5.0	95.0
5	43809004	3.0	37.0
5	45545268	2.0	50.0
5	45762475	3.0	89.0
5	45882432	4.0	57.0
5	45883783	5.0	53.0
5	46152216	2.0	10.0
5	46311730	3.0	15.0
5	49458702	3.0	25.0
5	49467666	5.0	68.0
5	49549994	2.0	22.0
5	49549997	2.0	20.0
5	49751963	4.0	60.0
5	50269061	13.0	79.0
5	50808440	2.0	37.0
5	51054463	5.0	21.0
5	51865160	4.0	33.0
5	52758575	18.0	42.0
5	52916639	25.0	69.0
5	55108246	15.0	103.0
5	55142375	41.0	63.0
5	55520932	4.0	64.0
5	57241225	2.0	22.0
5	57241846	3.0	20.0
5	59721390	5.0	47.0
5	62137911	6.0	52.0
5	62729328	23.0	43.0
5	62822207	2.0	28.0
5	63305912	5.0	13.0
5	63403738	1.0	20.0
5	63761483	2.0	40.0
5	64570711	37.0	72.0
5	65181505	24.0	73.0
5	65405346	4.0	56.0
5	66863885	2.0	56.0
5	67080899	6.0	45.0
5	71997603	4.0	64.0
5	73441018	21.0	106.0
5	74431154	4.0	52.0
5	74537087	19.0	81.0
5	75308624	4.0	45.0
5	80364155	19.0	43.0
5	81429603	4.0	61.0
5	81848229	15.0	17.0
5	81985698	14.0	35.0
5	82243995	4.0	37.0
5	83928065	6.0	57.0
5	84541186	16.0	44.0
5	85356757	4.0	45.0
5	85374731	4.0	53.0
5	85375092	6.0	40.0
5	86070911	4.0	55.0
5	86143010	2.0	35.0
5	87180944	5.0	23.0
5	87465079	4.0	55.0
5	88887435	11.0	75.0
5	89222924	3.0	27.0
5	89335885	6.0	68.0
5	91307638	6.0	121.0
5	91581313	2.0	53.0
5	94159477	3.0	41.0
5	94730408	7.0	103.0
5	95636671	6.0	59.0
5	95636695	6.0	63.0
5	96629840	1.0	34.0
5	97366332	10.0	74.0
5	99022588	5.0	18.0
5	100097414	14.0	38.0
5	103732350	1.0	16.0
5	104185735	4.0	40.0
5	104186617	2.0	39.0
5	106476054	2.0	29.0
5	107374875	12.0	17.0
5	109460765	1.0	18.0
5	109464893	3.0	14.0
5	109466353	1.0	10.0
5	109769356	5.0	18.0
5	110321636	30.0	97.0
5	110631101	13.0	43.0
5	110904242	6.0	56.0
5	111567468	4.0	39.0
5	111842073	5.0	56.0
5	112748134	3.0	39.0
5	113438597	4.0	52.0
5	114329649	8.0	26.0
5	115441708	6.0	115.0
5	115487686	3.0	34.0
5	115980714	17.0	72.0
5	116758551	16.0	61.0
5	117041272	1.0	23.0
5	117241857	4.0	70.0
5	119638396	3.0	38.0
5	121968588	6.0	49.0
5	122441938	11.0	18.0
5	123670281	13.0	51.0
5	124196697	18.0	49.0
5	125011580	3.0	42.0
5	125485997	5.0	38.0
5	125748368	2.0	13.0
5	129581914	2.0	73.0
5	129729193	4.0	40.0
5	129729639	4.0	54.0
5	129971696	19.0	83.0
5	130252326	13.0	33.0
5	130427020	2.0	70.0
5	132054464	24.0	95.0
5	132503111	4.0	63.0
5	133338007	27.0	66.0
5	133517200	7.0	96.0
5	135690414	24.0	44.0
5	136010163	19.0	72.0
5	136186858	2.0	66.0
5	140275610	37.0	82.0
5	143906777	13.0	25.0
5	144065414	5.0	49.0
5	144289135	2.0	39.0
5	146758350	4.0	22.0
5	147404178	3.0	34.0
5	154816241	10.0	52.0
5	155865796	4.0	15.0
5	156006002	6.0	57.0
5	156257245	15.0	25.0
5	157025283	15.0	96.0
5	157152334	4.0	56.0
5	157867060	5.0	54.0
5	158913768	13.0	55.0
5	159874386	3.0	28.0
5	160077591	17.0	87.0
5	161095427	9.0	18.0
5	162303104	3.0	8.0
5	163191459	6.0	26.0
5	163388142	3.0	16.0
5	164611222	6.0	69.0
5	164812619	26.0	38.0
5	165024187	4.0	34.0
5	165466124	6.0	74.0
5	167119061	6.0	27.0
5	169607117	36.0	73.0
5	172098998	21.0	52.0
5	172102018	9.0	94.0
5	172192197	28.0	75.0
5	173515739	18.0	100.0
5	174632230	24.0	54.0
5	174781790	13.0	82.0
5	175047518	17.0	40.0
5	180440244	9.0	30.0
5	180668719	9.0	88.0
6	277179	16.0	210.0
6	3271059	33.0	46.0
6	3830119	18.0	78.0
6	4252627	6.0	50.0
6	4763904	8.0	83.0
6	4831977	6.0	84.0
6	5914274	4.0	42.0
6	5914361	4.0	47.0
6	10807580	7.0	90.0
6	11907325	4.0	35.0
6	12984007	4.0	76.0
6	13372679	33.0	76.0
6	13693384	37.0	82.0
6	17079792	4.0	28.0
6	18233263	4.0	49.0
6	19577547	25.0	66.0
6	22106789	11.0	50.0
6	22168270	5.0	41.0
6	22660913	5.0	35.0
6	23921774	31.0	58.0
6	25210802	6.0	66.0
6	25807221	4.0	39.0
6	27223004	25.0	75.0
6	27589120	39.0	87.0
6	27985523	8.0	25.0
6	28683367	12.0	124.0
6	29250889	2.0	49.0
6	33273507	35.0	62.0
6	33279501	35.0	88.0
6	33303445	5.0	116.0
6	33919924	37.0	91.0
6	34073784	13.0	68.0
6	36925150	5.0	85.0
6	37087623	20.0	97.0
6	42341832	24.0	67.0
6	44732065	6.0	54.0
6	45619727	24.0	68.0
6	47822988	4.0	23.0
6	48460212	5.0	14.0
6	49639390	5.0	27.0
6	50317552	4.0	43.0
6	50400575	40.0	66.0
6	50614982	5.0	55.0
6	52224527	18.0	85.0
6	52676173	12.0	92.0
6	54324819	3.0	20.0
6	55208684	5.0	66.0
6	55477063	3.0	28.0
6	56812819	13.0	73.0
6	58604469	6.0	37.0
6	58647346	2.0	31.0
6	58758521	2.0	20.0
6	58758525	2.0	25.0
6	62100799	5.0	39.0
6	63205087	4.0	60.0
6	63616907	14.0	79.0
6	64283798	20.0	69.0
6	64585369	4.0	56.0
6	66462455	4.0	33.0
6	66742038	5.0	94.0
6	66880375	4.0	26.0
6	67580813	6.0	37.0
6	69239217	7.0	49.0
6	69848952	11.0	47.0
6	70272308	14.0	55.0
6	72245949	4.0	40.0
6	72620614	5.0	38.0
6	73202665	4.0	22.0
6	75709221	2.0	20.0
6	75718462	4.0	39.0
6	75718463	4.0	40.0
6	76740682	35.0	77.0
6	78821585	4.0	22.0
6	79253762	4.0	44.0
6	79253793	4.0	48.0
6	81117322	1.0	51.0
6	81326830	4.0	39.0
6	81996448	4.0	40.0
6	83347562	4.0	26.0
6	84209655	4.0	45.0
6	84655485	3.0	53.0
6	84656902	4.0	42.0
6	84661399	5.0	27.0
6	85186710	4.0	66.0
6	85386768	5.0	100.0
6	86530925	5.0	62.0
6	86772588	5.0	78.0
6	86950402	3.0	42.0
6	87011147	4.0	32.0
6	87262886	4.0	55.0
6	87361390	6.0	18.0
6	87706951	27.0	37.0
6	87715356	8.0	55.0
6	89130466	35.0	57.0
6	91275396	4.0	52.0
6	91337231	1.0	29.0
6	91898990	2.0	38.0
6	92435438	4.0	24.0
6	92489347	5.0	17.0
6	92503928	4.0	22.0
6	94052191	4.0	3.0
6	94715079	3.0	24.0
6	95497060	12.0	51.0
6	95566578	3.0	24.0
6	96363042	17.0	27.0
6	97430447	3.0	24.0
6	98246785	5.0	73.0
6	98872040	4.0	33.0
6	99048420	17.0	87.0
6	102322325	6.0	48.0
6	102722393	25.0	59.0
6	102770632	4.0	33.0
6	103633560	8.0	87.0
6	104137402	2.0	12.0
6	104540237	4.0	39.0
6	107284549	27.0	60.0
6	109135627	4.0	54.0
6	109136483	4.0	60.0
6	109432969	5.0	68.0
6	109534339	15.0	56.0
6	109858145	5.0	52.0
6	109899290	42.0	84.0
6	110722796	33.0	68.0
6	111957291	5.0	83.0
6	113068678	8.0	13.0
6	115048551	20.0	39.0
6	115547569	3.0	34.0
6	116267787	2.0	15.0
6	116267799	3.0	20.0
6	116809670	4.0	35.0
6	117401956	3.0	27.0
6	117541313	1.0	26.0
6	117541318	3.0	27.0
6	117656344	3.0	29.0
6	118932059	8.0	64.0
6	120808235	27.0	49.0
6	121332667	5.0	41.0
6	121520409	19.0	94.0
6	121608508	4.0	56.0
6	121964613	4.0	41.0
6	121964615	4.0	44.0
6	124562392	3.0	36.0
6	125170277	18.0	96.0
6	126884489	6.0	40.0
6	127173321	4.0	62.0
6	127489355	3.0	21.0
6	127489932	5.0	16.0
6	127580202	5.0	50.0
6	128479193	3.0	16.0
6	128842203	29.0	70.0
6	128961656	9.0	50.0
6	129098139	1.0	41.0
6	130160736	5.0	43.0
6	130161007	2.0	59.0
6	130203277	28.0	58.0
6	130420016	4.0	48.0
6	130790469	4.0	57.0
6	132504784	3.0	37.0
6	133203575	28.0	83.0
6	133302720	4.0	34.0
6	133304648	4.0	57.0
6	134255177	1.0	53.0
6	136259960	35.0	53.0
6	136262701	6.0	37.0
6	137630174	16.0	88.0
6	137946278	6.0	94.0
6	140249428	18.0	74.0
6	142944591	13.0	68.0
6	147116592	4.0	42.0
6	147735627	36.0	51.0
6	147850387	5.0	70.0
6	148638573	44.0	73.0
6	148788556	34.0	78.0
6	152797250	28.0	53.0
6	155616105	5.0	116.0
6	155889676	1.0	13.0
6	158823145	32.0	54.0
6	160237151	9.0	4.0
6	161251848	1.0	21.0
6	162077455	8.0	87.0
6	162416911	5.0	16.0
6	164475778	13.0	31.0
6	164613778	4.0	77.0
6	164894435	4.0	20.0
6	165362984	4.0	50.0
6	165416373	4.0	64.0
6	166160009	30.0	57.0
6	167318245	14.0	99.0
6	167676524	4.0	55.0
6	168635179	4.0	18.0
6	169278597	7.0	30.0
6	170052972	35.0	97.0
7	1056545	8.0	32.0
7	3167289	4.0	37.0
7	3225111	12.0	57.0
7	3349264	4.0	13.0
7	3874346	12.0	30.0
7	5638832	17.0	80.0
7	5864551	6.0	65.0
7	6564433	5.0	71.0
7	8919271	3.0	29.0
7	9287290	4.0	21.0
7	9529125	3.0	36.0
7	9787091	4.0	28.0
7	10091323	2.0	28.0
7	10127751	4.0	20.0
7	11324159	4.0	36.0
7	11643231	4.0	30.0
7	12181685	1.0	38.0
7	12882968	6.0	53.0
7	13922209	7.0	6.0
7	14721059	3.0	7.0
7	16291259	5.0	72.0
7	17510840	4.0	63.0
7	20111773	4.0	42.0
7	20925865	5.0	66.0
7	21093905	37.0	97.0
7	21579182	8.0	60.0
7	21663556	5.0	46.0
7	21719484	6.0	42.0
7	28237582	23.0	51.0
7	32232007	15.0	44.0
7	33525088	16.0	111.0
7	33864860	13.0	54.0
7	34028615	2.0	38.0
7	34502067	4.0	55.0
7	35366847	16.0	40.0
7	35621441	32.0	55.0
7	36084572	22.0	49.0
7	40545172	8.0	65.0
7	41848811	12.0	50.0
7	42841430	2.0	34.0
7	45406424	28.0	48.0
7	45503270	1.0	41.0
7	46229859	13.0	83.0
7	46346629	1.0	34.0
7	47738947	13.0	42.0
7	48352683	13.0	38.0
7	48514890	13.0	75.0
7	48769206	3.0	38.0
7	48769240	4.0	39.0
7	48769967	4.0	43.0
7	49172913	5.0	42.0
7	49219531	2.0	25.0
7	50111224	10.0	92.0
7	52325160	20.0	47.0
7	52800104	13.0	72.0
7	52999685	15.0	27.0
7	53353862	6.0	64.0
7	53382700	8.0	74.0
7	54174572	10.0	65.0
7	54768404	11.0	99.0
7	54991221	5.0	61.0
7	55487705	38.0	55.0
7	55522655	4.0	48.0
7	55766735	19.0	63.0
7	57235210	24.0	52.0
7	57609606	13.0	56.0
7	58002137	2.0	12.0
7	62054535	4.0	37.0
7	62102052	2.0	19.0
7	62160694	3.0	23.0
7	62162719	4.0	18.0
7	62166364	3.0	29.0
7	62174749	2.0	14.0
7	62198912	4.0	49.0
7	62628341	17.0	51.0
7	63226898	41.0	69.0
7	63297616	15.0	63.0
7	63407584	3.0	41.0
7	63683874	14.0	96.0
7	64732667	41.0	78.0
7	66151999	8.0	90.0
7	67187079	9.0	75.0
7	67616115	5.0	89.0
7	68155824	10.0	71.0
7	70889320	15.0	77.0
7	72124630	46.0	90.0
7	78178498	35.0	47.0
7	81072911	2.0	15.0
7	82212798	3.0	27.0
7	83869607	4.0	50.0
7	84360053	3.0	27.0
7	84586620	3.0	23.0
7	85674795	3.0	12.0
7	86889094	4.0	38.0
7	88352343	5.0	9.0
7	89129556	6.0	51.0
7	92550345	3.0	43.0
7	93099597	2.0	14.0
7	93649868	4.0	42.0
7	94594927	3.0	41.0
7	94612134	5.0	80.0
7	95833089	9.0	73.0
7	96312142	3.0	17.0
7	99070859	12.0	86.0
7	103951770	32.0	73.0
7	105621104	4.0	45.0
7	106078049	5.0	55.0
7	107914641	3.0	54.0
7	108057931	18.0	24.0
7	108735745	3.0	37.0
7	109329809	4.0	49.0
7	109555673	2.0	20.0
7	109992333	4.0	40.0
7	112282905	4.0	44.0
7	113157728	4.0	27.0
7	113213533	6.0	64.0
7	117291955	11.0	21.0
7	117689374	3.0	11.0
7	117767715	4.0	44.0
7	117808368	4.0	30.0
7	119059372	10.0	5.0
7	119184728	15.0	32.0
7	119276010	3.0	27.0
7	120310817	21.0	91.0
7	121157162	4.0	11.0
7	123664564	3.0	17.0
7	123812576	2.0	29.0
7	123984513	3.0	23.0
7	124768515	6.0	66.0
7	125153377	1.0	17.0
7	125754508	5.0	24.0
7	126664956	12.0	23.0
7	127149894	22.0	94.0
7	128576638	6.0	110.0
7	128829096	11.0	66.0
7	129052258	22.0	70.0
7	129129892	13.0	79.0
7	129825973	29.0	58.0
7	131460686	5.0	90.0
7	132451980	15.0	63.0
7	134665761	4.0	78.0
7	135796811	4.0	64.0
7	136663491	2.0	24.0
7	144023537	20.0	41.0
7	144035430	12.0	45.0
7	144913296	2.0	60.0
7	146265217	38.0	54.0
7	150065267	50.0	72.0
7	151759516	5.0	44.0
7	152748760	7.0	41.0
7	153739528	31.0	70.0
7	155301282	14.0	57.0
7	156050496	27.0	63.0
7	157777898	6.0	118.0
8	1511441	7.0	5.0
8	2152645	25.0	81.0
8	3881337	20.0	37.0
8	4407545	28.0	44.0
8	4606145	6.0	83.0
8	4869189	3.0	36.0
8	5631539	12.0	57.0
8	5741506	3.0	26.0
8	5975149	3.0	48.0
8	6293173	16.0	56.0
8	9046683	4.0	85.0
8	10707481	13.0	77.0
8	11197712	9.0	47.0
8	11674407	2.0	49.0
8	11674411	1.0	45.0
8	13861146	3.0	24.0
8	13932824	2.0	18.0
8	14346939	4.0	58.0
8	14798272	2.0	8.0
8	16194374	1.0	42.0
8	17115202	13.0	44.0
8	17966851	16.0	72.0
8	19510690	23.0	64.0
8	21556371	10.0	64.0
8	23181752	27.0	97.0
8	23595402	11.0	59.0
8	24017511	4.0	31.0
8	24175810	3.0	9.0
8	26330949	48.0	81.0
8	27198212	23.0	72.0
8	27948085	24.0	61.0
8	28784700	5.0	76.0
8	31205180	5.0	14.0
8	31368388	2.0	29.0
8	31834625	4.0	8.0
8	31850968	3.0	9.0
8	32878030	3.0	25.0
8	34316314	4.0	33.0
8	35360237	16.0	80.0
8	35642319	41.0	71.0
8	35843670	4.0	39.0
8	39643593	19.0	25.0
8	43402928	21.0	69.0
8	43502381	3.0	22.0
8	43504198	5.0	22.0
8	43603228	3.0	15.0
8	46912807	2.0	39.0
8	47427975	3.0	24.0
8	47744816	5.0	51.0
8	48234469	3.0	49.0
8	48316701	7.0	58.0
8	50185809	5.0	67.0
8	51584414	3.0	28.0
8	51673284	4.0	25.0
8	52039413	4.0	10.0
8	52305364	6.0	30.0
8	52500006	7.0	30.0
8	54021787	3.0	52.0
8	55167808	18.0	94.0
8	55482958	4.0	76.0
8	55999145	11.0	58.0
8	56292572	21.0	104.0
8	57060836	7.0	59.0
8	57256726	4.0	36.0
8	57987621	3.0	51.0
8	58180322	17.0	18.0
8	58235318	4.0	62.0
8	58399054	3.0	31.0
8	58738827	34.0	81.0
8	59706837	1.0	26.0
8	60297897	3.0	47.0
8	60550353	25.0	41.0
8	60799586	3.0	43.0
8	63193499	4.0	54.0
8	63193689	5.0	40.0
8	63359224	5.0	44.0
8	64511030	23.0	36.0
8	64570525	7.0	53.0
8	65349993	5.0	50.0
8	65427735	29.0	47.0
8	65477108	4.0	15.0
8	65892801	2.0	33.0
8	66429196	10.0	27.0
8	70198247	2.0	28.0
8	72296976	3.0	27.0
8	72367612	5.0	51.0
8	73600176	7.0	56.0
8	74126185	20.0	98.0
8	74792771	40.0	61.0
8	75387237	3.0	51.0
8	75473540	8.0	12.0
8	75482057	7.0	24.0
8	75970210	2.0	13.0
8	75973041	1.0	33.0
8	76839547	22.0	41.0
8	77195986	5.0	49.0
8	78599876	22.0	84.0
8	80029565	4.0	35.0
8	80791138	34.0	58.0
8	83056807	13.0	26.0
8	83997754	6.0	88.0
8	84289484	33.0	83.0
8	84661272	8.0	13.0
8	84903834	2.0	33.0
8	85754166	5.0	67.0
8	85915204	16.0	41.0
8	87891901	26.0	73.0
8	89016456	6.0	34.0
8	89264441	3.0	20.0
8	89449663	41.0	80.0
8	91067884	8.0	88.0
8	94053894	15.0	29.0
8	94482198	4.0	56.0
8	94498552	4.0	66.0
8	96131620	4.0	44.0
8	96780150	5.0	23.0
8	96826531	3.0	42.0
8	97190158	5.0	67.0
8	97190160	6.0	61.0
8	98729751	35.0	67.0
8	99513729	5.0	51.0
8	99884717	5.0	37.0
8	100436584	4.0	35.0
8	101125397	2.0	41.0
8	102603877	25.0	56.0
8	103533191	9.0	70.0
8	104126986	18.0	20.0
8	104379277	4.0	53.0
8	106097863	3.0	8.0
8	106098483	3.0	12.0
8	106662756	4.0	45.0
8	106891045	33.0	74.0
8	108074953	5.0	66.0
8	108807940	21.0	39.0
8	111041783	3.0	29.0
8	112603049	34.0	70.0
8	112730309	6.0	14.0
8	113240971	34.0	66.0
8	114306109	8.0	12.0
8	115475631	19.0	58.0
8	115744658	2.0	13.0
8	117136979	8.0	67.0
8	117381146	3.0	33.0
8	117426269	5.0	76.0
8	118262179	10.0	45.0
8	118502165	2.0	49.0
8	119137853	12.0	81.0
8	119748365	6.0	23.0
8	121196097	43.0	56.0
8	121491763	16.0	60.0
8	122330165	17.0	38.0
8	122787343	7.0	96.0
8	126966043	2.0	19.0
8	129024673	15.0	21.0
8	129114478	15.0	86.0
8	129711327	29.0	109.0
8	129758278	3.0	44.0
8	130002755	5.0	50.0
8	130376552	8.0	19.0
8	132311080	13.0	45.0
8	134976868	16.0	57.0
8	135338735	36.0	53.0
8	137370782	2.0	18.0
8	137398480	4.0	15.0
8	137902387	6.0	36.0
8	139921758	13.0	94.0
8	140293624	11.0	57.0
8	142887098	38.0	68.0
8	143164415	4.0	16.0
8	143941990	32.0	49.0
9	1704801	7.0	106.0
9	3316016	5.0	59.0
9	4453319	3.0	38.0
9	5254879	4.0	38.0
9	8045306	2.0	18.0
9	8047918	3.0	14.0
9	9081479	1.0	21.0
9	9243226	1.0	29.0
9	9621663	5.0	87.0
9	10096387	3.0	18.0
9	10541492	23.0	62.0
9	10846380	2.0	31.0
9	12172288	9.0	34.0
9	12423372	4.0	20.0
9	12450241	4.0	36.0
9	12867191	4.0	40.0
9	16204131	17.0	110.0
9	16658549	8.0	64.0
9	17548040	4.0	38.0
9	18952152	22.0	33.0
9	19501638	4.0	50.0
9	21036219	8.0	17.0
9	22333706	1.0	11.0
9	22387632	13.0	11.0
9	22759447	4.0	28.0
9	22759585	4.0	43.0
9	23336770	6.0	62.0
9	23527463	3.0	12.0
9	24050370	4.0	5.0
9	24665159	4.0	70.0
9	26402936	3.0	9.0
9	26496721	3.0	43.0
9	28090694	4.0	37.0
9	28410858	3.0	17.0
9	28590282	4.0	29.0
9	28979087	5.0	13.0
9	29828987	4.0	83.0
9	29875690	5.0	85.0
9	30221954	5.0	16.0
9	30239421	5.0	16.0
9	33013239	36.0	73.0
9	33275618	17.0	81.0
9	34552627	21.0	68.0
9	37217795	10.0	108.0
9	38343096	16.0	102.0
9	75679846	8.0	79.0
9	76319784	5.0	2.0
9	77937748	4.0	52.0
9	78066443	4.0	38.0
9	79095811	37.0	95.0
9	81268678	4.0	19.0
9	81832055	21.0	45.0
9	81832067	21.0	45.0
9	81842717	14.0	81.0
9	82222036	5.0	47.0
9	82736852	5.0	54.0
9	85004303	22.0	51.0
9	88426314	11.0	13.0
9	89283300	37.0	32.0
9	89613160	20.0	33.0
9	89986365	6.0	98.0
9	91216213	5.0	75.0
9	93281095	16.0	64.0
9	93327220	8.0	90.0
9	94230519	5.0	55.0
9	98166560	1.0	34.0
9	98999070	11.0	71.0
9	102257799	9.0	47.0
9	102714691	5.0	10.0
9	104122590	6.0	32.0
9	104138822	27.0	100.0
9	104826257	20.0	40.0
9	105556097	3.0	19.0
9	105750796	19.0	58.0
9	106709894	5.0	11.0
9	111683565	9.0	56.0
9	112439888	7.0	72.0
9	114713221	38.0	48.0
9	116353020	5.0	80.0
9	121895320	1.0	20.0
9	122102013	4.0	85.0
9	122554457	6.0	4.0
9	125477250	4.0	56.0
9	133775723	9.0	102.0
9	135696659	19.0	74.0
9	140263272	8.0	62.0
X	314729	11.0	64.0
X	3406487	3.0	22.0
X	4249241	23.0	21.0
X	5372464	1.0	17.0
X	6307039	4.0	47.0
X	6350014	19.0	23.0
X	7428753	2.0	10.0
X	8162713	5.0	43.0
X	8967684	6.0	41.0
X	9457412	17.0	33.0
X	11269890	14.0	6.0
X	11837714	42.0	22.0
X	18056257	3.0	11.0
X	21282776	3.0	16.0
X	21648830	1.0	51.0
X	22890846	3.0	9.0
X	23580006	2.0	22.0
X	23905596	33.0	17.0
X	26438923	4.0	37.0
X	26750189	3.0	24.0
X	28998647	9.0	21.0
X	29494546	17.0	33.0
X	30327669	4.0	42.0
X	32275824	3.0	27.0
X	33623516	3.0	31.0
X	34969961	2.0	32.0
X	36166953	23.0	22.0
X	37370473	4.0	12.0
X	39207875	3.0	15.0
X	45967632	3.0	18.0
X	47333068	37.0	11.0
X	50719430	3.0	35.0
X	51865404	2.0	43.0
X	54692447	3.0	24.0
X	54939067	1.0	23.0
X	54940333	2.0	12.0
X	55000073	2.0	12.0
X	55704875	3.0	14.0
X	55792479	5.0	10.0
X	56322649	2.0	29.0
X	56451511	5.0	23.0
X	56856360	3.0	24.0
X	56995561	4.0	45.0
X	57051258	2.0	16.0
X	57388575	4.0	18.0
X	57388585	4.0	18.0
X	57496593	2.0	20.0
X	57596464	5.0	45.0
X	57640130	4.0	19.0
X	57690458	2.0	11.0
X	57753416	4.0	35.0
X	58427536	7.0	20.0
X	58558419	3.0	16.0
X	61781052	2.0	11.0
X	62134062	10.0	7.0
X	62763981	2.0	15.0
X	63329510	3.0	21.0
X	63505762	3.0	30.0
X	63587484	2.0	20.0
X	63727988	4.0	35.0
X	63758629	4.0	29.0
X	63758634	5.0	32.0
X	63802019	9.0	27.0
X	63821681	2.0	23.0
X	63822316	2.0	29.0
X	63822330	5.0	26.0
X	63983146	3.0	8.0
X	64036488	5.0	12.0
X	64102008	4.0	29.0
X	64108205	2.0	22.0
X	64158177	2.0	18.0
X	64161668	3.0	27.0
X	64340348	1.0	20.0
X	64981197	3.0	15.0
X	65073801	4.0	32.0
X	65225787	10.0	10.0
X	65650049	1.0	14.0
X	65803136	4.0	12.0
X	65942684	4.0	28.0
X	66032968	11.0	19.0
X	66195681	1.0	32.0
X	66195682	1.0	32.0
X	66407434	1.0	23.0
X	66438577	2.0	23.0
X	66611025	1.0	19.0
X	66611280	4.0	28.0
X	68441333	9.0	34.0
X	68702774	1.0	17.0
X	72205996	4.0	35.0
X	72626146	1.0	18.0
X	72626148	1.0	19.0
X	73477472	17.0	10.0
X	74263333	3.0	30.0
X	74482124	4.0	23.0
X	74483019	2.0	22.0
X	74488025	2.0	20.0
X	74489718	1.0	19.0
X	75792771	1.0	14.0
X	75792774	1.0	14.0
X	76161827	5.0	41.0
X	76412439	4.0	31.0
X	77931876	6.0	16.0
X	78449358	1.0	7.0
X	78455810	1.0	16.0
X	79316850	2.0	33.0
X	79490126	26.0	9.0
X	79576930	2.0	37.0
X	80325371	3.0	15.0
X	80523583	2.0	24.0
X	80728043	2.0	21.0
X	80944746	4.0	28.0
X	81230326	4.0	21.0
X	81268634	11.0	10.0
X	81541732	16.0	20.0
X	82140490	2.0	13.0
X	82352083	7.0	31.0
X	83211540	6.0	29.0
X	83966199	3.0	11.0
X	83967682	3.0	10.0
X	83967727	6.0	7.0
X	83967768	4.0	6.0
X	83967824	3.0	10.0
X	84539007	2.0	12.0
X	84573201	2.0	5.0
X	84973505	1.0	14.0
X	84997526	2.0	10.0
X	86513162	4.0	19.0
X	86581515	4.0	26.0
X	86754560	3.0	14.0
X	86914985	16.0	31.0
X	87365360	6.0	36.0
X	87573199	2.0	18.0
X	90551233	3.0	28.0
X	90551234	2.0	29.0
X	91660909	14.0	28.0
X	93166010	20.0	17.0
X	93563484	5.0	32.0
X	94094992	2.0	17.0
X	94868887	4.0	25.0
X	95063574	6.0	13.0
X	95109761	2.0	9.0
X	95666876	5.0	42.0
X	96130785	2.0	21.0
X	97048668	1.0	5.0
X	97102107	39.0	13.0
X	97180583	2.0	19.0
X	97382166	3.0	14.0
X	97382773	3.0	12.0
X	97759399	11.0	30.0
X	98344224	2.0	21.0
X	98822898	3.0	11.0
X	98900021	2.0	18.0
X	98900022	2.0	18.0
X	98901802	1.0	15.0
X	99527245	3.0	5.0
X	101778523	2.0	26.0
X	103787561	11.0	1.0
X	105208484	4.0	27.0
X	109881475	1.0	21.0
X	109932321	3.0	13.0
X	110848775	5.0	32.0
X	111596397	1.0	16.0
X	111708309	2.0	21.0
X	112021028	4.0	36.0
X	113459209	6.0	6.0
X	114644625	3.0	7.0
X	116547739	5.0	24.0
X	116913920	5.0	33.0
X	117866712	2.0	29.0
X	119863723	8.0	22.0
X	119954114	3.0	25.0
X	120583687	13.0	15.0
X	121925306	8.0	3.0
X	122019274	1.0	24.0
X	122186638	6.0	31.0
X	123189836	37.0	15.0
X	124028389	3.0	7.0
X	125711382	8.0	14.0
X	126443942	3.0	30.0
X	126658026	2.0	23.0
X	126658034	2.0	24.0
X	126824625	7.0	21.0
X	127035717	16.0	7.0
X	127344925	4.0	15.0
X	127458605	6.0	5.0
X	129338299	12.0	26.0
X	133192707	7.0	25.0
X	134411297	2.0	21.0
X	137424282	4.0	23.0
X	138703717	4.0	25.0
X	139477511	6.0	1.0
X	141346264	12.0	4.0
X	141494069	4.0	40.0
X	144479158	5.0	16.0
X	144479159	5.0	16.0
X	144869287	25.0	12.0
X	145376747	32.0	11.0
X	147738006	19.0	28.0
X	150372180	3.0	24.0
X	150990393	19.0	39.0
X	151000359	5.0	55.0
X	151111470	9.0	34.0
X	151184993	3.0	36.0
X	153970808	32.0	12.0
X	154099467	2.0	24.0
X	154757390	23.0	10.0
X	154995815	4.0	43.0
X	155131435	2.0	25.0
X	155236296	12.0	54.0
Y	3271684	4.0	42.0
Y	6763895	3.0	32.0
Y	7885861	3.0	16.0
Y	8369859	2.0	20.0
Y	9917589	4.0	32.0
Y	9917591	4.0	31.0
Y	10046218	1.0	11.0
Y	13822703	2.0	40.0
Y	13846120	3.0	24.0
Y	14155792	1.0	10.0
Y	14163929	1.0	20.0
Y	14164519	4.0	22.0
Y	15242732	3.0	23.0
Y	16754523	7.0	18.0
Y	16950016	4.0	16.0
Y	16978436	2.0	18.0
Y	16978443	1.0	20.0
Y	17265236	3.0	23.0
Y	17959635	10.0	7.0
Y	19030720	2.0	20.0
Y	19084517	4.0	20.0
Y	21916148	3.0	39.0
Y	21998979	2.0	25.0
Y	22841010	2.0	13.0
Y	23095709	3.0	28.0
Y	23168971	1.0	15.0
Y	23169740	6.0	25.0
Y	23320794	2.0	20.0
Y	59004821	13.0	401.0
