chromosome_index	position	alt_count	ref_count
1	5100368	9.0	68
1	5586110	27.0	61
1	6078691	16.0	61
1	7038739	8.0	39
1	8133585	22.0	65
1	9624307	8.0	81
1	13939386	5.0	56
1	14059283	27.0	45
1	16068217	8.0	82
1	19084484	9.0	65
1	30417899	30.0	68
1	32684202	7.0	52
1	34644987	15.0	55
1	49609725	23.0	58
1	56532010	12.0	60
1	59275924	34.0	65
1	69780673	6.0	90
1	71237050	20.0	74
1	71309738	21.0	59
1	72569441	20.0	62
1	75614119	12.0	71
1	80688138	12.0	63
1	84031971	23.0	68
1	89754837	34.0	70
1	100769041	23.0	79
1	102218440	16.0	50
1	102365093	14.0	58
1	103309442	5.0	91
1	105419753	8.0	21
1	113072712	30.0	69
1	113072717	31.0	72
1	113948297	5.0	78
1	114640814	5.0	83
1	116966438	8.0	41
1	119981381	21.0	73
1	121158775	15.0	46
1	146607032	23.0	50
1	152879419	14.0	65
1	157839008	7.0	57
1	166397628	12.0	76
1	167051335	22.0	69
1	169673430	16.0	57
1	170025346	22.0	53
1	173336416	5.0	73
1	173485787	15.0	73
1	174462830	15.0	69
1	176243002	30.0	65
1	177471659	8.0	89
1	178422254	14.0	49
1	186569677	20.0	44
1	187766799	18.0	57
1	188548275	9.0	54
1	190573183	19.0	54
1	191879554	4.0	80
1	193498835	28.0	68
1	196237205	6.0	88
1	196706394	14.0	72
1	198450776	17.0	52
1	202027440	10.0	67
1	207586909	26.0	56
1	210898374	4.0	80
1	215748141	11.0	77
1	217767603	5.0	50
1	220836417	22.0	51
1	230590492	4.0	66
1	231860665	12.0	69
1	238514983	4.0	85
1	239195276	7.0	91
1	239845313	16.0	65
1	241131268	6.0	60
1	241243999	10.0	70
1	245040444	26.0	57
10	1806943	21.0	69
10	2287069	31.0	67
10	2461058	26.0	64
10	9738842	4.0	83
10	13793370	5.0	94
10	14467539	8.0	81
10	17291262	19.0	46
10	20036752	20.0	48
10	20166801	6.0	81
10	25862169	12.0	63
10	26506237	7.0	94
10	27700201	8.0	52
10	28070742	19.0	53
10	28606970	16.0	60
10	36405293	26.0	64
10	39029134	15.0	74
10	42798044	27.0	59
10	46978599	19.0	99
10	54215957	26.0	60
10	56473683	6.0	79
10	56974579	8.0	67
10	58526764	14.0	65
10	59944868	15.0	72
10	65962703	6.0	92
10	67197942	27.0	77
10	70452553	18.0	70
10	75308754	11.0	63
10	76056659	9.0	70
10	85568309	14.0	69
10	85795005	10.0	71
10	86009707	32.0	84
10	87503499	22.0	56
10	88359260	19.0	63
10	91438777	18.0	42
10	94545640	19.0	72
10	98248596	34.0	68
10	100986407	25.0	59
10	109755391	17.0	61
10	109896071	19.0	62
10	110566088	11.0	61
10	110566089	11.0	60
10	113540280	17.0	65
10	118167574	11.0	63
10	121748663	16.0	66
10	122578880	7.0	66
10	125163170	14.0	70
10	127003179	11.0	51
10	129859014	13.0	69
10	129893945	5.0	56
10	133294399	20.0	61
10	134127725	8.0	94
10	134242176	15.0	77
11	1462568	8.0	13
11	1818563	9.0	53
11	11263713	5.0	82
11	17751962	5.0	87
11	19814023	26.0	51
11	28978593	9.0	74
11	30306082	20.0	56
11	35619494	12.0	76
11	36599555	10.0	76
11	37066361	17.0	66
11	38724134	14.0	54
11	41181604	5.0	72
11	45126226	4.0	69
11	48379323	11.0	86
11	48957626	6.0	68
11	49936688	4.0	65
11	51417296	26.0	61
11	56286184	24.0	59
11	66813458	10.0	72
11	68461910	11.0	64
11	69930310	21.0	56
11	79881249	4.0	69
11	84119470	4.0	56
11	87360816	6.0	63
11	91246071	9.0	63
11	95993870	15.0	60
11	96447515	18.0	56
11	97000530	13.0	49
11	97156397	24.0	60
11	100830952	18.0	69
11	103286183	14.0	50
11	103998291	28.0	60
11	104048738	27.0	61
11	107420329	4.0	85
11	110543846	5.0	84
11	110950493	23.0	66
11	114181937	19.0	62
11	115764530	6.0	85
11	116347467	4.0	61
11	116416559	7.0	89
11	120695532	5.0	69
11	124823951	23.0	50
11	128318684	27.0	61
11	133153830	6.0	65
11	134212328	16.0	39
11	134772877	33.0	74
12	3172528	5.0	67
12	5598451	5.0	82
12	8801091	10.0	72
12	12414864	5.0	82
12	15249050	19.0	57
12	15394459	26.0	54
12	15715853	6.0	59
12	15739687	19.0	78
12	17243068	19.0	48
12	20886619	16.0	74
12	20896048	24.0	54
12	30316253	32.0	53
12	31919442	19.0	67
12	33171705	4.0	94
12	34615759	24.0	68
12	38326313	26.0	50
12	38979195	11.0	83
12	39355874	22.0	61
12	41015261	26.0	56
12	44038083	28.0	73
12	51966731	18.0	58
12	53586758	20.0	57
12	55413789	7.0	71
12	55691941	9.0	71
12	56921124	7.0	65
12	59030164	16.0	41
12	60556256	23.0	68
12	60687035	7.0	51
12	60987750	25.0	53
12	62183802	25.0	49
12	62417304	11.0	38
12	62604720	22.0	68
12	62639965	21.0	45
12	62986421	19.0	51
12	64459811	22.0	52
12	66087098	26.0	50
12	73963978	20.0	63
12	77996781	5.0	92
12	79531343	26.0	53
12	82644545	15.0	56
12	93954855	20.0	44
12	97340628	10.0	64
12	99151638	8.0	67
12	101169660	13.0	67
12	103763523	16.0	56
12	104105234	17.0	57
12	108568585	17.0	74
12	108568586	17.0	76
12	113102564	28.0	65
12	121125774	14.0	51
12	126022170	10.0	79
12	132582590	16.0	68
13	19071269	18.0	52
13	19503929	13.0	60
13	19583420	6.0	73
13	20160808	9.0	70
13	23028422	8.0	71
13	23093082	23.0	74
13	23098256	10.0	92
13	23138083	11.0	38
13	36741996	20.0	71
13	41012106	12.0	78
13	44442648	4.0	70
13	48180058	20.0	54
13	50344074	17.0	54
13	54934550	21.0	65
13	56947681	20.0	39
13	60387137	18.0	62
13	62047346	10.0	48
13	70883689	28.0	50
13	82722830	24.0	50
13	86584353	17.0	49
13	87566229	18.0	70
13	88086441	18.0	25
13	91265962	24.0	66
13	93689628	4.0	73
13	97501642	10.0	65
13	98117003	13.0	67
13	104214831	8.0	65
13	105031821	5.0	48
13	105457325	6.0	63
13	107930522	8.0	90
13	108261219	11.0	62
13	110392876	15.0	71
13	110955519	20.0	58
13	112325444	17.0	64
14	20667929	23.0	62
14	27836643	15.0	41
14	28137689	5.0	62
14	29805418	8.0	67
14	29994993	17.0	72
14	30607206	6.0	94
14	32984207	8.0	83
14	41080203	6.0	71
14	41825388	9.0	54
14	51581009	15.0	71
14	53883553	21.0	44
14	58985425	22.0	63
14	61427313	7.0	78
14	61850946	31.0	52
14	67567390	4.0	74
14	68192150	27.0	67
14	68268427	7.0	52
14	68408169	5.0	67
14	70251784	16.0	58
14	71725017	5.0	80
14	72748985	22.0	56
14	72982631	8.0	99
14	78470609	26.0	63
14	78850806	19.0	55
14	79820860	18.0	61
14	85582287	19.0	48
14	93676080	33.0	66
14	96828147	16.0	74
14	97171979	15.0	68
14	100771818	23.0	62
14	101527095	21.0	95
14	101708484	18.0	102
14	101824568	30.0	122
14	102442196	15.0	59
14	106943575	28.0	73
15	22379554	15.0	90
15	25138928	6.0	81
15	25301005	11.0	102
15	27883217	7.0	55
15	36844110	27.0	61
15	38188745	16.0	59
15	39285286	7.0	74
15	40110017	15.0	66
15	42216935	14.0	63
15	43064962	4.0	75
15	44362326	24.0	47
15	45077537	11.0	80
15	49619550	23.0	62
15	50115918	10.0	75
15	51620078	4.0	76
15	55551252	8.0	42
15	61594987	15.0	26
15	62490381	5.0	73
15	64078974	9.0	57
15	67373020	17.0	62
15	67430798	20.0	62
15	81899024	17.0	51
15	83563901	7.0	65
15	83876957	9.0	62
15	84552368	22.0	44
15	86001999	18.0	67
15	87078328	24.0	87
15	88303382	6.0	78
15	91517940	6.0	81
15	94625741	16.0	65
15	101358339	19.0	50
15	102021884	29.0	65
16	2366976	15.0	55
16	8528776	19.0	65
16	9174458	23.0	62
16	9308474	13.0	59
16	23751756	5.0	63
16	30748842	8.0	87
16	30748845	9.0	88
16	31748266	5.0	81
16	47171460	6.0	95
16	47782413	21.0	58
16	49299861	19.0	50
16	54916102	5.0	71
16	55251700	20.0	60
16	55516924	13.0	64
16	59185641	11.0	61
16	60492668	19.0	63
16	61213947	33.0	64
16	61856717	20.0	59
16	62370346	22.0	60
16	62483616	6.0	70
16	63737883	9.0	61
16	66224149	24.0	72
16	66929819	20.0	53
16	68640924	10.0	28
16	69810539	15.0	48
16	72185169	14.0	88
16	77123510	18.0	70
16	78945108	5.0	80
16	79130838	6.0	58
16	79501425	27.0	73
16	82461908	16.0	65
16	82587305	21.0	51
16	85898421	20.0	41
17	3544754	4.0	23
17	4634849	18.0	62
17	5521875	6.0	74
17	6086742	18.0	57
17	8217682	19.0	63
17	11725086	17.0	75
17	13506663	16.0	69
17	13987006	6.0	80
17	17536958	5.0	72
17	22061285	7.0	48
17	22200859	5.0	76
17	31837439	5.0	83
17	32473603	7.0	73
17	32685426	16.0	49
17	32916549	20.0	59
17	35640446	19.0	54
17	36044171	11.0	86
17	39834607	27.0	58
17	46195282	12.0	50
17	48910356	9.0	84
17	50023322	29.0	44
17	50097710	13.0	42
17	55994935	6.0	92
17	56077253	16.0	79
17	57432780	8.0	81
17	57760964	24.0	81
17	68662878	21.0	66
17	68805835	12.0	80
17	70439685	9.0	69
17	71713234	26.0	55
17	77952518	24.0	58
17	79412377	14.0	63
17	79513441	13.0	93
18	865202	21.0	88
18	1326862	25.0	76
18	4669196	4.0	76
18	5189963	31.0	75
18	6533437	21.0	69
18	22236133	15.0	61
18	23279698	18.0	68
18	24794065	12.0	75
18	26592666	21.0	58
18	28623244	25.0	63
18	31447528	26.0	55
18	36251659	6.0	77
18	41771334	20.0	51
18	42996964	19.0	54
18	48367069	27.0	54
18	52653656	17.0	52
18	54037084	7.0	77
18	54060063	5.0	78
18	55976043	6.0	86
18	56764881	16.0	61
18	60636488	6.0	63
18	61346411	21.0	46
18	61763809	28.0	57
18	62089728	22.0	65
18	62089729	23.0	68
18	62154684	16.0	59
18	63344848	20.0	68
18	65155980	18.0	78
18	66048112	14.0	38
18	66051924	16.0	66
18	66625311	14.0	54
18	69582192	14.0	61
18	70380556	12.0	44
18	70919707	24.0	62
18	71462467	16.0	71
18	73109462	7.0	69
18	74362519	14.0	67
18	76683112	18.0	50
19	743638	9.0	69
19	13878186	10.0	55
19	14609398	20.0	59
19	16249852	11.0	70
19	19473361	12.0	51
19	21929421	6.0	71
19	31795110	21.0	61
19	31798599	22.0	65
19	39810981	6.0	60
19	42335320	14.0	53
19	42382456	10.0	71
19	43960226	6.0	61
19	44016038	5.0	66
19	44475861	13.0	59
19	49674760	23.0	69
19	50358848	23.0	69
19	54031549	5.0	82
19	56622260	5.0	89
19	58728088	4.0	88
19	58797772	9.0	84
2	1414885	7.0	49
2	5643947	6.0	82
2	7208402	14.0	81
2	10364381	19.0	66
2	13990527	10.0	71
2	22013765	21.0	64
2	22263824	20.0	36
2	23530778	15.0	60
2	23880625	17.0	43
2	28570502	28.0	74
2	31434996	4.0	71
2	33075672	8.0	75
2	34182252	7.0	77
2	39187772	7.0	57
2	41246789	7.0	69
2	42132952	25.0	63
2	43167100	11.0	95
2	49388993	26.0	60
2	50487489	13.0	90
2	50753903	5.0	65
2	51096935	21.0	72
2	52114950	4.0	82
2	61018643	16.0	43
2	61263291	15.0	52
2	63733105	13.0	70
2	66498707	31.0	58
2	67292186	6.0	76
2	70900084	24.0	63
2	73118387	5.0	74
2	73143194	7.0	85
2	74131394	7.0	31
2	77352732	25.0	44
2	77373471	18.0	55
2	79669692	10.0	82
2	84137140	4.0	82
2	84254338	18.0	53
2	86471723	12.0	70
2	95932024	27.0	60
2	103301765	19.0	69
2	113528642	5.0	69
2	117600013	17.0	26
2	117619275	16.0	66
2	119171345	19.0	68
2	121729541	12.0	78
2	124490909	5.0	70
2	126132505	19.0	56
2	126515891	14.0	42
2	127478890	27.0	55
2	129225468	15.0	79
2	133601076	6.0	49
2	133953859	19.0	60
2	133956001	4.0	74
2	136563739	4.0	65
2	139831874	21.0	70
2	141269776	6.0	63
2	143248005	14.0	75
2	146820884	5.0	75
2	148134391	18.0	54
2	150792677	11.0	97
2	160353585	6.0	64
2	167915898	10.0	40
2	172477033	9.0	51
2	173140839	5.0	70
2	173744902	17.0	72
2	177390280	7.0	75
2	177480472	22.0	62
2	177539623	6.0	73
2	178352182	21.0	52
2	178695033	4.0	86
2	186897534	20.0	57
2	187755024	26.0	56
2	193089083	4.0	69
2	193702563	30.0	72
2	193996017	15.0	59
2	207464636	7.0	79
2	208389483	19.0	66
2	209530366	19.0	65
2	215102326	18.0	49
2	218795966	26.0	56
2	218831581	12.0	67
2	219378178	19.0	62
2	221962172	15.0	69
2	222687863	29.0	58
2	229164395	8.0	61
2	230247737	10.0	76
2	230482894	19.0	51
2	233841332	17.0	92
2	238473737	8.0	96
2	241165980	7.0	95
20	63427	4.0	76
20	6330118	19.0	51
20	8443820	3.0	43
20	9601069	7.0	86
20	19061221	16.0	85
20	23637482	7.0	60
20	23637483	7.0	60
20	25288754	5.0	65
20	31117744	21.0	69
20	38109970	11.0	68
20	41110890	16.0	59
20	41136043	6.0	61
20	49612238	22.0	64
20	50534667	17.0	59
20	51024414	9.0	48
20	51235936	10.0	80
20	52445943	18.0	55
20	53671709	6.0	46
20	57121495	18.0	52
20	57594089	16.0	70
20	57752944	18.0	65
20	58409344	23.0	63
20	59870517	27.0	73
20	61623022	25.0	72
20	61974509	20.0	75
21	10424087	7.0	143
21	10564466	19.0	159
21	19048391	27.0	55
21	19707039	24.0	52
21	19886353	11.0	39
21	20327406	5.0	57
21	20649711	22.0	47
21	21088496	26.0	59
21	24236015	15.0	57
21	24393826	15.0	56
21	27634147	9.0	68
21	32008375	24.0	56
21	36444250	22.0	51
21	38458388	17.0	72
21	39483273	7.0	59
21	39736262	27.0	46
21	42704764	19.0	57
21	45788611	4.0	84
21	48016286	9.0	68
22	17454426	7.0	50
22	18266388	22.0	56
22	19044050	19.0	38
22	21935625	7.0	81
22	32817621	24.0	72
22	33245487	6.0	87
22	37748623	17.0	90
22	39662755	5.0	97
22	44264978	23.0	60
22	48611284	10.0	67
22	48847825	8.0	87
22	49120014	6.0	96
22	50953935	9.0	35
22	51060325	23.0	74
3	6047584	7.0	64
3	13779250	6.0	75
3	16663003	20.0	48
3	22714768	6.0	52
3	26293889	15.0	75
3	28000480	9.0	65
3	28310059	20.0	66
3	33654608	6.0	68
3	34017934	20.0	55
3	34163477	8.0	76
3	35133612	5.0	60
3	35398392	26.0	61
3	40058912	12.0	57
3	40058914	14.0	59
3	45365638	12.0	74
3	56583219	7.0	64
3	60881054	5.0	79
3	63950428	27.0	64
3	64110637	8.0	65
3	66912885	4.0	73
3	69484760	22.0	63
3	70122122	15.0	81
3	70380869	5.0	64
3	75222687	4.0	71
3	75984522	7.0	60
3	77156261	23.0	61
3	79548434	5.0	70
3	82727753	15.0	70
3	83500856	20.0	65
3	86204124	5.0	69
3	86896344	6.0	73
3	88732251	5.0	65
3	94116453	11.0	30
3	97855356	23.0	55
3	108567264	18.0	65
3	112067992	24.0	48
3	112078800	5.0	76
3	120923296	4.0	62
3	126943188	28.0	60
3	138245675	13.0	66
3	144132914	5.0	76
3	144593509	6.0	88
3	145420898	4.0	85
3	146611221	26.0	41
3	148270595	10.0	59
3	150006588	27.0	62
3	150216544	11.0	65
3	162229078	10.0	66
3	163184203	18.0	54
3	165143241	7.0	74
3	166092934	14.0	51
3	174131783	14.0	47
3	175493153	17.0	57
3	176223577	24.0	70
3	184146787	14.0	48
3	186236837	9.0	76
3	187521524	19.0	59
3	195444407	18.0	94
3	196057567	11.0	76
3	196521319	8.0	83
4	3037671	26.0	48
4	3320684	7.0	96
4	5934049	11.0	78
4	7011845	15.0	55
4	9407326	22.0	58
4	11415792	6.0	61
4	12123919	16.0	51
4	12828672	7.0	63
4	16923635	15.0	40
4	18202449	20.0	56
4	18281244	29.0	63
4	19049630	19.0	67
4	27040961	15.0	62
4	28786208	11.0	61
4	32146159	21.0	51
4	32509181	5.0	76
4	33040014	14.0	67
4	34207158	5.0	92
4	37219414	25.0	52
4	40566159	10.0	93
4	41191402	5.0	78
4	43471253	25.0	78
4	46125235	17.0	44
4	46434086	27.0	65
4	47565221	17.0	55
4	52960094	27.0	54
4	54715405	11.0	72
4	56455358	30.0	72
4	56470492	14.0	51
4	58760756	4.0	63
4	59117661	6.0	75
4	60565326	6.0	65
4	61007386	5.0	75
4	61226194	7.0	58
4	61493891	21.0	70
4	63346088	4.0	79
4	63598668	11.0	46
4	64773139	20.0	52
4	66970628	4.0	78
4	67779257	6.0	85
4	69289369	21.0	61
4	69579103	4.0	53
4	72384360	11.0	60
4	74727937	7.0	86
4	77697754	24.0	61
4	79650444	10.0	65
4	80331195	26.0	60
4	80514798	17.0	76
4	83708343	13.0	53
4	86244646	5.0	81
4	90765009	11.0	50
4	94824400	17.0	55
4	103091372	8.0	79
4	116997898	13.0	41
4	120865533	7.0	76
4	123815452	7.0	84
4	123873239	23.0	65
4	126244519	11.0	78
4	131292379	22.0	43
4	133487626	15.0	77
4	137458900	18.0	46
4	140390974	7.0	74
4	144048975	32.0	54
4	145217777	20.0	67
4	157470885	17.0	41
4	161139881	9.0	76
4	163138980	6.0	59
4	167592189	26.0	67
4	168984391	27.0	59
4	172239286	12.0	62
4	172481768	5.0	61
4	174644288	4.0	74
4	175731214	15.0	54
4	175731958	20.0	57
4	177233130	20.0	60
4	180122965	23.0	57
4	180167061	11.0	65
4	184258893	19.0	50
4	184315070	28.0	60
4	187426763	16.0	54
4	188181168	28.0	74
4	189096169	23.0	66
5	3995420	33.0	70
5	4213089	7.0	69
5	4985094	10.0	85
5	5942334	4.0	91
5	6517816	11.0	67
5	6955236	6.0	65
5	7187283	7.0	22
5	7475790	8.0	65
5	7684684	8.0	63
5	8979793	21.0	52
5	10377400	16.0	50
5	12145786	30.0	69
5	13450439	11.0	75
5	19638323	6.0	63
5	20000552	7.0	77
5	22080687	12.0	40
5	22839694	22.0	63
5	24915899	21.0	51
5	26807168	7.0	67
5	27185605	19.0	54
5	29923564	13.0	57
5	31709460	16.0	57
5	33983682	30.0	56
5	34350470	21.0	51
5	39936707	1.0	64
5	40527437	23.0	36
5	42323158	21.0	63
5	43357828	12.0	77
5	49519620	4.0	81
5	50423699	16.0	59
5	51283431	7.0	75
5	53671946	11.0	62
5	53941069	26.0	64
5	56252957	15.0	67
5	56530565	6.0	79
5	57740558	8.0	73
5	58793152	17.0	60
5	59352275	15.0	62
5	59912767	9.0	71
5	61208193	17.0	61
5	61596117	23.0	61
5	64641203	12.0	68
5	65806953	34.0	64
5	68712993	12.0	75
5	72980756	9.0	60
5	73091682	17.0	43
5	80138708	14.0	74
5	82558201	9.0	61
5	87146076	19.0	66
5	87873416	5.0	70
5	89017923	27.0	59
5	89142507	4.0	70
5	96974248	8.0	71
5	101101637	30.0	54
5	101899943	7.0	55
5	102309200	18.0	56
5	103612021	13.0	50
5	105309200	20.0	68
5	108784817	17.0	64
5	110086816	6.0	62
5	113242162	22.0	57
5	116398277	17.0	48
5	117562762	19.0	49
5	119913545	19.0	61
5	124581634	18.0	56
5	127819884	5.0	78
5	132184158	5.0	56
5	132441972	3.0	40
5	133173786	16.0	41
5	135262534	19.0	72
5	137107916	19.0	39
5	138268257	5.0	83
5	139178262	10.0	82
5	144919641	10.0	62
5	157544396	12.0	69
5	158709480	15.0	66
5	161406593	16.0	37
5	161824930	10.0	34
5	164281302	5.0	67
5	165210112	4.0	85
5	165875670	8.0	92
5	166072835	7.0	85
5	170706681	6.0	89
5	173169350	8.0	79
5	174447920	20.0	59
5	176041163	8.0	41
5	178094464	15.0	71
5	178410858	8.0	79
6	3359329	25.0	65
6	5980345	22.0	69
6	7139164	16.0	48
6	9461207	4.0	75
6	15096761	18.0	59
6	23703251	18.0	59
6	27655016	9.0	77
6	28730684	16.0	60
6	36651904	16.0	65
6	37811217	15.0	52
6	41869447	17.0	69
6	42712157	15.0	50
6	48206356	6.0	79
6	48598102	16.0	50
6	49302551	5.0	67
6	50233947	8.0	75
6	64700078	16.0	61
6	66167436	6.0	62
6	66366355	16.0	81
6	69057648	6.0	38
6	70089924	7.0	58
6	72564004	19.0	50
6	72587868	4.0	78
6	74980547	5.0	68
6	76954926	20.0	49
6	79007709	4.0	63
6	83492902	6.0	82
6	88902524	30.0	53
6	92065946	4.0	22
6	92867118	20.0	53
6	93397284	25.0	49
6	93675326	16.0	68
6	96549037	26.0	53
6	97276989	6.0	75
6	97557935	5.0	71
6	112995707	23.0	58
6	115821992	9.0	63
6	115903252	25.0	50
6	116013658	10.0	58
6	118828373	14.0	64
6	119626004	11.0	72
6	126070148	23.0	59
6	129013976	5.0	81
6	131419401	11.0	67
6	132074778	8.0	51
6	133673361	4.0	69
6	133857518	18.0	67
6	137171299	6.0	57
6	139941316	12.0	55
6	140347977	12.0	51
6	140649114	5.0	84
6	142146096	12.0	66
6	143395809	7.0	75
6	146921165	4.0	58
6	154335348	26.0	66
6	155739798	4.0	65
6	159023458	7.0	85
6	164699413	5.0	38
6	169459394	4.0	67
6	170445282	4.0	72
6	170586352	20.0	59
7	8412562	4.0	102
7	9203397	5.0	76
7	9241016	5.0	64
7	15423691	8.0	55
7	15989482	9.0	73
7	16452798	10.0	93
7	20026685	26.0	58
7	20295482	11.0	61
7	25306183	17.0	63
7	25832833	9.0	64
7	26192039	8.0	57
7	26580014	21.0	62
7	27895708	7.0	75
7	27936008	23.0	55
7	28011546	29.0	63
7	28280565	21.0	51
7	38508254	24.0	52
7	40509917	25.0	72
7	40649323	14.0	60
7	41233329	17.0	57
7	43098664	26.0	70
7	45998565	24.0	50
7	47345505	8.0	63
7	49507937	18.0	71
7	50474380	22.0	57
7	51987043	23.0	47
7	51998004	8.0	80
7	52944337	14.0	58
7	53732377	13.0	57
7	54875890	9.0	90
7	56508374	8.0	69
7	58028661	5.0	75
7	62244587	4.0	84
7	66133154	34.0	48
7	67020037	6.0	73
7	67630982	11.0	47
7	69685394	25.0	60
7	81441302	25.0	66
7	81635774	24.0	69
7	81969153	20.0	60
7	83274047	19.0	55
7	85496271	16.0	86
7	87054694	21.0	57
7	89562128	11.0	54
7	89770228	6.0	80
7	99332526	12.0	60
7	103042478	17.0	88
7	110088063	28.0	59
7	112590546	5.0	77
7	121257410	5.0	66
7	122494221	27.0	48
7	122823972	10.0	80
7	122968185	16.0	56
7	126584344	7.0	96
7	128617224	9.0	86
7	128839152	17.0	41
7	131075324	18.0	40
7	132556133	20.0	63
7	138022736	7.0	49
7	140509338	14.0	72
7	140947018	6.0	78
7	150047653	10.0	52
7	150350628	21.0	42
7	152385624	16.0	51
7	153545040	6.0	68
8	1023514	9.0	73
8	2844413	22.0	58
8	4008685	13.0	80
8	4244987	6.0	51
8	6175076	16.0	64
8	14943990	20.0	72
8	15118724	8.0	79
8	16728935	15.0	60
8	19820924	7.0	47
8	23267982	13.0	51
8	24362672	7.0	67
8	25407472	4.0	80
8	27291612	16.0	58
8	31758222	23.0	51
8	35272163	8.0	77
8	35978724	8.0	70
8	40122760	11.0	56
8	43634010	23.0	156
8	47238865	5.0	89
8	55290599	9.0	83
8	55446808	4.0	60
8	56463718	8.0	59
8	56502229	8.0	41
8	57926154	21.0	50
8	60345473	7.0	60
8	68335703	11.0	72
8	68903170	23.0	49
8	69479085	24.0	60
8	70653002	20.0	60
8	71470834	19.0	46
8	73195322	15.0	58
8	73234796	4.0	68
8	73805878	6.0	73
8	75794927	4.0	31
8	76271093	8.0	69
8	77460986	16.0	63
8	79108820	22.0	48
8	79377825	26.0	69
8	81830635	28.0	70
8	82187626	21.0	64
8	83822875	22.0	66
8	84270869	7.0	96
8	88001324	8.0	73
8	90274652	25.0	55
8	90817027	8.0	56
8	94502610	20.0	72
8	97775048	14.0	42
8	98033501	10.0	90
8	106229226	18.0	75
8	106337457	25.0	50
8	109426514	9.0	76
8	111145809	11.0	68
8	113013241	5.0	75
8	118550728	13.0	46
8	119002177	24.0	54
8	133178081	20.0	62
8	134992074	21.0	73
8	137164985	4.0	65
8	138596628	7.0	71
8	140231603	13.0	69
8	142650373	21.0	68
8	143973414	12.0	63
8	146191167	6.0	80
9	10688092	8.0	64
9	10778287	22.0	56
9	10972598	4.0	72
9	11133467	7.0	70
9	14446052	4.0	76
9	14717159	5.0	75
9	16290677	11.0	94
9	18316759	7.0	80
9	18931536	11.0	61
9	22607509	19.0	61
9	23444377	14.0	68
9	24511310	26.0	63
9	24759333	4.0	84
9	26939339	12.0	44
9	29464047	13.0	73
9	31478775	4.0	76
9	31863631	22.0	61
9	32704075	4.0	86
9	43840398	4.0	53
9	46268585	7.0	27
9	68300651	14.0	52
9	71183781	21.0	62
9	73730637	10.0	75
9	74050655	5.0	77
9	75849934	6.0	66
9	78684244	6.0	55
9	85407952	11.0	50
9	89863512	7.0	77
9	90248606	5.0	93
9	95393062	14.0	65
9	95438868	32.0	74
9	97930332	25.0	55
9	101294967	7.0	87
9	103579177	10.0	85
9	105242215	9.0	75
9	105739416	13.0	55
9	109255288	20.0	60
9	114743885	5.0	79
9	118416503	4.0	73
9	121197791	19.0	68
9	122835760	18.0	61
9	127224934	18.0	64
9	128954003	15.0	48
9	135881743	23.0	49
9	140373639	23.0	69
X	4015838	13.0	56
X	4225624	21.0	47
X	5117881	4.0	72
X	5475132	12.0	53
X	7552818	23.0	36
X	7616645	7.0	32
X	8501492	9.0	72
X	15161068	27.0	56
X	15161103	28.0	60
X	16407831	12.0	58
X	18484168	9.0	65
X	19158094	13.0	70
X	19725629	18.0	78
X	21230430	4.0	23
X	22430422	5.0	67
X	23779621	21.0	43
X	24512973	4.0	57
X	25087678	4.0	22
X	25249280	5.0	61
X	26844953	26.0	56
X	27597279	9.0	68
X	28241326	4.0	61
X	30537481	9.0	74
X	30932210	14.0	59
X	31372463	20.0	53
X	32883206	9.0	59
X	37897070	11.0	57
X	40081975	8.0	19
X	42689169	8.0	75
X	47533178	18.0	62
X	47703410	16.0	54
X	48493358	8.0	79
X	49791490	17.0	70
X	53638913	19.0	44
X	56394305	20.0	52
X	56468223	5.0	80
X	57590146	17.0	58
X	58078984	20.0	49
X	65891436	27.0	51
X	66562844	6.0	83
X	70675158	26.0	64
X	72558812	12.0	47
X	76076445	14.0	76
X	81074773	10.0	67
X	81081455	6.0	76
X	83910524	6.0	73
X	84312595	7.0	44
X	84323440	4.0	29
X	86249579	5.0	80
X	87370491	18.0	56
X	92373378	14.0	44
X	94341225	25.0	54
X	95454649	13.0	47
X	96032414	4.0	69
X	98413844	26.0	57
X	98641335	9.0	62
X	98882481	15.0	46
X	101380915	13.0	43
X	102492338	8.0	75
X	103327242	8.0	56
X	108788835	7.0	71
X	109218751	24.0	67
X	109812880	28.0	61
X	111870755	26.0	69
X	113441957	15.0	41
X	113728478	4.0	65
X	115893265	16.0	73
X	116459893	20.0	64
X	117038325	16.0	58
X	118901640	9.0	59
X	120664037	14.0	55
X	124434861	6.0	49
X	125874124	5.0	30
X	126486552	16.0	53
X	127681656	7.0	79
X	129349427	4.0	71
X	130332895	10.0	82
X	131402811	25.0	60
X	132026645	17.0	55
X	136807884	10.0	74
X	137056203	8.0	77
X	138495093	4.0	84
X	140962176	17.0	54
X	142687005	15.0	58
X	142855820	24.0	49
X	144285256	22.0	46
X	145300162	14.0	77
X	147789763	19.0	60
X	147824208	22.0	47
X	148256162	4.0	64
X	149989641	27.0	75
X	150463739	19.0	58
X	151757435	8.0	78
X	152053166	5.0	82
X	153675624	14.0	75
X	153983622	19.0	67
X	154848744	14.0	60
X	154848745	13.0	62
