chromosome_index	start_position	end_position	major_cn	minor_cn	total_cn
1	61735	2330351	1	1	2
1	2335517	32630594	1	0	1
1	32640644	46705148	1	1	2
1	46705486	47188452	2	1	3
1	47193058	48169619	1	1	2
1	48171292	48735038	1	0	1
1	48739117	115742866	1	1	2
1	115743290	115871635	2	1	3
1	115873029	121482979	1	1	2
1	144007049	249224388	2	1	3
2	12784	165192616	1	1	2
2	165194337	243089456	2	0	2
3	60345	60354626	1	0	1
3	60359241	60714523	0	0	0
3	60714717	90502862	1	0	1
3	93519478	197896118	1	1	2
4	12281	76542225	1	1	2
4	76542749	76958334	3	1	4
4	76959624	191027923	1	1	2
5	15532	180790320	1	1	2
6	149661	29730923	1	1	2
6	29732969	30475415	2	1	3
6	30475717	30986527	3	1	4
6	30990490	32220741	2	1	3
6	32224847	32869045	1	1	2
6	32870057	44202352	2	1	3
6	44203279	171051005	1	0	1
7	43259	159127004	1	1	2
8	31254	40445828	1	0	1
8	40451400	46919273	1	1	2
8	46922320	129940049	2	1	3
8	129944180	146298155	1	1	2
9	46587	17127373	2	1	3
9	17130360	30475048	1	0	1
9	30478167	47217176	1	1	2
9	65616971	141091394	1	0	1
10	72759	135506704	1	1	2
11	198572	134944770	1	1	2
12	150442	133778189	1	0	1
13	19026949	115108397	1	1	2
14	19002124	36442607	1	1	2
14	36443599	37023492	2	1	3
14	37024142	107285437	1	1	2
15	20016328	102469040	1	0	1
16	60777	15494886	1	0	1
16	15495458	24491283	0	0	0
16	24495197	25470286	1	0	1
16	25470610	28029472	0	0	0
16	28030027	35283226	1	0	1
16	46463782	90287535	1	1	2
17	526	20457500	1	0	1
17	20462736	20495624	3	0	3
17	20496164	20501624	2	0	2
17	20514634	21554727	2	1	3
17	21556181	81049726	1	1	2
18	48133	78015057	1	1	2
19	90910	16868963	1	0	1
19	16869466	59097854	1	1	2
20	61305	62956153	1	1	2
21	10736871	20782794	2	1	3
21	20788358	34399145	3	1	4
21	34399401	34986862	3	0	3
21	34989627	37960418	3	1	4
21	37961577	39252701	4	1	5
21	39253134	40747766	3	1	4
21	40747962	48096957	4	1	5
22	16052528	51234455	1	1	2
