chromosome_index	position	alt_count	ref_count
1	1597607	13.0	26.0
1	1884155	11.0	53.0
1	2774019	28.0	18.0
1	4017478	34.0	25.0
1	4382009	17.0	35.0
1	4675567	20.0	29.0
1	4781178	21.0	31.0
1	5086086	16.0	22.0
1	6755293	15.0	20.0
1	7704589	12.0	31.0
1	8057096	26.0	20.0
1	8258923	22.0	21.0
1	8275465	21.0	19.0
1	8736710	20.0	27.0
1	9445107	31.0	20.0
1	9558333	11.0	38.0
1	11649047	9.0	29.0
1	11696541	11.0	38.0
1	14187710	22.0	31.0
1	14287674	27.0	32.0
1	15536558	20.0	15.0
1	17522457	20.0	16.0
1	19159614	9.0	20.0
1	19798077	10.0	30.0
1	20746464	12.0	32.0
1	20813907	10.0	41.0
1	24078271	13.0	31.0
1	24947757	14.0	26.0
1	25040467	25.0	27.0
1	25773365	12.0	29.0
1	30436152	4.0	32.0
1	35538425	18.0	24.0
1	36335524	28.0	20.0
1	37303351	23.0	23.0
1	37760946	21.0	20.0
1	37889353	9.0	34.0
1	37949499	15.0	31.0
1	38169850	11.0	40.0
1	38375504	28.0	24.0
1	39091316	9.0	39.0
1	40582769	11.0	46.0
1	40919730	8.0	29.0
1	40939479	19.0	30.0
1	45231261	14.0	40.0
1	46012150	6.0	31.0
1	46821176	34.0	21.0
1	47795597	8.0	42.0
1	48733746	24.0	16.0
1	49528756	14.0	28.0
1	49539866	15.0	27.0
1	49555982	20.0	26.0
1	50198653	18.0	35.0
1	50861711	19.0	14.0
1	57520470	17.0	17.0
1	59542399	11.0	45.0
1	59930536	26.0	22.0
1	61049521	32.0	21.0
1	61169740	5.0	41.0
1	61593463	13.0	35.0
1	65507713	13.0	35.0
1	66811550	22.0	23.0
1	67314145	14.0	31.0
1	68662433	12.0	34.0
1	68914564	12.0	4.0
1	69161021	29.0	22.0
1	69453450	9.0	37.0
1	69628219	14.0	33.0
1	70112655	8.0	28.0
1	73150507	12.0	40.0
1	73792384	20.0	15.0
1	73793685	13.0	25.0
1	73862374	9.0	45.0
1	74111188	10.0	33.0
1	74390618	13.0	28.0
1	75554625	13.0	39.0
1	76627319	8.0	46.0
1	77719438	25.0	21.0
1	79167577	18.0	15.0
1	80202652	19.0	24.0
1	80757132	12.0	32.0
1	82879058	5.0	37.0
1	83323889	16.0	26.0
1	83468697	7.0	39.0
1	85060722	14.0	41.0
1	85242340	17.0	38.0
1	85724786	5.0	23.0
1	86856679	11.0	37.0
1	88037926	11.0	34.0
1	88156459	16.0	26.0
1	91041416	19.0	21.0
1	93326138	13.0	12.0
1	93966291	15.0	42.0
1	95073943	23.0	24.0
1	96025055	10.0	27.0
1	96600029	23.0	25.0
1	96958743	27.0	20.0
1	98923872	12.0	31.0
1	99442315	11.0	39.0
1	99903181	15.0	41.0
1	101007438	13.0	31.0
1	102777032	14.0	42.0
1	102883520	10.0	35.0
1	103308596	8.0	34.0
1	103542047	23.0	24.0
1	103647710	6.0	12.0
1	103709002	19.0	21.0
1	104314329	26.0	12.0
1	104702303	10.0	52.0
1	104862671	18.0	40.0
1	105040875	3.0	34.0
1	105810615	16.0	37.0
1	105937419	20.0	37.0
1	105948274	17.0	34.0
1	106196432	7.0	42.0
1	106196823	4.0	51.0
1	106881488	13.0	47.0
1	106891441	8.0	29.0
1	107190016	13.0	35.0
1	107381534	18.0	32.0
1	108102020	12.0	34.0
1	110291389	10.0	35.0
1	111097581	16.0	32.0
1	111561551	27.0	23.0
1	111808484	17.0	31.0
1	112583599	6.0	33.0
1	113450626	22.0	27.0
1	113565820	8.0	30.0
1	113872737	22.0	32.0
1	114427122	20.0	36.0
1	114830628	18.0	41.0
1	120447988	25.0	23.0
1	120447989	24.0	24.0
1	143282943	7.0	45.0
1	143462751	8.0	56.0
1	145265277	4.0	46.0
1	146828311	4.0	50.0
1	151694225	19.0	30.0
1	151703908	10.0	29.0
1	151790244	27.0	27.0
1	152225721	7.0	31.0
1	152855900	14.0	24.0
1	154500810	5.0	24.0
1	156398077	11.0	28.0
1	157109696	8.0	33.0
1	157701383	15.0	38.0
1	158056289	8.0	30.0
1	158454937	13.0	45.0
1	159408680	15.0	37.0
1	160512043	33.0	21.0
1	160785734	29.0	20.0
1	162261504	9.0	32.0
1	162876276	10.0	42.0
1	163262614	25.0	17.0
1	163960388	13.0	37.0
1	164858022	26.0	20.0
1	165038883	35.0	30.0
1	165451118	18.0	8.0
1	166061130	17.0	37.0
1	166687670	16.0	33.0
1	167089053	10.0	37.0
1	169065019	27.0	16.0
1	171134677	8.0	33.0
1	172698208	22.0	33.0
1	173659064	13.0	38.0
1	174064015	17.0	37.0
1	175169686	29.0	12.0
1	175558065	15.0	39.0
1	175664490	14.0	31.0
1	176011435	4.0	13.0
1	177646264	7.0	28.0
1	177662453	7.0	30.0
1	177791437	24.0	19.0
1	178493788	34.0	21.0
1	178772804	8.0	47.0
1	180345621	9.0	36.0
1	181044973	25.0	22.0
1	181655296	13.0	31.0
1	181803539	4.0	54.0
1	182228987	20.0	31.0
1	182274014	10.0	30.0
1	182707382	8.0	46.0
1	184757602	10.0	26.0
1	185441959	32.0	21.0
1	185521574	21.0	33.0
1	185783628	6.0	32.0
1	187541877	24.0	17.0
1	187629602	12.0	37.0
1	187825383	4.0	23.0
1	187825384	4.0	23.0
1	188422002	13.0	42.0
1	188889102	15.0	39.0
1	190637524	6.0	34.0
1	195259606	16.0	39.0
1	196642440	14.0	31.0
1	197880705	28.0	13.0
1	198147532	16.0	40.0
1	198323374	14.0	36.0
1	199277347	18.0	34.0
1	199662103	16.0	35.0
1	200470472	41.0	25.0
1	203052115	29.0	25.0
1	205649312	5.0	27.0
1	207184753	14.0	40.0
1	208299613	12.0	34.0
1	208515829	33.0	28.0
1	209155263	12.0	28.0
1	210371112	14.0	38.0
1	210542672	5.0	29.0
1	211155523	27.0	25.0
1	212577435	14.0	31.0
1	213563445	18.0	28.0
1	213571530	7.0	15.0
1	213756003	5.0	50.0
1	214520271	28.0	19.0
1	215475571	14.0	30.0
1	216093028	15.0	43.0
1	216378817	29.0	23.0
1	217362435	10.0	40.0
1	220875796	9.0	31.0
1	221358007	3.0	29.0
1	222065429	30.0	23.0
1	224009173	14.0	21.0
1	225420403	4.0	44.0
1	227651744	25.0	14.0
1	228160811	24.0	21.0
1	230132236	19.0	17.0
1	232323622	23.0	19.0
1	232355252	8.0	43.0
1	232607377	33.0	27.0
1	233176061	10.0	26.0
1	233590872	14.0	29.0
1	233644418	4.0	40.0
1	234769539	10.0	39.0
1	236473080	12.0	30.0
1	237486669	11.0	31.0
1	237766477	29.0	25.0
1	238718056	6.0	23.0
1	238878819	14.0	37.0
1	240307795	7.0	32.0
1	240433584	12.0	36.0
1	240547332	16.0	29.0
1	240550807	17.0	43.0
1	241391445	14.0	23.0
1	243016048	4.0	47.0
1	244432184	4.0	40.0
1	245476289	6.0	35.0
1	245873247	13.0	42.0
1	247051817	7.0	55.0
1	248314938	11.0	28.0
1	248860614	12.0	36.0
1	248896390	12.0	31.0
10	1547796	24.0	7.0
10	2479781	22.0	13.0
10	3426951	17.0	30.0
10	5240901	9.0	23.0
10	7642085	26.0	15.0
10	8265165	11.0	21.0
10	8475924	11.0	17.0
10	9482755	30.0	10.0
10	10069341	27.0	5.0
10	10370552	26.0	10.0
10	11005403	23.0	15.0
10	12337568	21.0	10.0
10	17585433	28.0	11.0
10	19110556	26.0	14.0
10	19854766	5.0	41.0
10	20887729	12.0	3.0
10	21115743	34.0	10.0
10	21670038	33.0	8.0
10	22792581	23.0	12.0
10	23559721	30.0	9.0
10	23621960	14.0	25.0
10	24172059	22.0	15.0
10	25343751	7.0	19.0
10	25802468	10.0	21.0
10	26380463	29.0	9.0
10	34723302	16.0	17.0
10	42522259	30.0	18.0
10	43062848	32.0	16.0
10	47596901	15.0	18.0
10	50136660	19.0	19.0
10	50223702	13.0	21.0
10	50514763	18.0	35.0
10	53056482	15.0	42.0
10	55219775	6.0	31.0
10	55907359	13.0	29.0
10	57197005	9.0	42.0
10	58049909	11.0	34.0
10	58317277	13.0	36.0
10	58584646	10.0	14.0
10	62021640	3.0	31.0
10	62021641	3.0	30.0
10	62960676	15.0	36.0
10	63411450	42.0	28.0
10	63727202	14.0	42.0
10	64372709	17.0	34.0
10	64503481	11.0	28.0
10	66270677	11.0	31.0
10	66307359	25.0	19.0
10	66387138	16.0	18.0
10	67316917	13.0	30.0
10	67511440	4.0	45.0
10	68801350	31.0	24.0
10	68980817	11.0	52.0
10	69963193	3.0	26.0
10	70314031	23.0	24.0
10	70339450	21.0	31.0
10	70400113	12.0	19.0
10	72985333	26.0	11.0
10	77146658	16.0	37.0
10	80913761	4.0	33.0
10	82271454	4.0	21.0
10	82547725	27.0	20.0
10	82788746	15.0	33.0
10	83589344	30.0	20.0
10	84697843	15.0	42.0
10	84773807	11.0	40.0
10	85591945	4.0	24.0
10	86560570	10.0	33.0
10	90894393	29.0	27.0
10	91528663	27.0	29.0
10	94854757	28.0	16.0
10	95688461	24.0	32.0
10	95811669	33.0	21.0
10	96298050	11.0	35.0
10	96660803	34.0	21.0
10	96691221	20.0	37.0
10	97721446	28.0	33.0
10	98077505	24.0	16.0
10	98166525	8.0	26.0
10	100106651	2.0	33.0
10	100644420	14.0	34.0
10	100868800	16.0	25.0
10	100983244	32.0	24.0
10	104098658	10.0	38.0
10	105903635	12.0	43.0
10	106056723	23.0	20.0
10	106555943	13.0	35.0
10	106998305	23.0	23.0
10	109862357	12.0	49.0
10	112152899	16.0	37.0
10	112340295	17.0	25.0
10	114930604	32.0	14.0
10	116280365	13.0	36.0
10	116528847	21.0	26.0
10	116567979	9.0	43.0
10	119590317	13.0	37.0
10	119834662	7.0	28.0
10	121896398	27.0	29.0
10	124978689	17.0	30.0
10	126995047	11.0	34.0
10	127029812	16.0	36.0
10	128222639	9.0	37.0
10	129464192	3.0	30.0
10	129944398	13.0	32.0
10	131145036	14.0	32.0
10	131705614	19.0	17.0
10	133045250	10.0	32.0
10	133624436	7.0	32.0
10	133894342	14.0	28.0
10	133988012	17.0	20.0
10	134220225	24.0	26.0
10	135271917	19.0	15.0
10	135321278	30.0	15.0
11	2712562	32.0	7.0
11	3164688	19.0	10.0
11	5991020	3.0	37.0
11	7974887	18.0	27.0
11	8889972	15.0	19.0
11	9124718	3.0	37.0
11	10851745	18.0	9.0
11	14506138	6.0	29.0
11	14732360	31.0	19.0
11	15407333	6.0	26.0
11	18296668	18.0	9.0
11	18344130	20.0	8.0
11	19105418	25.0	11.0
11	20305750	9.0	22.0
11	20765067	15.0	25.0
11	20790429	30.0	15.0
11	20803544	24.0	9.0
11	21158290	4.0	38.0
11	21502395	16.0	20.0
11	21871530	27.0	10.0
11	21913132	27.0	12.0
11	22374267	7.0	28.0
11	24399417	32.0	13.0
11	24840591	16.0	13.0
11	29313503	30.0	4.0
11	29570152	7.0	25.0
11	30223312	24.0	11.0
11	31021766	33.0	8.0
11	32803769	28.0	13.0
11	34394407	26.0	3.0
11	38057093	14.0	2.0
11	39101198	25.0	14.0
11	39826286	13.0	24.0
11	40841245	25.0	10.0
11	41265271	27.0	9.0
11	41627051	32.0	6.0
11	42413908	3.0	12.0
11	48674312	26.0	8.0
11	49574679	24.0	26.0
11	49890627	8.0	16.0
11	55007145	25.0	13.0
11	56085826	28.0	7.0
11	60821583	24.0	9.0
11	60821584	24.0	9.0
11	62674851	29.0	10.0
11	64059643	9.0	20.0
11	69498164	26.0	10.0
11	75389162	18.0	10.0
11	75931034	14.0	6.0
11	77390340	6.0	33.0
11	78360724	15.0	10.0
11	81596628	13.0	23.0
11	81893116	10.0	16.0
11	82020814	29.0	11.0
11	82071118	4.0	21.0
11	82971851	27.0	7.0
11	90512504	11.0	17.0
11	94309011	21.0	4.0
11	97162641	24.0	13.0
11	98172325	5.0	27.0
11	98188808	18.0	12.0
11	98448019	11.0	15.0
11	98461704	4.0	31.0
11	110035683	8.0	23.0
11	112983901	29.0	11.0
11	114709729	30.0	7.0
11	115709407	3.0	29.0
11	123373809	27.0	12.0
11	125018346	25.0	12.0
11	127701841	5.0	27.0
11	128883505	9.0	37.0
11	129755258	11.0	23.0
11	131277129	28.0	9.0
11	131466605	14.0	6.0
11	133513299	8.0	24.0
11	133840304	14.0	13.0
12	801066	3.0	22.0
12	3581809	8.0	19.0
12	3885859	11.0	2.0
12	5267564	17.0	31.0
12	6820245	9.0	10.0
12	7375002	3.0	30.0
12	10228209	21.0	14.0
12	11322157	23.0	7.0
12	11420585	15.0	23.0
12	16848591	25.0	7.0
12	18290722	9.0	25.0
12	19197819	14.0	7.0
12	23056110	5.0	2.0
12	23341263	8.0	18.0
12	23806543	20.0	21.0
12	24216773	21.0	5.0
12	25903172	8.0	30.0
12	33368344	28.0	13.0
12	39273809	13.0	27.0
12	40570852	4.0	19.0
12	41482033	3.0	29.0
12	44038102	4.0	32.0
12	47021610	26.0	5.0
12	48776562	60.0	455.0
12	48781649	429.0	39.0
12	48787766	453.0	43.0
12	48789160	407.0	29.0
12	48789343	427.0	36.0
12	48789480	462.0	23.0
12	48789771	382.0	30.0
12	48790857	456.0	36.0
12	48791368	433.0	34.0
12	48791453	442.0	38.0
12	48791490	431.0	31.0
12	49029701	14.0	476.0
12	50121908	736.0	56.0
12	50510716	37.0	12.0
12	50907583	583.0	23.0
12	50938327	205.0	533.0
12	50938720	193.0	496.0
12	51013400	28.0	663.0
12	51075090	39.0	507.0
12	51126229	95.0	627.0
12	51156002	25.0	556.0
12	51156137	29.0	680.0
12	51156491	24.0	496.0
12	52295299	205.0	24.0
12	52765502	196.0	32.0
12	52848809	1.0	125.0
12	52957556	37.0	207.0
12	52957570	43.0	213.0
12	52957685	19.0	204.0
12	52957696	15.0	204.0
12	52957753	4.0	211.0
12	52957777	11.0	200.0
12	52957824	32.0	180.0
12	52957992	49.0	174.0
12	52958033	42.0	160.0
12	53061599	21.0	289.0
12	53126762	19.0	250.0
12	55037879	22.0	6.0
12	55048966	27.0	9.0
12	56511286	26.0	8.0
12	57017440	32.0	8.0
12	57999563	20.0	8.0
12	58177206	136.0	594.0
12	58177770	123.0	623.0
12	58194194	134.0	510.0
12	58388387	445.0	283.0
12	58400393	64.0	228.0
12	58400626	96.0	290.0
12	58400630	96.0	292.0
12	58400914	81.0	335.0
12	58400950	85.0	321.0
12	58436693	12.0	339.0
12	58437418	15.0	377.0
12	58601479	136.0	315.0
12	58601538	133.0	394.0
12	58900887	196.0	598.0
12	60130658	11.0	39.0
12	60130675	15.0	41.0
12	60130716	21.0	42.0
12	61322395	26.0	5.0
12	61399191	7.0	24.0
12	62016352	17.0	64.0
12	62341343	48.0	81.0
12	62395645	31.0	86.0
12	62518752	51.0	105.0
12	62543060	97.0	55.0
12	62543061	96.0	53.0
12	62545297	123.0	75.0
12	62546090	90.0	61.0
12	62546139	91.0	54.0
12	62546167	90.0	44.0
12	62546434	113.0	57.0
12	62546702	83.0	46.0
12	62547104	108.0	51.0
12	62547345	96.0	55.0
12	62550090	98.0	56.0
12	62554559	96.0	52.0
12	62554582	84.0	51.0
12	62706978	32.0	27.0
12	63491215	14.0	50.0
12	65085116	19.0	336.0
12	65085166	22.0	332.0
12	65085637	19.0	364.0
12	65085786	14.0	374.0
12	65124512	28.0	370.0
12	65296622	230.0	223.0
12	65296813	233.0	271.0
12	65474946	47.0	209.0
12	65746997	37.0	220.0
12	65755957	34.0	205.0
12	65931441	23.0	209.0
12	66047723	27.0	88.0
12	66289292	287.0	365.0
12	66289420	281.0	428.0
12	66289534	261.0	430.0
12	66289582	249.0	432.0
12	66289664	211.0	428.0
12	66289691	218.0	406.0
12	66289746	228.0	388.0
12	66289941	292.0	422.0
12	66289985	236.0	437.0
12	66290216	223.0	376.0
12	66290294	44.0	402.0
12	66290306	14.0	400.0
12	66290327	2.0	380.0
12	66290328	3.0	383.0
12	66290340	52.0	364.0
12	66290437	216.0	384.0
12	66290478	223.0	396.0
12	66290525	166.0	415.0
12	66290587	30.0	449.0
12	66290591	18.0	440.0
12	66290623	85.0	429.0
12	66290675	208.0	403.0
12	66290720	241.0	398.0
12	67118543	286.0	28.0
12	67142365	291.0	43.0
12	67386214	64.0	505.0
12	67592969	83.0	493.0
12	67624769	332.0	278.0
12	67624897	330.0	269.0
12	67625608	350.0	251.0
12	67686348	54.0	234.0
12	67856613	32.0	291.0
12	68037966	9.0	252.0
12	68355789	2.0	130.0
12	68405298	64.0	159.0
12	68405427	55.0	155.0
12	68478211	137.0	43.0
12	68479288	116.0	27.0
12	68479469	121.0	28.0
12	69049700	17.0	513.0
12	69092120	123.0	828.0
12	69092746	100.0	786.0
12	69092835	101.0	740.0
12	69098105	89.0	765.0
12	69098180	96.0	898.0
12	69175350	60.0	663.0
12	69175840	76.0	923.0
12	69175899	80.0	929.0
12	69176592	63.0	743.0
12	69177196	70.0	896.0
12	69177234	65.0	891.0
12	69177481	61.0	786.0
12	69177903	44.0	742.0
12	69177906	44.0	742.0
12	69188092	203.0	947.0
12	69188512	211.0	882.0
12	69189112	181.0	511.0
12	69191016	189.0	517.0
12	69474102	124.0	202.0
12	69474165	123.0	220.0
12	69577098	10.0	216.0
12	69749282	27.0	276.0
12	69817148	36.0	470.0
12	70113878	22.0	467.0
12	70289603	59.0	481.0
12	70502560	421.0	246.0
12	70619544	33.0	265.0
12	70619577	31.0	257.0
12	70621589	50.0	270.0
12	70698862	209.0	41.0
12	70795700	57.0	821.0
12	70795861	79.0	962.0
12	70830004	227.0	609.0
12	70830035	249.0	618.0
12	70830101	277.0	643.0
12	70830236	290.0	666.0
12	70891086	23.0	645.0
12	70974905	69.0	536.0
12	71217204	258.0	545.0
12	71243809	13.0	447.0
12	71243825	13.0	424.0
12	71484754	5.0	35.0
12	72480868	202.0	48.0
12	72481047	234.0	23.0
12	73571690	29.0	9.0
12	73597711	4.0	34.0
12	73609355	17.0	24.0
12	73906390	305.0	250.0
12	73906483	253.0	216.0
12	73906719	43.0	474.0
12	73906788	279.0	227.0
12	73906891	269.0	251.0
12	73906976	299.0	248.0
12	73907059	161.0	251.0
12	73907077	162.0	258.0
12	73907112	154.0	246.0
12	73907202	287.0	208.0
12	73907301	294.0	239.0
12	73908899	251.0	220.0
12	73909038	287.0	226.0
12	73909071	304.0	231.0
12	74045028	48.0	90.0
12	74258670	100.0	37.0
12	74258707	119.0	38.0
12	74259185	120.0	36.0
12	74259329	117.0	35.0
12	74260184	133.0	32.0
12	74260208	134.0	37.0
12	74346932	13.0	13.0
12	74475888	122.0	34.0
12	74637027	46.0	203.0
12	74740863	52.0	205.0
12	74740880	48.0	195.0
12	74862337	17.0	503.0
12	74901323	32.0	692.0
12	75132084	63.0	717.0
12	75174799	59.0	583.0
12	75305700	23.0	653.0
12	75391713	100.0	704.0
12	75392117	116.0	766.0
12	75392713	115.0	685.0
12	75393178	112.0	761.0
12	75393257	129.0	769.0
12	75393640	144.0	754.0
12	75394262	130.0	625.0
12	75395022	104.0	628.0
12	75462145	128.0	800.0
12	75477064	129.0	792.0
12	75503119	109.0	803.0
12	75510064	29.0	871.0
12	75510084	41.0	898.0
12	75510090	44.0	917.0
12	75527534	29.0	841.0
12	75604750	26.0	858.0
12	75611700	34.0	884.0
12	75614101	41.0	873.0
12	75639910	52.0	837.0
12	75645966	168.0	753.0
12	75646021	181.0	742.0
12	75646172	119.0	736.0
12	75646225	16.0	708.0
12	75646235	5.0	716.0
12	75646252	27.0	696.0
12	75646290	99.0	682.0
12	75646433	156.0	614.0
12	75646535	146.0	608.0
12	75650127	95.0	776.0
12	75652258	181.0	642.0
12	75667999	530.0	44.0
12	75682617	34.0	469.0
12	75699364	38.0	314.0
12	75699923	43.0	377.0
12	75700124	50.0	374.0
12	75700250	55.0	409.0
12	75700957	48.0	443.0
12	75701740	35.0	465.0
12	75703251	51.0	438.0
12	75704795	25.0	425.0
12	75704801	25.0	418.0
12	75747403	64.0	522.0
12	75750409	57.0	467.0
12	75750429	58.0	463.0
12	75750588	61.0	469.0
12	75750718	14.0	479.0
12	75752004	63.0	511.0
12	75752165	49.0	506.0
12	75752259	47.0	429.0
12	75752739	13.0	297.0
12	75752757	13.0	297.0
12	75752780	18.0	305.0
12	75752956	56.0	418.0
12	75753446	46.0	467.0
12	75754188	51.0	434.0
12	75754483	54.0	402.0
12	75848613	182.0	244.0
12	75917066	57.0	892.0
12	75920880	25.0	1011.0
12	75942270	135.0	952.0
12	76053786	199.0	1249.0
12	76096429	23.0	561.0
12	76121653	45.0	1305.0
12	76131316	105.0	1471.0
12	76131660	148.0	1620.0
12	76131869	130.0	1533.0
12	76132146	126.0	1535.0
12	76232123	35.0	1470.0
12	76232200	58.0	1434.0
12	76299971	20.0	736.0
12	76356493	447.0	272.0
12	76357983	468.0	288.0
12	76827021	53.0	212.0
12	76872881	23.0	255.0
12	76872908	18.0	261.0
12	76884249	24.0	185.0
12	77302118	26.0	159.0
12	77302376	31.0	145.0
12	77354076	35.0	130.0
12	77354769	31.0	145.0
12	77355150	24.0	112.0
12	77472701	123.0	24.0
12	77474242	138.0	42.0
12	77573380	222.0	31.0
12	77573834	262.0	31.0
12	79138424	97.0	43.0
12	79139091	73.0	19.0
12	79139160	70.0	25.0
12	79220327	82.0	34.0
12	79872985	13.0	24.0
12	82233299	35.0	7.0
12	82955229	307.0	26.0
12	85082149	11.0	20.0
12	86273819	6.0	11.0
12	87775779	39.0	7.0
12	88396484	14.0	33.0
12	89711826	26.0	9.0
12	90475596	14.0	292.0
12	90488916	11.0	299.0
12	90571266	15.0	439.0
12	90735465	68.0	706.0
12	90775315	43.0	609.0
12	90788257	46.0	535.0
12	90788306	43.0	419.0
12	90788742	19.0	494.0
12	90844429	738.0	28.0
12	91333135	257.0	23.0
12	91334625	217.0	41.0
12	91334643	199.0	39.0
12	91334917	454.0	32.0
12	91335114	514.0	41.0
12	91335305	432.0	46.0
12	91335502	466.0	33.0
12	91336808	461.0	44.0
12	91336837	457.0	43.0
12	91379834	809.0	48.0
12	91382146	765.0	41.0
12	91382259	738.0	28.0
12	91382265	755.0	27.0
12	91832303	134.0	25.0
12	91833439	111.0	30.0
12	91833854	130.0	42.0
12	92007677	25.0	12.0
12	92811294	622.0	28.0
12	93048482	61.0	223.0
12	93158709	20.0	219.0
12	93270665	157.0	30.0
12	93527114	30.0	10.0
12	93830421	19.0	108.0
12	96467361	103.0	176.0
12	96471278	92.0	164.0
12	96494386	99.0	192.0
12	96494402	95.0	176.0
12	96494540	77.0	180.0
12	97388662	27.0	10.0
12	98126907	19.0	8.0
12	98264301	62.0	239.0
12	100307843	29.0	5.0
12	101532117	14.0	47.0
12	102080282	178.0	243.0
12	102086981	137.0	230.0
12	102087601	149.0	270.0
12	102099831	379.0	26.0
12	103505910	23.0	10.0
12	103554737	14.0	22.0
12	108377824	28.0	16.0
12	110024213	20.0	8.0
12	110369745	42.0	9.0
12	111332176	197.0	143.0
12	111384097	18.0	126.0
12	111384284	107.0	44.0
12	111597368	11.0	174.0
12	111640235	95.0	97.0
12	111650088	98.0	118.0
12	111948749	49.0	269.0
12	111948944	57.0	297.0
12	111949583	53.0	239.0
12	111950463	33.0	241.0
12	112016501	15.0	398.0
12	112048165	56.0	255.0
12	112096231	24.0	249.0
12	112252461	6.0	119.0
12	112321812	165.0	164.0
12	112322077	137.0	118.0
12	112352669	6.0	262.0
12	112352670	6.0	261.0
12	112352673	6.0	255.0
12	112579520	66.0	487.0
12	112580086	53.0	447.0
12	112689472	18.0	611.0
12	112731523	75.0	574.0
12	112732140	105.0	616.0
12	112732213	111.0	627.0
12	112742537	109.0	425.0
12	112773010	15.0	318.0
12	112781656	969.0	425.0
12	112782959	817.0	360.0
12	112784685	852.0	372.0
12	112786413	172.0	1170.0
12	112787323	342.0	561.0
12	112787324	341.0	560.0
12	112787995	898.0	598.0
12	112788400	109.0	1403.0
12	112788471	102.0	1588.0
12	112788499	108.0	1540.0
12	112788566	99.0	1440.0
12	112788754	92.0	1416.0
12	112788785	57.0	1407.0
12	112788839	50.0	1302.0
12	112788848	61.0	1263.0
12	112788946	857.0	599.0
12	112790534	772.0	398.0
12	112819680	82.0	848.0
12	112819789	83.0	1031.0
12	112819977	69.0	898.0
12	112828713	78.0	648.0
12	112859357	994.0	43.0
12	112859464	984.0	30.0
12	112859487	968.0	26.0
12	115496372	35.0	10.0
12	115977937	10.0	22.0
12	117381040	4.0	36.0
12	118076057	79.0	293.0
12	118118073	70.0	394.0
12	118119241	37.0	302.0
12	118119367	55.0	342.0
12	118119409	53.0	395.0
12	118119548	49.0	387.0
12	118257321	62.0	36.0
12	118257884	51.0	30.0
12	118257891	49.0	29.0
12	118257924	30.0	33.0
12	118315081	10.0	117.0
12	118971754	47.0	290.0
12	119002952	41.0	221.0
12	119185035	275.0	22.0
12	120852622	17.0	5.0
12	121724445	589.0	38.0
12	121726803	623.0	43.0
12	121726888	522.0	29.0
12	121726970	664.0	35.0
12	121727179	708.0	33.0
12	121727182	719.0	28.0
12	121754990	26.0	708.0
12	121838299	26.0	772.0
12	121839346	49.0	1125.0
12	121905932	218.0	890.0
12	121905964	231.0	858.0
12	121923989	47.0	951.0
12	121951389	791.0	297.0
12	121951559	839.0	375.0
12	121951575	873.0	397.0
12	121952310	801.0	313.0
12	122062810	27.0	345.0
12	122107309	41.0	1063.0
12	122125199	44.0	1178.0
12	122125296	39.0	1107.0
12	122125766	41.0	1043.0
12	122126657	43.0	1157.0
12	122203162	27.0	1084.0
12	122233278	18.0	321.0
12	122294177	21.0	283.0
12	122508360	45.0	235.0
12	122762118	132.0	136.0
12	126373259	12.0	26.0
12	126534814	120.0	50.0
12	126534839	41.0	43.0
12	126551652	20.0	409.0
12	126551669	19.0	429.0
12	126668502	43.0	376.0
12	126697425	103.0	373.0
12	126782856	7.0	27.0
12	126783635	5.0	10.0
12	127065574	19.0	17.0
12	129985283	28.0	3.0
12	131190915	30.0	11.0
12	132121987	54.0	580.0
12	132181721	671.0	46.0
13	19479551	6.0	19.0
13	21327853	14.0	27.0
13	22604047	18.0	24.0
13	22937770	31.0	16.0
13	23345369	14.0	26.0
13	23572114	8.0	31.0
13	27433051	9.0	26.0
13	28142109	26.0	22.0
13	28376364	15.0	33.0
13	28766944	27.0	24.0
13	29128932	11.0	40.0
13	32368457	17.0	30.0
13	32711656	28.0	22.0
13	32961069	12.0	37.0
13	33146267	10.0	31.0
13	33209499	4.0	14.0
13	33515001	13.0	38.0
13	34674265	22.0	28.0
13	35223760	27.0	23.0
13	38610356	4.0	8.0
13	39259472	13.0	36.0
13	41985503	4.0	31.0
13	42085275	10.0	35.0
13	42507612	15.0	40.0
13	42767019	10.0	36.0
13	43155848	6.0	32.0
13	43407172	22.0	20.0
13	43946331	13.0	51.0
13	44190550	3.0	16.0
13	48531096	21.0	30.0
13	49262732	8.0	47.0
13	50698344	4.0	22.0
13	51038905	13.0	33.0
13	51640554	23.0	13.0
13	53540056	9.0	17.0
13	53923142	27.0	17.0
13	54377222	12.0	43.0
13	54651347	8.0	16.0
13	54667725	5.0	51.0
13	55501810	4.0	52.0
13	56015046	18.0	21.0
13	56743397	7.0	48.0
13	57883574	12.0	4.0
13	58090328	35.0	28.0
13	59763088	15.0	31.0
13	59801210	26.0	26.0
13	60131325	12.0	36.0
13	60375482	10.0	27.0
13	60907590	9.0	32.0
13	61895535	21.0	20.0
13	62130753	16.0	43.0
13	62448826	30.0	18.0
13	62476223	20.0	15.0
13	62657242	9.0	30.0
13	63388765	10.0	31.0
13	63514723	12.0	32.0
13	63738868	22.0	29.0
13	64419656	16.0	31.0
13	65245622	6.0	30.0
13	67427593	12.0	33.0
13	68366335	11.0	44.0
13	68636592	11.0	43.0
13	68927807	6.0	34.0
13	68941555	6.0	29.0
13	69086093	8.0	27.0
13	69148346	6.0	36.0
13	69502506	14.0	38.0
13	69993861	21.0	42.0
13	71161067	5.0	26.0
13	71225777	13.0	29.0
13	71225796	13.0	33.0
13	71226273	14.0	19.0
13	72621008	13.0	27.0
13	73825063	11.0	20.0
13	74929070	10.0	16.0
13	75161929	9.0	28.0
13	75201237	21.0	20.0
13	76578432	6.0	34.0
13	78248101	16.0	15.0
13	78605343	15.0	26.0
13	79366380	9.0	25.0
13	80436496	9.0	16.0
13	81601320	9.0	26.0
13	81756586	8.0	20.0
13	81846263	14.0	22.0
13	81948509	13.0	17.0
13	81961684	17.0	18.0
13	84186654	9.0	24.0
13	84226108	13.0	15.0
13	84239593	9.0	26.0
13	87332962	14.0	27.0
13	87728467	13.0	18.0
13	87770501	18.0	20.0
13	88709534	13.0	25.0
13	88712000	19.0	17.0
13	88954467	8.0	25.0
13	89286129	10.0	25.0
13	91231322	14.0	21.0
13	91845666	10.0	22.0
13	91847047	15.0	22.0
13	92300283	15.0	24.0
13	96045630	12.0	18.0
13	96472166	11.0	26.0
13	98727462	10.0	14.0
13	99061889	13.0	17.0
13	100176660	10.0	25.0
13	100927561	17.0	17.0
13	103246927	15.0	18.0
13	104419127	9.0	7.0
13	104714248	4.0	46.0
13	106749773	14.0	25.0
13	106857272	18.0	20.0
13	107106962	7.0	24.0
13	107869511	13.0	15.0
13	108397833	12.0	27.0
13	108490061	8.0	21.0
13	108665073	11.0	29.0
13	108937014	19.0	24.0
13	109659504	13.0	18.0
13	109698016	7.0	18.0
13	109720774	12.0	23.0
13	110125837	13.0	23.0
13	110543769	7.0	23.0
13	110742231	18.0	28.0
13	110968788	20.0	22.0
13	111072441	11.0	30.0
13	111195831	27.0	27.0
13	113601258	17.0	20.0
14	19049177	9.0	84.0
14	19198908	5.0	46.0
14	20803416	14.0	14.0
14	22323390	13.0	21.0
14	23979833	11.0	26.0
14	25293644	16.0	22.0
14	26391155	13.0	23.0
14	29175428	12.0	18.0
14	29637721	11.0	14.0
14	29692133	11.0	22.0
14	29854373	10.0	16.0
14	29982169	9.0	12.0
14	31640570	7.0	28.0
14	31882983	15.0	18.0
14	32002277	17.0	18.0
14	32169915	6.0	14.0
14	32181629	2.0	16.0
14	34061601	12.0	20.0
14	34894385	10.0	26.0
14	36034439	12.0	17.0
14	37733447	7.0	26.0
14	38145534	12.0	25.0
14	38827313	17.0	26.0
14	39699719	12.0	19.0
14	41099151	7.0	18.0
14	41231557	16.0	16.0
14	41379173	15.0	21.0
14	41407057	11.0	19.0
14	44123185	18.0	24.0
14	44281702	10.0	16.0
14	46311825	12.0	12.0
14	46790776	14.0	33.0
14	46999466	14.0	31.0
14	47555840	12.0	27.0
14	47706194	6.0	33.0
14	47716219	17.0	24.0
14	49280193	10.0	15.0
14	49480807	12.0	28.0
14	51177387	10.0	19.0
14	52229733	8.0	20.0
14	53323796	9.0	29.0
14	53942437	24.0	14.0
14	55434224	17.0	21.0
14	57148810	11.0	23.0
14	57466104	18.0	18.0
14	57754726	16.0	20.0
14	58727118	8.0	22.0
14	58727119	8.0	22.0
14	59955988	17.0	18.0
14	60885419	17.0	21.0
14	62285312	11.0	23.0
14	62373380	12.0	14.0
14	62816874	11.0	24.0
14	62917232	18.0	22.0
14	64686147	18.0	22.0
14	65984844	17.0	27.0
14	66194055	13.0	19.0
14	66647639	13.0	23.0
14	67454621	18.0	25.0
14	67704441	16.0	21.0
14	72417847	19.0	29.0
14	74346445	15.0	25.0
14	77002840	11.0	17.0
14	77710868	19.0	16.0
14	79079248	3.0	33.0
14	79588036	7.0	24.0
14	80252973	10.0	19.0
14	80920964	18.0	20.0
14	84700045	11.0	15.0
14	86089224	8.0	15.0
14	87813668	3.0	27.0
14	88389729	14.0	27.0
14	89691961	13.0	24.0
14	92244000	10.0	24.0
14	92559944	18.0	36.0
14	93243294	12.0	18.0
14	94937322	14.0	22.0
14	96091671	9.0	11.0
14	97547693	13.0	27.0
14	97905910	12.0	26.0
14	98814095	3.0	33.0
14	99665667	18.0	25.0
14	99721822	12.0	19.0
14	103179910	10.0	19.0
14	103491872	13.0	13.0
14	106068512	17.0	30.0
14	106690967	7.0	35.0
14	106850696	15.0	34.0
14	106987023	5.0	16.0
15	20105071	14.0	42.0
15	20556288	6.0	71.0
15	22390554	24.0	60.0
15	22901864	10.0	79.0
15	23018050	3.0	60.0
15	23018055	3.0	59.0
15	24022177	7.0	48.0
15	24081700	10.0	71.0
15	24399087	10.0	47.0
15	24864459	45.0	39.0
15	25304902	10.0	26.0
15	29127475	17.0	6.0
15	29439075	5.0	15.0
15	33766029	10.0	38.0
15	33780298	11.0	37.0
15	36961260	12.0	32.0
15	37026468	28.0	12.0
15	37856143	15.0	31.0
15	40020590	27.0	30.0
15	42368538	14.0	54.0
15	42905489	12.0	39.0
15	42906168	16.0	41.0
15	43815590	20.0	32.0
15	44226500	32.0	36.0
15	44281412	10.0	43.0
15	46481308	13.0	34.0
15	46906985	18.0	19.0
15	48797180	22.0	7.0
15	50037363	17.0	34.0
15	51543549	26.0	19.0
15	52356317	19.0	23.0
15	52552159	6.0	32.0
15	52552208	1.0	37.0
15	52552209	1.0	37.0
15	52632143	14.0	22.0
15	52646570	16.0	49.0
15	52681134	18.0	40.0
15	52681230	10.0	33.0
15	52681305	10.0	35.0
15	52698610	32.0	31.0
15	53134203	11.0	37.0
15	53250206	34.0	17.0
15	53395386	13.0	37.0
15	53879850	15.0	35.0
15	53882426	11.0	25.0
15	54482714	32.0	24.0
15	54744855	11.0	21.0
15	55422684	10.0	39.0
15	56772419	9.0	23.0
15	56847808	12.0	47.0
15	57007515	14.0	38.0
15	58819235	24.0	19.0
15	60596746	19.0	60.0
15	62500570	27.0	44.0
15	62884762	27.0	37.0
15	63496326	29.0	39.0
15	63724632	19.0	32.0
15	69318274	19.0	26.0
15	70710493	6.0	42.0
15	70722339	25.0	34.0
15	70985090	23.0	40.0
15	71119524	19.0	35.0
15	72007127	26.0	27.0
15	73147233	12.0	31.0
15	73768149	19.0	36.0
15	73961869	32.0	43.0
15	74030406	30.0	36.0
15	74497313	8.0	54.0
15	74855453	8.0	48.0
15	75319624	29.0	15.0
15	77844429	21.0	38.0
15	77923130	19.0	46.0
15	78311748	19.0	31.0
15	79114141	23.0	32.0
15	80570016	16.0	45.0
15	80845418	32.0	35.0
15	83549894	30.0	39.0
15	84058445	31.0	43.0
15	84770714	30.0	46.0
15	87578329	3.0	18.0
15	88850154	10.0	41.0
15	88850168	8.0	49.0
15	91207069	25.0	25.0
15	91319952	25.0	29.0
15	91739730	16.0	45.0
15	93813601	18.0	48.0
15	95245382	22.0	37.0
15	95257493	22.0	45.0
15	95438357	9.0	40.0
15	95974869	13.0	50.0
15	95984042	16.0	49.0
15	96026374	14.0	53.0
15	96277962	7.0	37.0
15	97324370	6.0	38.0
15	97334845	14.0	42.0
15	97669421	24.0	30.0
15	101880214	13.0	42.0
15	102092642	30.0	31.0
16	2252111	11.0	56.0
16	3518413	17.0	33.0
16	4833073	29.0	26.0
16	5035357	7.0	31.0
16	5394779	24.0	37.0
16	5435882	10.0	46.0
16	5892212	18.0	29.0
16	5912093	6.0	57.0
16	6217645	11.0	46.0
16	6542886	15.0	28.0
16	6879866	9.0	49.0
16	6880549	10.0	53.0
16	6984346	12.0	57.0
16	7149245	25.0	35.0
16	7529972	26.0	39.0
16	7641381	6.0	60.0
16	8038260	4.0	48.0
16	10311540	12.0	26.0
16	10320008	26.0	41.0
16	10903639	14.0	43.0
16	12360826	5.0	47.0
16	12392719	24.0	38.0
16	17021590	21.0	28.0
16	17532205	34.0	37.0
16	18586150	13.0	20.0
16	18875662	5.0	36.0
16	20316493	25.0	45.0
16	20588475	20.0	40.0
16	21548169	9.0	83.0
16	21610527	17.0	28.0
16	22686315	26.0	78.0
16	23391983	9.0	39.0
16	23958377	13.0	23.0
16	24313019	20.0	25.0
16	24720970	23.0	28.0
16	26415269	7.0	47.0
16	28087143	11.0	37.0
16	31362138	18.0	26.0
16	31803159	21.0	30.0
16	32526457	16.0	151.0
16	32530265	15.0	145.0
16	33711160	18.0	55.0
16	34214384	18.0	31.0
16	34381409	29.0	39.0
16	34632468	27.0	26.0
16	35088442	13.0	28.0
16	35134603	22.0	25.0
16	35231390	18.0	26.0
16	46766264	16.0	35.0
16	51294144	25.0	28.0
16	51799998	15.0	42.0
16	51832351	18.0	48.0
16	51911474	11.0	47.0
16	52083737	5.0	51.0
16	52325570	21.0	31.0
16	58027194	29.0	38.0
16	58234251	10.0	55.0
16	58384888	30.0	30.0
16	59194090	23.0	35.0
16	59296599	23.0	30.0
16	60037958	18.0	30.0
16	60717806	17.0	53.0
16	61557389	30.0	34.0
16	61635020	30.0	25.0
16	61903589	32.0	37.0
16	63342276	14.0	45.0
16	65202482	20.0	36.0
16	65320254	28.0	38.0
16	65866323	26.0	23.0
16	69496547	13.0	55.0
16	73613040	14.0	45.0
16	74937800	29.0	24.0
16	76025651	13.0	51.0
16	76687713	13.0	48.0
16	77224950	27.0	24.0
16	77425372	10.0	22.0
16	77950688	7.0	19.0
16	78346657	18.0	24.0
16	81861336	29.0	36.0
16	82795137	21.0	29.0
16	82881378	17.0	42.0
16	84044958	26.0	20.0
16	84480529	5.0	52.0
16	85166671	18.0	25.0
16	85384547	22.0	31.0
16	85676638	23.0	32.0
16	86108305	23.0	28.0
16	86599493	11.0	30.0
16	86649332	32.0	35.0
16	88873753	30.0	34.0
16	89811991	32.0	7.0
17	920092	21.0	35.0
17	2873428	8.0	34.0
17	3592749	28.0	30.0
17	3681578	23.0	36.0
17	5570256	22.0	36.0
17	6271544	13.0	46.0
17	6286802	31.0	31.0
17	6598704	24.0	39.0
17	8310555	27.0	39.0
17	8471917	15.0	44.0
17	9898482	16.0	55.0
17	10098054	25.0	29.0
17	10658811	14.0	28.0
17	12609843	7.0	73.0
17	18546660	21.0	32.0
17	18637534	7.0	32.0
17	20267802	13.0	32.0
17	20314904	36.0	30.0
17	20512546	18.0	39.0
17	21283541	13.0	40.0
17	21362558	18.0	38.0
17	21714219	13.0	56.0
17	21744973	24.0	35.0
17	22205900	30.0	35.0
17	25389851	5.0	50.0
17	26554057	20.0	35.0
17	27738885	17.0	46.0
17	30791508	5.0	49.0
17	31838902	21.0	32.0
17	32501403	33.0	32.0
17	33211962	24.0	37.0
17	33666137	22.0	30.0
17	36566848	26.0	36.0
17	37208836	11.0	48.0
17	37639424	30.0	32.0
17	38443420	27.0	29.0
17	39041609	18.0	33.0
17	41411872	20.0	26.0
17	43737765	23.0	36.0
17	45803537	11.0	48.0
17	46498789	22.0	22.0
17	46791173	23.0	33.0
17	47271186	28.0	33.0
17	47342659	1.0	32.0
17	50612703	12.0	41.0
17	50743903	25.0	26.0
17	50904203	12.0	49.0
17	51313314	12.0	41.0
17	51353334	20.0	29.0
17	51393284	25.0	39.0
17	51877792	24.0	32.0
17	52216655	9.0	22.0
17	52574396	10.0	44.0
17	54056544	35.0	36.0
17	54962555	13.0	49.0
17	55124013	19.0	26.0
17	56272254	24.0	28.0
17	56593649	12.0	37.0
17	58029558	22.0	36.0
17	59574596	24.0	41.0
17	60329240	12.0	41.0
17	60487740	16.0	35.0
17	61095846	24.0	34.0
17	61364819	25.0	26.0
17	62483593	5.0	49.0
17	66024648	7.0	44.0
17	70316455	25.0	41.0
17	70417071	17.0	33.0
17	70723527	16.0	34.0
17	70725989	30.0	35.0
17	71728465	9.0	36.0
17	71835992	27.0	36.0
17	74866399	12.0	33.0
17	74948265	15.0	46.0
17	75516354	21.0	30.0
17	76356039	19.0	33.0
18	991561	20.0	45.0
18	1109112	4.0	69.0
18	1605511	24.0	47.0
18	2965223	44.0	37.0
18	3290043	29.0	17.0
18	3319822	35.0	39.0
18	4228153	21.0	42.0
18	5548757	16.0	42.0
18	5791954	14.0	75.0
18	7440618	24.0	46.0
18	8475053	26.0	35.0
18	9106417	40.0	28.0
18	11412574	18.0	58.0
18	13052814	8.0	53.0
18	20720148	17.0	74.0
18	21132700	30.0	35.0
18	21631830	33.0	34.0
18	21661577	41.0	43.0
18	22183277	25.0	42.0
18	22390649	31.0	37.0
18	23991933	29.0	52.0
18	24535360	45.0	34.0
18	24781952	27.0	32.0
18	25212437	20.0	34.0
18	25912531	39.0	37.0
18	25919997	22.0	33.0
18	25991774	22.0	23.0
18	27027135	20.0	16.0
18	28608038	31.0	31.0
18	28718872	26.0	24.0
18	29043225	13.0	33.0
18	29212327	38.0	13.0
18	29732371	28.0	17.0
18	30239892	27.0	27.0
18	30944571	17.0	34.0
18	33831521	16.0	39.0
18	35183515	15.0	39.0
18	35236394	13.0	39.0
18	35634602	14.0	32.0
18	35968439	18.0	37.0
18	36792801	6.0	33.0
18	37170426	11.0	22.0
18	38184479	10.0	44.0
18	38239108	5.0	51.0
18	38661558	11.0	43.0
18	39041477	10.0	26.0
18	42844586	11.0	28.0
18	43048057	8.0	34.0
18	44296196	34.0	19.0
18	47431107	25.0	19.0
18	47623406	4.0	47.0
18	48112381	14.0	33.0
18	48314319	18.0	20.0
18	49975797	10.0	38.0
18	50287813	4.0	50.0
18	50390628	16.0	35.0
18	52356939	13.0	36.0
18	52662037	13.0	29.0
18	53489882	16.0	38.0
18	55560774	29.0	21.0
18	57450935	16.0	26.0
18	57979374	30.0	16.0
18	58132031	23.0	13.0
18	58214312	31.0	20.0
18	58628445	31.0	30.0
18	59152533	7.0	44.0
18	59457286	10.0	20.0
18	60556337	23.0	22.0
18	60973427	11.0	26.0
18	61426021	8.0	31.0
18	62404299	28.0	21.0
18	63003701	18.0	20.0
18	63489324	10.0	46.0
18	64210989	17.0	19.0
18	64247106	34.0	23.0
18	64399657	15.0	45.0
18	64736132	6.0	36.0
18	64825937	9.0	31.0
18	64922838	33.0	27.0
18	65448082	20.0	41.0
18	67454805	8.0	29.0
18	68135432	19.0	23.0
18	68549263	26.0	23.0
18	68614253	10.0	33.0
18	70037968	11.0	44.0
18	70621742	27.0	17.0
18	71370535	14.0	40.0
18	71770935	29.0	18.0
18	73939655	26.0	16.0
18	74051966	12.0	27.0
18	74997474	15.0	22.0
18	75322143	10.0	34.0
18	75972926	17.0	43.0
18	77199501	11.0	32.0
19	354877	27.0	26.0
19	1503000	39.0	38.0
19	2129123	32.0	26.0
19	2919086	31.0	60.0
19	3301306	17.0	33.0
19	4574121	7.0	38.0
19	4574122	7.0	38.0
19	4574509	4.0	45.0
19	4598756	5.0	39.0
19	5006435	17.0	39.0
19	5066861	5.0	50.0
19	6330931	22.0	29.0
19	6894868	8.0	61.0
19	6894957	4.0	64.0
19	6894967	6.0	62.0
19	6895032	9.0	68.0
19	6895354	15.0	65.0
19	6904378	11.0	28.0
19	8171060	23.0	51.0
19	9533937	25.0	44.0
19	9553039	23.0	33.0
19	10537760	5.0	68.0
19	10805189	29.0	48.0
19	11701257	30.0	25.0
19	12541977	30.0	101.0
19	12605301	38.0	35.0
19	14002395	44.0	30.0
19	14449552	35.0	45.0
19	14519583	11.0	63.0
19	14958591	1.0	23.0
19	15138124	7.0	43.0
19	15222368	7.0	52.0
19	15640241	14.0	62.0
19	15641178	7.0	43.0
19	15641312	12.0	56.0
19	15643435	11.0	65.0
19	15643673	6.0	67.0
19	15827936	24.0	18.0
19	16824220	24.0	28.0
19	17597946	18.0	17.0
19	17761064	12.0	49.0
19	19516518	13.0	50.0
19	19540901	6.0	77.0
19	19540903	6.0	75.0
19	19540941	3.0	74.0
19	20805512	21.0	28.0
19	22337600	4.0	51.0
19	23386330	16.0	60.0
19	23634864	9.0	72.0
19	24525725	27.0	90.0
19	27757899	31.0	50.0
19	28800387	44.0	27.0
19	29438122	24.0	41.0
19	29712603	23.0	50.0
19	30838244	38.0	37.0
19	30838343	39.0	24.0
19	31090832	11.0	48.0
19	31091049	8.0	48.0
19	31091172	8.0	54.0
19	31091511	11.0	46.0
19	31114043	10.0	61.0
19	31114799	6.0	65.0
19	31114803	6.0	62.0
19	31115093	9.0	65.0
19	32086069	21.0	49.0
19	32706690	16.0	54.0
19	33628256	16.0	30.0
19	33844060	13.0	50.0
19	34358293	14.0	29.0
19	35562935	5.0	13.0
19	36632156	6.0	19.0
19	38167697	15.0	31.0
19	38858569	19.0	17.0
19	40913376	15.0	18.0
19	43345637	30.0	18.0
19	49083092	19.0	19.0
19	51219005	28.0	22.0
19	52979259	12.0	20.0
19	54226551	25.0	25.0
19	54545662	31.0	17.0
19	55447580	11.0	11.0
19	55529551	12.0	47.0
19	55529702	12.0	40.0
19	55530046	19.0	42.0
19	55530275	13.0	50.0
19	55530281	12.0	48.0
19	55530457	4.0	36.0
19	55541185	13.0	47.0
19	55542715	11.0	47.0
19	55824327	13.0	19.0
19	56489655	10.0	45.0
19	56557577	19.0	24.0
19	57365444	23.0	16.0
19	58613302	21.0	32.0
2	98227	12.0	59.0
2	99253	16.0	29.0
2	771373	15.0	27.0
2	1591747	9.0	17.0
2	1751715	14.0	48.0
2	2222706	14.0	41.0
2	2390497	22.0	27.0
2	4026931	19.0	29.0
2	4186878	12.0	42.0
2	5442354	6.0	39.0
2	5485329	19.0	25.0
2	6285772	22.0	20.0
2	6745288	10.0	49.0
2	8578237	12.0	38.0
2	8882166	11.0	31.0
2	11062249	15.0	48.0
2	11150598	25.0	29.0
2	14191879	7.0	38.0
2	14745668	13.0	59.0
2	14764783	28.0	43.0
2	15093471	23.0	38.0
2	15293960	13.0	70.0
2	15294156	11.0	59.0
2	15294927	14.0	58.0
2	15295105	15.0	60.0
2	15295108	15.0	62.0
2	15295217	14.0	46.0
2	15295331	13.0	60.0
2	16464930	25.0	30.0
2	17286479	19.0	45.0
2	17574622	43.0	44.0
2	19578997	20.0	48.0
2	20845762	14.0	30.0
2	22257892	6.0	42.0
2	22657289	31.0	33.0
2	24173745	18.0	21.0
2	25114254	29.0	20.0
2	27114190	6.0	38.0
2	29486479	24.0	28.0
2	30971664	35.0	36.0
2	31235043	17.0	18.0
2	31292636	24.0	33.0
2	31359162	16.0	31.0
2	32231990	15.0	13.0
2	33599058	28.0	31.0
2	33749869	22.0	30.0
2	34565867	8.0	47.0
2	34705187	12.0	47.0
2	34817850	10.0	42.0
2	34840753	10.0	35.0
2	35540465	18.0	53.0
2	35781693	11.0	41.0
2	36294348	9.0	48.0
2	38761895	23.0	21.0
2	40222733	30.0	35.0
2	40309079	24.0	44.0
2	40388052	22.0	35.0
2	43903765	25.0	37.0
2	44648960	29.0	35.0
2	46494022	29.0	22.0
2	48114272	26.0	31.0
2	48505963	14.0	35.0
2	49127482	22.0	28.0
2	50233278	7.0	51.0
2	50233299	6.0	51.0
2	50307638	29.0	46.0
2	50435770	3.0	24.0
2	50443296	9.0	34.0
2	51940041	2.0	42.0
2	52778029	22.0	4.0
2	54453064	9.0	36.0
2	55985545	22.0	37.0
2	56303634	35.0	53.0
2	56954695	14.0	63.0
2	57322330	7.0	49.0
2	57742454	13.0	45.0
2	58221312	5.0	61.0
2	58910647	25.0	32.0
2	59276644	24.0	38.0
2	59868817	33.0	30.0
2	59961894	17.0	27.0
2	60207345	5.0	43.0
2	60395577	10.0	49.0
2	62120741	14.0	39.0
2	62244958	30.0	35.0
2	63125931	24.0	23.0
2	63201726	27.0	30.0
2	64850554	25.0	24.0
2	67116338	20.0	25.0
2	67393804	14.0	50.0
2	68658103	27.0	36.0
2	68836652	28.0	39.0
2	69362063	27.0	28.0
2	70780815	22.0	28.0
2	72012094	29.0	33.0
2	72556111	10.0	40.0
2	75089499	26.0	33.0
2	75769964	18.0	30.0
2	76900101	23.0	26.0
2	76999673	9.0	46.0
2	77032583	23.0	36.0
2	77087048	26.0	34.0
2	78045602	5.0	45.0
2	78145163	26.0	30.0
2	78375350	23.0	36.0
2	79050623	19.0	43.0
2	81336726	4.0	52.0
2	81717100	28.0	42.0
2	81874287	21.0	44.0
2	82793662	7.0	55.0
2	82828784	27.0	38.0
2	83283611	21.0	38.0
2	83761230	10.0	52.0
2	84377692	20.0	27.0
2	84514783	17.0	35.0
2	84639799	33.0	43.0
2	85708066	21.0	31.0
2	86008767	23.0	37.0
2	86857781	12.0	36.0
2	88697231	22.0	34.0
2	88760772	32.0	21.0
2	89274675	7.0	55.0
2	89837546	23.0	98.0
2	90018331	24.0	35.0
2	96002818	14.0	37.0
2	96880622	28.0	33.0
2	98358595	4.0	45.0
2	98575973	28.0	33.0
2	99943293	6.0	38.0
2	102899130	12.0	51.0
2	103195895	25.0	34.0
2	103719527	4.0	54.0
2	103870853	16.0	40.0
2	103954250	27.0	39.0
2	104335056	11.0	45.0
2	104366270	15.0	44.0
2	104448637	14.0	33.0
2	104477243	26.0	28.0
2	104497926	12.0	41.0
2	104787771	22.0	29.0
2	105029685	16.0	59.0
2	105177872	4.0	44.0
2	105913252	13.0	16.0
2	107131870	11.0	78.0
2	108170621	27.0	71.0
2	113563265	28.0	35.0
2	113620104	13.0	53.0
2	114019713	7.0	56.0
2	114600021	17.0	32.0
2	114870935	19.0	31.0
2	116344343	23.0	42.0
2	116676160	14.0	46.0
2	116681601	14.0	31.0
2	116784534	8.0	46.0
2	116797228	6.0	51.0
2	116988650	4.0	54.0
2	117141639	22.0	32.0
2	117346916	19.0	21.0
2	117671692	28.0	29.0
2	117702302	8.0	57.0
2	117725810	11.0	45.0
2	117960362	24.0	39.0
2	119184874	20.0	25.0
2	120251746	7.0	41.0
2	121491831	12.0	56.0
2	121865542	9.0	18.0
2	121901568	24.0	32.0
2	122878309	11.0	48.0
2	124188938	33.0	28.0
2	124518599	27.0	35.0
2	124737777	13.0	53.0
2	125595452	20.0	29.0
2	125862112	17.0	36.0
2	126298882	5.0	53.0
2	126458236	26.0	35.0
2	126645863	15.0	51.0
2	130073794	17.0	36.0
2	130507108	38.0	34.0
2	131532933	27.0	23.0
2	132250331	12.0	21.0
2	133122031	22.0	35.0
2	134109919	7.0	40.0
2	134768925	24.0	22.0
2	135217768	21.0	16.0
2	135385901	15.0	39.0
2	136295011	6.0	18.0
2	137778544	11.0	39.0
2	138387108	20.0	41.0
2	139888348	10.0	58.0
2	139979845	18.0	36.0
2	141625271	20.0	25.0
2	141660031	22.0	24.0
2	142639230	28.0	22.0
2	142880986	25.0	42.0
2	143351392	35.0	31.0
2	143640958	7.0	28.0
2	144608860	33.0	35.0
2	145534815	26.0	41.0
2	146902774	31.0	32.0
2	147187312	13.0	45.0
2	147318720	11.0	51.0
2	147399389	10.0	37.0
2	148072402	9.0	53.0
2	151455483	14.0	51.0
2	152043792	17.0	27.0
2	152264695	4.0	6.0
2	152579091	20.0	27.0
2	153080092	20.0	39.0
2	156390485	6.0	36.0
2	156505791	7.0	48.0
2	156731833	6.0	48.0
2	157213579	17.0	35.0
2	157453475	28.0	35.0
2	157593862	17.0	42.0
2	157979169	10.0	42.0
2	158008902	4.0	53.0
2	158304682	25.0	33.0
2	159626454	29.0	35.0
2	160721358	6.0	49.0
2	162220537	13.0	38.0
2	162527545	23.0	30.0
2	163748158	22.0	19.0
2	163938772	16.0	39.0
2	165292567	10.0	43.0
2	167063664	27.0	32.0
2	167686455	5.0	42.0
2	170121391	31.0	35.0
2	171205400	9.0	54.0
2	175167347	17.0	32.0
2	178148170	25.0	34.0
2	179347843	19.0	29.0
2	179641959	13.0	44.0
2	179953923	24.0	21.0
2	180868999	33.0	25.0
2	182806713	6.0	44.0
2	183158173	16.0	53.0
2	183266333	10.0	49.0
2	184379987	18.0	51.0
2	184721388	31.0	35.0
2	185472183	26.0	24.0
2	185886930	26.0	28.0
2	186807165	12.0	46.0
2	186973965	19.0	53.0
2	186984232	26.0	29.0
2	187439431	14.0	34.0
2	188288646	24.0	39.0
2	188795108	25.0	29.0
2	190484974	28.0	30.0
2	191800452	24.0	16.0
2	192023555	13.0	51.0
2	192889936	11.0	62.0
2	194070612	28.0	34.0
2	194642972	24.0	21.0
2	198488137	34.0	34.0
2	199214623	21.0	28.0
2	199505718	20.0	27.0
2	199612939	25.0	32.0
2	199712504	25.0	20.0
2	199750814	10.0	42.0
2	200066988	34.0	41.0
2	200230616	24.0	30.0
2	200490966	19.0	33.0
2	200686108	25.0	24.0
2	200885220	4.0	28.0
2	201049706	28.0	42.0
2	203087023	19.0	35.0
2	203768211	4.0	26.0
2	204086151	10.0	31.0
2	207050207	31.0	36.0
2	207167355	30.0	38.0
2	210118619	22.0	31.0
2	210617223	12.0	40.0
2	211345195	22.0	28.0
2	211680729	7.0	35.0
2	211680730	8.0	35.0
2	212537061	7.0	44.0
2	212615833	10.0	56.0
2	213263606	22.0	67.0
2	213436675	11.0	57.0
2	215870297	25.0	38.0
2	217531558	7.0	48.0
2	218000886	11.0	49.0
2	219003424	24.0	29.0
2	219097453	17.0	22.0
2	220899471	32.0	34.0
2	221259305	27.0	35.0
2	221386836	27.0	26.0
2	222659779	2.0	54.0
2	224152191	22.0	22.0
2	224403791	10.0	57.0
2	226815811	28.0	33.0
2	227321815	21.0	39.0
2	227410102	23.0	32.0
2	227615112	10.0	48.0
2	229039055	25.0	35.0
2	229871778	27.0	34.0
2	230244710	24.0	45.0
2	232280845	8.0	69.0
2	232282185	11.0	72.0
2	232283125	6.0	39.0
2	232283566	12.0	39.0
2	232283783	9.0	49.0
2	232283891	14.0	51.0
2	232284207	14.0	43.0
2	232284396	6.0	51.0
2	232284412	3.0	54.0
2	232284430	1.0	51.0
2	232284504	13.0	49.0
2	232284574	11.0	44.0
2	232284703	3.0	56.0
2	232284899	1.0	65.0
2	232284900	1.0	64.0
2	232284939	9.0	60.0
2	232285136	5.0	56.0
2	232285139	5.0	55.0
2	232285195	9.0	49.0
2	232285206	10.0	47.0
2	232285293	10.0	53.0
2	232285300	12.0	58.0
2	232285346	10.0	53.0
2	232285559	17.0	44.0
2	232285637	9.0	31.0
2	232285674	7.0	44.0
2	232285723	2.0	48.0
2	232285724	2.0	49.0
2	233245025	10.0	15.0
2	234093291	4.0	44.0
2	235711105	13.0	42.0
2	237529809	13.0	23.0
2	238162671	32.0	29.0
2	238413810	12.0	39.0
2	239400609	24.0	52.0
2	241938085	7.0	33.0
2	242161354	25.0	27.0
2	242766119	21.0	37.0
2	242779703	10.0	50.0
2	242864399	12.0	36.0
2	242865007	27.0	60.0
2	242865318	29.0	61.0
2	242865686	23.0	55.0
2	242866195	30.0	60.0
20	3951298	46.0	41.0
20	4648045	36.0	34.0
20	7568531	35.0	35.0
20	7820611	16.0	54.0
20	8743031	12.0	65.0
20	8837212	39.0	20.0
20	9028484	44.0	23.0
20	9094262	9.0	55.0
20	9410563	7.0	27.0
20	9431914	26.0	42.0
20	9437357	10.0	55.0
20	9461794	29.0	33.0
20	9477045	15.0	37.0
20	11907758	18.0	59.0
20	12381768	17.0	41.0
20	12854167	8.0	43.0
20	14178482	12.0	60.0
20	14178739	14.0	45.0
20	14542787	6.0	43.0
20	14574420	20.0	39.0
20	15111831	14.0	45.0
20	15350238	21.0	53.0
20	16573972	6.0	56.0
20	16921821	21.0	43.0
20	18626706	13.0	41.0
20	19849259	16.0	36.0
20	20191052	17.0	43.0
20	21474253	15.0	45.0
20	22637745	42.0	35.0
20	22949754	21.0	63.0
20	24453032	17.0	57.0
20	26273035	46.0	25.0
20	30022292	35.0	16.0
20	30329827	40.0	24.0
20	30915889	29.0	20.0
20	31199864	29.0	39.0
20	31838621	19.0	53.0
20	34010920	8.0	37.0
20	41671976	30.0	25.0
20	42704135	17.0	24.0
20	43744358	33.0	17.0
20	47858747	15.0	52.0
20	48049446	43.0	24.0
20	48786029	37.0	32.0
20	49603213	5.0	76.0
20	49747854	8.0	33.0
20	49912344	20.0	41.0
20	50932793	37.0	34.0
20	53594121	32.0	28.0
20	54117769	37.0	20.0
20	54320079	18.0	38.0
20	57039146	18.0	58.0
20	59119985	19.0	46.0
20	59880779	15.0	33.0
20	60368603	23.0	26.0
20	60609895	16.0	42.0
20	60819112	33.0	26.0
20	60993531	21.0	49.0
20	62917622	7.0	47.0
21	10836180	9.0	135.0
21	11047544	11.0	323.0
21	15531403	28.0	42.0
21	19363829	17.0	26.0
21	20009048	24.0	40.0
21	20365417	33.0	30.0
21	20772693	33.0	36.0
21	21459864	29.0	35.0
21	21940031	27.0	33.0
21	22439207	25.0	32.0
21	23412036	12.0	43.0
21	26239515	7.0	47.0
21	29019151	25.0	36.0
21	29059119	24.0	41.0
21	29523546	22.0	28.0
21	29523622	21.0	25.0
21	29877748	25.0	26.0
21	30137577	26.0	30.0
21	31733421	30.0	33.0
21	32117680	11.0	39.0
21	34247891	34.0	44.0
21	34278248	10.0	39.0
21	34567757	5.0	41.0
21	35195916	24.0	27.0
21	35812765	11.0	49.0
21	36746575	23.0	32.0
21	36989887	29.0	39.0
21	37384886	31.0	48.0
21	40927895	28.0	45.0
21	41772115	26.0	40.0
21	44162241	14.0	46.0
21	46040930	5.0	49.0
22	17340833	12.0	27.0
22	21683518	21.0	52.0
22	23035836	29.0	28.0
22	23060879	31.0	20.0
22	23532962	9.0	31.0
22	24400852	7.0	24.0
22	25027516	3.0	15.0
22	25328443	27.0	16.0
22	26550994	15.0	30.0
22	27460512	27.0	16.0
22	27568027	22.0	26.0
22	27568028	21.0	26.0
22	28569315	5.0	36.0
22	29451890	5.0	54.0
22	29451892	5.0	51.0
22	31647162	25.0	31.0
22	34051977	12.0	35.0
22	34392874	17.0	48.0
22	34561370	21.0	22.0
22	34670037	19.0	40.0
22	35379171	16.0	21.0
22	35572652	24.0	24.0
22	36798940	4.0	34.0
22	37369803	15.0	16.0
22	38249400	31.0	19.0
22	39291730	11.0	35.0
22	40892555	11.0	45.0
22	41822814	8.0	29.0
22	41879638	10.0	29.0
22	42475054	30.0	18.0
22	43107598	15.0	43.0
22	43793251	9.0	40.0
22	44388908	33.0	15.0
22	45303016	11.0	27.0
22	46193956	12.0	31.0
22	47892800	11.0	18.0
22	48600402	6.0	31.0
22	48603366	22.0	15.0
22	49172971	15.0	41.0
22	49348493	10.0	30.0
22	49540126	13.0	36.0
22	50022368	27.0	29.0
22	50877762	23.0	18.0
3	119657	30.0	31.0
3	1447771	17.0	52.0
3	2076644	11.0	46.0
3	2277956	23.0	42.0
3	3415869	30.0	46.0
3	5377106	16.0	33.0
3	5570146	26.0	44.0
3	6095666	7.0	39.0
3	7741469	20.0	48.0
3	7778661	22.0	39.0
3	10686259	26.0	40.0
3	12643905	12.0	40.0
3	12741789	29.0	37.0
3	13331653	12.0	36.0
3	15574296	24.0	29.0
3	18257765	13.0	58.0
3	18783292	22.0	33.0
3	20059947	16.0	31.0
3	21414866	30.0	35.0
3	23128441	32.0	23.0
3	23771211	27.0	29.0
3	24410710	6.0	48.0
3	25298514	24.0	36.0
3	26164841	28.0	43.0
3	27093580	5.0	46.0
3	27140407	14.0	25.0
3	28872064	19.0	34.0
3	30534586	20.0	26.0
3	31916658	16.0	39.0
3	34675356	27.0	41.0
3	35328357	16.0	38.0
3	38455451	39.0	29.0
3	39398459	21.0	43.0
3	39590252	14.0	46.0
3	41004994	12.0	72.0
3	41187458	28.0	21.0
3	42265243	21.0	27.0
3	43495029	26.0	32.0
3	44298757	9.0	17.0
3	44485990	12.0	48.0
3	44643128	26.0	29.0
3	46549824	3.0	16.0
3	47730151	19.0	45.0
3	50468793	27.0	25.0
3	50886100	33.0	42.0
3	50948147	19.0	36.0
3	54283489	6.0	44.0
3	54371092	11.0	48.0
3	55505340	20.0	33.0
3	55994061	29.0	31.0
3	56073492	12.0	55.0
3	57838354	24.0	33.0
3	58580321	25.0	34.0
3	59283424	24.0	53.0
3	59360625	29.0	24.0
3	60372887	20.0	29.0
3	62038888	16.0	36.0
3	62572151	29.0	20.0
3	62709551	6.0	41.0
3	63175872	29.0	41.0
3	63741793	29.0	37.0
3	66166270	22.0	30.0
3	66733805	2.0	54.0
3	66733820	3.0	44.0
3	67484208	21.0	31.0
3	68145925	35.0	42.0
3	68768009	29.0	32.0
3	71088998	25.0	24.0
3	72120093	31.0	31.0
3	72496430	15.0	19.0
3	77686134	20.0	36.0
3	78506911	22.0	31.0
3	79226635	24.0	36.0
3	80275772	20.0	30.0
3	80978418	5.0	45.0
3	81880989	28.0	39.0
3	82207295	28.0	22.0
3	82767946	12.0	43.0
3	83089757	16.0	29.0
3	83530371	17.0	44.0
3	84565820	3.0	11.0
3	85926075	16.0	30.0
3	86299454	15.0	52.0
3	86409166	22.0	38.0
3	87098866	23.0	30.0
3	87701891	18.0	26.0
3	88760482	35.0	45.0
3	89436498	16.0	28.0
3	90310676	24.0	43.0
3	94815263	8.0	10.0
3	97816244	27.0	9.0
3	98895695	7.0	20.0
3	99328528	11.0	30.0
3	100340088	12.0	31.0
3	101556319	18.0	7.0
3	102659750	17.0	20.0
3	102672561	5.0	34.0
3	103176920	13.0	18.0
3	103176937	18.0	22.0
3	103549634	7.0	28.0
3	107460139	22.0	8.0
3	113692184	17.0	23.0
3	113692208	17.0	25.0
3	116612406	19.0	14.0
3	116671436	8.0	26.0
3	116909243	5.0	10.0
3	116959897	7.0	18.0
3	117269033	5.0	33.0
3	117289268	4.0	28.0
3	117339883	8.0	26.0
3	119349720	9.0	28.0
3	122801336	28.0	12.0
3	125845351	20.0	5.0
3	127472410	29.0	7.0
3	131365995	29.0	10.0
3	132624788	23.0	7.0
3	135315638	14.0	20.0
3	135559221	19.0	11.0
3	138900014	22.0	5.0
3	141834456	18.0	26.0
3	144606741	30.0	4.0
3	145257485	25.0	11.0
3	146326332	14.0	16.0
3	147077141	14.0	20.0
3	148079422	10.0	23.0
3	151259907	22.0	9.0
3	152564074	5.0	27.0
3	153193563	29.0	12.0
3	154307903	4.0	25.0
3	162838013	16.0	29.0
3	163013038	20.0	31.0
3	165143697	22.0	7.0
3	165475781	10.0	18.0
3	165660039	25.0	11.0
3	166376774	23.0	31.0
3	166478328	26.0	10.0
3	166890973	26.0	11.0
3	168226439	30.0	6.0
3	170095675	26.0	11.0
3	174929780	23.0	4.0
3	179556094	27.0	6.0
3	180348904	14.0	29.0
3	181566678	6.0	29.0
3	181753061	18.0	24.0
3	182304767	14.0	23.0
3	185556494	18.0	18.0
3	187756667	29.0	7.0
3	188819948	22.0	13.0
3	189218067	38.0	10.0
3	191232792	29.0	10.0
3	191403801	15.0	25.0
3	196528916	11.0	18.0
4	518886	24.0	23.0
4	806538	10.0	31.0
4	1263077	30.0	27.0
4	1418966	32.0	20.0
4	1976385	13.0	37.0
4	1976511	13.0	45.0
4	1976839	10.0	47.0
4	1977002	13.0	58.0
4	1977056	13.0	47.0
4	1977146	12.0	44.0
4	1977546	5.0	54.0
4	1977990	15.0	64.0
4	1978564	10.0	38.0
4	1979505	13.0	33.0
4	1980799	9.0	33.0
4	1982551	17.0	52.0
4	3657262	4.0	12.0
4	6658635	13.0	35.0
4	11839150	23.0	18.0
4	11892290	14.0	21.0
4	12229540	11.0	24.0
4	13528654	8.0	32.0
4	13789468	7.0	34.0
4	14092089	15.0	41.0
4	14604734	14.0	39.0
4	14658679	9.0	26.0
4	15421181	12.0	22.0
4	15876508	16.0	31.0
4	16013939	18.0	31.0
4	20019078	31.0	26.0
4	21281642	15.0	35.0
4	22539122	8.0	37.0
4	22558949	9.0	28.0
4	23008188	20.0	14.0
4	23469311	12.0	27.0
4	24301476	28.0	19.0
4	28132804	18.0	23.0
4	28253926	9.0	36.0
4	28505881	11.0	33.0
4	29229935	23.0	17.0
4	29237336	25.0	22.0
4	30137338	20.0	34.0
4	31500183	24.0	22.0
4	32935972	18.0	15.0
4	33006448	12.0	38.0
4	33026500	11.0	30.0
4	33590545	13.0	26.0
4	35527220	21.0	19.0
4	36030173	29.0	21.0
4	36092493	15.0	35.0
4	36494969	3.0	31.0
4	37027457	32.0	17.0
4	37328406	21.0	40.0
4	42102572	25.0	20.0
4	43618002	14.0	27.0
4	44073302	11.0	25.0
4	44235001	8.0	39.0
4	44780523	20.0	19.0
4	45210167	8.0	22.0
4	45512425	14.0	42.0
4	46367018	31.0	21.0
4	46969797	9.0	56.0
4	47699507	12.0	34.0
4	48833998	30.0	23.0
4	55180214	9.0	28.0
4	56973652	8.0	39.0
4	58274744	17.0	49.0
4	58701159	12.0	44.0
4	59196808	17.0	38.0
4	59901160	8.0	37.0
4	60025091	13.0	40.0
4	60026211	11.0	25.0
4	60348320	17.0	48.0
4	60704160	10.0	33.0
4	60988617	12.0	10.0
4	61530886	6.0	37.0
4	61689060	5.0	56.0
4	62096458	13.0	33.0
4	62813520	19.0	42.0
4	63686515	15.0	17.0
4	63725753	10.0	46.0
4	64287978	15.0	39.0
4	64482672	26.0	19.0
4	64594946	20.0	26.0
4	65428532	10.0	13.0
4	66361396	23.0	24.0
4	66531470	6.0	46.0
4	67103915	5.0	32.0
4	67245901	11.0	33.0
4	67651828	11.0	22.0
4	68904257	13.0	30.0
4	69870833	21.0	30.0
4	70638855	22.0	30.0
4	72495169	13.0	35.0
4	72665094	17.0	32.0
4	74303891	11.0	31.0
4	74319377	16.0	27.0
4	74484977	8.0	52.0
4	75229267	13.0	14.0
4	75556440	17.0	44.0
4	75601744	20.0	30.0
4	76157909	12.0	30.0
4	76215872	6.0	41.0
4	78198442	23.0	48.0
4	78241094	13.0	29.0
4	79768818	21.0	28.0
4	80678774	12.0	36.0
4	82438229	11.0	28.0
4	87524455	15.0	35.0
4	90495620	24.0	20.0
4	90560297	39.0	18.0
4	90985184	16.0	24.0
4	91339918	4.0	47.0
4	92450122	13.0	39.0
4	92450578	15.0	40.0
4	92630312	30.0	24.0
4	93491688	15.0	45.0
4	93608852	24.0	18.0
4	93819032	12.0	31.0
4	94177546	10.0	31.0
4	94336592	11.0	34.0
4	94549759	9.0	37.0
4	94836536	21.0	21.0
4	96406587	28.0	24.0
4	96829217	17.0	38.0
4	98062764	10.0	34.0
4	98361649	14.0	41.0
4	101031528	29.0	17.0
4	101451376	5.0	50.0
4	101689264	21.0	22.0
4	102630449	8.0	47.0
4	104509096	23.0	21.0
4	104580661	17.0	31.0
4	104626475	14.0	43.0
4	104647151	24.0	37.0
4	104960355	23.0	18.0
4	105327709	11.0	32.0
4	106585016	17.0	17.0
4	107443745	22.0	24.0
4	112388389	15.0	35.0
4	112888873	9.0	40.0
4	116577592	29.0	18.0
4	116630372	22.0	16.0
4	118313748	14.0	34.0
4	118426766	11.0	31.0
4	118600129	33.0	22.0
4	119199972	16.0	30.0
4	121603336	4.0	53.0
4	121714393	20.0	19.0
4	122480167	8.0	43.0
4	122688651	11.0	47.0
4	123524574	10.0	34.0
4	123651457	21.0	40.0
4	125380075	27.0	19.0
4	128605475	17.0	34.0
4	128969916	20.0	25.0
4	129792011	24.0	24.0
4	133750944	10.0	29.0
4	133825860	14.0	30.0
4	134805739	10.0	41.0
4	134930703	12.0	30.0
4	135092216	8.0	37.0
4	135415925	33.0	25.0
4	136359973	11.0	38.0
4	136395182	28.0	25.0
4	136454712	9.0	37.0
4	136748590	8.0	35.0
4	136954373	8.0	30.0
4	137542964	4.0	49.0
4	138480061	16.0	36.0
4	138917741	13.0	37.0
4	139648073	14.0	33.0
4	140104500	24.0	19.0
4	142070855	28.0	23.0
4	142526825	15.0	30.0
4	142874095	11.0	28.0
4	143141088	12.0	47.0
4	143335390	12.0	29.0
4	143680489	10.0	35.0
4	145041777	10.0	21.0
4	145179810	24.0	20.0
4	146941355	11.0	42.0
4	146949769	20.0	42.0
4	147170488	3.0	31.0
4	147427504	12.0	29.0
4	148852688	32.0	22.0
4	149254925	2.0	45.0
4	149254930	1.0	41.0
4	149254934	1.0	43.0
4	149399375	10.0	40.0
4	149963896	4.0	44.0
4	149972075	5.0	32.0
4	150870070	27.0	20.0
4	151578164	38.0	25.0
4	152480146	15.0	41.0
4	153711261	7.0	46.0
4	153711479	14.0	46.0
4	155181927	9.0	39.0
4	155564137	29.0	18.0
4	156453165	4.0	40.0
4	157248381	11.0	20.0
4	157535252	15.0	35.0
4	158500754	17.0	30.0
4	158540755	11.0	30.0
4	161047923	30.0	23.0
4	161448707	10.0	51.0
4	161939298	25.0	29.0
4	162057806	19.0	27.0
4	162082334	20.0	23.0
4	163404550	10.0	42.0
4	165228520	15.0	37.0
4	165712591	29.0	19.0
4	165764069	28.0	23.0
4	166097831	11.0	56.0
4	167302451	9.0	22.0
4	167478475	8.0	60.0
4	167733393	12.0	45.0
4	167814147	14.0	37.0
4	168384201	12.0	26.0
4	168603637	7.0	32.0
4	169988612	32.0	25.0
4	170791873	12.0	22.0
4	170926194	12.0	34.0
4	171467034	32.0	24.0
4	171493763	17.0	20.0
4	171978837	12.0	33.0
4	172226801	14.0	40.0
4	172547211	4.0	60.0
4	172649970	3.0	41.0
4	172750453	10.0	28.0
4	174357497	11.0	38.0
4	174937639	13.0	42.0
4	175986892	11.0	40.0
4	178815103	11.0	35.0
4	178906884	31.0	27.0
4	179187594	13.0	34.0
4	179701623	9.0	35.0
4	179706869	13.0	39.0
4	180195086	8.0	24.0
4	180271156	13.0	43.0
4	180751644	6.0	54.0
4	180759101	6.0	38.0
4	180767028	15.0	35.0
4	180947936	13.0	46.0
4	181015575	18.0	35.0
4	181095138	15.0	41.0
4	181112360	9.0	49.0
4	182340019	17.0	19.0
4	186650307	12.0	29.0
4	188015802	32.0	28.0
4	189471584	21.0	18.0
4	189878885	12.0	41.0
5	138175	19.0	70.0
5	249200	17.0	120.0
5	305678	101.0	33.0
5	1685533	17.0	56.0
5	1686668	11.0	71.0
5	2308211	48.0	87.0
5	2308240	47.0	87.0
5	2599150	39.0	117.0
5	2601966	7.0	135.0
5	2924281	16.0	132.0
5	3090958	13.0	101.0
5	3120001	32.0	118.0
5	3624926	11.0	121.0
5	3730310	13.0	161.0
5	3792737	9.0	158.0
5	4090038	6.0	129.0
5	4099956	35.0	137.0
5	4104838	25.0	160.0
5	4996409	28.0	82.0
5	5000015	19.0	82.0
5	5612133	33.0	101.0
5	5630695	7.0	82.0
5	5854647	37.0	80.0
5	6753031	36.0	72.0
5	6753089	20.0	59.0
5	6753126	24.0	58.0
5	6753139	30.0	62.0
5	6796769	15.0	57.0
5	6822305	30.0	60.0
5	6825559	31.0	87.0
5	6825699	29.0	77.0
5	6826003	22.0	64.0
5	6934055	11.0	53.0
5	8135923	55.0	35.0
5	8375070	17.0	54.0
5	9175263	9.0	73.0
5	9269922	18.0	55.0
5	9615356	34.0	35.0
5	10555783	28.0	87.0
5	11283236	15.0	95.0
5	11312477	19.0	89.0
5	11317925	23.0	104.0
5	11381939	19.0	59.0
5	11432853	25.0	68.0
5	11596422	9.0	98.0
5	11989183	30.0	53.0
5	12046293	5.0	66.0
5	12206649	12.0	89.0
5	12271187	10.0	73.0
5	12397113	16.0	71.0
5	12408150	9.0	69.0
5	12807418	21.0	58.0
5	12835239	10.0	44.0
5	13621932	17.0	54.0
5	13644381	28.0	60.0
5	15728855	37.0	61.0
5	15839547	9.0	84.0
5	15974704	29.0	71.0
5	16002252	37.0	53.0
5	16162644	10.0	85.0
5	16186244	50.0	41.0
5	17467841	12.0	86.0
5	17702093	4.0	81.0
5	19146405	16.0	113.0
5	19766303	15.0	97.0
5	21134723	17.0	76.0
5	21166016	5.0	68.0
5	21166019	3.0	69.0
5	21166026	4.0	66.0
5	21925556	22.0	70.0
5	22089918	69.0	45.0
5	22556312	43.0	38.0
5	22565159	23.0	60.0
5	23210304	10.0	65.0
5	23497557	15.0	71.0
5	24039294	15.0	82.0
5	24069561	17.0	53.0
5	24146594	18.0	63.0
5	24183477	20.0	78.0
5	24747033	8.0	93.0
5	24797265	20.0	79.0
5	25005562	27.0	64.0
5	25406236	9.0	77.0
5	25534832	8.0	65.0
5	25545653	10.0	82.0
5	25690582	8.0	50.0
5	25720657	23.0	55.0
5	25757921	17.0	39.0
5	26032070	13.0	67.0
5	26111110	17.0	68.0
5	26628233	31.0	71.0
5	26630876	36.0	55.0
5	26677217	41.0	76.0
5	26690469	60.0	38.0
5	26788201	9.0	68.0
5	26892348	19.0	85.0
5	26897303	16.0	102.0
5	27392618	13.0	64.0
5	27392655	11.0	75.0
5	27392684	7.0	75.0
5	27392735	3.0	72.0
5	27392770	2.0	66.0
5	27392789	1.0	72.0
5	27392841	7.0	74.0
5	27392882	18.0	73.0
5	27771068	33.0	114.0
5	27916397	7.0	79.0
5	28108529	35.0	60.0
5	28587785	12.0	141.0
5	28640413	7.0	85.0
5	28659368	40.0	76.0
5	29005772	10.0	105.0
5	29378277	10.0	98.0
5	29378452	7.0	91.0
5	29411398	4.0	73.0
5	29719746	33.0	41.0
5	29957945	34.0	45.0
5	30193412	8.0	69.0
5	30327419	8.0	65.0
5	30604534	5.0	75.0
5	30646357	15.0	47.0
5	33704421	25.0	5.0
5	34817118	18.0	33.0
5	35308404	23.0	46.0
5	35432017	40.0	35.0
5	35517512	34.0	28.0
5	35791656	16.0	59.0
5	35987051	23.0	41.0
5	37661550	37.0	32.0
5	38660046	28.0	82.0
5	38819080	33.0	57.0
5	39254287	11.0	96.0
5	39332346	77.0	31.0
5	39488250	6.0	83.0
5	39773342	28.0	80.0
5	39773602	22.0	83.0
5	39773627	31.0	81.0
5	39782876	29.0	100.0
5	39824932	26.0	89.0
5	39825430	31.0	109.0
5	39825451	36.0	118.0
5	39826832	17.0	85.0
5	39830978	9.0	102.0
5	39830986	7.0	99.0
5	39832009	41.0	91.0
5	39852274	28.0	54.0
5	40208383	24.0	85.0
5	40208420	28.0	79.0
5	40368110	33.0	63.0
5	40778596	64.0	40.0
5	40987230	9.0	66.0
5	41058917	8.0	84.0
5	41058925	14.0	80.0
5	41058946	18.0	81.0
5	41061336	11.0	126.0
5	41061855	12.0	66.0
5	41061868	3.0	71.0
5	41061878	10.0	67.0
5	41069788	10.0	138.0
5	41080790	21.0	128.0
5	41916670	16.0	94.0
5	42022173	26.0	95.0
5	42313985	36.0	46.0
5	42941932	11.0	55.0
5	44664404	26.0	11.0
5	45012925	34.0	2.0
5	45992627	30.0	8.0
5	50542214	27.0	7.0
5	50791937	25.0	42.0
5	50792015	29.0	47.0
5	50792060	21.0	41.0
5	52008399	13.0	48.0
5	53032805	23.0	27.0
5	53033301	22.0	36.0
5	53033397	34.0	38.0
5	53033969	39.0	34.0
5	53034376	32.0	38.0
5	53426172	36.0	49.0
5	53426517	37.0	52.0
5	54390253	14.0	24.0
5	54390285	12.0	23.0
5	54390309	13.0	30.0
5	54390324	14.0	37.0
5	54390338	14.0	37.0
5	57268658	8.0	31.0
5	60146250	28.0	29.0
5	61397365	33.0	37.0
5	61919873	21.0	11.0
5	62165513	43.0	29.0
5	62658403	30.0	11.0
5	62981295	12.0	41.0
5	63411454	35.0	28.0
5	71122888	29.0	37.0
5	71855044	7.0	28.0
5	72508559	9.0	61.0
5	73040840	31.0	6.0
5	73560906	32.0	56.0
5	73717698	28.0	5.0
5	75055972	27.0	5.0
5	75222506	20.0	31.0
5	75725957	17.0	12.0
5	76408937	25.0	13.0
5	82494610	37.0	43.0
5	84547787	20.0	10.0
5	86129103	33.0	7.0
5	86461373	13.0	19.0
5	86479046	13.0	21.0
5	87888210	28.0	9.0
5	88569450	28.0	17.0
5	88715481	12.0	16.0
5	89929974	25.0	27.0
5	91362894	20.0	28.0
5	91621809	13.0	56.0
5	92290172	27.0	48.0
5	92713920	23.0	42.0
5	92719618	25.0	38.0
5	93051669	21.0	32.0
5	94694112	25.0	31.0
5	94783223	13.0	56.0
5	95142794	30.0	68.0
5	95143348	20.0	53.0
5	95143360	21.0	52.0
5	95143516	4.0	61.0
5	95143529	4.0	68.0
5	95143551	2.0	91.0
5	95143560	4.0	84.0
5	95155758	32.0	60.0
5	95155796	32.0	76.0
5	95255996	10.0	24.0
5	96242701	20.0	21.0
5	96242730	23.0	22.0
5	98466855	18.0	20.0
5	98889789	21.0	19.0
5	98903293	28.0	7.0
5	99053976	4.0	37.0
5	99714806	6.0	23.0
5	100263773	13.0	28.0
5	100768273	25.0	7.0
5	101985087	32.0	12.0
5	105457294	34.0	15.0
5	105894933	15.0	24.0
5	110134728	34.0	37.0
5	110135069	14.0	39.0
5	110135070	14.0	38.0
5	110135165	8.0	40.0
5	110135217	27.0	33.0
5	110135236	23.0	38.0
5	110135327	34.0	43.0
5	110135343	34.0	39.0
5	110135483	35.0	37.0
5	110135532	27.0	37.0
5	110135557	24.0	30.0
5	110135723	12.0	41.0
5	110135769	4.0	42.0
5	110135774	4.0	39.0
5	110135830	19.0	42.0
5	110135870	28.0	36.0
5	110135946	11.0	31.0
5	110135975	6.0	28.0
5	110135991	2.0	26.0
5	110136067	14.0	31.0
5	110136086	15.0	37.0
5	110139707	25.0	36.0
5	110141662	42.0	25.0
5	110142203	37.0	39.0
5	111164143	11.0	20.0
5	112812226	41.0	8.0
5	115650164	30.0	10.0
5	116844413	5.0	24.0
5	116844451	5.0	21.0
5	117654704	14.0	31.0
5	118742037	11.0	73.0
5	118742060	9.0	67.0
5	118742065	10.0	64.0
5	118742700	34.0	53.0
5	119152489	30.0	47.0
5	119593827	17.0	49.0
5	119982806	17.0	57.0
5	120278636	10.0	64.0
5	120319277	18.0	59.0
5	121979826	38.0	38.0
5	122186439	13.0	46.0
5	122866195	32.0	42.0
5	122866475	14.0	45.0
5	122866522	13.0	58.0
5	122866523	13.0	58.0
5	123813280	19.0	62.0
5	124093603	34.0	34.0
5	125108470	38.0	39.0
5	125419488	24.0	42.0
5	126255159	28.0	43.0
5	127077787	11.0	63.0
5	127082755	11.0	51.0
5	127180945	17.0	58.0
5	128130521	15.0	26.0
5	129456844	10.0	59.0
5	129998811	22.0	38.0
5	131721341	33.0	53.0
5	132374282	29.0	44.0
5	132998251	36.0	37.0
5	132998353	24.0	36.0
5	132998356	24.0	35.0
5	133164139	41.0	49.0
5	134982570	11.0	43.0
5	136289430	28.0	30.0
5	136355913	19.0	74.0
5	138920221	26.0	8.0
5	140848919	19.0	10.0
5	146499605	33.0	6.0
5	146569773	24.0	8.0
5	146887106	38.0	7.0
5	152167169	26.0	12.0
5	152679931	31.0	6.0
5	154879077	23.0	58.0
5	155897511	25.0	32.0
5	155923540	39.0	39.0
5	156036183	6.0	66.0
5	157637871	28.0	40.0
5	158360276	8.0	44.0
5	160385481	26.0	46.0
5	161310556	15.0	59.0
5	161311874	24.0	35.0
5	162121395	27.0	49.0
5	162351680	16.0	54.0
5	163443764	22.0	11.0
5	164231957	35.0	7.0
5	164356952	7.0	39.0
5	164553156	17.0	23.0
5	165382245	19.0	23.0
5	166128549	18.0	31.0
5	166511888	14.0	26.0
5	169494557	15.0	32.0
5	171594325	10.0	41.0
5	171916711	19.0	24.0
5	172088901	22.0	8.0
5	173727784	22.0	4.0
5	174071161	23.0	6.0
5	175321623	23.0	11.0
5	176026016	20.0	14.0
5	177535091	9.0	60.0
5	177875699	8.0	70.0
5	178252081	12.0	6.0
5	180405627	22.0	8.0
6	358623	11.0	81.0
6	826885	11.0	60.0
6	956013	25.0	26.0
6	1172651	4.0	46.0
6	1585638	7.0	49.0
6	1815216	29.0	44.0
6	4209604	39.0	42.0
6	4295190	18.0	32.0
6	4478361	27.0	31.0
6	4765253	6.0	53.0
6	5248424	16.0	42.0
6	6381124	14.0	40.0
6	8540121	10.0	57.0
6	9610065	5.0	56.0
6	10536866	19.0	35.0
6	11235560	12.0	40.0
6	11341223	4.0	59.0
6	11731521	26.0	31.0
6	12054803	26.0	38.0
6	12772618	21.0	42.0
6	12888483	16.0	42.0
6	17329875	18.0	24.0
6	17468252	18.0	34.0
6	17982469	9.0	45.0
6	18966121	5.0	64.0
6	20577301	29.0	33.0
6	22415592	30.0	36.0
6	22861308	26.0	33.0
6	24544297	16.0	54.0
6	26069094	34.0	35.0
6	26162890	8.0	50.0
6	26198251	36.0	33.0
6	28050634	25.0	50.0
6	28856832	33.0	39.0
6	29384171	36.0	41.0
6	30776329	34.0	45.0
6	31220809	8.0	56.0
6	35688899	15.0	54.0
6	36739686	12.0	46.0
6	38218376	19.0	27.0
6	39199881	10.0	29.0
6	40657478	27.0	34.0
6	40818740	30.0	48.0
6	40936971	4.0	53.0
6	41353308	29.0	32.0
6	43535961	24.0	37.0
6	44046017	34.0	40.0
6	44954922	11.0	60.0
6	44977531	4.0	62.0
6	46746901	26.0	38.0
6	47937252	6.0	69.0
6	48182252	17.0	28.0
6	48574066	14.0	40.0
6	49461934	22.0	30.0
6	49626561	11.0	44.0
6	49771455	25.0	38.0
6	49836860	12.0	44.0
6	50250798	24.0	34.0
6	50377200	5.0	46.0
6	50402567	7.0	49.0
6	50742342	18.0	54.0
6	50812269	8.0	55.0
6	51578983	6.0	47.0
6	53965586	31.0	32.0
6	54106404	16.0	57.0
6	54359706	10.0	38.0
6	54753495	31.0	42.0
6	55151159	28.0	33.0
6	55414186	6.0	37.0
6	57602290	11.0	36.0
6	57674144	28.0	30.0
6	57901983	7.0	11.0
6	58175839	12.0	65.0
6	61886619	30.0	41.0
6	62350459	14.0	38.0
6	62415505	16.0	54.0
6	62793503	24.0	28.0
6	63196380	26.0	22.0
6	63838892	12.0	47.0
6	64042820	20.0	45.0
6	66763403	15.0	47.0
6	67475516	23.0	35.0
6	67636123	20.0	41.0
6	67700478	35.0	44.0
6	67732097	27.0	35.0
6	67757908	24.0	41.0
6	68227890	34.0	35.0
6	68441428	18.0	41.0
6	68445036	27.0	29.0
6	68492798	21.0	31.0
6	68508737	18.0	34.0
6	68990455	9.0	53.0
6	69061800	25.0	40.0
6	69780331	10.0	39.0
6	69780332	10.0	39.0
6	70056711	4.0	53.0
6	70080421	24.0	37.0
6	70293780	19.0	29.0
6	70667687	6.0	36.0
6	71618828	26.0	36.0
6	71939229	24.0	39.0
6	72334333	4.0	60.0
6	72334356	4.0	55.0
6	72779493	4.0	58.0
6	73411671	20.0	39.0
6	74250020	38.0	39.0
6	75931648	17.0	60.0
6	77736810	18.0	34.0
6	78983839	20.0	33.0
6	81606922	7.0	58.0
6	82535570	15.0	51.0
6	83546768	16.0	54.0
6	85681363	26.0	33.0
6	86003647	27.0	30.0
6	89276262	14.0	15.0
6	91041446	26.0	38.0
6	92347820	23.0	32.0
6	93093252	13.0	66.0
6	93123203	20.0	44.0
6	93718025	11.0	53.0
6	94407171	25.0	39.0
6	94427927	31.0	36.0
6	95922084	8.0	50.0
6	96205386	16.0	41.0
6	96629872	8.0	53.0
6	96743946	20.0	36.0
6	97831326	8.0	52.0
6	98667742	4.0	49.0
6	100826402	25.0	51.0
6	101500049	15.0	63.0
6	102832239	29.0	36.0
6	103852586	27.0	31.0
6	104327297	16.0	30.0
6	104832540	24.0	44.0
6	104944749	21.0	29.0
6	106837681	32.0	40.0
6	107133766	27.0	28.0
6	107263031	32.0	37.0
6	107935755	9.0	69.0
6	108739133	19.0	33.0
6	110330974	21.0	24.0
6	110966102	12.0	56.0
6	111417648	9.0	39.0
6	111914106	22.0	37.0
6	114299191	28.0	35.0
6	115020753	25.0	30.0
6	115601536	14.0	58.0
6	116319024	30.0	31.0
6	116768832	31.0	27.0
6	117389688	19.0	21.0
6	120219708	22.0	35.0
6	120340697	30.0	36.0
6	123974610	17.0	36.0
6	124326110	25.0	28.0
6	124367896	12.0	48.0
6	124585015	5.0	62.0
6	127091073	27.0	35.0
6	129299050	24.0	38.0
6	129471234	30.0	37.0
6	130421812	11.0	27.0
6	130946627	24.0	35.0
6	131859502	21.0	41.0
6	133727843	28.0	38.0
6	133805881	27.0	35.0
6	134763225	31.0	32.0
6	136526636	27.0	38.0
6	136526637	27.0	38.0
6	137465145	9.0	47.0
6	137741567	16.0	59.0
6	137746893	27.0	31.0
6	138284443	12.0	51.0
6	138951102	19.0	35.0
6	140858921	10.0	60.0
6	142402575	4.0	56.0
6	146099101	11.0	40.0
6	146556505	21.0	31.0
6	147069272	22.0	30.0
6	148069424	24.0	30.0
6	149272297	33.0	26.0
6	151202548	9.0	43.0
6	151710672	12.0	40.0
6	151898923	13.0	33.0
6	151909331	7.0	39.0
6	152485354	18.0	28.0
6	153821044	11.0	35.0
6	154309264	15.0	31.0
6	157391361	4.0	52.0
6	157435398	9.0	38.0
6	157747782	14.0	33.0
6	159223111	15.0	44.0
6	159337915	23.0	20.0
6	161088925	5.0	41.0
6	162557461	28.0	21.0
6	163700445	13.0	35.0
6	165502010	11.0	27.0
6	165570082	6.0	56.0
6	167003355	24.0	18.0
6	167003356	24.0	18.0
6	167522442	14.0	29.0
6	168680320	20.0	19.0
7	1300091	8.0	42.0
7	1994995	9.0	24.0
7	3574704	15.0	19.0
7	5103562	13.0	31.0
7	7087400	13.0	29.0
7	8436266	10.0	29.0
7	8453417	14.0	31.0
7	8644712	23.0	35.0
7	8810195	13.0	43.0
7	9129594	9.0	25.0
7	9134107	16.0	44.0
7	9226734	5.0	38.0
7	9258712	7.0	34.0
7	9296067	5.0	45.0
7	9366926	13.0	21.0
7	9446204	10.0	33.0
7	9567725	15.0	27.0
7	10654708	11.0	29.0
7	10711881	8.0	35.0
7	11999909	27.0	24.0
7	12215053	5.0	11.0
7	12467225	7.0	29.0
7	13857993	6.0	56.0
7	14698379	10.0	30.0
7	16820058	11.0	38.0
7	16907881	17.0	14.0
7	17771626	7.0	43.0
7	18095177	32.0	17.0
7	19261231	7.0	56.0
7	19638024	6.0	44.0
7	22716900	24.0	22.0
7	23377832	16.0	37.0
7	23537573	13.0	40.0
7	26572629	17.0	45.0
7	28916458	14.0	40.0
7	30146644	11.0	53.0
7	31145165	13.0	37.0
7	36619878	7.0	45.0
7	37342762	12.0	42.0
7	38319236	26.0	16.0
7	38664217	22.0	21.0
7	39165265	11.0	39.0
7	40687898	29.0	20.0
7	41643220	28.0	24.0
7	41734116	12.0	38.0
7	42607397	34.0	23.0
7	45364412	17.0	38.0
7	46291638	28.0	29.0
7	46633582	20.0	35.0
7	48002918	12.0	38.0
7	49282242	26.0	22.0
7	50057660	25.0	23.0
7	50325240	20.0	21.0
7	51094184	31.0	22.0
7	51607197	26.0	38.0
7	53223005	28.0	21.0
7	53609750	17.0	49.0
7	53662806	22.0	28.0
7	53686737	12.0	37.0
7	54084124	18.0	14.0
7	55859471	12.0	34.0
7	56392153	15.0	28.0
7	57272209	6.0	37.0
7	57555400	12.0	40.0
7	57657051	15.0	37.0
7	57978452	25.0	27.0
7	61557222	16.0	108.0
7	61653924	25.0	25.0
7	62100462	7.0	35.0
7	62280921	19.0	38.0
7	62285651	13.0	25.0
7	62589019	10.0	36.0
7	62976553	4.0	39.0
7	63251233	11.0	38.0
7	63810507	17.0	32.0
7	64101328	18.0	39.0
7	64486232	11.0	8.0
7	68913994	24.0	22.0
7	70665973	17.0	30.0
7	71816486	22.0	29.0
7	74070954	20.0	15.0
7	81364226	23.0	24.0
7	81548983	10.0	29.0
7	82763479	4.0	37.0
7	84459318	24.0	24.0
7	84509785	17.0	15.0
7	84538741	12.0	35.0
7	84789960	18.0	26.0
7	86744839	13.0	30.0
7	88216306	26.0	15.0
7	88299873	33.0	20.0
7	88801280	7.0	31.0
7	88889398	16.0	22.0
7	89117199	30.0	20.0
7	89206853	16.0	17.0
7	89813737	10.0	29.0
7	90574041	26.0	17.0
7	92552637	15.0	24.0
7	93467372	27.0	23.0
7	94028841	21.0	26.0
7	95585985	26.0	27.0
7	97232890	11.0	41.0
7	97616381	8.0	34.0
7	97725448	23.0	31.0
7	97745093	20.0	18.0
7	100816159	4.0	39.0
7	101173678	14.0	22.0
7	101371739	15.0	33.0
7	103532093	15.0	43.0
7	104115162	8.0	18.0
7	104122588	18.0	20.0
7	105668300	8.0	32.0
7	108589308	33.0	24.0
7	108589605	22.0	35.0
7	109276023	13.0	33.0
7	111212994	17.0	35.0
7	112226719	14.0	32.0
7	112943646	35.0	22.0
7	113092470	11.0	29.0
7	113430466	11.0	42.0
7	114593158	16.0	38.0
7	115191769	11.0	26.0
7	115549944	13.0	28.0
7	118043567	9.0	36.0
7	118244147	26.0	24.0
7	118377818	18.0	29.0
7	119120121	11.0	40.0
7	121380092	8.0	32.0
7	123260428	11.0	10.0
7	124019891	19.0	20.0
7	124203844	12.0	35.0
7	124807941	32.0	28.0
7	125293324	15.0	35.0
7	125765553	7.0	29.0
7	125810676	7.0	41.0
7	127170504	3.0	42.0
7	127416500	20.0	22.0
7	128317896	12.0	36.0
7	128749240	25.0	10.0
7	133268087	21.0	35.0
7	133328107	11.0	39.0
7	133661107	24.0	45.0
7	134460196	20.0	37.0
7	134994335	16.0	12.0
7	135254553	21.0	22.0
7	136379998	8.0	38.0
7	136892445	12.0	38.0
7	136914135	13.0	34.0
7	137011109	4.0	40.0
7	137839327	22.0	40.0
7	137990487	9.0	17.0
7	138919998	10.0	27.0
7	141722512	29.0	17.0
7	143599580	5.0	27.0
7	144093228	26.0	20.0
7	144267169	5.0	44.0
7	144312784	2.0	37.0
7	145210113	18.0	27.0
7	145327977	16.0	38.0
7	145575338	11.0	48.0
7	145599843	18.0	18.0
7	146314611	15.0	33.0
7	146320303	14.0	38.0
7	146582004	18.0	32.0
7	146782535	21.0	20.0
7	146838253	26.0	15.0
7	148267540	7.0	49.0
7	148954634	16.0	36.0
7	150497004	14.0	30.0
7	152734548	12.0	25.0
7	153267300	3.0	47.0
7	153347411	8.0	35.0
7	153371709	6.0	39.0
7	154035690	22.0	32.0
7	154219324	11.0	39.0
7	154598776	14.0	30.0
7	155405788	7.0	37.0
7	155641969	16.0	32.0
7	156025915	24.0	16.0
7	157363724	7.0	32.0
7	157742657	13.0	41.0
8	831184	19.0	17.0
8	898814	16.0	18.0
8	2490551	22.0	10.0
8	2722644	26.0	9.0
8	3681629	23.0	8.0
8	3819064	4.0	30.0
8	3847152	16.0	20.0
8	3881434	3.0	20.0
8	3887089	13.0	14.0
8	4316148	32.0	11.0
8	4471902	25.0	8.0
8	4794776	10.0	24.0
8	5091369	23.0	7.0
8	5124377	32.0	14.0
8	5148072	11.0	14.0
8	5864612	7.0	23.0
8	10367004	33.0	17.0
8	14111264	24.0	7.0
8	14168079	19.0	13.0
8	14707557	21.0	9.0
8	18014228	25.0	4.0
8	18014229	24.0	4.0
8	18804001	3.0	21.0
8	23890655	23.0	13.0
8	24251485	8.0	24.0
8	25228508	13.0	26.0
8	28549289	17.0	6.0
8	29709455	27.0	9.0
8	29775276	40.0	12.0
8	30791253	21.0	34.0
8	30791448	13.0	24.0
8	30795712	18.0	35.0
8	30796071	30.0	33.0
8	30796203	22.0	42.0
8	30796226	21.0	39.0
8	30796350	25.0	46.0
8	30805487	9.0	40.0
8	30811119	7.0	33.0
8	30818531	16.0	34.0
8	31192714	32.0	22.0
8	31503794	9.0	46.0
8	31605106	16.0	33.0
8	31725754	7.0	25.0
8	31785946	22.0	19.0
8	32302377	15.0	25.0
8	32864465	10.0	37.0
8	32973445	24.0	16.0
8	33041565	7.0	30.0
8	33527902	14.0	29.0
8	35834542	14.0	30.0
8	40641296	10.0	44.0
8	43392702	21.0	38.0
8	43566220	26.0	34.0
8	43577397	26.0	40.0
8	47145363	13.0	49.0
8	47572031	19.0	35.0
8	47616909	24.0	33.0
8	48076108	22.0	22.0
8	48578322	22.0	42.0
8	49991637	29.0	38.0
8	53341984	10.0	54.0
8	53385783	3.0	28.0
8	53883767	25.0	30.0
8	54004226	24.0	42.0
8	55848968	16.0	49.0
8	56675002	25.0	33.0
8	56939723	13.0	21.0
8	56954517	21.0	45.0
8	57037704	15.0	77.0
8	57268699	10.0	54.0
8	57577071	28.0	48.0
8	59318222	29.0	65.0
8	59748653	8.0	59.0
8	59749383	10.0	82.0
8	59899077	16.0	45.0
8	59899148	21.0	41.0
8	59935109	11.0	40.0
8	59936732	18.0	41.0
8	59939403	21.0	56.0
8	59939701	28.0	39.0
8	59942168	22.0	44.0
8	61131767	7.0	34.0
8	61182170	21.0	43.0
8	61197234	6.0	48.0
8	61197235	6.0	48.0
8	61197327	3.0	55.0
8	61197352	6.0	51.0
8	61197368	8.0	42.0
8	61197553	22.0	55.0
8	61259901	20.0	44.0
8	61263708	11.0	43.0
8	61437450	35.0	23.0
8	62605167	27.0	21.0
8	63606788	28.0	28.0
8	64289897	13.0	33.0
8	64571824	19.0	35.0
8	65107666	11.0	33.0
8	65286614	16.0	21.0
8	66090187	17.0	27.0
8	67177060	7.0	39.0
8	67185274	16.0	53.0
8	67185826	7.0	53.0
8	67185835	6.0	51.0
8	67185872	8.0	46.0
8	67185938	22.0	51.0
8	67792706	13.0	52.0
8	67792952	20.0	33.0
8	68519794	19.0	40.0
8	68543311	15.0	26.0
8	68543540	13.0	39.0
8	68550480	23.0	59.0
8	69348071	29.0	27.0
8	70161601	16.0	21.0
8	70453801	18.0	40.0
8	70708208	20.0	20.0
8	70875008	24.0	21.0
8	71467701	20.0	32.0
8	72280546	19.0	18.0
8	72333139	16.0	49.0
8	72333140	16.0	47.0
8	73589938	23.0	37.0
8	73756385	5.0	63.0
8	73874426	5.0	47.0
8	74559029	23.0	37.0
8	75041613	33.0	41.0
8	75465485	18.0	55.0
8	75503024	25.0	28.0
8	75947727	5.0	64.0
8	76219364	24.0	18.0
8	76335641	5.0	38.0
8	76342499	8.0	52.0
8	76363293	7.0	68.0
8	76364589	6.0	51.0
8	76364661	9.0	41.0
8	76417816	25.0	43.0
8	76557911	8.0	62.0
8	76577536	8.0	59.0
8	76821154	8.0	59.0
8	77580887	6.0	39.0
8	78607180	13.0	40.0
8	78806728	4.0	58.0
8	79115815	12.0	27.0
8	80158048	12.0	34.0
8	80308056	11.0	41.0
8	80409594	9.0	29.0
8	81086516	13.0	59.0
8	81087217	10.0	53.0
8	81368239	21.0	33.0
8	81543432	19.0	43.0
8	83423714	14.0	56.0
8	83930326	11.0	29.0
8	84143125	15.0	22.0
8	84181391	25.0	28.0
8	84466242	27.0	22.0
8	84669603	8.0	32.0
8	84864181	12.0	35.0
8	85137693	26.0	27.0
8	85554006	9.0	32.0
8	85662794	26.0	18.0
8	85663232	25.0	19.0
8	85707745	17.0	51.0
8	85773101	27.0	28.0
8	85777059	7.0	28.0
8	85826659	39.0	24.0
8	87364520	11.0	32.0
8	87364536	10.0	28.0
8	87364568	7.0	24.0
8	87364629	14.0	24.0
8	87373151	14.0	42.0
8	88677181	4.0	48.0
8	89223874	8.0	34.0
8	89223877	8.0	35.0
8	89224331	6.0	28.0
8	89224890	14.0	34.0
8	89224946	11.0	34.0
8	90149804	23.0	45.0
8	90149832	11.0	54.0
8	90149993	19.0	47.0
8	90151145	17.0	44.0
8	90819973	11.0	31.0
8	91711051	13.0	24.0
8	91885929	15.0	32.0
8	92405134	17.0	40.0
8	92592848	7.0	48.0
8	93146788	36.0	24.0
8	93263702	5.0	51.0
8	93428116	35.0	17.0
8	94897063	16.0	45.0
8	95445848	30.0	27.0
8	95679072	23.0	27.0
8	96819911	27.0	50.0
8	96880910	18.0	50.0
8	97812734	6.0	76.0
8	98362968	19.0	48.0
8	100383633	11.0	56.0
8	103609870	6.0	48.0
8	104133595	15.0	18.0
8	107195279	6.0	18.0
8	108229712	13.0	18.0
8	108395269	9.0	23.0
8	108544615	20.0	23.0
8	109087098	9.0	23.0
8	110578638	19.0	26.0
8	110985810	20.0	15.0
8	111025398	16.0	25.0
8	111147975	8.0	29.0
8	111546076	7.0	30.0
8	112055223	13.0	27.0
8	112162004	13.0	16.0
8	112226044	16.0	29.0
8	112583491	19.0	28.0
8	112924177	11.0	8.0
8	113131063	11.0	20.0
8	114626743	12.0	18.0
8	116028354	26.0	28.0
8	116077560	3.0	31.0
8	117989868	4.0	16.0
8	119174959	14.0	33.0
8	120691024	11.0	24.0
8	124613696	15.0	20.0
8	125831884	17.0	32.0
8	126610116	19.0	28.0
8	127520376	17.0	22.0
8	128280842	6.0	26.0
8	129215735	10.0	22.0
8	130389621	6.0	21.0
8	131354216	13.0	16.0
8	131891448	12.0	21.0
8	132657176	14.0	25.0
8	132697083	14.0	22.0
8	133018824	10.0	34.0
8	134332840	11.0	20.0
8	135947864	12.0	24.0
8	136072327	14.0	23.0
8	137238819	6.0	8.0
8	137389481	13.0	35.0
8	137737900	11.0	36.0
8	137917286	11.0	48.0
8	138439557	13.0	45.0
8	138461915	9.0	37.0
8	138522533	10.0	35.0
8	138747158	4.0	46.0
8	138979606	28.0	21.0
8	139151433	2.0	41.0
8	139227808	34.0	18.0
8	139273186	12.0	48.0
8	139365839	17.0	30.0
8	139439302	18.0	43.0
8	139626166	41.0	21.0
8	142841707	13.0	30.0
8	143443561	30.0	21.0
8	143622304	15.0	35.0
9	883771	4.0	37.0
9	1012940	10.0	44.0
9	1936497	27.0	27.0
9	2272418	19.0	35.0
9	2412864	10.0	54.0
9	3025511	35.0	29.0
9	3079866	13.0	46.0
9	5406038	22.0	54.0
9	7631015	14.0	39.0
9	10232710	43.0	22.0
9	10396170	6.0	41.0
9	10441193	14.0	31.0
9	11062396	14.0	36.0
9	11115872	31.0	21.0
9	11263085	16.0	57.0
9	11500211	14.0	34.0
9	11615369	30.0	15.0
9	11851741	43.0	24.0
9	12419649	20.0	53.0
9	12515865	15.0	39.0
9	12729772	12.0	51.0
9	12982194	5.0	32.0
9	14125527	13.0	50.0
9	14787176	12.0	51.0
9	17271023	11.0	25.0
9	19885355	10.0	23.0
9	20610884	11.0	36.0
9	20641969	36.0	18.0
9	20939800	13.0	42.0
9	21338988	33.0	19.0
9	22149863	37.0	22.0
9	23485082	15.0	53.0
9	25577729	10.0	48.0
9	25647965	15.0	52.0
9	25701636	23.0	30.0
9	26239888	40.0	21.0
9	27933140	18.0	52.0
9	29713073	14.0	40.0
9	30547811	32.0	23.0
9	31201955	27.0	15.0
9	31377481	8.0	24.0
9	31867984	8.0	37.0
9	32041990	30.0	20.0
9	32064481	3.0	46.0
9	32109838	26.0	21.0
9	33968481	27.0	18.0
9	37130663	16.0	37.0
9	37664536	4.0	42.0
9	37664840	10.0	51.0
9	47201098	29.0	75.0
9	71102684	7.0	87.0
9	71515320	33.0	42.0
9	73679893	28.0	51.0
9	74368637	36.0	50.0
9	74865160	5.0	77.0
9	75189572	11.0	54.0
9	75242985	39.0	42.0
9	77239988	4.0	72.0
9	77241350	10.0	73.0
9	77602199	31.0	57.0
9	77940945	8.0	72.0
9	81683866	24.0	42.0
9	83534581	20.0	40.0
9	84610499	17.0	58.0
9	84793849	7.0	72.0
9	86360559	39.0	35.0
9	87331270	40.0	32.0
9	88003599	14.0	64.0
9	90198327	22.0	50.0
9	91858331	23.0	42.0
9	93343080	28.0	42.0
9	94626483	20.0	64.0
9	95048630	30.0	38.0
9	97287720	33.0	50.0
9	98128262	34.0	44.0
9	99950660	13.0	53.0
9	101247736	33.0	37.0
9	102975238	32.0	41.0
9	103396275	8.0	64.0
9	103988002	15.0	12.0
9	104026108	28.0	40.0
9	104038519	36.0	52.0
9	105207592	21.0	34.0
9	105466952	17.0	57.0
9	105620441	30.0	30.0
9	105625997	22.0	44.0
9	105801145	4.0	62.0
9	106163522	13.0	59.0
9	106393872	6.0	34.0
9	106820856	10.0	79.0
9	106971321	31.0	44.0
9	108387919	34.0	35.0
9	108687520	38.0	30.0
9	109000910	29.0	45.0
9	114501705	35.0	42.0
9	114525310	25.0	39.0
9	114855210	9.0	68.0
9	115169978	39.0	36.0
9	115734231	27.0	34.0
9	116531834	48.0	46.0
9	117511689	37.0	35.0
9	117729997	36.0	40.0
9	121076404	34.0	35.0
9	121184860	23.0	30.0
9	121597580	17.0	65.0
9	121728315	32.0	59.0
9	121872185	15.0	56.0
9	122278755	15.0	51.0
9	122413874	25.0	32.0
9	125536841	9.0	53.0
9	126963481	33.0	39.0
9	127027586	29.0	39.0
9	127303001	26.0	45.0
9	128349979	5.0	66.0
9	128451351	23.0	41.0
9	128786033	33.0	30.0
9	130107390	16.0	65.0
9	130841537	25.0	50.0
9	131682650	34.0	30.0
9	131730948	29.0	38.0
9	131949951	38.0	40.0
9	134780488	32.0	54.0
9	136968715	36.0	36.0
9	138016637	24.0	25.0
9	138027976	31.0	38.0
9	139315973	8.0	59.0
9	140183568	14.0	15.0
X	437448	7.0	27.0
X	533139	27.0	8.0
X	899940	2.0	3.0
X	1360185	5.0	19.0
X	1360186	5.0	20.0
X	1402032	7.0	3.0
X	2018146	9.0	27.0
X	4566028	16.0	20.0
X	5115367	14.0	15.0
X	5356914	30.0	7.0
X	5499872	16.0	1.0
X	5533139	10.0	24.0
X	6064397	21.0	7.0
X	6216392	22.0	4.0
X	6824273	26.0	5.0
X	9317745	27.0	5.0
X	9942938	32.0	5.0
X	14713985	14.0	20.0
X	15310073	24.0	3.0
X	16185817	32.0	8.0
X	17068737	14.0	22.0
X	21272304	4.0	21.0
X	22238520	4.0	23.0
X	22386912	18.0	7.0
X	22937353	29.0	2.0
X	23035432	27.0	6.0
X	25209941	4.0	34.0
X	26496890	26.0	4.0
X	26750346	3.0	26.0
X	27766740	16.0	15.0
X	29143559	15.0	25.0
X	30143460	3.0	29.0
X	30168757	4.0	25.0
X	30942166	4.0	8.0
X	31811445	6.0	24.0
X	32572079	10.0	18.0
X	33601472	3.0	26.0
X	34112147	22.0	3.0
X	35288391	9.0	22.0
X	35865775	22.0	6.0
X	42291914	12.0	17.0
X	43802127	7.0	34.0
X	47387741	14.0	23.0
X	49506365	26.0	2.0
X	52859976	16.0	17.0
X	53029933	16.0	11.0
X	55276781	11.0	13.0
X	55861264	10.0	16.0
X	56032423	9.0	19.0
X	58119550	11.0	20.0
X	58522674	23.0	8.0
X	61944777	28.0	4.0
X	62255682	13.0	23.0
X	62483599	8.0	14.0
X	62922566	16.0	26.0
X	65011515	10.0	9.0
X	66024233	11.0	18.0
X	66226842	30.0	7.0
X	66623711	18.0	4.0
X	67458773	24.0	7.0
X	70042773	22.0	5.0
X	71032361	20.0	6.0
X	72645597	27.0	3.0
X	74322405	14.0	21.0
X	74904040	3.0	22.0
X	75200368	29.0	9.0
X	78771663	18.0	7.0
X	79608371	13.0	14.0
X	79630063	14.0	20.0
X	79630066	14.0	21.0
X	79846813	10.0	11.0
X	80265731	3.0	23.0
X	80350135	26.0	8.0
X	80460817	24.0	4.0
X	80981725	31.0	6.0
X	81561268	17.0	19.0
X	82583005	3.0	21.0
X	82669613	17.0	5.0
X	82669614	17.0	4.0
X	82729369	11.0	21.0
X	83108094	6.0	28.0
X	85769347	29.0	6.0
X	87108431	10.0	23.0
X	87299570	35.0	3.0
X	89627949	6.0	27.0
X	90367279	13.0	14.0
X	90639286	27.0	6.0
X	92458453	20.0	2.0
X	94424910	8.0	22.0
X	94461527	13.0	16.0
X	94811116	11.0	21.0
X	95499279	23.0	4.0
X	97170130	19.0	5.0
X	97814525	15.0	22.0
X	98184349	20.0	7.0
X	98365365	20.0	6.0
X	98690595	12.0	12.0
X	98718379	3.0	21.0
X	99477873	22.0	1.0
X	101985571	22.0	3.0
X	103263264	13.0	24.0
X	103624742	22.0	3.0
X	104074232	19.0	7.0
X	105772671	35.0	7.0
X	106107437	23.0	6.0
X	107678337	18.0	8.0
X	108005072	23.0	3.0
X	109793854	34.0	6.0
X	111602087	5.0	29.0
X	111709949	7.0	22.0
X	111890239	3.0	23.0
X	113042506	14.0	21.0
X	113515314	22.0	6.0
X	113656462	20.0	6.0
X	114040833	11.0	2.0
X	114505687	18.0	21.0
X	114696687	25.0	2.0
X	115165670	12.0	12.0
X	121031114	33.0	3.0
X	124434218	11.0	12.0
X	124738808	5.0	26.0
X	124962096	16.0	27.0
X	128277891	12.0	16.0
X	129722198	13.0	22.0
X	131920041	15.0	16.0
X	132110739	5.0	27.0
X	134209529	10.0	16.0
X	136057320	18.0	6.0
X	136775871	27.0	10.0
X	140431821	30.0	2.0
X	140644235	7.0	21.0
X	141564748	24.0	6.0
X	142487235	22.0	3.0
X	142502994	7.0	29.0
X	143143276	7.0	34.0
X	147536691	7.0	16.0
X	148203014	21.0	12.0
X	150204963	7.0	33.0
X	150489510	24.0	6.0
X	150556125	13.0	18.0
X	151500198	22.0	6.0
Y	6729005	25.0	2.0
Y	7552701	20.0	3.0
Y	7959036	4.0	25.0
Y	8079733	28.0	8.0
Y	8359261	3.0	21.0
Y	13216586	13.0	3.0
Y	13216837	18.0	6.0
Y	13216991	32.0	7.0
Y	13217425	16.0	1.0
Y	13217876	22.0	4.0
Y	13217937	12.0	3.0
Y	13218320	23.0	2.0
Y	13218541	11.0	2.0
Y	13218588	7.0	2.0
Y	13218622	9.0	4.0
Y	13218628	9.0	4.0
Y	13218887	22.0	2.0
Y	13219021	11.0	2.0
Y	13219034	12.0	2.0
Y	13219139	5.0	1.0
Y	13219173	1.0	3.0
Y	13219238	1.0	3.0
Y	13219255	3.0	2.0
Y	13219296	5.0	1.0
Y	13219403	11.0	2.0
Y	13219515	10.0	1.0
Y	13219687	6.0	3.0
Y	13219704	6.0	3.0
Y	13219731	2.0	3.0
Y	13219732	2.0	3.0
Y	13219733	2.0	3.0
Y	13220062	11.0	4.0
Y	13220098	8.0	5.0
Y	13220111	8.0	7.0
Y	13220174	21.0	4.0
Y	13220326	8.0	3.0
Y	13220382	1.0	4.0
Y	13220391	1.0	3.0
Y	13220456	1.0	3.0
Y	13220476	6.0	4.0
Y	13220625	23.0	6.0
Y	13220686	6.0	6.0
Y	13220706	2.0	4.0
Y	13220731	1.0	2.0
Y	13220757	1.0	2.0
Y	13220904	1.0	5.0
Y	13220938	1.0	2.0
Y	13220976	2.0	4.0
Y	13221030	2.0	5.0
Y	13221036	2.0	6.0
Y	13221122	4.0	7.0
Y	13221134	2.0	5.0
Y	13221140	2.0	6.0
Y	13221267	3.0	6.0
Y	13858525	24.0	5.0
