chromosome_index position alt_count ref_count
1 41107425 26 79
1 57499231 9 29
1 60107002 4 44
1 120050152 52 76
1 120295916 4 48
1 159175360 15 84
1 159921372 4 25
1 160803838 20 106
1 161518454 11 116
1 167971768 45 153
1 174200441 46 284
1 196227553 27 123
1 237540689 18 96
2 28352238 33 73
2 30142966 7 33
2 89399458 64 134
2 141751586 19 46
2 165365354 53 24
3 44948523 25 49
3 52514200 30 125
3 107524293 9 88
3 108072520 8 34
3 124492548 15 79
3 134977926 11 18
3 161146982 24 97
3 164786518 20 81
3 169540344 21 145
3 186974605 30 93
4 4228228 4 19
4 9784092 10 25
4 94750467 18 18
4 100349726 37 82
5 36677020 3 15
5 36679892 29 50
5 43556095 30 110
5 71616252 17 43
5 76932909 8 9
5 79032476 11 40
5 79372739 11 235
5 109191010 7 24
5 156381695 48 48
5 160886792 13 44
6 3273470 32 178
6 11232859 10 6
6 29012357 29 159
6 31777892 16 100
6 69646417 14 64
7 39500186 11 12
7 87011494 7 34
7 91631838 8 43
7 98543392 26 94
7 98557029 25 67
7 98557030 25 66
7 98558887 32 159
7 98558955 28 127
7 98558973 25 109
7 100361701 25 56
7 127343357 23 95
7 150648643 25 79
8 2824186 20 80
8 2824193 24 83
8 41525969 28 73
8 48626202 9 73
8 52232505 3 47
8 69103986 17 101
8 113529334 30 105
9 21859395 11 64
9 27206675 13 49
9 100124130 12 45
10 27009216 29 34
10 127686010 14 111
11 5411106 57 158
11 7023947 35 108
11 10828824 120 72
11 17548358 13 31
11 49831847 30 63
11 66029609 14 64
11 95546701 5 43
11 99690276 10 52
11 113813867 9 38
11 118373881 6 27
12 96617393 19 86
12 96680478 20 71
12 100660735 38 102
12 108098446 31 82
13 109704741 9 45
13 111996514 6 19
14 21216123 9 73
16 832011 10 6
16 10788486 27 51
16 21854779 11 55
16 56388866 7 59
16 74447026 19 221
17 3101369 34 70
17 7578190 38 6
17 39766663 56 123
17 58024091 27 58
17 74533629 15 76
17 79170844 4 27
19 3118942 21 79
19 3118943 21 79
19 17660382 8 29
19 22155506 17 43
19 51961290 10 173
20 9424678 9 80
20 50049132 3 25
21 19635164 38 83
22 19918614 18 170
22 30662763 18 51
22 46318697 7 40
22 50553006 7 40
