chromosome_index	start_position	end_position	major_cn	minor_cn	total_cn
1	61735	167493824	2	2	4
1	167494139	170834344	2	1	3
1	170834433	212670369	2	2	4
1	212670865	214379884	2	1	3
1	214385445	249224388	2	2	4
2	12784	243089456	2	2	4
3	60345	197896118	2	2	4
4	12281	191027923	2	2	4
5	15532	180790320	2	2	4
6	149661	171051005	2	2	4
7	43259	159127004	2	2	4
8	31254	146298155	2	2	4
9	46587	141091394	2	2	4
10	72759	31010850	2	2	4
10	31011552	31808203	2	0	2
10	31812187	89510229	2	2	4
10	89510229	90148238	1	1	2
10	90150837	90569723	2	1	3
10	90570304	135506704	2	2	4
11	198572	134944770	2	2	4
12	150442	6332310	2	2	4
12	6332838	29638052	2	0	2
12	29638239	33482649	2	2	4
12	33491201	69305458	2	0	2
12	69309338	133778189	2	2	4
13	19026949	115108397	2	2	4
14	19002124	107285437	2	2	4
15	20016328	102469040	2	2	4
16	60777	90287535	2	2	4
17	526	15428914	2	0	2
17	15437343	81049726	2	2	4
18	48133	30838414	2	0	2
18	30843838	32631194	2	2	4
18	32633674	78015057	2	0	2
19	90910	59097854	2	2	4
20	61305	62956153	2	2	4
21	10736871	35901630	2	2	4
21	35903649	39726004	2	0	2
21	39729540	48096957	2	2	4
22	16052528	51234455	2	2	4
