chromosome_index position alt_count ref_count
1 19180795 7 15
1 29344905 53 62
1 67154840 110 151
1 67154841 108 150
1 104162354 65 304
1 152081094 46 125
1 157504657 48 37
1 160181468 20 50
1 160181469 21 50
1 197297622 29 60
1 202531972 114 77
2 71043645 82 93
2 74044087 3 10
2 79385836 17 20
2 85097805 9 4
2 86790475 54 68
2 89399462 98 103
2 113780158 3 6
2 135621159 20 18
2 138030231 6 16
2 178762875 30 35
2 213872104 27 43
2 234652376 89 103
3 14949214 17 18
3 15686848 46 47
3 48419815 16 36
3 51308266 12 23
3 67054142 23 35
3 98109578 65 67
3 132221182 57 81
3 137802964 21 51
3 185191480 68 86
3 197598333 62 80
4 1235212 20 26
4 1235213 21 26
4 1980590 12 18
4 3432581 15 24
4 69533768 86 128
4 69696495 59 99
4 82058637 45 39
4 154502668 30 33
4 158224768 57 69
4 160251565 46 46
4 187629946 73 76
5 23510054 23 5
5 169533087 9 0
6 15497029 23 35
6 51890842 18 50
6 167786682 37 58
7 100686452 55 173
7 140453136 87 38
7 143047677 107 70
7 151573737 36 16
7 151573738 34 16
7 151970850 18 242
8 100587980 53 6
9 77365588 22 4
9 84530809 26 5
9 121976078 26 8
9 130914472 17 6
9 131329091 27 6
10 11908637 38 5
10 37508025 41 6
10 44053444 35 44
10 44053445 36 44
10 55583112 19 30
10 71700759 78 85
10 75525229 30 51
10 91163006 23 37
11 7064875 38 4
11 72145367 41 18
11 73809191 42 85
12 5153851 25 44
12 13906442 22 17
12 14976535 17 44
12 14976536 17 44
12 32949197 14 20
12 56216503 24 46
12 77216238 18 9
12 101576592 18 22
12 104473326 43 52
12 108926078 16 32
14 106053949 18 6
15 24924348 102 62
15 33873720 37 104
15 41488141 31 80
15 65871768 34 127
15 65892226 13 45
15 97327420 61 23
15 97327421 59 22
16 1779191 42 96
16 4024700 87 63
16 20043684 75 49
16 50249989 59 3
16 68011711 52 20
16 68011712 53 20
17 263374 15 12
17 10323468 68 82
17 18047840 26 32
17 39623238 51 75
17 42636532 19 18
17 44408910 6 28
18 32409044 65 14
19 9024917 48 75
19 9087063 70 88
19 19637067 9 12
19 33600653 25 24
19 33642157 7 8
19 36046363 19 26
19 36350391 12 19
19 37488393 8 7
19 38980752 28 31
19 42636586 7 8
19 49143496 29 41
19 51020755 4 8
19 55221897 16 10
19 55652319 21 15
19 55816189 5 4
21 45679547 10 17
21 47551972 8 11
22 22556286 21 27
22 39445500 65 77
22 43089459 30 30
