chromosome_index position alt_count ref_count
1 6534096 7 24
1 24463673 27 54
1 28477144 68 82
1 79002436 8 7
1 158449814 46 43
1 184764460 30 134
1 204946828 18 30
1 209952737 15 16
1 231374541 13 7
2 26644262 7 27
3 47891524 7 9
3 50327154 4 4
3 155838415 52 125
3 169487113 9 14
3 178916944 17 45
3 178936094 5 24
4 41682066 8 23
4 41983717 8 9
4 69688108 40 140
4 154625007 15 54
5 89701540 11 27
5 143586601 31 35
6 43403588 24 60
6 56918473 3 49
6 100390944 40 82
6 131188677 5 67
7 4188979 3 41
7 55221822 60 72
7 126698170 6 11
7 135047488 7 46
7 150069850 28 115
9 107331778 27 58
9 138590205 96 93
10 5008161 22 50
10 50818775 3 7
11 406533 38 67
11 17531092 13 20
11 100996789 10 56
12 7242002 5 39
12 10205329 12 52
12 41900316 10 49
12 41900459 12 64
12 76741233 8 28
12 78444669 24 32
12 86374058 25 73
14 39722040 9 33
15 25213099 35 74
15 75655059 11 28
16 31391362 9 42
16 47694709 29 73
17 18023395 15 60
17 40500443 28 54
17 57076657 6 29
17 79862808 4 25
19 6937659 32 73
19 7811372 39 118
19 9577542 38 126
19 15586704 16 66
19 52034027 38 81
19 53848775 50 113
19 55019286 6 103
19 58601354 33 97
20 54578992 64 209
21 46000163 61 94
21 46320364 43 69
