chromosome_index	start_position	end_position	major_cn	minor_cn	total_cn
1	10001	12984252	2.0	1.0	3.0
1	12984253	121499999	2.0	1.0	3.0
1	121500000	128899999	2.0	1.0	3.0
1	128900000	142606938	2.0	1.0	3.0
1	142606939	247247500	2.0	1.0	3.0
1	247247501	249250620	2.0	1.0	3.0
2	12154	89887499	2.0	2.0	4.0
2	89887500	96799999	2.0	2.0	4.0
2	96800000	242985493	2.0	2.0	4.0
3	60596	87899999	2.0	1.0	3.0
3	87900000	93899999	2.0	1.0	3.0
3	93900000	198022429	2.0	1.0	3.0
4	43975	48199999	2.0	1.0	3.0
4	48200000	52699999	2.0	1.0	3.0
4	52700000	140964401	2.0	1.0	3.0
4	140964402	191154275	2.0	1.0	3.0
5	14782	46099999	2.0	1.0	3.0
5	46100000	50699999	2.0	1.0	3.0
5	50700000	62600027	2.0	1.0	3.0
5	62600028	180729006	2.0	1.0	3.0
6	39681	203877	2.0	1.0	3.0
6	203878	58699999	2.0	1.0	3.0
6	58700000	63299999	2.0	1.0	3.0
6	63300000	170919735	2.0	1.0	3.0
7	40386	57999999	2.0	2.0	4.0
7	58000000	61699999	2.0	2.0	4.0
7	61700000	158817500	2.0	2.0	4.0
8	10001	155736	2.0	1.0	3.0
8	155737	43099999	2.0	1.0	3.0
8	43100000	48099999	2.0	1.0	3.0
8	48100000	146364021	2.0	1.0	3.0
9	47500	206511	2.0	0.0	2.0
9	206512	21335079	2.0	0.0	2.0
9	21335080	21686162	1.0	0.0	1.0
9	21686163	27286772	0.0	0.0	0.0
9	27286773	29327733	1.0	0.0	1.0
9	29327734	41455801	2.0	0.0	2.0
9	41455802	44235916	2.0	0.0	2.0
9	44235917	44852500	2.0	0.0	2.0
9	44852501	47299999	2.0	0.0	2.0
9	47300000	50699999	2.0	0.0	2.0
9	50700000	65607499	2.0	0.0	2.0
9	65607500	69875662	2.0	0.0	2.0
9	69875663	140267500	2.0	0.0	2.0
10	95662	37999999	2.0	1.0	3.0
10	38000000	42299999	2.0	1.0	3.0
10	42300000	135389924	2.0	1.0	3.0
11	210135	45509911	2.0	0.0	2.0
11	45509912	50781999	2.0	1.0	3.0
11	55700000	63530723	2.0	2.0	4.0
11	63530724	63530948	2.0	2.0	4.0
11	63530949	134442500	2.0	2.0	4.0
12	101293	205599	2.0	2.0	4.0
12	205600	33299999	2.0	2.0	4.0
12	33300000	38199999	2.0	2.0	4.0
12	38200000	132342500	2.0	2.0	4.0
12	132342501	133851894	2.0	2.0	4.0
13	1	16299999	2.0	1.0	3.0
13	16300000	19499999	2.0	1.0	3.0
13	19500000	114137500	2.0	1.0	3.0
13	114137501	115169877	2.0	1.0	3.0
14	1	16099999	2.0	1.0	3.0
14	16100000	19099999	2.0	1.0	3.0
14	19100000	106362500	2.0	1.0	3.0
15	1	15799999	2.0	1.0	3.0
15	15800000	20699999	2.0	1.0	3.0
15	20700000	100332500	2.0	1.0	3.0
15	100332501	102438023	2.0	1.0	3.0
16	34170	100009	2.0	2.0	4.0
16	100010	34599999	2.0	2.0	4.0
16	34600000	38599999	2.0	2.0	4.0
16	38600000	88822500	2.0	2.0	4.0
16	88822501	90354752	2.0	2.0	4.0
17	12500	22199999	2.0	1.0	3.0
17	22200000	25799999	2.0	1.0	3.0
17	25800000	78772500	2.0	1.0	3.0
17	78772501	81195209	2.0	1.0	3.0
18	10001	127816	1.0	1.0	2.0
18	127817	15399999	1.0	1.0	2.0
18	15400000	18999999	1.0	1.0	2.0
18	19000000	76112500	1.0	1.0	2.0
18	76112501	78077247	1.0	1.0	2.0
19	102500	226775	3.0	2.0	5.0
19	226776	24399999	3.0	2.0	5.0
19	24400000	28599999	3.0	2.0	5.0
19	28600000	59128982	3.0	2.0	5.0
20	60479	25599999	2.0	1.0	3.0
20	25600000	29399999	2.0	1.0	3.0
20	29400000	62432500	2.0	1.0	3.0
21	10900000	14438631	4.0	1.0	5.0
21	14438632	46937500	4.0	2.0	6.0
21	46937501	48129894	4.0	2.0	6.0
22	1	12199999	2.0	2.0	4.0
22	12200000	17899999	2.0	2.0	4.0
22	17900000	49687500	2.0	2.0	4.0
22	49687501	51304565	2.0	2.0	4.0
