chromosome_index position alt_count ref_count
1 28858479 24 37
1 38483231 3 40
1 197071130 51 24
2 50148734 40 56
2 73455974 26 32
2 179416435 30 32
3 37096646 19 26
3 120941941 20 23
3 126382250 25 18
3 183495458 34 39
4 149000719 17 25
5 1280362 3 42
5 79028609 3 34
5 127713448 27 44
5 145719326 20 17
6 21065347 4 94
6 46991854 25 34
6 74537690 19 11
8 21973824 3 40
8 23225664 33 36
8 143961100 19 20
9 14083372 39 42
9 16552635 21 34
9 70177160 21 107
10 5777269 5 69
10 48413521 2 13
10 135126406 3 26
11 55798441 14 15
11 64544038 29 30
11 94113135 3 52
11 103056979 4 58
12 104743405 2 11
12 108004005 26 21
15 73044457 6 9
16 77229444 3 39
16 90032830 23 53
17 33806526 37 41
17 48827881 17 29
17 55028339 17 16
17 68172115 21 28
17 73841963 10 14
19 39195638 31 32
19 46283205 4 62
19 48789076 37 35
22 28144310 17 15
22 31328907 23 38
22 50518372 33 45
