chromosome_index position alt_count ref_count
1 33236886 8 52
1 60223646 4 25
1 175937648 11 60
1 176668239 20 94
1 190068073 19 94
1 204942475 15 59
1 212799454 17 40
1 215820981 13 56
1 215848451 3 36
1 216348731 13 29
1 237777927 37 133
1 248790069 20 52
2 29087932 4 13
2 70106039 32 106
2 128030447 5 34
2 178098799 21 62
2 179612962 3 57
2 180818938 11 32
2 201434585 15 88
2 219892557 16 32
2 219892558 15 32
2 234545830 105 275
3 46945070 16 101
3 51978551 40 112
3 183368813 8 83
4 947060 7 46
4 15937797 12 58
4 23815375 8 46
4 113353621 6 116
4 126355520 5 57
4 147861017 4 39
5 7869310 5 98
5 82876243 13 25
5 96430430 9 23
5 126755779 26 46
5 140249368 3 12
5 140537411 9 48
5 140590309 15 114
5 176831250 4 17
6 15497243 7 13
6 25479352 54 250
6 31549372 18 106
6 33403305 14 239
6 46129454 73 279
6 52285123 5 14
6 116720446 17 69
6 154439861 42 145
7 44280347 8 35
7 116769845 15 41
7 120884326 21 60
7 121732955 23 88
8 95837232 13 40
8 110457547 16 76
8 110476761 7 44
8 130789826 24 62
9 8517911 11 43
9 86293406 82 196
9 94495619 8 16
10 7697622 14 52
10 51807977 25 104
10 62039305 20 104
10 68687361 29 106
10 69934070 25 113
11 49974207 20 171
11 55065638 6 58
11 58480331 12 36
11 104912156 6 36
12 1346070 5 27
12 10167220 13 32
12 25398282 7 18
12 70048804 16 44
12 122845560 14 30
12 123648494 15 72
13 20580705 4 36
13 30104763 20 102
13 35685096 8 51
13 38320459 15 85
13 50586540 9 40
13 98116634 18 83
14 23883259 22 70
15 27777818 5 34
15 89421483 6 140
15 90190856 6 19
16 57718367 8 42
16 67228324 14 45
17 10398615 13 50
17 29670110 3 45
17 35836962 45 124
17 59155884 6 16
17 79409867 8 26
18 22807111 19 60
19 1255036 15 28
19 11141546 6 5
19 18054397 4 44
19 23316948 6 40
19 31770232 4 18
19 43866393 15 29
19 55385751 18 55
20 5542132 4 30
20 42265791 12 71
20 47342840 13 34
20 48164483 25 92
22 30691008 7 63
22 39146305 6 50
