chromosome_index	start_position	end_position	major_cn	minor_cn	total_cn
1	61735	121482979	1	1	2
1	144007049	249224388	2	0	2
2	12784	101649494	2	1	3
2	101653528	127125025	2	2	4
2	127125464	129789108	2	1	3
2	129789335	141418236	2	2	4
2	141420009	142037697	2	1	3
2	142039375	193904227	2	2	4
2	193908759	243089456	2	0	2
3	60345	86169768	2	0	2
3	86173613	87213007	3	1	4
3	87216951	88004048	1	1	2
3	88007659	88102293	2	1	3
3	88102683	88802631	5	1	6
3	88804168	89635870	2	1	3
3	89639186	99873387	6	1	7
3	99877927	101946107	8	1	9
3	101946182	103955734	11	1	12
3	103959087	104312610	1	1	2
3	104323086	104544658	6	1	7
3	104545336	157193158	1	1	2
3	157195548	157340086	3	1	4
3	157341407	163714586	1	1	2
3	163714937	191344113	6	1	7
3	191344923	192536060	9	1	10
3	192536466	197896118	3	1	4
4	12281	40040247	1	1	2
4	40040529	43960929	3	1	4
4	43961422	45389984	4	1	5
4	45390684	52872238	2	1	3
4	52876707	79354971	2	2	4
4	79355471	80189721	2	1	3
4	80194689	167794180	1	1	2
4	167794829	191027923	1	0	1
5	15532	2182854	3	0	3
5	2188552	7823816	5	0	5
5	7824002	13376525	6	0	6
5	13376546	16502005	4	0	4
5	16502840	16605341	0	0	0
5	16606795	18619760	3	0	3
5	18620261	26168145	4	0	4
5	26168865	46383335	5	0	5
5	46386392	180790320	2	0	2
6	149661	33173842	2	0	2
6	33175824	49716561	1	1	2
6	49717319	53590075	6	1	7
6	53591120	54003689	9	1	10
6	54003780	56146560	4	1	5
6	56146669	57328748	1	1	2
6	57329886	93689951	3	1	4
6	93694761	171051005	1	1	2
7	43259	47936329	2	1	3
7	47936676	75164510	2	2	4
7	75165018	142727159	3	2	5
7	142727560	159127004	2	1	3
8	31254	6531520	3	1	4
8	6531541	49978803	2	1	3
8	49980155	50231771	7	1	8
8	50232086	50328308	7	2	9
8	50349102	56466778	1	0	1
8	56470407	92588885	1	1	2
8	92589846	104340719	2	1	3
8	104351670	116368443	4	1	5
8	116368790	120917799	4	4	8
8	120919926	127661127	4	3	7
8	127661447	133508997	5	4	9
8	133511747	139124839	4	2	6
8	139127818	146298155	3	2	5
9	46587	47217176	2	0	2
9	65616971	141091394	2	1	3
10	72759	38755674	2	0	2
10	38756073	43235414	2	1	3
10	43236268	135506704	2	0	2
11	198572	5778010	1	0	1
11	5778471	13409843	1	1	2
11	13410109	42786631	2	1	3
11	42787485	134944770	1	1	2
12	150442	133778189	2	1	3
13	19026949	23043316	1	0	1
13	23043743	58819836	2	0	2
13	58820829	115108397	1	0	1
14	19002124	96563784	1	1	2
14	96563824	107285437	2	1	3
15	20016328	25716453	3	1	4
15	25717864	26664797	3	2	5
15	26666698	32489253	3	3	6
15	32504264	95888565	3	0	3
15	95890490	102469040	2	0	2
16	60777	79856466	1	1	2
16	79858627	79924723	1	0	1
16	79924857	90287535	1	1	2
17	526	81049726	2	1	3
18	48133	5102469	4	2	6
18	5102643	13358206	3	3	6
18	13360231	30991599	3	2	5
18	30991717	35947360	2	1	3
18	35947705	78015057	1	0	1
19	90910	27965515	2	1	3
19	27998566	28550010	5	2	7
19	28551241	33003569	7	2	9
19	33006876	33191641	4	3	7
19	33195119	34035676	2	2	4
19	34036648	34451779	6	2	8
19	34455208	59097854	2	2	4
20	61305	18428932	2	1	3
20	18430199	34847232	2	2	4
20	34850364	62956153	2	1	3
21	10736871	48096957	2	0	2
22	16052528	51234455	2	1	3
