chromosome_index position alt_count ref_count
1 158261046 24 81
1 180974506 112 174
2 25982469 20 128
2 152477495 9 135
2 190428522 16 47
3 47545880 7 18
3 52469820 11 29
3 134851694 4 59
4 88534248 11 31
6 86332254 47 133
7 95761189 6 28
7 126173165 44 87
7 152012230 25 127
9 21166507 19 108
11 7439351 25 63
11 102567123 19 193
12 77439990 49 60
13 108882272 20 72
14 92563056 11 164
14 105246551 42 24
15 42145506 3 26
16 67070543 66 40
17 39323824 4 18
17 41244468 18 64
17 77755934 5 9
19 7691056 8 31
19 10084883 7 45
19 15079170 21 55
