chromosome_index	start_position	end_position	major_cn	minor_cn	total_cn
1	1	790008	2.0	1.0	3.0
1	790009	121499999	2.0	1.0	3.0
1	121500000	128899999	2.0	1.0	3.0
1	128900000	143375938	2.0	1.0	3.0
1	143375939	175719259	2.0	1.0	3.0
1	175719260	175969771	2.0	1.0	3.0
1	175969772	181150129	2.0	1.0	3.0
1	181150130	181813701	2.0	2.0	4.0
1	181813702	182515881	2.0	0.0	2.0
1	182515882	187671711	2.0	2.0	4.0
1	187671712	188076121	2.0	0.0	2.0
1	188076122	197911775	2.0	2.0	4.0
1	197911776	197936558	2.0	1.0	3.0
1	197936559	247247500	2.0	2.0	4.0
1	247247501	249250620	2.0	2.0	4.0
2	20016	9334563	3.0	1.0	4.0
2	9334564	31540267	3.0	1.0	4.0
2	31540268	32678015	2.0	1.0	3.0
2	32678016	79195347	3.0	1.0	4.0
2	79195348	79208771	3.0	2.0	5.0
2	79208772	79945958	3.0	1.0	4.0
2	79945959	80142148	1.0	1.0	2.0
2	80142149	89617401	3.0	1.0	4.0
2	89617402	89854000	3.0	1.0	4.0
2	89854001	96799999	3.0	1.0	4.0
2	96800000	116459828	3.0	1.0	4.0
2	116459829	122836561	3.0	0.0	3.0
2	122836562	122842475	3.0	1.0	4.0
2	122842476	122842747	3.0	0.0	3.0
2	122842748	122873033	3.0	0.0	3.0
2	122873034	123447677	3.0	1.0	4.0
2	123447678	123531104	3.0	1.0	4.0
2	123531105	144145031	3.0	0.0	3.0
2	144145032	144834997	3.0	1.0	4.0
2	144834998	144838475	3.0	1.0	4.0
2	144838476	144871022	3.0	1.0	4.0
2	144871023	144877873	3.0	1.0	4.0
2	144877874	149237499	3.0	1.0	4.0
2	149237500	155642249	3.0	1.0	4.0
2	155642250	155711909	3.0	2.0	5.0
2	155711910	156697896	3.0	1.0	4.0
2	156697897	157157306	3.0	1.0	4.0
2	157157307	157319920	3.0	1.0	4.0
2	157319921	157320666	3.0	1.0	4.0
2	157320667	157321034	3.0	1.0	4.0
2	157321035	158163325	3.0	1.0	4.0
2	158163326	159796104	3.0	1.0	4.0
2	159796105	160014927	3.0	1.0	4.0
2	160014928	160673816	3.0	0.0	3.0
2	160673817	160727596	3.0	1.0	4.0
2	160727597	163116528	3.0	0.0	3.0
2	163116529	163116900	3.0	0.0	3.0
2	163116901	165747986	3.0	0.0	3.0
2	165747987	165834553	3.0	1.0	4.0
2	165834554	167137697	3.0	0.0	3.0
2	167137698	167343297	3.0	0.0	3.0
2	167343298	167412522	2.0	1.0	3.0
2	167412523	167433327	3.0	0.0	3.0
2	167433328	167511298	3.0	0.0	3.0
2	167511299	174149201	3.0	0.0	3.0
2	174149202	174168232	3.0	0.0	3.0
2	174168233	174301525	3.0	1.0	4.0
2	174301526	174301877	3.0	1.0	4.0
2	174301878	174387199	3.0	1.0	4.0
2	174387200	174460759	3.0	0.0	3.0
2	174460760	174544811	3.0	1.0	4.0
2	174544812	180081401	3.0	0.0	3.0
2	180081402	181915999	3.0	0.0	3.0
2	181916000	232647509	3.0	1.0	4.0
2	232647510	232647538	1.0	0.0	1.0
2	232647539	234932168	1.0	0.0	1.0
2	234932169	242951000	3.0	1.0	4.0
3	10001	113799	2.0	1.0	3.0
3	113800	60454197	3.0	1.0	4.0
3	60454198	60461587	3.0	1.0	4.0
3	60461588	87899999	3.0	1.0	4.0
3	87900000	93899999	3.0	1.0	4.0
3	93900000	118093874	3.0	1.0	4.0
3	118093875	118279587	3.0	0.0	3.0
3	118279588	162510025	3.0	1.0	4.0
3	162510026	162799187	2.0	1.0	3.0
3	162799188	163140636	1.0	0.0	1.0
3	163140637	197847500	3.0	1.0	4.0
4	24304	17657780	2.0	2.0	4.0
4	17657781	20917473	2.0	1.0	3.0
4	20917474	48199999	2.0	2.0	4.0
4	48200000	52699999	2.0	2.0	4.0
4	52700000	58793431	2.0	2.0	4.0
4	58793432	59092500	2.0	1.0	3.0
4	59092501	59193104	2.0	1.0	3.0
4	59193105	70242499	2.0	2.0	4.0
4	70242500	91118401	2.0	2.0	4.0
4	91118402	91179226	2.0	2.0	4.0
4	91179227	91188265	3.0	2.0	5.0
4	91188266	92074828	2.0	2.0	4.0
4	92074829	92084626	2.0	1.0	3.0
4	92084627	132748601	2.0	2.0	4.0
4	132748602	161856010	2.0	2.0	4.0
4	161856011	161860212	2.0	1.0	3.0
4	161860213	161903947	2.0	2.0	4.0
4	161903948	162845437	2.0	1.0	3.0
4	162845438	166378001	2.0	2.0	4.0
4	166378002	179776601	2.0	2.0	4.0
4	179776602	180181396	2.0	1.0	3.0
4	180181397	187420062	2.0	2.0	4.0
4	187420063	187570010	2.0	0.0	2.0
4	187570011	190780046	2.0	2.0	4.0
5	20549	21344	1.0	0.0	1.0
5	21345	271396	1.0	0.0	1.0
5	271397	1826499	5.0	1.0	6.0
5	1826500	2017602	3.0	1.0	4.0
5	2017603	2020120	1.0	0.0	1.0
5	2020121	2143002	1.0	1.0	2.0
5	2143003	5306594	2.0	1.0	3.0
5	5306595	5311109	2.0	1.0	3.0
5	5311110	7082791	2.0	1.0	3.0
5	7082792	7099723	3.0	1.0	4.0
5	7099724	9311583	2.0	1.0	3.0
5	9311584	11530014	4.0	1.0	5.0
5	11530015	13016845	3.0	1.0	4.0
5	13016846	15749429	5.0	1.0	6.0
5	15749430	20378921	3.0	1.0	4.0
5	20378922	21162389	5.0	1.0	6.0
5	21162390	22315388	4.0	1.0	5.0
5	22315389	22563553	3.0	1.0	4.0
5	22563554	22566128	3.0	1.0	4.0
5	22566129	22567082	3.0	1.0	4.0
5	22567083	23182918	3.0	1.0	4.0
5	23182919	23411380	4.0	1.0	5.0
5	23411381	23411562	4.0	1.0	5.0
5	23411563	24791268	2.0	1.0	3.0
5	24791269	25625817	1.0	0.0	1.0
5	25625818	31160404	2.0	1.0	3.0
5	31160405	33204139	3.0	1.0	4.0
5	33204140	33840005	2.0	1.0	3.0
5	33840006	35757430	3.0	1.0	4.0
5	35757431	38159201	2.0	1.0	3.0
5	38159202	39362367	4.0	1.0	5.0
5	39362368	39367187	4.0	1.0	5.0
5	39367188	39856707	2.0	1.0	3.0
5	39856708	41652054	3.0	1.0	4.0
5	41652055	42557117	2.0	1.0	3.0
5	42557118	42574775	2.0	1.0	3.0
5	42574776	44449980	2.0	1.0	3.0
5	44449981	45281352	1.0	1.0	2.0
5	50700000	164108731	2.0	1.0	3.0
5	164108732	164549492	2.0	0.0	2.0
5	164549493	180689978	2.0	1.0	3.0
6	39681	242500	3.0	2.0	5.0
6	242501	3207313	3.0	2.0	5.0
6	3207314	3735621	2.0	1.0	3.0
6	3735622	6420077	3.0	2.0	5.0
6	6420078	9822318	3.0	1.0	4.0
6	9822319	58699999	3.0	2.0	5.0
6	58700000	63299999	3.0	2.0	5.0
6	63300000	80650653	3.0	2.0	5.0
6	80650654	94847866	2.0	0.0	2.0
6	94847867	101650027	3.0	2.0	5.0
6	101650028	135649195	2.0	0.0	2.0
6	135649196	135649913	1.0	0.0	1.0
6	135649914	135650176	2.0	0.0	2.0
6	135650177	135650215	2.0	0.0	2.0
6	135650216	150734600	3.0	0.0	3.0
6	150734601	162398402	4.0	0.0	4.0
6	162398403	162609718	3.0	0.0	3.0
6	162609719	170913782	4.0	0.0	4.0
7	40386	10547537	5.0	3.0	8.0
7	10547538	11542238	3.0	0.0	3.0
7	11542239	31891144	5.0	3.0	8.0
7	31891145	31892842	2.0	2.0	4.0
7	31892843	31892872	2.0	2.0	4.0
7	31892873	31893682	2.0	2.0	4.0
7	31893683	35854773	3.0	3.0	6.0
7	35854774	36747926	3.0	0.0	3.0
7	36747927	41885557	3.0	3.0	6.0
7	41885558	42131959	3.0	2.0	5.0
7	42131960	43339696	3.0	3.0	6.0
7	43339697	44443420	4.0	3.0	7.0
7	44443421	44775159	3.0	3.0	6.0
7	44775160	45058371	3.0	3.0	6.0
7	45058372	57999999	3.0	3.0	6.0
7	61758827	62493790	4.0	1.0	5.0
7	62493791	63069200	3.0	1.0	4.0
7	63069201	69537327	1.0	1.0	2.0
7	69537328	69541164	1.0	1.0	2.0
7	69541165	76269402	1.0	1.0	2.0
7	76269403	81609988	1.0	1.0	2.0
7	81609989	89748872	2.0	1.0	3.0
7	89748873	90128079	3.0	1.0	4.0
7	90128080	98079601	2.0	1.0	3.0
7	98079602	98138439	3.0	1.0	4.0
7	98138440	99186147	2.0	1.0	3.0
7	99186148	99190911	2.0	1.0	3.0
7	99190912	99319331	2.0	1.0	3.0
7	99319332	100903239	2.0	1.0	3.0
7	100903240	100946149	3.0	1.0	4.0
7	100946150	101110091	3.0	1.0	4.0
7	101110092	101112898	3.0	1.0	4.0
7	101112899	101410843	3.0	1.0	4.0
7	101410844	101563570	4.0	1.0	5.0
7	101563571	102042427	2.0	2.0	4.0
7	102042428	102048498	3.0	1.0	4.0
7	102048499	102329401	4.0	1.0	5.0
7	102329402	158821400	1.0	1.0	2.0
8	10001	180343	2.0	2.0	4.0
8	180344	43099999	2.0	2.0	4.0
8	43100000	48099999	2.0	2.0	4.0
8	48100000	129471001	2.0	2.0	4.0
8	129471002	146364021	2.0	2.0	4.0
9	47500	211724	2.0	0.0	2.0
9	211725	21884658	3.0	0.0	3.0
9	21884659	23746106	0.0	0.0	0.0
9	23746107	24519201	3.0	0.0	3.0
9	24519202	44727630	3.0	0.0	3.0
9	44727631	44856402	1.0	0.0	1.0
9	44856403	45071015	1.0	0.0	1.0
9	45071016	47299999	4.0	0.0	4.0
9	50700000	91163023	3.0	0.0	3.0
9	91163024	91464641	2.0	0.0	2.0
9	91464642	115306034	3.0	0.0	3.0
9	115306035	115794295	0.0	0.0	0.0
9	115794296	140273200	2.0	0.0	2.0
10	94426	24809890	2.0	1.0	3.0
10	24809891	25010935	1.0	0.0	1.0
10	25010936	37999999	2.0	1.0	3.0
10	38000000	42377499	2.0	1.0	3.0
10	42377500	131030029	2.0	1.0	3.0
10	131030030	131742254	1.0	1.0	2.0
10	131742255	131744060	1.0	1.0	2.0
10	131744061	131747928	1.0	1.0	2.0
10	131747929	132494128	1.0	0.0	1.0
10	132494129	135185874	1.0	1.0	2.0
10	135185875	135389924	1.0	1.0	2.0
11	197557	50048940	2.0	2.0	4.0
11	50048941	50302302	2.0	2.0	4.0
11	50302303	50727518	2.0	1.0	3.0
11	55700000	134452200	2.0	2.0	4.0
12	22500	185500	2.0	2.0	4.0
12	185501	33299999	2.0	2.0	4.0
12	33300000	38199999	2.0	2.0	4.0
12	38200000	132299400	2.0	2.0	4.0
12	132299401	133851894	2.0	2.0	4.0
13	1	16299999	2.0	1.0	3.0
13	16300000	19499999	2.0	1.0	3.0
13	19500000	21713606	2.0	1.0	3.0
13	21713607	39270468	2.0	1.0	3.0
13	39270469	39322964	3.0	2.0	5.0
13	39322965	43804821	2.0	1.0	3.0
13	43804822	61707340	2.0	1.0	3.0
13	61707341	61778921	2.0	1.0	3.0
13	61778922	68775936	2.0	1.0	3.0
13	68775937	94503534	2.0	1.0	3.0
13	94503535	94504575	2.0	1.0	3.0
13	94504576	98646718	2.0	1.0	3.0
13	98646719	111792972	2.0	1.0	3.0
13	111792973	114092800	2.0	1.0	3.0
13	114092801	115169877	2.0	1.0	3.0
14	16100000	19099999	3.0	1.0	4.0
14	19100000	19457499	3.0	1.0	4.0
14	19457500	20122801	3.0	1.0	4.0
14	20122802	20432547	3.0	1.0	4.0
14	20432548	48285102	3.0	0.0	3.0
14	48285103	48830710	1.0	0.0	1.0
14	48830711	74000102	3.0	0.0	3.0
14	74000103	76296177	3.0	0.0	3.0
14	76296178	76296878	3.0	0.0	3.0
14	76296879	76344843	2.0	0.0	2.0
14	76344844	76348593	2.0	0.0	2.0
14	76348594	106243252	2.0	0.0	2.0
14	106243253	106368400	2.0	0.0	2.0
15	1	15799999	2.0	1.0	3.0
15	15800000	20699999	2.0	1.0	3.0
15	20700000	100338800	2.0	1.0	3.0
15	100338801	102349919	2.0	1.0	3.0
16	100024	34209201	2.0	1.0	3.0
16	38600000	88827200	2.0	2.0	4.0
16	88827201	90121305	2.0	2.0	4.0
17	6475	18301564	2.0	0.0	2.0
17	18301565	22199999	2.0	0.0	2.0
17	25800000	61574719	2.0	2.0	4.0
17	61574720	61574900	2.0	2.0	4.0
17	61574901	80117251	2.0	2.0	4.0
17	80117252	81195209	2.0	0.0	2.0
18	27500	139636	4.0	2.0	6.0
18	139637	10487842	4.0	2.0	6.0
18	10487843	10489009	2.0	1.0	3.0
18	10489010	10707499	2.0	2.0	4.0
18	10707500	14448179	4.0	2.0	6.0
18	19000000	25945983	4.0	2.0	6.0
18	25945984	29317544	2.0	2.0	4.0
18	29317545	30148136	2.0	0.0	2.0
18	30148137	31237710	2.0	2.0	4.0
18	31237711	34218033	4.0	2.0	6.0
18	34218034	34344530	4.0	2.0	6.0
18	34344531	35457392	4.0	0.0	4.0
18	35457393	36720010	2.0	0.0	2.0
18	36720011	36857234	4.0	0.0	4.0
18	36857235	40362965	2.0	0.0	2.0
18	40362966	43007910	0.0	0.0	0.0
18	43007911	48178432	2.0	0.0	2.0
18	48178433	50911924	0.0	0.0	0.0
18	50911925	51005624	2.0	0.0	2.0
18	51005625	51493141	0.0	0.0	0.0
18	51493142	51516104	4.0	0.0	4.0
18	51516105	51660137	4.0	0.0	4.0
18	51660138	51675245	6.0	0.0	6.0
18	51675246	51927619	4.0	0.0	4.0
18	51927620	52425608	4.0	0.0	4.0
18	52425609	52426633	4.0	0.0	4.0
18	52426634	52427049	4.0	0.0	4.0
18	52427050	52428120	4.0	0.0	4.0
18	52428121	52435389	4.0	0.0	4.0
18	52435390	54651875	0.0	0.0	0.0
18	54651876	69497783	2.0	0.0	2.0
18	69497784	69588024	0.0	0.0	0.0
18	69588025	69592327	0.0	0.0	0.0
18	69592328	70236334	0.0	0.0	0.0
18	70236335	76117000	2.0	0.0	2.0
18	76117001	78077247	2.0	0.0	2.0
19	102500	271609	2.0	1.0	3.0
19	271610	4259658	1.0	1.0	2.0
19	4259659	6492070	1.0	1.0	2.0
19	6492071	7694292	2.0	1.0	3.0
19	7694293	14588475	1.0	1.0	2.0
19	14588476	17299962	2.0	1.0	3.0
19	17299963	24399999	2.0	1.0	3.0
19	24400000	28599999	2.0	1.0	3.0
19	28600000	59128982	2.0	1.0	3.0
20	17500	25599999	3.0	2.0	5.0
20	25600000	29399999	3.0	2.0	5.0
20	29400000	62432500	3.0	2.0	5.0
21	10900000	14299999	3.0	0.0	3.0
21	14300000	46937500	2.0	1.0	3.0
21	46937501	48129894	2.0	1.0	3.0
22	1	12199999	2.0	2.0	4.0
22	12200000	17899999	2.0	2.0	4.0
22	17900000	36890962	2.0	2.0	4.0
22	36890963	36891177	2.0	2.0	4.0
22	36891178	49687500	2.0	2.0	4.0
22	49687501	51304565	2.0	2.0	4.0
