chromosome_index	start_position	end_position	major_cn	minor_cn	total_cn
1	61735	15367812	2	2	4
1	15373038	15723843	2	0	2
1	15724003	247488217	2	2	4
1	247490254	249224388	3	1	4
2	12784	45629529	2	2	4
2	45629629	45981286	2	0	2
2	45981762	167503368	2	2	4
2	167504345	168273375	2	0	2
2	168273530	243089456	2	2	4
3	60345	59923391	2	2	4
3	59928851	60511960	2	0	2
3	60512472	93543202	2	2	4
3	93547195	197896118	6	2	8
4	12281	141263079	2	2	4
4	141264567	141541564	2	0	2
4	141544703	191027923	2	2	4
5	15532	58400695	2	2	4
5	58403872	58579722	2	0	2
5	58580092	162317234	2	2	4
5	162320479	162794430	2	0	2
5	162794447	180790320	2	2	4
6	149661	101659948	4	0	4
6	101660659	102812281	2	0	2
6	102813064	171051005	4	0	4
7	43259	159127004	3	3	6
8	31254	109565862	4	4	8
8	109566933	112047702	4	2	6
8	112048042	146298155	4	4	8
9	46587	141091394	2	2	4
10	72759	48318619	2	2	4
10	48320402	51496782	2	0	2
10	51496796	135506704	2	2	4
11	198572	134944770	2	2	4
12	150442	133778189	2	2	4
13	19026949	115108397	3	3	6
14	19002124	22351670	2	2	4
14	22354103	22999617	3	3	6
14	22999918	107285437	2	2	4
15	20016328	102469040	2	2	4
16	60777	90287535	2	2	4
17	526	81049726	2	2	4
18	48133	78015057	2	2	4
19	90910	59097854	2	2	4
20	61305	15018286	3	3	6
20	15018622	15100550	3	0	3
20	15101464	62956153	3	3	6
21	10736871	48096957	2	2	4
22	16052528	51234455	2	2	4
