chromosome_index position alt_count ref_count
1 17017751 9 15
1 74507534 27 71
1 85115982 21 22
1 114196630 70 152
1 190067206 6 165
1 223983555 4 84
2 24930566 23 34
2 31598368 22 26
2 168115032 7 31
2 172644412 12 22
2 192225432 95 118
3 14862467 10 37
3 109049557 37 62
3 134514403 4 17
3 180320181 5 7
4 3344679 11 65
4 65146797 5 28
4 85781638 17 49
4 89618409 29 84
5 16465785 7 24
5 41904478 12 12
5 52360756 3 53
5 67584451 9 24
5 96503628 28 92
5 140730641 25 90
5 167551958 4 19
6 3225114 9 103
6 10702848 32 123
6 26250719 29 95
6 31508296 18 71
6 32362585 32 142
6 151142342 14 45
6 152671318 10 45
7 55259515 24 59
7 71175812 15 65
7 92838013 39 60
7 103006539 29 99
7 131113849 10 94
7 142659398 6 20
8 3226892 3 20
8 11683576 22 95
8 97321848 22 39
8 113564858 29 46
9 131071839 9 29
10 105800830 6 49
11 58723213 9 27
11 59283060 34 149
11 60695271 10 46
11 61539415 16 64
11 65172387 9 41
11 102565710 6 32
11 102565768 7 78
11 102565801 7 98
11 102743681 6 19
12 21355464 18 34
12 112843710 16 87
14 35182544 27 95
14 38679102 5 41
14 39716224 9 36
15 37109938 20 26
15 80253408 25 78
16 4745281 8 1
16 31282350 52 140
16 31282351 51 139
16 51173914 6 33
16 55360423 6 6
16 81151065 43 56
17 3990763 9 47
17 5286437 3 58
17 7577085 33 22
17 27239438 3 14
17 38906800 39 203
17 60040305 43 165
17 62504728 23 50
17 77915948 5 18
17 79409981 21 14
18 30791980 7 28
19 49494725 15 124
19 51630513 6 14
19 56382251 26 39
20 34207180 29 224
20 34208665 21 298
21 47532313 15 10
