chromosome_index position alt_count ref_count
1 7798518 9 28
1 9804589 6 37
1 10713811 9 61
1 12371899 6 51
1 19166116 6 15
1 20992815 47 109
1 23418840 66 199
1 26384919 19 66
1 44085478 20 55
1 52870275 3 5
1 64605914 45 108
1 74670535 15 61
1 111440441 40 45
1 120165556 6 26
1 152278782 123 1049
1 152283719 110 470
1 152648619 80 188
1 153431505 24 108
1 158906804 19 56
1 186007091 8 57
1 196643027 26 75
1 196799755 23 109
1 201981232 21 78
1 214170629 7 56
1 215408301 16 52
1 220156183 30 95
1 228456452 13 56
1 229770828 20 57
1 249142394 5 32
2 1893091 14 56
2 16742257 25 81
2 16746919 49 174
2 21232797 24 105
2 44549030 20 82
2 64863248 16 66
2 79349111 25 91
2 80529982 11 34
2 90248938 28 119
2 110053480 12 25
2 120439121 22 49
2 132021412 28 80
2 145156576 37 126
2 168096450 10 19
2 168102105 14 25
2 196544940 10 25
2 197183398 11 20
2 215848475 31 59
2 224462806 10 54
3 4821245 17 56
3 9877266 10 16
3 10916687 50 119
3 38888112 5 17
3 49735355 96 195
3 154145319 10 53
3 196547286 22 62
4 53349 17 204
4 71634276 26 73
4 90856226 20 46
4 138442499 10 15
4 158041800 4 43
5 1064252 8 35
5 11364949 6 17
5 24487671 13 26
5 24593604 15 34
5 35954526 6 28
5 63871658 15 72
5 74056769 32 75
5 83356228 16 53
5 102891773 20 66
5 114861052 24 51
5 140229393 39 84
5 140712246 24 68
5 140719504 109 67
5 140736934 16 32
5 140745741 32 73
5 140750061 16 46
5 149580706 18 46
5 150945591 10 22
5 153835472 66 145
6 28501815 56 60
6 30460339 17 60
6 33247058 50 139
6 33400501 12 31
6 36569545 10 115
6 50016317 17 44
6 57072445 28 67
6 74533196 18 49
6 90362725 38 109
6 136597479 44 370
6 153019192 12 52
7 34192832 48 92
7 44609623 11 47
7 47925618 19 76
7 74212187 14 19
7 129847923 19 59
7 129929437 11 60
7 134936546 12 42
8 10755507 47 87
8 52321298 8 9
8 63978488 18 49
8 69434106 30 41
8 98078381 4 57
8 104225282 21 83
8 110598318 6 12
8 116616161 21 38
8 125072944 7 76
9 18706744 7 3
9 32635041 19 37
9 40716246 32 119
9 82323110 26 61
9 95599901 3 17
9 116812551 3 12
9 135267527 17 12
10 20568697 19 81
10 21435374 10 96
10 28032198 3 19
10 38647419 6 41
10 46968704 18 80
10 50944412 29 90
10 72358710 17 77
10 75072379 32 131
10 81319083 24 99
10 105037247 7 37
10 115348763 26 129
10 118306813 14 97
10 134013907 37 78
11 1270407 53 116
11 2154085 23 54
11 5255363 21 54
11 5510654 26 65
11 48266895 31 134
11 55594726 47 147
11 56949360 12 27
11 63398935 8 32
11 75479999 6 11
11 103907638 41 139
11 108032615 20 63
11 110450073 14 76
11 123894222 44 162
11 124252431 32 86
12 10954555 9 38
12 27081681 12 69
12 40629494 7 23
12 40668657 6 23
12 54797509 11 52
12 62148743 11 44
12 78513286 20 74
12 91348057 10 25
12 94654490 13 48
12 109678926 42 134
12 124798913 29 93
13 41642771 11 38
13 58298871 12 38
14 81302651 30 68
15 29346630 6 19
16 7382926 20 67
16 20043437 27 61
16 20548663 64 230
16 28118969 23 89
16 31393213 21 87
16 70926271 11 45
17 4798379 29 81
17 7578224 33 19
17 9596464 7 14
17 10544456 36 58
17 27229954 6 5
17 32690177 11 52
18 65178630 24 49
18 77802192 4 50
19 10475613 23 62
19 13049450 5 8
19 14104427 9 19
19 17384826 19 64
19 37677443 41 198
19 43376167 45 182
19 44223763 9 35
19 46180989 61 263
19 50029285 33 173
19 50170339 52 91
19 52448344 76 47
19 53207805 8 26
20 13936766 6 23
20 37356207 14 64
20 42744706 3 9
20 42876057 9 22
20 48129690 16 65
20 48604570 6 37
20 55758863 22 77
20 62324601 33 84
20 62608696 11 53
