chromosome_index position alt_count ref_count
1 11561200 22 62
1 26751862 37 94
1 27632864 7 15
1 36785374 34 97
1 75172801 20 80
1 94027932 25 64
1 97243196 28 96
1 111894021 5 36
1 150531615 30 35
1 152190799 39 147
1 152760144 101 408
1 154698441 4 42
1 161519647 33 41
1 166826813 6 72
1 167599604 13 11
1 185269591 25 92
1 197141359 26 95
1 203465175 19 22
1 232942258 20 46
1 237729972 54 136
1 240071286 32 97
1 247150633 8 31
1 248512694 49 149
2 1437254 31 118
2 9593140 8 103
2 16746936 5 35
2 39185191 26 40
2 50758479 27 32
2 53956641 22 110
2 54853341 17 52
2 69093335 122 161
2 71622389 26 80
2 71801397 16 54
2 112847206 50 190
2 136545955 9 29
2 153437545 9 51
2 158406807 41 111
2 167133735 42 205
2 167266218 47 51
2 167298152 43 62
2 173341126 33 110
2 179437307 14 81
2 208993045 17 75
2 210681781 30 21
2 216245775 11 57
2 218683429 26 50
2 225750460 17 100
2 226516164 25 97
2 233272657 23 85
2 235943745 24 27
2 242608058 10 46
3 9476004 27 57
3 9860739 3 6
3 12978126 17 23
3 19575237 35 38
3 27243055 18 129
3 39307922 46 134
3 39374816 41 49
3 45988069 111 134
3 47040272 34 32
3 48613110 10 42
3 51679153 44 290
3 52554110 17 51
3 71804208 8 49
3 75480034 31 37
3 97517081 8 24
3 100328620 19 52
3 121413304 20 112
3 129140467 11 50
3 133648547 18 41
3 134851758 23 77
3 142396903 32 104
3 155232631 13 27
3 164906184 21 53
3 167016215 6 51
3 181430986 4 40
3 184297566 31 49
3 192516241 22 68
4 17524636 15 15
4 41987164 7 39
4 79258911 9 75
4 94750181 7 65
4 123167330 18 215
4 134071179 13 17
4 162306979 30 74
4 175750111 9 5
5 14608873 13 26
5 23527862 12 28
5 71495084 3 28
5 72469123 11 36
5 73163756 28 72
5 74655094 17 38
5 112175480 50 37
5 118513711 33 53
5 140250710 18 56
5 140256773 26 75
5 140432198 16 55
5 140798586 26 84
5 148411146 21 38
5 180166927 9 63
6 13639981 11 40
6 24278429 31 129
6 27276911 14 58
6 29395299 30 40
6 29574954 15 58
6 35945098 51 78
6 44120388 8 39
6 70944266 32 120
6 78172235 22 53
6 83667109 14 50
6 110012626 15 27
6 112454030 10 41
6 117704573 20 79
6 121642941 35 55
6 123786070 8 40
6 132068153 3 17
6 134492229 31 200
6 136590695 18 234
6 139564297 58 205
6 146755534 11 38
6 159621607 9 77
6 161071518 16 60
6 161134081 17 67
6 167709568 39 50
6 170121136 22 85
7 4856887 11 54
7 11514192 13 55
7 12409622 36 208
7 15666537 33 131
7 41739819 24 39
7 43495895 51 106
7 45125343 16 27
7 50070900 7 32
7 72419544 22 85
7 79082451 8 40
7 81591263 28 33
7 81714153 26 80
7 87778335 6 67
7 91794031 13 71
7 94228183 21 69
7 98574637 13 36
7 100253177 20 91
7 103368566 6 25
7 106508490 21 22
7 107621118 21 67
7 121671579 84 134
7 127234008 9 29
7 141755416 20 63
7 144463037 59 65
8 15398025 4 29
8 22472458 16 23
8 41542063 8 11
8 56699290 36 49
8 97307323 20 56
8 98289558 8 25
8 99961777 8 37
8 104427572 11 33
8 131136311 31 93
8 133198404 12 43
8 142446013 51 58
8 144644267 14 12
9 3271080 10 133
9 4741076 22 18
9 17273796 35 204
9 21970975 7 14
9 33053232 48 80
9 33442770 43 52
9 79981755 32 107
9 96714397 3 22
9 97355963 12 171
9 108125133 15 158
9 131517836 18 16
9 139265834 15 51
10 7621866 13 44
10 8106073 23 41
10 28908511 25 54
10 43595976 10 25
10 49994911 69 143
10 50121545 61 180
10 71060583 29 77
10 75071625 12 39
10 98129884 14 23
10 122625220 40 94
11 281405 10 73
11 1009762 5 62
11 1955642 47 26
11 9200515 113 66
11 18387394 70 54
11 33090345 46 28
11 34111793 158 75
11 55587445 34 322
11 55927333 74 42
11 56043537 39 643
11 56258044 383 37
11 56431997 35 56
11 57193047 16 60
11 66332107 4 31
11 66454631 5 20
11 93212419 10 31
11 93912906 23 35
11 106810251 16 52
11 108811027 15 51
11 117780623 3 25
11 130284506 19 39
12 4716533 8 34
12 8800755 10 67
12 10342505 11 37
12 14018844 46 59
12 25398284 52 57
12 39064567 21 12
12 41961603 16 21
12 42854063 10 89
12 42854336 17 67
12 42854337 17 68
12 42854338 16 67
12 46316724 28 32
12 51323902 10 25
12 57323179 14 30
12 77438460 12 141
12 78225198 29 33
12 100042096 11 77
12 100478308 16 123
12 112608194 15 38
12 113612845 8 26
13 19748022 13 155
13 25825817 113 93
13 37269561 23 91
13 42888058 99 354
13 78474742 33 70
13 101736068 8 32
13 113669099 13 41
13 114523843 41 29
14 23530726 16 32
14 23826497 6 30
14 70712779 15 78
14 89307801 63 48
14 105409039 7 60
15 23194734 3 29
15 23890184 21 49
15 25616657 34 125
15 29346719 16 64
15 41229721 43 119
15 49426009 49 64
15 52350900 6 21
15 57730905 7 17
15 77092607 9 23
16 1262089 44 31
16 1709929 13 9
16 2499428 6 19
16 3486517 30 99
16 15853489 30 60
16 22926517 14 15
16 32266001 20 49
16 49407824 11 48
16 50746089 12 48
16 86612427 18 33
17 293193 30 20
17 1635692 26 19
17 7077200 5 9
17 7578253 24 23
17 8736312 16 28
17 14140071 18 89
17 21320361 8 51
17 29272008 21 46
17 35614772 22 28
17 39659909 8 8
17 65027096 4 27
17 80048932 12 5
18 674331 8 57
18 2960785 23 20
18 10471697 10 10
18 50589734 37 131
18 56401597 33 74
18 58038602 13 25
18 64212059 36 67
18 76754109 8 22
19 694912 26 36
19 8138035 13 64
19 11107218 7 41
19 11491584 50 180
19 13394175 26 48
19 15789114 29 83
19 16982172 16 21
19 18277972 35 53
19 18375560 17 23
19 18943118 3 21
19 22847069 59 343
19 33623072 7 5
19 33693787 8 44
19 36884884 51 85
19 38056164 44 54
19 39109856 40 39
19 40093172 36 43
19 40392715 37 296
19 40957392 6 9
19 41627443 15 56
19 41860534 6 35
19 41928947 10 40
19 43979572 9 41
19 44807589 6 32
19 46283072 18 24
19 50985691 13 4
19 52149781 16 133
19 53959795 21 20
19 54245786 63 68
19 55336502 95 70
19 55677696 18 77
19 58384056 18 71
20 2843737 10 14
20 17462587 15 63
20 31022350 13 52
20 37357011 27 45
20 39751885 21 52
20 44839071 25 40
20 57766991 14 18
20 60711963 31 158
20 62172218 9 55
21 28306866 12 48
21 43413181 14 32
21 47635650 10 34
22 17071908 33 95
22 25023452 12 121
22 30125063 7 47
22 31529191 10 14
22 32270390 3 31
22 32647765 4 15
22 40552173 17 39
22 41188620 25 76
22 50484378 3 11
22 51065277 8 26
