chromosome_index	start_position	end_position	major_cn	minor_cn	total_cn
1	10001	182499	1.0	1.0	2.0
1	182500	822499	1.0	1.0	2.0
1	822500	84517419	1.0	1.0	2.0
1	84517420	84517885	1.0	1.0	2.0
1	84517886	112816225	1.0	1.0	2.0
1	112816226	121499999	1.0	0.0	1.0
1	121500000	128899999	1.0	0.0	1.0
1	128900000	143288938	1.0	0.0	1.0
1	143288939	144710402	1.0	1.0	2.0
1	144710403	190719571	1.0	1.0	2.0
1	190719572	190722945	1.0	1.0	2.0
1	190722946	216492488	1.0	1.0	2.0
1	216492489	216492504	1.0	1.0	2.0
1	216492505	247247500	1.0	1.0	2.0
1	247247501	249250620	1.0	1.0	2.0
2	20016	48188050	1.0	1.0	2.0
2	48188051	48194921	1.0	1.0	2.0
2	48194922	56816042	1.0	1.0	2.0
2	56816043	56816913	1.0	1.0	2.0
2	56816914	90499999	1.0	1.0	2.0
2	96800000	124670354	2.0	1.0	3.0
2	124670355	124671296	2.0	1.0	3.0
2	124671297	131031266	2.0	1.0	3.0
2	131031267	141171830	1.0	0.0	1.0
2	141171831	141288888	2.0	0.0	2.0
2	141288889	141337815	3.0	0.0	3.0
2	141337816	141396744	2.0	0.0	2.0
2	141396745	142777766	1.0	0.0	1.0
2	142777767	142859079	0.0	0.0	0.0
2	142859080	156528128	1.0	0.0	1.0
2	156528129	156530689	1.0	0.0	1.0
2	156530690	156532013	1.0	0.0	1.0
2	156532014	156532071	1.0	0.0	1.0
2	156532072	170248448	1.0	0.0	1.0
2	170248449	170611164	1.0	1.0	2.0
2	170611165	175134386	2.0	1.0	3.0
2	175134387	175139339	2.0	1.0	3.0
2	175139340	180240609	2.0	1.0	3.0
2	180240610	219400087	1.0	0.0	1.0
2	219400088	219400108	1.0	0.0	1.0
2	219400109	219400151	1.0	0.0	1.0
2	219400152	226053569	1.0	0.0	1.0
2	226053570	242985695	1.0	0.0	1.0
3	100074	6592521	1.0	0.0	1.0
3	6592522	31944753	1.0	0.0	1.0
3	31944754	31964853	2.0	0.0	2.0
3	31964854	60764717	1.0	0.0	1.0
3	60764718	60835486	0.0	0.0	0.0
3	60835487	68034449	1.0	0.0	1.0
3	68034450	68037663	1.0	0.0	1.0
3	68037664	68248601	2.0	1.0	3.0
3	68248602	68645606	3.0	1.0	4.0
3	68645607	68851210	2.0	1.0	3.0
3	68851211	76265171	1.0	0.0	1.0
3	76265172	87899999	1.0	0.0	1.0
3	93900000	100667216	2.0	1.0	3.0
3	100667217	100667266	2.0	1.0	3.0
3	100667267	146637867	2.0	1.0	3.0
3	146637868	148589581	2.0	1.0	3.0
3	148589582	148590418	2.0	1.0	3.0
3	148590419	179052156	2.0	1.0	3.0
3	179052157	179052464	2.0	1.0	3.0
3	179052465	179577656	2.0	1.0	3.0
3	179577657	179577674	2.0	1.0	3.0
3	179577675	179577760	2.0	1.0	3.0
3	179577761	186375196	2.0	1.0	3.0
3	186375197	186375321	2.0	1.0	3.0
3	186375322	186375966	2.0	1.0	3.0
3	186375967	192251461	2.0	1.0	3.0
3	192251462	192251647	2.0	1.0	3.0
3	192251648	197144367	2.0	1.0	3.0
3	197144368	197161025	2.0	1.0	3.0
3	197161026	197848669	2.0	1.0	3.0
4	29277	34778601	1.0	0.0	1.0
4	34778602	48199999	1.0	0.0	1.0
4	48200000	52699999	1.0	0.0	1.0
4	52700000	54783880	1.0	0.0	1.0
4	54783881	118671297	1.0	1.0	2.0
4	118671298	144280914	1.0	1.0	2.0
4	144280915	144282234	1.0	1.0	2.0
4	144282235	163085871	1.0	1.0	2.0
4	163085872	163086121	1.0	1.0	2.0
4	163086122	190987500	1.0	1.0	2.0
5	22500	1067675	2.0	1.0	3.0
5	1067676	1067924	2.0	1.0	3.0
5	1067925	22049937	2.0	1.0	3.0
5	22049938	46099999	1.0	1.0	2.0
5	50700000	120617235	2.0	0.0	2.0
5	120617236	120617286	2.0	0.0	2.0
5	120617287	180714439	2.0	0.0	2.0
6	39681	219980	2.0	0.0	2.0
6	219981	19771791	2.0	0.0	2.0
6	19771792	24810720	2.0	0.0	2.0
6	24810721	24810888	2.0	0.0	2.0
6	24810889	58699999	2.0	0.0	2.0
6	63300000	66117890	1.0	1.0	2.0
6	66117891	66119599	1.0	1.0	2.0
6	66119600	67627953	1.0	1.0	2.0
6	67627954	67627985	1.0	1.0	2.0
6	67627986	68935166	1.0	1.0	2.0
6	68935167	123849629	1.0	0.0	1.0
6	123849630	123849833	1.0	0.0	1.0
6	123849834	132177015	1.0	0.0	1.0
6	132177016	132384730	1.0	1.0	2.0
6	132384731	133266602	4.0	1.0	5.0
6	133266603	133306428	3.0	1.0	4.0
6	133306429	133397076	5.0	1.0	6.0
6	133397077	133398541	5.0	1.0	6.0
6	133398542	134152587	7.0	1.0	8.0
6	134152588	134507437	6.0	1.0	7.0
6	134507438	134711415	5.0	1.0	6.0
6	134711416	135240001	4.0	1.0	5.0
6	135240002	135957726	3.0	1.0	4.0
6	135957727	136381697	5.0	1.0	6.0
6	136381698	136382058	5.0	1.0	6.0
6	136382059	137307494	5.0	1.0	6.0
6	137307495	137489263	9.0	1.0	10.0
6	137489264	137839778	7.0	1.0	8.0
6	137839779	138106858	7.0	1.0	8.0
6	138106859	138387676	3.0	1.0	4.0
6	138387677	138391377	7.0	1.0	8.0
6	138391378	138394837	11.0	1.0	12.0
6	138394838	138479833	7.0	1.0	8.0
6	138479834	139121102	11.0	1.0	12.0
6	139121103	140332100	3.0	1.0	4.0
6	140332101	140430513	13.0	1.0	14.0
6	140430514	140622465	8.0	1.0	9.0
6	140622466	140627526	4.0	1.0	5.0
6	140627527	141617698	1.0	0.0	1.0
6	141617699	141795916	4.0	1.0	5.0
6	141795917	142062356	3.0	1.0	4.0
6	142062357	142880456	4.0	1.0	5.0
6	142880457	142945014	7.0	1.0	8.0
6	142945015	143578619	10.0	1.0	11.0
6	143578620	143714844	7.0	1.0	8.0
6	143714845	143717735	7.0	1.0	8.0
6	143717736	143757793	7.0	1.0	8.0
6	143757794	143994151	9.0	1.0	10.0
6	143994152	144024248	3.0	1.0	4.0
6	144024249	144320069	9.0	1.0	10.0
6	144320070	144320594	9.0	1.0	10.0
6	144320595	146693737	5.0	1.0	6.0
6	146693738	146802565	1.0	1.0	2.0
6	146802566	147374095	5.0	1.0	6.0
6	147374096	147520023	1.0	0.0	1.0
6	147520024	147886170	1.0	1.0	2.0
6	147886171	147888914	1.0	0.0	1.0
6	147888915	147889588	1.0	0.0	1.0
6	147889589	148580076	1.0	0.0	1.0
6	148580077	170921585	1.0	1.0	2.0
7	40386	51641797	4.0	0.0	4.0
7	51641798	53245262	3.0	0.0	3.0
7	53245263	53247959	3.0	0.0	3.0
7	53247960	53499165	5.0	0.0	5.0
7	53499166	53504167	9.0	0.0	9.0
7	53504168	54749183	3.0	0.0	3.0
7	54749184	56252181	9.0	0.0	9.0
7	56252182	57163651	2.0	0.0	2.0
7	57163652	57168207	4.0	0.0	4.0
7	57168208	57473206	4.0	0.0	4.0
7	57473207	57488962	4.0	0.0	4.0
7	61871915	61916802	1.0	0.0	1.0
7	61916803	71390025	1.0	0.0	1.0
7	71390026	73751139	1.0	1.0	2.0
7	73751140	73752916	1.0	1.0	2.0
7	73752917	73753969	1.0	0.0	1.0
7	73753970	89075824	1.0	0.0	1.0
7	89075825	98228424	1.0	1.0	2.0
7	98228425	98277270	2.0	1.0	3.0
7	98277271	98279651	2.0	1.0	3.0
7	98279652	100192004	2.0	1.0	3.0
7	100192005	100202587	1.0	0.0	1.0
7	100202588	100652327	4.0	1.0	5.0
7	100652328	100653272	4.0	1.0	5.0
7	100653273	158821400	1.0	0.0	1.0
8	10001	155756	1.0	1.0	2.0
8	155757	4148370	1.0	1.0	2.0
8	4148371	4187211	1.0	0.0	1.0
8	4187212	4323767	1.0	1.0	2.0
8	4323768	14275347	1.0	0.0	1.0
8	14275348	14296845	1.0	0.0	1.0
8	14296846	39228321	1.0	0.0	1.0
8	39228322	43099999	1.0	0.0	1.0
8	43100000	48099999	1.0	0.0	1.0
8	48100000	57162312	1.0	0.0	1.0
8	57162313	57162419	1.0	0.0	1.0
8	57162420	57163195	1.0	0.0	1.0
8	57163196	98542246	1.0	0.0	1.0
8	98542247	104050026	1.0	1.0	2.0
8	104050027	104050089	1.0	1.0	2.0
8	104050090	105889942	1.0	1.0	2.0
8	105889943	115561716	2.0	1.0	3.0
8	115561717	115561757	2.0	1.0	3.0
8	115561758	135082455	2.0	1.0	3.0
8	135082456	135082904	2.0	1.0	3.0
8	135082905	143810836	2.0	1.0	3.0
8	143810837	146300522	2.0	2.0	4.0
9	64711	21921961	1.0	0.0	1.0
9	21921962	22127486	0.0	0.0	0.0
9	22127487	44058214	1.0	0.0	1.0
9	44058215	47299999	1.0	0.0	1.0
9	47300000	50699999	1.0	0.0	1.0
9	50700000	65652870	1.0	0.0	1.0
9	65652871	68463801	1.0	0.0	1.0
9	68463802	75628983	2.0	0.0	2.0
9	75628984	75629032	2.0	0.0	2.0
9	75629033	119758013	2.0	0.0	2.0
9	119758014	119995869	2.0	0.0	2.0
9	119995870	140273200	2.0	0.0	2.0
9	140273201	141068960	2.0	0.0	2.0
10	1	8622461	1.0	0.0	1.0
10	8622462	10128622	1.0	1.0	2.0
10	10128623	13387102	1.0	1.0	2.0
10	13387103	17999117	1.0	0.0	1.0
10	17999118	31513281	1.0	1.0	2.0
10	31513282	31513554	1.0	1.0	2.0
10	31513555	31513599	1.0	1.0	2.0
10	31513600	31517089	1.0	1.0	2.0
10	31517090	31517347	1.0	1.0	2.0
10	31517348	37999999	1.0	1.0	2.0
10	42355002	42524518	1.0	0.0	1.0
10	42524519	47542499	1.0	1.0	2.0
10	47542500	47661226	1.0	1.0	2.0
10	47661227	53878781	1.0	1.0	2.0
10	53878782	118857905	1.0	1.0	2.0
10	118857906	118857946	1.0	1.0	2.0
10	118857947	135389924	1.0	1.0	2.0
11	20721	197336	1.0	1.0	2.0
11	197337	14742932	1.0	1.0	2.0
11	14742933	37397860	1.0	1.0	2.0
11	37397861	37443921	1.0	0.0	1.0
11	37443922	42303310	1.0	1.0	2.0
11	42303311	42303370	1.0	1.0	2.0
11	42303371	50238274	1.0	1.0	2.0
11	50238275	50238463	1.0	1.0	2.0
11	50238464	51599999	1.0	1.0	2.0
11	51600000	55699999	1.0	1.0	2.0
11	55700000	68643911	1.0	1.0	2.0
11	68643912	68645295	7.0	1.0	8.0
11	68645296	69267334	19.0	1.0	20.0
11	69267335	69282857	19.0	1.0	20.0
11	69282858	69309005	19.0	1.0	20.0
11	69309006	69310310	19.0	1.0	20.0
11	69310311	69799324	18.0	1.0	19.0
11	69799325	70258645	8.0	0.0	8.0
11	70258646	70289801	8.0	0.0	8.0
11	70289802	70289965	38.0	1.0	39.0
11	70289966	70300479	38.0	1.0	39.0
11	70300480	70420941	38.0	1.0	39.0
11	70420942	70421916	20.0	1.0	21.0
11	70421917	70558115	2.0	1.0	3.0
11	70558116	70558647	2.0	1.0	3.0
11	70558648	132920153	1.0	0.0	1.0
11	132920154	134452200	2.0	0.0	2.0
12	110107	33299999	1.0	1.0	2.0
12	33300000	38199999	1.0	1.0	2.0
12	38200000	59856729	1.0	1.0	2.0
12	59856730	59858966	1.0	1.0	2.0
12	59858967	66451368	1.0	1.0	2.0
12	66451369	66451472	1.0	1.0	2.0
12	66451473	81412469	1.0	1.0	2.0
12	81412470	132349400	1.0	1.0	2.0
12	132349401	133851894	1.0	1.0	2.0
13	1	16299999	1.0	1.0	2.0
13	16300000	20054004	1.0	1.0	2.0
13	20054005	20130082	1.0	1.0	2.0
13	20130083	67188855	1.0	1.0	2.0
13	67188856	70766854	1.0	1.0	2.0
13	70766855	70772751	1.0	1.0	2.0
13	70772752	114142800	1.0	1.0	2.0
13	114142801	115169877	1.0	1.0	2.0
14	1	16099999	2.0	1.0	3.0
14	16100000	19099999	2.0	1.0	3.0
14	19100000	20375050	2.0	1.0	3.0
14	20375051	24992144	2.0	1.0	3.0
14	24992145	24992481	2.0	1.0	3.0
14	24992482	28767901	2.0	1.0	3.0
14	28767902	30472532	3.0	1.0	4.0
14	30472533	30624767	2.0	1.0	3.0
14	30624768	32594827	3.0	1.0	4.0
14	32594828	32595668	3.0	2.0	5.0
14	32595669	32659172	5.0	1.0	6.0
14	32659173	37204586	5.0	1.0	6.0
14	37204587	37204605	5.0	1.0	6.0
14	37204606	37289682	2.0	1.0	3.0
14	37289683	50126091	2.0	1.0	3.0
14	50126092	54297446	1.0	0.0	1.0
14	54297447	55272499	1.0	0.0	1.0
14	55272500	58518399	1.0	0.0	1.0
14	58518400	58554305	1.0	0.0	1.0
14	58554306	58897634	1.0	1.0	2.0
14	58897635	59416678	3.0	1.0	4.0
14	59416679	59418890	4.0	3.0	7.0
14	59418891	59431971	8.0	1.0	9.0
14	59431972	59481867	7.0	1.0	8.0
14	59481868	59891853	3.0	1.0	4.0
14	59891854	60336299	5.0	1.0	6.0
14	60336300	60338482	5.0	1.0	6.0
14	60338483	60444773	3.0	1.0	4.0
14	60444774	60739040	5.0	1.0	6.0
14	60739041	60928970	6.0	1.0	7.0
14	60928971	61422202	6.0	1.0	7.0
14	61422203	62300064	8.0	1.0	9.0
14	62300065	62521031	6.0	1.0	7.0
14	62521032	62988324	6.0	1.0	7.0
14	62988325	64230344	6.0	1.0	7.0
14	64230345	65219761	7.0	1.0	8.0
14	65219762	65969859	9.0	1.0	10.0
14	65969860	66103573	7.0	1.0	8.0
14	66103574	66104896	7.0	1.0	8.0
14	66104897	67811397	7.0	1.0	8.0
14	67811398	68195008	5.0	1.0	6.0
14	68195009	68876809	6.0	1.0	7.0
14	68876810	69097268	3.0	1.0	4.0
14	69097269	69194872	1.0	0.0	1.0
14	69194873	71678580	1.0	1.0	2.0
14	71678581	73020123	4.0	1.0	5.0
14	73020124	73045878	4.0	1.0	5.0
14	73045879	73147478	3.0	1.0	4.0
14	73147479	73562782	5.0	1.0	6.0
14	73562783	75501403	3.0	1.0	4.0
14	75501404	106368400	1.0	1.0	2.0
15	1	15799999	4.0	3.0	7.0
15	20700000	21150072	1.0	1.0	2.0
15	21150073	21908184	1.0	1.0	2.0
15	21908185	21914357	1.0	1.0	2.0
15	21914358	22302311	1.0	1.0	2.0
15	22302312	22307733	1.0	1.0	2.0
15	22307734	22524477	1.0	1.0	2.0
15	22524478	23680486	1.0	1.0	2.0
15	23680487	23832638	2.0	1.0	3.0
15	23832639	24366156	2.0	2.0	4.0
15	24366157	87723422	2.0	0.0	2.0
15	87723423	88196441	2.0	0.0	2.0
15	88196442	100338800	2.0	0.0	2.0
15	100338801	102401912	2.0	0.0	2.0
16	9999	117499	1.0	1.0	2.0
16	117500	21630038	1.0	1.0	2.0
16	21630039	32498547	1.0	1.0	2.0
16	32498548	34208116	1.0	1.0	2.0
16	34208117	34599999	1.0	0.0	1.0
16	34600000	38599999	1.0	0.0	1.0
16	38600000	56444066	1.0	0.0	1.0
16	56444067	61621426	2.0	0.0	2.0
16	61621427	65718432	4.0	0.0	4.0
16	65718433	66296310	2.0	0.0	2.0
16	66296311	68614736	4.0	0.0	4.0
16	68614737	69969999	5.0	0.0	5.0
16	69970000	70187418	5.0	0.0	5.0
16	70187419	73033975	5.0	0.0	5.0
16	73033976	73138082	4.0	1.0	5.0
16	73138083	73707798	5.0	0.0	5.0
16	73707799	74092034	3.0	0.0	3.0
16	74092035	76361278	2.0	0.0	2.0
16	76361279	76362857	1.0	0.0	1.0
16	76362858	76363154	1.0	0.0	1.0
16	76363155	76580047	1.0	0.0	1.0
16	76580048	76586302	1.0	0.0	1.0
16	76586303	76614606	3.0	0.0	3.0
16	76614607	76656139	3.0	1.0	4.0
16	76656140	77011648	1.0	0.0	1.0
16	77011649	77091628	2.0	0.0	2.0
16	77091629	79156924	1.0	0.0	1.0
16	79156925	81296538	1.0	1.0	2.0
16	81296539	89001557	1.0	0.0	1.0
16	89001558	90158005	1.0	1.0	2.0
17	12500	15971636	1.0	1.0	2.0
17	15971637	15971796	1.0	1.0	2.0
17	15971797	15971912	1.0	1.0	2.0
17	15971913	22199999	1.0	1.0	2.0
17	22200000	25799999	1.0	1.0	2.0
17	25800000	33754308	1.0	1.0	2.0
17	33754309	33812499	2.0	1.0	3.0
17	33812500	38466432	1.0	1.0	2.0
17	38466433	38466668	1.0	1.0	2.0
17	38466669	77037740	1.0	1.0	2.0
17	77037741	77060991	1.0	0.0	1.0
17	77060992	78774600	1.0	1.0	2.0
17	78774601	81195209	1.0	1.0	2.0
18	10001	75370	1.0	0.0	1.0
18	75371	2678721	1.0	0.0	1.0
18	2678722	2680961	1.0	0.0	1.0
18	2680962	3239289	16.0	1.0	17.0
18	3239290	3674299	17.0	1.0	18.0
18	3674300	3690813	16.0	1.0	17.0
18	3690814	5343184	8.0	1.0	9.0
18	5343185	5475427	7.0	1.0	8.0
18	5475428	15399999	3.0	1.0	4.0
18	19000000	20055537	1.0	1.0	2.0
18	20055538	20056474	1.0	1.0	2.0
18	20056475	24502329	5.0	1.0	6.0
18	24502330	27234885	3.0	1.0	4.0
18	27234886	27767135	5.0	1.0	6.0
18	27767136	27768048	3.0	1.0	4.0
18	27768049	32847212	3.0	1.0	4.0
18	32847213	32848033	3.0	1.0	4.0
18	32848034	33594508	7.0	1.0	8.0
18	33594509	33613649	7.0	1.0	8.0
18	33613650	33993641	6.0	1.0	7.0
18	33993642	34010982	7.0	1.0	8.0
18	34010983	36896864	8.0	1.0	9.0
18	36896865	37861120	8.0	1.0	9.0
18	37861121	37862044	8.0	1.0	9.0
18	37862045	40425051	4.0	1.0	5.0
18	40425052	51522390	1.0	0.0	1.0
18	51522391	76117000	1.0	0.0	1.0
18	76117001	78077247	1.0	0.0	1.0
19	102500	226775	1.0	0.0	1.0
19	226776	24399999	2.0	0.0	2.0
19	28600000	57069998	1.0	1.0	2.0
19	57069999	57752205	2.0	1.0	3.0
19	57752206	57752880	1.0	0.0	1.0
19	57752881	57752930	1.0	0.0	1.0
19	57752931	59128982	1.0	0.0	1.0
20	17500	11532924	1.0	0.0	1.0
20	11532925	13060011	1.0	1.0	2.0
20	13060012	13082015	1.0	1.0	2.0
20	13082016	13082344	1.0	1.0	2.0
20	13082345	13084541	1.0	1.0	2.0
20	13084542	15139472	1.0	1.0	2.0
20	15139473	23749974	1.0	0.0	1.0
20	23749975	25599999	1.0	1.0	2.0
20	25600000	30356595	1.0	1.0	2.0
20	30356596	30356724	1.0	1.0	2.0
20	30356725	62432500	1.0	1.0	2.0
21	10900000	14299999	1.0	1.0	2.0
21	14300000	15330272	1.0	1.0	2.0
21	15330273	46937500	1.0	1.0	2.0
21	46937501	48129894	1.0	1.0	2.0
22	1	12199999	1.0	1.0	2.0
22	12200000	17899999	1.0	1.0	2.0
22	17900000	21917449	1.0	1.0	2.0
22	21917450	23794996	1.0	0.0	1.0
22	23794997	29065358	1.0	1.0	2.0
22	29065359	29065508	1.0	1.0	2.0
22	29065509	29065663	1.0	1.0	2.0
22	29065664	29065675	1.0	1.0	2.0
22	29065676	29065935	1.0	1.0	2.0
22	29065936	29065955	1.0	1.0	2.0
22	29065956	29066167	1.0	1.0	2.0
22	29066168	46357137	1.0	1.0	2.0
22	46357138	46377671	1.0	1.0	2.0
22	46377672	49687500	1.0	1.0	2.0
22	49687501	51304565	1.0	1.0	2.0
