chromosome_index position alt_count ref_count
1 65335078 34 83
1 100340249 8 54
1 152759984 43 46
1 155110121 26 62
1 158061246 10 50
1 169951194 7 224
1 173476077 35 141
1 207133090 22 59
1 225525167 54 255
2 23980414 51 158
2 24261849 20 58
2 84932627 18 80
2 113831957 10 121
2 159481873 46 204
2 228012135 7 43
2 240982156 3 36
2 240984862 50 203
3 43344896 46 107
3 49362451 39 102
3 56680996 29 204
3 101540640 39 105
3 108723940 25 89
3 121980604 19 182
3 122849447 24 89
3 131624109 26 98
3 132337601 60 164
3 152881782 52 94
3 182566270 53 165
3 186383833 24 80
4 1701341 46 203
4 71115098 10 94
5 64748641 55 254
5 74037421 93 310
5 130764892 7 186
5 140591580 42 277
5 156565994 9 217
6 9933543 20 54
6 27419013 5 127
6 27799271 38 193
6 43325451 23 80
6 49936572 19 74
6 55639030 30 189
6 144184607 72 175
6 148846461 15 46
6 157522125 13 104
7 21469601 41 125
7 44612257 48 148
7 72667574 60 1502
7 82389961 107 375
8 30701385 28 58
8 42176090 12 63
8 67974167 7 80
8 75927121 30 106
8 100829851 46 174
8 124705521 8 150
8 140630800 6 23
8 144940354 9 12
8 145112137 8 31
8 145634528 7 18
9 17409335 19 261
9 18474223 11 76
9 19346399 7 181
9 27190548 17 157
9 35104551 7 33
9 96021717 3 16
9 135204112 27 164
9 140991051 8 65
10 23393130 22 82
10 100013493 5 27
11 4936238 31 83
11 5462447 36 97
11 10503698 10 52
11 66982895 17 61
11 78775891 11 33
11 89956173 20 52
11 92616495 9 13
11 113085206 9 96
11 121058616 22 63
11 132527021 49 175
12 50281167 9 36
12 50357929 11 79
12 52699516 22 89
12 56088716 6 47
12 57577928 10 82
12 81014071 33 134
13 31724175 8 235
13 52585489 17 70
14 35577440 16 82
14 55467661 120 171
14 95556981 112 197
14 105716119 28 62
15 42556385 64 138
15 45270751 15 418
15 48433586 5 17
15 65621829 6 30
15 81625157 17 50
16 14041704 29 46
16 28606943 42 68
16 70883690 6 13
16 74452060 67 176
17 6943090 39 103
17 7578478 15 42
17 37341067 18 99
17 43912204 13 16
17 45914305 6 100
17 48603556 20 39
17 62081480 3 8
17 62892854 7 8
17 67183861 34 123
17 72741039 34 105
17 73996268 15 40
17 80888501 20 79
18 8813094 14 133
19 814544 3 26
19 18266738 6 9
19 21720474 10 31
19 32873386 33 148
19 48047823 18 40
19 57334962 14 51
20 168643 99 335
20 309769 24 85
20 3783819 5 133
20 34542697 20 43
20 53226977 18 140
22 18299504 13 15
22 23247196 24 134
22 29153457 6 10
22 40139627 22 26
22 46794440 18 43
