chromosome_index	start_position	end_position	major_cn	minor_cn	total_cn
1	61735	249224388	1	1	2
2	12784	243089456	1	1	2
3	60345	60620613	1	1	2
3	60621084	80226703	1	1	2
3	80232180	197896118	1	1	2
4	12281	191027923	1	1	2
5	15532	180790320	1	1	2
6	149661	40823096	1	1	2
6	40823187	44105305	1	1	2
6	44107798	171051005	1	1	2
7	43259	159127004	1	1	2
8	31254	8282613	1	1	2
8	8283476	12733899	1	1	2
8	12734200	14653876	1	1	2
8	14653974	16574201	1	1	2
8	16577575	69289035	1	1	2
8	69289780	146298155	1	1	2
9	46587	141091394	1	1	2
10	72759	116194210	1	1	2
10	116194780	116644165	1	1	2
10	116644282	120267041	1	1	2
10	120267079	135506704	1	1	2
11	198572	66911320	1	1	2
11	66916397	89410463	1	1	2
11	89414797	134944770	1	1	2
12	150442	133778189	1	1	2
13	19026949	115108397	1	1	2
14	19002124	107285437	1	1	2
15	20016328	102469040	1	1	2
16	60777	31621043	1	1	2
16	31621839	35283226	1	1	2
16	46463782	90287535	1	1	2
17	526	81049726	1	1	2
18	48133	78015057	1	1	2
19	90910	59097854	1	1	2
20	61305	62956153	1	1	2
21	10736871	48096957	1	1	2
22	16052528	51234455	1	1	2
