chromosome_index	start_position	end_position	major_cn	minor_cn	total_cn
1	61735	240015166	1	1	2
1	240015179	240611614	1	0	1
1	240612986	249224388	1	1	2
2	12784	80865258	2	0	2
2	80867776	97622408	2	1	3
2	97627260	243089456	1	1	2
3	60345	11599109	1	0	1
3	11601360	11737764	0	0	0
3	11744737	79752506	1	0	1
3	79762473	81143869	2	1	3
3	81144031	146315639	1	1	2
3	146321321	197896118	2	1	3
4	12281	65929459	1	1	2
4	65932769	98737443	2	1	3
4	98741698	187348515	2	0	2
4	187348537	187606984	0	0	0
4	187607627	191027923	2	0	2
5	15532	180790320	1	1	2
6	149661	64332103	1	1	2
6	64332853	64690000	5	1	6
6	64690589	100291508	2	1	3
6	100291904	143735629	5	1	6
6	143735762	171051005	1	0	1
7	43259	1224301	12	0	12
7	1225076	15732542	7	1	8
7	15733118	23169146	6	1	7
7	23169811	28643316	3	1	4
7	28648743	30419636	8	1	9
7	30419940	39404755	3	1	4
7	39407000	39522614	7	1	8
7	39523921	43385347	4	1	5
7	43388937	43810270	8	1	9
7	43810820	56424739	3	1	4
7	56453107	159127004	1	1	2
8	31254	18014820	1	0	1
8	18020696	19870126	2	0	2
8	19871540	46847534	1	0	1
8	46863535	119569353	2	1	3
8	119569987	146298155	2	2	4
9	46587	8900067	5	0	5
9	8901739	9149387	4	0	4
9	9149742	9497457	0	0	0
9	9502693	9838007	2	0	2
9	9840822	10040620	0	0	0
9	10042550	28316539	1	0	1
9	28316816	90354228	2	0	2
9	90360174	141091394	3	0	3
10	72759	77172061	1	1	2
10	77174934	77536046	1	0	1
10	77536061	135506704	1	1	2
11	198572	3032175	2	1	3
11	3033153	43545756	2	0	2
11	43546511	45438515	2	1	3
11	45440045	46169007	2	0	2
11	46171404	77881111	2	1	3
11	77883478	79133220	1	1	2
11	79133715	134944770	2	1	3
12	150442	133778189	1	1	2
13	19026949	20758342	2	0	2
13	20758460	23611474	1	0	1
13	23613791	106104939	1	1	2
13	106105488	106779224	1	0	1
13	106780097	115108397	1	1	2
14	19002124	34853285	1	0	1
14	34854018	107285437	1	1	2
15	20016328	102469040	1	1	2
16	60777	83606143	1	1	2
16	83609273	83779644	1	0	1
16	83779707	90287535	1	1	2
17	526	8501561	2	0	2
17	8502542	81049726	1	1	2
18	48133	10451695	1	0	1
18	10458256	27147955	1	1	2
18	27150116	78015057	1	0	1
19	90910	59097854	1	1	2
20	61305	62956153	1	1	2
21	10736871	48096957	1	0	1
22	16052528	51234455	1	1	2
