chromosome_index position alt_count ref_count
1 158669500 17 30
1 159778953 23 29
1 186088390 48 70
2 271876 38 39
2 71361867 6 91
2 89442098 15 43
2 216289830 10 184
3 39174617 11 27
3 53809970 53 79
3 147128235 10 17
4 96762571 5 7
4 140265373 20 85
4 155253944 30 41
5 11023079 19 35
6 4130794 22 36
6 76023240 34 59
6 152711423 21 30
6 159653528 19 25
6 160174524 17 27
7 53103840 11 7
7 73520433 41 65
8 12600768 17 5
10 49430493 3 53
11 7846597 3 50
11 59860884 19 59
12 69250317 30 39
12 119583287 4 8
14 74995318 21 15
16 2331461 22 45
16 57099144 6 12
16 81078137 44 22
17 79990859 23 34
18 12337420 8 47
19 9083587 6 79
19 49183691 7 10
19 50365803 4 5
19 51165266 17 42
20 2843245 16 14
20 57767047 12 25
