chromosome_index position alt_count ref_count
1 1685646 5 41
1 25824898 25 120
1 26691246 10 45
1 38265344 22 90
1 55457596 31 50
1 67155945 57 90
1 68944887 10 34
1 103455108 14 28
1 103481288 9 11
1 144930733 25 141
1 145112502 9 113
1 152944388 37 107
1 154247719 24 63
1 154897618 50 124
1 158436005 27 100
1 166927096 18 99
1 169951914 23 70
1 175365768 21 38
1 176915135 37 107
1 181735735 9 25
1 184672036 8 53
1 186143734 19 35
1 196857314 14 60
1 201356087 22 66
1 205129335 44 110
1 211264027 8 66
1 211654714 26 74
1 235599075 37 95
1 237880604 12 34
1 237880608 12 31
1 237886564 15 45
1 237947973 7 81
1 238090285 14 37
1 245026957 4 7
1 247875544 45 79
1 247875899 42 86
1 248487127 57 159
1 248813774 32 80
2 11733209 9 17
2 46986926 34 58
2 74589189 22 51
2 98171707 14 26
2 99685410 22 44
2 163279777 27 150
2 168104328 6 103
2 179480201 137 190
2 185803031 25 161
2 187605026 18 30
2 201785816 8 50
3 19962031 12 40
3 20216419 13 66
3 38065883 12 24
3 47286388 11 46
3 71161757 17 102
3 112648254 16 68
3 128356933 5 30
3 128356934 5 30
3 129140321 17 52
3 154884801 34 57
3 155210596 11 75
4 628571 32 52
4 1918692 18 38
4 1918695 16 36
4 66467497 4 29
4 70361289 5 25
4 70599959 6 18
4 73185609 5 28
4 88533832 10 27
4 89410318 15 31
4 126370496 50 89
4 144106691 6 54
4 146463737 16 64
4 147796034 5 32
4 155719995 4 7
4 176572989 38 58
4 184580164 4 7
5 19571797 62 45
5 21783553 60 211
5 40852497 9 58
5 83476214 8 11
5 118468905 26 96
5 121188315 41 111
5 140573212 26 62
5 145895386 20 95
5 148691741 24 212
5 149324039 28 33
5 150701555 14 33
5 157216486 39 107
5 169454937 16 63
5 175110355 36 170
5 177421211 27 56
6 5368790 7 80
6 10402725 19 55
6 31110737 65 384
6 33143435 18 55
6 33371649 10 110
6 34741486 4 7
6 38702281 38 64
6 55039538 28 105
6 105564592 13 31
6 144086516 23 63
6 152577782 8 42
7 878555 7 10
7 5410417 4 9
7 31862700 29 96
7 31862701 29 98
7 36338768 19 30
7 47970761 21 48
7 81336617 13 26
7 82389981 21 48
7 82476456 3 12
7 82544659 14 27
7 93633659 4 17
7 97784092 31 99
7 100680373 121 277
7 101957824 7 11
7 103131239 13 32
7 103301870 6 49
7 107880607 4 12
7 128415840 4 20
7 142573427 37 60
7 143048757 14 38
7 143701089 12 31
7 149494420 18 40
7 151851382 22 55
8 10692215 5 50
8 21905620 7 14
8 72964964 79 104
8 86048051 7 115
8 87242275 109 43
8 92998504 44 404
8 101629862 247 58
8 139380162 40 207
8 142367203 29 196
9 4662023 6 18
9 15468839 19 19
9 16429929 3 9
9 19577011 30 60
9 87635146 41 91
9 104432614 53 93
9 107367545 34 145
9 113562828 63 174
9 131711500 21 43
10 26446298 23 51
10 44871481 14 77
10 50708677 22 43
10 75037043 34 42
10 97135812 20 25
11 1155547 4 23
11 6648021 10 18
11 10580717 44 113
11 36595915 11 48
11 45204512 4 63
11 55861088 50 110
11 57886277 11 28
11 61291970 10 60
11 61547315 4 35
11 62301375 24 65
11 64875837 6 35
11 65319748 22 106
11 68305257 15 29
11 69950160 3 14
12 283906 5 18
12 18854567 4 12
12 21713361 21 95
12 33529797 25 69
12 52080931 5 72
12 55863743 17 35
12 95546736 4 70
12 104054517 25 73
12 119968728 47 68
12 129569124 14 33
12 133372559 11 92
13 29608081 9 24
13 52508817 11 17
13 61986212 24 46
13 86369859 22 30
13 101881875 117 55
14 22133530 102 181
14 45658096 25 57
14 70633711 68 179
14 77242295 4 11
14 94079309 14 57
14 100119151 5 37
15 27017582 10 7
15 27765254 8 10
15 60768320 6 44
15 62176408 16 48
15 67709303 3 25
15 72144597 4 29
15 80263323 19 69
16 20422953 15 31
16 23581814 40 76
16 55705996 47 39
16 56377861 16 51
16 56670900 5 67
16 58148723 11 66
16 66423424 33 41
16 67662384 54 85
16 70291981 4 27
16 72993137 14 57
16 78064472 15 60
16 81904518 7 20
16 84513594 12 19
16 89761706 17 77
17 27448136 4 11
17 67537921 9 25
17 75208083 79 296
17 78286894 33 112
18 7040152 33 24
18 9257097 44 77
18 12262951 8 38
18 20716393 12 11
18 44036734 8 3
18 60217600 14 10
18 63511198 56 48
19 1080092 20 18
19 1220699 17 12
19 1791815 14 13
19 11417396 6 23
19 14755018 20 29
19 18368705 22 33
19 38876800 5 5
19 43858435 11 20
19 50173494 4 20
19 55349245 9 229
19 57326368 50 78
19 57867553 6 31
20 2448373 31 38
20 5921749 87 167
20 30674477 4 29
20 32260229 22 31
20 34242137 34 125
20 37580937 7 35
20 42158990 20 82
20 60884853 11 30
20 61438897 23 52
20 61438987 19 31
20 62172566 18 189
20 62594447 4 7
20 62905048 7 33
21 28212871 11 46
21 31859623 67 103
21 46067232 12 38
22 32072908 3 10
22 32621724 9 22
