chromosome_index position alt_count ref_count
1 156874645 125 63
1 158262646 119 302
1 186094773 116 337
1 241798262 13 68
1 247588623 414 246
2 56420172 42 132
2 71062877 38 54
2 206592644 57 86
3 27329228 60 114
3 62189578 53 57
4 139964380 47 99
4 153244205 135 299
4 183714082 8 34
5 50685761 18 23
5 134364597 32 58
5 140229035 4 18
5 140799752 5 57
5 145379805 7 102
5 153190617 56 118
5 156186549 7 7
7 55467798 115 197
7 140453193 50 73
8 39695757 10 13
9 19516389 35 46
9 92011679 45 47
9 101763192 52 159
9 111979393 152 216
10 30336644 97 215
11 10800398 50 78
11 43852367 7 15
11 105769126 101 199
11 124746188 34 53
11 124746189 34 52
15 90349532 90 161
16 29376346 14 67
17 3181524 76 112
17 10351711 23 26
17 38652732 9 12
17 39023371 37 82
19 4817712 26 12
19 15756582 53 161
19 49933805 3 45
20 3674892 48 52
20 3732556 4 19
20 8769132 97 173
20 43703741 72 156
21 10906852 51 339
