chromosome_index position alt_count ref_count
1 8426006 8 42
1 47611857 11 73
1 156641715 7 121
1 159284261 9 128
1 201772760 9 62
2 27258507 6 83
2 27447710 21 72
2 86709187 37 154
2 97268573 13 65
2 175215434 14 230
2 178417084 23 62
2 207175999 5 45
2 216226292 7 86
3 28381965 14 128
3 71021818 81 278
3 178936091 24 61
3 186953790 15 49
3 194080618 15 53
3 194080750 7 41
4 11401382 5 11
4 114158316 9 51
4 118975789 9 148
5 31545752 46 151
5 38942299 5 36
5 140788421 8 25
6 10419753 4 15
7 143056010 4 32
7 151917646 17 170
8 87568513 10 113
8 108264003 8 74
9 114290002 26 75
9 125512395 8 141
10 103908402 34 64
11 62298191 13 207
11 63764394 8 30
11 118348902 6 82
14 94931066 7 98
15 75641328 6 11
16 723516 16 32
16 31141789 12 28
18 19088425 7 48
19 24270126 12 74
19 31767326 3 13
19 47535538 4 11
19 49100156 3 15
19 58423433 22 156
20 2097741 3 35
20 42195054 25 84
20 58441392 6 100
22 37482397 4 11
