chromosome_index position alt_count ref_count
1 90058622 6 164
1 152748962 15 95
1 152748963 14 94
2 74708964 8 119
2 100199303 8 169
2 211454904 24 569
5 139201586 9 96
5 140176553 11 144
6 152639275 9 199
7 149431015 2 11
9 40702847 25 598
9 113703743 25 99
11 134054637 20 100
13 76374992 16 355
13 100204418 19 198
14 24543288 18 96
14 72054698 7 208
15 101013167 19 164
17 26901519 12 334
17 79409621 8 13
18 55027527 6 41
19 14829747 12 79
19 36297714 4 18
20 34458923 7 153
20 45797830 47 213
