chromosome_index	position	alt_count	ref_count
1	2483336	8.0	37.0
1	2529745	6.0	62.0
1	4119589	9.0	55.0
1	4556149	69.0	54.0
1	4683016	7.0	44.0
1	5195541	4.0	42.0
1	9456634	4.0	37.0
1	10104405	3.0	27.0
1	11979928	18.0	19.0
1	20196703	5.0	34.0
1	20625643	6.0	41.0
1	27639668	16.0	20.0
1	31864481	15.0	32.0
1	35273166	11.0	37.0
1	36066958	15.0	10.0
1	37582736	6.0	31.0
1	39074846	9.0	51.0
1	40381594	5.0	32.0
1	40381611	3.0	31.0
1	42849950	9.0	22.0
1	56700772	27.0	30.0
1	60898265	12.0	25.0
1	64226140	13.0	31.0
1	74680807	9.0	35.0
1	86499485	7.0	27.0
1	92204540	10.0	83.0
1	97061197	21.0	18.0
1	98618160	6.0	47.0
1	100861670	11.0	15.0
1	102712006	11.0	21.0
1	102943891	8.0	38.0
1	104319938	14.0	16.0
1	104755537	18.0	31.0
1	151359243	6.0	14.0
1	152255144	4.0	15.0
1	152713183	6.0	15.0
1	154328707	11.0	30.0
1	156413964	5.0	18.0
1	158424638	6.0	56.0
1	158811603	6.0	36.0
1	187516474	9.0	14.0
1	189778360	8.0	23.0
1	190026853	9.0	32.0
1	190034649	12.0	25.0
1	196856681	5.0	42.0
1	207792340	6.0	28.0
1	208804105	19.0	18.0
1	209968785	9.0	66.0
1	214007329	5.0	35.0
1	222727484	10.0	17.0
1	226880687	5.0	30.0
1	227004625	6.0	25.0
1	231493231	4.0	31.0
10	1417943	7.0	168.0
10	3775138	9.0	14.0
10	7618424	8.0	64.0
10	18847488	28.0	60.0
10	21823555	16.0	13.0
10	25944812	10.0	40.0
10	32140016	5.0	5.0
10	35530526	4.0	14.0
10	37208799	4.0	57.0
10	43224168	7.0	26.0
10	45830366	10.0	38.0
10	45883795	8.0	39.0
10	45883796	8.0	40.0
10	47685322	13.0	35.0
10	54289745	3.0	17.0
10	56069179	7.0	21.0
10	56655167	4.0	27.0
10	56748669	5.0	29.0
10	65222042	4.0	10.0
10	69105319	3.0	18.0
10	70256730	18.0	43.0
10	75600469	24.0	26.0
10	80025029	21.0	26.0
10	85621415	10.0	33.0
10	86440380	4.0	27.0
10	92766684	7.0	16.0
10	95802852	8.0	36.0
10	112857570	9.0	19.0
10	116260515	3.0	9.0
10	118999005	16.0	41.0
10	120663961	16.0	11.0
10	122331532	4.0	47.0
10	124967982	4.0	42.0
10	126912098	4.0	50.0
11	2488973	6.0	83.0
11	23130703	24.0	15.0
11	27553097	5.0	18.0
11	27579566	8.0	27.0
11	30016202	8.0	12.0
11	39732116	7.0	23.0
11	39807561	23.0	37.0
11	44348519	13.0	52.0
11	59777854	5.0	41.0
11	59826930	4.0	32.0
11	60519181	5.0	26.0
11	64592445	15.0	20.0
11	66484477	9.0	30.0
11	80991480	40.0	40.0
11	88559256	3.0	20.0
11	101517978	8.0	18.0
11	106639708	8.0	11.0
11	109072070	8.0	32.0
11	116196538	9.0	36.0
11	121161677	11.0	35.0
11	131443401	5.0	36.0
12	2577006	4.0	38.0
12	5308385	4.0	17.0
12	5617261	22.0	14.0
12	10776398	3.0	16.0
12	17696894	5.0	74.0
12	18737934	20.0	29.0
12	19449890	13.0	34.0
12	32947445	7.0	46.0
12	33260257	12.0	23.0
12	33268058	5.0	21.0
12	37972559	6.0	16.0
12	37999469	7.0	29.0
12	38836635	5.0	54.0
12	40789076	17.0	25.0
12	44392915	3.0	30.0
12	53270882	4.0	53.0
12	53614796	4.0	19.0
12	63884268	9.0	28.0
12	74823901	6.0	18.0
12	80019681	15.0	25.0
12	82335275	9.0	44.0
12	87670813	8.0	21.0
12	89307251	15.0	14.0
12	89318237	4.0	30.0
12	90013728	4.0	16.0
12	91433490	10.0	17.0
12	102090378	9.0	29.0
13	19582849	4.0	34.0
13	24020405	5.0	55.0
13	27803442	3.0	12.0
13	31660494	31.0	33.0
13	31991414	6.0	7.0
13	35905940	6.0	25.0
13	37539850	12.0	23.0
13	41915016	12.0	20.0
13	47943057	4.0	18.0
13	54299716	6.0	24.0
13	62310246	20.0	19.0
13	64875380	4.0	37.0
13	68036359	15.0	13.0
13	68915817	7.0	24.0
13	68981741	5.0	9.0
13	71311001	4.0	38.0
13	71640664	6.0	30.0
13	75886934	5.0	51.0
13	78594168	11.0	12.0
13	80713931	6.0	12.0
13	81229385	5.0	42.0
13	81433413	11.0	11.0
13	87636053	3.0	35.0
13	87696357	7.0	7.0
13	88933329	12.0	40.0
13	91079944	43.0	33.0
13	91174644	11.0	9.0
13	94198149	8.0	15.0
13	99965239	3.0	31.0
13	107617131	6.0	50.0
13	107810319	6.0	25.0
13	108029922	13.0	19.0
13	111228464	4.0	52.0
14	20304942	4.0	33.0
14	47865249	4.0	10.0
14	50113991	3.0	15.0
14	53662200	8.0	18.0
14	53662201	8.0	18.0
14	56648496	28.0	27.0
14	60355825	17.0	48.0
14	62609141	4.0	27.0
14	65280947	4.0	25.0
14	68241456	15.0	18.0
14	72081286	4.0	14.0
14	78499432	26.0	45.0
14	82290407	5.0	28.0
14	83351663	3.0	28.0
14	84751339	5.0	11.0
14	86083837	10.0	27.0
14	86083864	10.0	21.0
14	87799938	5.0	30.0
14	92697442	8.0	19.0
14	98697753	15.0	58.0
14	107255202	6.0	8.0
15	28246954	13.0	51.0
15	35028337	15.0	26.0
15	36335620	7.0	27.0
15	40117187	6.0	28.0
15	40908254	15.0	7.0
15	44157460	3.0	17.0
15	47265036	8.0	22.0
15	49211173	5.0	24.0
15	52975996	20.0	26.0
15	54706941	9.0	18.0
15	57665000	14.0	23.0
15	60507934	7.0	46.0
15	62071835	14.0	59.0
15	62261739	7.0	14.0
15	75540500	6.0	40.0
15	77430507	27.0	23.0
15	78993118	7.0	25.0
15	84312075	10.0	26.0
15	85414132	5.0	42.0
15	85591465	11.0	5.0
15	97444260	30.0	33.0
16	798764	23.0	23.0
16	1207236	3.0	30.0
16	3139568	21.0	66.0
16	5063932	5.0	36.0
16	7596199	4.0	20.0
16	16202252	3.0	31.0
16	17237498	13.0	71.0
16	30068885	14.0	48.0
16	31061197	13.0	15.0
16	34650958	28.0	31.0
16	50907998	3.0	19.0
16	53019662	11.0	17.0
16	53478726	19.0	19.0
16	53952540	7.0	36.0
16	58271065	19.0	28.0
16	59404467	3.0	27.0
16	62296710	32.0	26.0
16	66618718	18.0	21.0
16	66734161	8.0	23.0
16	74634805	21.0	18.0
16	75617787	10.0	15.0
16	76053592	9.0	39.0
16	82961058	6.0	30.0
16	83882340	13.0	6.0
16	84096242	11.0	45.0
16	86309558	7.0	26.0
16	87916773	27.0	17.0
17	2724914	4.0	26.0
17	10656686	13.0	6.0
17	10911199	11.0	22.0
17	20388056	5.0	5.0
17	26097243	12.0	33.0
17	28631345	12.0	25.0
17	32184505	38.0	38.0
17	38702788	24.0	68.0
17	46041430	6.0	26.0
17	48432336	22.0	80.0
17	49101606	8.0	36.0
17	69882511	9.0	89.0
17	73731032	8.0	64.0
18	282647	7.0	12.0
18	5257010	3.0	19.0
18	14867284	6.0	9.0
18	19453492	4.0	12.0
18	23766170	8.0	11.0
18	30015773	14.0	14.0
18	37856392	8.0	35.0
18	52011872	4.0	38.0
18	55907643	6.0	67.0
18	58060779	17.0	56.0
18	58354708	3.0	12.0
18	59651320	7.0	64.0
18	64758773	6.0	69.0
18	65552430	8.0	35.0
18	71428373	16.0	36.0
18	76715339	5.0	63.0
18	77200501	15.0	96.0
18	77835337	7.0	32.0
19	5040825	38.0	37.0
19	5831347	9.0	45.0
19	7204346	6.0	25.0
19	8915913	16.0	30.0
19	9306565	19.0	21.0
19	12288714	13.0	35.0
19	16423004	12.0	13.0
19	17348984	5.0	46.0
19	17973902	32.0	20.0
19	18691938	16.0	19.0
19	22119234	6.0	44.0
19	22555899	7.0	25.0
19	23203092	12.0	53.0
19	29654641	3.0	20.0
19	31758989	21.0	24.0
19	33153808	4.0	38.0
19	35782289	6.0	54.0
19	38080971	11.0	12.0
19	38398583	18.0	40.0
19	38595425	7.0	37.0
19	41071486	6.0	57.0
19	42630315	21.0	25.0
19	48238852	8.0	35.0
19	55126043	9.0	18.0
2	4720019	3.0	22.0
2	4807318	5.0	33.0
2	8682763	20.0	29.0
2	8982761	16.0	32.0
2	16421440	11.0	38.0
2	16673783	9.0	31.0
2	18005488	16.0	38.0
2	22276989	21.0	32.0
2	22308983	19.0	37.0
2	26582397	1.0	31.0
2	26582405	1.0	31.0
2	30056790	8.0	39.0
2	43109128	29.0	19.0
2	44344301	19.0	24.0
2	49825706	7.0	35.0
2	60851367	4.0	50.0
2	67465770	6.0	39.0
2	77682705	5.0	47.0
2	78260448	5.0	10.0
2	81643536	10.0	10.0
2	89887758	12.0	74.0
2	99672034	6.0	6.0
2	99776159	29.0	29.0
2	103068011	11.0	48.0
2	113795224	1.0	11.0
2	118569053	6.0	37.0
2	122260246	8.0	47.0
2	125570693	7.0	34.0
2	129992885	10.0	32.0
2	130985823	3.0	29.0
2	131005176	7.0	37.0
2	131489549	7.0	17.0
2	138467667	8.0	44.0
2	140697944	12.0	23.0
2	145861136	6.0	30.0
2	156797251	5.0	25.0
2	157108254	6.0	26.0
2	167083806	10.0	12.0
2	168944005	12.0	31.0
2	182655002	5.0	46.0
2	186154754	14.0	59.0
2	190457804	13.0	18.0
2	195899105	7.0	28.0
2	197751129	14.0	27.0
2	198297918	4.0	34.0
2	205041969	22.0	33.0
2	209876214	20.0	15.0
2	215603424	8.0	14.0
2	232750484	4.0	16.0
2	232806611	25.0	30.0
2	233011999	7.0	11.0
2	236324906	11.0	24.0
2	238188875	8.0	13.0
2	238573615	5.0	28.0
2	240240434	11.0	10.0
20	1221774	3.0	19.0
20	7516647	15.0	25.0
20	9923149	3.0	23.0
20	18940317	16.0	39.0
20	19075412	3.0	17.0
20	21225341	8.0	37.0
20	24008070	10.0	51.0
20	29464473	11.0	8.0
20	30602783	25.0	21.0
20	42372559	12.0	51.0
20	43037620	6.0	36.0
20	45385306	6.0	58.0
20	46716360	6.0	22.0
20	47032234	12.0	29.0
20	54796390	7.0	15.0
20	58043011	4.0	16.0
20	59496301	3.0	23.0
20	60318708	26.0	10.0
21	10864151	8.0	93.0
21	14891689	9.0	20.0
21	15866770	7.0	64.0
21	19653387	5.0	33.0
21	22992016	17.0	36.0
21	25561505	15.0	8.0
21	32283251	4.0	5.0
21	33534893	30.0	25.0
21	41372348	6.0	26.0
22	19726651	15.0	24.0
22	21927950	15.0	40.0
22	35139447	5.0	31.0
22	43127084	9.0	24.0
22	45658548	7.0	47.0
22	48367214	6.0	50.0
22	50599120	4.0	26.0
3	5418856	9.0	43.0
3	7150249	7.0	47.0
3	8916492	5.0	29.0
3	10568717	7.0	40.0
3	13284227	16.0	46.0
3	13593995	9.0	52.0
3	17185328	24.0	21.0
3	19251383	4.0	16.0
3	22380824	12.0	12.0
3	23121655	5.0	33.0
3	24515462	7.0	73.0
3	46030672	13.0	25.0
3	58734436	3.0	10.0
3	68954529	6.0	37.0
3	68977627	5.0	41.0
3	79980316	4.0	34.0
3	81739545	4.0	49.0
3	81882035	16.0	9.0
3	82356618	10.0	22.0
3	87676645	4.0	50.0
3	94665943	7.0	17.0
3	107719149	15.0	9.0
3	116686033	10.0	17.0
3	128570082	9.0	5.0
3	136045970	6.0	26.0
3	137896344	7.0	21.0
3	140172578	4.0	6.0
3	161360492	6.0	15.0
3	171661524	6.0	15.0
3	180606282	5.0	29.0
3	182558111	17.0	1.0
4	54166	14.0	355.0
4	548615	5.0	50.0
4	993348	19.0	62.0
4	5260225	25.0	22.0
4	8003126	19.0	42.0
4	9718087	14.0	32.0
4	13554202	38.0	31.0
4	16393753	22.0	23.0
4	20787959	25.0	22.0
4	23386636	23.0	32.0
4	26678789	3.0	31.0
4	35562430	20.0	9.0
4	35986779	32.0	24.0
4	35986861	26.0	19.0
4	43055134	6.0	22.0
4	43527387	7.0	32.0
4	44109384	5.0	34.0
4	45330743	12.0	20.0
4	45335467	16.0	20.0
4	52827168	7.0	34.0
4	54133992	5.0	16.0
4	55263957	14.0	15.0
4	56098214	10.0	29.0
4	60414267	22.0	37.0
4	61613361	10.0	9.0
4	68799691	5.0	24.0
4	70903311	18.0	31.0
4	73264246	8.0	18.0
4	89139264	22.0	17.0
4	91842603	17.0	8.0
4	94595326	6.0	36.0
4	99870870	7.0	27.0
4	101663187	11.0	8.0
4	101899390	10.0	23.0
4	102583288	9.0	22.0
4	106235707	20.0	17.0
4	106774352	13.0	21.0
4	108304285	12.0	36.0
4	113539273	14.0	16.0
4	116849273	8.0	25.0
4	116994860	6.0	29.0
4	117325353	4.0	12.0
4	124592513	8.0	28.0
4	128269300	12.0	20.0
4	131419333	5.0	30.0
4	135420316	7.0	26.0
4	137200494	16.0	26.0
4	144128442	16.0	38.0
4	150432916	6.0	38.0
4	153598225	7.0	28.0
4	160595388	29.0	44.0
4	161027218	8.0	28.0
4	164015170	19.0	35.0
4	166413897	11.0	34.0
4	172807544	5.0	10.0
4	175072460	4.0	13.0
4	178958951	22.0	24.0
4	179927267	11.0	10.0
4	180237864	5.0	22.0
4	189452113	23.0	22.0
5	966863	13.0	18.0
5	1784500	28.0	27.0
5	2297643	11.0	24.0
5	2571749	3.0	19.0
5	12197144	3.0	4.0
5	13754631	9.0	43.0
5	14407649	13.0	28.0
5	22263445	5.0	23.0
5	24509886	7.0	19.0
5	28462534	5.0	35.0
5	29651476	10.0	17.0
5	30857685	15.0	41.0
5	38147316	20.0	29.0
5	41205691	13.0	50.0
5	43255580	9.0	20.0
5	45846055	3.0	20.0
5	49487573	14.0	9.0
5	49918483	7.0	8.0
5	49920139	9.0	13.0
5	50584830	16.0	41.0
5	52273234	24.0	22.0
5	52405677	5.0	53.0
5	57124082	3.0	29.0
5	61163043	10.0	38.0
5	62650545	5.0	20.0
5	67493541	7.0	34.0
5	91426651	9.0	39.0
5	91431060	3.0	4.0
5	97366191	24.0	36.0
5	111810626	9.0	19.0
5	114520329	10.0	29.0
5	116523009	7.0	28.0
5	116862701	3.0	14.0
5	117654294	5.0	10.0
5	121843602	17.0	21.0
5	125490009	8.0	28.0
5	126089186	9.0	51.0
5	130831585	11.0	54.0
5	132288936	3.0	10.0
5	134196745	23.0	18.0
5	147394514	10.0	29.0
5	149937001	21.0	17.0
5	152941611	15.0	43.0
5	159076759	8.0	19.0
5	160049128	13.0	17.0
5	165289775	11.0	7.0
5	169246143	15.0	23.0
5	169533902	14.0	31.0
5	174192959	28.0	23.0
5	174503189	8.0	20.0
6	9075752	11.0	21.0
6	9370330	20.0	13.0
6	10040979	4.0	33.0
6	10548085	8.0	29.0
6	10699317	4.0	47.0
6	17399914	10.0	27.0
6	18172525	14.0	18.0
6	21160553	3.0	18.0
6	24793263	4.0	23.0
6	27610440	14.0	18.0
6	31913348	4.0	36.0
6	33865671	6.0	67.0
6	50724622	3.0	24.0
6	52073933	7.0	45.0
6	53941150	12.0	42.0
6	72801413	4.0	14.0
6	76946561	8.0	14.0
6	80855579	31.0	20.0
6	81413219	3.0	13.0
6	90220567	21.0	31.0
6	92090742	17.0	30.0
6	92368126	13.0	24.0
6	96822423	18.0	22.0
6	105750750	9.0	66.0
6	109853576	21.0	27.0
6	119526911	4.0	41.0
6	120156174	8.0	9.0
6	123815124	8.0	21.0
6	127622954	3.0	10.0
6	136515034	7.0	21.0
6	136998840	7.0	41.0
6	138154084	20.0	21.0
6	140109520	24.0	72.0
6	141504371	13.0	36.0
6	143031270	36.0	36.0
6	151533093	4.0	21.0
6	161275666	7.0	34.0
6	161864210	14.0	35.0
6	166225862	6.0	28.0
7	4018326	5.0	45.0
7	5812423	6.0	16.0
7	6805573	5.0	20.0
7	16438474	27.0	178.0
7	17864549	30.0	24.0
7	21260958	37.0	65.0
7	28571633	4.0	40.0
7	32119392	12.0	65.0
7	34604483	5.0	52.0
7	36312274	8.0	60.0
7	38800915	5.0	23.0
7	40655244	13.0	29.0
7	42439158	5.0	48.0
7	44667422	6.0	24.0
7	49381953	10.0	39.0
7	53119256	4.0	33.0
7	62377231	4.0	27.0
7	79238323	11.0	25.0
7	79746405	5.0	19.0
7	85519488	7.0	8.0
7	86124018	14.0	42.0
7	101269215	8.0	13.0
7	102039369	7.0	50.0
7	109050224	7.0	17.0
7	109078369	9.0	37.0
7	111307065	8.0	60.0
7	112079032	3.0	30.0
7	116375300	17.0	48.0
7	118628237	15.0	18.0
7	118829810	20.0	26.0
7	119234873	12.0	37.0
7	128542745	10.0	56.0
7	132975183	3.0	19.0
7	142709269	7.0	19.0
7	142914376	12.0	15.0
7	143793355	8.0	26.0
7	145635708	9.0	15.0
7	155895496	14.0	24.0
7	158366435	8.0	24.0
8	4224425	14.0	2.0
8	9439107	7.0	6.0
8	14444453	4.0	4.0
8	22583991	8.0	26.0
8	25889914	4.0	5.0
8	30233079	5.0	6.0
8	39290473	5.0	29.0
8	39660122	14.0	16.0
8	48959103	11.0	27.0
8	49567860	9.0	35.0
8	49812005	23.0	23.0
8	50994081	8.0	12.0
8	52750898	4.0	22.0
8	53794608	27.0	14.0
8	54677641	4.0	40.0
8	59515104	5.0	11.0
8	62624603	8.0	20.0
8	63143051	14.0	12.0
8	63682631	5.0	41.0
8	65039565	17.0	26.0
8	73204773	5.0	28.0
8	77651891	19.0	11.0
8	82150652	16.0	28.0
8	82972774	13.0	17.0
8	88063281	11.0	37.0
8	91239727	14.0	24.0
8	91310002	21.0	16.0
8	95592977	12.0	25.0
8	96552795	4.0	37.0
8	97413743	17.0	16.0
8	99857220	6.0	48.0
8	101743064	18.0	21.0
8	107759034	5.0	23.0
8	108605375	10.0	26.0
8	109685181	24.0	28.0
8	112475833	5.0	33.0
8	122017551	5.0	40.0
8	126454035	33.0	31.0
8	129454531	8.0	60.0
8	131976128	3.0	38.0
8	135304620	4.0	56.0
8	139781085	9.0	25.0
8	141171745	10.0	54.0
8	141435983	31.0	29.0
8	141641149	23.0	27.0
9	841407	9.0	40.0
9	4934600	12.0	48.0
9	7433425	12.0	63.0
9	22254014	19.0	19.0
9	24279253	6.0	33.0
9	26177213	18.0	23.0
9	29840000	3.0	27.0
9	32619314	14.0	50.0
9	35191982	7.0	51.0
9	69833643	7.0	12.0
9	74824271	4.0	12.0
9	75639700	3.0	28.0
9	82428099	6.0	13.0
9	85360912	5.0	35.0
9	89009366	6.0	30.0
9	95273109	14.0	10.0
9	96687070	6.0	38.0
9	97547784	13.0	30.0
9	107807794	4.0	30.0
9	108368124	22.0	16.0
9	109536648	8.0	32.0
9	113634298	4.0	23.0
9	119016226	11.0	29.0
9	127085366	34.0	26.0
9	130919143	20.0	23.0
9	135272651	11.0	20.0
X	1405568	22.0	29.0
X	3114116	8.0	14.0
X	5466899	19.0	8.0
X	28924556	4.0	13.0
X	33438801	3.0	25.0
X	34460107	6.0	11.0
X	53362652	7.0	16.0
X	68611611	9.0	29.0
X	72526239	4.0	23.0
X	73554591	11.0	24.0
X	77772645	6.0	8.0
X	88223901	8.0	12.0
X	93431546	5.0	7.0
X	97087011	17.0	8.0
X	106336712	10.0	1.0
X	108999702	13.0	6.0
X	112478146	4.0	13.0
X	113105315	6.0	13.0
X	114248276	12.0	6.0
X	115011193	4.0	21.0
X	115163908	4.0	21.0
X	121934481	6.0	4.0
X	124095794	7.0	16.0
X	134021601	14.0	7.0
X	134085187	15.0	6.0
Y	4271230	13.0	5.0
Y	4346909	15.0	11.0
Y	8981799	3.0	8.0
Y	8991736	6.0	5.0
Y	9171854	8.0	14.0
Y	14143897	12.0	6.0
Y	15078669	33.0	11.0
Y	22739930	3.0	7.0
Y	23456237	20.0	1.0
