chromosome_index position alt_count ref_count
1 15956839 59 62
1 76269502 48 52
1 90180228 27 45
1 110882978 43 54
1 145561688 46 61
1 152748940 6 112
1 166974561 27 32
1 205028742 48 88
1 247070995 53 63
1 248112473 131 235
2 10051000 25 41
2 11960558 24 41
2 11960560 25 40
2 26178417 59 82
2 43953471 25 44
2 84777109 23 37
2 136620201 70 91
2 136620202 71 91
2 220090289 21 35
2 228860230 95 156
3 9802445 20 23
3 48956091 30 22
3 56789065 81 92
3 122247098 15 17
3 149678575 23 40
4 46312218 49 65
4 173269759 79 77
5 476140 7 13
5 5235155 31 42
5 31526783 19 22
5 35876145 32 46
5 76987260 10 20
5 122359696 68 101
5 140223201 28 7
5 140811805 33 45
5 154183178 27 31
5 167995656 35 59
6 30640454 23 35
6 30640464 22 41
6 32916524 7 9
6 90426453 35 55
6 100895187 20 35
7 17362177 42 50
7 29519827 25 19
7 31877507 159 222
7 42957131 24 41
7 82579067 116 98
7 116422117 27 39
8 42565553 19 14
8 94747484 87 124
8 100514063 50 80
10 5788364 50 55
10 16556595 41 64
10 45644221 19 32
10 70152941 3 12
10 70152944 3 12
11 803185 23 23
11 1097183 20 28
11 43342441 39 47
11 62488862 80 113
11 82877727 59 64
11 113078684 6 10
12 3647746 18 31
12 8211578 7 54
12 53687232 41 46
12 112227694 20 34
12 121437158 48 57
13 32907353 46 43
13 47354151 39 51
14 20666034 33 66
14 58563683 25 27
14 64596614 24 28
14 89307438 50 67
14 103438368 56 66
14 105353612 12 20
15 43928412 20 32
15 73590713 32 32
15 78755356 67 97
15 93007607 35 51
16 30456715 19 15
16 61851550 37 40
16 66887456 23 23
16 88872437 4 6
16 89346729 3 32
16 89346757 3 38
17 12016635 90 50
17 40695935 9 9
17 42117589 35 23
19 2249551 5 5
19 2255343 8 9
20 1286555 6 5
20 60705292 5 6
21 37626086 67 88
21 40641908 24 21
21 44152003 24 22
22 24734414 75 119
22 25023938 41 43
22 51018475 49 75
