chromosome_index	start_position	end_position	major_cn	minor_cn	total_cn
1	61735	121482979	2	1	3
1	144007049	146479430	2	2	4
1	146479610	146991097	4	3	7
1	146992906	150237219	3	2	5
1	150237624	158648684	5	2	7
1	158649337	159982619	2	2	4
1	159984431	160556904	5	2	7
1	160568606	232678681	2	1	3
1	232682121	232944441	6	1	7
1	232944569	245459607	2	1	3
1	245459950	245881566	2	0	2
1	245882097	249224388	2	1	3
2	12784	24100093	3	2	5
2	24101917	174088470	2	2	4
2	174089606	174253888	5	1	6
2	174254430	193971342	2	2	4
2	193975314	198626656	3	2	5
2	198630613	200092531	3	3	6
2	200092894	200932979	2	2	4
2	200937249	203699909	3	3	6
2	203703612	243089456	2	0	2
3	60345	60336205	1	1	2
3	60338006	61142221	1	0	1
3	61142441	90056380	1	1	2
3	90056453	161969899	2	2	4
3	161970534	163966071	5	1	6
3	163970488	166162022	2	2	4
3	166172453	167726050	7	1	8
3	167736760	167801203	23	3	26
3	167801438	167863255	24	3	27
3	167873795	171410178	7	1	8
3	171410850	172747167	24	0	24
3	172747513	173925594	16	1	17
3	173925612	175844472	22	1	23
3	175846810	178356237	16	0	16
3	178359474	180080609	32	0	32
3	180082925	186713924	1	1	2
3	186714546	197896118	2	1	3
4	12281	9826801	2	0	2
4	9826870	37528035	3	0	3
4	37528072	187762774	2	0	2
4	187764441	191027923	3	0	3
5	15532	43595504	2	2	4
5	43598105	180790320	2	0	2
6	149661	1695665	2	2	4
6	1696816	2447953	3	0	3
6	2448675	171051005	2	2	4
7	43259	54986877	3	0	3
7	54987193	55766637	7	0	7
7	55769801	71269130	3	0	3
7	71272257	71654175	0	0	0
7	71654222	159127004	3	0	3
8	31254	5837585	1	1	2
8	5837737	46847534	1	0	1
8	46863535	128052255	6	0	6
8	128052320	128765361	8	0	8
8	128766080	137330890	6	0	6
8	137331480	146298155	5	0	5
9	46587	8387554	2	1	3
9	8393996	32631821	1	0	1
9	32637766	38027644	6	0	6
9	38029084	47217176	4	0	4
9	65616971	72761278	4	1	5
9	72762776	79566996	3	2	5
9	79571830	86137112	2	0	2
9	86139397	103872770	3	0	3
9	103872862	104504609	4	0	4
9	104504756	108264022	3	0	3
9	108264781	109870071	2	0	2
9	109875040	112180607	4	0	4
9	112180955	117957015	3	0	3
9	117957057	122762187	2	0	2
9	122762741	141091394	3	0	3
10	72759	13700565	3	3	6
10	13700982	16238457	2	2	4
10	16238779	25650034	3	3	6
10	25654747	25865744	9	2	11
10	25865763	42523441	3	3	6
10	42523461	135506704	2	0	2
11	198572	134944770	2	2	4
12	150442	41929813	3	3	6
12	41929834	45646743	2	2	4
12	45649087	119009358	3	2	5
12	119011469	119317692	2	0	2
12	119320710	133778189	3	2	5
13	19026949	115108397	2	0	2
14	19002124	107285437	2	1	3
15	20016328	102469040	2	0	2
16	60777	70839075	2	0	2
16	70839157	71196315	4	1	5
16	71200049	90287535	2	0	2
17	526	81049726	3	0	3
18	48133	485968	4	3	7
18	486678	1434372	9	4	13
18	1438095	1909835	5	0	5
18	1911015	12335171	4	0	4
18	12335796	19221611	9	3	12
18	19226168	19828623	16	0	16
18	19829244	20388276	10	1	11
18	20389006	20455623	21	1	22
18	20460183	20930130	3	2	5
18	20935833	21668901	13	1	14
18	21669378	22379964	3	2	5
18	22380357	78015057	1	0	1
19	90910	2323962	3	0	3
19	2326988	27772025	2	0	2
19	27777386	59097854	5	1	6
20	61305	14810896	5	1	6
20	14811001	15215964	1	0	1
20	15216195	15354464	2	1	3
20	15354706	62956153	5	1	6
21	10736871	48096957	2	0	2
22	16052528	51234455	2	0	2
