chromosome_index	start_position	end_position	major_cn	minor_cn	total_cn
1	61735	57291133	2	2	4
1	57291371	95310618	2	1	3
1	95312105	121482979	1	0	1
1	144007049	249224388	4	0	4
2	12784	141129468	2	2	4
2	141133405	141581332	2	0	2
2	141583143	243089456	2	2	4
3	60345	88933154	2	0	2
3	88933168	89168088	3	2	5
3	89168493	93548499	2	0	2
3	93551545	148358932	2	2	4
3	148359724	197896118	4	2	6
4	12281	53066274	2	0	2
4	53067343	187573918	2	2	4
4	187574398	189501949	2	1	3
4	189502168	191027923	2	2	4
5	15532	37608058	6	0	6
5	37608631	46389273	3	3	6
5	49432831	180790320	2	0	2
6	149661	171051005	2	2	4
7	43259	54892247	2	0	2
7	54896000	54904875	25	11	36
7	54904891	55998493	36	0	36
7	55999437	56663389	15	2	17
7	56665370	57950504	2	0	2
7	57950931	159127004	2	1	3
8	31254	48388876	2	2	4
8	48391022	102314683	2	0	2
8	102315070	102320822	4	0	4
8	102321001	137681619	5	0	5
8	137682359	137837766	1	0	1
8	137837940	146298155	5	0	5
9	46587	37555677	2	0	2
9	37558780	47217176	2	2	4
9	65616971	126616618	4	0	4
9	126617096	127221837	6	0	6
9	127222095	141091394	4	0	4
10	72759	108909530	2	1	3
10	108909615	135506704	4	1	5
11	198572	134944770	2	2	4
12	150442	133778189	2	2	4
13	19026949	115108397	2	0	2
14	19002124	107285437	2	2	4
15	20016328	21169904	10	1	11
15	21173853	75439858	2	0	2
15	75445780	102469040	4	0	4
16	60777	7067176	2	2	4
16	7068244	7115719	2	0	2
16	7115754	90287535	2	2	4
17	526	21276726	4	0	4
17	21283507	81049726	2	2	4
18	48133	43787173	2	2	4
18	43793488	47671422	4	1	5
18	47677418	78015057	2	0	2
19	90910	59097854	2	2	4
20	61305	62956153	2	2	4
21	10736871	48096957	2	0	2
22	16052528	51234455	2	2	4
