chromosome_index position alt_count ref_count
1 6190292 9 45
1 6635003 13 45
1 85624650 5 52
1 86146538 3 33
1 152278802 59 1044
1 153610803 6 140
1 154031152 16 70
1 156108383 5 26
1 235993708 9 37
1 246704302 25 61
2 136669047 12 108
2 202131273 7 59
2 230705568 6 42
3 52780141 30 190
3 98530369 12 77
3 126291181 6 86
3 138739005 5 44
3 178921553 23 100
3 184297479 5 49
3 195015477 25 89
4 145636573 19 121
4 153881733 10 98
4 187518160 14 96
5 13714705 9 53
5 35957502 4 33
5 64859174 12 75
5 78919085 7 91
5 112929033 8 53
5 131923334 11 65
5 139193838 17 88
5 168189662 26 151
6 28227135 6 27
6 42946178 4 77
6 44971521 8 72
6 70642746 5 26
6 96652046 7 73
7 65223278 3 24
8 57025799 6 71
9 72785561 3 22
9 114304560 8 67
9 116838907 5 52
9 130656799 9 92
9 140126191 9 100
10 38344196 21 101
10 62648704 23 152
10 81316921 11 74
10 124001517 12 115
11 534289 14 35
11 59807830 7 62
11 64521397 3 18
11 68181289 4 62
11 77916981 28 273
11 118371736 12 74
12 78362441 8 71
13 19752452 16 127
13 111299479 3 7
14 70991263 14 70
15 22383025 19 158
15 41059435 11 89
15 42114547 3 28
15 43350570 18 113
15 58837961 5 57
15 91304134 12 94
16 31202080 8 51
17 16185386 5 27
17 38189381 8 58
17 56581672 17 116
17 58292126 9 49
17 77705020 4 25
18 31537316 6 71
18 34081902 4 41
18 77246756 5 37
19 10663588 10 64
19 11687262 9 43
19 23928041 6 36
19 45867490 8 48
20 42788430 10 31
20 49626747 5 27
21 31691743 10 113
21 41457657 9 66
22 42477982 12 99
22 43010948 4 20
