chromosome_index position alt_count ref_count
1 70385302 5 13
1 156639358 11 48
2 26697524 17 37
2 119750834 45 70
2 162087536 15 29
2 228884249 17 49
4 99355161 26 97
4 146038513 73 133
5 1216682 37 92
5 32364331 53 36
5 180056385 26 93
6 3019762 44 100
6 106536124 39 65
8 100789055 43 104
9 133376556 6 10
10 61552827 100 181
11 831568 6 24
13 103490993 36 57
14 93693406 20 38
16 13010598 11 72
17 28378166 97 62
17 38031506 151 763
17 38189359 47 272
17 38189431 47 321
17 38189690 45 269
17 38905578 37 537
17 79632157 6 8
19 6850694 24 31
19 9038120 38 66
20 3835301 43 112
21 19642342 5 114
22 25158416 14 28
