chromosome_index	start_position	end_position	major_cn	minor_cn	total_cn
1	61735	59606421	1	1	2
1	59606640	59962247	1	0	1
1	59964314	154860352	1	1	2
1	154861187	249224388	2	0	2
2	12784	118050536	1	1	2
2	118051612	119000584	2	0	2
2	119004141	236654489	1	1	2
2	236656642	236936411	1	0	1
2	236936753	243089456	1	1	2
3	60345	68375772	1	1	2
3	68376125	69249065	1	0	1
3	69249770	197896118	1	1	2
4	12281	49561985	1	0	1
4	49579167	169425778	1	1	2
4	169426171	170395006	1	0	1
4	170402541	191027923	1	1	2
5	15532	180790320	1	0	1
6	149661	114982560	1	1	2
6	114982656	115984382	1	0	1
6	115984802	128355890	1	1	2
6	128356142	129796534	2	1	3
6	129796620	133079901	1	1	2
6	133080800	133812641	2	0	2
6	133817456	135394908	1	1	2
6	135403284	136743101	2	1	3
6	136743135	171051005	1	1	2
7	43259	159127004	1	1	2
8	31254	146298155	1	1	2
9	46587	141091394	1	0	1
10	72759	50390194	1	1	2
10	50394186	51563438	2	0	2
10	51563993	135125284	1	1	2
10	135125956	135506704	2	0	2
11	198572	61929298	1	1	2
11	61930617	64354363	2	0	2
11	64355772	67804807	1	1	2
11	67805381	134944770	2	0	2
12	150442	133778189	1	1	2
13	19026949	115108397	1	0	1
14	19002124	91679408	1	1	2
14	91683043	92609412	2	0	2
14	92609957	107285437	1	1	2
15	20016328	102469040	1	0	1
16	60777	35283226	1	1	2
16	46463782	48063627	2	0	2
16	48063755	79183352	1	1	2
16	79184460	79378355	2	1	3
16	79378777	90097748	1	1	2
16	90097995	90287535	1	0	1
17	526	81049726	1	1	2
18	48133	78015057	1	0	1
19	90910	59097854	1	1	2
20	61305	21878219	1	0	1
20	21880461	62956153	1	1	2
21	10736871	41390934	1	1	2
21	41390971	42273967	2	0	2
21	42274208	48096957	1	1	2
22	16052528	22454680	1	1	2
22	22456739	25783704	2	0	2
22	25784405	29525790	1	1	2
22	29526155	30919129	1	0	1
22	30919704	51234455	1	1	2
