chromosome_index position alt_count ref_count
1 40557750 8 71
1 57044602 4 22
1 65858246 4 31
1 67109257 16 59
1 75055242 38 129
1 78444684 14 62
1 78958464 16 67
1 89618109 7 74
1 114196509 47 158
1 115576907 16 57
1 144881485 14 189
1 145293504 41 565
1 151006312 15 86
1 153042990 6 60
1 154956277 17 73
1 157771739 12 55
1 182369491 12 92
1 184764765 20 105
1 211486308 22 92
1 216850740 8 49
1 228466897 11 33
1 228505401 12 63
1 235973755 24 106
1 243328471 17 67
1 247582313 5 28
1 247588518 16 57
1 247695758 9 50
1 248551749 6 58
1 248551750 6 58
1 248616525 15 97
2 9514965 8 63
2 27353564 18 84
2 48873902 15 77
2 61505553 6 26
2 70406679 13 38
2 71788901 12 49
2 73717784 48 206
2 96789896 10 44
2 99012724 16 70
2 103125333 18 57
2 107002806 30 145
2 116534814 7 27
2 120223416 8 52
2 152472564 4 17
2 152695798 15 78
2 155157967 25 128
2 179582109 9 49
2 179582110 9 49
2 183627515 9 59
2 190557860 8 40
2 227662321 21 65
2 234368846 6 47
3 11302058 42 174
3 18456728 6 36
3 44396267 21 64
3 52425602 3 19
3 52432149 5 16
3 53159993 9 11
3 97868440 56 261
3 110845068 6 31
3 119378781 17 107
3 119379301 5 24
3 120673859 9 32
3 126216959 43 127
3 132175662 7 63
3 138724326 3 4
3 140251316 12 73
3 141884401 9 84
3 155203421 6 69
3 183017818 15 143
3 186442906 19 71
3 194080865 33 69
3 195245831 30 233
4 2896361 4 29
4 47514535 23 53
4 57181694 22 73
4 57215433 11 58
4 57221561 18 79
4 70504678 5 24
4 108641396 5 19
4 111470519 10 47
4 153332781 28 80
4 183674675 10 27
4 187517794 9 47
5 7727317 8 67
5 19544030 10 64
5 24509681 6 59
5 39390555 14 50
5 50123800 15 58
5 68849444 16 74
5 72469250 18 128
5 76028543 35 161
5 78416312 9 45
5 79374776 14 55
5 79375049 5 51
5 82817063 13 86
5 83239082 5 8
5 90024600 8 90
5 90041504 5 38
5 110836662 19 67
5 114480382 5 55
5 134131746 7 67
5 139574128 13 57
5 140719984 13 104
5 140783253 13 69
5 149607839 5 25
5 149607840 5 24
5 162918262 7 32
5 176003084 15 25
5 178139836 18 118
6 25826718 6 91
6 32780880 5 23
6 47471132 14 53
6 47501344 10 36
6 57512897 6 25
6 74078417 4 11
6 102483392 19 156
6 110048332 24 116
6 132695830 13 71
6 142409380 7 30
6 143074781 6 68
6 155504484 14 73
6 159457214 15 54
6 165806137 16 71
7 1539625 10 25
7 11415450 8 67
7 24663311 11 46
7 48311503 7 25
7 86416029 4 45
7 89903374 10 45
7 92761278 8 190
7 112461669 9 45
7 121701384 4 29
7 133580444 13 65
7 141629872 15 39
7 150440070 13 66
7 151049920 6 36
8 17611553 43 121
8 39068673 10 37
8 48761961 26 118
8 61654167 6 20
8 82591435 6 39
8 86352046 8 27
8 119122374 12 43
8 119123193 4 26
8 133920579 9 28
8 141542669 6 39
8 142476595 7 25
8 144999855 4 6
8 145065576 5 9
9 22451444 17 56
9 23762156 28 108
9 71509429 28 61
9 82333773 18 44
9 103334882 11 33
9 114448949 5 24
10 17142028 15 68
10 17363126 34 132
10 28260038 24 69
10 43015435 9 34
10 68040257 15 70
10 89725042 10 25
10 93389858 25 59
11 47653213 5 19
11 62284327 20 120
11 63175589 3 17
11 85445495 8 143
11 103907491 12 36
11 113285174 5 97
11 117869879 13 34
11 125478039 13 120
12 2062097 17 70
12 4870124 11 56
12 6925549 5 32
12 7520683 5 48
12 8673765 18 48
12 9305815 14 97
12 9840650 17 37
12 18234281 14 60
12 20833301 10 34
12 23728720 9 55
12 49258589 18 78
12 49742769 12 85
12 63963029 8 62
12 69107589 11 67
12 81110891 9 34
12 97334288 11 70
12 104107431 15 136
12 109522840 40 232
12 110780217 11 39
13 28602314 7 22
13 28866519 10 42
13 53624904 15 61
13 53624905 15 63
13 88329685 5 47
13 103515096 11 42
14 20248667 82 224
14 20404502 18 83
14 23885011 14 36
14 25076363 24 166
14 35008766 7 33
14 52955162 19 56
14 60976134 12 52
14 74083872 22 83
14 92253923 8 23
14 94756800 7 25
14 95090212 14 32
14 95899689 14 78
14 96157164 15 66
14 100705785 4 9
14 104026118 10 38
14 106320474 11 57
15 28447524 5 59
15 29385282 9 49
15 30019070 15 113
15 35178837 12 76
15 48064131 4 35
15 64365158 8 61
15 65989670 5 70
15 74328457 13 103
15 77473712 11 172
15 82512564 32 150
15 89402220 36 73
15 90617437 29 31
16 1129065 4 19
16 15122856 3 17
16 20373873 10 39
16 23116788 7 40
16 30768795 36 198
16 48174664 17 91
16 53679898 23 76
16 56913540 4 24
16 58011799 10 65
16 70502827 13 73
16 84193345 3 32
16 84224773 3 25
16 86601587 3 12
16 87678414 11 42
17 7311902 6 4
17 7578403 10 38
17 10538186 10 48
17 18565291 5 43
17 33680950 15 71
17 41477512 7 26
17 47247073 5 29
17 61607577 9 46
17 73569684 4 40
17 74396332 3 33
17 78022485 3 32
18 13438309 8 83
18 30092911 9 33
18 40503607 47 171
18 48190668 21 54
18 59157798 12 82
19 367138 21 92
19 5832544 6 29
19 7606906 8 48
19 10226686 5 33
19 11591435 7 14
19 12089611 19 79
19 15299971 11 47
19 19606577 10 36
19 19738027 12 42
19 20228924 10 29
19 22362364 3 11
19 22940362 17 65
19 33584385 16 74
19 36002320 5 21
19 39660293 7 39
19 45822838 16 51
19 46522818 17 38
19 50097973 13 26
19 54080159 18 68
19 56163844 4 47
19 56244248 14 66
20 644773 6 19
20 2291013 31 172
20 3740766 5 34
20 30193329 3 20
20 44006180 9 44
20 57415423 16 68
20 61522321 12 48
21 26961144 31 98
21 40823815 5 45
21 45941937 13 116
22 17688023 7 77
22 23634805 11 64
22 24094942 6 9
22 32621730 7 51
22 37962419 5 12
22 41252587 9 11
22 43471518 24 150
