chromosome_index position alt_count ref_count
1 38283134 7 54
1 40228311 6 62
1 70504365 16 47
1 75009730 12 12
1 184761544 5 7
1 190067555 14 35
1 210014250 30 53
1 220752825 35 59
2 280116 33 53
2 50148427 8 26
2 50724627 19 53
2 97007561 5 22
2 99163148 29 28
2 118732791 22 31
2 125622988 25 29
2 173913334 19 41
2 220337049 43 23
2 229889294 3 32
3 17051292 36 47
3 126260681 10 29
3 156865732 25 52
4 13605904 21 30
4 16172282 23 45
4 16507588 9 15
4 20568984 23 46
4 26407815 36 73
4 83294718 3 20
4 153247288 28 39
4 156634301 15 43
4 187518199 15 24
5 37298985 7 59
5 140215201 34 75
5 149435856 14 37
6 30697915 3 30
6 44197463 8 11
6 145115013 13 23
7 1578849 31 43
7 30174653 6 12
7 155090344 13 15
8 98289225 59 28
8 113314019 34 127
9 87487170 14 12
9 114985671 24 14
10 115391289 22 23
11 4566579 12 26
11 14264896 36 18
11 67013504 18 32
12 90028630 4 38
14 35343728 25 30
15 23282958 5 52
15 23811851 8 19
15 75763151 30 22
15 81295711 23 55
17 5418013 3 27
17 7577106 9 7
18 12325259 27 141
19 44764142 13 4
20 62126452 6 8
21 42729060 34 86
21 43220681 4 12
21 47738077 18 41
22 26423518 11 19
22 38150949 14 24
22 40415273 17 16
22 41566432 27 13
22 45243884 19 5
