chromosome_index position alt_count ref_count
1 23836530 4 19
1 29069119 13 80
1 40751680 9 54
1 50666727 3 34
1 71418476 11 20
1 79107236 18 90
1 94548970 15 71
1 100613818 7 25
1 103573654 10 72
1 150233999 6 65
1 151739764 11 48
1 152276942 18 204
1 152277527 33 155
1 153391801 11 44
1 155186726 6 70
1 158449927 30 135
1 158533244 4 31
1 159684296 6 45
1 166039595 10 52
1 170136764 14 46
1 172579289 18 43
1 179961203 6 29
1 186296594 15 85
1 204937395 8 37
1 218614755 9 33
1 235324732 6 8
1 248031343 9 107
1 248458349 13 232
2 27353156 6 51
2 37872990 24 39
2 39081249 30 82
2 39477593 6 35
2 55805479 8 41
2 61726916 12 73
2 68962177 3 26
2 70315518 9 25
2 73497948 9 60
2 73678369 7 64
2 73829349 11 34
2 96689676 9 40
2 97368407 3 27
2 98275406 7 37
2 103063591 9 33
2 109347900 36 312
2 114002194 7 40
2 136396520 5 69
2 138413158 4 42
2 141214169 6 70
2 143746441 18 114
2 151326478 5 25
2 153431728 9 131
2 157439492 5 17
2 158443781 9 82
2 166618424 8 86
2 169571606 14 111
2 169952371 3 19
2 170059329 11 112
2 179590731 5 54
2 179633488 22 125
2 183641890 5 87
2 186697992 6 40
2 190719148 11 51
2 202591976 8 74
2 209113233 17 89
2 219540979 6 54
2 223169019 3 14
3 1445101 6 95
3 12626106 8 60
3 23960716 14 59
3 30045365 12 83
3 33661093 16 47
3 42701258 4 17
3 42956077 5 35
3 47158212 12 70
3 49397377 40 80
3 87018005 5 51
3 89480425 12 55
3 108124234 13 46
3 122437230 10 77
3 125702287 3 27
3 127298641 6 48
3 130673919 13 92
3 148459240 26 14
3 157815792 5 66
3 169501296 15 109
3 169863296 24 14
3 178928079 15 162
3 178936091 22 93
3 178951920 14 110
3 182759528 9 122
3 186572307 10 118
3 187088743 53 35
3 194371889 21 176
3 195245860 21 204
3 195510055 20 636
4 65188424 6 44
4 89028404 11 64
4 91321244 35 149
4 95201785 7 53
4 100451101 4 36
4 123274151 6 56
4 125590426 15 80
4 126412142 9 37
4 148461072 24 100
4 153247289 17 43
5 36962335 9 78
5 60187865 4 10
5 61789870 21 67
5 102537275 18 80
5 114610960 9 53
5 130771870 20 134
5 138655075 6 94
5 138715642 6 55
5 140552670 5 31
5 140736934 18 50
5 176863248 4 34
5 176910898 9 32
5 178339662 3 21
6 25779440 12 54
6 27841160 11 47
6 27841161 11 48
6 28056946 4 22
6 33235094 23 36
6 54214694 20 32
6 84265865 5 99
6 84884529 20 125
6 87969854 7 57
6 106967840 3 27
6 121769035 3 27
6 128718779 17 67
7 11452406 10 40
7 31378675 31 149
7 50135754 10 27
7 50673028 4 28
7 82578863 8 37
7 94038106 7 48
7 97823757 6 12
7 100841996 5 26
7 107566780 11 47
7 107708539 3 42
7 126542725 13 67
7 135433560 3 6
8 6605283 7 57
8 6783567 3 27
8 11174379 9 39
8 13357109 6 53
8 22009122 8 25
8 25158158 9 72
8 25234932 15 63
8 42927374 11 101
8 69017409 4 70
8 77776174 4 36
8 91054966 21 158
8 104943608 11 41
8 119941044 15 112
9 8341902 13 82
9 18928772 12 44
9 35813567 17 23
9 72356705 8 53
9 104319831 10 28
9 108151480 11 26
9 123930384 3 16
9 130942997 6 29
10 94052 7 43
10 15646326 14 75
10 43654302 7 56
10 45602330 3 9
10 49440297 12 34
10 55582601 29 94
10 64957238 13 79
10 70218891 7 77
10 75296056 7 34
10 79781631 11 39
10 95720326 8 44
10 95993911 16 74
10 125798048 7 28
11 8119293 3 31
11 8948496 8 29
11 9451265 3 21
11 9871668 6 36
11 16077328 21 79
11 18301330 8 13
11 18418465 5 53
11 22215020 3 32
11 35323077 11 51
11 46792527 4 39
11 47364404 17 46
11 47470388 8 42
11 55111610 5 37
11 57114153 7 24
11 65143859 22 30
11 65146963 18 44
11 65793355 21 31
11 70176387 4 28
11 71712575 3 23
11 85630449 17 73
11 116660888 6 35
11 125647896 4 56
11 126870373 5 29
11 134119068 4 72
11 134121123 5 74
12 6346943 15 104
12 11035209 12 121
12 11214482 23 66
12 16047025 9 146
12 42554436 10 111
12 45429832 8 106
12 47160334 4 37
12 48482731 11 193
12 49110413 5 54
12 49427116 8 58
12 50744365 16 147
12 51461671 6 62
12 52771679 9 15
12 55886284 18 196
12 56333039 13 246
12 68051078 7 30
12 75900572 8 61
12 112613637 8 27
12 120196453 7 47
12 122676112 12 19
13 51957486 9 66
13 77641765 12 67
13 79940204 8 61
13 100617915 11 97
13 100617916 11 97
13 113527955 11 142
14 20665670 7 39
14 22447220 12 57
14 25078840 8 49
14 32586484 9 36
14 44973885 3 16
14 62188357 8 109
14 64065491 4 33
14 71576242 10 45
14 74085983 8 52
14 89817038 14 96
14 92600399 17 74
14 105419296 18 85
14 105420164 9 71
14 106829867 12 63
15 22062359 24 90
15 31334282 3 29
15 33954714 10 36
15 35222539 9 55
15 41643291 9 37
15 43708493 4 73
15 44925826 5 36
15 54792332 26 51
15 69113163 4 24
15 79587012 9 33
15 83499382 4 14
15 85461778 6 55
15 91017725 6 25
15 99679551 7 29
16 919904 10 31
16 16101832 14 84
16 21110065 10 72
16 23711909 8 33
16 30775531 5 32
16 49670876 9 48
16 50258847 8 75
16 67335725 8 44
16 72015959 7 34
16 78062062 4 34
16 78420808 10 57
16 87446542 5 25
17 5050477 25 82
17 7577534 12 21
17 29203442 7 41
17 39116675 6 46
17 39118419 11 70
17 42165875 4 26
17 43314707 12 115
17 43322414 7 72
17 46629790 4 19
17 74076480 8 33
17 74720111 9 50
17 76433858 4 28
17 79792663 9 41
18 2891297 7 43
18 3457965 4 27
18 9258754 5 40
18 22807291 15 53
18 50589734 18 84
19 4047705 5 19
19 10087235 6 4
19 10694609 7 26
19 11034315 4 42
19 12841801 16 73
19 39068633 5 18
19 42744332 8 22
19 42930599 10 72
19 43259296 17 169
19 43570726 17 126
19 44280701 3 17
19 44661232 15 71
19 46997286 7 26
19 47422158 16 36
19 50393185 4 17
19 51165863 5 38
19 51462275 14 81
19 52448643 6 40
19 52505093 18 128
19 53572019 9 50
19 57326167 13 50
19 57724305 5 23
19 59061211 16 57
19 59073591 3 36
20 20610034 5 41
20 25205883 8 44
20 44692112 12 64
20 47707315 9 106
21 34029043 4 47
21 37747461 10 69
21 38529195 8 61
21 45993735 6 45
22 17310120 3 16
22 26070482 14 85
22 32545576 5 25
22 38349088 10 48
22 38522395 10 34
22 41833023 7 34
22 44372665 14 65
