chromosome_index position alt_count ref_count
1 1223338 8 79
1 1389871 98 148
1 10527276 115 58
1 94639723 71 146
1 172037991 25 43
2 44139675 199 89
2 201462175 7 109
2 219695480 6 61
3 9987897 45 56
3 121659851 70 177
3 122123174 67 150
3 130098678 68 139
3 149245708 100 43
4 41985286 19 85
4 91229575 20 169
4 106162489 14 131
4 147795877 10 214
5 467164 15 25
5 140214663 8 47
5 151202298 40 156
6 28542931 43 148
6 31122478 4 59
6 33405554 40 30
7 97820153 41 134
7 157041098 55 78
7 157041099 57 78
8 2836315 52 29
9 6536228 23 37
9 18706839 7 109
11 5410780 62 166
11 6048328 53 28
11 9042405 9 7
12 25147251 8 44
12 48723878 14 54
12 53189775 15 42
12 57485373 6 27
12 111160464 15 44
14 50244621 46 92
14 74004001 9 6
14 88737238 14 41
15 39892862 10 10
15 68624721 9 27
16 2512477 5 68
16 4029168 30 48
16 20497990 59 105
16 50825539 5 120
17 5012951 135 59
17 7577609 88 31
17 71375627 55 22
19 17972198 21 31
19 18507174 33 60
19 29698692 84 235
19 49001439 32 46
19 50662801 76 107
19 53343393 7 25
20 33874426 97 91
20 56087702 57 219
