chromosome_index position alt_count ref_count
1 6202385 11 51
1 15987376 3 52
1 16907975 33 891
1 24861836 6 20
1 28477276 20 79
1 151372048 21 91
1 151785769 54 278
1 153947112 12 65
1 155209829 8 40
1 176525566 8 103
1 186099205 4 65
1 193038590 16 58
1 202850310 11 46
1 215793440 4 60
1 220335565 10 93
1 228598776 7 69
1 248059868 4 15
2 26676341 10 38
2 37364140 6 19
2 50780157 38 83
2 50780158 37 83
2 74596550 26 98
2 90249166 34 129
2 177016412 12 79
2 179444392 15 63
2 196749505 8 35
2 204334977 18 107
2 222428528 28 106
3 9882475 9 19
3 46009092 25 89
3 49949401 17 38
3 51308381 11 78
3 130656284 7 40
3 138762979 3 21
3 142297490 6 24
3 179298958 27 143
3 186501364 16 64
3 190105886 7 15
4 2641518 14 43
4 39978195 16 33
4 56301576 12 76
4 70066333 20 122
4 74351731 9 89
4 100134789 14 50
4 123147962 12 57
4 123147963 12 57
4 147561058 7 62
4 153691798 11 92
4 186299314 15 99
5 1239618 28 122
5 13944508 7 45
5 52204856 13 62
5 53752117 5 52
5 75505622 13 75
5 82816417 9 54
5 140580936 33 127
5 160033937 33 101
6 15524837 7 41
6 26124041 29 144
6 28478608 15 67
6 34498360 5 20
6 44274230 51 279
6 74407197 21 93
6 155761124 6 46
6 165715558 19 58
7 4831027 6 24
7 7283186 66 135
7 21630895 16 36
7 44058674 15 62
7 100675458 39 198
7 117400721 19 92
7 128317770 11 59
7 132193205 11 80
7 157926444 20 87
7 157926445 20 90
8 2967802 4 16
8 70980506 31 90
8 80677768 12 36
8 81897495 6 31
8 89053829 16 95
8 121344951 5 26
9 35563035 6 29
9 79326133 5 26
9 79865064 16 46
9 114464476 9 39
9 114500580 3 24
9 119976979 9 44
9 125023768 5 51
9 131381150 5 86
10 267156 30 164
10 5808574 3 47
10 51225645 7 26
10 81317845 20 323
10 82033463 16 98
10 103904794 12 56
10 118443393 9 34
10 127461231 16 61
11 2189141 4 29
11 4626773 4 25
11 6265493 22 48
11 7722879 7 35
11 46407613 6 22
11 47296606 13 63
11 47494716 4 53
11 56043183 9 136
11 65620233 4 32
11 66039636 33 251
11 66384208 10 42
11 72299876 13 95
11 72945522 44 90
11 73021583 9 51
11 76853839 3 23
11 117352699 8 64
12 8211383 19 134
12 13716833 18 67
12 32491848 12 99
12 39047739 7 44
12 48368564 14 92
12 49743369 34 162
12 64202853 3 20
12 89996883 9 65
12 108029147 11 50
12 121125252 5 39
13 19999107 3 23
13 27645260 9 47
13 46725141 22 78
14 24909904 4 28
14 52735280 22 97
14 92949082 24 111
14 100793683 9 57
15 74708915 3 43
15 79080681 21 125
15 79083543 6 33
15 90628287 16 110
16 1400843 10 56
16 12142284 24 158
16 29810320 21 142
16 30997777 16 45
16 54318990 13 55
16 57787375 6 83
16 61687703 7 54
16 65022100 44 183
16 79245707 3 32
17 3664729 4 85
17 3854671 4 50
17 4455258 24 108
17 6610071 8 21
17 6683160 14 43
17 7578406 20 46
17 12921103 3 10
17 27237335 23 64
17 36093716 9 55
17 38910169 18 94
17 40330819 4 56
19 10415752 16 28
19 11942980 10 78
19 12692195 16 65
19 17631842 3 16
19 19626080 10 55
19 36237375 21 102
19 36582142 13 52
19 37005417 4 96
19 37880808 10 66
19 43414945 7 198
19 46281065 5 132
19 47845117 12 12
19 47856911 6 13
19 50149403 12 28
19 51499377 27 126
19 53116897 6 111
19 53270700 28 144
19 56133358 4 17
20 5579448 4 24
20 25434228 10 85
20 41306531 11 99
20 43580479 13 80
20 61598562 3 34
20 61834049 19 111
20 62044926 19 152
20 62172223 21 126
22 18609664 26 110
22 23090299 3 48
22 31009006 4 43
22 32631073 10 78
22 36902217 18 48
22 38040901 7 46
22 41253153 8 23
