chromosome_index	start_position	end_position	major_cn	minor_cn	total_cn
1	1	39413244	2.0	1.0	3.0
1	39413245	39449969	2.0	1.0	3.0
1	39449970	121499999	2.0	1.0	3.0
1	121500000	128899999	2.0	1.0	3.0
1	128900000	142647500	2.0	1.0	3.0
1	142647501	143442500	1.0	0.0	1.0
1	143442501	143688938	2.0	1.0	3.0
1	143688939	247247500	2.0	1.0	3.0
1	247247501	249250620	2.0	1.0	3.0
2	20016	5457206	2.0	1.0	3.0
2	5457207	5543431	1.0	0.0	1.0
2	5543432	25854986	2.0	1.0	3.0
2	25854987	26464704	2.0	0.0	2.0
2	26464705	89842499	2.0	1.0	3.0
2	89842500	96799999	2.0	1.0	3.0
2	96800000	109779278	2.0	1.0	3.0
2	109779279	109867351	3.0	2.0	5.0
2	109867352	118799861	2.0	1.0	3.0
2	118799862	122221348	3.0	2.0	5.0
2	122221349	122221881	3.0	2.0	5.0
2	122221882	122225861	3.0	2.0	5.0
2	122225862	122225937	3.0	2.0	5.0
2	122225938	122240798	3.0	2.0	5.0
2	122240799	123345585	2.0	1.0	3.0
2	123345586	125825563	3.0	2.0	5.0
2	125825564	125826357	3.0	2.0	5.0
2	125826358	125833300	3.0	2.0	5.0
2	125833301	127374315	2.0	1.0	3.0
2	127374316	127409830	3.0	2.0	5.0
2	127409831	128050365	2.0	1.0	3.0
2	128050366	128051513	2.0	1.0	3.0
2	128051514	128052129	3.0	2.0	5.0
2	128052130	128206576	3.0	2.0	5.0
2	128206577	128600113	2.0	1.0	3.0
2	128600114	129813243	3.0	2.0	5.0
2	129813244	131160545	2.0	1.0	3.0
2	131160546	134290658	3.0	2.0	5.0
2	134290659	134576705	2.0	1.0	3.0
2	134576706	139404713	3.0	2.0	5.0
2	139404714	139790792	2.0	1.0	3.0
2	139790793	242985493	3.0	2.0	5.0
3	62226	17644025	2.0	0.0	2.0
3	17644026	17786720	0.0	0.0	0.0
3	17786721	29919408	2.0	0.0	2.0
3	29919409	31309249	0.0	0.0	0.0
3	31309250	31317268	0.0	0.0	0.0
3	31317269	31317802	2.0	0.0	2.0
3	31317803	59786417	2.0	0.0	2.0
3	59786418	59899444	0.0	0.0	0.0
3	59899445	60441012	2.0	0.0	2.0
3	60441013	60585338	1.0	0.0	1.0
3	60585339	74271801	2.0	0.0	2.0
3	74271802	87899999	2.0	2.0	4.0
3	87900000	93899999	2.0	2.0	4.0
3	93900000	99608063	2.0	2.0	4.0
3	99608064	99621876	1.0	0.0	1.0
3	99621877	137682467	2.0	2.0	4.0
3	137682468	137683714	3.0	2.0	5.0
3	137683715	180074779	2.0	2.0	4.0
3	180074780	181663838	2.0	0.0	2.0
3	181663839	198022429	2.0	2.0	4.0
4	27500	26443004	2.0	1.0	3.0
4	26443005	26725254	1.0	0.0	1.0
4	26725255	31921400	2.0	1.0	3.0
4	31921401	32035573	2.0	0.0	2.0
4	32035574	48199999	2.0	1.0	3.0
4	48200000	52699999	2.0	1.0	3.0
4	52700000	117162805	2.0	1.0	3.0
4	117162806	117167308	2.0	1.0	3.0
4	117167309	117174424	0.0	0.0	0.0
4	117174425	117611920	1.0	0.0	1.0
4	117611921	191154275	2.0	1.0	3.0
5	22500	15209962	2.0	1.0	3.0
5	15209963	17665677	2.0	0.0	2.0
5	17665678	46099999	2.0	1.0	3.0
5	46100000	50699999	2.0	1.0	3.0
5	50700000	122750793	2.0	1.0	3.0
5	122750794	122945304	1.0	0.0	1.0
5	122945305	135553914	2.0	1.0	3.0
5	135553915	135871570	4.0	1.0	5.0
5	135871571	138176392	2.0	1.0	3.0
5	138176393	138957801	4.0	1.0	5.0
5	138957802	146004594	2.0	1.0	3.0
5	146004595	146421430	1.0	0.0	1.0
5	146421431	147405020	2.0	1.0	3.0
5	147405021	148358296	4.0	1.0	5.0
5	148358297	180689978	2.0	1.0	3.0
6	39681	180247	3.0	0.0	3.0
6	180248	58699999	3.0	0.0	3.0
6	58700000	63299999	3.0	0.0	3.0
6	63300000	77437205	3.0	0.0	3.0
6	77437206	170905550	3.0	0.0	3.0
7	40386	57999999	2.0	1.0	3.0
7	58000000	61699999	2.0	1.0	3.0
7	61700000	108121293	2.0	1.0	3.0
7	108121294	110259448	2.0	0.0	2.0
7	110259449	115780606	2.0	1.0	3.0
7	115780607	117099927	2.0	0.0	2.0
7	117099928	117120330	2.0	1.0	3.0
7	117120331	117120721	2.0	1.0	3.0
7	117120722	118411546	2.0	1.0	3.0
7	118411547	158821400	1.0	0.0	1.0
8	10001	213426	3.0	1.0	4.0
8	213427	2146558	3.0	1.0	4.0
8	2146559	2989726	1.0	0.0	1.0
8	2989727	39236281	3.0	1.0	4.0
8	39236282	43099999	3.0	1.0	4.0
8	43100000	48099999	3.0	1.0	4.0
8	48100000	52492467	3.0	1.0	4.0
8	52492468	52548065	3.0	0.0	3.0
8	52548066	89943262	3.0	2.0	5.0
8	89943263	90715775	3.0	0.0	3.0
8	90715776	140481532	3.0	2.0	5.0
8	140481533	141041765	3.0	0.0	3.0
8	141041766	146364021	3.0	2.0	5.0
9	47500	44059009	2.0	0.0	2.0
9	44059010	47299999	2.0	0.0	2.0
9	50700000	66462499	1.0	0.0	1.0
9	66462500	69988601	2.0	0.0	2.0
9	69988602	125482499	2.0	0.0	2.0
9	125482500	133811912	2.0	2.0	4.0
9	133811913	134532773	2.0	0.0	2.0
9	134532774	140273200	2.0	2.0	4.0
10	102500	37999999	2.0	0.0	2.0
10	38000000	42299999	2.0	0.0	2.0
10	42300000	135389924	2.0	0.0	2.0
11	20721	200947	2.0	2.0	4.0
11	200948	51599999	2.0	2.0	4.0
11	51600000	55699999	2.0	2.0	4.0
11	55700000	63580090	2.0	2.0	4.0
11	63580091	64304989	2.0	0.0	2.0
11	64304990	80928972	2.0	2.0	4.0
11	80928973	81123976	2.0	0.0	2.0
11	81123977	94340284	2.0	2.0	4.0
11	94340285	94930022	2.0	0.0	2.0
11	94930023	130609654	2.0	1.0	3.0
11	130609655	131569526	2.0	0.0	2.0
11	131569527	134452200	2.0	1.0	3.0
12	110107	33299999	3.0	1.0	4.0
12	38200000	132349400	3.0	0.0	3.0
12	132349401	133851894	3.0	0.0	3.0
13	1	16299999	2.0	1.0	3.0
13	16300000	19499999	2.0	1.0	3.0
13	19500000	65686688	2.0	1.0	3.0
13	65686689	66257001	1.0	0.0	1.0
13	66257002	84802837	2.0	1.0	3.0
13	84802838	92802837	2.0	1.0	3.0
13	92802838	92831841	1.0	0.0	1.0
13	92831842	102272064	2.0	1.0	3.0
13	102272065	105240627	1.0	0.0	1.0
13	105240628	108512762	2.0	1.0	3.0
13	108512763	110213700	1.0	0.0	1.0
13	110213701	114142800	2.0	1.0	3.0
13	114142801	115169877	2.0	1.0	3.0
14	1	16099999	3.0	0.0	3.0
14	16100000	19099999	3.0	0.0	3.0
14	19100000	36618261	3.0	0.0	3.0
14	36618262	82715021	3.0	1.0	4.0
14	82715022	82719634	3.0	1.0	4.0
14	82719635	106368400	3.0	1.0	4.0
15	1	15799999	2.0	1.0	3.0
15	15800000	20699999	2.0	1.0	3.0
15	20700000	100338800	2.0	1.0	3.0
15	100338801	102365661	2.0	1.0	3.0
16	92548	3718345	2.0	1.0	3.0
16	3718346	3720382	2.0	1.0	3.0
16	3720383	34599999	2.0	1.0	3.0
16	34600000	38599999	2.0	1.0	3.0
16	38600000	78585365	2.0	1.0	3.0
16	78585366	78617601	3.0	1.0	4.0
16	78617602	88827200	2.0	1.0	3.0
16	88827201	90354752	2.0	1.0	3.0
17	7	16657499	2.0	0.0	2.0
17	16657500	16757436	2.0	0.0	2.0
17	16757437	18356693	2.0	0.0	2.0
17	18356694	22199999	2.0	0.0	2.0
17	25800000	68460401	2.0	2.0	4.0
17	68460402	78774600	2.0	2.0	4.0
17	78774601	81195209	2.0	2.0	4.0
18	27500	125370	1.0	0.0	1.0
18	125371	15399999	2.0	0.0	2.0
18	19000000	25862855	2.0	1.0	3.0
18	25862856	76117000	2.0	0.0	2.0
18	76117001	78077247	2.0	0.0	2.0
19	102500	255095	3.0	1.0	4.0
19	255096	7495877	2.0	1.0	3.0
19	7495878	8298547	1.0	0.0	1.0
19	8298548	24399999	2.0	1.0	3.0
19	24400000	28599999	2.0	1.0	3.0
19	28600000	59128982	2.0	1.0	3.0
20	17500	20001590	2.0	2.0	4.0
20	20001591	25599999	2.0	2.0	4.0
20	25600000	29399999	2.0	2.0	4.0
20	29400000	62432500	2.0	2.0	4.0
21	10900000	14299999	2.0	0.0	2.0
21	14300000	46937500	2.0	0.0	2.0
21	46937501	48129894	2.0	0.0	2.0
22	1	12199999	2.0	1.0	3.0
22	12200000	17899999	2.0	1.0	3.0
22	17900000	29066204	2.0	1.0	3.0
22	29066205	49687500	2.0	1.0	3.0
22	49687501	51304565	2.0	1.0	3.0
