chromosome_index position alt_count ref_count
1 15386729 8 110
1 29587401 19 20
1 89518908 4 8
1 89518909 4 8
1 155931510 24 35
1 158390007 24 38
1 158639228 86 153
1 181680167 6 81
1 248756250 19 42
2 179418502 17 35
3 4776852 3 40
3 17051267 25 38
3 44763241 13 153
3 47364056 22 25
3 48623584 46 105
3 130452642 9 100
3 196089432 53 88
4 94344041 19 35
4 146601567 6 33
4 177032828 25 46
4 178352895 3 58
5 90078963 68 125
5 139251346 4 101
6 116442816 17 16
7 151921662 9 21
8 21842352 18 22
8 125498222 7 104
9 33313652 35 61
9 33313653 35 62
9 35062992 47 96
9 35062993 47 95
9 111617958 55 80
9 124921988 24 54
10 26880327 11 20
10 48370748 5 47
10 135215702 64 100
11 7111257 4 21
11 22380963 13 28
11 88911837 26 59
12 53927005 21 34
13 58299039 4 92
14 69341705 3 40
15 25465676 54 122
15 82336870 3 45
16 67917283 8 17
16 72845538 13 21
17 649822 13 29
17 10435046 47 82
17 38020380 35 60
17 63204085 3 59
19 9270907 9 13
19 16860227 6 35
19 22156491 6 75
20 62551466 17 34
