chromosome_index	start_position	end_position	major_cn	minor_cn	total_cn
1	10001	121499999	1.0	1.0	2.0
1	121500000	128899999	1.0	1.0	2.0
1	128900000	247247500	1.0	1.0	2.0
1	247247501	249250620	1.0	1.0	2.0
2	20016	87763096	1.0	1.0	2.0
2	87763097	90499999	1.0	1.0	2.0
2	90500000	96799999	1.0	1.0	2.0
2	96800000	242985695	1.0	1.0	2.0
3	83283	87899999	1.0	1.0	2.0
3	87900000	93899999	1.0	1.0	2.0
3	93900000	198022429	1.0	1.0	2.0
4	35422	48199999	1.0	1.0	2.0
4	48200000	52699999	1.0	1.0	2.0
4	52700000	191154275	1.0	1.0	2.0
5	22500	46099999	1.0	1.0	2.0
5	46100000	50699999	1.0	1.0	2.0
5	50700000	180689978	1.0	1.0	2.0
6	39681	201975	1.0	1.0	2.0
6	201976	58699999	1.0	1.0	2.0
6	58700000	63299999	1.0	1.0	2.0
6	63300000	170907623	1.0	1.0	2.0
7	40386	57999999	2.0	2.0	4.0
7	58000000	61699999	2.0	2.0	4.0
7	61700000	69897681	2.0	2.0	4.0
7	69897682	88399726	2.0	2.0	4.0
7	88399727	88402152	2.0	2.0	4.0
7	88402153	158771400	2.0	2.0	4.0
8	174111	43099999	1.0	1.0	2.0
8	43100000	48099999	1.0	1.0	2.0
8	48100000	146364021	1.0	1.0	2.0
9	47500	200100	2.0	0.0	2.0
9	200101	40823971	1.0	1.0	2.0
9	40823972	44907006	1.0	1.0	2.0
9	44907007	47299999	2.0	0.0	2.0
9	50700000	140267500	1.0	1.0	2.0
10	102500	37999999	1.0	1.0	2.0
10	38000000	42299999	1.0	1.0	2.0
10	42300000	48312499	1.0	1.0	2.0
10	48312500	124244393	1.0	1.0	2.0
10	124244394	124332499	3.0	1.0	4.0
10	124332500	135389924	1.0	1.0	2.0
11	20721	190009	1.0	1.0	2.0
11	190010	51599999	1.0	1.0	2.0
11	51600000	55699999	1.0	1.0	2.0
11	55700000	134442500	1.0	1.0	2.0
12	99166	188196	2.0	1.0	3.0
12	188197	33299999	2.0	1.0	3.0
12	38200000	132342500	2.0	1.0	3.0
12	132342501	133851894	2.0	1.0	3.0
13	1	16299999	1.0	1.0	2.0
13	16300000	19499999	1.0	1.0	2.0
13	19500000	114137500	1.0	1.0	2.0
13	114137501	115169877	1.0	1.0	2.0
14	1	16099999	1.0	1.0	2.0
14	19100000	20137145	2.0	0.0	2.0
14	20137146	20375050	1.0	1.0	2.0
14	20375051	106318400	1.0	1.0	2.0
14	106318401	107349539	1.0	1.0	2.0
15	1	15799999	1.0	1.0	2.0
15	15800000	20699999	1.0	1.0	2.0
15	20700000	22302499	1.0	1.0	2.0
15	22302500	100353106	1.0	1.0	2.0
15	100353107	102397372	1.0	1.0	2.0
16	85149	34599999	1.0	1.0	2.0
16	34600000	38599999	1.0	1.0	2.0
16	38600000	88822500	1.0	1.0	2.0
16	88822501	90354752	1.0	1.0	2.0
17	7	22199999	2.0	1.0	3.0
17	22200000	25799999	2.0	1.0	3.0
17	25800000	78798232	2.0	1.0	3.0
17	78798233	81195209	2.0	1.0	3.0
18	10001	15399999	1.0	1.0	2.0
18	15400000	18999999	1.0	1.0	2.0
18	19000000	76112500	1.0	1.0	2.0
18	76112501	78077247	1.0	1.0	2.0
19	102500	288366	1.0	1.0	2.0
19	288367	24399999	1.0	1.0	2.0
19	24400000	28599999	1.0	1.0	2.0
19	28600000	46699421	1.0	1.0	2.0
19	46699422	46765100	1.0	1.0	2.0
19	46765101	59128982	1.0	1.0	2.0
20	32172	25599999	1.0	1.0	2.0
20	25600000	29399999	1.0	1.0	2.0
20	29400000	62432500	1.0	1.0	2.0
21	10900000	15295081	1.0	1.0	2.0
21	15295082	46937500	1.0	1.0	2.0
21	46937501	48129894	1.0	1.0	2.0
22	1	12199999	1.0	0.0	1.0
22	17900000	49687500	1.0	1.0	2.0
22	49687501	51304565	1.0	1.0	2.0
