chromosome_index	start_position	end_position	major_cn	minor_cn	total_cn
1	61735	121482979	2	1	3
1	144007049	234693321	2	2	4
1	234694041	234853921	4	2	6
1	234854779	238801279	2	2	4
1	238808293	249224388	4	2	6
2	12784	1488597	2	0	2
2	1488613	7215449	3	2	5
2	7215657	8775344	4	2	6
2	8775493	33439467	2	2	4
2	33440045	39548978	3	2	5
2	39554376	40190130	6	2	8
2	40193677	42104667	2	2	4
2	42108952	42677587	2	0	2
2	42677888	50443600	2	2	4
2	50443908	54847236	5	2	7
2	54847934	60310540	6	2	8
2	60317217	64096551	2	2	4
2	64103741	66958804	4	2	6
2	66960689	86078478	2	2	4
2	86079214	86143487	2	0	2
2	86145787	101567439	2	2	4
2	101570530	101986361	4	2	6
2	101988471	106612731	2	2	4
2	106613135	109568273	3	3	6
2	109571058	111447446	3	2	5
2	111451816	115898587	2	0	2
2	115898902	116768984	3	2	5
2	116770267	117775371	6	3	9
2	117776756	118889643	2	0	2
2	118891792	129944906	2	1	3
2	129945112	142554013	3	1	4
2	142557072	142874253	1	0	1
2	142874945	226685241	3	1	4
2	226687223	229582860	4	1	5
2	229585112	243089456	2	1	3
3	60345	98191253	2	1	3
3	98192234	123212832	1	1	2
3	123212933	137185210	2	1	3
3	137189600	140362141	3	2	5
3	140362169	142690938	6	2	8
3	142691520	146268692	5	3	8
3	146270331	149327371	3	3	6
3	149329371	152711260	5	4	9
3	152711310	155476547	6	3	9
3	155481097	156548057	8	2	10
3	156551433	169659079	2	1	3
3	169659270	194629536	1	1	2
3	194629709	197896118	2	1	3
4	12281	21921234	2	1	3
4	21921977	25594089	3	1	4
4	25594335	32580774	2	2	4
4	32582163	38756761	3	1	4
4	38758432	43338881	6	1	7
4	43339468	45102645	3	1	4
4	45102966	55711552	3	0	3
4	55714753	56464457	2	0	2
4	56467214	63725837	4	0	4
4	63726466	64692059	9	0	9
4	64692979	69413940	6	0	6
4	69413943	72445907	7	0	7
4	72446746	76546886	10	0	10
4	76555236	77120873	5	0	5
4	77127219	77582044	7	0	7
4	77583849	82593598	4	0	4
4	82601203	83704572	2	0	2
4	83705284	84980329	3	0	3
4	84981625	191027923	2	0	2
5	15532	15102081	4	1	5
5	15102753	18248486	1	1	2
5	18248682	26353540	2	1	3
5	26355061	30324794	3	2	5
5	30325540	49432831	2	2	4
5	49441958	65949060	2	1	3
5	65949421	180790320	1	1	2
6	149661	54022046	4	0	4
6	54022232	63250368	4	1	5
6	63250503	128880765	2	1	3
6	128880878	132520586	2	2	4
6	132521512	139095759	2	1	3
6	139100260	149495480	3	1	4
6	149495594	157960736	2	1	3
6	157964138	171051005	3	1	4
7	43259	62079483	3	1	4
7	62079756	68569292	4	3	7
7	68569442	68944836	3	3	6
7	68949957	93637358	3	2	5
7	93637500	96660771	3	0	3
7	96661390	101026043	3	2	5
7	101041758	147299821	3	0	3
7	147307331	159127004	5	0	5
8	31254	37243584	1	0	1
8	37243597	37497305	17	1	18
8	37504481	38768015	7	1	8
8	38772162	40181881	9	1	10
8	40181956	40836593	6	1	7
8	40836998	43010297	7	1	8
8	43010793	55394210	4	1	5
8	55394269	56492081	8	1	9
8	56492754	62992992	4	1	5
8	62995138	70410813	5	1	6
8	70410888	74875358	4	1	5
8	74875565	78789264	3	1	4
8	78789826	82861646	5	1	6
8	82862031	87219072	4	1	5
8	87219072	98177363	3	1	4
8	98177956	100255973	3	0	3
8	100259148	105918346	5	0	5
8	105918800	106059793	11	0	11
8	106062656	141394396	5	0	5
8	141394686	146298155	7	0	7
9	46587	23563624	2	0	2
9	23563772	24609731	2	2	4
9	24610583	25993272	2	0	2
9	25993972	29943610	2	2	4
9	29943725	37370479	2	0	2
9	37372642	47217176	2	1	3
9	65616971	90101120	2	0	2
9	90103937	90276156	1	0	1
9	90276453	141091394	2	0	2
10	72759	35319405	2	1	3
10	35322130	42787842	2	2	4
10	42790028	135506704	2	0	2
11	198572	40695391	2	1	3
11	40695479	46903295	2	2	4
11	46908581	49953567	2	1	3
11	49955922	58859620	2	2	4
11	58859774	66280520	2	1	3
11	66283987	95371352	3	2	5
11	95371368	101790944	2	2	4
11	101797565	108695832	2	1	3
11	108696461	109950359	3	2	5
11	109950572	131406143	2	1	3
11	131406206	131659298	2	0	2
11	131659935	134417759	2	1	3
11	134427962	134944770	1	0	1
12	150442	20437959	2	1	3
12	20444810	22700388	6	2	8
12	22700848	28728265	3	2	5
12	28728520	38947259	2	0	2
12	38950726	52736670	2	2	4
12	52736744	56856486	3	2	5
12	56857057	133778189	3	1	4
13	19026949	82079789	2	0	2
13	82080434	84046070	3	0	3
13	84046109	85251730	0	0	0
13	85252668	115108397	2	0	2
14	19002124	22594446	3	0	3
14	22594477	22978516	2	0	2
14	22978577	107285437	3	0	3
15	20016328	26831471	4	1	5
15	26832482	34723576	3	1	4
15	34727172	41212942	3	0	3
15	41214377	45437315	3	1	4
15	45437403	60151961	3	0	3
15	60152446	99261014	4	1	5
15	99263801	99400790	1	0	1
15	99401357	102469040	4	1	5
16	60777	3675447	2	0	2
16	3677789	10303717	3	0	3
16	10304271	19664194	2	0	2
16	19666532	35283226	3	0	3
16	46463782	52318510	1	1	2
16	52320940	59294646	2	1	3
16	59298158	90287535	2	0	2
17	526	22227841	2	0	2
17	22235650	27406530	4	2	6
17	27409375	57897859	2	1	3
17	57913535	66843685	5	2	7
17	66843968	81049726	4	2	6
18	48133	23422579	2	2	4
18	23422661	78015057	2	1	3
19	90910	28321431	2	0	2
19	28321670	30948242	3	0	3
19	30948690	37145082	2	1	3
19	37145636	59097854	2	0	2
20	61305	32506444	2	1	3
20	32506595	62956153	2	2	4
21	10736871	17389741	2	1	3
21	17389883	48096957	1	1	2
22	16052528	19839016	1	0	1
22	19839438	32619215	2	0	2
22	32619710	49046717	3	0	3
22	49048898	51234455	2	0	2
