chromosome_index position alt_count ref_count
1 11900341 3 26
1 22030038 16 100
1 22030039 16 103
1 22923849 28 56
1 23743853 8 35
1 27180281 90 155
1 27216410 7 20
1 27272664 29 49
1 36932024 7 26
1 39785347 16 39
1 41213267 8 23
1 43787122 15 27
1 52275959 7 14
1 52499068 9 66
1 53715194 5 20
1 65129453 20 135
1 67306171 11 62
1 68611687 7 53
1 71537830 11 49
1 91844699 10 39
1 94526108 17 51
1 107867120 17 80
1 117624462 9 45
1 152085432 30 91
1 152284691 92 512
1 158299876 66 203
1 158619688 5 32
1 158670439 18 63
1 159683224 6 19
1 163310197 26 85
1 168510157 4 34
1 175067617 17 92
1 175067674 22 74
1 176563798 24 78
1 176640115 40 155
1 176740186 20 69
1 186274030 21 40
1 201054080 5 53
1 203802971 8 139
1 207753945 66 172
1 216019291 15 55
1 216373289 39 127
1 224514102 22 53
1 228509226 3 13
1 234743085 32 130
1 241767839 11 77
1 246797885 45 73
1 248201531 24 56
1 248344073 56 254
1 248616426 51 286
1 248651964 19 184
2 7030413 23 85
2 9571001 23 49
2 17697480 26 90
2 28631702 7 15
2 37088314 26 51
2 39944151 29 146
2 39944152 32 146
2 39964187 13 96
2 40656189 22 80
2 44547539 32 92
2 47703628 30 65
2 48958432 8 57
2 51254796 8 3
2 60688714 8 54
2 60689420 14 46
2 65299528 8 64
2 73479815 21 67
2 77745960 4 17
2 103121898 22 42
2 116447425 12 38
2 128383090 9 28
2 133542717 18 103
2 149240745 10 123
2 166894599 31 47
2 172398249 42 98
2 172749758 18 45
2 173349966 47 67
2 179300978 49 197
2 179397655 17 108
2 179583535 12 57
2 179590144 8 25
2 201284118 4 19
2 206614559 13 31
2 211179842 46 65
2 211179843 46 67
2 211447391 18 110
2 215661801 34 171
2 219480430 9 33
2 233245150 7 77
2 241631420 13 23
2 241631592 22 33
2 242380815 16 53
3 10132062 5 23
3 15131993 14 79
3 21478689 31 61
3 48209371 7 42
3 53854579 35 105
3 62464059 5 50
3 97634556 9 70
3 102187859 17 58
3 108117996 14 71
3 108124288 3 29
3 120489647 39 159
3 121248602 18 68
3 129236352 29 45
3 129281962 12 29
3 151474930 22 286
3 158531791 9 40
3 164786581 12 92
3 186839104 10 57
4 3184081 9 68
4 16193058 4 7
4 16504602 3 25
4 20620585 9 55
4 24801466 7 15
4 39109275 9 115
4 53492214 13 27
4 70080557 6 57
4 77227934 19 15
4 81967524 19 20
4 103517307 18 52
4 104029995 21 46
4 123107277 18 38
4 144107144 34 47
4 144109082 19 39
4 146813557 18 32
4 149356922 10 54
4 159136419 24 43
4 187541954 13 52
5 1245978 12 23
5 11385007 4 9
5 37180961 13 34
5 40958222 13 40
5 43547901 22 88
5 45396782 20 64
5 63256958 24 179
5 121786644 5 50
5 126738260 16 56
5 132085054 7 46
5 137517298 26 59
5 140166503 24 58
5 140222793 31 105
5 150028560 9 95
5 153709175 5 54
5 161578742 11 74
5 161580205 19 89
5 176863129 6 32
6 24486312 36 167
6 25776915 73 68
6 25776916 74 69
6 26093018 66 52
6 26217388 8 82
6 29323341 49 43
6 29643190 27 186
6 30308286 52 55
6 40400842 21 17
6 41129046 4 33
6 44274899 10 8
6 84310988 11 21
6 88240532 14 81
6 97063574 5 52
6 101847197 28 80
6 102516358 16 32
6 109814636 29 187
6 112450151 16 53
6 126075617 5 47
6 127898326 21 59
6 142539888 11 17
6 150111133 20 103
6 170034538 5 16
7 5662510 30 186
7 6737391 65 127
7 6737392 65 127
7 20766690 34 38
7 62752557 14 70
7 66304569 12 27
7 66304570 12 27
7 92083984 47 86
7 100243923 15 32
7 100391819 24 102
7 100684526 187 686
7 142364555 11 18
7 149559182 92 67
7 157364132 35 47
8 2033400 7 33
8 7305555 11 26
8 13959956 6 22
8 13959957 6 23
8 14095142 51 210
8 22058843 6 28
8 48730024 3 24
8 61765933 21 32
8 67578433 8 91
8 70744489 8 66
8 75274172 19 46
8 77768361 37 101
8 89053682 8 101
8 101153657 47 21
8 103339998 70 65
8 113331135 23 70
8 133634908 124 105
9 113265498 7 44
9 139412282 20 35
10 13222584 40 148
10 17110756 10 59
10 73765520 10 25
10 74767844 8 4
10 75230716 5 24
10 91192764 3 31
10 108367049 13 28
10 118204014 42 70
11 1214884 3 17
11 4123249 14 54
11 12379902 59 155
11 14536012 5 24
11 20805281 12 56
11 26718751 19 101
11 27389869 27 138
11 27742980 25 64
11 32979468 6 33
11 48285604 5 59
11 55579824 5 54
11 55653044 18 55
11 56230203 10 17
11 57093848 8 60
11 60638562 27 84
11 67925018 9 4
11 71276986 78 167
11 72945733 6 37
11 75115773 21 81
11 76256990 20 84
11 95564352 22 63
11 110333128 4 37
11 111385684 7 53
11 119025619 32 186
11 124252801 4 30
11 126162538 11 18
12 2975678 18 37
12 14706303 13 79
12 19514594 3 33
12 21624500 18 169
12 29604409 9 27
12 41337796 15 42
12 54333153 8 12
12 54333154 8 13
12 69218366 32 73
12 95603577 13 144
12 100377982 16 36
12 106634022 19 81
12 120156091 20 38
12 120208652 50 64
12 122281703 5 60
12 124233282 52 86
13 23915239 28 54
13 36348799 8 5
13 43358238 20 44
13 43358239 21 44
13 64321082 11 22
14 19573142 19 127
14 20249147 75 248
14 20404219 11 166
14 105419091 108 216
15 20649574 50 264
15 20649575 50 259
15 23889169 7 33
15 24922134 17 34
15 25438545 43 396
15 28326922 9 35
15 28412956 33 38
15 28422230 16 44
15 40861783 7 4
15 41388441 11 24
15 42503660 3 5
15 43483789 6 58
15 49293208 36 32
15 55967725 27 35
15 64673550 32 167
15 65739167 13 99
15 67885300 33 29
15 84700088 37 240
15 91524843 21 108
15 100514550 4 25
16 1822357 36 41
16 2293082 5 15
16 30779967 23 40
16 46715296 18 74
16 49433204 13 45
16 49525060 4 35
16 50059601 7 30
16 55362726 12 44
16 57756727 16 48
16 66844652 47 93
16 81198298 25 33
16 89922095 5 23
17 7579312 28 39
17 10436736 30 66
17 27944540 12 20
17 28886662 27 136
17 34641644 3 20
17 37369269 18 65
17 39305588 10 12
17 40004200 28 65
17 41020109 6 29
17 41108286 15 72
17 41170193 11 78
17 56565354 6 7
17 57958311 35 323
17 61278170 27 360
17 72249276 46 187
17 74020167 3 35
17 74468789 12 47
18 5292182 5 25
18 14478348 11 19
18 21452988 16 65
18 33263452 7 21
18 63529901 20 58
19 1390975 4 28
19 3765209 8 15
19 4423818 11 62
19 4911002 16 43
19 9801308 35 66
19 11145655 5 9
19 11145656 5 9
19 17305638 8 33
19 18278016 16 36
19 31769416 10 125
19 33353473 9 28
19 36278403 3 25
19 52403484 6 13
20 6021601 7 9
20 16030516 6 36
20 18123431 7 69
20 24995868 13 41
20 33337975 16 65
20 42602036 10 37
20 60754324 15 28
20 61513141 15 128
21 22881296 11 67
21 38095364 16 73
21 43319229 12 42
21 44949704 17 59
21 46047273 8 110
21 47556364 5 21
22 22041185 19 77
22 23248712 10 78
22 23653914 6 15
22 26860261 29 85
22 34046371 40 93
22 35743150 25 36
22 37098437 22 109
22 50720417 10 23
