chromosome_index	start_position	end_position	major_cn	minor_cn	total_cn
1	61735	121482979	3	0	3
1	144007049	220989330	3	1	4
1	220992933	221156219	1	0	1
1	221156329	249224388	3	1	4
2	12784	10876627	2	2	4
2	10878767	11915221	2	1	3
2	11917905	243089456	2	2	4
3	60345	1453277	0	0	0
3	1454063	9367619	2	0	2
3	9368125	9499448	1	1	2
3	9502812	60408404	2	2	4
3	60409159	60581183	2	0	2
3	60581433	186653218	2	2	4
3	186656113	197896118	2	0	2
4	12281	191027923	3	0	3
5	15532	46389273	7	2	9
5	49432831	112140022	2	0	2
5	112140962	112192856	0	0	0
5	112194693	180790320	2	0	2
6	149661	1874997	3	3	6
6	1875199	2359712	3	0	3
6	2360473	44008325	3	2	5
6	44009442	44317229	7	2	9
6	44324199	171051005	3	2	5
7	43259	141398707	3	0	3
7	141407424	143103217	2	0	2
7	143103380	159127004	3	0	3
8	31254	96900028	3	1	4
8	96900502	146298155	3	3	6
9	46587	47217176	2	2	4
9	65616971	78952224	3	1	4
9	78952424	79150698	5	1	6
9	79150866	141091394	3	1	4
10	72759	12820260	2	0	2
10	12824865	135126133	2	2	4
10	135153296	135506704	3	2	5
11	198572	28639011	4	1	5
11	28641062	41814554	4	0	4
11	41814577	86230941	4	1	5
11	86232668	86379268	1	0	1
11	86380336	99467726	4	1	5
11	99467966	102871111	3	1	4
11	102871232	113188708	4	1	5
11	113189652	132208801	3	1	4
11	132209083	134944770	4	1	5
12	150442	13788475	2	1	3
12	13788498	23060363	1	0	1
12	23068666	24280901	11	1	12
12	24283932	25676933	14	0	14
12	25677040	37969194	5	1	6
12	37969625	133778189	3	1	4
13	19026949	25515343	4	0	4
13	25516291	27954440	2	0	2
13	27956330	36117720	2	2	4
13	36118625	36471933	2	0	2
13	36473366	37984677	5	2	7
13	37985231	42543547	6	2	8
13	42544745	42690586	6	0	6
13	42695037	47332384	6	2	8
13	47333739	64849539	6	0	6
13	64852516	71195816	6	2	8
13	71196461	115108397	6	0	6
14	19002124	106079024	2	0	2
14	106079647	107285437	1	0	1
15	20016328	102469040	3	1	4
16	60777	90287535	2	1	3
17	526	22029763	3	0	3
17	22030023	81049726	3	1	4
18	48133	18797964	2	0	2
18	18798942	78015057	3	2	5
19	90910	30146882	3	0	3
19	30148222	30486747	6	0	6
19	30493073	50767440	3	0	3
19	50767993	59097854	3	3	6
20	61305	14945839	5	1	6
20	14948625	15143806	2	1	3
20	15144268	52182420	5	1	6
20	52186784	52622298	8	1	9
20	52622883	62956153	5	1	6
21	10736871	48096957	2	1	3
22	16052528	51234455	2	1	3
