chromosome_index position alt_count ref_count
1 6191716 3 29
1 11308098 75 206
1 21042129 3 10
1 21133927 64 212
1 22850799 25 39
1 27057727 286 394
1 32646903 4 23
1 34128619 41 73
1 38265666 17 116
1 86591140 44 195
1 97915633 89 149
1 101190363 33 167
1 110155419 6 130
1 113252715 31 41
1 114308684 23 121
1 114640439 50 101
1 114945458 92 199
1 150485243 102 253
1 152282489 24 153
1 152382568 22 537
1 157669503 9 54
1 159901641 49 65
1 186092304 19 110
1 197091576 16 105
1 197889121 41 60
1 202985113 11 258
1 203134594 14 41
1 205740628 112 579
1 220355697 65 375
1 228285405 15 23
1 232619570 111 114
1 233514819 71 129
1 242159597 43 66
1 246810609 27 174
2 10045015 53 113
2 24261271 105 149
2 28802500 62 89
2 29449904 42 183
2 44021940 13 20
2 46574123 35 97
2 46611751 6 56
2 46985767 7 137
2 72742248 5 41
2 74320716 14 23
2 88425735 154 669
2 90259797 113 167
2 95542422 7 13
2 128253651 25 516
2 136396589 131 151
2 158617533 36 121
2 162865770 94 204
2 179418438 17 114
2 179489308 6 164
2 179596486 46 167
2 188223835 37 238
2 197531527 10 100
2 220405041 11 45
2 225717807 60 104
2 234774721 7 32
3 4725354 210 368
3 10050177 20 31
3 10420081 8 18
3 14174081 6 15
3 41266101 41 67
3 49095298 6 140
3 49764946 20 41
3 53215569 12 86
3 58108869 55 81
3 67548645 49 73
3 116163904 6 35
3 119217485 37 72
3 129284184 11 17
3 142224146 136 207
3 171455752 26 124
3 184041616 69 84
4 2659552 83 376
4 8037979 8 46
4 9784905 46 53
4 13571696 7 49
4 17625520 11 29
4 20525450 171 299
4 118006198 8 132
4 129127690 11 109
4 151023705 36 233
4 153893580 10 78
4 186336330 89 111
5 3599574 14 14
5 14336775 7 64
5 35025869 25 42
5 41917324 93 146
5 54527286 11 8
5 122152722 10 44
5 122343490 13 292
5 123984315 70 152
5 134705110 13 346
5 138643063 51 105
5 140236275 5 67
5 140255672 27 46
5 140744632 35 78
5 140764619 20 35
5 145641185 34 263
6 2890552 56 256
6 3298418 29 101
6 12121524 16 114
6 26017688 9 89
6 26393370 25 177
6 28358651 5 65
6 30644948 7 27
6 31785409 10 19
6 52843177 14 187
6 62757794 140 207
6 99817403 17 122
6 109765391 11 13
6 122774973 8 232
6 152546854 60 285
6 161771025 3 6
6 161781215 47 110
7 2309275 7 58
7 27135011 39 50
7 44179974 7 47
7 51111282 29 42
7 66474576 20 130
7 73535262 5 118
7 78130928 15 144
7 99786632 9 210
7 101839955 35 43
7 102856922 55 248
7 123302923 17 101
7 134632347 4 10
7 135322802 26 159
7 147926830 66 355
7 150656686 16 18
7 156556476 71 140
8 17885385 3 5
8 37729272 12 161
8 61750309 50 83
8 68178397 56 84
8 74858948 18 20
8 113314056 48 91
8 145624189 5 23
9 84205949 78 121
9 104189860 41 77
9 107361347 35 329
9 107549168 11 254
9 113431247 118 469
9 131374064 8 32
9 132662338 101 154
9 134363387 28 35
10 27301963 18 127
10 27382727 11 86
10 48428827 6 46
10 69954239 63 101
10 71880940 14 29
10 76788703 117 175
10 86273357 69 95
10 104019816 45 186
10 105331311 9 17
10 111883976 164 251
10 114205046 29 51
10 124402857 20 35
10 135350744 13 27
11 212920 5 29
11 2427891 8 25
11 5626691 128 206
11 6623126 36 45
11 8737214 29 26
11 9803182 10 166
11 22396361 13 275
11 47297579 4 84
11 62417429 35 45
11 65822546 5 106
11 67353638 4 32
11 73988031 4 92
11 78413262 40 43
11 113078005 27 129
11 128675260 6 15
12 12975622 50 261
12 14650856 8 152
12 45417499 51 434
12 45567091 80 134
12 56215484 10 9
12 56999093 46 54
12 72070565 68 105
12 75444552 78 118
12 77417521 7 6
12 78593312 7 122
12 101871356 36 198
12 109523683 14 64
12 109605821 6 88
13 36396898 83 128
13 41705856 8 171
13 42486237 11 298
13 76417032 9 260
13 113153228 16 57
13 113818847 4 32
14 21502269 18 673
14 22945583 15 19
14 24033004 79 107
14 24534241 19 37
14 52734971 10 58
14 74874573 20 29
14 100375726 30 123
14 107078377 88 319
15 25327984 163 252
15 31197599 10 64
15 31795941 46 71
15 35529596 246 260
15 41107785 6 16
15 42053974 10 52
15 45560513 82 117
15 50931722 50 179
15 65113621 45 65
15 99454554 31 67
15 99512805 69 102
16 27481651 107 187
16 28188616 53 94
16 28854319 39 179
16 31271389 3 9
16 31383721 13 92
16 58580397 6 143
16 69363046 10 19
16 69373951 14 57
16 74726248 23 116
17 2236962 16 97
17 3845948 27 43
17 4700732 144 209
17 4837450 162 239
17 7124096 16 35
17 7399902 11 241
17 10258059 7 195
17 10351991 8 245
17 17106194 6 107
17 18210229 26 59
17 18391034 11 39
17 28770944 20 494
17 33904176 67 145
17 34236404 6 174
17 35605050 36 82
17 37646925 44 115
17 37879613 28 41
17 39674616 6 89
17 42113430 12 24
17 56811555 36 72
17 62018349 21 23
17 74557191 5 40
17 79202839 7 15
17 79848604 7 36
18 13645847 4 5
18 29340238 8 275
18 43316498 86 118
18 52258443 39 213
18 59166445 16 22
18 60609129 7 103
19 8045966 20 33
19 9325166 107 178
19 11022924 34 48
19 12060496 88 172
19 12060497 88 172
19 12060498 71 167
19 15079134 10 37
19 16284251 9 270
19 16594792 32 39
19 16594831 21 45
19 23544784 189 335
19 41289892 25 23
19 41448086 164 230
19 41808666 21 101
19 42791228 6 66
19 42813906 9 55
19 43439769 33 1006
19 49519392 24 26
19 49685895 5 109
19 57641940 60 89
20 25190545 14 392
20 36374973 34 197
20 37191217 160 231
20 44986353 6 100
20 60968553 5 6
21 47831368 4 37
21 47931523 5 52
22 18766923 6 18
22 21329052 3 23
22 24898107 214 353
22 31737477 17 50
22 37480305 8 25
22 41924017 7 109
