chromosome_index position alt_count ref_count
1 15707915 50 50
1 26288343 5 4
1 33999415 41 33
1 47276518 30 22
1 75039089 3 44
1 157504613 115 90
1 166818813 51 54
1 204116030 100 104
1 237532889 11 110
1 247007207 149 491
2 65248223 10 164
2 99439665 4 90
2 141457818 34 33
2 182543445 29 34
2 232880381 29 34
3 49394686 11 31
3 78706267 24 33
4 52861214 20 22
4 73148783 11 19
4 79851430 37 67
4 83800020 119 199
4 84502954 40 73
4 119161760 44 69
4 147431063 47 72
5 887508 15 51
5 2752466 42 95
5 49695712 117 265
5 121355923 53 118
5 135692906 22 49
5 140532812 41 96
6 7585481 60 169
6 26250518 7 129
6 26413353 34 91
6 29394996 32 81
6 29571290 34 99
6 32008708 31 161
6 55264182 82 214
6 108365924 24 62
6 165693392 6 4
7 23338995 7 88
7 88965702 28 77
7 107875102 22 65
8 6566226 6 14
8 32600258 20 26
8 68658409 36 105
8 68965476 55 169
8 105360974 16 104
8 124659239 67 84
9 74327050 33 64
9 84202721 26 30
9 94495533 22 83
9 95797700 33 39
9 104238338 32 77
9 117026681 3 23
9 127074820 9 28
9 141016411 9 9
10 35320492 29 70
10 72195410 36 91
10 79556329 63 87
10 112404251 344 696
11 4842843 38 81
11 18467772 32 54
11 31284491 8 24
11 35456179 41 70
11 59131963 26 90
11 102742631 29 84
12 2787051 20 32
12 5021467 13 61
12 10279240 27 69
12 16109926 41 78
12 50386074 28 63
12 57605033 23 49
12 130184653 27 57
13 39587824 32 55
13 39952662 26 28
13 108881971 33 83
14 25102229 29 46
14 78227340 21 49
15 22940832 50 125
15 48736756 11 72
15 79590285 3 55
15 85438806 19 26
15 89826381 25 39
16 61935213 72 49
17 11881727 24 70
17 27903137 23 37
17 48703836 26 108
17 59482827 10 71
18 55315840 4 82
19 1796789 57 105
19 6464625 5 10
19 19757110 33 75
19 45570624 31 37
19 51021449 10 21
20 30450384 11 30
20 50139906 36 71
20 56846549 79 135
20 60910135 16 145
21 41550882 31 72
22 19126717 17 46
