chromosome_index position alt_count ref_count
1 2938752 13 34
1 2939042 24 77
1 6206355 34 63
1 6634815 14 24
1 9932125 3 30
1 10713722 4 43
1 10725516 3 21
1 11316133 3 30
1 11346221 8 19
1 11346222 8 19
1 11731999 4 20
1 15771144 4 35
1 17588638 8 24
1 17674492 4 38
1 18021672 25 45
1 19644127 11 17
1 19992698 3 31
1 22191389 4 17
1 22336293 15 35
1 24077804 21 36
1 28800500 28 54
1 28835344 10 39
1 28857073 4 31
1 34285384 15 24
1 35370342 15 19
1 36292380 8 17
1 36859702 5 35
1 38032389 10 31
1 38032390 12 30
1 40092660 16 43
1 40092670 17 45
1 41303398 3 29
1 41456885 4 35
1 42898933 76 121
1 43779520 16 36
1 43784918 13 38
1 44685834 4 27
1 49100233 5 8
1 49202121 16 49
1 51753874 7 48
1 54666059 4 35
1 55472798 19 51
1 55545290 32 71
1 57221585 12 35
1 57257927 32 68
1 62676159 12 28
1 74507600 8 24
1 74671320 24 61
1 74701140 40 68
1 75038901 19 49
1 75184945 5 35
1 77510200 44 96
1 85135375 20 64
1 85405263 15 28
1 94506778 14 31
1 95367809 3 27
1 103453251 22 63
1 112042914 12 38
1 112042915 13 38
1 115256529 41 88
1 117087206 3 30
1 117564376 3 33
1 117695783 40 69
1 118454645 4 36
1 120437244 199 413
1 144816614 84 216
1 149902774 15 33
1 151134321 34 87
1 151282713 3 30
1 151787564 10 26
1 152552164 43 92
1 152733215 9 37
1 152944543 21 44
1 153587329 3 28
1 153923785 3 32
1 154315614 4 33
1 155223709 4 32
1 156169888 3 35
1 156348077 35 70
1 156707892 5 50
1 157504475 5 37
1 157805633 82 64
1 158612330 8 58
1 161017585 29 54
1 161495349 4 35
1 161594380 20 38
1 163307873 4 31
1 166818940 25 31
1 166958537 5 9
1 167042741 10 24
1 171761261 33 97
1 175332856 46 65
1 176833416 44 151
1 179631298 18 37
1 180235663 7 19
1 182353637 3 23
1 182797903 6 55
1 186644398 24 51
1 196871680 42 80
1 197298036 11 30
1 200869306 44 32
1 201252992 12 59
1 201618258 4 30
1 201752716 47 233
1 202245493 14 42
1 203055068 3 30
1 205272618 25 30
1 205494309 3 22
1 212558751 4 27
1 212799772 20 39
1 216138689 35 62
1 223568461 21 53
1 226413252 45 84
1 226827257 13 66
1 228005126 36 29
1 228238380 11 55
1 230400986 29 59
1 233511808 13 30
1 240071792 6 12
1 240256867 4 7
1 244583515 22 33
1 247588059 3 35
1 247835968 6 25
1 248004498 16 31
1 248436957 15 70
1 248512862 37 81
2 3502824 3 32
2 9595848 17 48
2 15493708 34 91
2 26534617 5 9
2 26534871 18 68
2 28055587 29 72
2 29404575 5 49
2 40657338 22 35
2 48050434 13 24
2 48725640 4 18
2 48897015 16 34
2 54081898 32 85
2 71791275 21 60
2 74177814 69 159
2 74592676 4 38
2 85051299 11 22
2 88327609 33 74
2 95480910 59 114
2 98275872 63 120
2 98354024 4 35
2 99725409 12 34
2 100199407 17 41
2 105915153 7 16
2 107423239 26 48
2 111542337 24 37
2 112785928 18 30
2 119732103 15 36
2 120194547 24 60
2 121747129 5 9
2 128380825 4 32
2 128699479 4 9
2 131099616 16 65
2 136566320 36 79
2 137814764 10 20
2 138033582 11 28
2 141458040 22 43
2 141473590 17 47
2 152497000 98 187
2 158142569 13 14
2 158300433 32 56
2 158300434 32 54
2 164466737 4 36
2 176856982 5 27
2 179516832 36 46
2 179542444 29 57
2 179569665 28 90
2 179576810 16 36
2 179577529 15 26
2 179592541 22 54
2 179639084 17 71
2 179641514 18 47
2 179649008 18 28
2 182403898 36 49
2 183582833 10 34
2 189859281 22 40
2 209010604 4 33
2 210888875 4 35
2 219754737 27 44
2 219875624 3 32
2 228883992 12 22
2 230675852 10 28
2 230910822 10 22
2 233274326 6 16
2 242195761 13 56
2 242793385 16 27
3 3085301 12 31
3 7340399 19 41
3 7348240 36 56
3 7620766 14 35
3 9934782 14 19
3 11067563 19 49
3 11888045 5 47
3 12785412 9 27
3 18390941 34 86
3 18390942 33 87
3 19947122 42 89
3 24185134 25 78
3 30729980 14 30
3 32148242 3 32
3 32932942 12 21
3 33673818 7 10
3 38043243 13 24
3 38888327 34 78
3 38892129 23 66
3 39226637 37 53
3 42955929 16 21
3 43618707 5 23
3 44441962 18 46
3 48215944 18 44
3 48462306 3 24
3 48614433 28 61
3 49139286 6 9
3 50256311 7 32
3 51697344 4 31
3 52387133 3 32
3 52426493 9 35
3 52476616 4 28
3 56026138 81 121
3 65350400 18 35
3 81586211 6 10
3 97744496 8 24
3 98506933 6 21
3 98506934 6 21
3 105271424 20 51
3 107096770 10 21
3 108288289 3 33
3 109019260 38 67
3 112357285 34 80
3 112357286 33 80
3 118865837 17 73
3 119445100 3 28
3 121340479 18 72
3 122056407 28 75
3 123367818 24 52
3 124456817 32 54
3 124802814 7 16
3 130311917 83 270
3 130368262 7 12
3 131261456 14 68
3 132440868 46 17
3 132441149 3 30
3 133661584 17 70
3 138402620 150 394
3 143371183 5 8
3 150804790 3 18
3 154138913 47 54
3 154878182 83 241
3 154886390 20 59
3 160783293 30 41
3 160952972 32 44
3 169644379 26 27
3 179316479 36 95
3 180377491 13 87
3 183977977 3 35
3 184025789 4 41
3 186943152 50 61
3 189456456 30 69
3 193029609 4 37
3 193175233 31 102
3 194062946 20 33
3 197238877 53 82
3 197427665 12 50
4 680083 4 29
4 8098853 3 8
4 8239341 3 32
4 8372657 5 47
4 26483390 17 73
4 26483391 20 74
4 26483532 12 29
4 38016200 43 72
4 41621205 98 201
4 41686475 9 31
4 42403086 61 95
4 44638057 13 39
4 48545929 17 28
4 49005952 9 18
4 68472054 11 24
4 69416607 4 41
4 70080530 11 23
4 70146570 35 73
4 74453578 11 47
4 75858509 3 24
4 78792967 22 58
4 84376745 40 111
4 85530642 27 79
4 88533324 11 16
4 114823417 14 40
4 115767017 36 56
4 120243201 46 80
4 122589631 24 40
4 138442417 17 20
4 138452990 36 102
4 144135788 4 31
4 145636561 21 48
4 156135297 15 45
4 167713375 12 34
4 169227533 9 16
4 169227534 9 14
4 175898526 34 51
4 178881990 23 63
4 183713602 12 29
5 1214133 22 69
5 11098745 17 37
5 11117663 27 51
5 13811764 16 36
5 13850770 12 31
5 33467731 4 30
5 33614406 5 27
5 35070327 10 32
5 35954479 4 31
5 37063968 3 30
5 38482161 34 92
5 38493856 5 47
5 41000823 9 12
5 43280373 11 19
5 43446643 3 34
5 68513625 3 17
5 73931133 21 46
5 77412018 20 44
5 79029836 11 41
5 79089359 23 44
5 86703870 19 62
5 93855919 8 10
5 101834582 35 47
5 109110597 4 27
5 110462456 21 38
5 110819752 20 43
5 112257926 3 8
5 112917322 8 15
5 114499263 26 59
5 128983524 42 94
5 131728257 24 33
5 131728258 23 32
5 132159881 5 42
5 134347254 8 26
5 135287101 3 19
5 140011637 3 33
5 140242367 7 9
5 140475055 8 18
5 140503944 20 25
5 140710915 24 24
5 140768843 31 67
5 140855819 7 87
5 141019004 3 29
5 147488359 22 58
5 148748036 5 35
5 149265833 3 35
5 149914541 10 23
5 150276484 20 39
5 150436501 10 17
5 153054204 17 35
5 154394524 35 56
5 154395342 31 64
5 156676015 76 187
5 156899636 30 76
5 167182018 24 54
5 167625888 25 59
5 167675128 51 118
5 169533456 5 12
5 175111210 14 45
5 175111211 14 44
5 178417600 8 21
6 7584254 15 33
6 16327710 3 30
6 24448199 9 26
6 24596214 9 13
6 26509342 36 97
6 29080239 12 30
6 29080300 13 35
6 30680080 4 44
6 31541101 4 42
6 32052376 126 306
6 33145207 6 38
6 33237526 3 27
6 33408710 6 20
6 33756862 3 30
6 34499498 41 92
6 36168457 20 63
6 36339258 6 18
6 38998201 4 31
6 42797717 9 33
6 43153772 15 36
6 43536447 17 63
6 43536448 17 61
6 44344094 6 10
6 44344107 3 19
6 50011425 18 45
6 51918863 10 30
6 54806491 26 46
6 55147032 7 18
6 56473809 78 171
6 62611168 17 45
6 70778337 3 32
6 73787095 22 45
6 76022919 24 47
6 88853983 26 65
6 97610003 17 27
6 100368967 24 47
6 111688351 30 31
6 130762860 16 36
6 132014660 25 49
6 132021705 16 43
6 133072331 33 64
6 137325798 41 76
6 144747534 3 33
6 153073340 14 36
6 160679618 13 46
6 167585765 3 33
6 168281154 68 130
6 168299132 3 31
6 169637409 6 27
7 1516427 3 34
7 2302931 3 21
7 2565089 10 22
7 2578129 3 32
7 31904603 28 39
7 38725159 45 75
7 38725305 45 95
7 44156478 4 34
7 55248919 4 38
7 56155298 4 32
7 65553815 10 25
7 73471739 7 12
7 73969765 4 26
7 75174449 46 64
7 82579822 13 6
7 87913151 32 25
7 92761312 20 25
7 98257757 5 8
7 99091874 34 36
7 99091875 32 38
7 100087094 3 34
7 100184195 8 6
7 101870752 18 17
7 126173891 27 41
7 138413516 78 156
7 138602145 3 32
7 140301463 58 98
7 141752737 5 40
7 142021150 6 16
7 142099569 20 42
7 142124398 5 53
7 142180738 25 273
7 142630471 33 49
7 143417118 12 61
7 143417119 12 61
7 143573471 12 16
7 143657942 15 32
7 143747527 31 80
7 147926752 12 11
7 148112693 19 32
7 148963740 24 68
7 148963741 24 69
7 150174830 21 30
7 154672628 12 34
7 157926624 33 65
8 11606556 12 33
8 15998534 36 66
8 17793140 3 29
8 17796417 21 39
8 21905715 4 18
8 22175740 50 120
8 23155588 4 35
8 24304772 16 24
8 25341639 34 56
8 27151620 14 48
8 27151621 15 49
8 28574593 25 30
8 28638403 3 30
8 37986355 75 188
8 39442827 16 30
8 39626920 23 33
8 41791111 4 33
8 41792152 40 84
8 52320808 37 76
8 63659497 11 34
8 65527590 20 33
8 69046410 25 56
8 87242404 30 45
8 87242405 32 44
8 88249250 35 64
8 95262456 4 10
8 101075873 15 31
8 105361478 31 65
8 110394709 30 80
8 120620184 4 20
8 124664923 10 34
8 124822612 22 76
8 125464528 3 25
8 125520732 19 22
8 126071759 5 36
8 139263132 34 69
8 143570778 16 45
8 144942406 32 51
8 144992922 7 18
8 145584131 30 67
8 146112289 39 72
9 2170456 3 27
9 5823999 3 33
9 8492971 34 30
9 18753299 4 5
9 21481054 3 33
9 34976606 3 34
9 36083446 19 29
9 43626910 11 31
9 77339520 18 30
9 77377626 56 91
9 79259754 14 12
9 79318902 77 73
9 103054750 3 12
9 104499663 3 21
9 107298425 3 34
9 109690165 30 23
9 112030709 8 4
9 113170678 14 13
9 115422360 3 28
9 119158841 27 45
9 119158869 18 33
9 124530806 26 21
9 125316390 18 19
9 127119194 3 24
9 127923119 17 13
9 128086088 7 11
9 137653788 5 40
9 139391803 3 24
9 141006951 3 20
10 5042756 19 34
10 5435826 3 31
10 16562523 3 35
10 22016837 3 27
10 25886961 15 39
10 27052863 25 69
10 27687508 5 28
10 31138998 24 65
10 37451769 25 54
10 48382189 15 38
10 49381042 59 43
10 49420096 8 25
10 49457125 10 20
10 50530672 6 9
10 50598203 5 21
10 51769291 19 104
10 61831321 52 79
10 61835570 20 43
10 61926631 22 49
10 63445796 3 32
10 70097677 34 69
10 72509717 16 39
10 75552441 5 36
10 75552442 5 36
10 75566192 3 34
10 75566457 4 34
10 81037040 4 25
10 95791248 20 52
10 96495020 21 42
10 96824703 21 60
10 99667904 3 26
10 100185627 27 69
10 101937916 3 8
10 102051114 23 51
10 103907120 22 29
10 104157399 40 130
10 104831540 29 101
10 105005966 30 58
10 118423641 3 31
10 120936558 3 30
10 123987414 24 71
10 124712447 20 37
10 126172720 5 18
10 127677178 58 116
10 135351392 15 21
11 479146 64 113
11 591394 4 10
11 1011308 4 29
11 1248349 3 28
11 1466605 3 33
11 2154311 4 42
11 2337829 13 36
11 4621695 6 56
11 4825355 17 29
11 6292024 17 26
11 6413249 4 43
11 7021941 28 51
11 7022704 58 151
11 7063624 29 49
11 16872745 23 37
11 17419306 63 131
11 18159770 4 33
11 18956400 25 42
11 22833377 32 75
11 30032433 3 33
11 30928159 5 15
11 34189470 3 26
11 34192615 4 35
11 43904156 8 16
11 45948360 4 40
11 46405032 12 54
11 46406905 10 18
11 47199999 3 33
11 48510946 23 63
11 49597782 5 12
11 55579742 21 41
11 55587134 23 22
11 55655529 11 19
11 55890328 36 68
11 55926886 11 20
11 56043123 67 160
11 56128428 21 51
11 57004463 18 33
11 57099698 26 62
11 57175278 5 53
11 60233400 6 33
11 60233401 7 33
11 60704034 8 20
11 62284873 4 32
11 63410868 3 29
11 63978105 34 100
11 64673897 5 36
11 64898200 8 33
11 64898201 8 33
11 65362965 7 30
11 65633491 4 35
11 65770751 7 21
11 66332102 5 6
11 66333518 6 57
11 66458762 35 95
11 67077252 16 40
11 67161031 12 29
11 67265106 23 52
11 71146749 10 37
11 73022741 3 36
11 73064052 13 25
11 77728121 4 29
11 78147748 63 144
11 78380835 3 31
11 92525957 134 349
11 95826148 3 29
11 95826387 3 31
11 111167044 3 33
11 113568058 3 34
11 117712558 5 48
11 119031024 5 42
11 120008370 64 59
11 121037453 22 25
11 123513367 9 15
11 124413490 3 35
12 306045 15 25
12 1943665 17 33
12 2742834 32 86
12 4920426 22 71
12 9716769 4 9
12 10587979 62 282
12 10774548 40 88
12 11421581 39 107
12 13720055 24 54
12 13720066 20 57
12 14610217 5 20
12 14778782 30 61
12 15090942 36 73
12 20852513 4 21
12 21054378 34 61
12 21172237 10 31
12 21448671 9 23
12 26868318 21 73
12 48880502 8 17
12 50189157 21 53
12 51492581 12 38
12 52377839 4 34
12 52779212 15 17
12 53186118 3 34
12 53865440 3 25
12 58335605 8 16
12 59272618 24 58
12 59284549 14 32
12 81205420 23 54
12 85450857 69 143
12 94243947 20 49
12 94243948 20 50
12 97078897 18 29
12 100043256 4 8
12 101493382 22 43
12 103352443 4 24
12 104056647 31 41
12 104063386 21 75
12 109042615 21 51
12 122687914 49 57
12 123471872 4 42
12 125465048 19 26
12 130015650 26 44
12 130883604 35 53
12 130919293 50 81
13 28919657 7 19
13 29286936 29 49
13 29600696 14 17
13 29608212 3 35
13 32914811 15 40
13 35731359 27 33
13 37014267 54 109
13 41495637 16 38
13 51826096 4 36
13 67801120 6 59
13 77672117 25 32
13 93518546 14 30
13 98641418 4 30
13 100925546 4 19
14 20389385 49 81
14 20443908 42 79
14 20837013 3 17
14 21052207 12 15
14 22205159 4 8
14 22409662 13 26
14 22636742 20 26
14 22783182 19 11
14 24036474 5 27
14 24523608 26 48
14 24545385 12 18
14 24729713 12 43
14 24774194 16 29
14 24868465 3 27
14 38678944 41 105
14 45473331 3 33
14 52508839 40 70
14 63416994 23 52
14 64906966 6 40
14 65234495 19 40
14 65239389 23 56
14 68280726 4 35
14 69520848 4 34
14 69521269 56 101
14 76107632 4 30
14 90650916 23 71
14 91738957 41 90
14 91875053 8 32
14 94718218 15 40
14 94780373 24 54
14 94933703 4 39
14 95109925 12 29
14 101493453 21 55
14 102898340 5 44
14 103986258 3 32
14 105412865 89 186
14 106518559 35 59
14 106622063 58 133
15 22368758 72 157
15 22382687 38 180
15 22382691 36 174
15 26828491 22 50
15 34159949 5 34
15 35083353 70 142
15 40661934 23 39
15 41245804 4 38
15 43622475 4 40
15 51260513 7 14
15 54306718 18 17
15 54307957 3 12
15 56394368 3 28
15 58476165 35 99
15 63032875 25 49
15 64792226 4 34
15 65624419 3 31
15 67713675 3 31
15 68122609 3 31
15 74623056 15 32
15 74654418 7 22
15 74659854 3 30
15 75942128 25 70
15 78211452 40 68
15 79339128 43 110
15 81181826 19 46
15 83357946 7 37
15 85402606 7 27
15 89379435 6 14
15 89738519 4 43
15 90281396 73 159
16 677562 26 35
16 855675 3 33
16 3188779 6 23
16 3824666 5 37
16 4774810 12 23
16 10032214 27 84
16 11361865 7 18
16 11769920 4 24
16 12136887 3 26
16 14340567 19 67
16 14676080 65 136
16 15166822 3 28
16 21181806 48 103
16 23391985 3 30
16 24268046 39 58
16 24268165 45 88
16 25232851 30 63
16 25239881 13 22
16 27460428 12 24
16 28944390 4 36
16 30941595 7 15
16 30977600 3 24
16 46766545 11 18
16 51174276 19 31
16 56435650 27 69
16 67860071 4 30
16 68328619 67 127
16 70351453 23 72
16 77918561 10 11
16 78062059 19 48
16 81236314 8 16
16 81735267 64 109
16 82032971 21 39
16 82033147 29 67
16 87454280 11 14
16 89645378 3 36
16 89789747 13 27
17 2651399 5 28
17 3119772 29 75
17 3838513 5 51
17 4461954 4 19
17 4536498 4 31
17 4536500 3 33
17 4995531 12 35
17 8092577 4 27
17 10216666 37 65
17 10415854 10 35
17 12639554 51 109
17 14110519 5 11
17 14110520 5 11
17 16097862 3 15
17 19700872 4 32
17 26370206 18 23
17 26939649 4 23
17 27445449 6 12
17 29162147 6 36
17 29701167 10 22
17 30179091 6 8
17 34072179 40 101
17 35736186 53 114
17 40947341 4 44
17 41898230 3 16
17 45890696 3 24
17 46030478 96 55
17 46030479 99 55
17 46620419 38 28
17 48217470 3 17
17 55062798 42 20
17 60030396 48 21
17 72815909 38 14
17 78681665 3 23
17 80018812 3 26
17 80042995 4 27
17 80616413 54 33
18 3457568 4 20
18 21119887 35 58
18 21124403 4 25
18 28669437 24 34
18 28711671 52 98
18 29617132 49 131
18 31311945 23 56
18 47581679 29 65
18 48190772 9 32
18 60795853 14 50
18 61324516 6 30
18 61654188 34 50
18 67531653 14 43
18 70205589 25 55
19 2876127 73 123
19 3434308 18 31
19 3434309 19 30
19 3961437 3 20
19 4475304 4 26
19 5225763 3 34
19 5684815 18 31
19 9014698 12 30
19 9049043 25 50
19 9049196 44 112
19 9868920 4 38
19 10071165 24 49
19 10218506 3 32
19 10800230 3 35
19 11322789 3 26
19 11596514 48 84
19 12126357 29 53
19 12126736 3 29
19 12975694 12 36
19 14141622 5 46
19 15079140 4 14
19 15759998 18 46
19 16589921 19 36
19 16908556 33 63
19 16962281 23 56
19 16962282 23 56
19 17212803 3 28
19 17534812 14 48
19 19136570 3 30
19 19329941 3 25
19 22785429 14 42
19 23159296 8 12
19 30498465 3 28
19 34180240 44 74
19 35793435 16 31
19 39214875 10 33
19 39847698 7 12
19 40398331 24 90
19 40740978 62 142
19 41518707 55 136
19 42133364 3 13
19 42353257 53 70
19 43373113 59 125
19 43586677 49 99
19 46387351 3 31
19 49464236 12 17
19 49519116 3 19
19 50455651 17 24
19 51022166 8 37
19 51630351 29 74
19 52272638 3 36
19 53014536 20 63
19 53303281 39 125
19 53454451 25 43
19 53572054 28 71
19 53668429 24 26
19 53905318 22 85
19 53913011 7 20
19 54137815 25 50
19 54307311 4 36
19 54483242 4 30
19 54545051 4 26
19 54973221 29 58
19 55145105 7 16
19 55330026 25 81
19 55349240 88 164
19 55495043 13 35
19 55663277 29 42
19 55964732 3 29
19 56701796 58 117
19 57326417 41 83
19 58153069 22 35
19 58371159 24 86
19 58967114 8 37
20 485847 3 32
20 3673398 19 37
20 5548169 35 82
20 9495524 6 25
20 9546830 16 31
20 14307111 23 49
20 15480424 19 34
20 31685474 37 58
20 32378973 8 21
20 43108797 9 15
20 43108798 9 15
20 47705915 10 27
20 51870954 23 68
20 54824426 27 58
20 57766226 4 23
20 57876515 8 21
20 61143613 8 25
20 62223401 3 28
20 62407230 14 35
20 62598229 4 32
20 62871696 10 32
21 10916422 13 164
21 10951345 18 128
21 15524928 9 26
21 19713794 23 39
21 34958469 10 15
21 37785611 3 29
21 41559882 16 35
21 45503088 51 88
21 47549380 5 21
22 16449682 21 142
22 17443709 11 26
22 18301313 69 136
22 18304832 26 88
22 18305748 3 33
22 18305766 5 42
22 21347124 4 9
22 23403994 14 25
22 24579487 22 67
22 25264699 33 72
22 29837591 15 41
22 29837592 16 41
22 30185011 39 88
22 30210664 4 24
22 30888480 9 15
22 30891621 34 79
22 31533697 39 94
22 31655116 24 38
22 36886049 10 15
22 37771193 22 62
22 40711477 4 36
22 40814931 5 42
22 41721867 4 10
22 41864674 23 38
22 43287005 12 20
22 50903499 4 25
22 50906053 18 30
