chromosome_index position alt_count ref_count
1 906558 11 4
1 12919923 55 223
1 17272863 15 54
1 38185713 9 42
1 114680204 21 36
1 117297443 18 35
1 151337669 4 24
1 155020374 12 53
1 155234038 14 69
1 167097175 12 21
1 176934360 21 78
1 183944297 14 117
1 202913030 6 27
1 205548961 25 80
1 211093339 19 76
1 245530315 8 18
2 3660936 3 18
2 11725952 30 64
2 21252782 64 121
2 76975752 8 11
2 99681511 40 131
2 101627475 21 77
2 103142788 18 67
2 107446571 30 92
2 107460189 21 57
2 128186041 15 56
2 131487215 6 24
2 162242001 16 26
2 170066058 17 85
2 179456494 51 51
2 202082352 21 95
2 203329550 37 36
3 7620568 28 98
3 9754511 19 38
3 47287699 5 23
3 122334541 21 74
3 123383038 85 119
3 132180004 65 147
3 173998438 43 136
3 194947506 12 82
4 59431 41 883
4 264686 5 16
4 8407729 61 296
4 23815564 30 120
4 152065407 33 120
4 155487770 26 55
5 40959707 15 20
5 90106618 36 30
5 140236826 35 134
5 169689739 21 27
6 12296207 129 118
6 31118256 7 42
6 31691724 21 156
6 34804007 85 157
6 51897826 44 149
6 111697739 16 41
7 27237893 78 305
7 53103955 416 58
7 77973178 10 37
7 77973179 10 38
7 86493656 38 94
7 99461158 23 49
7 131848963 4 29
8 127568878 9 10
9 19378704 8 68
9 35812163 21 41
9 132658259 15 47
10 13522936 25 120
10 14563887 20 109
10 33015677 8 31
10 93744029 19 46
10 102732925 11 35
10 104119951 117 373
10 105362799 21 94
11 6898608 35 84
11 8122379 17 48
11 64521044 3 11
11 96117453 37 167
11 102736639 9 33
11 114392651 9 45
12 2783763 4 23
12 18891831 18 86
12 32996151 13 11
12 94654553 15 47
12 121125273 19 19
13 31713028 55 44
13 32912648 14 37
13 61986505 17 106
13 66878638 7 5
13 86368994 4 78
13 100637229 18 37
13 103249403 6 13
14 24592244 17 88
14 70634203 36 81
14 92908448 15 72
14 105615349 6 14
15 23437934 8 21
15 25446507 80 426
15 26812851 11 65
15 28326985 4 34
15 58889782 29 44
15 74536343 34 129
15 83451772 110 51
15 90021122 10 47
16 27353504 30 63
16 29096044 7 27
16 50102745 54 203
16 66957606 18 85
16 68056207 26 97
17 10247330 126 54
17 10399294 23 73
17 10404677 42 214
17 19284199 6 51
17 40091513 8 40
17 40272335 21 65
17 44845707 13 44
17 73498857 15 28
19 1004615 3 8
19 1619317 4 4
19 3207443 58 114
19 5772958 11 27
19 10668543 4 14
19 35655077 15 44
19 45206848 25 12
19 57175877 12 31
20 3897632 42 86
20 6065882 19 106
20 31975138 20 32
20 33680571 10 14
20 37357241 5 34
20 44352533 25 143
21 34841096 28 61
22 31741062 32 102
