chromosome_index	start_position	end_position	major_cn	minor_cn	total_cn
1	61735	67855297	2	2	4
1	67859615	68021051	4	2	6
1	68021303	249224388	2	2	4
2	12784	166524055	2	2	4
2	166524395	167020622	5	2	7
2	167027255	243089456	2	2	4
3	60345	68699031	2	0	2
3	68700769	90082100	2	2	4
3	90082867	135432261	2	1	3
3	135434620	197896118	4	1	5
4	12281	151039214	2	1	3
4	151039563	191027923	2	0	2
5	15532	49432831	2	2	4
5	49441958	180790320	2	0	2
6	149661	32692933	2	1	3
6	32700684	32845729	4	1	5
6	32851507	53595753	2	1	3
6	53595950	55800093	3	2	5
6	55800734	64721806	2	2	4
6	64723579	171051005	2	1	3
7	43259	51540032	2	2	4
7	51542362	54745077	3	2	5
7	54751606	62512184	2	2	4
7	62515828	133322135	2	1	3
7	133324567	133634988	2	0	2
7	133637381	159127004	2	1	3
8	31254	15411608	2	0	2
8	15413447	15457391	0	0	0
8	15463192	35396147	2	0	2
8	35399419	35481989	7	2	9
8	35489569	48436928	2	2	4
8	48437558	135388625	6	2	8
8	135389345	146298155	5	2	7
9	46587	21702086	2	0	2
9	21705713	22608275	0	0	0
9	22610366	91146873	2	0	2
9	91157868	141091394	2	2	4
10	72759	9404175	2	2	4
10	9406576	15115719	3	2	5
10	15115979	18778629	2	2	4
10	18779324	37564987	2	0	2
10	37566625	135506704	2	1	3
11	198572	106914139	2	2	4
11	106916414	134944770	2	1	3
12	150442	6614156	4	2	6
12	6614535	133778189	2	2	4
13	19026949	40715061	2	0	2
13	40716260	71584420	4	0	4
13	71585114	74132997	5	0	5
13	74138413	74170843	0	0	0
13	74174426	115108397	4	0	4
14	19002124	78876626	3	2	5
14	78876704	87811629	3	3	6
14	87813007	107285437	3	2	5
15	20016328	53859221	2	1	3
15	53863563	53968221	2	0	2
15	53968961	102469040	2	1	3
16	60777	5052889	3	2	5
16	5053161	8160554	3	3	6
16	8168130	28554073	3	2	5
16	28554108	90287535	2	2	4
17	526	20724173	2	0	2
17	20732658	25270411	2	2	4
17	25270517	30457166	2	0	2
17	30460081	81049726	2	1	3
18	48133	1366914	2	1	3
18	1369263	5395341	11	2	13
18	5395430	5800698	6	2	8
18	5804426	6999628	15	2	17
18	6999694	8414523	9	2	11
18	8416858	28830988	2	2	4
18	28835308	78015057	2	0	2
19	90910	59097854	2	2	4
20	61305	21979190	2	0	2
20	21981433	22188798	3	3	6
20	22191825	26121552	2	2	4
20	26129310	62956153	3	2	5
21	10736871	47593225	2	1	3
21	47593443	48096957	2	2	4
22	16052528	51234455	2	1	3
