chromosome_index position alt_count ref_count
1 11217313 49 105
1 47603123 7 29
1 62914231 42 204
1 75036904 17 168
1 145075671 17 47
1 150601942 47 234
1 200967640 33 99
1 220970115 26 45
1 220970138 19 39
1 231406515 43 159
1 245025803 68 291
2 15372613 24 79
2 85361198 10 24
2 184022174 47 231
2 219894866 41 142
2 238727578 3 24
3 195513060 114 500
4 2321938 38 14
4 110737351 76 424
4 113360909 18 203
5 140799111 9 0
6 90660232 29 20
7 55929654 70 12
7 87145943 68 159
7 90895264 34 266
7 99045885 40 142
7 100841573 15 48
7 154748957 25 175
8 56652672 35 352
9 2643403 42 135
9 35732815 84 63
9 37708487 31 70
9 125898790 56 221
9 129458599 16 57
9 140676797 12 14
10 27793265 43 123
11 9074689 32 8
11 47753019 84 347
11 48164559 12 304
11 49831663 70 267
11 104905093 105 204
11 118919513 5 77
12 40422247 11 54
12 108145695 24 165
14 62547769 45 3
14 96730708 103 13
15 33261324 88 44
15 65490491 111 19
15 93510696 25 10
16 48172233 74 154
16 58564183 22 10
17 11461131 5 3
17 56403701 259 46
18 9134270 13 178
18 21530014 146 740
18 44560555 27 88
19 17688008 5 62
20 33148574 14 65
21 28315764 95 366
22 20127347 34 111
22 40661106 74 146
