chromosome_index	start_position	end_position	major_cn	minor_cn	total_cn
1	1	94628736	1.0	1.0	2.0
1	94628737	94862989	1.0	1.0	2.0
1	94862990	121499999	1.0	1.0	2.0
1	121500000	128899999	1.0	1.0	2.0
1	128900000	143119938	1.0	1.0	2.0
1	143119939	144976199	2.0	1.0	3.0
1	144976200	165789561	2.0	1.0	3.0
1	165789562	165789653	2.0	1.0	3.0
1	165789654	169248099	2.0	1.0	3.0
1	169248100	170573010	1.0	1.0	2.0
1	170573011	174809546	2.0	1.0	3.0
1	174809547	176883011	2.0	1.0	3.0
1	176883012	193434415	1.0	1.0	2.0
1	193434416	193434442	1.0	1.0	2.0
1	193434443	193440985	1.0	1.0	2.0
1	193440986	193497341	2.0	1.0	3.0
1	193497342	196349972	1.0	1.0	2.0
1	196349973	197170356	2.0	1.0	3.0
1	197170357	198491347	3.0	1.0	4.0
1	198491348	198659794	2.0	1.0	3.0
1	198659795	199154298	3.0	1.0	4.0
1	199154299	199805096	1.0	1.0	2.0
1	199805097	200407229	3.0	1.0	4.0
1	200407230	200619907	3.0	0.0	3.0
1	200619908	200647088	3.0	1.0	4.0
1	200647089	200649208	3.0	1.0	4.0
1	200649209	200721936	3.0	1.0	4.0
1	200721937	201740948	2.0	1.0	3.0
1	201740949	206454999	1.0	1.0	2.0
1	206455000	208454704	2.0	1.0	3.0
1	208454705	216069122	1.0	1.0	2.0
1	216069123	218489260	2.0	1.0	3.0
1	218489261	220613868	1.0	1.0	2.0
1	220613869	221891752	2.0	1.0	3.0
1	221891753	237880720	1.0	1.0	2.0
1	237880721	241577636	2.0	1.0	3.0
1	241577637	247249600	1.0	1.0	2.0
1	247249601	249250620	1.0	1.0	2.0
2	13133	14600123	2.0	1.0	3.0
2	14600124	33795479	1.0	1.0	2.0
2	33795480	33830470	1.0	0.0	1.0
2	33830471	55851164	1.0	1.0	2.0
2	55851165	79005985	1.0	1.0	2.0
2	79005986	79015070	1.0	1.0	2.0
2	79015071	90499999	1.0	1.0	2.0
2	90500000	96799999	1.0	1.0	2.0
2	96800000	177921386	1.0	1.0	2.0
2	177921387	178238270	2.0	1.0	3.0
2	178238271	218862368	1.0	1.0	2.0
2	218862369	219913455	2.0	1.0	3.0
2	219913456	238662452	1.0	1.0	2.0
2	238662453	239875167	2.0	1.0	3.0
2	239875168	242986605	1.0	1.0	2.0
3	62746	29378250	1.0	0.0	1.0
3	29378251	29391206	1.0	0.0	1.0
3	29391207	54737857	1.0	0.0	1.0
3	54737858	54740708	1.0	0.0	1.0
3	54740709	75612350	1.0	0.0	1.0
3	75612351	86909752	1.0	0.0	1.0
3	93900000	197847500	1.0	1.0	2.0
4	27501	561001	1.0	1.0	2.0
4	561002	48199999	1.0	1.0	2.0
4	48200000	52699999	1.0	1.0	2.0
4	52700000	63820264	1.0	1.0	2.0
4	63820265	63830561	1.0	1.0	2.0
4	63830562	64765664	1.0	1.0	2.0
4	64765665	64953717	1.0	1.0	2.0
4	64953718	72135668	1.0	1.0	2.0
4	72135669	73041069	2.0	1.0	3.0
4	73041070	73044461	1.0	0.0	1.0
4	73044462	96316045	1.0	0.0	1.0
4	96316046	167235938	1.0	0.0	1.0
4	167235939	190749943	1.0	0.0	1.0
5	22500	46099999	1.0	1.0	2.0
5	46100000	50699999	1.0	1.0	2.0
5	50700000	180715810	1.0	1.0	2.0
6	39681	204908	1.0	0.0	1.0
6	204909	58699999	1.0	1.0	2.0
6	58700000	63299999	1.0	1.0	2.0
6	63300000	170899800	1.0	1.0	2.0
7	40386	57999999	1.0	1.0	2.0
7	58000000	61699999	1.0	1.0	2.0
7	61700000	118588634	1.0	1.0	2.0
7	118588635	118590248	1.0	1.0	2.0
7	118590249	158821400	1.0	1.0	2.0
8	10001	218913	1.0	1.0	2.0
8	218914	3692499	1.0	1.0	2.0
8	3692500	5955003	3.0	1.0	4.0
8	5955004	43099999	1.0	1.0	2.0
8	43100000	48099999	1.0	1.0	2.0
8	48100000	57869396	1.0	1.0	2.0
8	57869397	58215333	1.0	0.0	1.0
8	58215334	86541417	1.0	1.0	2.0
8	86541418	140249231	2.0	1.0	3.0
8	140249232	146364021	1.0	1.0	2.0
9	52645	47299999	1.0	1.0	2.0
9	47300000	50699999	1.0	1.0	2.0
9	50700000	65601075	1.0	1.0	2.0
9	65601076	66482602	1.0	1.0	2.0
9	66482603	67282499	1.0	0.0	1.0
9	67282500	67896001	1.0	1.0	2.0
9	67896002	68408802	1.0	1.0	2.0
9	68408803	70882500	1.0	1.0	2.0
9	70882501	140273200	1.0	0.0	1.0
10	102500	1900025	2.0	1.0	3.0
10	1900026	9224699	2.0	1.0	3.0
10	9224700	37999999	1.0	1.0	2.0
10	42300000	135389924	1.0	0.0	1.0
11	20721	199255	1.0	0.0	1.0
11	199256	51599999	1.0	0.0	1.0
11	51600000	55699999	1.0	0.0	1.0
11	55700000	61698731	1.0	0.0	1.0
11	61698732	62327272	2.0	0.0	2.0
11	62327273	106371469	1.0	0.0	1.0
11	106371470	106696057	2.0	0.0	2.0
11	106696058	117413000	1.0	0.0	1.0
11	117413001	117414912	1.0	0.0	1.0
11	117414913	117431408	2.0	0.0	2.0
11	117431409	117755768	2.0	0.0	2.0
11	117755769	134452200	1.0	0.0	1.0
12	110107	1195003	1.0	0.0	1.0
12	1195004	2305656	2.0	0.0	2.0
12	2305657	30301385	1.0	0.0	1.0
12	30301386	30306162	3.0	1.0	4.0
12	30306163	30785805	2.0	1.0	3.0
12	30785806	30791365	4.0	1.0	5.0
12	30791366	31163033	4.0	1.0	5.0
12	31163034	33299999	1.0	1.0	2.0
12	33300000	38199999	1.0	1.0	2.0
12	38200000	55867086	1.0	1.0	2.0
12	55867087	56993006	2.0	1.0	3.0
12	56993007	57216745	1.0	1.0	2.0
12	57216746	58195959	2.0	1.0	3.0
12	58195960	60082647	1.0	1.0	2.0
12	60082648	60082666	1.0	1.0	2.0
12	60082667	81121129	1.0	1.0	2.0
12	81121130	81121167	1.0	1.0	2.0
12	81121168	132349400	1.0	1.0	2.0
12	132349401	133851894	1.0	1.0	2.0
13	1	16299999	1.0	0.0	1.0
13	16300000	19499999	1.0	0.0	1.0
13	19500000	48949591	1.0	0.0	1.0
13	48949592	49376161	0.0	0.0	0.0
13	49376162	96936657	1.0	0.0	1.0
13	96936658	97134014	3.0	0.0	3.0
13	97134015	97139497	3.0	0.0	3.0
13	97139498	97317534	16.0	0.0	16.0
13	97317535	97317986	16.0	0.0	16.0
13	97317987	97446039	16.0	0.0	16.0
13	97446040	97475899	16.0	0.0	16.0
13	97475900	98610728	16.0	0.0	16.0
13	98610729	98611284	16.0	0.0	16.0
13	98611285	98986742	3.0	0.0	3.0
13	98986743	98988239	15.0	0.0	15.0
13	98988240	101606656	3.0	0.0	3.0
13	101606657	101609903	15.0	0.0	15.0
13	101609904	101729522	3.0	0.0	3.0
13	101729523	101732985	1.0	0.0	1.0
13	101732986	103556850	16.0	0.0	16.0
13	103556851	103557291	16.0	0.0	16.0
13	103557292	104161480	3.0	0.0	3.0
13	104161481	104161734	3.0	0.0	3.0
13	104161735	104161911	15.0	0.0	15.0
13	104161912	104162140	15.0	0.0	15.0
13	104162141	104163064	15.0	0.0	15.0
13	104163065	104167509	15.0	0.0	15.0
13	104167510	104174320	15.0	0.0	15.0
13	104174321	104214795	15.0	0.0	15.0
13	104214796	104216291	15.0	0.0	15.0
13	104216292	104279743	3.0	0.0	3.0
13	104279744	104279873	15.0	0.0	15.0
13	104279874	104298124	1.0	0.0	1.0
13	104298125	104316565	2.0	0.0	2.0
13	104316566	104316881	14.0	0.0	14.0
13	104316882	104317277	14.0	0.0	14.0
13	104317278	104475342	3.0	0.0	3.0
13	104475343	105898362	15.0	0.0	15.0
13	105898363	105908869	17.0	0.0	17.0
13	105908870	105942392	17.0	0.0	17.0
13	105942393	106937802	17.0	0.0	17.0
13	106937803	114142800	3.0	0.0	3.0
13	114142801	115169877	15.0	0.0	15.0
14	1	16099999	1.0	1.0	2.0
14	16100000	19099999	1.0	1.0	2.0
14	19100000	62397351	1.0	1.0	2.0
14	62397352	75649888	1.0	1.0	2.0
14	75649889	76079935	1.0	0.0	1.0
14	76079936	76419937	1.0	0.0	1.0
14	76419938	76968790	1.0	0.0	1.0
14	76968791	94203246	1.0	1.0	2.0
14	94203247	95330341	2.0	1.0	3.0
14	95330342	106368400	1.0	1.0	2.0
15	1	15799999	1.0	1.0	2.0
15	15800000	20699999	1.0	1.0	2.0
15	20700000	100338800	1.0	1.0	2.0
15	100338801	102378299	1.0	1.0	2.0
16	91309	4303833	1.0	1.0	2.0
16	4303834	7848342	1.0	1.0	2.0
16	7848343	8245641	1.0	0.0	1.0
16	8245642	33863400	1.0	1.0	2.0
16	38600000	88827200	1.0	0.0	1.0
16	88827201	90354752	1.0	0.0	1.0
17	7	18342601	1.0	0.0	1.0
17	18342602	22199999	1.0	0.0	1.0
17	25800000	78774600	1.0	0.0	1.0
17	78774601	81195209	1.0	0.0	1.0
18	27500	15399999	1.0	1.0	2.0
18	15400000	18999999	1.0	1.0	2.0
18	19000000	62385691	1.0	1.0	2.0
18	62385692	62642848	3.0	1.0	4.0
18	62642849	76117000	1.0	1.0	2.0
18	76117001	78077247	1.0	1.0	2.0
19	102500	260136	1.0	1.0	2.0
19	260137	24399999	1.0	1.0	2.0
19	24400000	28599999	1.0	1.0	2.0
19	28600000	58652098	1.0	1.0	2.0
19	58652099	58778419	2.0	1.0	3.0
20	32074	25599999	1.0	1.0	2.0
20	25600000	29399999	1.0	1.0	2.0
20	29400000	62385800	1.0	1.0	2.0
21	10834166	15288634	1.0	1.0	2.0
21	15288635	46937500	1.0	1.0	2.0
21	46937501	48129894	1.0	1.0	2.0
22	1	12199999	1.0	0.0	1.0
22	17900000	21948871	1.0	1.0	2.0
22	21948872	22192209	2.0	1.0	3.0
22	22192210	25827029	2.0	1.0	3.0
22	25827030	25836386	2.0	1.0	3.0
22	25836387	28277500	1.0	1.0	2.0
22	28277501	28456551	1.0	1.0	2.0
22	28456552	28526149	4.0	1.0	5.0
22	28526150	31614377	2.0	1.0	3.0
22	31614378	31614935	2.0	1.0	3.0
22	31614936	31616733	2.0	1.0	3.0
22	31616734	31913881	2.0	1.0	3.0
22	31913882	32461123	2.0	1.0	3.0
22	32461124	32461456	2.0	1.0	3.0
22	32461457	32490592	2.0	1.0	3.0
22	32490593	32491734	2.0	1.0	3.0
22	32491735	34208732	2.0	1.0	3.0
22	34208733	35995741	2.0	1.0	3.0
22	35995742	36049882	2.0	1.0	3.0
22	36049883	36052057	1.0	1.0	2.0
22	36052058	49687500	1.0	0.0	1.0
22	49687501	51304565	1.0	0.0	1.0
