chromosome_index position alt_count ref_count
1 36291346 10 149
1 100684182 21 102
1 101190244 19 51
1 241797567 17 71
2 158962650 6 19
2 209293016 6 16
2 216248067 28 100
2 233651883 12 50
3 14798938 10 26
3 36524575 10 30
3 178952065 23 73
3 187416485 19 26
3 197687111 13 32
4 46994885 8 65
4 52860601 19 63
5 36986127 33 81
5 45262440 11 34
5 140720248 79 103
6 4032971 20 84
6 108985985 13 48
6 152651161 20 79
6 165756893 13 54
7 82585749 12 44
7 87138751 18 69
7 99971206 10 51
7 154585912 4 14
8 12957134 4 25
8 72975038 23 49
8 104337639 35 142
8 113277717 30 97
9 26910396 11 32
9 97063546 13 57
9 101017691 4 61
10 73822656 6 14
10 102746995 13 32
10 135123764 24 85
11 43852466 7 32
11 73753183 7 63
11 89059809 6 6
11 94862701 11 54
11 96125155 16 36
11 113211391 9 34
11 125769445 19 36
12 70003993 13 60
12 120222864 5 34
13 28014281 22 112
14 20215606 13 125
15 33765661 26 63
15 53905881 17 46
15 54542428 5 21
15 86189094 26 60
16 711667 8 49
16 26147192 44 159
16 31087973 12 49
16 31473893 13 40
16 84211451 18 37
17 7577120 11 17
17 11696832 19 46
17 26955288 8 74
17 40714726 12 68
17 67309350 12 28
17 79226015 56 104
18 580457 5 13
18 29793353 8 24
18 43329753 16 72
18 77659548 12 36
19 2767622 6 26
19 7976464 3 10
19 12089640 12 37
19 12637897 19 72
19 16631002 8 72
19 16870033 13 64
19 43576014 118 186
20 19679321 3 9
20 34596245 27 80
20 39788302 12 45
20 43353459 9 13
21 41711255 11 27
22 19951227 4 20
22 20041042 7 43
22 42539549 4 15
