chromosome_index position alt_count ref_count
1 9804060 25 34
1 19166997 24 17
1 29481413 11 43
1 36786088 15 22
1 45973941 6 44
1 46663480 35 53
1 114524076 13 58
1 119428032 6 35
1 158614143 4 54
1 167038355 14 19
1 186925324 22 30
1 198713285 17 22
1 212515567 53 87
1 214491465 33 57
1 216251433 32 37
3 122990559 15 22
3 138417865 7 73
4 54966544 3 30
6 46973590 16 22
6 109762786 38 45
6 168440860 10 19
7 2472601 12 50
7 2473422 30 27
7 23313767 40 49
7 94057038 33 25
7 142028602 47 75
11 110479773 55 72
14 20528658 47 35
15 64464144 45 79
16 11785821 3 31
16 53487463 19 77
16 58314536 14 11
17 5462409 45 34
17 10614356 25 21
17 11998899 9 41
17 38956166 12 15
17 66274395 32 41
19 45490584 13 51
19 51274218 39 27
19 55143638 15 68
20 2384322 26 19
21 16339649 32 55
21 43230589 4 29
22 21097023 15 85
