chromosome_index position alt_count ref_count
1 809712 18 218
1 2442190 14 93
1 6208929 6 59
1 10459129 7 25
1 12009946 24 145
1 12061836 74 326
1 12195644 6 38
1 12254037 6 78
1 12907618 52 236
1 15541871 4 31
1 16778370 18 120
1 16895604 93 2303
1 17913957 4 45
1 19208312 13 43
1 21106326 13 64
1 21329288 21 104
1 21605738 19 97
1 22148630 4 29
1 22148698 5 62
1 22222419 3 26
1 22816672 16 75
1 26516075 13 64
1 28562644 3 19
1 31655374 11 77
1 31906004 12 61
1 32154562 7 46
1 35251033 5 27
1 35485132 10 66
1 35824634 18 62
1 36915856 18 44
1 38332209 11 51
1 39919384 18 129
1 40034587 24 137
1 40041434 7 30
1 40723841 9 40
1 42050020 24 134
1 43132256 9 86
1 44713660 11 46
1 45241264 38 156
1 46724415 6 80
1 46726471 13 40
1 46751426 15 121
1 47650692 7 97
1 52854281 21 135
1 53925175 12 51
1 54683945 18 141
1 55051512 5 42
1 63021642 13 109
1 63974204 9 54
1 65656422 8 74
1 71318412 6 52
1 79392738 16 109
1 84543999 3 21
1 85036401 6 70
1 86591140 20 123
1 86896592 20 149
1 89729419 19 117
1 90179927 13 64
1 93646200 12 31
1 101387367 32 165
1 104114773 11 310
1 109812635 23 112
1 110022243 6 30
1 110086039 22 102
1 111490848 34 178
1 113232569 13 76
1 114201821 18 94
1 114301341 5 56
1 114454667 32 119
1 117554561 14 57
1 120457999 33 101
1 145532243 11 38
1 147090749 19 93
1 147230407 20 113
1 149857978 43 215
1 150255774 23 107
1 150266763 6 31
1 151752451 15 99
1 153431477 23 143
1 153634895 6 41
1 153974213 42 247
1 155209797 5 33
1 155263300 11 51
1 155895749 17 65
1 156146639 19 79
1 156639168 10 76
1 156897567 7 52
1 160063782 16 101
1 160718077 8 72
1 160854638 34 207
1 160854650 29 192
1 161089363 8 30
1 162467847 11 31
1 162762471 3 19
1 169524545 12 67
1 170961386 10 52
1 178433412 9 49
1 180914765 3 13
1 182798132 6 25
1 182827713 24 97
1 182921954 4 22
1 183190000 12 98
1 183201368 26 155
1 183920164 54 293
1 190423924 7 33
1 196250016 11 56
1 196801134 21 64
1 200973999 7 59
1 201332521 20 121
1 203135020 6 49
1 204423840 15 177
1 205028387 4 35
1 205497029 23 97
1 207245702 15 77
1 207297598 25 137
1 207646467 26 108
1 208207863 7 52
1 214169998 14 65
1 214816665 17 76
1 214832305 21 99
1 216462647 20 78
1 220232104 9 41
1 222902118 10 54
1 226049941 4 53
1 226576408 16 122
1 226576425 16 142
1 226595596 5 33
1 228336365 5 62
1 229666156 15 91
1 231413373 7 26
1 233497931 14 75
1 247013863 8 48
1 247061536 18 85
2 1651941 35 180
2 9552439 16 107
2 9650239 18 115
2 10930949 12 54
2 11354586 10 50
2 20138060 27 127
2 25972727 10 133
2 25972943 21 159
2 25991658 24 155
2 27680610 12 50
2 36583686 9 63
2 37487426 17 83
2 38536543 14 67
2 42522291 24 75
2 44457614 19 87
2 47612302 35 245
2 47639622 6 47
2 61708412 5 57
2 62069260 29 126
2 70408762 11 60
2 74327745 6 28
2 74489306 6 43
2 74757255 9 36
2 74834320 29 131
2 85571416 6 47
2 86676939 15 74
2 96955031 9 62
2 97749450 5 69
2 99449420 28 145
2 101521208 6 25
2 105858706 7 46
2 105889361 11 47
2 112630977 9 107
2 113496498 27 174
2 119699940 10 56
2 127834214 28 128
2 128700004 15 118
2 130877918 51 351
2 130951671 10 204
2 132238010 12 98
2 135738566 11 54
2 135878476 15 106
2 136071137 30 106
2 141641528 14 112
2 149840233 7 36
2 152695610 6 34
2 157184435 4 6
2 158637047 9 59
2 162894854 29 133
2 166019214 16 87
2 166019298 16 116
2 166019331 15 97
2 166020343 11 104
2 166198841 11 96
2 166903421 25 115
2 167163512 6 17
2 170066055 18 79
2 177036599 8 27
2 178416445 19 118
2 179412812 31 134
2 179422195 21 108
2 179433019 23 98
2 179445025 19 136
2 179480470 12 84
2 179481234 13 134
2 179579878 41 184
2 179592954 14 52
2 179612313 15 112
2 183817958 18 77
2 183948270 9 60
2 189904098 12 71
2 197643678 7 66
2 198968662 8 24
2 200136881 11 41
2 202625889 18 90
2 203676481 12 150
2 207170834 8 55
2 207988724 13 82
2 210559835 6 71
2 210595046 5 55
2 216274360 18 42
2 216286816 19 104
2 219137570 5 26
2 219530894 5 31
2 219532820 61 426
2 219532840 62 380
2 219532976 14 97
2 219561852 32 213
2 220166950 7 49
2 228883636 19 109
2 228890180 12 78
2 228890211 17 97
2 234106777 6 28
2 234436214 15 21
2 234637770 16 71
2 238285641 11 90
2 242038916 29 168
2 242039121 16 77
2 242072387 8 75
2 242203922 32 157
2 242755694 4 24
3 3886952 27 187
3 5236909 13 65
3 9516147 7 123
3 9953193 23 194
3 12475489 15 66
3 13377104 8 51
3 13418988 35 183
3 15288273 5 50
3 15288279 4 50
3 15520507 15 82
3 24006504 16 141
3 33877665 20 147
3 33886985 22 72
3 38045803 14 27
3 38104127 16 53
3 39374924 4 18
3 40453376 12 114
3 42727309 9 18
3 44541961 9 30
3 44869779 5 47
3 46945099 25 145
3 47163962 28 128
3 47164447 25 140
3 47468688 9 103
3 47619074 12 67
3 49725032 8 64
3 50005788 13 74
3 52437805 18 75
3 52526301 38 209
3 55043460 7 44
3 57543279 14 55
3 57543322 9 78
3 64133257 19 98
3 66449420 7 33
3 69028848 16 69
3 69126979 52 205
3 77666886 11 61
3 98536636 4 63
3 108211377 10 41
3 111831982 7 21
3 111842619 17 98
3 112738497 11 24
3 113508676 7 57
3 113765547 6 38
3 113804602 24 144
3 120469634 14 82
3 121215688 7 93
3 121413748 39 197
3 122172734 12 65
3 122284793 15 85
3 123166691 4 37
3 125298733 19 81
3 127540569 8 65
3 133614398 5 14
3 133614408 4 7
3 136141832 5 37
3 137885986 24 91
3 139102140 10 61
3 139172008 8 62
3 140251268 18 107
3 141535745 44 252
3 142031975 32 172
3 154033931 8 44
3 169511388 6 29
3 169539714 4 50
3 169539937 18 101
3 172607390 27 159
3 183774037 29 119
3 186459949 24 116
3 186501371 12 94
3 186760546 36 175
3 189612186 24 86
3 191888250 22 102
3 193002713 4 33
3 194081015 15 62
3 195516581 42 233
4 1347046 12 22
4 1803568 13 31
4 1959760 48 79
4 2877795 9 57
4 3319682 24 161
4 7045475 5 7
4 13338902 8 28
4 13481126 14 33
4 16258195 5 9
4 26959236 20 82
4 42415017 7 51
4 47944133 33 61
4 52861337 19 65
4 56831889 7 56
4 65145773 11 59
4 74280809 16 133
4 74607387 6 62
4 76882458 21 99
4 77659989 11 95
4 78527039 11 64
4 83349499 16 99
4 90034116 20 73
4 94690400 17 68
4 103189214 11 86
4 104115599 10 39
4 106967792 8 32
4 113568507 13 77
4 114279943 22 109
4 119673190 7 46
4 119953034 13 64
4 120422327 18 85
4 121957872 32 162
4 122078329 57 348
4 123249265 5 51
4 126372224 24 106
4 126411454 11 96
4 140375562 5 32
4 146026785 17 102
4 146463793 15 69
4 146467968 25 100
4 148555556 10 50
4 151773603 26 95
4 160251091 19 81
4 165962176 17 110
4 170983085 14 74
4 178352919 8 55
4 187004198 10 65
5 442943 11 48
5 442952 11 44
5 1057746 21 102
5 7866908 13 70
5 7867071 19 69
5 7867190 17 78
5 7867383 19 99
5 10235328 4 37
5 14297232 17 71
5 14498739 12 115
5 21755734 14 70
5 32789507 23 123
5 36049520 7 67
5 41160370 19 87
5 41186270 4 70
5 41382280 37 188
5 53409235 10 46
5 53839058 9 71
5 60067790 8 42
5 63256845 8 91
5 66456367 22 112
5 68578528 14 60
5 74026190 12 67
5 75914343 27 127
5 83402642 30 111
5 89814705 18 114
5 89985761 3 26
5 94994576 22 118
5 118506141 13 78
5 118582839 17 111
5 120021821 22 102
5 127624244 15 57
5 131993887 8 43
5 134146935 15 76
5 134147521 19 68
5 134147527 16 68
5 134670751 15 96
5 137518573 4 45
5 138655105 16 78
5 138718195 6 51
5 138718196 7 50
5 140056909 7 56
5 140203314 15 82
5 140230219 18 148
5 140230278 32 131
5 140235895 42 271
5 140348889 3 35
5 140712171 17 105
5 140773778 6 36
5 141331125 31 118
5 145524039 15 69
5 153432740 8 73
5 156476141 13 91
5 170221248 29 213
5 172196648 29 163
5 172755067 16 89
5 178392389 10 57
5 179032922 9 74
5 179300157 8 39
5 179306733 13 66
5 180043904 18 87
6 7248826 8 49
6 15468887 16 43
6 25777134 22 112
6 25862139 8 25
6 26056660 11 47
6 26124440 10 61
6 27100478 25 152
6 27115308 14 53
6 29455149 11 67
6 29977339 10 80
6 30080583 10 60
6 30164394 7 59
6 30458171 11 73
6 30657907 10 84
6 30899818 6 16
6 31323359 19 165
6 31323370 21 165
6 31595668 23 111
6 31735409 10 331
6 31765794 17 95
6 31852767 7 67
6 31940164 12 72
6 32947861 9 63
6 33169620 15 82
6 33170401 9 57
6 33236338 10 64
6 33236339 11 64
6 35965594 16 67
6 36178226 10 84
6 37452917 11 28
6 39867939 4 19
6 43748497 19 101
6 49586889 16 73
6 53989646 13 49
6 57025901 14 124
6 70639431 15 64
6 71238130 8 102
6 74079008 10 43
6 76024256 28 192
6 78172850 19 110
6 80721692 9 53
6 90368487 31 245
6 90371850 13 130
6 90432698 28 204
6 90432853 24 159
6 93969199 16 80
6 97001173 12 53
6 99936646 12 98
6 106967395 18 86
6 117232129 23 132
6 133100544 10 63
6 136599060 12 224
6 139134448 14 95
6 146125779 16 91
6 150001312 19 119
6 150001317 19 122
6 150005006 34 226
6 150342222 32 187
6 155154575 7 45
6 157744516 24 186
6 158327215 10 80
6 160328242 36 207
6 160467653 15 71
7 5569226 8 32
7 6731446 7 56
7 23235486 13 75
7 24703280 16 50
7 25200830 7 41
7 26237295 11 81
7 27880454 22 109
7 31008470 8 38
7 31682636 30 182
7 31735120 7 150
7 43484922 24 77
7 43684865 15 47
7 66458288 46 255
7 71571256 11 50
7 72400549 30 132
7 72658353 11 68
7 72755313 45 167
7 73117977 5 27
7 75048695 5 45
7 75959272 27 140
7 86998691 21 121
7 89897610 11 38
7 91875738 4 11
7 98509802 24 98
7 98563392 10 60
7 99247765 35 202
7 99564518 3 24
7 100033921 3 13
7 100319611 15 72
7 102016305 21 125
7 105516981 9 70
7 106871097 22 164
7 107115790 12 40
7 107749663 5 79
7 112724459 14 70
7 114268607 19 117
7 114329859 10 65
7 117235110 7 40
7 117282514 7 79
7 121733143 17 92
7 121943864 14 71
7 124491967 10 50
7 124532351 51 213
7 128457906 7 172
7 134849592 8 40
7 138417679 9 36
7 141629960 24 131
7 142124314 28 146
7 142131863 8 66
7 142562295 22 119
7 143098438 27 103
7 148483671 19 67
7 148863325 19 77
7 149172354 4 31
7 149431123 3 24
7 149462730 6 19
7 149489151 11 84
7 149557965 8 49
7 150037212 96 585
7 151841937 7 57
7 154875957 11 56
7 157361643 11 87
7 158554234 14 75
8 3226890 5 18
8 6377388 25 172
8 17419460 49 188
8 17944414 9 58
8 21958965 4 11
8 22548691 8 33
8 23049351 20 106
8 23225676 15 84
8 25343320 29 144
8 26265788 14 93
8 30210367 12 77
8 30701223 12 50
8 38172276 4 51
8 42329899 9 86
8 55542217 6 135
8 67478985 4 27
8 67955458 12 62
8 75274136 14 78
8 85799997 9 90
8 88365898 14 54
8 93074908 6 34
8 95531373 20 103
8 95902767 44 184
8 100821673 11 60
8 101270861 22 93
8 103372333 6 65
8 105509479 20 112
8 107781826 30 165
8 110489479 11 88
8 110587478 14 76
8 110655035 11 62
8 113504727 13 72
8 118184901 12 112
8 120582984 6 23
8 121209047 34 149
8 124701168 35 164
8 125103704 18 103
8 126021218 3 23
8 126021528 26 86
8 127569508 7 16
8 136619236 27 94
8 139732984 21 191
8 141461476 4 37
8 143746147 5 15
8 144378883 3 9
8 144900174 8 38
8 144994603 5 26
8 145112921 10 72
8 145738304 3 9
9 452115 3 31
9 5300025 3 25
9 5534847 15 69
9 8484335 5 52
9 8501008 11 58
9 16870721 3 24
9 21333682 14 83
9 22451849 12 74
9 27197399 21 104
9 27949815 22 94
9 33270688 14 101
9 35555644 8 52
9 35703793 19 58
9 35808116 4 38
9 35813039 28 127
9 35846974 7 94
9 40705383 4 19
9 70177733 28 316
9 71080073 26 97
9 73164576 11 39
9 74764422 4 18
9 80855244 5 33
9 85624578 16 79
9 87563520 6 38
9 88961239 22 106
9 90265013 4 33
9 93657847 11 79
9 99580252 19 153
9 99580592 37 213
9 100076963 3 21
9 100222556 12 68
9 100843392 6 46
9 100899883 22 140
9 107553262 31 165
9 109689086 13 97
9 113234567 12 71
9 115030431 20 77
9 116136181 46 181
9 117092756 11 66
9 118949460 9 65
9 123933782 4 30
9 125652518 4 20
9 130241761 5 27
9 130674733 16 77
9 130829073 17 59
9 130829083 18 61
9 131395906 17 106
9 134463382 4 24
9 135266219 16 119
9 135458245 29 95
9 136214954 4 25
9 136323136 8 66
9 138556079 14 81
9 138703110 4 9
9 140087040 3 28
9 140151363 7 67
9 140878631 5 8
10 866764 12 81
10 5442874 24 139
10 5808201 15 107
10 6152029 17 97
10 7327912 28 145
10 7621728 12 70
10 11060001 5 15
10 12077380 28 119
10 12110991 4 20
10 13151153 11 116
10 15121001 26 98
10 17202364 3 16
10 20568701 13 88
10 29821774 17 96
10 30629316 19 98
10 33000622 15 85
10 33543003 15 124
10 43650868 9 47
10 45499194 9 75
10 48388817 13 63
10 55568528 5 19
10 58119876 19 63
10 61894090 9 40
10 61965585 9 54
10 62648858 34 146
10 67748462 13 75
10 70105551 17 96
10 70105566 16 110
10 70451365 13 64
10 71166837 26 103
10 74644105 16 87
10 75236954 18 130
10 75898117 20 91
10 85972124 27 95
10 90698141 4 11
10 92662989 13 56
10 102056830 8 57
10 105561083 12 49
10 119768467 10 25
10 123659496 14 64
10 129866424 15 77
10 129905047 22 105
10 135101807 5 44
11 489482 10 48
11 883271 14 104
11 2426092 7 30
11 3838631 18 80
11 4936549 5 35
11 4967560 11 174
11 5080205 14 55
11 7110384 7 27
11 9080890 11 48
11 11964413 14 78
11 14899843 13 45
11 16007851 27 169
11 18505487 19 342
11 18751345 9 73
11 20075648 7 33
11 21135215 28 132
11 24927548 7 60
11 26587440 9 45
11 27680080 20 96
11 32118817 7 39
11 32615485 11 80
11 33589665 7 18
11 34912058 8 58
11 35457448 15 53
11 36250936 10 69
11 46563643 13 51
11 48327898 21 138
11 48327995 10 105
11 56409376 18 79
11 56409796 17 97
11 57982693 35 178
11 58384940 19 65
11 58723231 12 49
11 58956681 6 27
11 60310034 5 52
11 60889221 14 41
11 61404601 4 46
11 61508640 16 63
11 62293287 51 273
11 62297007 29 205
11 62300842 11 71
11 62364862 8 37
11 62437203 9 99
11 62437529 16 39
11 62437540 12 35
11 62437545 11 32
11 62439220 11 75
11 62455473 4 26
11 62620497 21 87
11 63487722 19 98
11 63681768 10 50
11 63682398 24 131
11 63682424 18 96
11 63967681 54 313
11 63988079 7 20
11 64010692 12 68
11 64108940 8 78
11 64453336 15 93
11 65061653 71 398
11 66062581 6 17
11 66113586 18 113
11 66384488 13 108
11 68157442 17 55
11 68483325 6 41
11 72945369 18 98
11 73021511 10 51
11 73021889 14 61
11 73022186 10 79
11 73803494 19 89
11 74688053 7 30
11 77911851 7 56
11 82909636 6 16
11 86097120 6 75
11 89956126 9 27
11 92088162 11 81
11 94212886 17 61
11 100933355 30 190
11 102239153 26 116
11 103907428 4 16
11 107965541 12 65
11 110451029 28 174
11 111573969 15 69
11 115047241 26 133
11 116691425 4 13
11 117258004 17 113
11 117342738 5 56
11 117789424 11 51
11 118344991 10 55
11 118377246 14 53
11 118625475 20 95
11 119510591 12 50
11 120957546 9 63
11 121970541 9 25
11 122669698 15 77
11 125513755 18 71
11 125763587 5 28
11 128360415 20 95
12 427339 31 123
12 443421 24 118
12 475238 61 317
12 662974 17 111
12 1025437 4 14
12 1289715 14 63
12 1748930 5 21
12 1940420 19 96
12 5020817 22 116
12 6933319 15 93
12 12279758 12 88
12 16052899 17 105
12 18435561 14 97
12 23793809 8 56
12 26553145 33 146
12 26878699 17 81
12 32487456 9 38
12 49170016 10 71
12 49219263 9 71
12 49888605 6 41
12 51511519 10 57
12 51707673 15 98
12 53682428 11 58
12 54966478 66 347
12 56492571 16 136
12 56514595 13 90
12 56974983 24 193
12 57032035 9 57
12 58135768 19 112
12 63541315 29 144
12 64536403 7 84
12 70949010 11 61
12 92814910 17 96
12 100551506 8 32
12 102506004 11 57
12 104121065 41 247
12 108985794 7 33
12 110784074 12 77
12 110969422 6 46
12 112467399 30 105
12 113703991 26 147
12 122958430 46 320
12 124298405 5 23
12 124382423 17 90
12 124826499 7 77
12 132426504 7 21
12 132589708 10 62
12 132632648 8 29
12 133281207 18 84
13 20220920 7 38
13 20221255 5 50
13 24330705 5 78
13 25009585 28 100
13 25072346 7 37
13 26129156 9 80
13 41382650 22 134
13 43930219 9 64
13 46559692 22 186
13 46919708 4 30
13 76415254 6 39
13 78492556 12 62
13 88327860 31 167
13 88328195 18 108
13 108862221 45 257
13 110817222 6 11
13 113772909 6 30
13 113798338 13 65
13 114157865 21 72
14 21957551 20 90
14 22362696 7 26
14 24590581 16 90
14 31790818 11 27
14 32030639 5 20
14 39644534 7 30
14 50249293 7 57
14 50671062 39 252
14 58941343 6 29
14 58955547 7 65
14 59782054 16 140
14 64587684 28 93
14 68272007 3 35
14 68353838 28 112
14 70924778 8 76
14 72818856 6 36
14 73637515 9 38
14 74527289 7 29
14 75134072 17 78
14 77255661 19 136
14 77493146 4 23
14 88945269 8 61
14 92960001 5 20
14 93264129 12 62
14 93760261 19 67
14 94528806 16 79
14 99932065 14 78
14 100828117 29 200
14 101349479 7 55
14 101377493 7 60
14 101416195 11 52
14 102384237 11 91
14 102483764 21 118
14 102898452 3 12
14 103390309 21 109
14 104216224 19 110
14 104381498 18 60
15 23048697 5 13
15 23811429 10 45
15 28508223 12 119
15 31197412 7 70
15 33939638 11 46
15 39885656 57 319
15 40846308 13 64
15 40914042 9 75
15 40914272 20 69
15 41805975 5 14
15 41813024 6 40
15 42003121 25 148
15 42805172 6 36
15 43438827 15 107
15 43783913 43 178
15 44028996 4 31
15 45555411 17 79
15 45968325 32 199
15 48633852 7 38
15 50888505 18 120
15 51827926 20 82
15 52401969 26 198
15 55710292 7 52
15 55972312 5 56
15 56208209 19 106
15 56687022 10 39
15 56719898 31 221
15 63883061 12 47
15 65849213 3 13
15 67793068 12 52
15 68596207 3 42
15 72837290 9 91
15 72968669 3 16
15 73470685 9 69
15 74425108 9 31
15 74836524 6 55
15 74884062 5 21
15 75091737 7 29
15 75652499 33 158
15 75968322 4 21
15 77473584 33 175
15 78393296 11 44
15 84506907 18 69
15 100340167 7 18
15 102242448 21 147
16 321237 4 26
16 633432 10 55
16 633746 5 26
16 697517 4 26
16 744271 4 14
16 745574 4 21
16 815688 7 27
16 818647 9 33
16 1718005 8 27
16 1827834 9 28
16 1842251 4 21
16 2028430 14 50
16 3406126 19 124
16 4562597 9 57
16 12059215 39 214
16 16248813 4 6
16 18544483 36 334
16 20749188 31 145
16 20812641 17 151
16 20860751 13 67
16 23391756 19 99
16 28898975 12 122
16 30081176 6 43
16 30977267 9 144
16 31195651 10 80
16 31212907 12 103
16 31371055 6 49
16 50759418 16 86
16 53296986 26 54
16 53720391 40 67
16 56969206 26 64
16 66919543 15 35
16 67654637 38 67
16 67697683 9 18
16 73127109 9 17
16 74950088 27 56
16 88779732 15 44
16 89757912 8 23
16 89795702 40 81
17 681910 10 56
17 1703233 6 68
17 1703325 21 98
17 2203548 39 245
17 3917671 25 142
17 3935433 26 156
17 4789780 25 175
17 4789839 19 110
17 4789840 19 108
17 5042639 7 51
17 5058888 15 73
17 5074102 20 111
17 7096312 7 38
17 7230258 10 100
17 7476125 25 146
17 7480706 12 104
17 7749991 18 75
17 8351882 11 53
17 8380343 9 80
17 8701637 16 99
17 9497616 30 165
17 10212869 4 26
17 10299867 8 31
17 10397923 6 100
17 15517163 11 105
17 18023320 17 100
17 18041449 24 151
17 18907176 8 48
17 19317896 7 48
17 19480648 13 71
17 27076606 9 58
17 29553450 12 42
17 30510207 13 105
17 30658809 7 70
17 30678824 13 82
17 32905942 62 248
17 34958748 6 44
17 35974371 17 97
17 36715948 5 14
17 37340339 11 64
17 37863257 6 54
17 38145041 21 105
17 39333898 4 38
17 40478169 13 60
17 40831733 6 32
17 40937119 6 14
17 41056052 22 74
17 42164824 7 33
17 42275038 18 137
17 45266572 7 23
17 45369745 16 82
17 45773487 18 33
17 46629725 9 46
17 46629845 3 17
17 46690650 23 114
17 47874172 26 150
17 47874209 29 164
17 48762102 12 99
17 52981124 15 80
17 55926667 11 65
17 57289102 16 86
17 57760510 17 112
17 58235781 10 29
17 58511134 9 62
17 60769597 3 19
17 61499156 12 75
17 62270958 29 151
17 64961105 13 25
17 67144872 3 15
17 72915738 8 64
17 73847741 21 148
17 74902216 7 39
17 76832305 16 49
17 78280188 32 141
17 78336962 10 88
17 80048886 9 45
17 80159550 15 92
17 80789280 21 165
18 2656144 5 12
18 6964670 27 157
18 10696492 6 55
18 21057017 8 67
18 21500974 10 60
18 21532955 12 76
18 24436234 29 195
18 28918318 10 88
18 43496478 7 32
18 46645272 9 80
18 56203547 21 129
18 56936174 5 24
18 56936181 8 29
18 65181271 8 63
18 72238449 16 77
18 72632492 5 43
19 110706 53 486
19 829704 7 32
19 1095360 7 52
19 1825877 6 67
19 1825898 6 53
19 1980192 12 63
19 3573775 7 28
19 3624086 25 99
19 4839528 7 28
19 5626483 11 66
19 5745932 42 206
19 6697514 8 41
19 7619567 13 86
19 8038682 17 72
19 9058707 4 48
19 9086583 15 84
19 9089500 34 132
19 9490244 7 17
19 10230580 9 53
19 10403673 18 72
19 10418946 11 55
19 10431553 5 27
19 10670161 20 95
19 11687403 6 49
19 11832718 22 103
19 12126028 22 146
19 12383363 13 52
19 12462058 33 104
19 12758066 10 83
19 12792570 8 32
19 13063804 7 110
19 13386725 7 42
19 13875420 12 38
19 13928140 14 101
19 14074531 3 17
19 14758014 41 165
19 14939034 9 43
19 15918788 26 113
19 16272206 4 25
19 18104305 10 38
19 19648141 3 8
19 19906020 8 91
19 20959281 15 92
19 24310134 10 73
19 35757813 10 19
19 36211928 3 8
19 36350381 7 43
19 36430720 6 67
19 37441534 15 97
19 38673327 11 62
19 38993165 4 14
19 39096346 5 23
19 40383904 5 8
19 41135318 16 101
19 41384746 17 60
19 41388065 9 44
19 41928903 3 10
19 43683262 37 240
19 43979513 3 24
19 44590807 18 116
19 45920135 4 20
19 46026926 9 27
19 46191771 19 96
19 46317957 13 48
19 47879256 14 77
19 49174183 9 26
19 49259604 10 38
19 49526323 10 114
19 49639073 16 69
19 50195567 8 38
19 51022267 7 30
19 51914354 10 68
19 52658816 7 66
19 53344811 24 102
19 53453155 16 166
19 54646887 32 170
19 54780688 28 139
19 54782818 18 83
19 54868131 12 63
19 55828287 4 21
19 56241199 13 47
19 58232821 15 108
19 58291116 21 139
19 58385386 6 25
19 58989021 11 76
20 1517862 16 49
20 1552587 26 114
20 1961415 20 94
20 3766876 16 84
20 17434510 9 76
20 17639291 22 105
20 20031137 13 61
20 20055855 19 79
20 20056136 15 115
20 20505503 4 13
20 21142854 19 132
20 21494205 13 48
20 31022853 12 60
20 31024778 22 129
20 33596513 13 114
20 34055151 18 90
20 34091585 19 94
20 34505427 13 26
20 35281994 9 43
20 36997710 20 126
20 37126021 26 128
20 37153584 44 195
20 47274676 36 277
20 52199198 20 88
20 57485890 6 52
20 61526467 53 292
20 61527713 9 71
21 30331900 34 152
21 30437349 15 115
21 30437415 12 81
21 33044014 23 126
21 33076155 17 106
21 33867394 13 75
21 34116017 6 63
21 34166708 10 61
21 34809249 9 62
21 40834402 11 54
21 43309335 4 41
21 46057525 31 123
21 46066328 12 64
21 46363700 10 59
21 48068369 7 47
22 18273609 9 51
22 20102177 16 72
22 21355679 18 135
22 24376861 7 44
22 24462941 4 55
22 25155941 31 225
22 29650224 27 132
22 30951555 20 100
22 31334114 12 72
22 36700117 12 44
22 37455372 16 113
22 38043485 4 27
22 38266335 17 53
22 39499691 19 121
22 41551100 39 240
22 41574216 23 96
22 43539109 3 20
22 43579140 21 109
22 44592250 11 79
22 46725347 27 127
22 50647058 15 89
