chromosome_index position alt_count ref_count
1 66102454 3 36
1 66102455 3 35
1 145541826 103 184
1 153946513 4 110
1 236882230 5 91
2 73490861 3 42
2 141526782 17 20
2 168107404 88 136
3 49689598 15 5
3 126062550 4 20
3 139071614 5 46
3 196387859 4 99
4 3478152 14 19
4 128665942 3 18
7 129093996 44 11
8 9610052 4 43
8 42275434 4 90
9 3271010 49 94
10 104139100 4 110
11 26587320 3 46
11 64878172 5 65
11 94192645 95 163
11 117387439 4 29
12 51236885 3 17
12 96387718 5 93
12 100175842 4 25
12 112888163 76 181
13 78337278 6 124
15 75652504 6 159
17 7578272 76 14
17 67107007 4 25
17 67107008 4 25
17 73497637 15 5
17 80545114 4 21
18 31314300 16 3
19 3907782 4 42
19 7505360 3 20
19 46026060 4 14
20 40747084 108 167
20 48467338 8 45
