chromosome_index position alt_count ref_count
1 26751900 17 213
1 29320026 9 88
1 91178090 7 49
1 152058585 17 169
1 158651439 4 84
1 170633563 5 11
1 202121776 8 108
1 234563084 3 68
1 237551425 10 77
1 240979631 27 291
1 247150277 4 55
2 48925883 10 67
2 96690533 56 428
2 190437623 17 78
3 133467289 6 80
3 164908384 6 68
4 38829364 10 61
5 59284315 4 34
5 63871619 6 54
5 98192267 6 56
5 140793954 10 55
6 31940149 9 83
6 50810922 16 94
7 40220549 27 190
7 41729713 3 31
7 47832227 17 123
7 81591791 4 16
7 98457809 5 29
7 99447302 3 28
7 102760405 34 252
7 107431530 3 53
7 107580787 3 50
7 117431743 21 145
7 147914546 16 115
8 39695678 5 55
8 145111642 3 50
9 40716192 10 110
9 116053823 8 90
9 117033023 4 56
9 125621297 10 74
9 135564267 12 118
10 37430735 7 47
10 97397180 7 62
11 46897021 5 69
11 58482800 9 66
11 75319192 6 65
12 25398284 5 39
12 44132173 18 56
12 133732425 5 89
13 25479993 23 145
14 45646167 5 37
15 41188228 29 233
15 52446250 4 33
15 65703463 8 68
15 69003098 4 34
15 77425859 11 79
16 3340303 12 53
16 24942523 18 177
16 27782971 12 83
16 29086433 4 13
16 68260325 5 88
16 88873493 8 77
17 7004980 12 71
17 27067963 5 24
17 40321564 11 69
17 62019102 10 105
18 7015760 22 157
18 33778703 14 115
18 40695402 37 247
18 50985713 24 150
19 12911052 16 128
19 23329199 7 58
19 32902241 7 98
19 51165512 3 17
19 54823368 13 75
21 19632535 16 113
21 47697526 17 107
22 31524489 7 21
