chromosome_index position alt_count ref_count
1 1961453 17 36
1 1961472 17 36
1 6512126 11 51
1 8030977 6 35
1 9011498 16 43
1 9416573 7 8
1 12921152 25 87
1 13669173 26 102
1 17279959 6 29
1 19524208 3 15
1 19524215 4 14
1 19923492 15 45
1 20440630 10 31
1 20490647 10 19
1 20977185 24 11
1 23670749 5 10
1 23759693 12 23
1 23760772 9 27
1 23848447 7 33
1 24078240 4 14
1 24078346 5 12
1 24078361 6 8
1 24113777 9 35
1 32196711 5 27
1 33245004 5 25
1 35454317 8 18
1 36023765 14 55
1 38351461 27 30
1 39361710 4 23
1 39384655 13 49
1 40539719 14 50
1 46086631 10 32
1 47610594 8 35
1 52850273 9 29
1 54649831 13 76
1 56960519 30 4
1 59165694 21 82
1 62190936 22 38
1 67425385 6 44
1 92441988 7 18
1 92846426 6 44
1 100615052 5 30
1 101188842 5 14
1 109815025 12 19
1 109815538 10 20
1 109852489 4 15
1 110173305 6 13
1 110212136 4 37
1 114940291 13 23
1 117695881 8 42
1 119964551 12 57
1 145304567 48 630
1 145304608 41 689
1 148252781 15 85
1 148343671 22 141
1 149754593 11 8
1 150235217 14 39
1 150237051 25 31
1 152278472 27 55
1 153750818 15 41
1 154317602 7 21
1 154426969 35 54
1 154427027 46 86
1 156238112 16 71
1 156897387 4 20
1 158990292 6 10
1 160171065 27 59
1 160322992 11 50
1 162569088 7 28
1 162745581 7 37
1 167663477 12 27
1 169509975 17 40
1 170001044 37 6
1 172560172 25 34
1 180017795 19 25
1 181059519 8 39
1 182845989 17 28
1 196965170 11 35
1 200376337 4 35
1 200974481 16 33
1 201749672 7 46
1 204970376 50 83
1 207307836 26 28
1 207697084 19 81
1 207871117 47 156
1 209807944 7 47
1 223537304 8 45
1 228494860 6 27
1 229729879 4 8
1 237947390 6 15
1 244218891 22 59
1 247752384 37 75
1 248129394 41 89
1 248309150 51 110
1 248569550 7 28
2 9667992 10 49
2 9667999 10 49
2 9668007 10 50
2 10263582 17 57
2 16740741 25 49
2 24247121 29 39
2 25469057 9 37
2 27424683 6 31
2 27459279 18 36
2 27547302 41 118
2 27547338 40 99
2 27663526 33 124
2 39477469 6 26
2 43452520 11 27
2 44175581 8 18
2 44175607 10 15
2 44177733 25 38
2 44459672 15 52
2 54482100 12 23
2 67637329 7 12
2 70377147 3 17
2 74273966 12 17
2 77749270 19 49
2 85549569 3 23
2 86265930 10 52
2 86266480 10 50
2 86408434 12 35
2 86426610 5 45
2 88857388 8 14
2 98421889 14 19
2 100925654 9 25
2 110881535 22 50
2 113333262 9 26
2 128238691 5 10
2 130899945 7 58
2 133887672 17 13
2 136626216 8 36
2 145275290 4 6
2 152507262 13 61
2 155555258 5 19
2 167055379 22 50
2 169847359 13 23
2 170063588 15 31
2 170349383 24 20
2 177017826 7 25
2 179462437 7 23
2 179481293 3 27
2 179481857 27 6
2 179481956 6 13
2 183105003 15 13
2 189904256 21 36
2 192227049 37 8
2 198571760 14 10
2 201305383 6 22
2 201726555 30 68
2 210558119 8 13
2 210968836 17 34
2 220072422 7 11
2 232577696 3 20
2 233350575 10 6
2 234204209 17 50
2 239757039 8 14
2 241402919 16 44
3 9512245 30 34
3 10011415 7 10
3 10322155 7 19
3 10377945 18 28
3 12458466 11 17
3 15093854 7 4
3 37092278 22 15
3 38042986 22 7
3 42917302 7 18
3 45944539 18 13
3 47164447 19 19
3 49084624 3 41
3 49721388 18 16
3 50379941 9 34
3 51696554 10 11
3 52257135 12 62
3 52412643 12 18
3 53846062 6 8
3 63813388 10 19
3 69054329 11 33
3 74535633 16 18
3 78666904 18 17
3 101044797 7 24
3 107941091 8 56
3 108813772 20 38
3 111845843 15 54
3 118935061 5 49
3 119325689 13 38
3 121208086 9 61
3 121240856 11 25
3 122269447 10 49
3 125165577 5 20
3 127391844 3 6
3 129270146 8 40
3 129284253 15 34
3 132408001 9 31
3 133647777 20 55
3 137907290 10 34
3 141164487 6 40
3 141291535 13 55
3 149192538 3 21
3 155314020 17 99
3 155654232 31 59
3 158415319 3 18
3 160150959 35 62
3 160965077 26 138
3 170198769 4 56
3 173997105 12 43
3 178936091 29 47
3 179144019 17 65
3 183824066 10 69
3 184019826 4 24
3 184910079 4 46
3 184953231 3 7
3 185764660 11 64
4 1084614 17 18
4 1718566 20 32
4 5564516 6 24
4 7045505 3 7
4 8607757 24 20
4 15482423 7 12
4 37592147 15 8
4 38054812 16 31
4 38799315 10 34
4 38916592 6 40
4 40792633 9 34
4 41635754 15 37
4 44652035 13 31
4 48555334 18 48
4 62936592 13 12
4 70079880 39 56
4 70080030 17 34
4 70080441 31 54
4 77661028 5 9
4 78783930 13 13
4 79500189 11 16
4 82377721 8 24
4 83802025 3 17
4 86952575 13 19
4 89421099 8 20
4 110615848 8 11
4 124323449 16 32
4 128627997 14 42
4 129796327 15 19
4 159573124 8 12
4 164272516 8 39
4 174458096 18 40
4 184240795 18 38
4 187004428 4 37
4 187157959 13 47
4 187629805 18 46
5 876231 17 19
5 6756228 14 6
5 7802445 8 30
5 21752032 16 61
5 36971070 48 42
5 41918238 9 111
5 60188027 42 43
5 72251944 42 48
5 75960943 34 42
5 78351647 13 80
5 85583496 25 128
5 90106537 13 37
5 90669612 14 56
5 93076346 4 41
5 96031557 9 40
5 109025723 52 49
5 112389569 7 41
5 112437442 8 53
5 112889318 13 61
5 112902973 20 80
5 115782109 9 45
5 131796346 14 54
5 132535083 3 45
5 134061008 15 20
5 137275821 11 9
5 137801512 13 63
5 137803193 10 47
5 139007520 12 11
5 139007637 15 16
5 139838437 39 34
5 140203223 29 180
5 140237744 42 40
5 140625174 26 27
5 140762636 4 53
5 140764536 15 91
5 140789474 18 148
5 141007738 17 20
5 141303427 6 28
5 145175924 6 29
5 145379827 6 29
5 146775188 6 50
5 150920207 54 53
5 153372602 10 18
5 158126044 10 45
5 158584523 9 27
5 170818351 4 44
5 171614915 35 37
5 175772332 15 25
5 176025280 30 24
5 176524393 13 46
5 176638922 6 33
5 176639054 8 57
5 176943443 5 39
6 13615599 24 42
6 26271321 5 69
6 31779758 35 5
6 32095492 10 0
6 32148952 7 22
6 35261672 7 19
6 41085327 7 13
6 43109524 16 5
6 44116106 11 26
6 46048078 7 28
6 46761286 27 7
6 56347645 6 25
6 56392496 4 24
6 56463367 3 26
6 57048707 28 2
6 66204828 3 25
6 87969939 14 16
6 105736680 31 10
6 109004181 5 31
6 110714285 7 16
6 110777803 3 44
6 116600170 14 1
6 160183958 23 9
6 161071489 65 125
7 2703432 11 24
7 2962373 11 53
7 4827276 14 66
7 4874663 25 41
7 4899432 5 16
7 5410013 10 26
7 5940526 11 104
7 5983563 6 45
7 6064351 6 125
7 6820498 6 127
7 18067336 14 109
7 18674292 43 106
7 21805130 17 85
7 21945962 14 60
7 27150230 16 81
7 28863818 5 14
7 30825571 30 62
7 31146287 16 41
7 31736641 8 29
7 37136310 9 56
7 44621746 19 37
7 47323459 13 58
7 47698634 12 79
7 48353826 5 17
7 49815707 13 41
7 53103959 7 114
7 55224461 22 130
7 65547435 14 76
7 72413692 6 181
7 74005302 5 37
7 76135003 5 51
7 76135135 22 150
7 78150813 14 90
7 87104772 23 75
7 91726087 18 23
7 94166900 21 31
7 95001495 49 84
7 97842040 18 37
7 98638144 9 55
7 99022754 5 56
7 100193257 50 100
7 100218570 6 44
7 102988206 14 32
7 103969170 4 9
7 105097978 30 30
7 105254171 22 47
7 112102066 5 45
7 116199521 10 33
7 128488853 8 38
7 128492756 43 19
7 129832592 15 77
7 135073535 23 68
7 137567330 9 14
7 141176718 25 15
7 141176836 54 18
7 142561388 14 74
7 149255889 4 68
7 149462120 7 17
7 149490395 7 33
7 149522126 4 25
7 150841138 7 18
7 151921207 15 83
7 157361625 9 27
8 8561143 15 19
8 11188565 20 52
8 12043994 23 207
8 12942027 7 6
8 19818550 18 5
8 41530136 7 8
8 42286294 5 21
8 53852962 9 119
8 62430629 27 74
8 62537319 7 25
8 71036993 7 189
8 72129258 15 70
8 77776962 21 90
8 89068415 14 125
8 99962942 101 40
8 104513288 31 14
8 124998367 7 47
8 124998376 11 42
8 131792813 5 134
8 133899343 10 40
8 133925344 60 25
8 143618387 156 69
8 144650860 15 22
8 144900399 46 67
8 144922149 60 31
8 145730016 49 28
8 145739866 116 47
8 146107216 6 134
9 5055739 81 2
9 79320088 15 8
9 85615963 37 6
9 93606256 3 33
9 100328229 37 15
9 107288841 41 6
9 124528770 19 3
9 130249962 18 9
9 136276150 64 14
9 138710415 7 31
10 298777 18 61
10 298840 19 82
10 7218004 11 61
10 12191948 8 53
10 13538811 10 72
10 15254946 10 36
10 16526443 22 40
10 21073958 6 24
10 21962686 5 22
10 32337443 7 12
10 48372339 11 55
10 50108319 14 49
10 50732496 21 42
10 70204733 4 23
10 70706374 6 20
10 71255381 6 31
10 75051773 14 52
10 75561979 3 11
10 75562100 7 23
10 75757941 55 32
10 82267046 23 88
10 94675644 6 35
10 94675656 5 34
10 97158831 23 71
10 98823227 15 57
10 99228834 7 21
10 101090702 5 31
10 101923794 18 99
10 102257878 13 48
10 103292049 16 45
10 105141483 18 32
10 106927067 13 39
10 114575252 11 18
10 116064526 10 50
10 119805356 12 35
10 124008568 3 27
10 126677841 6 17
10 128193393 5 38
10 129906554 30 150
10 134621949 9 37
10 134942343 6 13
11 407878 15 33
11 727070 5 18
11 2424430 17 43
11 4674952 8 13
11 6867763 10 35
11 7949991 8 21
11 8737223 37 90
11 12958994 12 43
11 13391231 24 32
11 17378247 16 52
11 18042628 19 44
11 18587959 6 25
11 19259631 9 25
11 30034510 12 5
11 30352826 20 25
11 31452441 5 14
11 35454134 10 20
11 45274066 6 25
11 45931542 11 22
11 57093827 4 17
11 60075671 4 23
11 62746957 12 36
11 64877380 18 34
11 65307845 6 15
11 65390978 15 35
11 66276797 10 32
11 66276984 7 15
11 67173470 9 41
11 67926451 8 21
11 71907080 10 36
11 77812242 4 11
11 82905689 15 53
11 89133529 3 25
11 93461907 14 27
11 93463406 7 12
11 93464199 15 24
11 94278935 9 26
11 94278963 9 27
11 94759225 17 39
11 95521679 7 10
11 96075102 4 8
11 111612271 8 27
11 111746780 6 13
11 113661713 14 40
11 117089862 4 6
11 117104984 16 42
11 118772086 26 49
11 122931451 12 12
12 465702 8 15
12 4881842 3 9
12 5020790 21 67
12 5603482 6 18
12 6573351 5 13
12 6703682 14 32
12 6981406 7 40
12 6981744 4 33
12 7052772 4 18
12 7289646 9 22
12 7640557 12 42
12 11420837 11 25
12 18865847 15 45
12 22697436 6 12
12 27648695 6 28
12 27809592 10 43
12 31613205 8 26
12 46591766 4 17
12 47186809 17 46
12 49212635 6 9
12 49254855 6 9
12 50476634 16 50
12 52376575 4 17
12 53207817 10 32
12 53689306 8 18
12 55422987 10 47
12 55423100 10 26
12 56515904 17 57
12 56745189 7 16
12 57039674 14 30
12 58190249 17 29
12 59266440 9 27
12 62103080 4 14
12 70048688 11 29
12 96275268 16 28
12 96679840 6 8
12 97330437 4 22
12 106633120 11 20
12 107367619 8 14
12 110221141 16 39
12 110221470 14 30
12 113448279 6 16
12 113715092 6 27
12 120124075 3 7
12 120621381 9 35
12 120894893 13 45
12 122326835 11 27
12 122677437 10 32
12 123062283 14 26
12 132446159 5 24
12 132589579 10 33
12 132589811 7 27
12 132589847 4 22
12 133197112 8 26
13 28608102 13 58
13 28868250 10 47
13 29599166 9 27
13 32805362 7 61
13 35736037 15 13
13 43597830 12 9
13 45768695 13 25
13 58207445 9 60
13 61988033 5 15
13 73539531 7 53
13 76395533 7 54
13 77625989 5 42
13 78320653 18 46
13 79190976 7 36
13 86370594 5 72
13 88329806 4 20
13 95727803 10 60
13 96234514 12 84
13 108881678 9 73
13 109365026 6 44
13 110831667 21 59
13 114150193 30 37
14 22887341 7 15
14 23354206 11 48
14 23421630 5 26
14 24003250 15 37
14 24791337 15 40
14 29261122 17 26
14 33291517 5 10
14 45693269 15 35
14 50101845 9 24
14 52734613 21 30
14 61747694 7 16
14 61748261 10 21
14 64990421 3 17
14 69995102 12 27
14 70237973 11 47
14 74041640 16 44
14 74156098 7 30
14 77712334 17 67
14 79933648 9 26
14 81534646 8 28
14 89626750 6 9
14 90754812 9 26
14 90755022 7 20
14 102805188 22 46
14 103434891 3 22
14 103988711 15 38
14 105477866 11 18
14 105995723 11 41
14 106780579 41 125
15 23303929 6 22
15 24928043 8 19
15 26791514 7 33
15 31357253 7 39
15 33954946 7 90
15 42434798 7 32
15 42434897 13 31
15 42853526 9 32
15 43103915 6 27
15 43817874 5 32
15 43893150 10 80
15 51696532 11 21
15 51778394 14 55
15 52656783 4 12
15 55912932 8 32
15 63341214 25 103
15 63619425 15 95
15 63916527 17 38
15 63918234 9 26
15 64039150 8 55
15 64460459 8 24
15 65756239 6 32
15 67547055 4 11
15 72120255 7 25
15 72172110 4 16
15 74751128 5 49
15 75105286 5 28
15 75664219 10 43
15 75941967 13 34
15 77329469 16 42
15 77426003 16 100
15 79189516 4 44
15 79189923 16 102
15 79764458 12 45
15 80464522 8 25
15 85400594 12 20
15 85438326 14 25
15 85476463 17 21
15 90167264 6 17
15 90167357 3 11
15 90771663 14 12
15 90771715 14 9
15 90903722 4 9
15 90986629 4 14
15 90986659 4 16
15 98981426 19 51
15 99504622 5 11
16 318797 14 28
16 1392015 9 22
16 2213913 14 9
16 2652095 13 19
16 3071661 3 15
16 3613849 7 16
16 8993571 10 19
16 19883813 6 15
16 20818300 12 13
16 27781220 20 18
16 29913117 5 14
16 31106931 6 11
16 31273048 10 29
16 31488810 11 13
16 53686744 9 17
16 57787337 15 32
16 57787430 15 25
16 66785177 16 72
16 66788883 28 28
16 67183392 6 53
16 67354689 4 44
16 68732099 43 44
16 69294158 12 37
16 69727455 3 31
16 70917970 8 25
16 71012846 8 44
16 72090431 21 25
16 75033937 8 62
16 77756503 19 71
16 83813660 4 35
16 84600379 19 78
16 89212381 26 33
16 89922026 17 29
17 63648 10 21
17 685514 4 23
17 3920807 17 11
17 3962500 4 18
17 4437146 12 20
17 4805354 16 20
17 7132958 10 27
17 7133189 18 33
17 7350871 24 15
17 7578454 6 17
17 7819061 21 23
17 8736353 30 14
17 11666898 16 44
17 16347309 40 19
17 17088471 11 10
17 19284341 6 12
17 20805926 19 31
17 27425864 16 49
17 30669122 11 45
17 33459413 7 28
17 34499728 7 36
17 35605034 12 32
17 35766393 10 25
17 36882218 11 33
17 37187378 18 26
17 37187556 29 83
17 37187642 27 88
17 38296801 4 17
17 38784706 12 45
17 39216311 26 115
17 39280025 24 137
17 40854472 13 82
17 41004444 21 60
17 41062954 12 38
17 41177998 44 61
17 41209115 16 76
17 41478083 20 47
17 44249450 25 59
17 45214547 7 47
17 45219631 14 32
17 45481351 5 28
17 45699558 13 46
17 47038294 8 27
17 47236506 16 38
17 49710909 22 58
17 61904935 6 27
17 65067928 7 9
17 73049141 20 55
17 73838662 9 41
17 74076903 14 16
17 74086476 19 72
17 74087299 14 25
17 74622103 15 50
17 78078917 7 34
17 79152851 27 11
17 79478259 13 59
17 79478517 14 23
17 79479015 17 39
17 79870304 13 35
18 5415862 11 9
18 24081043 26 50
18 29867235 4 12
18 33077855 14 27
18 44268784 16 37
18 52895567 10 40
18 55155651 6 5
18 56998762 14 27
18 57570153 4 4
18 61027005 14 37
18 71815058 4 9
19 727627 6 36
19 872088 14 26
19 3959554 15 20
19 4525824 8 52
19 5455848 19 49
19 7595300 17 32
19 7595360 15 21
19 10446644 5 22
19 10472206 13 59
19 10557036 16 82
19 13002100 10 23
19 13248327 7 63
19 14521880 4 44
19 14705483 13 45
19 15537963 10 64
19 15905062 11 119
19 16472569 10 27
19 18085015 4 51
19 18391505 13 11
19 19414722 21 18
19 32843799 6 32
19 35170801 17 97
19 36109886 4 25
19 36212558 10 72
19 37619729 21 19
19 38572047 7 25
19 38979846 20 36
19 39096370 5 24
19 40224976 8 19
19 40554664 24 88
19 40827746 5 11
19 40895581 21 29
19 42600013 9 62
19 42752793 3 17
19 44129384 17 37
19 45822923 28 113
19 47261273 8 32
19 48619186 17 19
19 49090586 7 34
19 49133018 4 17
19 50390972 9 14
19 54377813 33 144
19 54723752 5 10
19 55086305 40 57
19 55378121 34 33
19 55593878 11 54
19 55677347 7 30
19 57085849 5 69
19 57088790 7 33
19 58063842 4 56
19 58326200 5 20
19 59056853 12 40
20 377073 10 66
20 1275602 13 116
20 3145076 4 22
20 3677876 6 52
20 9561029 7 64
20 10603872 5 28
20 17596576 7 46
20 17922931 9 49
20 23476465 6 33
20 23804665 10 83
20 24959457 6 35
20 30605646 7 47
20 31680335 10 40
20 31789380 19 82
20 32661383 8 63
20 33122637 13 1
20 33440300 11 50
20 36641799 4 19
20 36766609 9 67
20 40713386 10 67
20 41400179 27 15
20 42090207 4 49
20 42090389 7 47
20 42907817 6 31
20 42907862 10 30
20 42907877 10 30
20 42908023 16 44
20 43995845 11 46
20 44424004 9 47
20 44994821 9 101
20 46331391 10 47
20 47691377 8 51
20 48522082 4 37
20 50705004 16 93
20 55012265 33 26
20 55214001 12 12
20 57019856 22 15
20 62198726 18 107
20 62562981 32 26
21 30391662 9 6
21 30439221 7 41
21 34106610 9 23
21 34106611 9 23
21 34883749 5 21
21 35201969 9 22
21 40641950 4 9
21 45547964 8 23
21 45970674 16 75
22 18894274 7 17
22 24126482 6 7
22 26860208 5 28
22 26937096 17 69
22 27068213 21 52
22 29956795 4 21
22 30639682 7 36
22 31032418 6 37
22 38993310 7 80
22 39078412 9 35
22 39445549 11 35
22 39445552 11 34
22 40801689 20 19
22 47089360 22 21
22 47095335 4 58
22 47857398 10 39
