chromosome_index	start_position	end_position	major_cn	minor_cn	total_cn
1	10001	840590	1.0	1.0	2.0
1	840591	1673745	1.0	1.0	2.0
1	1673746	1793034	1.0	0.0	1.0
1	1793035	58693345	1.0	1.0	2.0
1	58693346	116073084	1.0	1.0	2.0
1	116073085	116094578	1.0	1.0	2.0
1	116094579	121499999	1.0	1.0	2.0
1	121500000	128899999	1.0	1.0	2.0
1	128900000	143887601	1.0	1.0	2.0
1	143887602	144835903	1.0	1.0	2.0
1	144835904	174359985	4.0	1.0	5.0
1	174359986	174889924	1.0	0.0	1.0
1	174889925	202375197	4.0	1.0	5.0
1	202375198	202405339	4.0	1.0	5.0
1	202405340	204282642	4.0	1.0	5.0
1	204282643	204666434	4.0	2.0	6.0
1	204666435	240655612	4.0	1.0	5.0
1	240655613	240657614	4.0	1.0	5.0
1	240657615	247247500	4.0	1.0	5.0
1	247247501	249250620	4.0	1.0	5.0
2	59992	71613758	1.0	1.0	2.0
2	71613759	71924486	1.0	0.0	1.0
2	71924487	72804954	1.0	1.0	2.0
2	72804955	72920264	1.0	0.0	1.0
2	72920265	90453801	1.0	1.0	2.0
2	90453802	90499999	1.0	1.0	2.0
2	90500000	96799999	1.0	1.0	2.0
2	96800000	196123255	1.0	1.0	2.0
2	196123256	196134811	1.0	1.0	2.0
2	196134812	242852391	1.0	1.0	2.0
2	242852392	242951000	1.0	1.0	2.0
3	100074	13112200	1.0	1.0	2.0
3	13112201	13122535	1.0	1.0	2.0
3	13122536	87899999	1.0	1.0	2.0
3	87900000	93899999	1.0	1.0	2.0
3	93900000	160405098	1.0	1.0	2.0
3	160405099	160405304	1.0	1.0	2.0
3	160405305	169529984	1.0	1.0	2.0
3	169529985	169532436	1.0	1.0	2.0
3	169532437	169533602	1.0	1.0	2.0
3	169533603	169548293	1.0	1.0	2.0
3	169548294	181161893	1.0	1.0	2.0
3	181161894	181180274	2.0	1.0	3.0
3	181180275	197847500	1.0	1.0	2.0
4	35422	48199999	1.0	1.0	2.0
4	48200000	52699999	1.0	1.0	2.0
4	52700000	118298905	1.0	1.0	2.0
4	118298906	118310659	1.0	1.0	2.0
4	118310660	133464859	1.0	1.0	2.0
4	133464860	133479117	1.0	1.0	2.0
4	133479118	191154275	1.0	1.0	2.0
5	14676	46099999	2.0	1.0	3.0
5	46100000	50699999	2.0	1.0	3.0
5	50700000	65533414	2.0	1.0	3.0
5	65533415	65542362	2.0	1.0	3.0
5	65542363	92351218	2.0	1.0	3.0
5	92351219	92358880	2.0	1.0	3.0
5	92358881	102229270	2.0	1.0	3.0
5	102229271	107260299	2.0	1.0	3.0
5	107260300	107260485	2.0	1.0	3.0
5	107260486	107263031	2.0	0.0	2.0
5	107263032	107527481	2.0	0.0	2.0
5	107527482	120589902	2.0	1.0	3.0
5	120589903	120589981	2.0	1.0	3.0
5	120589982	120593145	2.0	1.0	3.0
5	120593146	120593440	2.0	1.0	3.0
5	120593441	158580008	2.0	1.0	3.0
5	158580009	158580182	2.0	1.0	3.0
5	158580183	180689978	2.0	1.0	3.0
6	39681	253037	3.0	1.0	4.0
6	253038	340035	3.0	1.0	4.0
6	340036	58699999	3.0	1.0	4.0
6	58700000	63299999	3.0	1.0	4.0
6	63300000	67365010	3.0	1.0	4.0
6	67365011	170898626	1.0	0.0	1.0
7	40386	1976927	2.0	1.0	3.0
7	1976928	2037236	2.0	1.0	3.0
7	2037237	57999999	2.0	1.0	3.0
7	58000000	61699999	2.0	1.0	3.0
7	61700000	90201649	2.0	1.0	3.0
7	90201650	90201817	2.0	1.0	3.0
7	90201818	122181514	2.0	1.0	3.0
7	122181515	122294960	1.0	1.0	2.0
7	122294961	133452569	2.0	1.0	3.0
7	133452570	133657749	2.0	0.0	2.0
7	133657750	158821400	2.0	1.0	3.0
8	10001	159250	1.0	1.0	2.0
8	159251	16120116	1.0	1.0	2.0
8	16120117	16120789	1.0	1.0	2.0
8	16120790	43099999	1.0	1.0	2.0
8	43100000	48099999	1.0	1.0	2.0
8	48100000	146364021	1.0	1.0	2.0
9	47500	203936	2.0	0.0	2.0
9	203937	3033268	2.0	0.0	2.0
9	3033269	3039523	2.0	0.0	2.0
9	3039524	21926223	2.0	0.0	2.0
9	21926224	22044833	2.0	0.0	2.0
9	22044834	22065560	2.0	0.0	2.0
9	22065561	22066624	2.0	0.0	2.0
9	22066625	44206253	2.0	0.0	2.0
9	44206254	47299999	1.0	1.0	2.0
9	47300000	50699999	1.0	1.0	2.0
9	50700000	140273200	1.0	1.0	2.0
9	140273201	141031991	1.0	1.0	2.0
10	105081	30629097	2.0	1.0	3.0
10	30629098	30685526	3.0	1.0	4.0
10	30685527	30690140	3.0	1.0	4.0
10	30690141	37999999	1.0	1.0	2.0
10	38000000	42299999	1.0	1.0	2.0
10	42300000	103532424	1.0	1.0	2.0
10	103532425	103533274	1.0	1.0	2.0
10	103533275	135389924	1.0	1.0	2.0
11	20721	196943	1.0	1.0	2.0
11	196944	28233479	1.0	1.0	2.0
11	28233480	28236617	1.0	1.0	2.0
11	28236618	31504219	1.0	1.0	2.0
11	31504220	31510932	1.0	1.0	2.0
11	31510933	31512357	1.0	1.0	2.0
11	31512358	31512370	1.0	1.0	2.0
11	31512371	31550236	1.0	1.0	2.0
11	31550237	31735945	1.0	1.0	2.0
11	31735946	51599999	1.0	1.0	2.0
11	51600000	55699999	1.0	1.0	2.0
11	55700000	134452200	1.0	1.0	2.0
12	110107	224646	1.0	1.0	2.0
12	224647	19381449	1.0	1.0	2.0
12	19381450	19455596	1.0	0.0	1.0
12	19455597	33299999	1.0	1.0	2.0
12	33300000	38199999	1.0	1.0	2.0
12	38200000	102259634	1.0	1.0	2.0
12	102259635	102326449	1.0	0.0	1.0
12	102326450	132349400	1.0	1.0	2.0
12	132349401	133851894	1.0	1.0	2.0
13	1	16299999	1.0	1.0	2.0
13	16300000	19499999	1.0	1.0	2.0
13	19500000	23931954	1.0	1.0	2.0
13	23931955	76884049	1.0	0.0	1.0
13	76884050	114142800	1.0	1.0	2.0
13	114142801	115169877	1.0	1.0	2.0
14	1	16099999	1.0	1.0	2.0
14	16100000	19099999	1.0	1.0	2.0
14	19100000	106368400	1.0	1.0	2.0
15	1	15799999	2.0	1.0	3.0
15	15800000	20699999	2.0	1.0	3.0
15	20700000	22617111	2.0	1.0	3.0
15	22617112	42810485	2.0	1.0	3.0
15	42810486	42857212	1.0	1.0	2.0
15	42857213	65034475	2.0	1.0	3.0
15	65034476	65088950	1.0	1.0	2.0
15	65088951	71434867	2.0	1.0	3.0
15	71434868	71757375	1.0	1.0	2.0
15	71757376	76191127	2.0	1.0	3.0
15	76191128	100338800	2.0	1.0	3.0
15	100338801	102432578	2.0	1.0	3.0
16	100010	31959969	1.0	1.0	2.0
16	31959970	34599999	1.0	1.0	2.0
16	34600000	38599999	1.0	1.0	2.0
16	38600000	46452500	1.0	1.0	2.0
16	46452501	50641897	1.0	1.0	2.0
16	50641898	50671355	1.0	1.0	2.0
16	50671356	88827200	1.0	1.0	2.0
16	88827201	90354752	1.0	1.0	2.0
17	12500	22199999	1.0	0.0	1.0
17	25800000	34843809	1.0	1.0	2.0
17	34843810	34918957	1.0	0.0	1.0
17	34918958	55196411	1.0	1.0	2.0
17	55196412	55198432	1.0	1.0	2.0
17	55198433	78774600	1.0	1.0	2.0
17	78774601	81195209	1.0	1.0	2.0
18	27500	15399999	1.0	1.0	2.0
18	15400000	18999999	1.0	1.0	2.0
18	19000000	76117000	1.0	1.0	2.0
18	76117001	78077247	1.0	1.0	2.0
19	102500	24399999	1.0	1.0	2.0
19	24400000	28599999	1.0	1.0	2.0
19	28600000	59128982	1.0	1.0	2.0
20	32157	15421798	2.0	1.0	3.0
20	15421799	15544339	1.0	1.0	2.0
20	15544340	25599999	2.0	1.0	3.0
20	25600000	29399999	2.0	1.0	3.0
20	29400000	56988210	2.0	1.0	3.0
20	56988211	56992182	2.0	1.0	3.0
20	56992183	62432500	2.0	1.0	3.0
21	10900000	14299999	1.0	1.0	2.0
21	14300000	22266345	1.0	1.0	2.0
21	22266346	22286545	1.0	1.0	2.0
21	22286546	22912128	1.0	1.0	2.0
21	22912129	22927633	1.0	0.0	1.0
21	22927634	46937500	1.0	1.0	2.0
21	46937501	48129894	1.0	1.0	2.0
22	1	12199999	1.0	1.0	2.0
22	12200000	17899999	1.0	1.0	2.0
22	17900000	49687500	1.0	1.0	2.0
22	49687501	51304565	1.0	1.0	2.0
