chromosome_index position alt_count ref_count
1 38478519 25 87
1 115123932 20 194
1 152324080 53 501
1 152777721 8 65
1 197169426 7 59
2 179449074 6 105
2 179615125 5 55
3 50334946 4 18
3 179754419 8 135
3 189702344 3 46
4 110864414 11 38
7 21826345 15 101
7 36910037 7 88
7 100678485 88 305
7 151127216 7 43
8 20110914 4 24
9 27950458 19 180
9 109685642 5 49
10 105801073 16 38
11 65314313 15 47
11 77412339 19 187
11 124857123 8 64
12 132209998 10 54
16 20811285 4 46
17 46805519 17 75
18 67992626 3 34
19 6004297 4 54
19 19313911 3 9
19 21607304 4 59
20 45131186 16 129
20 47863892 14 43
22 19055731 4 10
22 50278227 4 88
