chromosome_index position alt_count ref_count
1 3640003 5 42
1 12389897 12 50
1 17958953 24 146
1 24388577 20 161
1 27623588 7 22
1 27631682 8 26
1 28819542 4 86
1 34166245 22 64
1 50642770 5 32
1 64095755 7 93
1 116931580 5 64
1 153965294 20 175
1 154300640 7 67
1 161823073 3 37
1 169512142 36 193
1 231471279 9 62
1 231471422 35 148
2 10136044 33 230
2 10192502 8 66
2 28801013 4 65
2 31572693 4 60
2 37076562 3 41
2 39212886 7 37
2 44036863 8 29
2 44036898 5 15
2 44036905 5 14
2 44040419 10 35
2 54876994 11 55
2 69172444 13 74
2 73315528 15 55
2 89326712 27 125
2 98744726 32 123
2 130951802 10 77
2 141812761 8 83
2 166848189 10 83
2 170557854 6 37
2 171710417 7 140
2 179575377 10 116
2 183703267 22 115
2 183790349 13 33
2 189909924 7 30
2 190640311 4 36
2 201400832 8 90
2 202539927 7 6
2 233655998 16 72
2 234669201 12 175
3 9482170 7 17
3 10362691 12 49
3 13916516 9 67
3 44636265 14 61
3 44943347 11 61
3 49756011 5 23
3 49756493 27 99
3 49756494 28 99
3 93611862 7 69
3 99881261 8 32
3 122667459 10 31
3 129290522 22 115
3 132948130 9 66
3 137888979 12 89
3 183442274 5 44
4 2934873 6 34
4 2934901 3 37
4 36195235 6 30
4 42403249 16 121
4 76570589 3 41
4 126237764 4 31
5 9629539 10 31
5 36049133 24 98
5 36049523 5 24
5 45303768 7 71
5 52361774 25 102
5 66259613 22 66
5 125813438 24 74
5 132198223 11 29
5 134023941 14 45
5 140175188 25 75
5 140782758 7 44
5 140782853 19 65
5 168100246 21 64
5 176696618 3 55
5 177690246 9 28
6 1390560 8 31
6 1390569 6 31
6 10796367 9 79
6 29274561 13 75
6 30029223 7 36
6 31922614 28 156
6 32015617 4 15
6 33271748 15 97
6 35426107 46 165
6 35923092 4 64
6 41738604 9 34
6 42146620 34 156
6 43181255 12 69
6 46607286 9 94
6 46607298 7 83
6 100911253 17 85
6 116436852 8 21
6 137330458 15 106
6 139583802 19 62
6 144416498 21 78
6 159654497 3 14
7 17879515 5 35
7 37252967 11 79
7 43485074 3 21
7 75625767 8 43
7 107329646 19 117
7 122130270 7 152
8 49831338 24 59
8 113353795 22 106
8 113353910 5 19
8 124383930 8 56
8 133851656 22 130
8 139163874 29 124
8 144811408 26 106
9 2088542 10 88
9 17502622 4 16
9 26995683 9 78
9 79959136 17 68
9 115950730 9 64
9 137293529 26 60
10 468809 12 80
10 888915 5 52
10 5567418 11 35
10 5790413 12 60
10 55587219 11 64
10 64950860 6 31
10 74803686 31 252
10 82043687 18 85
10 88206121 10 95
10 95275294 18 71
10 102789913 4 24
10 106214254 19 112
10 118321149 23 80
10 135053307 3 34
11 408082 20 75
11 720214 7 33
11 2428020 7 48
11 7022459 12 79
11 7531263 10 87
11 46567156 15 114
11 46567257 14 61
11 57457644 6 81
11 61026231 15 70
11 64855481 7 107
11 66453742 5 37
11 70003070 4 19
11 92616261 16 81
11 108384321 14 85
11 111784264 7 108
11 113683113 10 82
11 124310774 5 55
12 24048864 38 208
12 52866987 20 148
12 53044194 55 200
12 56118347 4 28
12 58017661 15 97
12 62783261 16 60
12 62798096 14 48
12 66770815 16 110
12 90036059 45 277
12 93247696 8 34
12 108006588 8 46
12 117698400 4 35
12 122825899 20 73
12 133257231 15 73
13 28834599 27 61
13 32745308 36 58
13 113532571 4 91
13 114077230 31 98
14 24648055 14 199
14 50845041 14 25
14 58831244 8 23
14 100795895 30 98
15 49074365 12 68
15 49285034 28 104
15 59500904 9 172
15 90119305 3 25
15 99670051 3 22
16 613542 4 25
16 1552951 13 152
16 2094652 6 80
16 3293384 15 73
16 3367786 19 81
16 16276399 11 56
16 27460606 13 29
16 28913966 17 60
16 30129483 6 46
16 31341460 6 27
16 67208978 34 189
16 68224692 6 143
16 70299548 12 22
16 70562947 12 87
16 88694357 14 79
16 89925754 2 16
17 2601720 12 20
17 2603983 4 38
17 27889911 9 76
17 30315444 8 45
17 62486958 9 109
17 63173909 35 148
17 63534317 18 34
17 65907091 9 67
17 72233573 7 89
17 72781647 22 211
17 73512921 3 17
18 3880081 4 16
18 22807156 15 64
18 28908201 16 76
18 67816249 22 102
19 8617036 8 142
19 11213402 29 143
19 38126225 9 50
19 38160986 18 130
19 41281341 8 42
19 44778410 9 67
19 47729818 5 10
19 58101415 8 48
20 422526 8 104
20 3211439 8 38
20 3211823 14 141
20 23966391 61 146
20 30525290 12 44
20 33586326 4 46
20 36959492 9 103
20 37182516 7 20
20 37182716 29 75
20 43940280 28 42
20 60878630 9 120
21 17443531 33 89
21 32617837 11 35
21 47850003 11 43
21 47851509 12 60
21 47851760 9 40
22 19164697 12 38
22 30403279 12 48
22 50192221 15 76
