chromosome_index position alt_count ref_count
1 24419503 19 20
1 52889613 17 17
1 157665373 24 45
1 171254528 39 66
2 209113112 41 64
2 225266432 4 80
3 51929062 11 308
4 100235204 13 390
5 16694555 24 183
6 79944255 15 193
6 133015129 4 90
9 27950110 41 65
11 104915359 26 420
12 24736169 11 9
12 49992644 68 83
14 97321577 79 107
14 103599762 45 59
15 64506110 8 235
16 71602180 3 62
17 7577120 28 31
17 7578466 49 49
18 28983444 28 34
19 1008916 4 28
19 41183289 18 26
19 41223412 41 82
19 55086405 102 111
19 56466833 7 192
20 23472506 6 117
