chromosome_index position alt_count ref_count
1 9019038 31 847
1 16261756 13 436
1 26158574 8 33
1 43738819 3 64
1 112318850 51 177
1 115124237 7 40
1 152282663 169 153
1 152287816 24 118
1 240977019 13 51
2 79363155 12 94
2 90044156 71 232
2 99786056 6 36
2 179604027 24 796
2 179612039 62 271
3 51400103 96 104
3 109049613 47 243
3 113187693 10 67
3 113327010 152 734
3 113955519 41 113
3 121825047 96 499
3 122647430 36 35
3 179104387 56 341
4 123167884 38 75
4 134073019 14 55
5 442583 9 40
5 9629601 55 97
5 36197738 10 78
5 82837371 13 320
5 86695308 17 579
5 140503174 14 32
5 175306958 30 106
5 176002093 5 76
6 16254873 38 913
6 29141380 12 47
6 32803463 119 307
6 34256522 15 235
6 43251672 23 66
6 94120434 54 140
7 4823018 17 17
7 100364276 40 11
7 104752974 53 345
7 141540915 16 20
9 97062480 29 98
9 113173601 15 51
9 127113292 4 34
9 131757794 22 653
9 131761521 51 699
10 20290850 19 80
11 1858460 3 12
11 44069884 42 289
11 46387847 8 7
11 66000503 119 477
11 71238604 26 207
11 75160025 11 78
11 82625793 66 83
11 108381960 21 168
12 2968463 24 132
12 3782756 180 183
12 54059178 66 219
12 70965067 11 501
12 107395141 24 91
12 122079643 20 50
12 124283833 14 120
12 131466490 244 904
12 132627283 6 46
13 25374504 32 152
13 67205409 60 250
13 99452646 50 265
14 20502317 63 126
14 45431568 30 17
14 106733175 286 1095
15 35192832 22 339
16 830720 95 88
16 22270016 9 264
16 27374954 18 114
16 29853155 25 108
16 75663365 9 245
19 7607795 4 21
19 10897342 65 75
19 11888502 49 59
19 18085960 55 86
19 40895854 17 42
19 43376096 384 953
19 47844503 4 95
20 10653614 7 30
21 47545703 5 11
22 29709874 3 34
22 29834928 46 1302
