chromosome_index	start_position	end_position	major_cn	minor_cn	total_cn
1	61735	51545048	1	1	2
1	51566271	104874422	1	0	1
1	104874895	105193347	1	1	2
1	105193834	109344051	1	0	1
1	109345715	109370514	2	1	3
1	109371874	121482979	1	0	1
1	144007049	249224388	1	1	2
2	12784	243089456	1	1	2
3	60345	10003856	1	1	2
3	10006079	81163043	1	0	1
3	81165558	123312425	1	1	2
3	123315520	129660059	2	0	2
3	129662917	197896118	1	1	2
4	12281	191027923	1	1	2
5	15532	180790320	1	1	2
6	149661	146270322	1	1	2
6	146270587	153437879	1	0	1
6	153440049	171051005	1	1	2
7	43259	49614411	1	1	2
7	49614427	50014086	1	0	1
7	50014595	66614306	1	1	2
7	66616604	70292316	1	0	1
7	70292329	70551949	1	1	2
7	70552532	78349055	1	0	1
7	78350594	78516747	1	1	2
7	78525076	82725319	1	0	1
7	82725618	82890783	1	1	2
7	82893679	159127004	1	0	1
8	31254	146298155	1	1	2
9	46587	141091394	1	1	2
10	72759	135506704	1	0	1
11	198572	134944770	1	1	2
12	150442	69961051	1	1	2
12	69963366	133778189	1	0	1
13	19026949	58132535	1	1	2
13	58134480	58670147	1	0	1
13	58670213	115108397	1	1	2
14	19002124	107285437	1	1	2
15	20016328	102469040	1	1	2
16	60777	59789389	2	1	3
16	59790025	90287535	2	0	2
17	526	22227841	1	0	1
17	22235650	81049726	1	1	2
18	48133	78015057	1	0	1
19	90910	59097854	1	1	2
20	61305	16800566	1	0	1
20	16801758	21193652	1	1	2
20	21194435	22270688	1	0	1
20	22270882	53529485	1	1	2
20	53529713	53981990	1	0	1
20	53982027	62956153	1	1	2
21	10736871	15685182	0	0	0
21	15685452	16851122	1	0	1
21	16851324	18852605	0	0	0
21	18856515	22041903	1	0	1
21	22042094	48096957	1	1	2
22	16052528	51234455	1	1	2
