chromosome_index position alt_count ref_count
1 10436630 88 94
1 20073736 22 313
1 31769485 44 66
1 70541760 14 29
1 78194222 30 60
1 82409320 19 109
1 110735252 15 59
1 144902975 9 45
1 145525061 11 225
1 149858806 18 218
1 149885007 17 182
1 150464139 42 202
1 151138584 4 7
1 152944717 3 15
1 153598847 46 444
1 154422396 25 185
1 157509129 10 68
1 158584068 14 69
1 175360440 46 86
1 183908081 45 133
1 204228701 18 105
1 204228702 18 105
1 205689671 11 139
1 205740776 34 120
1 207751391 17 130
1 227441855 6 48
1 233514864 25 97
1 237774276 18 31
1 247265290 56 58
2 277226 48 149
2 1652006 38 141
2 24260579 13 189
2 31489172 13 53
2 70528037 27 166
2 80101241 12 45
2 96949642 7 10
2 128018852 4 91
2 130951907 24 120
2 132237774 15 326
2 140992396 10 26
2 162735721 13 58
2 175301048 6 227
2 179425729 62 93
2 179606566 4 22
2 192700900 53 174
2 201718134 8 82
2 210557842 37 70
2 210570428 19 75
2 219896286 56 209
2 238249550 32 55
2 241826542 26 90
3 14712462 8 48
3 30842577 25 28
3 41266124 10 14
3 44635634 4 28
3 72866403 15 58
3 127381120 21 35
3 141006210 74 200
3 189675648 7 25
4 25370866 12 31
4 62863911 10 30
4 73012878 8 71
4 77116918 5 116
4 78652569 6 14
4 80329119 74 90
4 85716110 9 18
4 85716111 9 17
4 89334306 27 205
4 93225765 10 26
4 126240611 31 66
4 129925026 19 22
4 140270690 9 28
4 143081533 14 63
4 164534638 8 43
4 187627769 43 128
5 639206 13 92
5 15937008 6 26
5 24537720 10 33
5 26906156 29 94
5 34824141 4 71
5 40764982 8 49
5 68670478 4 30
5 108133869 33 42
5 140589829 51 55
6 7414615 13 72
6 25917311 10 103
6 29080183 11 112
6 32156269 11 36
6 32156270 11 35
6 39512386 5 57
6 41743230 7 49
6 44274243 33 769
6 49753774 63 209
6 90438775 5 53
6 90503650 19 30
6 108041921 32 177
6 129762061 4 67
6 135763829 3 7
6 150064778 19 20
6 158924616 14 101
7 552037 4 65
7 22259492 5 73
7 30963178 17 44
7 54823477 11 72
7 57188723 42 77
7 64852924 6 162
7 91737903 11 88
7 102016729 8 48
7 106508499 4 23
7 111617307 4 15
7 111634226 11 56
7 119915637 12 102
7 128457828 54 257
7 129736765 4 34
7 140481402 55 94
7 158555808 11 43
8 28654152 22 37
8 30924661 3 40
8 42977285 301 135
8 88886032 39 105
8 95521993 5 83
8 99440859 42 92
8 101105679 12 25
8 101608886 51 80
8 114290863 9 31
8 146156370 32 69
9 8465635 11 33
9 34339067 23 131
9 35607349 8 154
9 84603711 3 37
9 91660680 12 71
9 95481798 9 24
9 97555120 23 279
9 99581987 3 32
9 129642401 8 111
9 131262373 24 63
9 135203286 8 135
9 138837002 4 58
10 7755192 20 72
10 28905133 15 151
10 45496131 8 49
10 68686790 6 69
10 82126613 56 137
10 90332672 11 59
10 97174268 32 85
10 104573073 12 22
10 121591603 15 79
11 1078320 20 109
11 1265896 9 81
11 1273700 12 24
11 3381328 21 121
11 3661475 20 44
11 6789999 32 139
11 6898297 10 42
11 7982783 13 89
11 7982784 13 88
11 8159825 69 240
11 10821641 4 101
11 18497989 13 95
11 27528274 13 93
11 30352809 10 76
11 43411267 5 107
11 43411289 10 133
11 47364614 3 15
11 55136023 13 91
11 56230488 35 44
11 62300197 29 77
11 62532822 33 193
11 64056845 37 35
11 65732040 16 107
11 70184483 5 158
11 72290425 25 58
11 76507537 19 29
11 92534374 4 33
11 118279753 20 24
11 120996139 231 271
11 124007327 87 89
11 124740078 8 103
12 2614019 7 36
12 6483545 7 41
12 21614019 4 33
12 45169914 5 83
12 49231355 10 102
12 50829374 29 63
12 53202129 64 151
12 55714574 14 39
12 72036255 32 102
12 72050808 25 98
12 78562616 7 18
12 111099152 16 58
12 121098634 57 171
12 126138528 4 70
13 94482698 8 36
13 95724037 30 98
13 101257341 24 116
14 23900998 34 139
14 36840725 5 28
14 42355929 10 44
14 50307515 6 77
14 77599975 15 25
14 92249542 5 70
14 92249555 4 58
14 95034512 35 247
14 96949491 5 20
14 100820874 17 109
14 105415206 57 101
14 105417681 7 7
14 105517957 10 52
14 106236312 22 54
14 106866502 14 288
14 107083489 9 64
15 22473002 13 279
15 24922224 11 48
15 25415905 28 255
15 31355390 37 55
15 45387213 12 32
15 58247323 6 94
15 76073178 31 95
15 79186452 49 76
15 91172586 91 376
15 99478247 11 55
16 708613 29 41
16 1470042 11 92
16 5075361 20 35
16 5075362 22 35
16 23847552 10 29
16 67314355 6 154
16 72158704 66 137
16 78458910 17 203
17 3119530 50 159
17 4689248 110 1174
17 7636522 29 91
17 7640477 13 80
17 7644211 18 98
17 7646444 7 52
17 9684874 10 30
17 10298621 19 98
17 11597208 23 91
17 25950344 5 26
17 27936421 4 58
17 29283319 5 89
17 33462471 16 43
17 37239790 8 16
17 38926018 5 115
17 39925303 4 17
17 61559074 6 155
17 66883575 9 226
17 74570505 16 57
17 77073539 17 71
17 77984271 6 32
18 13049425 27 68
18 29437671 29 58
18 40850212 23 44
18 44268875 16 44
18 44555306 38 1595
18 46956785 31 81
18 67697257 11 101
18 72238504 10 94
19 9452759 36 44
19 10602840 24 33
19 11022908 165 220
19 14024056 3 25
19 34868423 31 116
19 34868425 31 120
19 38817502 58 325
19 39023335 40 84
19 44237005 8 87
19 49116501 6 37
19 49564715 5 83
19 58773673 5 104
19 58983439 4 37
20 3726567 8 141
20 3845224 14 95
20 13053003 66 373
20 32302524 71 155
20 32302525 69 156
20 34240421 47 88
20 36641892 49 94
20 43752329 3 17
20 46319006 7 74
20 48523254 23 43
21 10951323 21 91
21 19737487 28 76
21 31812989 25 81
22 31486831 24 146
22 31658126 25 154
22 33700318 30 124
22 35463277 5 7
22 43933318 9 168
22 44692714 12 311
