chromosome_index position alt_count ref_count
1 1250974 3 33
1 1277070 5 30
1 1455608 5 45
1 1961043 3 33
1 6181235 3 34
1 6305576 4 24
1 9097983 3 22
1 9100127 3 16
1 9416073 6 62
1 11317084 4 29
1 11733897 4 29
1 15766840 3 17
1 15783600 4 34
1 15909830 4 33
1 16263914 3 30
1 19487440 3 32
1 19595866 3 29
1 20987381 4 23
1 21050215 5 31
1 21904072 3 18
1 22167729 6 49
1 26873704 4 25
1 28880183 4 41
1 32256661 3 25
1 32264157 4 14
1 32800359 3 32
1 34330054 26 71
1 36359981 4 24
1 36550643 14 23
1 36605726 4 38
1 38161584 3 33
1 39748864 6 49
1 39797907 8 87
1 40882535 5 38
1 41618370 3 35
1 42921639 5 35
1 43896640 5 50
1 44085012 3 30
1 47152467 3 30
1 47276522 4 36
1 52276005 4 41
1 52343986 4 32
1 53559203 4 21
1 53668100 4 33
1 65871641 6 48
1 75685011 4 41
1 78187562 4 37
1 86196176 4 21
1 89523792 95 118
1 91727798 4 36
1 94964564 87 102
1 110714723 5 27
1 111441915 5 4
1 113242845 4 43
1 117119931 3 16
1 117945013 6 45
1 118426204 5 34
1 150526520 5 48
1 151554226 3 27
1 152057345 4 33
1 152487927 22 12
1 153509724 4 44
1 155255641 81 52
1 156539236 4 35
1 158325920 43 23
1 161093933 7 63
1 168066278 5 34
1 171546578 3 32
1 172222739 3 15
1 180010336 4 18
1 180885350 6 54
1 198717325 5 44
1 204092812 4 28
1 209799337 6 44
1 209824368 4 33
1 213415971 5 43
1 230778374 4 25
1 233802615 76 51
1 237947253 8 27
1 240071883 3 19
1 243354563 4 27
1 247654438 72 55
2 11932062 7 68
2 26725240 4 32
2 27306135 4 23
2 27465629 3 34
2 28764618 3 30
2 29016863 3 36
2 29445383 3 34
2 31467188 3 26
2 33745056 19 14
2 37241139 5 45
2 44571716 3 34
2 47233848 3 34
2 53995090 6 55
2 54135466 4 38
2 61411929 3 28
2 62099375 8 69
2 63283466 3 32
2 70919580 3 17
2 73828557 4 30
2 74657081 8 74
2 74729759 4 38
2 74762501 4 31
2 77746301 3 34
2 89091970 3 30
2 89545039 4 32
2 99234757 5 48
2 100623422 5 54
2 101580532 5 43
2 101609880 6 16
2 101624734 3 24
2 105473390 3 33
2 114035994 4 33
2 116510813 26 32
2 120012382 3 33
2 128322894 4 32
2 128334174 4 20
2 129025957 4 35
2 132290489 4 39
2 144710388 77 101
2 149806433 17 22
2 159035397 29 48
2 160053118 3 34
2 163302839 20 41
2 170002377 19 26
2 170912079 4 45
2 171400436 4 40
2 173662294 5 42
2 177033872 5 45
2 179345567 4 36
2 179473110 5 34
2 179597759 3 30
2 179644801 43 55
2 183731056 3 31
2 187455183 4 36
2 190619017 3 34
2 192701377 18 25
2 203407137 4 29
2 207570512 3 30
2 218679683 3 35
2 218940264 4 25
2 219266858 13 14
2 219538675 12 13
2 220472934 4 32
2 220477878 5 44
2 220505658 3 30
2 223161838 4 15
2 223423605 7 67
2 224822199 5 46
2 225664939 4 36
2 225727390 3 34
2 227958934 4 33
2 228154721 5 48
2 231328825 4 15
2 231738172 3 27
2 233404775 3 31
2 238249122 4 36
2 240969800 3 35
2 241715281 4 29
2 242814522 17 47
3 1371603 3 32
3 5021986 4 35
3 5164213 4 31
3 9470667 4 32
3 9782567 5 33
3 9798524 4 40
3 10146250 4 35
3 21467028 67 64
3 32022461 5 20
3 32995259 136 141
3 33134285 3 26
3 33134313 3 24
3 38155835 3 28
3 40085610 4 41
3 42917159 14 39
3 44541039 4 27
3 47465525 4 31
3 47716965 3 30
3 48508738 5 43
3 48641836 4 42
3 49662608 3 18
3 49734612 3 32
3 49935025 5 39
3 49940353 3 35
3 50114480 3 28
3 50357117 3 32
3 51274920 3 24
3 52510548 3 29
3 52525417 3 33
3 55041848 4 20
3 58190587 3 35
3 58395340 7 4
3 62258744 3 22
3 69336945 4 29
3 95374381 27 20
3 105421140 8 39
3 108813812 21 27
3 124352753 3 28
3 126155224 3 29
3 126707531 3 28
3 129285382 5 24
3 142204119 3 31
3 148930328 5 39
3 161214696 11 22
3 170219029 4 26
3 172165592 3 21
3 186256620 5 42
3 186274302 6 58
3 187416716 3 16
3 195792316 4 23
3 196386764 4 26
3 196457869 3 35
3 196537484 9 77
4 647869 25 30
4 1957030 4 31
4 3215792 4 33
4 4393263 3 33
4 4864724 3 27
4 6042395 3 23
4 6695752 4 36
4 7741962 3 16
4 7870433 5 29
4 8228900 3 12
4 8607895 3 14
4 15937467 4 27
4 17492359 3 28
4 17503344 3 35
4 41258941 3 24
4 44638040 32 37
4 48549787 3 34
4 69816909 6 46
4 75174204 4 44
4 79351560 4 27
4 79410078 3 21
4 87622578 4 37
4 87672242 4 36
4 107154758 4 33
4 111539767 6 58
4 114288721 4 33
4 138451637 49 78
4 141590149 4 29
4 147830368 3 20
4 154243832 5 43
4 155507077 43 62
4 166960585 3 32
4 183652070 4 34
5 639228 3 32
5 13820543 19 27
5 14381292 7 68
5 21842363 43 56
5 31526951 4 36
5 34824133 4 33
5 35700760 3 33
5 35954490 14 15
5 52285266 3 33
5 67589664 24 50
5 70671764 3 17
5 74137487 6 44
5 79028356 4 39
5 79373929 3 28
5 79375856 3 19
5 89933562 4 36
5 94939156 4 39
5 96443096 53 53
5 101631843 7 54
5 101709073 42 70
5 111595661 4 36
5 115803280 4 20
5 122361653 11 17
5 135286845 3 29
5 137277637 5 38
5 137295453 3 32
5 137903400 3 33
5 138282961 4 38
5 139494039 5 49
5 140041777 3 25
5 140740498 4 43
5 140754153 17 17
5 141019727 4 22
5 145878201 5 42
5 147498564 4 37
5 149435589 4 24
5 149449505 3 35
5 149505051 4 36
5 150443298 4 34
5 151179538 3 20
5 153830712 4 45
5 154396744 3 29
5 168093449 4 14
5 176016402 37 59
5 177548992 4 15
5 177649539 36 57
5 179193719 6 55
5 180419952 3 34
6 3006760 3 23
6 4044257 4 44
6 6589096 17 70
6 18121983 6 53
6 30156976 38 130
6 30892321 4 35
6 31610864 44 167
6 32943160 4 37
6 34985592 79 134
6 35280524 4 30
6 35434134 6 63
6 35773858 5 31
6 43193420 4 35
6 46806764 52 271
6 47682279 53 186
6 64422426 3 33
6 73332275 4 20
6 84303449 28 42
6 87968786 4 41
6 88136300 3 33
6 97512588 5 41
6 107390756 4 33
6 112671403 32 48
6 117248601 25 30
6 122720847 3 34
6 125598296 4 35
6 129419317 3 27
6 129621989 6 51
6 130370975 4 26
6 132938719 3 21
6 133004449 3 25
6 133014302 4 35
6 134350558 6 33
6 142409730 3 22
6 144179016 4 30
6 149342562 3 31
6 150212033 3 22
6 151939184 4 35
6 152555065 3 18
6 152671452 3 30
6 160999668 4 37
6 161469674 3 34
6 166923842 3 24
6 168297634 3 20
6 168461560 3 18
6 170068177 3 18
7 1479672 4 38
7 1536947 3 24
7 2472823 27 29
7 2976741 4 33
7 4871797 4 18
7 5760804 5 52
7 11676569 7 68
7 16815857 4 36
7 20795257 3 34
7 20824265 3 28
7 30402072 4 39
7 44555791 3 16
7 44804988 3 30
7 45139948 4 39
7 48092443 4 36
7 75070738 3 25
7 75617818 7 65
7 82997096 43 70
7 91726663 4 21
7 92355060 106 89
7 97857352 3 21
7 100161910 3 24
7 100359896 3 34
7 100876147 3 30
7 104753647 4 43
7 111638544 5 15
7 116139924 3 28
7 117180190 4 35
7 130021567 4 40
7 131849037 4 23
7 140158827 4 39
7 140453136 36 52
7 142032066 3 32
7 142131446 51 56
7 150066846 4 41
7 150069884 3 34
7 150644131 3 35
7 150752115 3 34
7 150752861 3 14
7 158449368 4 25
8 2823455 5 10
8 3265578 6 64
8 6566255 4 16
8 8234432 5 30
8 30210251 33 25
8 30614404 4 28
8 42586932 4 31
8 43047563 5 36
8 48883186 22 23
8 51705237 46 89
8 54859299 3 31
8 68049816 3 33
8 77618106 25 27
8 82592905 5 47
8 87111158 3 28
8 91081382 30 44
8 113276029 3 22
8 125551378 4 30
8 126056286 5 49
8 131370343 3 34
8 133858161 3 31
8 142367088 30 47
8 143958526 4 36
8 144650011 4 25
8 144810802 4 24
8 144885922 4 22
8 145066890 3 22
8 145662013 3 33
8 145722790 3 34
9 116774 4 35
9 712230 3 29
9 4635291 15 35
9 6015141 7 49
9 18622357 5 46
9 20981617 4 26
9 26892692 4 29
9 37518332 3 26
9 43818050 4 38
9 71842716 4 38
9 72333517 5 34
9 78547391 26 33
9 79321603 3 21
9 84609678 3 26
9 86907621 5 49
9 92220655 4 43
9 95993351 85 99
9 96425859 5 55
9 97081230 4 35
9 99797812 3 34
9 100245428 5 34
9 101611380 6 59
9 104356816 26 34
9 107554249 5 22
9 109686820 6 39
9 113170769 3 32
9 116823834 6 54
9 117188595 4 34
9 123673617 3 26
9 127572493 5 38
9 129642930 3 22
9 130672310 20 28
9 131568248 4 30
9 134106126 3 31
9 134473698 3 11
9 136029556 4 30
9 136030530 3 26
9 137328467 3 31
9 139616669 4 26
9 139620719 3 23
9 139794871 3 25
9 139927666 8 76
10 3149466 5 29
10 5948005 3 32
10 14816255 3 30
10 15614224 3 33
10 17088063 4 32
10 24762913 3 30
10 27702717 4 44
10 28233763 5 43
10 30315370 4 42
10 30611359 4 35
10 31810402 3 31
10 33218961 5 50
10 33543087 4 35
10 44052958 4 37
10 44139840 4 29
10 48389895 3 18
10 50724287 21 2
10 52067026 3 30
10 60027228 4 32
10 61572477 4 35
10 69797855 6 55
10 69902872 3 28
10 70253259 4 37
10 70446350 4 32
10 71007275 4 28
10 74095688 4 35
10 75391751 4 22
10 76468269 10 0
10 81702582 5 25
10 85991800 3 21
10 88419763 3 27
10 88768686 4 37
10 89503232 3 22
10 91143364 3 29
10 91144136 5 29
10 91177308 3 29
10 93952278 3 33
10 96073071 57 8
10 97174251 3 34
10 97775979 25 4
10 99125956 4 37
10 102738649 3 28
10 102762265 3 30
10 103340158 3 32
10 103901721 3 22
10 104170866 4 32
10 104596890 3 34
10 105166392 5 39
10 105758952 4 25
10 114136201 3 31
10 118969330 4 31
10 123683816 5 48
10 123970147 3 28
10 124907891 4 39
10 126370591 3 19
10 126715536 3 28
10 127760208 4 35
10 129897516 3 22
10 134008363 5 40
11 428624 4 25
11 618097 3 32
11 691501 5 28
11 763933 3 30
11 1087937 3 21
11 1155173 3 34
11 1774847 32 25
11 2869161 44 56
11 3060511 4 42
11 3681093 3 20
11 4148016 4 40
11 4976682 50 5
11 7531142 4 20
11 16837773 6 56
11 30925171 3 33
11 32697187 3 26
11 46515729 3 27
11 46726033 3 34
11 46911849 4 40
11 47183130 7 53
11 47311434 4 35
11 55371099 4 30
11 55860936 75 103
11 57313398 4 21
11 60638725 4 28
11 62303490 4 33
11 62415575 3 33
11 62415753 6 54
11 62677900 3 31
11 62744273 12 14
11 63129956 3 19
11 63525645 3 32
11 63883690 4 25
11 64502671 6 33
11 64594849 58 70
11 64594850 58 70
11 65340986 4 38
11 65617731 4 38
11 66130981 3 31
11 67022365 4 32
11 67222915 3 28
11 67267617 5 43
11 67410356 3 28
11 67939013 4 37
11 71946722 3 21
11 76371548 3 27
11 86267642 3 30
11 89391865 4 21
11 94861990 5 47
11 96098310 3 24
11 103027418 5 55
11 113295461 4 25
11 118403758 3 34
11 118485307 4 23
11 118978503 3 25
11 124180210 3 35
11 124412825 4 34
11 128680571 4 22
11 128843380 4 17
11 129801154 8 71
11 130011900 4 19
11 133801680 3 26
12 1989001 7 4
12 6657640 3 25
12 7261057 4 24
12 7882210 25 36
12 9322148 21 36
12 14849233 3 27
12 18800840 14 13
12 29650615 3 29
12 39760883 19 25
12 43819317 3 25
12 45744520 5 42
12 47172073 5 49
12 49054358 3 21
12 49690746 3 24
12 51252817 4 30
12 51386712 3 28
12 55715321 31 39
12 56490226 5 38
12 56547709 5 26
12 56994245 38 56
12 57604968 3 30
12 58163173 4 26
12 58190266 3 17
12 58335653 5 48
12 60098690 32 32
12 64588328 6 38
12 70928351 3 19
12 71139815 3 26
12 77242016 4 33
12 78452829 3 34
12 89745946 7 4
12 101561942 3 27
12 109623423 5 41
12 109838906 4 25
12 111993724 3 31
12 113321160 4 29
12 113909184 4 22
12 115115433 6 61
12 117466030 3 13
12 120499612 4 21
12 120616487 7 56
12 121442834 147 187
12 123340820 4 30
12 124106425 3 32
12 124330169 4 27
12 124911200 20 18
12 125473503 3 32
12 132325334 3 30
12 132530367 3 35
12 133419639 6 29
13 29278231 57 67
13 36900817 3 36
13 40175381 3 27
13 42877908 4 44
13 43681375 5 27
13 52542648 3 36
13 52678636 109 133
13 53419724 4 25
13 61985483 18 19
13 76395715 4 39
13 88329563 5 45
13 99092943 4 34
13 99573219 4 23
13 103514770 4 42
13 113333790 3 31
14 20841874 4 25
14 21215867 43 4
14 21548918 3 33
14 21992311 3 31
14 22133918 4 38
14 22934769 3 31
14 23240510 3 27
14 23512094 3 32
14 23894927 5 51
14 25075765 3 33
14 33147540 4 34
14 33292606 5 44
14 35592752 4 32
14 37132628 3 35
14 52186867 3 31
14 52781456 4 43
14 56094744 4 32
14 59930912 4 20
14 59950954 3 30
14 65568264 4 33
14 69619614 3 32
14 73409706 3 24
14 74824312 5 44
14 77580087 3 32
14 77751297 5 40
14 79181391 4 42
14 79270015 8 101
14 88652441 4 22
14 90756666 4 41
14 95569808 8 64
14 95570444 3 33
14 102453789 3 33
14 105242996 4 29
14 105407219 3 33
14 106453090 4 37
15 20488878 7 72
15 23889776 3 36
15 26026325 3 32
15 27128630 3 30
15 28326952 5 31
15 28358407 3 33
15 31197124 5 48
15 39882162 3 21
15 41988825 3 23
15 41991303 3 32
15 42211421 4 33
15 42361018 4 27
15 42691757 5 35
15 43299478 5 31
15 43820899 3 33
15 44858502 3 27
15 45777447 3 36
15 48780580 59 72
15 50528360 4 23
15 53907828 8 74
15 59417025 3 25
15 59752243 4 23
15 62978956 3 34
15 64495375 4 25
15 65489291 5 34
15 65490487 50 46
15 65555646 7 49
15 69349006 3 35
15 72039235 4 32
15 74290785 3 32
15 74572317 4 33
15 74883743 6 57
15 75111605 44 52
15 78393308 5 33
15 78885454 67 86
15 79749974 4 30
15 81218071 4 36
15 81295712 4 14
15 90022662 4 18
15 93007393 4 26
16 312139 5 50
16 815569 4 32
16 2025670 3 23
16 2139923 4 33
16 2164364 4 24
16 2229899 3 20
16 3077224 4 39
16 3254585 77 94
16 3340056 3 29
16 3642739 4 27
16 4412724 5 6
16 7760796 5 41
16 8949046 3 27
16 16244625 3 33
16 19883782 4 17
16 20471540 5 45
16 20681305 9 12
16 23436173 4 38
16 23596670 6 58
16 24268071 58 82
16 28354423 4 32
16 29367136 3 27
16 29872477 4 32
16 29885015 4 32
16 30750493 4 36
16 31196499 3 27
16 31503389 3 20
16 32891002 21 23
16 48256676 5 44
16 48396030 6 54
16 57937829 3 31
16 66974501 38 37
16 67763331 4 31
16 70291952 3 18
16 70710828 4 31
16 70926303 32 102
16 70954853 3 26
16 71571494 4 32
16 72110283 3 34
16 72164251 4 43
16 75600375 3 28
16 76501305 24 35
16 83065753 3 31
16 84228099 3 22
16 84456088 5 47
16 84695378 3 35
16 84812721 3 21
16 87743136 3 34
16 88643891 3 17
16 88870960 3 23
16 88871971 6 51
16 88893127 4 30
16 89167251 3 34
17 556641 4 38
17 1554512 4 28
17 2598259 3 16
17 3494550 3 26
17 3775850 4 40
17 3954107 7 66
17 7224706 5 50
17 7330685 3 23
17 7359196 5 37
17 7945723 3 30
17 10411975 45 50
17 11511573 75 101
17 18183895 3 22
17 18565640 9 14
17 19315853 4 23
17 26875078 4 23
17 31318956 3 25
17 33266716 4 42
17 33269603 15 13
17 34236444 4 27
17 38146135 5 50
17 38652648 5 36
17 40318548 4 24
17 40475623 3 27
17 40914856 4 37
17 40947927 3 35
17 41004283 3 22
17 41107220 4 35
17 41327873 3 25
17 42228364 4 42
17 42744380 4 28
17 42984736 4 36
17 43367966 6 36
17 47587886 4 27
17 47918924 5 35
17 48605552 3 32
17 48673984 4 28
17 55027124 5 36
17 55752363 65 56
17 56385278 3 26
17 56440957 25 25
17 56603129 3 30
17 60650654 3 22
17 62082506 3 26
17 62144050 3 33
17 62248460 3 34
17 65119264 3 26
17 65925572 3 34
17 66871534 4 42
17 68171218 3 34
17 73235880 4 33
17 73736091 4 36
17 74004305 23 31
17 74004306 23 31
17 74383344 3 22
17 74712700 4 42
17 75209482 3 30
17 76167819 4 29
17 76471889 4 42
17 76571059 3 27
17 76803706 3 35
17 78111274 4 23
17 79080607 5 32
17 79410365 3 12
17 79412403 9 4
17 79983371 4 33
17 80008545 7 62
18 8826103 3 15
18 20573428 6 43
18 21100231 3 32
18 28587035 7 67
18 32825289 3 17
18 43523265 5 46
18 47809355 3 30
18 52605308 7 54
18 55020100 3 20
18 59774022 3 17
18 72167220 6 38
18 72247438 5 31
18 72914190 57 68
18 77132824 5 39
18 77679243 21 18
18 77693986 4 34
19 311856 3 22
19 763517 3 28
19 1507586 4 43
19 2116265 3 30
19 2796108 4 24
19 3547965 3 23
19 4037695 4 35
19 4511544 24 67
19 4511545 26 67
19 4793721 3 30
19 6468921 4 30
19 7573122 3 25
19 7593483 3 29
19 9002663 3 35
19 9065721 68 95
19 11283786 5 41
19 12826102 3 13
19 12936715 4 30
19 13991348 4 35
19 14269155 6 57
19 14569075 3 34
19 15296299 3 36
19 15508667 3 24
19 15535745 3 22
19 17122526 19 20
19 17753730 3 15
19 19626987 4 33
19 19656296 3 17
19 19790771 3 35
19 22271404 3 24
19 22939345 19 21
19 33167267 3 24
19 33693765 3 16
19 35510186 4 22
19 36034507 3 33
19 36038275 4 38
19 38655439 4 23
19 41223945 4 43
19 43866387 4 36
19 43967756 4 25
19 46032479 4 27
19 46137676 3 25
19 46275990 3 34
19 46417735 4 43
19 46519622 6 48
19 48945165 4 22
19 48950099 5 50
19 50031945 5 43
19 50666229 3 33
19 50923210 4 25
19 51140692 3 28
19 51528039 3 13
19 51728535 8 53
19 53344878 36 37
19 53761927 9 19
19 53913031 3 35
19 53945078 3 18
19 54485456 3 22
19 54744409 3 31
19 55750816 4 36
19 58578439 3 34
20 377423 3 24
20 3674229 6 25
20 5924860 4 33
20 6759423 14 32
20 23065439 4 38
20 23066334 4 37
20 23967188 5 48
20 30409285 3 29
20 31022804 3 32
20 33706361 13 15
20 34091991 3 30
20 35766213 3 22
20 36952365 4 41
20 39797760 4 37
20 40127937 4 20
20 40790167 6 49
20 41514519 6 52
20 43933236 3 33
20 44506302 5 47
20 46305252 3 19
20 47835945 5 25
20 48431569 5 37
20 50273634 6 56
20 50769078 3 33
20 56137941 4 37
20 56735739 3 28
20 60854342 5 24
20 60912899 4 31
20 62421801 4 33
21 10996106 17 60
21 15746059 6 41
21 30329269 3 26
21 31986224 3 28
21 32638935 3 19
21 35140019 4 30
21 35895913 306 42
21 38868453 4 34
21 42694844 4 36
21 43413339 5 34
21 44527558 3 27
21 45506732 6 45
21 45924710 5 36
21 47549094 5 48
21 47704998 3 33
21 47845872 3 34
21 47862478 4 27
22 17443619 5 34
22 19898910 3 34
22 21383468 4 32
22 22890563 51 58
22 30416299 5 44
22 30985243 3 36
22 32019682 3 21
22 36705390 5 44
22 37467061 3 20
22 37535225 3 11
22 38340173 4 31
22 39708894 3 34
22 41513649 3 35
22 41620764 5 46
22 41918833 4 36
22 42299008 4 18
22 42377812 3 27
22 42423203 3 33
22 42526665 4 16
22 42611089 4 34
22 43831079 3 32
22 44368864 7 58
22 44527484 5 43
22 45681977 4 25
22 46657755 99 121
22 50191595 4 36
22 50687293 3 13
22 50961309 4 35
