chromosome_index position alt_count ref_count
1 27189959 3 18
1 44425996 6 133
1 82436208 37 38
1 89727950 7 124
1 116935555 8 204
1 120438205 66 77
1 150915106 82 107
1 151001309 67 91
1 156568892 16 19
1 159558366 40 86
1 174927231 6 20
1 196716245 48 83
1 240370628 49 25
2 30987079 7 6
2 43969963 13 99
2 44071693 18 52
2 170857850 50 97
2 179641265 5 144
2 183860498 43 73
2 198950443 69 115
2 209188915 35 89
3 9712739 8 170
3 52514292 5 22
3 111604069 54 143
3 122927944 6 14
3 154138981 35 295
3 179593160 66 130
4 57354175 14 24
4 89575201 46 19
4 123302167 62 31
4 134073742 17 8
5 31323027 74 81
5 37299662 27 54
5 37816140 68 148
5 44305238 121 110
5 140476703 107 124
5 140502109 40 84
6 26392458 16 33
6 31931792 58 73
6 36168392 62 91
6 137245635 5 8
7 99951125 6 5
7 131084026 65 87
7 151668134 5 125
8 10464495 110 205
8 57078771 173 291
8 62370995 104 82
8 64099680 9 93
8 64099737 11 104
8 64099847 8 120
8 95879554 12 252
8 146015206 29 231
9 5339624 39 16
9 97082604 11 13
9 97082605 8 13
9 109689187 194 123
10 21962363 162 209
10 52619624 14 18
10 95380445 174 267
10 104597193 7 22
10 105658748 30 52
10 117027840 5 88
11 218843 15 27
11 18485528 44 56
11 47497019 18 70
11 60617762 5 20
11 62434830 10 23
11 94731825 65 60
11 123777825 75 152
12 4920890 23 27
12 14924032 17 40
12 21454177 26 32
12 60098800 25 33
12 96413014 11 111
13 37007278 11 10
14 45645514 49 84
14 92344024 8 59
14 101201349 12 26
15 60740277 112 132
15 65261653 40 70
15 101595398 20 68
16 21132167 9 14
16 67576753 165 103
17 7577529 16 12
17 72368475 43 7
17 72959930 14 3
18 7023221 10 20
18 21698196 23 40
18 25532156 65 97
18 43843056 20 32
18 47796108 6 68
19 8564363 29 28
19 22363142 87 162
19 39691103 19 19
19 45815056 4 9
19 50475188 10 31
19 57984796 21 159
20 334082 22 121
20 23667727 40 65
20 30753128 25 40
20 44682246 34 210
20 52675234 53 85
21 31538578 68 149
22 40257812 52 21
