chromosome_index	start_position	end_position	major_cn	minor_cn	total_cn
1	1	121499999	1.0	1.0	2.0
1	121500000	128899999	1.0	1.0	2.0
1	128900000	143751938	1.0	1.0	2.0
1	143751939	149940793	1.0	1.0	2.0
1	149940794	149954368	2.0	1.0	3.0
1	149954369	168102630	2.0	1.0	3.0
1	168102631	168148571	1.0	0.0	1.0
1	168148572	168156799	2.0	1.0	3.0
1	168156800	191746513	2.0	1.0	3.0
1	191746514	247247500	1.0	0.0	1.0
1	247247501	249250620	1.0	0.0	1.0
2	20016	16775428	1.0	0.0	1.0
2	16775429	17951471	1.0	1.0	2.0
2	17951472	17954450	1.0	1.0	2.0
2	17954451	18021864	3.0	1.0	4.0
2	18021865	18341065	2.0	1.0	3.0
2	18341066	50513458	1.0	1.0	2.0
2	50513459	50520210	3.0	1.0	4.0
2	50520211	57877298	3.0	1.0	4.0
2	57877299	57879497	3.0	1.0	4.0
2	57879498	58669727	3.0	1.0	4.0
2	58669728	58671727	4.0	1.0	5.0
2	58671728	59131732	6.0	1.0	7.0
2	59131733	59134666	6.0	1.0	7.0
2	59134667	59165615	6.0	1.0	7.0
2	59165616	59246189	6.0	1.0	7.0
2	59246190	60586838	5.0	1.0	6.0
2	60586839	61454762	5.0	2.0	7.0
2	61454763	61726889	6.0	1.0	7.0
2	61726890	61728060	6.0	1.0	7.0
2	61728061	66639868	1.0	1.0	2.0
2	66639869	66644074	1.0	1.0	2.0
2	66644075	89161431	1.0	1.0	2.0
2	89161432	89185670	1.0	0.0	1.0
2	89185671	90499999	1.0	1.0	2.0
2	90500000	96799999	1.0	1.0	2.0
2	96800000	242991383	1.0	1.0	2.0
3	100074	63928722	1.0	0.0	1.0
3	63928723	64413959	2.0	0.0	2.0
3	64413960	68917069	1.0	0.0	1.0
3	68917070	79917253	3.0	1.0	4.0
3	79917254	79918260	3.0	2.0	5.0
3	79918261	79946638	3.0	2.0	5.0
3	79946639	79948367	2.0	1.0	3.0
3	79948368	87899999	2.0	1.0	3.0
3	93900000	98474148	3.0	2.0	5.0
3	98474149	102227925	3.0	2.0	5.0
3	102227926	119799490	3.0	2.0	5.0
3	119799491	197847500	3.0	2.0	5.0
4	27500	77499	1.0	1.0	2.0
4	77500	48199999	1.0	1.0	2.0
4	48200000	52699999	1.0	1.0	2.0
4	52700000	190749943	1.0	1.0	2.0
5	14676	46099999	1.0	1.0	2.0
5	46100000	50699999	1.0	1.0	2.0
5	50700000	176677832	1.0	1.0	2.0
5	176677833	176684017	1.0	1.0	2.0
5	176684018	180689978	1.0	1.0	2.0
6	39681	201975	1.0	0.0	1.0
6	201976	27907460	1.0	0.0	1.0
6	27907461	28500370	1.0	1.0	2.0
6	28500371	28500441	1.0	1.0	2.0
6	28500442	28502021	1.0	1.0	2.0
6	28502022	28504067	1.0	1.0	2.0
6	28504068	58699999	1.0	1.0	2.0
6	58700000	63299999	1.0	1.0	2.0
6	63300000	104323210	1.0	1.0	2.0
6	104323211	127258250	1.0	1.0	2.0
6	127258251	127261141	1.0	1.0	2.0
6	127261142	170899800	1.0	1.0	2.0
7	65340	23099563	1.0	1.0	2.0
7	23099564	28947941	1.0	0.0	1.0
7	28947942	57999999	1.0	1.0	2.0
7	58000000	61699999	1.0	1.0	2.0
7	61700000	82732250	1.0	1.0	2.0
7	82732251	82732556	1.0	1.0	2.0
7	82732557	122074734	1.0	1.0	2.0
7	122074735	158821400	1.0	0.0	1.0
8	10001	170011	1.0	0.0	1.0
8	170012	43099999	1.0	0.0	1.0
8	43100000	48099999	1.0	0.0	1.0
8	48100000	58498812	1.0	0.0	1.0
8	58498813	146364021	3.0	1.0	4.0
9	47500	203638	2.0	0.0	2.0
9	203639	21880249	2.0	0.0	2.0
9	21880250	22039611	0.0	0.0	0.0
9	22039612	44892885	2.0	0.0	2.0
9	44892886	47299999	2.0	0.0	2.0
9	50700000	140273200	1.0	1.0	2.0
9	140273201	141019790	1.0	1.0	2.0
10	94426	37999999	1.0	1.0	2.0
10	38000000	42299999	1.0	1.0	2.0
10	42300000	59064366	1.0	1.0	2.0
10	59064367	59064887	1.0	1.0	2.0
10	59064888	108090093	1.0	1.0	2.0
10	108090094	108091122	1.0	1.0	2.0
10	108091123	108099072	1.0	1.0	2.0
10	108099073	108099377	1.0	1.0	2.0
10	108099378	135389924	1.0	1.0	2.0
11	20721	199672	1.0	1.0	2.0
11	199673	51599999	1.0	1.0	2.0
11	51600000	55699999	1.0	1.0	2.0
11	55700000	97318964	1.0	1.0	2.0
11	97318965	134452200	2.0	1.0	3.0
12	22500	188284	1.0	1.0	2.0
12	188285	33299999	1.0	1.0	2.0
12	33300000	38199999	1.0	1.0	2.0
12	38200000	132349400	1.0	1.0	2.0
12	132349401	133851894	1.0	1.0	2.0
13	16300000	19499999	1.0	1.0	2.0
13	19500000	97574993	1.0	1.0	2.0
13	97574994	103245408	2.0	2.0	4.0
13	103245409	103245657	2.0	2.0	4.0
13	103245658	114142800	1.0	1.0	2.0
13	114142801	115169877	2.0	1.0	3.0
14	16100000	19099999	2.0	0.0	2.0
14	19100000	20433515	1.0	1.0	2.0
14	20433516	106211113	1.0	1.0	2.0
14	106211114	106212285	1.0	1.0	2.0
14	106212286	106237451	1.0	1.0	2.0
14	106237452	106239416	1.0	0.0	1.0
14	106239417	106239891	1.0	0.0	1.0
14	106239892	106326864	1.0	0.0	1.0
14	106326865	106330845	0.0	0.0	0.0
14	106330846	106829593	0.0	0.0	0.0
15	15800000	20699999	1.0	1.0	2.0
15	20700000	34389924	1.0	1.0	2.0
15	34389925	44863346	1.0	0.0	1.0
15	44863347	45004275	1.0	0.0	1.0
15	45004276	53504700	1.0	0.0	1.0
15	53504701	100338800	1.0	1.0	2.0
15	100338801	102431166	1.0	1.0	2.0
16	90318	34599999	1.0	1.0	2.0
16	34600000	38599999	1.0	1.0	2.0
16	38600000	88827200	1.0	1.0	2.0
16	88827201	90354752	1.0	1.0	2.0
17	12500	7329133	1.0	1.0	2.0
17	7329134	7625888	1.0	0.0	1.0
17	7625889	22199999	1.0	1.0	2.0
17	22200000	25799999	1.0	1.0	2.0
17	25800000	41180771	1.0	1.0	2.0
17	41180772	41403710	1.0	0.0	1.0
17	41403711	78774600	1.0	1.0	2.0
17	78774601	81195209	1.0	1.0	2.0
18	27500	6140512	2.0	2.0	4.0
18	6140513	15399999	2.0	2.0	4.0
18	19000000	37322384	3.0	2.0	5.0
18	37322385	38444814	3.0	2.0	5.0
18	38444815	64946186	3.0	2.0	5.0
18	64946187	65802385	2.0	2.0	4.0
18	65802386	76117000	2.0	2.0	4.0
18	76117001	78077247	2.0	2.0	4.0
19	102500	226775	1.0	1.0	2.0
19	226776	3981798	1.0	1.0	2.0
19	3981799	4040648	1.0	1.0	2.0
19	4040649	20829808	1.0	1.0	2.0
19	20829809	20996354	1.0	0.0	1.0
19	20996355	24399999	1.0	1.0	2.0
19	24400000	28599999	1.0	1.0	2.0
19	28600000	42549910	1.0	1.0	2.0
19	42549911	42629805	1.0	1.0	2.0
19	42629806	43842500	1.0	1.0	2.0
19	43842501	59128982	2.0	1.0	3.0
20	30008	3236541	1.0	1.0	2.0
20	3236542	3696072	1.0	0.0	1.0
20	3696073	25599999	1.0	1.0	2.0
20	25600000	29399999	1.0	1.0	2.0
20	29400000	62432500	1.0	1.0	2.0
21	10900000	15284487	1.0	1.0	2.0
21	15284488	30356575	1.0	1.0	2.0
21	30356576	30409551	1.0	1.0	2.0
21	30409552	46937500	1.0	1.0	2.0
21	46937501	48129894	1.0	1.0	2.0
22	12200000	17899999	1.0	1.0	2.0
22	17900000	22339198	1.0	1.0	2.0
22	22339199	22574854	2.0	1.0	3.0
22	22574855	49687500	1.0	1.0	2.0
22	49687501	51304565	1.0	1.0	2.0
