chromosome_index	start_position	end_position	major_cn	minor_cn	total_cn
1	61735	249224388	1	1	2
2	12784	243089456	1	1	2
3	60345	197896118	1	1	2
4	12281	191027923	1	1	2
5	15532	180790320	1	1	2
6	149661	171051005	1	1	2
7	43259	159127004	1	1	2
8	31254	146298155	1	1	2
9	46587	141091394	1	1	2
10	72759	135506704	1	1	2
11	198572	134944770	1	1	2
12	150442	133778189	1	1	2
13	19026949	115108397	1	1	2
14	19002124	22510714	1	1	2
14	22514389	22950491	1	1	2
14	22953607	107285437	1	1	2
15	20016328	102469040	1	1	2
16	60777	90287535	1	1	2
17	526	57439567	1	1	2
17	57444371	62659557	1	1	2
17	62659873	81049726	1	1	2
18	48133	78015057	1	1	2
19	90910	59097854	1	1	2
20	61305	47107455	1	1	2
20	47108342	47641853	1	1	2
20	47647662	49578664	1	1	2
20	49581649	50190564	1	1	2
20	50190856	51180509	1	1	2
20	51182264	51544256	1	1	2
20	51544356	52430879	1	1	2
20	52431321	54991540	1	1	2
20	54995136	62956153	1	1	2
21	10736871	26929313	1	1	2
21	26937322	30609574	1	1	2
21	30613466	30831552	1	1	2
21	30832471	30843073	1	1	2
21	30843369	30849050	1	1	2
21	30849615	31891635	1	1	2
21	31894652	40621569	1	1	2
21	40623018	41109024	1	1	2
21	41110282	43304186	1	1	2
21	43307541	44174227	1	1	2
21	44177054	45446589	1	1	2
21	45448138	46549974	1	1	2
21	46556449	48096957	1	1	2
22	16052528	51234455	1	1	2
