chromosome_index	position	alt_count	ref_count
1	1926673	13.0	24.0
1	2979205	7.0	26.0
1	3059293	4.0	27.0
1	3183324	9.0	12.0
1	4259047	13.0	30.0
1	4853351	8.0	19.0
1	5157635	8.0	24.0
1	5743550	17.0	19.0
1	6651505	5.0	28.0
1	6709316	5.0	19.0
1	9239680	7.0	13.0
1	9571686	12.0	16.0
1	10747555	10.0	18.0
1	11621979	10.0	23.0
1	15435800	8.0	46.0
1	16704887	7.0	22.0
1	17584296	12.0	20.0
1	19561519	12.0	23.0
1	20416442	11.0	14.0
1	20498549	5.0	13.0
1	23863725	11.0	23.0
1	24826621	10.0	24.0
1	25135992	3.0	39.0
1	27087360	13.0	18.0
1	30647891	17.0	19.0
1	30839193	13.0	40.0
1	32529127	44.0	32.0
1	34202038	11.0	39.0
1	34255942	18.0	46.0
1	34293865	22.0	29.0
1	34662862	31.0	30.0
1	35602722	4.0	34.0
1	43032183	14.0	33.0
1	44181130	8.0	28.0
1	44417958	8.0	21.0
1	44956908	5.0	40.0
1	44977670	7.0	19.0
1	45878614	4.0	17.0
1	46264029	13.0	25.0
1	46859098	13.0	24.0
1	51605584	14.0	35.0
1	51642356	7.0	36.0
1	51671940	12.0	27.0
1	52697418	7.0	27.0
1	53079801	7.0	26.0
1	53192502	5.0	19.0
1	53595046	9.0	21.0
1	54379010	14.0	30.0
1	54971061	7.0	21.0
1	56860784	17.0	35.0
1	57308920	18.0	29.0
1	59810385	12.0	32.0
1	60726943	17.0	31.0
1	61925470	12.0	37.0
1	61953475	11.0	28.0
1	62179675	10.0	7.0
1	62647949	22.0	30.0
1	64252042	7.0	27.0
1	65156782	17.0	43.0
1	67956462	15.0	28.0
1	68711036	10.0	29.0
1	72049786	19.0	31.0
1	74355900	20.0	42.0
1	76888861	17.0	46.0
1	78150354	4.0	21.0
1	78946874	14.0	52.0
1	78967702	12.0	33.0
1	82935221	6.0	37.0
1	82975858	13.0	34.0
1	83960265	5.0	51.0
1	84166821	5.0	33.0
1	84910842	10.0	36.0
1	85742294	7.0	15.0
1	90311103	17.0	24.0
1	90656000	4.0	57.0
1	91205006	20.0	24.0
1	91821571	19.0	42.0
1	92582796	16.0	26.0
1	93518993	10.0	30.0
1	96740571	17.0	24.0
1	98307428	5.0	52.0
1	103076223	12.0	40.0
1	103576279	13.0	34.0
1	104940130	23.0	45.0
1	106179993	16.0	30.0
1	106807167	11.0	34.0
1	108129875	20.0	54.0
1	111008676	15.0	22.0
1	112595948	17.0	32.0
1	114963806	25.0	60.0
1	115053860	5.0	17.0
1	115111576	39.0	26.0
1	115321597	21.0	30.0
1	116231527	10.0	48.0
1	117093906	39.0	64.0
1	117351533	18.0	48.0
1	117976867	15.0	79.0
1	118928898	45.0	41.0
1	120390146	14.0	69.0
1	145188216	14.0	127.0
1	145196907	9.0	143.0
1	147034725	18.0	33.0
1	147183879	10.0	32.0
1	147409096	4.0	37.0
1	147737025	7.0	15.0
1	149158088	19.0	12.0
1	157693895	13.0	31.0
1	158746600	13.0	33.0
1	160210400	11.0	29.0
1	163147627	12.0	50.0
1	167563717	9.0	17.0
1	168339794	15.0	22.0
1	168995083	9.0	34.0
1	170544721	22.0	32.0
1	170582133	18.0	41.0
1	171089550	12.0	24.0
1	172191449	28.0	46.0
1	172641055	17.0	35.0
1	174461729	7.0	21.0
1	178347073	18.0	35.0
1	180312876	15.0	35.0
1	181802875	13.0	31.0
1	182267048	11.0	24.0
1	183192093	16.0	30.0
1	183440173	13.0	26.0
1	183562162	12.0	24.0
1	183964390	9.0	41.0
1	184427222	15.0	41.0
1	185380891	15.0	30.0
1	187741106	17.0	42.0
1	188025539	22.0	31.0
1	190057481	16.0	40.0
1	190343180	4.0	54.0
1	191658604	18.0	46.0
1	192375986	20.0	42.0
1	198962616	6.0	21.0
1	200619678	19.0	24.0
1	202120080	8.0	20.0
1	203700331	9.0	33.0
1	203741220	10.0	33.0
1	207162761	3.0	39.0
1	207575933	11.0	27.0
1	208011960	13.0	25.0
1	210183921	19.0	29.0
1	210862705	17.0	29.0
1	211408267	8.0	21.0
1	211429873	17.0	34.0
1	211503876	12.0	19.0
1	211849348	7.0	17.0
1	212312292	11.0	23.0
1	215741673	11.0	30.0
1	218224677	11.0	32.0
1	218859302	4.0	33.0
1	221744077	20.0	44.0
1	221831605	11.0	23.0
1	224204118	12.0	29.0
1	224749640	11.0	34.0
1	226463266	5.0	18.0
1	227450708	11.0	28.0
1	227865983	11.0	31.0
1	230198273	15.0	36.0
1	230464951	14.0	25.0
1	230997079	13.0	26.0
1	232834628	7.0	22.0
1	234718732	14.0	22.0
1	236280993	12.0	23.0
1	237822757	22.0	46.0
1	238455216	17.0	47.0
1	241174159	14.0	37.0
1	241413158	4.0	44.0
1	241441494	10.0	39.0
1	242442875	10.0	23.0
1	243025802	10.0	17.0
1	244938568	17.0	27.0
1	245154840	6.0	42.0
1	245343900	10.0	26.0
1	245453461	3.0	40.0
1	245464131	15.0	23.0
1	245706111	13.0	26.0
1	246289907	14.0	48.0
1	247095092	3.0	7.0
1	247294531	14.0	19.0
1	248348472	17.0	31.0
1	249146956	13.0	25.0
10	194593	12.0	45.0
10	2236729	18.0	34.0
10	3314080	11.0	23.0
10	4337750	13.0	16.0
10	5449911	12.0	43.0
10	5581087	6.0	17.0
10	6231000	12.0	18.0
10	7533769	12.0	31.0
10	7533813	8.0	41.0
10	8316360	15.0	27.0
10	11451501	10.0	22.0
10	11538314	11.0	32.0
10	11997656	19.0	37.0
10	12453689	11.0	40.0
10	13048766	11.0	35.0
10	13048967	16.0	31.0
10	13474539	10.0	23.0
10	13529217	6.0	58.0
10	14295783	12.0	33.0
10	15088552	10.0	27.0
10	16104976	12.0	25.0
10	18374660	18.0	35.0
10	19627289	21.0	27.0
10	21674714	9.0	23.0
10	22558728	16.0	37.0
10	25332856	10.0	42.0
10	25502544	10.0	48.0
10	25515585	17.0	30.0
10	26134043	14.0	33.0
10	26471062	14.0	33.0
10	26755876	15.0	28.0
10	26936370	8.0	22.0
10	28903595	4.0	33.0
10	31554183	14.0	31.0
10	33064529	15.0	30.0
10	33648493	9.0	27.0
10	37606560	16.0	32.0
10	37625365	23.0	47.0
10	43474314	17.0	29.0
10	43912119	4.0	10.0
10	48397059	4.0	33.0
10	50374073	10.0	28.0
10	55669291	14.0	32.0
10	55772870	14.0	48.0
10	56687339	5.0	45.0
10	56690752	6.0	51.0
10	56930055	13.0	22.0
10	58175437	15.0	33.0
10	58700384	13.0	49.0
10	59413146	15.0	43.0
10	60761240	18.0	27.0
10	61998243	12.0	26.0
10	62633559	20.0	41.0
10	63243232	15.0	26.0
10	63692585	6.0	30.0
10	63818437	4.0	41.0
10	64544457	10.0	41.0
10	67146826	7.0	24.0
10	69268822	4.0	33.0
10	71726516	15.0	22.0
10	73722657	10.0	22.0
10	74608080	4.0	49.0
10	75362010	11.0	25.0
10	76565301	12.0	21.0
10	76570006	16.0	31.0
10	77351669	12.0	19.0
10	79264378	10.0	37.0
10	79392319	14.0	30.0
10	80272801	7.0	29.0
10	83628322	18.0	37.0
10	83629613	12.0	30.0
10	85672135	6.0	18.0
10	86801482	21.0	48.0
10	88938303	8.0	19.0
10	90688665	6.0	56.0
10	91504990	15.0	33.0
10	93824560	10.0	22.0
10	94901599	4.0	15.0
10	95721561	8.0	20.0
10	96059098	19.0	38.0
10	96640401	21.0	38.0
10	101468604	15.0	38.0
10	106139040	15.0	36.0
10	107874476	10.0	22.0
10	109728637	10.0	30.0
10	109830900	19.0	34.0
10	110058592	16.0	31.0
10	111340198	16.0	38.0
10	115168471	9.0	32.0
10	115813004	13.0	30.0
10	117251404	8.0	25.0
10	117251513	9.0	18.0
10	117507831	13.0	23.0
10	120640793	12.0	32.0
10	124334542	8.0	26.0
10	126591579	14.0	34.0
10	128281422	14.0	29.0
10	129344364	6.0	56.0
10	129348320	7.0	65.0
10	130128197	26.0	46.0
10	130415562	13.0	31.0
10	131176982	16.0	19.0
10	131177517	14.0	25.0
10	132369590	10.0	32.0
10	132682197	7.0	27.0
10	135038960	6.0	20.0
11	564362	8.0	28.0
11	3769578	14.0	11.0
11	4485716	7.0	23.0
11	7823505	15.0	29.0
11	8183177	12.0	30.0
11	14152457	20.0	33.0
11	14988313	17.0	40.0
11	19511184	16.0	30.0
11	19633703	12.0	18.0
11	20361651	14.0	25.0
11	22017168	22.0	42.0
11	23112802	11.0	27.0
11	25276353	23.0	38.0
11	25834943	21.0	31.0
11	26049816	12.0	34.0
11	26085364	15.0	44.0
11	28741124	9.0	41.0
11	29621406	3.0	33.0
11	29923382	6.0	33.0
11	30069743	16.0	32.0
11	31233757	25.0	34.0
11	32099959	6.0	40.0
11	32837467	16.0	36.0
11	33996091	7.0	24.0
11	35174742	16.0	23.0
11	35607353	9.0	32.0
11	40682879	12.0	41.0
11	40978956	15.0	50.0
11	42215772	4.0	44.0
11	42666687	6.0	47.0
11	43471863	10.0	24.0
11	44508616	12.0	25.0
11	45302813	16.0	26.0
11	46753137	13.0	41.0
11	47212869	17.0	22.0
11	47277864	13.0	40.0
11	48406223	7.0	37.0
11	49028862	11.0	39.0
11	49880636	6.0	28.0
11	49915120	7.0	22.0
11	58486241	19.0	38.0
11	60271015	14.0	39.0
11	62554966	5.0	13.0
11	66879082	13.0	31.0
11	67134702	9.0	17.0
11	69631949	7.0	13.0
11	73350597	7.0	26.0
11	74797595	18.0	21.0
11	78808245	14.0	22.0
11	81314051	19.0	41.0
11	85699743	7.0	46.0
11	87106388	10.0	33.0
11	91358313	14.0	27.0
11	92114110	15.0	36.0
11	92710785	16.0	25.0
11	95696421	15.0	37.0
11	96619191	21.0	42.0
11	96878381	14.0	28.0
11	96931553	3.0	19.0
11	97440320	18.0	25.0
11	98147888	24.0	40.0
11	100391912	15.0	30.0
11	100803830	11.0	50.0
11	102161010	14.0	38.0
11	102680813	22.0	22.0
11	103523024	14.0	34.0
11	105703991	14.0	43.0
11	105704288	16.0	50.0
11	105704726	14.0	41.0
11	109593395	17.0	46.0
11	109650753	19.0	26.0
11	111019427	23.0	46.0
11	111666507	9.0	36.0
11	111853600	14.0	29.0
11	111982570	8.0	27.0
11	112138765	10.0	32.0
11	115047705	15.0	32.0
11	115351937	18.0	38.0
11	115797569	9.0	26.0
11	117043793	11.0	24.0
11	117953218	15.0	30.0
11	120684076	14.0	28.0
11	121491676	13.0	33.0
11	121679922	22.0	32.0
11	125361547	4.0	42.0
11	125627182	15.0	27.0
11	126372781	10.0	27.0
11	127109334	17.0	40.0
11	127900753	6.0	16.0
11	128122000	11.0	26.0
11	130504324	7.0	16.0
11	131366333	9.0	25.0
11	132348412	13.0	37.0
11	132369461	11.0	33.0
11	132896704	15.0	42.0
11	133434491	12.0	41.0
11	133648636	13.0	25.0
11	134223085	21.0	27.0
11	134914109	6.0	31.0
12	824606	10.0	15.0
12	1099815	9.0	12.0
12	3348476	16.0	19.0
12	5219528	17.0	30.0
12	6180837	5.0	14.0
12	9365811	11.0	32.0
12	10398155	14.0	28.0
12	12120884	12.0	26.0
12	15121119	17.0	43.0
12	15457513	20.0	40.0
12	18760055	12.0	38.0
12	18760160	16.0	29.0
12	18760186	13.0	34.0
12	21257474	22.0	43.0
12	21505893	17.0	43.0
12	22220917	13.0	27.0
12	23174244	18.0	37.0
12	26832140	20.0	31.0
12	28910082	15.0	44.0
12	29282482	15.0	36.0
12	29691321	17.0	34.0
12	30935514	8.0	29.0
12	32417234	25.0	30.0
12	32504400	5.0	13.0
12	32769553	15.0	32.0
12	33875315	25.0	45.0
12	38088605	21.0	35.0
12	38582024	19.0	27.0
12	38722096	17.0	32.0
12	39412293	26.0	44.0
12	39712532	10.0	24.0
12	42238034	6.0	33.0
12	42734851	3.0	27.0
12	43607220	14.0	30.0
12	44533951	19.0	43.0
12	45824025	16.0	33.0
12	47611967	8.0	17.0
12	50266778	9.0	17.0
12	50451452	7.0	16.0
12	51174711	13.0	21.0
12	51364393	11.0	34.0
12	52556163	10.0	23.0
12	54906438	7.0	45.0
12	58070976	5.0	37.0
12	58313270	22.0	32.0
12	58322778	17.0	25.0
12	58603351	16.0	43.0
12	59639138	21.0	43.0
12	62327020	18.0	33.0
12	63058813	14.0	30.0
12	65062582	7.0	17.0
12	66860822	17.0	32.0
12	68090821	12.0	33.0
12	68412622	11.0	31.0
12	70444796	16.0	31.0
12	72402870	18.0	41.0
12	72745994	17.0	27.0
12	72831948	16.0	43.0
12	72867641	18.0	50.0
12	72999869	17.0	39.0
12	74291174	17.0	41.0
12	75153190	15.0	40.0
12	75432309	13.0	36.0
12	75958010	15.0	30.0
12	77633254	17.0	37.0
12	78419852	20.0	30.0
12	78706865	18.0	40.0
12	79115290	9.0	25.0
12	80985141	14.0	37.0
12	81490385	14.0	26.0
12	81641529	20.0	35.0
12	86126636	8.0	16.0
12	90914009	11.0	46.0
12	91509474	17.0	34.0
12	93577163	3.0	26.0
12	93689451	14.0	30.0
12	98420647	23.0	42.0
12	100011746	18.0	41.0
12	100258682	4.0	44.0
12	101372161	14.0	36.0
12	102052390	8.0	72.0
12	103228985	7.0	62.0
12	104117325	19.0	41.0
12	105953601	5.0	34.0
12	108019989	7.0	28.0
12	108214638	12.0	36.0
12	108789133	6.0	47.0
12	110742720	15.0	32.0
12	113482794	7.0	23.0
12	115989373	11.0	32.0
12	117020713	8.0	15.0
12	117505924	10.0	19.0
12	118549696	13.0	36.0
12	118937087	5.0	18.0
12	118951245	13.0	23.0
12	119278000	7.0	34.0
12	122873306	21.0	21.0
12	122899795	9.0	18.0
12	122969666	3.0	34.0
12	126050519	10.0	23.0
12	126200193	9.0	19.0
12	127963354	4.0	46.0
12	128655166	12.0	31.0
12	130270869	9.0	25.0
12	130389002	5.0	15.0
12	132249130	10.0	29.0
13	19948289	12.0	22.0
13	22485787	6.0	23.0
13	25633110	22.0	33.0
13	26542774	10.0	28.0
13	27146904	13.0	28.0
13	31547181	18.0	35.0
13	32390835	11.0	34.0
13	32891668	18.0	42.0
13	37182523	21.0	32.0
13	37991788	10.0	31.0
13	39241988	12.0	36.0
13	40669947	9.0	24.0
13	42654265	17.0	36.0
13	43362847	13.0	32.0
13	47558403	15.0	46.0
13	49915904	15.0	35.0
13	50134735	9.0	26.0
13	50699101	7.0	9.0
13	51480948	13.0	32.0
13	51668143	22.0	35.0
13	52648807	10.0	35.0
13	53564420	13.0	35.0
13	56765916	20.0	43.0
13	58625679	10.0	39.0
13	59281551	15.0	29.0
13	60488002	9.0	22.0
13	61475444	11.0	27.0
13	61849116	14.0	27.0
13	62463787	18.0	39.0
13	63127611	14.0	37.0
13	63781640	17.0	40.0
13	64196554	14.0	35.0
13	64904625	15.0	46.0
13	68460382	14.0	27.0
13	69194935	14.0	35.0
13	71265076	21.0	49.0
13	71621805	12.0	31.0
13	71719454	6.0	31.0
13	72552117	13.0	30.0
13	75142930	15.0	39.0
13	75150473	9.0	36.0
13	76061106	17.0	25.0
13	77696862	6.0	28.0
13	77835902	20.0	38.0
13	80987051	4.0	20.0
13	86089728	14.0	46.0
13	88829001	15.0	37.0
13	89039300	6.0	36.0
13	89215314	7.0	50.0
13	90722866	19.0	43.0
13	90729714	14.0	25.0
13	93156556	15.0	46.0
13	93367296	15.0	32.0
13	93456219	12.0	31.0
13	94680251	13.0	26.0
13	95995331	3.0	18.0
13	97765489	10.0	25.0
13	99307370	12.0	23.0
13	101358037	4.0	26.0
13	101470653	8.0	32.0
13	102917731	21.0	48.0
13	104002190	17.0	31.0
13	104016398	17.0	24.0
13	104075172	4.0	22.0
13	104126133	17.0	33.0
13	104173664	16.0	30.0
13	104456324	17.0	33.0
13	105938790	7.0	56.0
13	106820318	12.0	30.0
13	107874049	6.0	42.0
13	108443461	28.0	49.0
13	109105696	15.0	38.0
13	110667654	20.0	32.0
13	112538004	11.0	26.0
13	112927333	10.0	19.0
13	113266900	10.0	12.0
13	113369330	11.0	25.0
13	114578198	16.0	21.0
14	20810948	4.0	12.0
14	21570963	12.0	32.0
14	23762424	18.0	39.0
14	24420501	9.0	18.0
14	28280148	12.0	46.0
14	28838160	19.0	24.0
14	34822968	14.0	30.0
14	36153388	11.0	24.0
14	36269630	7.0	52.0
14	38586693	9.0	31.0
14	41583655	18.0	46.0
14	43661006	24.0	35.0
14	44132215	23.0	44.0
14	47662737	21.0	46.0
14	53076110	19.0	43.0
14	54227449	10.0	45.0
14	55177087	20.0	42.0
14	56403176	9.0	20.0
14	62403419	12.0	21.0
14	63860697	16.0	30.0
14	64822031	12.0	32.0
14	65728048	20.0	34.0
14	66192228	12.0	36.0
14	67282373	13.0	33.0
14	69365090	11.0	22.0
14	69370869	15.0	31.0
14	72962409	3.0	39.0
14	73583160	22.0	20.0
14	73649918	14.0	22.0
14	75346680	3.0	42.0
14	77315316	8.0	26.0
14	78582277	6.0	12.0
14	78880483	9.0	38.0
14	78965753	22.0	27.0
14	79592399	4.0	36.0
14	81256130	11.0	37.0
14	83352226	5.0	5.0
14	85290963	19.0	31.0
14	85526020	15.0	43.0
14	86188717	11.0	30.0
14	86886301	11.0	35.0
14	87592415	15.0	51.0
14	88416828	5.0	44.0
14	90478892	7.0	25.0
14	91841960	11.0	21.0
14	92403558	10.0	18.0
14	92515514	16.0	17.0
14	97059606	11.0	14.0
14	97398884	10.0	35.0
14	101321447	7.0	20.0
14	101673195	4.0	49.0
14	101693949	5.0	19.0
14	104473700	5.0	22.0
14	104596567	17.0	29.0
15	20553897	11.0	110.0
15	22527089	10.0	31.0
15	24084369	21.0	34.0
15	24779587	14.0	40.0
15	26355978	12.0	32.0
15	26823651	24.0	34.0
15	27646078	6.0	49.0
15	28269575	11.0	26.0
15	33192299	23.0	34.0
15	33292470	9.0	25.0
15	34238177	23.0	44.0
15	34359780	12.0	27.0
15	35412687	15.0	21.0
15	36312495	13.0	25.0
15	37019429	11.0	34.0
15	38154479	8.0	31.0
15	38246381	13.0	35.0
15	38584978	19.0	36.0
15	38667015	13.0	28.0
15	40290387	17.0	36.0
15	40290394	17.0	34.0
15	40871573	14.0	31.0
15	44159572	7.0	27.0
15	47353059	22.0	31.0
15	47900621	15.0	32.0
15	49395956	13.0	36.0
15	50397171	6.0	36.0
15	51259826	20.0	20.0
15	51883587	3.0	18.0
15	54808929	7.0	14.0
15	54815208	19.0	36.0
15	54906934	15.0	37.0
15	57692536	13.0	28.0
15	59553638	16.0	36.0
15	60156284	12.0	33.0
15	63498124	18.0	27.0
15	64089837	23.0	26.0
15	64716323	10.0	27.0
15	65369765	3.0	13.0
15	65380165	6.0	17.0
15	66341395	15.0	25.0
15	67501074	23.0	43.0
15	67767341	18.0	30.0
15	68339963	13.0	28.0
15	69141892	3.0	35.0
15	69577929	5.0	14.0
15	70606750	18.0	36.0
15	72803378	15.0	37.0
15	72804576	13.0	39.0
15	72805039	18.0	35.0
15	73394355	16.0	26.0
15	73431041	3.0	14.0
15	74432200	4.0	10.0
15	74757511	9.0	16.0
15	76303399	9.0	51.0
15	77219146	16.0	29.0
15	79425045	10.0	50.0
15	80423734	12.0	37.0
15	82102697	15.0	29.0
15	82437267	15.0	33.0
15	85698519	7.0	17.0
15	87539758	13.0	34.0
15	89526204	8.0	30.0
15	89526500	9.0	22.0
15	89527050	14.0	22.0
15	89527056	12.0	24.0
15	89527851	14.0	24.0
15	89767623	6.0	24.0
15	91576559	7.0	31.0
15	93295986	10.0	26.0
15	93571820	6.0	32.0
15	96567511	14.0	31.0
15	96645758	14.0	46.0
15	99820704	21.0	31.0
15	100095718	4.0	42.0
16	757275	9.0	20.0
16	1865510	15.0	20.0
16	2572961	5.0	25.0
16	2971620	16.0	18.0
16	3122007	8.0	36.0
16	4172464	4.0	23.0
16	4684252	5.0	29.0
16	5163297	15.0	26.0
16	6804275	13.0	33.0
16	7598945	17.0	21.0
16	7954644	16.0	54.0
16	8231222	20.0	32.0
16	10732162	10.0	32.0
16	11515375	10.0	32.0
16	12277782	16.0	46.0
16	14664705	2.0	14.0
16	14742221	13.0	25.0
16	15824788	14.0	34.0
16	16223292	5.0	38.0
16	18021481	24.0	36.0
16	19823895	10.0	36.0
16	19981466	3.0	33.0
16	20576632	16.0	27.0
16	20790165	9.0	14.0
16	22118360	13.0	36.0
16	22924542	4.0	20.0
16	23560911	10.0	26.0
16	23743476	4.0	24.0
16	24900364	12.0	24.0
16	25522822	13.0	21.0
16	26080987	7.0	17.0
16	26883456	13.0	38.0
16	27138257	8.0	27.0
16	28534728	13.0	28.0
16	29088597	14.0	21.0
16	29359581	4.0	18.0
16	31533262	10.0	23.0
16	33598416	16.0	66.0
16	34200662	14.0	25.0
16	34904810	5.0	48.0
16	35044351	11.0	28.0
16	48583143	23.0	33.0
16	49121140	13.0	34.0
16	49174271	14.0	31.0
16	49996787	15.0	27.0
16	50902120	16.0	41.0
16	51766709	6.0	19.0
16	53571751	3.0	29.0
16	55773722	20.0	17.0
16	55776607	16.0	15.0
16	56763327	3.0	15.0
16	59011232	17.0	18.0
16	62112129	12.0	12.0
16	67225802	13.0	16.0
16	71377788	10.0	6.0
16	72462667	13.0	17.0
16	72741295	18.0	19.0
16	73550266	8.0	16.0
16	73881832	5.0	13.0
16	76802800	12.0	13.0
16	77289711	18.0	12.0
16	78690680	14.0	14.0
16	79006464	11.0	17.0
16	79119469	18.0	15.0
16	82440052	17.0	18.0
16	86663562	13.0	16.0
16	89787370	6.0	8.0
17	3602920	10.0	16.0
17	3658694	16.0	12.0
17	6724715	14.0	15.0
17	7866884	11.0	13.0
17	7867104	10.0	10.0
17	17021354	4.0	20.0
17	21862675	10.0	49.0
17	25442579	15.0	61.0
17	25486265	9.0	34.0
17	25898522	9.0	54.0
17	29982452	18.0	54.0
17	30124876	8.0	53.0
17	30429565	7.0	66.0
17	31532336	35.0	51.0
17	33559156	10.0	33.0
17	36069136	17.0	50.0
17	37354587	26.0	46.0
17	37425367	16.0	60.0
17	37881414	24.0	21.0
17	37953434	17.0	43.0
17	38699304	8.0	78.0
17	39127682	41.0	53.0
17	41070761	6.0	22.0
17	42641598	7.0	4.0
17	42763202	10.0	33.0
17	43442597	7.0	22.0
17	46387094	14.0	30.0
17	46859443	6.0	32.0
17	47960096	13.0	39.0
17	49645112	12.0	38.0
17	50117037	15.0	47.0
17	51339678	16.0	45.0
17	52010691	17.0	26.0
17	54205843	35.0	21.0
17	54498685	16.0	24.0
17	55043525	16.0	37.0
17	55465748	24.0	37.0
17	55811162	12.0	41.0
17	56093326	18.0	49.0
17	57943560	11.0	30.0
17	58773477	16.0	24.0
17	59612756	17.0	33.0
17	63711430	13.0	24.0
17	64185089	13.0	37.0
17	67744854	11.0	30.0
17	67744855	10.0	30.0
17	69736510	16.0	42.0
17	69883629	19.0	31.0
17	70138559	8.0	11.0
17	71059655	11.0	22.0
17	73740185	6.0	13.0
17	76104422	5.0	25.0
17	76157358	5.0	21.0
17	76949419	7.0	44.0
17	78078234	4.0	24.0
17	78087705	10.0	37.0
17	78266558	4.0	18.0
17	78667333	12.0	31.0
17	78973661	6.0	19.0
17	79106669	6.0	23.0
17	79834605	15.0	34.0
17	80308096	13.0	36.0
18	901285	14.0	35.0
18	1034739	15.0	31.0
18	1322791	15.0	39.0
18	1418076	15.0	50.0
18	5825718	15.0	32.0
18	7116296	6.0	32.0
18	8423256	7.0	27.0
18	11973914	6.0	18.0
18	12711578	11.0	26.0
18	13598177	18.0	30.0
18	19689436	14.0	16.0
18	20925223	13.0	28.0
18	21228769	11.0	25.0
18	23099453	10.0	27.0
18	23135925	23.0	30.0
18	23333933	17.0	43.0
18	23430116	14.0	34.0
18	25338318	12.0	24.0
18	25654780	9.0	46.0
18	26743722	14.0	31.0
18	27594592	18.0	35.0
18	30648276	14.0	38.0
18	30893886	8.0	16.0
18	31000066	12.0	22.0
18	31322306	14.0	34.0
18	31823185	4.0	60.0
18	35357656	10.0	24.0
18	37021285	7.0	52.0
18	40405750	17.0	40.0
18	41765854	25.0	39.0
18	47703234	12.0	37.0
18	47703932	23.0	32.0
18	48252412	9.0	34.0
18	48455251	4.0	45.0
18	49786656	13.0	42.0
18	49945121	6.0	25.0
18	50562961	20.0	45.0
18	51330198	9.0	38.0
18	51921643	5.0	47.0
18	53035334	12.0	35.0
18	54096593	16.0	27.0
18	54098945	13.0	35.0
18	54100471	7.0	32.0
18	55596967	5.0	27.0
18	55699510	13.0	32.0
18	56005972	7.0	29.0
18	56945002	9.0	34.0
18	57195799	11.0	30.0
18	57384651	7.0	37.0
18	58798845	19.0	28.0
18	59234596	17.0	37.0
18	59436620	12.0	17.0
18	59677741	16.0	30.0
18	64650890	29.0	41.0
18	65245191	13.0	28.0
18	66304710	22.0	45.0
18	67608837	7.0	34.0
18	69826463	10.0	38.0
18	70445660	22.0	36.0
18	70513487	7.0	23.0
18	70542877	14.0	29.0
18	72112635	15.0	32.0
18	72362662	17.0	33.0
18	76154915	11.0	23.0
18	76551673	14.0	24.0
18	77774061	12.0	24.0
19	2402326	10.0	10.0
19	2402423	15.0	8.0
19	3077964	3.0	11.0
19	5188330	12.0	20.0
19	5450155	11.0	15.0
19	6290741	14.0	18.0
19	8844034	7.0	9.0
19	9548701	16.0	21.0
19	14040344	5.0	12.0
19	14273498	12.0	13.0
19	15239417	9.0	51.0
19	15819374	9.0	25.0
19	15833094	13.0	52.0
19	16645782	4.0	35.0
19	17375240	14.0	33.0
19	18960091	8.0	21.0
19	19468854	5.0	25.0
19	19674186	11.0	13.0
19	19910690	27.0	31.0
19	20004457	6.0	68.0
19	22124142	12.0	29.0
19	23028724	9.0	40.0
19	23915099	8.0	44.0
19	24424358	14.0	46.0
19	28215878	12.0	30.0
19	29187841	13.0	45.0
19	29258059	21.0	41.0
19	29386494	10.0	35.0
19	29927041	8.0	19.0
19	30095311	14.0	31.0
19	31310198	17.0	35.0
19	33820620	10.0	25.0
19	33820671	6.0	26.0
19	35875348	12.0	29.0
19	37548169	6.0	33.0
19	38366594	11.0	30.0
19	38950761	8.0	38.0
19	40949227	4.0	15.0
19	43218267	10.0	19.0
19	44344264	19.0	35.0
19	44550146	10.0	28.0
19	45071585	19.0	30.0
19	45567290	6.0	11.0
19	48698764	8.0	28.0
19	48930492	12.0	50.0
19	49341907	8.0	40.0
19	49342787	9.0	50.0
19	49343168	7.0	33.0
19	50060606	7.0	50.0
19	51028907	20.0	8.0
19	51238015	10.0	54.0
19	51304940	3.0	38.0
19	53271736	17.0	29.0
19	54179440	15.0	15.0
19	56117919	15.0	17.0
19	56448960	7.0	24.0
19	56703797	12.0	24.0
19	58107057	12.0	37.0
19	58800187	6.0	36.0
2	228393	13.0	36.0
2	1451748	13.0	20.0
2	1812237	6.0	17.0
2	5519229	14.0	37.0
2	7741574	18.0	40.0
2	8956513	11.0	27.0
2	8959417	11.0	38.0
2	10166578	22.0	21.0
2	10246210	13.0	35.0
2	10948687	13.0	36.0
2	12152351	13.0	30.0
2	13803385	21.0	34.0
2	14913021	15.0	34.0
2	16191305	9.0	23.0
2	16442122	17.0	37.0
2	16768298	17.0	24.0
2	21183225	9.0	20.0
2	21319323	21.0	23.0
2	21576359	13.0	23.0
2	23919315	12.0	28.0
2	23920731	5.0	29.0
2	26490911	15.0	40.0
2	29121592	18.0	36.0
2	30462545	8.0	24.0
2	35657731	14.0	37.0
2	35763965	22.0	28.0
2	37687345	10.0	31.0
2	43473993	11.0	24.0
2	44382628	15.0	33.0
2	44738669	7.0	21.0
2	44876303	15.0	37.0
2	44962913	21.0	28.0
2	45459264	16.0	47.0
2	45713381	16.0	33.0
2	46960844	16.0	37.0
2	47182973	12.0	28.0
2	47935390	12.0	32.0
2	50053280	20.0	26.0
2	53963768	10.0	19.0
2	54597284	14.0	36.0
2	55417341	12.0	21.0
2	55555314	20.0	54.0
2	56055825	6.0	50.0
2	56569981	13.0	34.0
2	56793030	21.0	45.0
2	57305795	20.0	34.0
2	59639958	16.0	41.0
2	60179907	12.0	32.0
2	60244494	15.0	37.0
2	61871214	22.0	18.0
2	62794598	13.0	27.0
2	64331835	5.0	34.0
2	65715203	10.0	26.0
2	67108982	14.0	41.0
2	70308646	10.0	41.0
2	71094313	19.0	25.0
2	72915539	9.0	26.0
2	73450591	8.0	21.0
2	74453952	7.0	14.0
2	74752460	6.0	16.0
2	77215911	12.0	34.0
2	77627184	16.0	21.0
2	79752590	17.0	27.0
2	80188765	9.0	15.0
2	80510351	14.0	52.0
2	80573014	16.0	50.0
2	80908610	17.0	36.0
2	80948886	17.0	28.0
2	81891011	21.0	39.0
2	82195432	5.0	48.0
2	84106168	11.0	20.0
2	84371182	13.0	33.0
2	85273117	18.0	31.0
2	86841640	18.0	28.0
2	96418954	13.0	25.0
2	99448482	15.0	22.0
2	101147667	16.0	31.0
2	102657784	15.0	33.0
2	104340870	12.0	29.0
2	108375434	23.0	28.0
2	109342343	11.0	33.0
2	112496129	15.0	20.0
2	112867113	13.0	37.0
2	113600029	12.0	29.0
2	115054461	20.0	37.0
2	115094721	5.0	24.0
2	115816711	13.0	41.0
2	117908145	15.0	39.0
2	120407994	15.0	33.0
2	124126439	10.0	33.0
2	124479194	15.0	30.0
2	124820192	15.0	29.0
2	126665419	11.0	50.0
2	127889938	11.0	26.0
2	129813963	6.0	31.0
2	129981554	9.0	30.0
2	130162127	24.0	35.0
2	134640856	8.0	18.0
2	139548423	4.0	43.0
2	139903074	8.0	40.0
2	140427316	12.0	25.0
2	141078386	14.0	25.0
2	142262233	26.0	22.0
2	145456437	15.0	35.0
2	145773311	18.0	39.0
2	145826271	21.0	27.0
2	148710734	7.0	19.0
2	150766189	22.0	38.0
2	153656736	15.0	30.0
2	154221116	13.0	37.0
2	154870781	9.0	22.0
2	154924021	13.0	40.0
2	155788480	12.0	30.0
2	156388333	14.0	36.0
2	156899216	14.0	27.0
2	159233397	15.0	23.0
2	160488535	14.0	32.0
2	161416489	7.0	17.0
2	161463838	17.0	36.0
2	162232229	18.0	49.0
2	165409182	11.0	48.0
2	165999625	8.0	32.0
2	168912981	11.0	22.0
2	171675580	3.0	20.0
2	182384624	17.0	50.0
2	186361659	26.0	50.0
2	186930046	17.0	34.0
2	187434455	15.0	43.0
2	189167238	24.0	35.0
2	189622076	18.0	36.0
2	190759987	12.0	41.0
2	193252120	12.0	34.0
2	193694629	17.0	52.0
2	193897155	5.0	55.0
2	194863960	17.0	43.0
2	196599207	13.0	25.0
2	196936787	19.0	29.0
2	200206092	15.0	40.0
2	200353998	14.0	39.0
2	200418434	7.0	22.0
2	200492143	18.0	24.0
2	206292103	7.0	57.0
2	206742359	12.0	34.0
2	211325632	13.0	35.0
2	211822323	25.0	44.0
2	212043457	16.0	49.0
2	212427589	9.0	10.0
2	212691898	24.0	45.0
2	216148410	15.0	36.0
2	217059038	15.0	44.0
2	220263523	7.0	24.0
2	225577527	18.0	25.0
2	227501927	14.0	37.0
2	231527577	8.0	34.0
2	231821342	8.0	36.0
2	234745876	7.0	26.0
2	237510754	10.0	22.0
2	238652319	8.0	21.0
20	390816	9.0	32.0
20	741687	4.0	17.0
20	2258524	3.0	46.0
20	4980916	9.0	28.0
20	6700161	14.0	37.0
20	7028540	12.0	29.0
20	7472789	11.0	36.0
20	8659745	13.0	42.0
20	8877128	21.0	33.0
20	9741096	17.0	32.0
20	10437894	14.0	45.0
20	11982960	4.0	39.0
20	13496411	12.0	34.0
20	13704875	11.0	22.0
20	18442296	11.0	20.0
20	18909320	14.0	41.0
20	20284725	7.0	14.0
20	21438318	16.0	29.0
20	22801437	7.0	19.0
20	24588685	17.0	27.0
20	30947490	15.0	22.0
20	31757047	16.0	31.0
20	37756872	10.0	22.0
20	37884206	12.0	25.0
20	38207544	19.0	39.0
20	38681124	14.0	35.0
20	40403411	19.0	34.0
20	40898847	3.0	26.0
20	42081563	3.0	25.0
20	42576513	10.0	33.0
20	43916575	14.0	36.0
20	48261680	15.0	15.0
20	54632935	7.0	15.0
20	55759837	10.0	23.0
20	56628293	19.0	33.0
20	57345366	7.0	24.0
20	59413612	10.0	39.0
20	60377549	7.0	25.0
20	60399769	13.0	33.0
20	60400520	11.0	33.0
20	60401169	13.0	29.0
20	61162849	7.0	23.0
20	61390666	9.0	17.0
21	10459053	19.0	94.0
21	15438045	6.0	8.0
21	18933050	12.0	33.0
21	20288840	13.0	31.0
21	21668271	11.0	34.0
21	24444584	11.0	36.0
21	25241024	16.0	27.0
21	26735321	13.0	35.0
21	27144274	14.0	32.0
21	27804756	16.0	40.0
21	28772502	16.0	25.0
21	29683988	17.0	29.0
21	30523835	14.0	44.0
21	31005274	15.0	34.0
21	31338913	9.0	41.0
21	32125471	4.0	48.0
21	32368419	13.0	28.0
21	34672332	8.0	33.0
21	35666413	19.0	44.0
21	36064188	5.0	33.0
21	36818734	6.0	38.0
21	36819360	6.0	27.0
21	36975243	10.0	24.0
21	38330878	12.0	17.0
21	39432319	14.0	17.0
21	42733723	6.0	17.0
21	42940342	11.0	14.0
21	43085121	9.0	23.0
21	43139626	11.0	18.0
21	43148873	7.0	14.0
21	43766288	19.0	25.0
21	46760122	12.0	23.0
21	48063600	19.0	36.0
22	19050985	17.0	12.0
22	19312803	8.0	29.0
22	19381993	8.0	22.0
22	20261236	3.0	23.0
22	23511804	14.0	31.0
22	27470128	15.0	16.0
22	29025683	16.0	25.0
22	29899876	4.0	14.0
22	30274654	8.0	11.0
22	31057709	14.0	15.0
22	31138292	12.0	18.0
22	31820400	10.0	7.0
22	36945355	11.0	14.0
22	37123954	11.0	15.0
22	38894469	13.0	12.0
22	39227622	9.0	12.0
22	43289790	11.0	15.0
22	44768169	16.0	7.0
22	44768180	16.0	8.0
22	45894249	8.0	21.0
22	48631666	2.0	11.0
22	49065641	10.0	9.0
22	49431271	9.0	4.0
3	71171	20.0	32.0
3	160234	15.0	41.0
3	2740026	21.0	32.0
3	3445383	12.0	23.0
3	3496258	13.0	30.0
3	6848406	3.0	37.0
3	7870485	17.0	46.0
3	13862360	10.0	19.0
3	13985392	5.0	46.0
3	15812433	19.0	36.0
3	17056802	4.0	54.0
3	17539426	18.0	33.0
3	17678112	13.0	25.0
3	18216381	23.0	39.0
3	18254402	25.0	43.0
3	18552963	11.0	20.0
3	18647092	22.0	40.0
3	18661806	14.0	37.0
3	18865336	19.0	47.0
3	20853191	16.0	31.0
3	23648676	9.0	15.0
3	27687787	15.0	17.0
3	28451671	4.0	31.0
3	28870422	18.0	12.0
3	30240494	16.0	23.0
3	32801051	14.0	19.0
3	34749768	18.0	23.0
3	35362951	22.0	19.0
3	39320927	22.0	13.0
3	42220904	12.0	15.0
3	42494310	21.0	13.0
3	45212647	13.0	8.0
3	45642028	9.0	7.0
3	54682453	22.0	15.0
3	59346181	10.0	6.0
3	69965498	29.0	24.0
3	77595665	15.0	17.0
3	83090199	9.0	31.0
3	84774361	17.0	38.0
3	87652860	12.0	46.0
3	87742110	10.0	46.0
3	88105186	10.0	60.0
3	89338375	11.0	51.0
3	95161599	14.0	35.0
3	95192566	9.0	60.0
3	95896445	5.0	73.0
3	96303865	14.0	37.0
3	97147838	15.0	27.0
3	98818875	9.0	26.0
3	98988108	17.0	45.0
3	99428302	20.0	32.0
3	100921289	18.0	33.0
3	101788237	18.0	21.0
3	102423737	10.0	24.0
3	102424234	11.0	40.0
3	102703310	23.0	24.0
3	105727337	5.0	48.0
3	106310592	15.0	44.0
3	107670753	14.0	24.0
3	107803136	16.0	41.0
3	108496251	17.0	36.0
3	108579648	5.0	34.0
3	108850343	10.0	41.0
3	109283802	15.0	49.0
3	109918419	8.0	17.0
3	110234044	20.0	44.0
3	113528256	7.0	35.0
3	113543201	20.0	39.0
3	114461823	6.0	56.0
3	114639649	21.0	37.0
3	116347824	7.0	24.0
3	116618334	14.0	30.0
3	117420286	19.0	38.0
3	120946322	10.0	20.0
3	121529966	13.0	31.0
3	123133183	10.0	24.0
3	123719228	9.0	38.0
3	124092927	13.0	39.0
3	126461055	15.0	30.0
3	127464990	15.0	18.0
3	127891434	9.0	24.0
3	127925495	13.0	27.0
3	129027917	15.0	32.0
3	130124451	21.0	29.0
3	130315986	16.0	43.0
3	130679851	23.0	45.0
3	133755007	5.0	34.0
3	139170984	13.0	27.0
3	144290971	12.0	29.0
3	147005279	20.0	38.0
3	147619088	12.0	36.0
3	148325253	18.0	39.0
3	152851802	8.0	23.0
3	155046100	18.0	35.0
3	161071210	18.0	45.0
3	162452582	22.0	45.0
3	164202764	16.0	35.0
3	164901830	14.0	37.0
3	171624758	7.0	19.0
3	171836909	17.0	21.0
3	173205433	19.0	32.0
3	173835360	8.0	21.0
3	175161757	15.0	35.0
3	175273100	23.0	31.0
3	178284837	20.0	35.0
3	179805272	10.0	42.0
3	181053033	16.0	34.0
3	181123975	10.0	38.0
3	181273864	15.0	25.0
3	181455188	14.0	24.0
3	183909627	7.0	17.0
3	186130407	7.0	26.0
3	187558865	9.0	25.0
3	190398817	13.0	23.0
3	191162406	10.0	33.0
3	192361275	15.0	35.0
3	195095167	13.0	34.0
3	197199645	5.0	20.0
4	3748077	13.0	18.0
4	8197610	7.0	14.0
4	10671424	19.0	28.0
4	16363720	17.0	27.0
4	17150900	16.0	13.0
4	17370451	10.0	35.0
4	18804982	15.0	33.0
4	23037796	12.0	25.0
4	23552792	9.0	25.0
4	23730759	15.0	32.0
4	23784234	11.0	37.0
4	24320188	18.0	42.0
4	24434157	17.0	33.0
4	25748619	11.0	41.0
4	28606565	17.0	31.0
4	29900624	16.0	40.0
4	30574348	11.0	21.0
4	31459536	5.0	55.0
4	32025113	9.0	37.0
4	32464188	22.0	34.0
4	33446695	8.0	19.0
4	36081668	15.0	32.0
4	36255316	16.0	42.0
4	36406037	6.0	44.0
4	38381829	15.0	40.0
4	40374456	13.0	34.0
4	46664517	16.0	33.0
4	48720870	8.0	29.0
4	53077105	10.0	36.0
4	54846225	9.0	37.0
4	55829317	7.0	7.0
4	56204574	11.0	50.0
4	57470725	12.0	27.0
4	58276006	17.0	35.0
4	60543984	6.0	58.0
4	62267954	16.0	25.0
4	63386430	20.0	44.0
4	63578715	19.0	38.0
4	64755007	11.0	44.0
4	64940508	9.0	25.0
4	64993208	22.0	41.0
4	67651820	9.0	21.0
4	67718071	5.0	59.0
4	68426889	19.0	39.0
4	68973653	4.0	38.0
4	72336147	13.0	52.0
4	73140504	14.0	46.0
4	73162193	24.0	47.0
4	74065501	21.0	31.0
4	75859608	9.0	28.0
4	76049803	5.0	27.0
4	77641722	14.0	39.0
4	78898141	11.0	15.0
4	79277629	13.0	33.0
4	79407177	14.0	27.0
4	81764106	10.0	31.0
4	81832541	23.0	48.0
4	82126707	5.0	31.0
4	83514125	15.0	33.0
4	83793004	8.0	42.0
4	84111819	13.0	21.0
4	85789232	6.0	25.0
4	86015806	18.0	32.0
4	86055030	28.0	37.0
4	87246920	11.0	37.0
4	87676691	27.0	40.0
4	88804232	9.0	29.0
4	88873828	13.0	30.0
4	91781184	22.0	45.0
4	91785624	6.0	34.0
4	91920328	19.0	39.0
4	93596695	6.0	22.0
4	93605913	19.0	36.0
4	93825638	12.0	32.0
4	99904652	12.0	42.0
4	101064546	10.0	45.0
4	101750837	29.0	34.0
4	102012205	19.0	41.0
4	103441565	21.0	38.0
4	103723463	13.0	37.0
4	103907083	13.0	44.0
4	103907113	12.0	39.0
4	108244813	17.0	25.0
4	109386604	18.0	46.0
4	109880337	18.0	30.0
4	109883779	16.0	33.0
4	110596331	20.0	28.0
4	111538291	5.0	37.0
4	113294063	17.0	36.0
4	114733560	16.0	38.0
4	117319235	21.0	46.0
4	120128388	14.0	32.0
4	120177025	16.0	45.0
4	122656069	4.0	40.0
4	125837220	9.0	30.0
4	126629995	19.0	37.0
4	126972403	26.0	37.0
4	130182284	22.0	25.0
4	130361393	17.0	39.0
4	130676052	18.0	42.0
4	132101427	13.0	28.0
4	133806330	3.0	34.0
4	136352402	20.0	33.0
4	136352435	20.0	39.0
4	137213194	18.0	41.0
4	137961470	17.0	31.0
4	138008993	25.0	33.0
4	139164625	5.0	47.0
4	140374824	5.0	13.0
4	140531571	15.0	23.0
4	145465882	20.0	46.0
4	148641951	13.0	28.0
4	148829999	12.0	32.0
4	148939141	19.0	31.0
4	149878032	16.0	37.0
4	154819428	18.0	34.0
4	156815991	10.0	30.0
4	156974480	16.0	35.0
4	158159384	18.0	42.0
4	159265598	11.0	30.0
4	159792934	19.0	41.0
4	160659199	19.0	45.0
4	160996157	16.0	47.0
4	160996355	11.0	36.0
4	161708525	15.0	44.0
4	162809218	14.0	36.0
4	164586784	15.0	41.0
4	164847328	17.0	41.0
4	167090767	10.0	22.0
4	168244892	19.0	36.0
4	170396134	18.0	38.0
4	173518599	16.0	49.0
4	174004399	17.0	30.0
4	176601546	19.0	51.0
4	177925564	16.0	31.0
4	179543783	16.0	39.0
4	180302266	25.0	32.0
4	180615140	18.0	39.0
4	180986517	24.0	43.0
4	182185737	18.0	39.0
4	182195881	28.0	45.0
4	182555603	16.0	32.0
4	182902093	16.0	32.0
4	183098458	19.0	27.0
4	187987447	10.0	30.0
4	188057968	12.0	30.0
5	1052132	18.0	25.0
5	2882174	13.0	40.0
5	4147653	8.0	28.0
5	5995507	10.0	35.0
5	6681746	13.0	21.0
5	8687620	22.0	41.0
5	8687628	23.0	42.0
5	9122659	16.0	45.0
5	9890969	19.0	28.0
5	10917272	14.0	33.0
5	11801001	22.0	35.0
5	12794384	8.0	26.0
5	15431738	12.0	39.0
5	18848289	13.0	35.0
5	19033031	11.0	40.0
5	21764303	6.0	28.0
5	22618668	22.0	29.0
5	22686963	16.0	31.0
5	22687295	16.0	25.0
5	24322614	22.0	38.0
5	24322615	23.0	37.0
5	26831844	16.0	34.0
5	28023526	14.0	43.0
5	29050345	18.0	36.0
5	30748019	8.0	44.0
5	31075812	10.0	35.0
5	32109369	13.0	26.0
5	33177057	14.0	39.0
5	33810276	10.0	40.0
5	34333435	12.0	27.0
5	35396400	6.0	21.0
5	36450075	19.0	29.0
5	38046953	20.0	29.0
5	38068293	16.0	35.0
5	40431808	13.0	45.0
5	40788848	10.0	22.0
5	43589394	16.0	32.0
5	45560472	16.0	43.0
5	49532991	9.0	29.0
5	50365002	21.0	41.0
5	50657546	15.0	32.0
5	51185638	10.0	24.0
5	51409039	28.0	33.0
5	52013290	18.0	41.0
5	55141654	12.0	20.0
5	56858064	15.0	33.0
5	57071097	17.0	44.0
5	57498622	4.0	45.0
5	58963168	8.0	43.0
5	62201112	23.0	28.0
5	62730075	17.0	31.0
5	65405968	11.0	28.0
5	66350639	34.0	40.0
5	70310527	8.0	55.0
5	71752137	11.0	25.0
5	71902664	7.0	22.0
5	75827549	12.0	32.0
5	76603780	3.0	26.0
5	82200256	17.0	51.0
5	82460968	16.0	47.0
5	82844296	19.0	34.0
5	84181670	18.0	44.0
5	86481889	15.0	32.0
5	87181661	29.0	40.0
5	88026142	6.0	49.0
5	88458819	21.0	35.0
5	88966790	14.0	34.0
5	90051953	21.0	44.0
5	90766385	16.0	31.0
5	90781811	24.0	34.0
5	92886497	14.0	32.0
5	93923272	8.0	27.0
5	95871098	16.0	40.0
5	98382907	21.0	34.0
5	102150069	11.0	45.0
5	102926814	4.0	45.0
5	103808568	6.0	28.0
5	104972267	16.0	38.0
5	105100188	6.0	20.0
5	105373647	21.0	37.0
5	105505984	18.0	38.0
5	108487491	24.0	48.0
5	108487825	21.0	33.0
5	110721311	8.0	21.0
5	112729803	19.0	32.0
5	113132158	21.0	40.0
5	114479532	16.0	40.0
5	114836126	15.0	40.0
5	117808604	18.0	36.0
5	120104802	6.0	44.0
5	121192051	8.0	42.0
5	122039645	11.0	22.0
5	122889187	21.0	45.0
5	124294434	15.0	40.0
5	124308042	15.0	25.0
5	124312836	20.0	30.0
5	124874929	12.0	35.0
5	125907964	15.0	37.0
5	125908696	16.0	35.0
5	125950097	12.0	31.0
5	127498948	14.0	31.0
5	129383526	19.0	47.0
5	131518775	16.0	34.0
5	131785059	20.0	29.0
5	132868750	4.0	56.0
5	133421196	14.0	22.0
5	133987869	8.0	22.0
5	133988385	11.0	15.0
5	133988827	12.0	20.0
5	136326418	25.0	26.0
5	137658017	7.0	20.0
5	138575921	6.0	34.0
5	139748607	8.0	21.0
5	140423756	15.0	38.0
5	142058289	19.0	20.0
5	142354274	14.0	30.0
5	142612118	12.0	31.0
5	145972327	17.0	37.0
5	146031367	12.0	40.0
5	146221323	8.0	16.0
5	146984970	9.0	29.0
5	147046283	4.0	42.0
5	147685277	10.0	33.0
5	148768224	13.0	19.0
5	149973566	12.0	20.0
5	150537778	3.0	37.0
5	151752555	10.0	33.0
5	155494920	6.0	10.0
5	156507514	12.0	26.0
5	157598064	13.0	22.0
5	159625395	4.0	13.0
5	161005523	18.0	37.0
5	161099140	22.0	42.0
5	162527123	3.0	36.0
5	163461420	7.0	38.0
5	163556967	12.0	32.0
5	165622755	8.0	56.0
5	165928186	10.0	36.0
5	167241468	26.0	29.0
5	168413548	11.0	29.0
5	168477820	18.0	31.0
5	168904295	14.0	36.0
5	173106275	12.0	23.0
5	174448083	16.0	32.0
5	174547360	14.0	30.0
5	175787963	9.0	28.0
5	176604999	13.0	33.0
5	176999396	10.0	25.0
5	177694270	4.0	32.0
5	178210886	13.0	18.0
6	655810	14.0	35.0
6	1257617	6.0	16.0
6	2819327	11.0	33.0
6	2890223	13.0	34.0
6	3220558	10.0	26.0
6	3768135	13.0	28.0
6	4233026	25.0	21.0
6	5847160	12.0	30.0
6	6167186	10.0	35.0
6	7152985	20.0	46.0
6	8149342	8.0	27.0
6	9184344	15.0	36.0
6	9344038	8.0	24.0
6	10846378	13.0	22.0
6	11799999	14.0	21.0
6	12646064	13.0	30.0
6	15413324	11.0	23.0
6	15651214	6.0	60.0
6	16053151	6.0	19.0
6	19893133	10.0	19.0
6	23386491	10.0	34.0
6	25146556	16.0	45.0
6	27102209	14.0	41.0
6	29746917	11.0	33.0
6	30372562	12.0	33.0
6	32662812	13.0	22.0
6	34393383	12.0	19.0
6	35393425	15.0	28.0
6	35394783	8.0	17.0
6	36369502	15.0	30.0
6	36769887	5.0	18.0
6	37008443	6.0	18.0
6	37831089	17.0	30.0
6	40204014	16.0	24.0
6	42310015	12.0	27.0
6	42773922	5.0	25.0
6	43609066	12.0	26.0
6	44887312	6.0	33.0
6	45609060	13.0	22.0
6	47868765	9.0	7.0
6	50779664	5.0	22.0
6	53393281	15.0	46.0
6	53882635	11.0	24.0
6	55009410	6.0	32.0
6	56094359	14.0	24.0
6	57119640	20.0	33.0
6	58517124	8.0	15.0
6	62246615	14.0	26.0
6	62553576	12.0	24.0
6	63573459	11.0	14.0
6	66174686	19.0	41.0
6	66641242	14.0	22.0
6	68347738	17.0	53.0
6	68588196	16.0	31.0
6	69281249	15.0	32.0
6	69765974	13.0	32.0
6	70063722	11.0	34.0
6	70390920	11.0	38.0
6	70990539	3.0	21.0
6	72055484	17.0	34.0
6	73523142	18.0	43.0
6	74122855	13.0	29.0
6	75930808	7.0	27.0
6	78612352	8.0	40.0
6	78989989	21.0	40.0
6	82161417	15.0	41.0
6	85103878	18.0	37.0
6	85103950	16.0	40.0
6	85180939	17.0	38.0
6	85222219	7.0	55.0
6	85660163	17.0	32.0
6	86217697	11.0	29.0
6	86460290	12.0	31.0
6	88559027	14.0	33.0
6	90478460	5.0	27.0
6	90986079	23.0	44.0
6	91110696	11.0	32.0
6	92354597	9.0	43.0
6	92793126	26.0	24.0
6	93450741	13.0	35.0
6	93662383	19.0	22.0
6	95205803	12.0	30.0
6	95883143	27.0	39.0
6	96477338	11.0	31.0
6	96852327	14.0	23.0
6	98543935	21.0	39.0
6	98917882	13.0	36.0
6	99732594	7.0	15.0
6	100113333	8.0	30.0
6	100430794	4.0	31.0
6	101568676	14.0	49.0
6	102970305	19.0	40.0
6	103006497	25.0	48.0
6	103555460	5.0	60.0
6	103590038	16.0	42.0
6	105872774	17.0	39.0
6	106223952	20.0	36.0
6	106858940	17.0	41.0
6	107039365	17.0	34.0
6	108161910	10.0	29.0
6	109717263	10.0	39.0
6	110760106	8.0	17.0
6	110974567	19.0	32.0
6	111751787	10.0	23.0
6	112375408	9.0	29.0
6	113359622	14.0	30.0
6	114881000	14.0	33.0
6	114907902	13.0	39.0
6	115307618	17.0	29.0
6	116380169	14.0	28.0
6	116738846	13.0	42.0
6	117726984	4.0	31.0
6	121522018	6.0	39.0
6	124381338	6.0	33.0
6	124600748	15.0	32.0
6	126280301	13.0	35.0
6	127838371	17.0	40.0
6	128040787	23.0	33.0
6	128439965	16.0	26.0
6	130307193	16.0	44.0
6	131016307	18.0	29.0
6	131210180	18.0	44.0
6	132073769	11.0	25.0
6	134937676	16.0	39.0
6	135274790	17.0	20.0
6	136023637	4.0	29.0
6	136966516	10.0	34.0
6	138807028	13.0	43.0
6	143884923	12.0	20.0
6	144705592	9.0	24.0
6	146446609	11.0	26.0
6	146522888	19.0	21.0
6	147362096	17.0	27.0
6	148442391	5.0	25.0
6	148769617	10.0	23.0
6	149467386	18.0	39.0
6	150142857	13.0	26.0
6	150419379	10.0	20.0
6	151945518	18.0	38.0
6	152401860	16.0	35.0
6	153235074	21.0	35.0
6	154327243	11.0	25.0
6	154534628	12.0	31.0
6	156287478	10.0	36.0
6	156376360	18.0	34.0
6	157097974	12.0	23.0
6	158482153	14.0	13.0
6	159342546	8.0	16.0
6	160932658	18.0	33.0
6	163308719	15.0	41.0
6	164547295	20.0	34.0
6	164963574	13.0	36.0
6	165824069	11.0	24.0
6	166871214	10.0	27.0
6	168199120	11.0	29.0
6	169164742	10.0	33.0
6	170732321	4.0	15.0
7	675226	8.0	12.0
7	748236	9.0	16.0
7	2096457	9.0	15.0
7	2479297	12.0	21.0
7	3939493	9.0	27.0
7	5415668	10.0	15.0
7	8313638	20.0	38.0
7	8753567	11.0	29.0
7	8853035	14.0	34.0
7	8985805	20.0	38.0
7	9091569	16.0	52.0
7	11257341	12.0	32.0
7	11570672	14.0	34.0
7	11980752	15.0	43.0
7	13356298	20.0	38.0
7	14052596	11.0	26.0
7	14464607	18.0	49.0
7	14682764	18.0	35.0
7	14682812	14.0	35.0
7	15687411	29.0	44.0
7	19216457	14.0	41.0
7	22098972	6.0	34.0
7	24435454	3.0	26.0
7	25104121	8.0	23.0
7	26886963	21.0	49.0
7	30723674	10.0	28.0
7	32410200	4.0	20.0
7	32636677	8.0	41.0
7	37025071	14.0	23.0
7	37882355	6.0	34.0
7	38009277	16.0	29.0
7	38541602	16.0	41.0
7	38768388	15.0	30.0
7	38910001	12.0	34.0
7	42534116	12.0	37.0
7	42555761	25.0	33.0
7	42556562	22.0	38.0
7	43794546	10.0	29.0
7	44222942	9.0	26.0
7	45160174	13.0	20.0
7	45565630	9.0	21.0
7	46866918	13.0	29.0
7	47583281	13.0	29.0
7	49642616	17.0	42.0
7	50078657	18.0	38.0
7	51597257	8.0	26.0
7	53750854	18.0	31.0
7	57174037	8.0	25.0
7	57419505	13.0	27.0
7	61898491	13.0	21.0
7	62417061	12.0	23.0
7	63173990	6.0	13.0
7	64030699	6.0	8.0
7	64522230	11.0	27.0
7	66094574	13.0	5.0
7	67190975	12.0	22.0
7	68049466	15.0	22.0
7	69925949	11.0	24.0
7	70602271	7.0	17.0
7	70757026	13.0	36.0
7	71068310	24.0	34.0
7	71452600	9.0	25.0
7	71553751	7.0	46.0
7	71556445	9.0	35.0
7	74001631	8.0	19.0
7	75814539	10.0	18.0
7	76036376	5.0	23.0
7	78444625	24.0	34.0
7	82893169	14.0	18.0
7	84200692	18.0	37.0
7	88189319	16.0	33.0
7	91820992	19.0	48.0
7	94537403	5.0	7.0
7	95232505	4.0	33.0
7	95508847	17.0	35.0
7	95609546	12.0	37.0
7	95624697	7.0	33.0
7	96160028	13.0	34.0
7	96358426	15.0	20.0
7	96959339	13.0	19.0
7	97905674	11.0	45.0
7	99754411	14.0	15.0
7	99754647	12.0	18.0
7	99755452	8.0	18.0
7	102127726	9.0	5.0
7	102453435	8.0	22.0
7	103382504	8.0	26.0
7	104291140	12.0	35.0
7	104711821	10.0	25.0
7	106448326	9.0	20.0
7	107893572	25.0	27.0
7	108263535	11.0	26.0
7	108395566	8.0	16.0
7	109485323	12.0	49.0
7	110044682	20.0	41.0
7	112941539	26.0	40.0
7	113074713	9.0	32.0
7	113147717	18.0	33.0
7	113859749	17.0	46.0
7	116497989	16.0	28.0
7	117705741	15.0	27.0
7	117956652	16.0	37.0
7	118177146	18.0	34.0
7	118416170	25.0	42.0
7	118616295	17.0	22.0
7	118888397	15.0	43.0
7	119360970	7.0	35.0
7	123217748	11.0	44.0
7	125174199	17.0	39.0
7	125257422	7.0	28.0
7	125576283	17.0	44.0
7	125790985	17.0	38.0
7	126857320	21.0	40.0
7	130013905	6.0	10.0
7	131439582	5.0	25.0
7	132816469	13.0	31.0
7	134219557	24.0	37.0
7	135970540	9.0	25.0
7	136221966	16.0	33.0
7	136332780	11.0	36.0
7	139070184	16.0	28.0
7	140101908	12.0	33.0
7	142959785	14.0	24.0
7	144752709	20.0	35.0
7	145472111	26.0	28.0
7	147833802	14.0	32.0
7	148425702	16.0	31.0
7	150655343	4.0	12.0
7	150759483	6.0	11.0
7	152315890	12.0	23.0
7	152568228	5.0	16.0
7	154459262	16.0	28.0
7	156008531	16.0	33.0
7	157166696	13.0	32.0
7	157882902	8.0	38.0
7	158777368	16.0	31.0
8	346049	7.0	34.0
8	663516	17.0	25.0
8	1246431	6.0	23.0
8	1825566	12.0	24.0
8	2226076	13.0	62.0
8	3039301	15.0	36.0
8	3359804	10.0	18.0
8	3592218	21.0	28.0
8	3775231	15.0	42.0
8	3782857	13.0	38.0
8	4022759	11.0	36.0
8	5328910	14.0	33.0
8	5448489	9.0	24.0
8	6228635	6.0	23.0
8	8492385	12.0	29.0
8	9686577	9.0	25.0
8	10860992	25.0	33.0
8	13569932	16.0	41.0
8	13761419	4.0	52.0
8	16723737	14.0	36.0
8	16767355	16.0	38.0
8	18450040	8.0	32.0
8	20766575	7.0	26.0
8	27068225	27.0	36.0
8	28760225	22.0	24.0
8	29435203	15.0	33.0
8	29979634	5.0	27.0
8	31380495	18.0	33.0
8	31380758	11.0	43.0
8	31926587	12.0	29.0
8	32626426	22.0	26.0
8	33718760	23.0	44.0
8	35711085	19.0	44.0
8	37325524	15.0	28.0
8	41555134	4.0	18.0
8	41925949	17.0	27.0
8	41999410	23.0	36.0
8	42561893	7.0	23.0
8	47154771	7.0	15.0
8	47401394	14.0	33.0
8	49696715	15.0	44.0
8	52574153	12.0	20.0
8	55670455	4.0	49.0
8	56341333	23.0	40.0
8	56707266	18.0	40.0
8	57026181	6.0	9.0
8	57275133	9.0	20.0
8	57469724	17.0	44.0
8	57526283	9.0	28.0
8	59478759	19.0	50.0
8	60174814	14.0	26.0
8	60909507	22.0	54.0
8	61706334	11.0	35.0
8	62419193	18.0	25.0
8	63834802	15.0	28.0
8	64184781	7.0	23.0
8	64395831	19.0	35.0
8	64715934	4.0	13.0
8	65254293	12.0	28.0
8	67559473	19.0	12.0
8	68747580	7.0	21.0
8	68873066	14.0	31.0
8	70452471	10.0	24.0
8	70452970	19.0	34.0
8	73471616	11.0	29.0
8	75612321	25.0	52.0
8	75697950	20.0	46.0
8	76400285	17.0	46.0
8	82300143	16.0	40.0
8	85057592	22.0	41.0
8	86090136	7.0	11.0
8	86508138	6.0	12.0
8	86508264	13.0	33.0
8	86508748	13.0	30.0
8	86508760	14.0	29.0
8	86520411	7.0	25.0
8	87048882	15.0	47.0
8	91223020	24.0	46.0
8	91626064	11.0	32.0
8	92005432	10.0	39.0
8	93246243	23.0	31.0
8	94087519	12.0	39.0
8	94884507	4.0	13.0
8	95060315	13.0	29.0
8	98836390	15.0	35.0
8	99560274	12.0	26.0
8	100312699	13.0	38.0
8	100312972	18.0	36.0
8	100314768	16.0	24.0
8	100314978	12.0	29.0
8	100315338	8.0	23.0
8	108663428	3.0	36.0
8	109803564	20.0	30.0
8	109803585	21.0	29.0
8	110171771	20.0	37.0
8	111219901	21.0	28.0
8	111514406	11.0	33.0
8	111799354	22.0	37.0
8	111949635	17.0	36.0
8	112740713	19.0	45.0
8	113922744	16.0	29.0
8	113964115	19.0	30.0
8	114445808	8.0	36.0
8	115131652	11.0	64.0
8	116494678	22.0	76.0
8	116967686	24.0	99.0
8	117172909	35.0	67.0
8	117799678	7.0	30.0
8	118291463	33.0	28.0
8	118436571	23.0	33.0
8	119466844	16.0	62.0
8	122529717	16.0	34.0
8	124219784	4.0	12.0
8	124576133	14.0	27.0
8	129560167	14.0	45.0
8	129783541	16.0	37.0
8	131561847	7.0	30.0
8	132256365	11.0	39.0
8	136580427	19.0	24.0
8	137053813	13.0	33.0
8	137125570	15.0	24.0
8	137424949	6.0	51.0
8	140181224	18.0	25.0
8	141928298	26.0	28.0
8	142041634	8.0	29.0
8	142569302	13.0	21.0
8	143588904	8.0	14.0
8	144553440	3.0	10.0
8	144999331	9.0	13.0
9	1449129	17.0	49.0
9	1786233	16.0	28.0
9	3306656	9.0	24.0
9	3417227	16.0	38.0
9	4911148	9.0	24.0
9	5690682	16.0	34.0
9	6763865	13.0	29.0
9	8169828	23.0	37.0
9	9470298	16.0	38.0
9	9855046	16.0	42.0
9	10180920	18.0	37.0
9	10698164	14.0	45.0
9	13984492	14.0	28.0
9	15330511	13.0	20.0
9	16218187	11.0	12.0
9	18202083	26.0	44.0
9	20307926	7.0	22.0
9	20927903	13.0	24.0
9	21331331	17.0	36.0
9	21663511	5.0	46.0
9	21954641	15.0	35.0
9	22447451	9.0	10.0
9	24829237	27.0	40.0
9	25260742	4.0	58.0
9	27468246	11.0	34.0
9	28578627	13.0	56.0
9	29568943	18.0	36.0
9	31107790	5.0	54.0
9	32336549	15.0	22.0
9	34620933	19.0	29.0
9	35814991	5.0	17.0
9	36606889	10.0	14.0
9	73588852	18.0	27.0
9	73946555	10.0	25.0
9	74121064	13.0	33.0
9	74778866	4.0	31.0
9	79684670	12.0	30.0
9	80240222	12.0	26.0
9	81647158	19.0	38.0
9	82929068	15.0	22.0
9	86042844	18.0	33.0
9	89520526	20.0	45.0
9	90710038	12.0	24.0
9	94520905	15.0	28.0
9	95688657	7.0	33.0
9	98144252	9.0	22.0
9	99184336	8.0	19.0
9	99407336	9.0	15.0
9	100424459	10.0	38.0
9	102605952	11.0	17.0
9	102775854	17.0	38.0
9	103516877	14.0	21.0
9	104633312	10.0	40.0
9	104718406	21.0	46.0
9	107338706	8.0	33.0
9	107341315	20.0	42.0
9	107446389	4.0	35.0
9	107538262	20.0	35.0
9	107956098	15.0	36.0
9	108425386	20.0	29.0
9	110182928	19.0	39.0
9	112284982	14.0	34.0
9	115662254	19.0	24.0
9	119011080	16.0	31.0
9	120916368	12.0	26.0
9	121510906	13.0	36.0
9	122355088	7.0	30.0
9	123918761	19.0	33.0
9	124605152	10.0	27.0
9	126328136	22.0	35.0
9	127603875	6.0	14.0
9	128115003	11.0	27.0
9	129621756	11.0	28.0
9	129777237	13.0	34.0
9	129826670	5.0	48.0
9	131392811	7.0	26.0
9	131640238	16.0	21.0
9	132777035	23.0	33.0
9	135066130	16.0	28.0
9	135066144	12.0	27.0
9	136118838	16.0	32.0
X	414067	11.0	22.0
X	468243	9.0	13.0
X	2446927	8.0	37.0
X	4078727	12.0	33.0
X	5262770	10.0	40.0
X	6102466	20.0	40.0
X	7423540	17.0	36.0
X	10137395	15.0	37.0
X	10831680	16.0	24.0
X	11614923	9.0	42.0
X	12618770	14.0	31.0
X	13972097	14.0	35.0
X	16512250	9.0	18.0
X	17462537	22.0	32.0
X	19349792	16.0	32.0
X	19950836	14.0	29.0
X	21443756	16.0	47.0
X	21804764	14.0	31.0
X	22602629	19.0	34.0
X	22750704	11.0	21.0
X	23102976	10.0	31.0
X	23354431	15.0	28.0
X	26012270	18.0	38.0
X	27118199	11.0	25.0
X	27481967	5.0	10.0
X	29531460	10.0	33.0
X	29972634	14.0	45.0
X	31670138	16.0	40.0
X	31672587	17.0	40.0
X	32240890	15.0	37.0
X	32471764	21.0	40.0
X	35191054	14.0	46.0
X	35217268	16.0	36.0
X	35267864	18.0	37.0
X	35620896	14.0	36.0
X	35653583	16.0	22.0
X	35768303	15.0	38.0
X	36094205	18.0	36.0
X	36127774	17.0	22.0
X	36266839	11.0	40.0
X	36734605	14.0	36.0
X	36852607	17.0	40.0
X	38050649	15.0	38.0
X	38412303	12.0	47.0
X	38975291	13.0	30.0
X	39124952	12.0	25.0
X	39995728	14.0	37.0
X	40939212	4.0	46.0
X	41119040	6.0	33.0
X	45632440	15.0	16.0
X	46570621	19.0	34.0
X	47612520	12.0	29.0
X	48082760	6.0	26.0
X	48104755	7.0	24.0
X	48308482	7.0	31.0
X	48393355	8.0	31.0
X	49025886	14.0	29.0
X	51693664	20.0	36.0
X	53200385	8.0	31.0
X	53276272	15.0	24.0
X	53609242	26.0	37.0
X	54731552	7.0	39.0
X	55618703	9.0	32.0
X	56668600	5.0	37.0
X	57028770	15.0	24.0
X	57335788	14.0	40.0
X	57686373	6.0	29.0
X	58482206	13.0	38.0
X	62028918	10.0	41.0
X	63652515	7.0	16.0
X	64560447	10.0	40.0
X	64850218	10.0	26.0
X	67783259	13.0	43.0
X	68207026	12.0	22.0
X	68540740	7.0	35.0
X	68760095	8.0	43.0
X	70396743	8.0	32.0
X	70530269	8.0	20.0
X	70530421	15.0	24.0
X	71125944	11.0	27.0
X	71699278	13.0	36.0
X	73473903	5.0	36.0
X	74218645	17.0	33.0
X	75470144	18.0	26.0
X	76481962	19.0	35.0
X	76533637	11.0	25.0
X	76557656	19.0	33.0
X	77054125	5.0	23.0
X	77879160	13.0	26.0
X	78049188	9.0	31.0
X	79540656	8.0	14.0
X	79610918	10.0	27.0
X	79620615	19.0	38.0
X	81721066	14.0	38.0
X	82601385	19.0	31.0
X	82777553	26.0	35.0
X	83471145	18.0	33.0
X	84812650	25.0	32.0
X	85618661	13.0	42.0
X	87029350	14.0	42.0
X	87988798	17.0	38.0
X	88585448	6.0	25.0
X	90544703	16.0	35.0
X	92413700	23.0	52.0
X	93502031	17.0	35.0
X	97889019	16.0	32.0
X	99940670	14.0	19.0
X	100860434	16.0	33.0
X	102589281	13.0	43.0
X	103258567	15.0	39.0
X	105335224	14.0	36.0
X	105794652	8.0	16.0
X	106711237	7.0	24.0
X	109992544	5.0	41.0
X	111306223	16.0	37.0
X	111993864	19.0	36.0
X	112492664	14.0	40.0
X	112699747	13.0	36.0
X	114648435	10.0	19.0
X	115088097	16.0	51.0
X	115140770	12.0	30.0
X	116819228	19.0	40.0
X	117047727	8.0	30.0
X	118108935	6.0	9.0
X	118763721	13.0	41.0
X	119129172	17.0	36.0
X	119246348	2.0	31.0
X	120938353	15.0	30.0
X	123490937	8.0	39.0
X	123774044	5.0	37.0
X	125463720	17.0	44.0
X	126100775	15.0	30.0
X	126449496	15.0	40.0
X	127514137	16.0	39.0
X	127703907	20.0	36.0
X	128498731	10.0	41.0
X	128881670	7.0	26.0
X	130437524	12.0	53.0
X	131630671	20.0	34.0
X	131634227	13.0	37.0
X	131768277	13.0	23.0
X	131824116	14.0	35.0
X	132706623	13.0	43.0
X	132817791	14.0	29.0
X	132983266	10.0	16.0
X	133199329	10.0	46.0
X	134166465	6.0	15.0
X	135615996	7.0	37.0
X	135710719	10.0	28.0
X	136505477	21.0	38.0
X	140068186	11.0	21.0
X	140431266	8.0	46.0
X	141208491	11.0	27.0
X	141303376	12.0	27.0
X	143956473	17.0	24.0
X	144088275	21.0	35.0
X	144589090	12.0	33.0
X	144620177	20.0	38.0
X	145226368	14.0	50.0
X	145361654	11.0	27.0
X	145737186	16.0	34.0
X	149439527	16.0	33.0
X	149998965	4.0	29.0
X	150170201	5.0	15.0
X	150389672	24.0	28.0
X	151870477	8.0	22.0
X	152070033	16.0	25.0
X	153138883	3.0	6.0
X	153389558	13.0	34.0
X	155040498	11.0	23.0
