chromosome_index	start_position	end_position	major_cn	minor_cn	total_cn
1	1	60944626	1.0	0.0	1.0
1	60944627	60948155	1.0	0.0	1.0
1	60948156	69798448	1.0	0.0	1.0
1	69798449	69805781	1.0	0.0	1.0
1	69805782	72928209	1.0	0.0	1.0
1	72928210	107199128	1.0	0.0	1.0
1	107199129	107204847	1.0	0.0	1.0
1	107204848	108885315	1.0	0.0	1.0
1	108885316	108892617	1.0	0.0	1.0
1	108892618	114004717	1.0	0.0	1.0
1	114004718	114006922	1.0	0.0	1.0
1	114006923	121348938	1.0	0.0	1.0
1	128900000	144814889	2.0	1.0	3.0
1	144814890	148012499	2.0	1.0	3.0
1	148012500	153398953	2.0	1.0	3.0
1	153398954	153419439	2.0	1.0	3.0
1	153419440	164365211	2.0	1.0	3.0
1	164365212	166789851	2.0	0.0	2.0
1	166789852	166799839	1.0	0.0	1.0
1	166799840	186758726	2.0	0.0	2.0
1	186758727	249250620	2.0	0.0	2.0
2	23368	31840781	1.0	1.0	2.0
2	31840782	31842599	1.0	1.0	2.0
2	31842600	32507069	1.0	1.0	2.0
2	32507070	35280091	1.0	1.0	2.0
2	35280092	35282097	1.0	1.0	2.0
2	35282098	36282677	1.0	1.0	2.0
2	36282678	40229973	1.0	1.0	2.0
2	40229974	53439987	1.0	1.0	2.0
2	53439988	56722401	1.0	1.0	2.0
2	56722402	56725761	1.0	1.0	2.0
2	56725762	68630810	1.0	1.0	2.0
2	68630811	68632339	1.0	1.0	2.0
2	68632340	81218398	1.0	1.0	2.0
2	81218399	81227252	1.0	1.0	2.0
2	81227253	90499999	1.0	1.0	2.0
2	90500000	97770073	1.0	1.0	2.0
2	97770074	138314798	1.0	1.0	2.0
2	138314799	139861189	1.0	1.0	2.0
2	139861190	139863260	1.0	1.0	2.0
2	139863261	143810912	1.0	1.0	2.0
2	143810913	143814000	1.0	1.0	2.0
2	143814001	143839157	1.0	1.0	2.0
2	143839158	145865903	1.0	1.0	2.0
2	145865904	147831065	1.0	1.0	2.0
2	147831066	147835473	1.0	1.0	2.0
2	147835474	155132345	1.0	1.0	2.0
2	155132346	155145200	3.0	1.0	4.0
2	155145201	165905624	1.0	1.0	2.0
2	165905625	165907227	1.0	1.0	2.0
2	165907228	186704621	1.0	1.0	2.0
2	186704622	189800028	1.0	1.0	2.0
2	189800029	193324979	1.0	1.0	2.0
2	193324980	193327854	1.0	1.0	2.0
2	193327855	196831499	1.0	1.0	2.0
2	196831500	196843272	1.0	1.0	2.0
2	196843273	208243031	1.0	1.0	2.0
2	208243032	208247490	1.0	1.0	2.0
2	208247491	208497222	1.0	1.0	2.0
2	208497223	208665570	2.0	1.0	3.0
2	208665571	208785167	2.0	1.0	3.0
2	208785168	211550010	1.0	1.0	2.0
2	211550011	242949968	1.0	1.0	2.0
3	100074	3399309	1.0	1.0	2.0
3	3399310	3421467	2.0	2.0	4.0
3	3421468	8199113	1.0	1.0	2.0
3	8199114	16003669	1.0	1.0	2.0
3	16003670	16014216	1.0	1.0	2.0
3	16014217	26502037	1.0	1.0	2.0
3	26502038	26933396	1.0	1.0	2.0
3	26933397	74548486	1.0	1.0	2.0
3	74548487	74581799	1.0	1.0	2.0
3	74581800	85995014	1.0	1.0	2.0
3	85995015	86058611	1.0	1.0	2.0
3	86058612	87899999	1.0	1.0	2.0
3	87900000	93899999	1.0	1.0	2.0
3	93900000	101551836	1.0	1.0	2.0
3	101551837	101582102	1.0	1.0	2.0
3	101582103	104098180	1.0	1.0	2.0
3	104098181	104110630	1.0	1.0	2.0
3	104110631	125723765	1.0	1.0	2.0
3	125723766	132020987	1.0	1.0	2.0
3	132020988	132022864	1.0	1.0	2.0
3	132022865	152028815	1.0	1.0	2.0
3	152028816	161755804	1.0	1.0	2.0
3	161755805	161764991	1.0	1.0	2.0
3	161764992	161974558	1.0	1.0	2.0
3	161974559	161985974	1.0	1.0	2.0
3	161985975	167316677	1.0	1.0	2.0
3	167316678	167328679	1.0	1.0	2.0
3	167328680	176523434	1.0	1.0	2.0
3	176523435	176527214	1.0	1.0	2.0
3	176527215	189960713	1.0	1.0	2.0
3	189960714	189965737	1.0	1.0	2.0
3	189965738	190934050	1.0	1.0	2.0
3	190934051	190939706	1.0	1.0	2.0
3	190939707	191324311	1.0	1.0	2.0
3	191324312	191328008	1.0	1.0	2.0
3	191328009	191760147	1.0	1.0	2.0
3	191760148	197847500	1.0	1.0	2.0
4	9997	124638	2.0	1.0	3.0
4	124639	879220	1.0	1.0	2.0
4	879221	29290018	1.0	1.0	2.0
4	29290019	29863453	1.0	1.0	2.0
4	29863454	29864827	1.0	1.0	2.0
4	29864828	35570003	1.0	1.0	2.0
4	35570004	36034918	1.0	1.0	2.0
4	36034919	36043492	1.0	1.0	2.0
4	36043493	46560011	1.0	1.0	2.0
4	46560012	48199999	1.0	1.0	2.0
4	48200000	52699999	1.0	1.0	2.0
4	52700000	55348533	1.0	1.0	2.0
4	55348534	55350112	1.0	1.0	2.0
4	55350113	58324143	1.0	1.0	2.0
4	58324144	58334418	1.0	1.0	2.0
4	58334419	62273449	1.0	1.0	2.0
4	62273450	63858390	1.0	0.0	1.0
4	63858391	69634369	1.0	0.0	1.0
4	69634370	69851750	2.0	0.0	2.0
4	69851751	70129636	1.0	0.0	1.0
4	70129637	72359992	1.0	0.0	1.0
4	72359993	73250074	1.0	0.0	1.0
4	73250075	74829921	1.0	0.0	1.0
4	74829922	74836368	1.0	0.0	1.0
4	74836369	79800041	1.0	0.0	1.0
4	79800042	96369986	1.0	0.0	1.0
4	96369987	97390883	1.0	0.0	1.0
4	97390884	97398895	1.0	0.0	1.0
4	97398896	104999924	1.0	0.0	1.0
4	104999925	164092741	1.0	0.0	1.0
4	164092742	164117014	1.0	0.0	1.0
4	164117015	166121377	1.0	0.0	1.0
4	166121378	177460364	1.0	0.0	1.0
4	177460365	190165259	1.0	0.0	1.0
4	190165260	190170654	1.0	0.0	1.0
5	62709	2526006	1.0	1.0	2.0
5	2526007	2532453	1.0	1.0	2.0
5	2532454	9291846	1.0	1.0	2.0
5	9291847	12029109	1.0	1.0	2.0
5	12029110	12030999	1.0	1.0	2.0
5	12031000	42100294	1.0	1.0	2.0
5	42100295	46049994	1.0	1.0	2.0
5	46049995	50699999	1.0	1.0	2.0
5	50700000	52817027	1.0	1.0	2.0
5	52817028	52821672	1.0	1.0	2.0
5	52821673	70784319	1.0	1.0	2.0
5	70784320	75153634	1.0	1.0	2.0
5	75153635	75156221	1.0	1.0	2.0
5	75156222	83947989	1.0	1.0	2.0
5	83947990	83954942	1.0	1.0	2.0
5	83954943	98020577	1.0	1.0	2.0
5	98020578	98027537	1.0	1.0	2.0
5	98027538	99514225	1.0	1.0	2.0
5	99514226	99527680	1.0	1.0	2.0
5	99527681	99860280	1.0	1.0	2.0
5	99860281	99861050	1.0	1.0	2.0
5	99861051	99864967	1.0	1.0	2.0
5	99864968	99866069	1.0	1.0	2.0
5	99866070	101762394	1.0	1.0	2.0
5	101762395	101764399	1.0	1.0	2.0
5	101764400	102249971	1.0	1.0	2.0
5	102249972	104330406	1.0	1.0	2.0
5	104330407	104358036	3.0	2.0	5.0
5	104358037	120173306	1.0	1.0	2.0
5	120173307	120177238	1.0	1.0	2.0
5	120177239	148100063	1.0	1.0	2.0
5	148100064	161660912	1.0	1.0	2.0
5	161660913	161663310	1.0	1.0	2.0
5	161663311	172276800	1.0	1.0	2.0
5	172276801	172675296	1.0	0.0	1.0
5	172675297	180639978	1.0	1.0	2.0
6	242501	25583185	1.0	1.0	2.0
6	25583186	25585076	3.0	1.0	4.0
6	25585077	29881345	1.0	1.0	2.0
6	29881346	29967499	1.0	0.0	1.0
6	29967500	30276956	1.0	1.0	2.0
6	30276957	30278306	1.0	1.0	2.0
6	30278307	34626078	1.0	1.0	2.0
6	34626079	35628349	1.0	1.0	2.0
6	35628350	35816719	2.0	1.0	3.0
6	35816720	37915357	1.0	1.0	2.0
6	37915358	37945432	1.0	1.0	2.0
6	37945433	56908683	1.0	1.0	2.0
6	56908684	56910513	1.0	1.0	2.0
6	56910514	58699999	1.0	1.0	2.0
6	58700000	63299999	1.0	1.0	2.0
6	63300000	68917828	1.0	1.0	2.0
6	68917829	68926193	1.0	1.0	2.0
6	68926194	92931452	1.0	1.0	2.0
6	92931453	96881094	1.0	1.0	2.0
6	96881095	96891394	1.0	1.0	2.0
6	96891395	122882896	1.0	1.0	2.0
6	122882897	122892895	1.0	1.0	2.0
6	122892896	130351594	1.0	1.0	2.0
6	130351595	139389111	1.0	1.0	2.0
6	139389112	139391292	1.0	1.0	2.0
6	139391293	170915126	1.0	1.0	2.0
7	60648	8620054	1.0	1.0	2.0
7	8620055	10403871	1.0	1.0	2.0
7	10403872	10415966	1.0	1.0	2.0
7	10415967	11427497	1.0	1.0	2.0
7	11427498	11436905	1.0	1.0	2.0
7	11436906	14103705	1.0	1.0	2.0
7	14103706	14105616	1.0	1.0	2.0
7	14105617	24383783	1.0	1.0	2.0
7	24383784	24387934	1.0	1.0	2.0
7	24387935	57999999	1.0	1.0	2.0
7	58000000	61699999	1.0	1.0	2.0
7	61700000	63657522	1.0	1.0	2.0
7	63657523	63660794	1.0	1.0	2.0
7	63660795	85680008	1.0	1.0	2.0
7	85680009	86770039	1.0	1.0	2.0
7	86770040	86886778	1.0	1.0	2.0
7	86886779	86889888	1.0	1.0	2.0
7	86889889	105988212	1.0	1.0	2.0
7	105988213	105989058	1.0	1.0	2.0
7	105989059	126622441	1.0	1.0	2.0
7	126622442	126624628	1.0	1.0	2.0
7	126624629	147059245	1.0	1.0	2.0
7	147059246	149209979	1.0	1.0	2.0
7	149209980	149217172	1.0	1.0	2.0
7	149217173	159138662	1.0	1.0	2.0
8	169366	3822868	2.0	0.0	2.0
8	3822869	3964887	0.0	0.0	0.0
8	3964888	5448540	2.0	0.0	2.0
8	5448541	20754491	2.0	1.0	3.0
8	20754492	43099999	1.0	1.0	2.0
8	43100000	48099999	1.0	1.0	2.0
8	48100000	49947322	1.0	1.0	2.0
8	49947323	49964621	1.0	1.0	2.0
8	49964622	63141070	1.0	1.0	2.0
8	63141071	63151372	2.0	2.0	4.0
8	63151373	63748196	1.0	1.0	2.0
8	63748197	63760007	1.0	1.0	2.0
8	63760008	65329950	1.0	1.0	2.0
8	65329951	80030031	1.0	1.0	2.0
8	80030032	84514933	1.0	1.0	2.0
8	84514934	84534740	1.0	1.0	2.0
8	84534741	103681804	1.0	1.0	2.0
8	103681805	104056185	1.0	1.0	2.0
8	104056186	104058149	1.0	1.0	2.0
8	104058150	104585822	1.0	1.0	2.0
8	104585823	104589168	1.0	1.0	2.0
8	104589169	105591210	1.0	1.0	2.0
8	105591211	105622957	1.0	1.0	2.0
8	105622958	108610017	1.0	1.0	2.0
8	108610018	130795485	1.0	1.0	2.0
8	130795486	130797124	1.0	1.0	2.0
8	130797125	130800641	1.0	1.0	2.0
8	130800642	130802370	1.0	1.0	2.0
8	130802371	130811560	1.0	1.0	2.0
8	130811561	130819578	1.0	1.0	2.0
8	130819579	146364021	1.0	1.0	2.0
9	47500	626518	1.0	1.0	2.0
9	626519	628184	1.0	1.0	2.0
9	628185	9784453	1.0	1.0	2.0
9	9784454	9791776	1.0	1.0	2.0
9	9791777	10653906	1.0	1.0	2.0
9	10653907	23150834	1.0	1.0	2.0
9	23150835	23152645	1.0	1.0	2.0
9	23152646	23164420	1.0	1.0	2.0
9	23164421	23166268	1.0	1.0	2.0
9	23166269	27811953	1.0	1.0	2.0
9	27811954	27833246	1.0	1.0	2.0
9	27833247	42152499	1.0	1.0	2.0
9	42152500	47299999	1.0	1.0	2.0
9	47300000	50699999	1.0	1.0	2.0
9	50700000	68419975	1.0	1.0	2.0
9	68419976	83129935	1.0	1.0	2.0
9	83129936	83133496	1.0	1.0	2.0
9	83133497	83141334	1.0	1.0	2.0
9	83141335	83145201	1.0	1.0	2.0
9	83145202	93058039	1.0	1.0	2.0
9	93058040	93060299	1.0	1.0	2.0
9	93060300	125393584	1.0	1.0	2.0
9	125393585	125396214	1.0	1.0	2.0
9	125396215	129012517	1.0	1.0	2.0
9	129012518	129014606	1.0	1.0	2.0
9	129014607	140315015	1.0	1.0	2.0
10	96469	5023781	1.0	1.0	2.0
10	5023782	5023872	1.0	1.0	2.0
10	5023873	5027415	1.0	1.0	2.0
10	5027416	5028004	1.0	1.0	2.0
10	5028005	5425042	1.0	1.0	2.0
10	5425043	5427753	1.0	1.0	2.0
10	5427754	34682881	1.0	1.0	2.0
10	34682882	34685051	1.0	1.0	2.0
10	34685052	37999999	1.0	1.0	2.0
10	42839802	48310176	1.0	0.0	1.0
10	48310177	54841476	1.0	0.0	1.0
10	54841477	54847459	1.0	0.0	1.0
10	54847460	89697527	1.0	0.0	1.0
10	89697528	89722181	1.0	0.0	1.0
10	89722182	98275105	1.0	0.0	1.0
10	98275106	109585875	1.0	0.0	1.0
10	109585876	135534746	1.0	0.0	1.0
11	202017	5893120	1.0	1.0	2.0
11	5893121	5936439	3.0	2.0	5.0
11	5936440	18914391	1.0	1.0	2.0
11	18914392	18923347	3.0	1.0	4.0
11	18923348	29930018	1.0	1.0	2.0
11	29930019	34764083	1.0	1.0	2.0
11	34764084	34781838	1.0	1.0	2.0
11	34781839	48920914	1.0	1.0	2.0
11	48920915	51215950	1.0	1.0	2.0
11	51215951	55699999	1.0	1.0	2.0
11	55700000	76150278	1.0	1.0	2.0
11	76150279	76153503	1.0	1.0	2.0
11	76153504	81502935	1.0	1.0	2.0
11	81502936	81512538	1.0	1.0	2.0
11	81512539	84999974	1.0	1.0	2.0
11	84999975	90296974	1.0	1.0	2.0
11	90296975	90304690	1.0	1.0	2.0
11	90304691	99768753	1.0	1.0	2.0
11	99768754	99770944	1.0	1.0	2.0
11	99770945	103301847	1.0	1.0	2.0
11	103301848	103303594	1.0	1.0	2.0
11	103303595	108001422	1.0	1.0	2.0
11	108001423	108003546	1.0	1.0	2.0
11	108003547	109823771	1.0	1.0	2.0
11	109823772	109922349	1.0	0.0	1.0
11	109922350	125417110	1.0	1.0	2.0
11	125417111	125421440	1.0	1.0	2.0
11	125421441	135006515	1.0	1.0	2.0
12	110107	33299999	1.0	1.0	2.0
12	33300000	38199999	1.0	1.0	2.0
12	38200000	40056904	1.0	1.0	2.0
12	40056905	40099251	1.0	1.0	2.0
12	40099252	44526164	1.0	1.0	2.0
12	44526165	44636842	1.0	1.0	2.0
12	44636843	44644170	1.0	1.0	2.0
12	44644171	49133460	1.0	1.0	2.0
12	49133461	64908881	1.0	1.0	2.0
12	64908882	64910575	1.0	1.0	2.0
12	64910576	73482630	1.0	1.0	2.0
12	73482631	73486968	1.0	1.0	2.0
12	73486969	86116845	1.0	1.0	2.0
12	86116846	86118689	1.0	1.0	2.0
12	86118690	86431099	1.0	1.0	2.0
12	86431100	86458239	1.0	1.0	2.0
12	86458240	108269966	1.0	1.0	2.0
12	108269967	108273380	1.0	1.0	2.0
12	108273381	127844060	1.0	1.0	2.0
12	127844061	127845596	1.0	1.0	2.0
12	127845597	133851894	1.0	1.0	2.0
13	16300000	19499999	1.0	1.0	2.0
13	19500000	19501159	1.0	1.0	2.0
13	19501160	28122818	1.0	1.0	2.0
13	28122819	28126646	1.0	1.0	2.0
13	28126647	28170517	1.0	0.0	1.0
13	28170518	41891489	1.0	0.0	1.0
13	41891490	48925237	1.0	0.0	1.0
13	48925238	48929603	1.0	0.0	1.0
13	48929604	79378646	1.0	0.0	1.0
13	79378647	79382164	1.0	0.0	1.0
13	79382165	80135780	1.0	0.0	1.0
13	80135781	80155745	1.0	0.0	1.0
13	80155746	82256117	1.0	0.0	1.0
13	82256118	82328570	1.0	1.0	2.0
13	82328571	82331897	1.0	1.0	2.0
13	82331898	92528425	1.0	1.0	2.0
13	92528426	92540348	1.0	1.0	2.0
13	92540349	93742724	1.0	1.0	2.0
13	93742725	93745171	1.0	1.0	2.0
13	93745172	98541793	1.0	1.0	2.0
13	98541794	98543627	1.0	1.0	2.0
13	98543628	99120020	1.0	1.0	2.0
13	99120021	99167179	1.0	1.0	2.0
13	99167180	104073212	1.0	1.0	2.0
13	104073213	115169877	1.0	1.0	2.0
14	16100000	19099999	1.0	1.0	2.0
14	19100000	20468580	1.0	1.0	2.0
14	20468581	22441254	1.0	1.0	2.0
14	22441255	22443184	1.0	1.0	2.0
14	22443185	30471986	1.0	1.0	2.0
14	30471987	61411347	1.0	1.0	2.0
14	61411348	61413365	1.0	1.0	2.0
14	61413366	64436051	1.0	1.0	2.0
14	64436052	71385651	1.0	1.0	2.0
14	71385652	78666602	1.0	1.0	2.0
14	78666603	88519328	1.0	1.0	2.0
14	88519329	88525267	1.0	1.0	2.0
14	88525268	107349539	1.0	1.0	2.0
15	15800000	20699999	1.0	0.0	1.0
15	20700000	41839426	1.0	0.0	1.0
15	41839427	46539971	1.0	0.0	1.0
15	46539972	68439061	1.0	0.0	1.0
15	68439062	93291747	2.0	1.0	3.0
15	93291748	102531391	2.0	1.0	3.0
16	89279	17755584	1.0	0.0	1.0
16	17755585	17758944	1.0	0.0	1.0
16	17758945	24891430	1.0	0.0	1.0
16	24891431	24979572	0.0	0.0	0.0
16	24979573	32491148	1.0	0.0	1.0
16	32491149	34599999	1.0	0.0	1.0
16	34600000	38599999	1.0	0.0	1.0
16	38600000	72469314	1.0	0.0	1.0
16	72469315	72767872	0.0	0.0	0.0
16	72767873	90354752	1.0	0.0	1.0
17	7	15411105	1.0	0.0	1.0
17	15411106	22196464	1.0	0.0	1.0
17	22196465	22196820	1.0	0.0	1.0
17	22196821	22199999	1.0	1.0	2.0
17	22200000	25799999	1.0	1.0	2.0
17	25800000	44362397	1.0	1.0	2.0
17	44362398	50848845	1.0	1.0	2.0
17	50848846	50852105	1.0	1.0	2.0
17	50852106	77052118	1.0	1.0	2.0
17	77052119	77053688	1.0	1.0	2.0
17	77053689	81195209	1.0	1.0	2.0
18	10001	159955	1.0	1.0	2.0
18	159956	15388170	1.0	1.0	2.0
18	15388171	18999999	1.0	1.0	2.0
18	19000000	21638139	1.0	1.0	2.0
18	21638140	21639549	1.0	1.0	2.0
18	21639550	27886549	1.0	1.0	2.0
18	27886550	28308897	1.0	1.0	2.0
18	28308898	28316893	1.0	1.0	2.0
18	28316894	35521861	1.0	1.0	2.0
18	35521862	54455299	1.0	0.0	1.0
18	54455300	54655264	0.0	0.0	0.0
18	54655265	78077247	1.0	0.0	1.0
19	90373	293670	1.0	1.0	2.0
19	293671	9651546	1.0	1.0	2.0
19	9651547	9659549	1.0	1.0	2.0
19	9659550	24399999	1.0	1.0	2.0
19	24400000	28599999	1.0	1.0	2.0
19	28600000	59128982	1.0	1.0	2.0
20	108316	7144648	1.0	1.0	2.0
20	7144649	7157362	1.0	1.0	2.0
20	7157363	25599999	1.0	1.0	2.0
20	25600000	29459455	1.0	1.0	2.0
20	29459456	47981669	1.0	1.0	2.0
20	47981670	63025519	2.0	1.0	3.0
21	10900000	15273743	1.0	1.0	2.0
21	15273744	18324138	1.0	1.0	2.0
21	18324139	18334142	1.0	1.0	2.0
21	18334143	23709880	1.0	1.0	2.0
21	23709881	23712598	3.0	1.0	4.0
21	23712599	28572297	1.0	1.0	2.0
21	28572298	28579895	1.0	1.0	2.0
21	28579896	48129894	1.0	1.0	2.0
22	12200000	17899999	1.0	1.0	2.0
22	17900000	35144991	1.0	1.0	2.0
22	35144992	40179334	1.0	1.0	2.0
22	40179335	40190038	1.0	1.0	2.0
22	40190039	41478220	1.0	1.0	2.0
22	41478221	41480434	1.0	1.0	2.0
22	41480435	51304565	1.0	1.0	2.0
