chromosome_index position alt_count ref_count
1 18618477 8 39
1 28128254 11 44
1 34076840 29 99
1 43907753 19 44
1 46726979 15 175
1 54640255 26 16
1 66838157 8 50
1 76254953 64 159
1 79107183 31 152
1 109804229 11 99
1 114240200 21 92
1 120839746 61 108
1 149943124 22 212
1 153736642 131 121
1 153737460 11 184
1 154516883 30 32
1 158368709 16 52
1 160783459 7 192
1 162745606 50 121
1 177929979 22 54
1 179520518 27 41
1 200801329 6 175
1 200818901 85 81
1 202287825 52 36
1 223567407 3 47
1 231488731 39 180
1 246704217 9 98
1 248737974 48 473
2 25358467 55 84
2 27825410 9 147
2 29092767 11 62
2 61522344 14 178
2 74777385 8 40
2 87239963 3 13
2 96955039 7 198
2 109116061 44 1126
2 112725734 21 314
2 128346067 28 83
2 170055347 17 198
2 179443774 30 206
2 196912145 175 118
2 197541323 13 104
2 210761052 76 77
2 223066653 11 158
2 239353225 23 91
2 242615499 21 54
3 38951660 36 38
3 50005040 18 88
3 50340470 5 8
3 121417739 11 19
3 123983362 21 65
3 134670529 12 123
3 140997234 12 150
3 183778276 3 38
3 195510877 87 599
3 197619514 114 954
4 38691562 12 32
4 79385204 6 111
4 151153951 10 114
5 10410284 27 86
5 78328517 4 21
5 102526670 34 71
5 176910945 13 55
5 179744011 23 158
5 180045774 9 13
6 8016001 51 196
6 18122300 29 179
6 29692892 18 116
6 32407683 65 74
6 33703104 13 27
6 35836837 119 134
6 36937843 20 46
6 42604776 17 163
6 71235917 13 43
6 84303249 62 68
6 99374449 31 55
6 106967547 24 87
6 125569511 13 81
7 1132425 3 42
7 2304030 35 29
7 63538002 14 33
7 64527354 6 24
7 72437382 17 124
7 81589141 8 69
7 97361936 71 116
7 97823289 15 26
7 147675016 40 145
7 150325286 7 48
7 150711318 5 8
8 6735372 15 112
8 8175701 22 9
8 30657145 46 96
8 99440566 34 87
8 128753130 8 33
8 134260979 12 90
8 139268993 65 123
8 145540056 8 15
9 84532284 44 115
9 140729276 6 25
10 13166106 5 42
10 17363189 32 82
10 18112248 68 100
10 27324552 44 123
10 44053205 34 323
10 70405672 43 69
10 94653185 19 112
10 117849400 12 197
10 128974090 14 156
11 5624731 30 114
11 21556009 55 142
11 27406878 20 104
11 55703108 49 89
11 65983634 21 43
11 71148981 11 18
11 92533362 59 30
11 103178535 96 29
11 124623780 19 82
12 7527924 17 68
12 49957250 35 111
12 68051909 8 91
12 70954554 10 126
12 75716789 8 10
12 85546835 9 53
12 95546743 56 191
12 100729669 23 30
12 109221167 8 76
12 118582484 18 74
13 37583667 8 10
13 46115702 53 57
14 23883233 15 130
14 38292962 12 113
14 55310491 5 25
14 65528172 7 12
14 93709023 91 55
15 31239429 66 104
15 34355864 35 45
15 34530592 12 196
15 42144921 20 30
15 49420938 18 48
16 2112513 17 56
16 30018135 18 92
16 34624396 3 7
16 66592170 118 119
16 70310423 12 127
16 70834844 4 16
16 89590445 12 57
17 7578403 39 30
17 18082136 90 65
17 41154788 9 159
17 43227034 10 31
17 47688699 16 74
17 48741442 13 144
17 49091680 25 133
17 57768127 4 21
17 61601567 41 177
17 61885236 10 198
17 61902766 17 151
17 73498604 4 27
17 74068454 65 53
17 74093964 4 84
17 76212821 9 164
18 42643634 6 4
18 60642850 10 49
19 2328597 11 5
19 4555004 20 61
19 11468358 56 108
19 20188827 26 124
19 30054780 46 460
19 31039063 17 94
19 35758354 4 33
19 40581287 33 244
19 42794664 19 72
19 42841097 21 101
19 43702358 23 611
19 46823710 12 27
19 57325217 39 134
20 1514937 22 103
20 6011956 59 283
20 31652642 9 44
20 34219092 17 262
20 44168036 25 160
20 44168052 24 140
20 62597959 40 208
21 11021189 9 269
21 34861510 7 239
21 37505205 8 30
21 38525425 12 72
21 47845764 12 34
22 20748822 12 24
22 31338115 16 77
22 43089316 12 4
22 45972921 33 110
22 51007768 20 83
