chromosome_index	position	alt_count	ref_count
1	10483	7.0	27.0
1	3286162	24.0	7.0
1	3559995	21.0	6.0
1	4533866	3.0	32.0
1	5750745	20.0	4.0
1	9952251	19.0	23.0
1	10022019	7.0	27.0
1	11859878	13.0	42.0
1	12113477	14.0	47.0
1	13995482	50.0	28.0
1	14212193	28.0	39.0
1	14705173	16.0	23.0
1	16107749	23.0	21.0
1	18388026	23.0	25.0
1	20335550	24.0	26.0
1	24959295	18.0	30.0
1	27796232	30.0	28.0
1	28230715	19.0	25.0
1	29866088	13.0	18.0
1	29874304	22.0	20.0
1	30293349	29.0	28.0
1	30829108	14.0	23.0
1	31012732	19.0	27.0
1	33012014	14.0	29.0
1	33151239	22.0	30.0
1	33641603	17.0	30.0
1	35412367	27.0	19.0
1	36075906	7.0	14.0
1	36667001	30.0	33.0
1	38241917	21.0	20.0
1	41140840	31.0	80.0
1	41802389	53.0	49.0
1	41827625	44.0	57.0
1	45735987	19.0	29.0
1	47838691	22.0	82.0
1	48276927	14.0	35.0
1	48430482	17.0	42.0
1	49216121	20.0	45.0
1	50157440	26.0	34.0
1	50871291	21.0	61.0
1	51718715	12.0	11.0
1	52388516	19.0	43.0
1	53630569	18.0	19.0
1	55533063	25.0	24.0
1	57505971	27.0	24.0
1	57716108	29.0	33.0
1	58827403	22.0	33.0
1	59413675	33.0	28.0
1	60495548	22.0	38.0
1	61234406	25.0	29.0
1	61313679	21.0	27.0
1	63550546	20.0	28.0
1	63576988	8.0	26.0
1	64619221	25.0	29.0
1	64925296	25.0	26.0
1	66050102	30.0	39.0
1	67109589	20.0	35.0
1	69213995	36.0	28.0
1	69470067	27.0	24.0
1	69656702	27.0	49.0
1	69776577	17.0	36.0
1	70031272	25.0	39.0
1	70500514	26.0	39.0
1	70531945	23.0	26.0
1	72487069	35.0	32.0
1	72717505	23.0	38.0
1	72899810	18.0	26.0
1	73146446	26.0	30.0
1	73972957	25.0	27.0
1	75641519	17.0	34.0
1	76366189	23.0	18.0
1	78288709	46.0	34.0
1	81026656	23.0	31.0
1	81437434	24.0	31.0
1	81498453	6.0	49.0
1	81818270	26.0	27.0
1	81974674	25.0	27.0
1	82161829	29.0	36.0
1	82711992	18.0	29.0
1	82895794	25.0	25.0
1	83046177	26.0	37.0
1	84331110	29.0	40.0
1	84331111	29.0	40.0
1	86274912	20.0	28.0
1	86543729	28.0	32.0
1	86683756	25.0	39.0
1	87853094	20.0	22.0
1	89349872	4.0	66.0
1	92929007	19.0	36.0
1	94677022	26.0	22.0
1	95059184	21.0	23.0
1	95715338	16.0	20.0
1	96542008	32.0	22.0
1	96766575	22.0	29.0
1	98222744	23.0	25.0
1	98579056	27.0	32.0
1	98647184	23.0	17.0
1	98796323	18.0	30.0
1	99068272	26.0	27.0
1	99137083	38.0	47.0
1	99434094	31.0	27.0
1	99660159	26.0	36.0
1	100359811	21.0	27.0
1	101056435	24.0	32.0
1	101613671	20.0	32.0
1	103028590	24.0	31.0
1	103219412	25.0	28.0
1	103433423	18.0	37.0
1	104851936	34.0	36.0
1	105582631	17.0	19.0
1	105977122	16.0	21.0
1	106032776	17.0	21.0
1	106128244	20.0	37.0
1	106895608	38.0	36.0
1	107663084	28.0	29.0
1	109060813	18.0	33.0
1	109817547	35.0	39.0
1	109864325	19.0	63.0
1	112405867	23.0	55.0
1	115755348	19.0	26.0
1	118086803	26.0	31.0
1	119071816	19.0	35.0
1	119159213	33.0	42.0
1	119428448	25.0	35.0
1	119557106	16.0	29.0
1	119879172	24.0	55.0
1	120241703	5.0	73.0
1	144937441	33.0	180.0
1	145178642	27.0	179.0
1	146968774	25.0	91.0
1	147412920	15.0	52.0
1	149233642	44.0	89.0
1	150235522	25.0	49.0
1	151443291	39.0	24.0
1	151898721	34.0	28.0
1	152533033	22.0	21.0
1	155529718	32.0	37.0
1	155780485	11.0	20.0
1	157535588	35.0	57.0
1	159672081	24.0	50.0
1	159756336	24.0	75.0
1	160984095	49.0	26.0
1	161348467	14.0	11.0
1	163255143	8.0	42.0
1	164391410	18.0	30.0
1	164871057	14.0	24.0
1	166060644	6.0	22.0
1	166221696	20.0	29.0
1	166391801	23.0	19.0
1	166562553	26.0	24.0
1	166798919	15.0	26.0
1	167676451	28.0	25.0
1	168330607	24.0	23.0
1	168845728	33.0	26.0
1	169332072	29.0	24.0
1	170070539	27.0	27.0
1	170686047	4.0	44.0
1	171010753	25.0	37.0
1	172401371	20.0	26.0
1	172741475	20.0	23.0
1	174566528	33.0	19.0
1	174688484	29.0	34.0
1	175047858	20.0	23.0
1	176141510	39.0	33.0
1	176421739	17.0	36.0
1	176937969	26.0	16.0
1	177108383	32.0	31.0
1	178531652	16.0	25.0
1	178904680	20.0	31.0
1	178943664	19.0	32.0
1	179424502	18.0	26.0
1	181480420	21.0	28.0
1	181726919	34.0	29.0
1	182186810	27.0	28.0
1	184246081	28.0	27.0
1	184262049	24.0	27.0
1	184754155	38.0	25.0
1	185174494	26.0	45.0
1	186106426	28.0	34.0
1	186238526	3.0	26.0
1	187488986	24.0	36.0
1	187857882	21.0	42.0
1	187883541	26.0	33.0
1	188285819	24.0	32.0
1	188744978	28.0	41.0
1	188793587	21.0	29.0
1	189530589	19.0	36.0
1	189570683	30.0	31.0
1	189646743	12.0	47.0
1	190051129	26.0	52.0
1	190092614	20.0	62.0
1	190194032	32.0	56.0
1	190234068	20.0	44.0
1	191498428	10.0	42.0
1	191860068	17.0	32.0
1	191905024	26.0	27.0
1	192253058	27.0	32.0
1	192290976	9.0	60.0
1	193444086	38.0	37.0
1	194611101	28.0	33.0
1	194770976	16.0	42.0
1	195072578	12.0	36.0
1	195189774	6.0	15.0
1	195709275	14.0	20.0
1	195800783	7.0	46.0
1	196955413	21.0	28.0
1	197757530	19.0	15.0
1	201448333	22.0	33.0
1	202881490	18.0	35.0
1	203156357	22.0	24.0
1	203292847	26.0	30.0
1	203697450	27.0	35.0
1	203776567	18.0	31.0
1	206288295	19.0	46.0
1	206802826	25.0	33.0
1	206909886	16.0	23.0
1	208194024	27.0	28.0
1	210229029	33.0	28.0
1	211218455	23.0	23.0
1	211669085	18.0	25.0
1	212641642	6.0	10.0
1	212659497	15.0	15.0
1	212759887	19.0	21.0
1	213052978	30.0	37.0
1	214376927	44.0	29.0
1	214618240	16.0	58.0
1	214930920	26.0	63.0
1	215253187	27.0	41.0
1	215422235	18.0	42.0
1	215750467	30.0	34.0
1	216059643	26.0	39.0
1	216087607	31.0	29.0
1	218309546	27.0	40.0
1	218426392	31.0	33.0
1	219341326	23.0	57.0
1	220553356	18.0	21.0
1	221391806	23.0	27.0
1	221685661	24.0	28.0
1	221856208	25.0	39.0
1	222384127	33.0	36.0
1	222703649	20.0	28.0
1	222982899	20.0	25.0
1	223197303	30.0	26.0
1	225272429	21.0	37.0
1	225535822	34.0	36.0
1	227786255	39.0	38.0
1	228346630	24.0	20.0
1	228943629	21.0	21.0
1	228951615	21.0	33.0
1	229499909	17.0	35.0
1	229798639	22.0	20.0
1	232024021	17.0	32.0
1	233124431	27.0	11.0
1	234068742	18.0	29.0
1	234728058	15.0	50.0
1	235709698	22.0	43.0
1	235855217	4.0	32.0
1	235953998	17.0	65.0
1	236925093	31.0	21.0
1	237895319	32.0	28.0
1	239015944	23.0	26.0
1	239565372	20.0	26.0
1	240098585	23.0	28.0
1	240127380	19.0	25.0
1	240398016	26.0	37.0
1	241498430	22.0	35.0
1	241621949	22.0	27.0
1	242222128	16.0	33.0
1	242625314	21.0	31.0
1	242668349	20.0	17.0
1	242689924	10.0	26.0
1	243038572	19.0	25.0
1	243078909	28.0	21.0
1	243537194	28.0	37.0
1	244237381	15.0	22.0
1	244592562	4.0	52.0
1	244896864	24.0	16.0
1	244956314	9.0	8.0
1	246340264	29.0	57.0
1	247575459	22.0	25.0
1	247816272	32.0	31.0
1	248154862	23.0	29.0
1	248343651	20.0	29.0
1	248862355	24.0	28.0
10	346544	19.0	30.0
10	1333956	18.0	21.0
10	1566825	21.0	30.0
10	1697073	14.0	19.0
10	2029447	1.0	24.0
10	2062571	25.0	23.0
10	3006560	20.0	27.0
10	3844818	13.0	27.0
10	4377374	25.0	43.0
10	4742032	36.0	35.0
10	5790831	13.0	33.0
10	6826835	22.0	28.0
10	7133216	24.0	42.0
10	7611272	25.0	26.0
10	8168567	24.0	26.0
10	9126220	7.0	47.0
10	9165800	23.0	41.0
10	9215293	29.0	35.0
10	9319181	35.0	27.0
10	9366288	23.0	27.0
10	9441922	5.0	59.0
10	9812952	35.0	36.0
10	11203374	19.0	26.0
10	12280127	31.0	32.0
10	12543095	23.0	27.0
10	14444028	15.0	18.0
10	14571806	31.0	34.0
10	14769950	16.0	29.0
10	15977326	25.0	25.0
10	16067349	32.0	35.0
10	16135082	29.0	32.0
10	16422748	31.0	36.0
10	16947791	27.0	23.0
10	17708433	18.0	29.0
10	18342548	22.0	34.0
10	18414318	16.0	39.0
10	19111913	18.0	27.0
10	19713946	29.0	29.0
10	21621238	20.0	33.0
10	22725213	20.0	33.0
10	22871365	4.0	50.0
10	23910906	23.0	26.0
10	25598760	27.0	30.0
10	26286098	27.0	32.0
10	26971250	28.0	39.0
10	28354072	4.0	57.0
10	29084783	22.0	17.0
10	30840353	19.0	14.0
10	33263885	22.0	35.0
10	34898861	22.0	51.0
10	35163439	23.0	55.0
10	35274674	46.0	14.0
10	36182475	24.0	27.0
10	36793617	30.0	30.0
10	38488720	3.0	42.0
10	42638483	18.0	61.0
10	43182558	33.0	30.0
10	43502965	12.0	25.0
10	43780032	16.0	22.0
10	44351026	21.0	25.0
10	45225625	30.0	42.0
10	45233152	28.0	36.0
10	45353559	19.0	39.0
10	45470205	15.0	25.0
10	48386098	19.0	26.0
10	49362920	13.0	20.0
10	49915502	24.0	37.0
10	49972254	46.0	25.0
10	49988841	31.0	44.0
10	50112601	24.0	20.0
10	50261216	27.0	30.0
10	51786240	16.0	26.0
10	52539340	15.0	32.0
10	53910910	22.0	21.0
10	54400681	36.0	36.0
10	54447538	24.0	31.0
10	54525105	10.0	48.0
10	55059668	17.0	20.0
10	55348970	6.0	50.0
10	55357255	22.0	31.0
10	55378238	27.0	36.0
10	55797457	22.0	25.0
10	55812517	18.0	31.0
10	56598416	13.0	19.0
10	57215386	28.0	37.0
10	57905292	28.0	27.0
10	58252692	31.0	36.0
10	58360711	32.0	36.0
10	58568882	26.0	30.0
10	58907766	8.0	62.0
10	59251399	33.0	43.0
10	59696011	31.0	43.0
10	60366831	23.0	18.0
10	60684879	23.0	37.0
10	60840273	28.0	32.0
10	61028040	35.0	31.0
10	61965771	22.0	18.0
10	62568963	27.0	33.0
10	66578717	31.0	31.0
10	66751168	27.0	32.0
10	67774560	20.0	30.0
10	68212846	21.0	26.0
10	68575006	23.0	27.0
10	69018058	28.0	28.0
10	70803668	17.0	29.0
10	71419246	19.0	26.0
10	71538489	14.0	28.0
10	72100069	20.0	28.0
10	72265913	18.0	23.0
10	74387096	30.0	3.0
10	74391515	29.0	4.0
10	77375029	48.0	27.0
10	77536921	14.0	46.0
10	78111621	22.0	57.0
10	79795312	23.0	67.0
10	79864006	61.0	53.0
10	81065134	12.0	25.0
10	82571716	21.0	25.0
10	83790965	29.0	24.0
10	83949590	25.0	24.0
10	83966901	34.0	28.0
10	84910806	29.0	29.0
10	85157473	20.0	29.0
10	85430188	19.0	25.0
10	87889383	26.0	17.0
10	88127513	27.0	14.0
10	90582113	23.0	33.0
10	90627998	18.0	21.0
10	91391084	37.0	28.0
10	91639000	29.0	29.0
10	92460507	16.0	3.0
10	94997052	20.0	10.0
10	95155311	21.0	8.0
10	97593250	25.0	6.0
10	99529213	6.0	21.0
10	100908202	24.0	7.0
10	102356615	25.0	2.0
10	104312139	17.0	5.0
10	109434333	22.0	6.0
10	112134914	7.0	5.0
10	117763639	13.0	3.0
10	118084416	21.0	3.0
10	118304756	26.0	6.0
10	123535228	22.0	7.0
10	126491786	24.0	6.0
10	126504456	16.0	1.0
10	126691849	20.0	3.0
10	127709549	8.0	1.0
10	128984956	16.0	4.0
10	129002264	23.0	5.0
10	130209966	7.0	24.0
10	130258182	18.0	3.0
10	132674793	8.0	2.0
10	132751376	23.0	4.0
10	134059092	15.0	5.0
11	865741	13.0	13.0
11	1670306	18.0	32.0
11	2150876	18.0	18.0
11	2314242	17.0	25.0
11	2573118	21.0	32.0
11	3316878	7.0	28.0
11	4504540	28.0	32.0
11	6192099	24.0	32.0
11	6440357	25.0	25.0
11	6824355	18.0	33.0
11	7109037	42.0	37.0
11	8209221	15.0	29.0
11	9369892	24.0	29.0
11	10496491	20.0	36.0
11	11811464	25.0	61.0
11	12110098	20.0	63.0
11	13206657	21.0	35.0
11	13219751	33.0	59.0
11	13344536	20.0	13.0
11	13585023	16.0	23.0
11	13604561	33.0	24.0
11	13798954	20.0	24.0
11	14949875	20.0	3.0
11	17373937	6.0	35.0
11	21264226	25.0	2.0
11	21995614	36.0	4.0
11	22286458	19.0	7.0
11	22458630	26.0	6.0
11	22634667	34.0	3.0
11	23205740	13.0	4.0
11	23241808	6.0	1.0
11	24282800	15.0	2.0
11	24282801	15.0	2.0
11	26349483	29.0	8.0
11	27834138	22.0	6.0
11	29372488	33.0	114.0
11	29513482	17.0	91.0
11	29598664	120.0	36.0
11	29738503	71.0	31.0
11	30304745	119.0	31.0
11	31252376	65.0	23.0
11	32340132	19.0	75.0
11	32367093	23.0	70.0
11	33849684	8.0	75.0
11	35264862	29.0	48.0
11	36012592	15.0	44.0
11	36371490	13.0	19.0
11	36651552	27.0	34.0
11	37082034	67.0	32.0
11	37105373	9.0	64.0
11	37726022	62.0	26.0
11	37727455	56.0	27.0
11	37937191	26.0	71.0
11	38211259	63.0	29.0
11	38325705	86.0	26.0
11	38688838	76.0	30.0
11	39028860	75.0	50.0
11	40112046	36.0	21.0
11	40324719	25.0	36.0
11	40391406	23.0	30.0
11	40842979	29.0	38.0
11	40875914	16.0	39.0
11	40911641	22.0	22.0
11	41303272	9.0	39.0
11	41878802	4.0	71.0
11	41970521	23.0	21.0
11	42246772	28.0	33.0
11	42924106	19.0	15.0
11	43680310	25.0	24.0
11	44396257	19.0	25.0
11	44430497	20.0	20.0
11	44848059	11.0	49.0
11	46344529	15.0	25.0
11	47465576	19.0	23.0
11	49084064	22.0	39.0
11	49289012	25.0	23.0
11	50222785	18.0	23.0
11	50285272	27.0	26.0
11	50594676	22.0	31.0
11	50670834	26.0	36.0
11	50719952	26.0	27.0
11	51408587	24.0	29.0
11	55167581	24.0	31.0
11	55735772	22.0	23.0
11	55736391	28.0	44.0
11	55802967	32.0	39.0
11	55841052	35.0	29.0
11	56115522	35.0	29.0
11	56245564	8.0	47.0
11	56730317	27.0	29.0
11	57814899	30.0	28.0
11	58698978	24.0	33.0
11	59060498	26.0	16.0
11	59235346	26.0	22.0
11	60053811	16.0	18.0
11	60376151	25.0	31.0
11	61125140	20.0	20.0
11	61291145	25.0	18.0
11	62836988	23.0	23.0
11	63234492	18.0	27.0
11	63992623	19.0	25.0
11	64931082	33.0	39.0
11	65687759	22.0	26.0
11	66117964	5.0	26.0
11	67324065	20.0	44.0
11	67782771	24.0	38.0
11	67807304	11.0	31.0
11	70558643	19.0	16.0
11	72009976	5.0	42.0
11	73012008	25.0	31.0
11	73329356	23.0	26.0
11	74037546	15.0	13.0
11	74682946	21.0	27.0
11	74880279	16.0	22.0
11	74952767	20.0	14.0
11	77859169	29.0	26.0
11	77976489	19.0	21.0
11	78251067	29.0	45.0
11	79529625	26.0	27.0
11	79640056	27.0	27.0
11	79760877	23.0	23.0
11	81124671	23.0	48.0
11	81322130	17.0	28.0
11	82045724	33.0	62.0
11	82193476	21.0	46.0
11	82481460	28.0	65.0
11	82481461	27.0	65.0
11	82559615	25.0	47.0
11	82583627	24.0	38.0
11	82667123	25.0	51.0
11	83324848	49.0	34.0
11	83479202	28.0	80.0
11	83479207	29.0	78.0
11	83729826	15.0	68.0
11	84718673	16.0	42.0
11	84718674	16.0	42.0
11	84723527	20.0	75.0
11	85105716	59.0	59.0
11	85105717	58.0	59.0
11	85324598	28.0	58.0
11	86093974	62.0	54.0
11	87274894	58.0	33.0
11	87489163	22.0	53.0
11	87598060	33.0	67.0
11	87804140	25.0	67.0
11	87822824	5.0	84.0
11	88944974	22.0	38.0
11	89442712	34.0	30.0
11	91449339	29.0	24.0
11	92356821	28.0	34.0
11	92862926	27.0	32.0
11	93994304	31.0	65.0
11	94092822	22.0	46.0
11	96661660	27.0	28.0
11	97639837	22.0	45.0
11	98245185	29.0	44.0
11	98365875	12.0	32.0
11	98500020	30.0	30.0
11	98563539	31.0	29.0
11	98777288	8.0	31.0
11	100100352	31.0	27.0
11	102088783	19.0	29.0
11	102706738	26.0	35.0
11	103618379	21.0	33.0
11	103859725	23.0	29.0
11	104086528	25.0	40.0
11	104261686	23.0	28.0
11	105126610	32.0	29.0
11	105176525	26.0	37.0
11	105427241	16.0	23.0
11	106348152	24.0	59.0
11	106860592	21.0	47.0
11	107361551	26.0	25.0
11	108061026	19.0	15.0
11	108467886	27.0	29.0
11	108691689	29.0	43.0
11	109993584	29.0	29.0
11	111932019	29.0	35.0
11	112477845	19.0	16.0
11	115695979	35.0	34.0
11	116461821	18.0	20.0
11	116481160	13.0	20.0
11	118711486	25.0	34.0
11	121260334	9.0	57.0
11	123320913	9.0	44.0
11	123549569	29.0	29.0
11	123900059	33.0	63.0
11	124019695	28.0	96.0
11	124231264	28.0	35.0
11	124898688	30.0	33.0
11	126560695	19.0	39.0
11	127303155	22.0	29.0
11	127450746	21.0	23.0
11	128469232	34.0	35.0
11	129682109	17.0	40.0
11	130639596	43.0	19.0
11	130906442	17.0	57.0
11	131727147	25.0	50.0
11	132231244	57.0	34.0
11	132576608	56.0	23.0
11	132629311	22.0	55.0
11	132911567	18.0	53.0
11	132922204	26.0	53.0
11	134545991	1.0	34.0
11	134844229	15.0	34.0
12	191150	23.0	22.0
12	1833095	21.0	32.0
12	1955012	15.0	16.0
12	4241937	17.0	53.0
12	4417953	14.0	49.0
12	4547681	22.0	56.0
12	5538321	16.0	43.0
12	5680598	21.0	52.0
12	5740452	17.0	42.0
12	5984488	23.0	47.0
12	7114647	4.0	68.0
12	7184439	6.0	55.0
12	7247835	22.0	52.0
12	8151904	3.0	27.0
12	10421487	56.0	26.0
12	10646499	31.0	51.0
12	12144437	18.0	35.0
12	12739208	16.0	40.0
12	14413059	26.0	21.0
12	15482906	18.0	28.0
12	15786532	24.0	34.0
12	16661996	21.0	34.0
12	16826708	34.0	42.0
12	16863587	23.0	17.0
12	17397115	27.0	38.0
12	17907915	20.0	62.0
12	18076077	21.0	36.0
12	18603137	16.0	39.0
12	18897875	4.0	60.0
12	18975666	5.0	56.0
12	19373761	26.0	59.0
12	22509087	14.0	49.0
12	22866691	4.0	67.0
12	23698945	9.0	63.0
12	24288388	7.0	70.0
12	26051733	34.0	29.0
12	27629027	30.0	63.0
12	29204920	30.0	26.0
12	30362228	7.0	46.0
12	30615218	35.0	31.0
12	30852037	16.0	33.0
12	31376299	17.0	17.0
12	31398682	24.0	30.0
12	32559089	3.0	39.0
12	33323579	26.0	25.0
12	37949000	23.0	28.0
12	37971505	29.0	28.0
12	38236233	33.0	33.0
12	38691170	24.0	27.0
12	38967378	22.0	16.0
12	39515300	17.0	30.0
12	39552253	26.0	20.0
12	39992363	20.0	22.0
12	40381347	19.0	33.0
12	40915177	28.0	21.0
12	40928327	25.0	28.0
12	41072030	36.0	31.0
12	41464364	25.0	41.0
12	47430911	16.0	29.0
12	48126857	9.0	26.0
12	48161573	19.0	27.0
12	50045938	18.0	22.0
12	50223701	19.0	22.0
12	54152551	21.0	18.0
12	54615570	24.0	24.0
12	55107174	26.0	37.0
12	55137898	20.0	19.0
12	56783267	24.0	24.0
12	58164546	18.0	19.0
12	58407050	26.0	34.0
12	58751431	27.0	45.0
12	59942666	19.0	20.0
12	60269907	36.0	26.0
12	60430751	24.0	32.0
12	60467336	30.0	22.0
12	60683695	10.0	49.0
12	60829305	34.0	39.0
12	60869567	31.0	33.0
12	61734258	28.0	58.0
12	62012244	27.0	30.0
12	64989925	29.0	53.0
12	65410595	31.0	58.0
12	65612545	41.0	19.0
12	65815811	32.0	70.0
12	66487597	42.0	30.0
12	66882372	27.0	67.0
12	70029957	33.0	29.0
12	70850786	30.0	32.0
12	72030161	36.0	71.0
12	72320737	5.0	72.0
12	72375999	20.0	34.0
12	72953920	8.0	45.0
12	73129154	25.0	33.0
12	73339248	36.0	30.0
12	73387215	30.0	42.0
12	73936967	24.0	29.0
12	74370594	28.0	35.0
12	77381112	29.0	31.0
12	77386539	27.0	26.0
12	77637687	25.0	35.0
12	77736931	34.0	25.0
12	79635999	26.0	35.0
12	80444137	35.0	42.0
12	80451301	14.0	46.0
12	82222482	22.0	31.0
12	82275395	33.0	30.0
12	83877553	38.0	30.0
12	84232957	24.0	15.0
12	85125732	29.0	31.0
12	85620034	22.0	28.0
12	85753850	21.0	29.0
12	87233602	18.0	20.0
12	87405233	28.0	36.0
12	87427355	20.0	28.0
12	91248027	22.0	27.0
12	91861568	22.0	59.0
12	93344409	7.0	31.0
12	93909379	29.0	54.0
12	94138790	27.0	66.0
12	94610321	19.0	61.0
12	94900443	16.0	54.0
12	95718782	31.0	65.0
12	96541081	18.0	21.0
12	98963080	24.0	49.0
12	101337182	26.0	53.0
12	101868832	30.0	29.0
12	101999512	14.0	22.0
12	102841500	25.0	38.0
12	103433882	24.0	26.0
12	103470503	18.0	35.0
12	104102108	32.0	27.0
12	104353973	24.0	41.0
12	104790502	19.0	37.0
12	104801273	15.0	21.0
12	107972417	48.0	21.0
12	108339443	29.0	90.0
12	108653218	46.0	18.0
12	109519585	26.0	27.0
12	110115171	22.0	20.0
12	111412762	14.0	24.0
12	111549269	20.0	22.0
12	111756850	7.0	36.0
12	113032588	55.0	26.0
12	113083667	21.0	46.0
12	113254593	30.0	55.0
12	114055737	17.0	52.0
12	114122557	29.0	50.0
12	114603570	27.0	21.0
12	115172377	17.0	19.0
12	115786547	15.0	17.0
12	115939381	19.0	21.0
12	115971575	19.0	28.0
12	117249855	19.0	20.0
12	117374961	27.0	26.0
12	119118880	33.0	25.0
12	119380152	26.0	28.0
12	119393534	20.0	17.0
12	119809633	20.0	29.0
12	120641342	24.0	40.0
12	121462195	26.0	56.0
12	122236231	32.0	23.0
12	126995336	29.0	34.0
12	130093727	27.0	26.0
12	130118643	7.0	31.0
12	130875985	20.0	23.0
12	131235102	12.0	30.0
12	131894759	18.0	35.0
12	133457749	22.0	34.0
12	133704327	24.0	28.0
13	20729355	28.0	35.0
13	20952044	25.0	14.0
13	21028430	30.0	31.0
13	21098548	19.0	21.0
13	21589912	17.0	47.0
13	21598748	25.0	40.0
13	21928692	20.0	37.0
13	23194043	25.0	72.0
13	23524789	58.0	38.0
13	24261107	31.0	47.0
13	24398049	29.0	52.0
13	24488648	33.0	53.0
13	25029147	45.0	22.0
13	25311666	21.0	32.0
13	25344174	32.0	56.0
13	25614322	25.0	51.0
13	26027960	26.0	25.0
13	26062936	20.0	31.0
13	26396767	28.0	24.0
13	26755581	20.0	28.0
13	26956987	23.0	42.0
13	28095669	27.0	28.0
13	28365256	11.0	16.0
13	28909460	20.0	16.0
13	28932398	22.0	33.0
13	31699005	25.0	38.0
13	31944121	33.0	39.0
13	32002795	24.0	25.0
13	33994066	37.0	28.0
13	34330980	20.0	27.0
13	35715814	18.0	36.0
13	35878096	29.0	37.0
13	38676763	30.0	58.0
13	38988565	5.0	72.0
13	39022340	20.0	54.0
13	39217851	15.0	50.0
13	40365856	40.0	50.0
13	40395880	28.0	50.0
13	40627610	20.0	47.0
13	41247621	30.0	34.0
13	41887041	25.0	63.0
13	42066589	17.0	26.0
13	42231254	28.0	21.0
13	44015412	27.0	50.0
13	45363932	22.0	20.0
13	46138998	17.0	22.0
13	46257496	22.0	25.0
13	46631739	31.0	35.0
13	46839063	23.0	29.0
13	47122635	19.0	16.0
13	48422313	17.0	23.0
13	49018460	18.0	25.0
13	49133268	22.0	27.0
13	49383667	20.0	36.0
13	51049372	37.0	19.0
13	52424487	22.0	27.0
13	52441187	8.0	5.0
13	53156759	7.0	29.0
13	53631782	22.0	25.0
13	53764958	47.0	5.0
13	54176754	33.0	31.0
13	54540204	48.0	5.0
13	54690230	20.0	27.0
13	55191413	52.0	6.0
13	55469259	55.0	6.0
13	55996956	4.0	50.0
13	56864075	18.0	5.0
13	57310937	24.0	5.0
13	57753631	29.0	6.0
13	57907199	24.0	2.0
13	58924458	27.0	3.0
13	61303535	30.0	7.0
13	61423218	25.0	3.0
13	61648826	23.0	2.0
13	61711816	29.0	4.0
13	62613945	33.0	39.0
13	62652934	27.0	45.0
13	62821860	25.0	27.0
13	62889354	28.0	24.0
13	62904187	23.0	22.0
13	62913208	24.0	30.0
13	63274433	19.0	29.0
13	63442569	28.0	28.0
13	63572943	38.0	43.0
13	63581872	21.0	45.0
13	63899563	30.0	23.0
13	64288435	18.0	20.0
13	64826823	23.0	32.0
13	64924007	32.0	21.0
13	65161919	12.0	22.0
13	65349740	23.0	21.0
13	65537544	6.0	48.0
13	65701565	25.0	29.0
13	66071827	21.0	17.0
13	66896908	4.0	54.0
13	67325709	34.0	31.0
13	69212371	28.0	30.0
13	69305743	24.0	38.0
13	69701785	4.0	57.0
13	69846823	30.0	32.0
13	69889460	22.0	22.0
13	70372213	23.0	40.0
13	70954725	19.0	20.0
13	71182264	23.0	29.0
13	72431681	23.0	28.0
13	72746165	8.0	61.0
13	75149508	22.0	32.0
13	75403381	23.0	33.0
13	75891158	21.0	30.0
13	77285159	28.0	34.0
13	77878713	34.0	22.0
13	78393852	19.0	21.0
13	79395544	25.0	29.0
13	79450086	20.0	11.0
13	81277073	24.0	28.0
13	81528366	38.0	39.0
13	81645352	24.0	28.0
13	81673729	28.0	27.0
13	81680575	19.0	23.0
13	82074114	29.0	26.0
13	82100368	29.0	37.0
13	82697180	19.0	19.0
13	83450926	21.0	20.0
13	84242817	23.0	25.0
13	85027062	24.0	29.0
13	85079392	28.0	26.0
13	85843353	20.0	33.0
13	86683899	3.0	31.0
13	87127134	7.0	52.0
13	87546162	30.0	32.0
13	87745070	24.0	40.0
13	87968211	31.0	32.0
13	88790582	24.0	23.0
13	88916938	18.0	27.0
13	89282782	25.0	33.0
13	89469451	20.0	39.0
13	89934718	24.0	21.0
13	89942751	30.0	29.0
13	90886926	23.0	5.0
13	91558695	33.0	40.0
13	91597050	18.0	26.0
13	91970915	25.0	21.0
13	92099093	20.0	36.0
13	93158640	35.0	36.0
13	93386290	19.0	31.0
13	93399463	5.0	51.0
13	94043718	24.0	34.0
13	94083692	34.0	39.0
13	94633398	21.0	38.0
13	96125198	19.0	24.0
13	96400415	25.0	33.0
13	98382703	8.0	37.0
13	100692793	28.0	58.0
13	101158046	16.0	34.0
13	101702105	24.0	55.0
13	101906155	37.0	45.0
13	102589018	30.0	36.0
13	104131773	19.0	21.0
13	104352514	20.0	29.0
13	105304169	20.0	25.0
13	105768123	27.0	21.0
13	107028406	18.0	20.0
13	107535246	33.0	37.0
13	107615508	26.0	23.0
13	108765133	10.0	40.0
13	108860711	43.0	37.0
13	109042464	21.0	33.0
13	109145943	19.0	39.0
13	109841164	24.0	26.0
13	110215424	25.0	37.0
13	111567366	28.0	14.0
13	111586556	31.0	22.0
13	112714726	21.0	28.0
13	113905749	6.0	23.0
14	19054073	25.0	43.0
14	19124296	20.0	38.0
14	19449132	20.0	21.0
14	20368327	22.0	3.0
14	22905480	8.0	18.0
14	23771129	13.0	8.0
14	24504566	18.0	6.0
14	25415901	32.0	4.0
14	25590628	26.0	5.0
14	26946598	33.0	4.0
14	26988739	37.0	10.0
14	27862781	31.0	5.0
14	28780314	31.0	10.0
14	29027413	14.0	3.0
14	32718714	26.0	1.0
14	34163068	25.0	5.0
14	36109931	22.0	3.0
14	38802267	27.0	5.0
14	41587471	36.0	8.0
14	42730315	42.0	3.0
14	44724608	32.0	3.0
14	45100571	10.0	21.0
14	45785611	30.0	7.0
14	47882396	29.0	4.0
14	48990473	24.0	5.0
14	49521393	30.0	3.0
14	51346858	23.0	11.0
14	51838362	33.0	4.0
14	52052904	14.0	4.0
14	52392549	17.0	4.0
14	56723247	31.0	30.0
14	57604553	12.0	2.0
14	58331297	24.0	7.0
14	59495727	17.0	2.0
14	60549563	35.0	3.0
14	60848546	19.0	2.0
14	61218085	25.0	7.0
14	62175610	27.0	9.0
14	62732360	27.0	2.0
14	62845553	25.0	9.0
14	62940371	33.0	5.0
14	63771088	34.0	3.0
14	64028342	24.0	2.0
14	65094382	22.0	3.0
14	66165753	3.0	22.0
14	66296208	16.0	7.0
14	68519702	26.0	5.0
14	69560108	20.0	5.0
14	71583551	35.0	4.0
14	76935764	26.0	20.0
14	77125130	14.0	23.0
14	77798884	44.0	3.0
14	84044986	26.0	3.0
14	84574701	30.0	3.0
14	85912118	19.0	2.0
14	86218470	34.0	9.0
14	86220092	23.0	6.0
14	86691212	3.0	32.0
14	87179256	31.0	9.0
14	88210875	30.0	1.0
14	88331318	17.0	2.0
14	88386618	10.0	21.0
14	90071616	31.0	8.0
14	90598604	21.0	3.0
14	90637230	17.0	2.0
14	93447099	14.0	5.0
14	93900167	32.0	3.0
14	96233449	26.0	3.0
14	96436586	23.0	8.0
14	97199160	21.0	3.0
14	98018149	24.0	2.0
14	98111897	23.0	7.0
14	99111441	18.0	5.0
14	100352557	4.0	31.0
14	101378954	31.0	1.0
14	102066374	21.0	27.0
14	102991407	22.0	4.0
14	103943832	21.0	33.0
14	105750293	19.0	22.0
14	106682653	28.0	26.0
14	106716837	42.0	7.0
14	106994620	20.0	27.0
14	107068774	25.0	37.0
14	107075082	5.0	33.0
14	107212403	16.0	25.0
15	20434427	18.0	138.0
15	20458367	21.0	209.0
15	20601504	30.0	206.0
15	20614101	24.0	215.0
15	21243343	14.0	65.0
15	21930904	41.0	204.0
15	22451115	17.0	29.0
15	22538900	26.0	49.0
15	22781348	21.0	22.0
15	24336743	23.0	24.0
15	24488470	4.0	45.0
15	24630418	19.0	20.0
15	24630433	18.0	20.0
15	25400341	26.0	41.0
15	25443259	25.0	19.0
15	26329968	18.0	47.0
15	26425672	17.0	26.0
15	26548101	13.0	19.0
15	27063255	26.0	46.0
15	27354510	19.0	28.0
15	28730331	6.0	37.0
15	31302667	21.0	35.0
15	31309342	28.0	25.0
15	31796794	17.0	29.0
15	33058739	22.0	25.0
15	34414743	4.0	63.0
15	35718651	25.0	36.0
15	37957608	28.0	28.0
15	38005155	41.0	22.0
15	38906314	17.0	22.0
15	40082480	24.0	35.0
15	41072509	23.0	25.0
15	41098047	32.0	36.0
15	41169056	22.0	20.0
15	41880816	24.0	22.0
15	42684172	27.0	19.0
15	43314878	15.0	45.0
15	44266333	27.0	22.0
15	46022010	21.0	33.0
15	46068115	25.0	35.0
15	46152060	37.0	30.0
15	46619637	4.0	71.0
15	46842914	24.0	25.0
15	46891256	21.0	22.0
15	47091292	25.0	36.0
15	47993087	28.0	28.0
15	48826913	32.0	37.0
15	50253659	26.0	39.0
15	50588879	21.0	28.0
15	50674801	23.0	17.0
15	50804701	28.0	27.0
15	51447107	28.0	24.0
15	52678807	22.0	24.0
15	53184889	29.0	34.0
15	53584246	16.0	15.0
15	53745875	27.0	32.0
15	53806426	30.0	35.0
15	54306441	25.0	18.0
15	54474085	36.0	40.0
15	54691760	31.0	26.0
15	55861838	25.0	27.0
15	57759970	16.0	18.0
15	57915474	7.0	37.0
15	58626246	25.0	31.0
15	60929170	25.0	43.0
15	61629474	17.0	27.0
15	61854542	16.0	28.0
15	64193332	14.0	27.0
15	66038079	40.0	8.0
15	66231352	24.0	3.0
15	69676592	3.0	9.0
15	70449961	18.0	4.0
15	73078375	20.0	16.0
15	73300734	18.0	29.0
15	75832255	16.0	55.0
15	76160716	100.0	44.0
15	76884086	54.0	40.0
15	76922549	29.0	63.0
15	78185803	17.0	17.0
15	78542994	7.0	27.0
15	79448421	14.0	21.0
15	82053552	17.0	16.0
15	84631065	34.0	37.0
15	85861724	20.0	27.0
15	86704296	28.0	29.0
15	87293423	31.0	50.0
15	87482415	22.0	23.0
15	87900516	33.0	25.0
15	88276663	23.0	22.0
15	88401172	24.0	26.0
15	88443559	18.0	31.0
15	90414753	31.0	25.0
15	90522890	18.0	25.0
15	91008481	34.0	39.0
15	92366217	10.0	46.0
15	92472287	30.0	32.0
15	93396587	21.0	19.0
15	93903291	15.0	28.0
15	94121746	39.0	45.0
15	94408244	36.0	32.0
15	95706270	21.0	27.0
15	96108920	28.0	25.0
15	96453793	27.0	24.0
15	96817993	23.0	37.0
15	97153799	36.0	31.0
15	97367178	18.0	29.0
15	97670886	19.0	26.0
15	97979784	27.0	39.0
15	98581943	21.0	29.0
15	98630026	21.0	25.0
15	99522675	32.0	29.0
15	99589787	26.0	27.0
15	101862107	34.0	7.0
15	102034937	13.0	4.0
16	1922585	9.0	43.0
16	2459761	21.0	31.0
16	2913034	18.0	24.0
16	4509067	19.0	24.0
16	5768176	30.0	29.0
16	6019544	22.0	23.0
16	6190468	26.0	27.0
16	6327621	19.0	16.0
16	6705297	12.0	19.0
16	6776074	25.0	29.0
16	7731016	27.0	71.0
16	7791380	26.0	65.0
16	8088449	25.0	39.0
16	8283475	26.0	50.0
16	8370965	56.0	19.0
16	8797546	37.0	68.0
16	9279322	21.0	56.0
16	9843661	21.0	54.0
16	10496554	26.0	69.0
16	11837033	19.0	64.0
16	12267827	18.0	43.0
16	13911880	26.0	36.0
16	14340241	27.0	66.0
16	15051067	25.0	98.0
16	15083844	25.0	40.0
16	15643797	17.0	59.0
16	15856218	4.0	63.0
16	16900879	25.0	64.0
16	17429870	17.0	28.0
16	17602465	25.0	49.0
16	17839426	22.0	38.0
16	18059044	30.0	46.0
16	18321161	24.0	36.0
16	19095447	12.0	50.0
16	19634210	22.0	42.0
16	19788539	32.0	52.0
16	19824266	37.0	56.0
16	19868114	27.0	47.0
16	20093201	16.0	36.0
16	21170063	20.0	44.0
16	23044833	10.0	22.0
16	25537466	25.0	27.0
16	25712038	24.0	32.0
16	25745508	6.0	43.0
16	26046079	28.0	28.0
16	26601322	34.0	27.0
16	26918144	28.0	21.0
16	27456459	24.0	31.0
16	27802277	19.0	23.0
16	29080438	3.0	23.0
16	29781877	36.0	30.0
16	31070401	26.0	28.0
16	31202196	33.0	33.0
16	32564191	25.0	88.0
16	33547692	20.0	91.0
16	33717374	18.0	31.0
16	34354106	31.0	4.0
16	35239430	25.0	30.0
16	49354071	40.0	2.0
16	49821649	19.0	3.0
16	49970730	20.0	4.0
16	50535426	4.0	14.0
16	50640704	21.0	2.0
16	51168088	26.0	7.0
16	56105098	23.0	8.0
16	57902733	3.0	18.0
16	60385382	21.0	2.0
16	60403294	26.0	5.0
16	60524545	27.0	9.0
16	67665800	16.0	2.0
16	70837857	18.0	6.0
16	71808378	14.0	40.0
16	73304348	14.0	18.0
16	76057764	33.0	2.0
16	76549233	30.0	3.0
16	76587090	30.0	6.0
16	76869079	29.0	6.0
16	77715443	35.0	8.0
16	79960569	26.0	5.0
16	80649812	12.0	5.0
16	81022166	3.0	25.0
16	82343051	26.0	3.0
16	82790433	23.0	2.0
16	83053139	17.0	1.0
16	83279154	17.0	4.0
16	83792125	37.0	4.0
16	84126579	21.0	3.0
16	84144036	31.0	5.0
16	85452580	15.0	2.0
16	86489181	17.0	3.0
16	88226975	15.0	3.0
16	88952886	12.0	5.0
17	1722091	21.0	6.0
17	3247751	25.0	4.0
17	7578536	14.0	2.0
17	7578856	13.0	4.0
17	8662316	24.0	3.0
17	9361827	26.0	5.0
17	10218542	17.0	6.0
17	10904235	24.0	6.0
17	11277757	25.0	3.0
17	12856900	18.0	1.0
17	13384530	20.0	3.0
17	14072416	17.0	4.0
17	14632750	23.0	5.0
17	16845930	25.0	4.0
17	17430257	16.0	4.0
17	21809136	4.0	2.0
17	25801475	3.0	22.0
17	26555460	10.0	5.0
17	30732599	48.0	1.0
17	31661676	19.0	17.0
17	31669298	36.0	3.0
17	32174417	20.0	31.0
17	34878408	27.0	81.0
17	35056058	92.0	5.0
17	38324021	37.0	5.0
17	40496042	55.0	4.0
17	41395963	54.0	5.0
17	43029309	6.0	14.0
17	43651355	51.0	7.0
17	43679289	18.0	69.0
17	43904545	33.0	2.0
17	49619157	47.0	5.0
17	49867037	48.0	5.0
17	50301357	40.0	50.0
17	50718642	41.0	51.0
17	51020557	94.0	4.0
17	51144403	35.0	67.0
17	52659084	24.0	116.0
17	53451522	119.0	2.0
17	55000915	69.0	6.0
17	55691714	20.0	2.0
17	57108763	24.0	75.0
17	63186417	18.0	41.0
17	63310910	79.0	3.0
17	65446666	62.0	1.0
17	65566664	71.0	2.0
17	67669916	89.0	5.0
17	67669917	89.0	4.0
17	68671806	9.0	99.0
17	69980189	70.0	2.0
17	70161620	67.0	3.0
17	70927739	84.0	9.0
17	71955076	61.0	6.0
17	73165673	5.0	37.0
17	75620262	54.0	4.0
17	78827058	25.0	3.0
17	81082274	4.0	2.0
18	305592	29.0	25.0
18	1225483	29.0	21.0
18	1923095	16.0	37.0
18	2203993	6.0	61.0
18	3068975	31.0	40.0
18	4311809	21.0	24.0
18	4925710	24.0	32.0
18	6231618	35.0	26.0
18	6919559	29.0	34.0
18	7479718	34.0	41.0
18	7687158	28.0	37.0
18	10126547	26.0	31.0
18	10680154	5.0	17.0
18	11952623	22.0	28.0
18	12618946	19.0	22.0
18	13459748	27.0	26.0
18	13577127	30.0	27.0
18	13611838	14.0	19.0
18	13913001	23.0	15.0
18	15405870	27.0	44.0
18	19086603	30.0	27.0
18	20148003	20.0	36.0
18	21565518	37.0	23.0
18	23846621	14.0	33.0
18	24403903	29.0	33.0
18	24528487	17.0	22.0
18	24902165	23.0	37.0
18	25349553	19.0	38.0
18	26311784	31.0	23.0
18	27130556	34.0	35.0
18	27197202	22.0	34.0
18	27327416	20.0	27.0
18	27382698	31.0	33.0
18	27769845	20.0	30.0
18	28387788	21.0	30.0
18	28934721	22.0	24.0
18	29025343	27.0	31.0
18	30844771	24.0	25.0
18	31073325	19.0	26.0
18	31762166	4.0	74.0
18	31786148	18.0	47.0
18	32232563	26.0	20.0
18	34755636	26.0	34.0
18	34848238	15.0	29.0
18	36985543	4.0	40.0
18	37079840	20.0	28.0
18	37763579	4.0	75.0
18	38539299	20.0	17.0
18	39092519	21.0	31.0
18	39335682	7.0	62.0
18	40166937	3.0	45.0
18	40675645	35.0	37.0
18	40682848	28.0	25.0
18	40751383	24.0	30.0
18	40782706	19.0	33.0
18	40986926	29.0	36.0
18	41594103	32.0	50.0
18	42830269	43.0	35.0
18	42840016	36.0	55.0
18	42881526	23.0	50.0
18	44462885	51.0	27.0
18	44822087	32.0	109.0
18	44864391	45.0	60.0
18	45589356	17.0	36.0
18	49723949	29.0	34.0
18	50574516	21.0	21.0
18	50598014	26.0	39.0
18	50826302	22.0	21.0
18	51090382	25.0	23.0
18	51530766	3.0	52.0
18	51738271	11.0	21.0
18	52247133	30.0	23.0
18	52828030	10.0	45.0
18	53158216	33.0	43.0
18	53216638	22.0	29.0
18	53451703	25.0	30.0
18	54175502	33.0	22.0
18	54834871	22.0	49.0
18	55538087	15.0	49.0
18	57999466	17.0	20.0
18	58282081	30.0	26.0
18	59007271	32.0	30.0
18	59375569	10.0	54.0
18	59858865	7.0	32.0
18	61595241	22.0	49.0
18	61729332	4.0	39.0
18	61820111	19.0	24.0
18	61827071	25.0	35.0
18	63054783	28.0	19.0
18	63380529	14.0	22.0
18	63505086	27.0	25.0
18	64474233	13.0	33.0
18	64505832	24.0	29.0
18	64665050	24.0	30.0
18	64935134	31.0	28.0
18	65580765	7.0	57.0
18	66386946	24.0	21.0
18	66573033	9.0	26.0
18	66972905	21.0	24.0
18	67411674	27.0	36.0
18	67828229	33.0	36.0
18	67928789	22.0	21.0
18	68240616	26.0	27.0
18	68498429	32.0	37.0
18	68848632	38.0	31.0
18	68891402	26.0	33.0
18	68916497	25.0	28.0
18	69019371	24.0	36.0
18	69068448	22.0	30.0
18	69099422	19.0	39.0
18	69207979	21.0	21.0
18	69265231	28.0	29.0
18	69316438	23.0	23.0
18	69422464	6.0	43.0
18	69881245	37.0	32.0
18	70034640	24.0	29.0
18	70216001	22.0	30.0
18	70654191	27.0	36.0
18	73337510	22.0	33.0
18	73503053	23.0	30.0
18	73698383	29.0	36.0
18	73821760	16.0	11.0
18	73883733	27.0	32.0
18	75181478	18.0	33.0
18	75292343	23.0	29.0
18	77587710	13.0	17.0
19	677908	17.0	4.0
19	892477	9.0	4.0
19	8680607	4.0	35.0
19	9081336	90.0	44.0
19	10210161	6.0	84.0
19	10421144	19.0	55.0
19	11804088	27.0	64.0
19	13080307	22.0	24.0
19	13501526	30.0	47.0
19	13604689	28.0	57.0
19	13948862	21.0	46.0
19	14605711	56.0	93.0
19	14795415	12.0	86.0
19	15070428	81.0	25.0
19	15359908	28.0	58.0
19	16073544	13.0	84.0
19	17182573	16.0	94.0
19	17554207	17.0	93.0
19	17845155	15.0	71.0
19	18030782	9.0	52.0
19	18299863	11.0	82.0
19	18396089	43.0	49.0
19	18530647	17.0	47.0
19	18561863	16.0	66.0
19	18571457	20.0	71.0
19	18573580	7.0	70.0
19	18587141	12.0	66.0
19	18668901	28.0	109.0
19	18668902	28.0	108.0
19	18850422	26.0	55.0
19	18862894	23.0	92.0
19	18954418	19.0	96.0
19	19066404	42.0	50.0
19	19831736	54.0	40.0
19	19943927	35.0	41.0
19	20814153	22.0	72.0
19	21062151	39.0	62.0
19	22398176	12.0	67.0
19	22633732	41.0	56.0
19	23000039	42.0	40.0
19	23236781	32.0	44.0
19	23535583	40.0	26.0
19	24214707	17.0	16.0
19	27828489	41.0	61.0
19	28792518	44.0	30.0
19	29028666	23.0	83.0
19	29145877	47.0	33.0
19	29437240	7.0	62.0
19	29658351	46.0	50.0
19	29731991	28.0	64.0
19	29848859	30.0	93.0
19	29899351	33.0	26.0
19	29929174	21.0	44.0
19	29933218	11.0	49.0
19	30003375	3.0	8.0
19	30704413	29.0	18.0
19	30744715	23.0	38.0
19	31855311	23.0	45.0
19	32249546	32.0	24.0
19	32348872	34.0	67.0
19	32547028	44.0	30.0
19	34458799	27.0	104.0
19	34646522	65.0	17.0
19	34907203	20.0	92.0
19	38354346	25.0	2.0
19	40894416	19.0	2.0
19	42207478	22.0	7.0
19	43840923	5.0	21.0
19	46154680	22.0	3.0
19	46924795	4.0	2.0
19	55963239	23.0	4.0
19	57251207	19.0	2.0
19	58303298	22.0	1.0
19	58735692	18.0	5.0
2	88185	22.0	63.0
2	713229	30.0	76.0
2	818647	31.0	41.0
2	1162245	7.0	80.0
2	1164829	7.0	69.0
2	2144420	41.0	50.0
2	2220365	31.0	106.0
2	2706220	37.0	28.0
2	2766924	4.0	66.0
2	2797508	11.0	52.0
2	2980154	20.0	55.0
2	3392593	17.0	66.0
2	3743503	17.0	74.0
2	3942032	34.0	86.0
2	4193582	36.0	99.0
2	4213821	25.0	84.0
2	4331412	17.0	88.0
2	4706342	28.0	60.0
2	4829542	53.0	51.0
2	5619634	18.0	66.0
2	5846360	4.0	21.0
2	6557508	41.0	46.0
2	6898030	15.0	80.0
2	7552464	19.0	80.0
2	7593823	50.0	62.0
2	8291459	20.0	78.0
2	8365155	27.0	56.0
2	8535825	15.0	48.0
2	9665423	19.0	54.0
2	10130297	26.0	88.0
2	11278343	23.0	126.0
2	11974343	21.0	89.0
2	12106460	42.0	88.0
2	13103695	36.0	150.0
2	13595402	1.0	116.0
2	13803618	28.0	112.0
2	14039162	28.0	98.0
2	14650848	11.0	64.0
2	15197222	19.0	63.0
2	15243031	15.0	51.0
2	15634268	22.0	75.0
2	16035272	23.0	109.0
2	16215797	19.0	81.0
2	16364680	22.0	74.0
2	16407184	21.0	79.0
2	16497187	15.0	76.0
2	17176772	39.0	88.0
2	18008835	53.0	53.0
2	18192378	21.0	77.0
2	18217172	16.0	91.0
2	18373310	20.0	119.0
2	18521298	34.0	109.0
2	19817845	41.0	68.0
2	19820424	26.0	121.0
2	19821830	21.0	87.0
2	20774928	16.0	82.0
2	21241896	18.0	81.0
2	21416993	40.0	114.0
2	21458613	31.0	125.0
2	21665276	21.0	126.0
2	21707331	17.0	71.0
2	21760842	27.0	122.0
2	21897446	19.0	69.0
2	22199905	15.0	140.0
2	22352191	59.0	128.0
2	23069101	22.0	69.0
2	23324851	29.0	95.0
2	23408731	52.0	49.0
2	24197663	42.0	61.0
2	24506840	24.0	106.0
2	26233840	26.0	82.0
2	28801011	45.0	70.0
2	28833828	24.0	67.0
2	28944570	38.0	108.0
2	31078496	32.0	131.0
2	31708536	20.0	83.0
2	32237752	14.0	115.0
2	33483237	15.0	115.0
2	33550235	19.0	109.0
2	33752244	25.0	105.0
2	33983701	46.0	121.0
2	34445595	104.0	31.0
2	34485578	16.0	118.0
2	34535478	62.0	121.0
2	34759192	26.0	133.0
2	34807935	29.0	184.0
2	35022611	52.0	96.0
2	36024051	44.0	158.0
2	36561553	48.0	90.0
2	36625797	48.0	128.0
2	37299466	25.0	128.0
2	37737404	30.0	105.0
2	37831666	19.0	60.0
2	38095448	26.0	105.0
2	38095477	54.0	79.0
2	40109690	30.0	59.0
2	40196854	34.0	112.0
2	40302945	27.0	76.0
2	40439528	22.0	56.0
2	41074064	27.0	85.0
2	41760834	29.0	63.0
2	41946488	22.0	83.0
2	42173406	32.0	75.0
2	42375276	26.0	78.0
2	42775863	9.0	30.0
2	43515068	25.0	68.0
2	43543816	24.0	62.0
2	43598960	53.0	62.0
2	43715413	21.0	108.0
2	44665399	70.0	29.0
2	47690537	21.0	84.0
2	47747924	35.0	75.0
2	48236444	32.0	90.0
2	48353351	7.0	76.0
2	48998327	24.0	72.0
2	49053917	16.0	64.0
2	49687138	25.0	74.0
2	49778651	31.0	92.0
2	50094370	21.0	71.0
2	50353218	66.0	54.0
2	51343099	24.0	84.0
2	51681426	15.0	111.0
2	52066121	27.0	89.0
2	52335286	22.0	79.0
2	52860743	22.0	82.0
2	53529813	22.0	71.0
2	53736352	21.0	68.0
2	54289101	25.0	78.0
2	55340210	16.0	88.0
2	56457263	24.0	91.0
2	56513874	31.0	92.0
2	56536287	29.0	97.0
2	57095439	15.0	69.0
2	57385437	15.0	84.0
2	57591986	27.0	112.0
2	57713481	24.0	65.0
2	57797232	55.0	62.0
2	57966709	9.0	93.0
2	58067786	21.0	76.0
2	58134463	16.0	72.0
2	58156027	24.0	78.0
2	58719016	13.0	64.0
2	58884133	19.0	72.0
2	59335077	42.0	117.0
2	59698848	78.0	74.0
2	59860624	102.0	76.0
2	60282933	51.0	59.0
2	61241416	23.0	84.0
2	62368982	20.0	78.0
2	62627471	16.0	75.0
2	62923366	42.0	26.0
2	64508996	55.0	86.0
2	64553968	20.0	81.0
2	65706887	32.0	107.0
2	66827004	33.0	162.0
2	68045849	32.0	165.0
2	68558381	43.0	94.0
2	69096265	20.0	110.0
2	69421968	61.0	51.0
2	69668099	35.0	102.0
2	69810309	26.0	104.0
2	69942376	96.0	22.0
2	70880145	24.0	28.0
2	71893683	22.0	24.0
2	72110839	18.0	20.0
2	74369650	18.0	26.0
2	76164150	28.0	34.0
2	76216612	25.0	23.0
2	76465148	11.0	58.0
2	76771477	18.0	39.0
2	76992400	26.0	27.0
2	77458968	29.0	34.0
2	79006514	12.0	22.0
2	79237160	21.0	27.0
2	79608817	9.0	36.0
2	80046046	3.0	18.0
2	81142700	24.0	40.0
2	82318230	55.0	23.0
2	83924453	16.0	16.0
2	83972108	14.0	40.0
2	83989972	17.0	14.0
2	84555680	29.0	27.0
2	85026434	16.0	26.0
2	85285766	3.0	45.0
2	86189918	29.0	40.0
2	86350357	22.0	26.0
2	87024814	35.0	26.0
2	89923092	18.0	3.0
2	90092687	33.0	33.0
2	90127179	17.0	19.0
2	90186473	19.0	19.0
2	91776703	14.0	199.0
2	91814604	10.0	240.0
2	99612545	24.0	34.0
2	100490805	30.0	28.0
2	100602489	4.0	43.0
2	100819905	27.0	25.0
2	103166711	31.0	31.0
2	103724078	4.0	61.0
2	103757943	16.0	23.0
2	103975877	30.0	34.0
2	104455112	19.0	50.0
2	104855941	19.0	30.0
2	105359711	20.0	29.0
2	105581219	31.0	30.0
2	105850769	22.0	23.0
2	106076974	4.0	48.0
2	106286823	24.0	26.0
2	106615407	19.0	56.0
2	106813421	23.0	45.0
2	107179775	22.0	45.0
2	107346595	9.0	51.0
2	108323028	9.0	28.0
2	108600462	4.0	73.0
2	108656234	38.0	30.0
2	108875928	23.0	31.0
2	109127239	3.0	46.0
2	109251088	6.0	22.0
2	112142236	23.0	43.0
2	112564923	13.0	50.0
2	113061019	29.0	62.0
2	114111984	19.0	40.0
2	115304383	26.0	64.0
2	115483685	24.0	44.0
2	115538864	27.0	67.0
2	115698000	34.0	58.0
2	116903493	38.0	30.0
2	117723891	21.0	23.0
2	117808215	19.0	34.0
2	119626407	26.0	25.0
2	119743149	26.0	33.0
2	123932339	28.0	27.0
2	124149208	25.0	20.0
2	125074614	20.0	30.0
2	125427527	19.0	19.0
2	125989229	33.0	31.0
2	126137646	22.0	24.0
2	126605812	22.0	20.0
2	126864731	38.0	54.0
2	127037164	40.0	30.0
2	127551562	18.0	34.0
2	127707674	19.0	38.0
2	127804543	24.0	41.0
2	129954347	19.0	55.0
2	130177413	17.0	48.0
2	130404369	16.0	77.0
2	130642672	34.0	21.0
2	130669824	22.0	34.0
2	131483215	6.0	54.0
2	131551192	39.0	58.0
2	131603149	8.0	42.0
2	132875764	18.0	31.0
2	135374912	27.0	34.0
2	136558536	17.0	19.0
2	137145884	13.0	25.0
2	137542596	18.0	37.0
2	137804090	26.0	32.0
2	138439596	29.0	33.0
2	139421323	25.0	36.0
2	139519967	20.0	32.0
2	139810595	37.0	39.0
2	140023225	20.0	34.0
2	140380192	10.0	36.0
2	140648564	21.0	28.0
2	141448606	27.0	29.0
2	141451665	22.0	34.0
2	141494795	27.0	26.0
2	142286630	32.0	29.0
2	142395747	16.0	26.0
2	142732860	23.0	39.0
2	143561041	30.0	27.0
2	143784158	18.0	20.0
2	144035387	22.0	23.0
2	145117352	28.0	30.0
2	146126748	5.0	45.0
2	147923150	25.0	59.0
2	147923218	35.0	77.0
2	148209658	60.0	32.0
2	148363880	17.0	54.0
2	151017931	20.0	23.0
2	151320916	26.0	21.0
2	151464523	20.0	21.0
2	151603441	24.0	34.0
2	152595400	14.0	32.0
2	153050414	19.0	25.0
2	153069302	18.0	58.0
2	153844394	28.0	29.0
2	154323905	29.0	34.0
2	154413360	24.0	34.0
2	154924911	26.0	38.0
2	155584932	24.0	27.0
2	155599448	20.0	34.0
2	156093659	30.0	37.0
2	156775120	15.0	30.0
2	157221220	31.0	33.0
2	157221222	30.0	33.0
2	157701803	32.0	52.0
2	158051823	24.0	97.0
2	158579967	24.0	50.0
2	158799689	24.0	46.0
2	159588870	16.0	34.0
2	160819906	24.0	19.0
2	163537749	31.0	37.0
2	163901733	32.0	30.0
2	164042351	29.0	24.0
2	164188576	36.0	28.0
2	165672051	23.0	27.0
2	165757240	29.0	33.0
2	165809085	24.0	33.0
2	166080192	31.0	34.0
2	167476492	32.0	29.0
2	167586845	32.0	17.0
2	167858702	33.0	33.0
2	168596469	23.0	14.0
2	169685135	25.0	28.0
2	169881805	28.0	37.0
2	171465362	24.0	25.0
2	171554571	21.0	32.0
2	171605427	40.0	39.0
2	171651150	33.0	36.0
2	171999077	26.0	41.0
2	172388688	32.0	33.0
2	172961637	17.0	34.0
2	173151382	13.0	54.0
2	173385328	20.0	43.0
2	173908507	18.0	75.0
2	174134410	5.0	107.0
2	174707379	35.0	76.0
2	175064010	17.0	74.0
2	175105356	63.0	48.0
2	175733680	28.0	58.0
2	175870217	4.0	70.0
2	176052526	24.0	51.0
2	176131003	24.0	71.0
2	176998682	26.0	103.0
2	177289084	23.0	94.0
2	178523824	14.0	23.0
2	178869498	29.0	21.0
2	179296660	9.0	65.0
2	179514527	35.0	35.0
2	179589045	30.0	42.0
2	179901932	10.0	46.0
2	180588992	28.0	33.0
2	181091914	17.0	33.0
2	181494457	22.0	20.0
2	181945032	26.0	24.0
2	182949295	32.0	36.0
2	183290652	34.0	36.0
2	183546211	9.0	45.0
2	184147460	22.0	26.0
2	185021841	5.0	64.0
2	185145242	30.0	31.0
2	187699856	28.0	38.0
2	188592469	32.0	32.0
2	188595536	29.0	30.0
2	189140985	13.0	26.0
2	189208776	22.0	29.0
2	190184139	17.0	15.0
2	192324841	11.0	74.0
2	193020506	26.0	50.0
2	193388718	70.0	40.0
2	193503798	42.0	40.0
2	193645499	31.0	42.0
2	194866468	19.0	30.0
2	196510885	22.0	23.0
2	196817910	16.0	51.0
2	197375564	42.0	32.0
2	198670343	22.0	42.0
2	200633146	36.0	32.0
2	200912675	26.0	22.0
2	204280287	25.0	22.0
2	204611974	18.0	20.0
2	207084349	13.0	18.0
2	209495602	18.0	33.0
2	210932068	19.0	31.0
2	211134928	23.0	34.0
2	211696509	16.0	12.0
2	212611036	28.0	30.0
2	213840060	9.0	64.0
2	215002106	28.0	87.0
2	215180945	22.0	54.0
2	215253978	38.0	72.0
2	215376381	36.0	22.0
2	215648888	61.0	27.0
2	215726354	24.0	65.0
2	216049603	21.0	34.0
2	216879351	10.0	21.0
2	216926292	38.0	33.0
2	217467943	16.0	22.0
2	218973188	26.0	22.0
2	222204355	23.0	30.0
2	222743760	32.0	33.0
2	222746453	33.0	35.0
2	223326540	18.0	26.0
2	223598991	15.0	25.0
2	223860572	26.0	19.0
2	223883692	20.0	24.0
2	225376176	17.0	35.0
2	226628175	28.0	36.0
2	227357701	21.0	33.0
2	227363298	18.0	33.0
2	227386738	32.0	21.0
2	228475035	17.0	33.0
2	228590549	25.0	21.0
2	229110605	18.0	17.0
2	229169949	24.0	34.0
2	229308319	25.0	49.0
2	229424761	23.0	34.0
2	230091014	18.0	21.0
2	230354226	20.0	17.0
2	230366761	23.0	30.0
2	231137214	22.0	20.0
2	231636180	28.0	29.0
2	231729387	17.0	51.0
2	232116996	31.0	54.0
2	233489827	19.0	35.0
2	233495660	27.0	20.0
2	234832246	22.0	16.0
2	235256788	20.0	22.0
2	235494804	22.0	28.0
2	237158757	20.0	21.0
2	237335441	36.0	29.0
2	237940378	18.0	17.0
2	239173674	21.0	21.0
2	239868957	20.0	25.0
2	241085131	18.0	10.0
2	241957773	19.0	21.0
20	1154767	29.0	29.0
20	1750376	14.0	24.0
20	2149416	34.0	36.0
20	2780667	19.0	25.0
20	3747935	24.0	13.0
20	5122814	22.0	28.0
20	5266100	22.0	51.0
20	6380772	36.0	30.0
20	7342092	9.0	40.0
20	9975003	23.0	37.0
20	10209345	28.0	31.0
20	10282659	13.0	17.0
20	11287039	28.0	40.0
20	11645649	28.0	68.0
20	12795931	14.0	51.0
20	13136322	19.0	70.0
20	13150374	26.0	106.0
20	13815083	19.0	42.0
20	14103677	24.0	50.0
20	14625084	36.0	33.0
20	15282926	24.0	20.0
20	15680610	21.0	24.0
20	19686102	15.0	26.0
20	20140467	13.0	20.0
20	20228576	37.0	32.0
20	20585456	23.0	35.0
20	20948617	22.0	22.0
20	21059718	20.0	23.0
20	21936364	30.0	43.0
20	22165000	28.0	39.0
20	22510174	22.0	15.0
20	22728752	25.0	32.0
20	23130720	18.0	12.0
20	23830991	31.0	54.0
20	24088637	4.0	45.0
20	24457554	27.0	50.0
20	31168855	14.0	21.0
20	32402416	17.0	26.0
20	34742653	3.0	26.0
20	36812735	28.0	27.0
20	38260064	27.0	30.0
20	38691910	22.0	35.0
20	41014855	24.0	26.0
20	41251019	28.0	22.0
20	44955503	22.0	30.0
20	46988664	17.0	19.0
20	49669853	8.0	29.0
20	50951649	22.0	29.0
20	51822653	19.0	33.0
20	52179339	34.0	28.0
20	53547431	32.0	31.0
20	53721464	15.0	37.0
20	57178008	26.0	21.0
20	57589296	23.0	27.0
20	57934067	15.0	29.0
20	57934068	16.0	29.0
20	58304450	14.0	20.0
20	58893178	14.0	20.0
20	59503838	17.0	21.0
20	60040491	30.0	29.0
20	60048201	26.0	28.0
20	60187000	31.0	39.0
20	61719358	35.0	14.0
21	10485045	30.0	49.0
21	10596111	20.0	31.0
21	14398756	5.0	73.0
21	15655150	15.0	25.0
21	15879663	16.0	32.0
21	16581959	28.0	35.0
21	17681559	24.0	55.0
21	18509194	31.0	3.0
21	20337728	24.0	3.0
21	21799578	23.0	2.0
21	22920356	23.0	4.0
21	23009591	28.0	7.0
21	23375784	29.0	7.0
21	23873175	20.0	32.0
21	23946802	31.0	4.0
21	24833117	32.0	34.0
21	24844430	23.0	31.0
21	24879384	4.0	64.0
21	24976034	20.0	20.0
21	24978901	23.0	31.0
21	24983481	20.0	24.0
21	25630324	15.0	6.0
21	27932856	10.0	23.0
21	30771715	25.0	5.0
21	31869187	26.0	3.0
21	33188608	21.0	24.0
21	33976841	21.0	21.0
21	34528288	28.0	29.0
21	35311989	30.0	26.0
21	39062693	37.0	9.0
21	39440936	25.0	2.0
21	42193681	26.0	1.0
21	42208458	16.0	4.0
21	42208847	31.0	4.0
21	43521533	20.0	3.0
21	43923943	15.0	7.0
21	44527143	42.0	3.0
21	46169115	5.0	20.0
21	47651347	4.0	31.0
22	20171403	11.0	2.0
22	21012573	14.0	5.0
22	23086389	11.0	7.0
22	23991219	28.0	1.0
22	24805067	30.0	4.0
22	26133990	6.0	53.0
22	29616891	90.0	4.0
22	30606340	52.0	21.0
22	31288118	41.0	24.0
22	31676095	82.0	4.0
22	31874120	72.0	29.0
22	33556717	19.0	1.0
22	35228757	9.0	2.0
22	35556230	24.0	2.0
22	35733427	19.0	2.0
22	36832527	17.0	8.0
22	37680374	21.0	2.0
22	39175898	15.0	1.0
22	41821242	8.0	4.0
22	47268023	27.0	7.0
22	47684755	13.0	5.0
22	49399325	25.0	5.0
22	49707472	34.0	6.0
22	49828847	21.0	1.0
22	50548266	11.0	2.0
3	1209019	23.0	5.0
3	2124930	22.0	5.0
3	3114848	22.0	6.0
3	4216026	11.0	1.0
3	4868384	23.0	2.0
3	5005769	29.0	1.0
3	6658337	23.0	38.0
3	7071437	28.0	32.0
3	8462939	19.0	33.0
3	10821655	23.0	16.0
3	12185600	13.0	24.0
3	12407756	28.0	34.0
3	14428505	24.0	24.0
3	14825429	15.0	28.0
3	16306104	21.0	32.0
3	16993759	32.0	29.0
3	17441020	17.0	35.0
3	17480890	25.0	46.0
3	18648534	25.0	27.0
3	18806169	12.0	39.0
3	19172757	27.0	19.0
3	19353606	4.0	62.0
3	19593697	29.0	33.0
3	19745910	31.0	26.0
3	19777439	22.0	24.0
3	20988596	22.0	66.0
3	21945265	23.0	33.0
3	22339208	29.0	35.0
3	22378756	36.0	42.0
3	22416251	31.0	26.0
3	22532102	17.0	26.0
3	23503711	30.0	22.0
3	23858507	29.0	26.0
3	23967612	32.0	30.0
3	23974648	28.0	26.0
3	24307828	24.0	35.0
3	25349042	29.0	29.0
3	26457018	33.0	28.0
3	27055751	23.0	26.0
3	27239237	13.0	26.0
3	27850401	35.0	41.0
3	29974946	26.0	30.0
3	30667716	30.0	37.0
3	31117305	16.0	28.0
3	32244835	29.0	28.0
3	35209159	33.0	28.0
3	35504749	26.0	43.0
3	38849447	24.0	25.0
3	39879547	22.0	28.0
3	41974381	17.0	27.0
3	43573908	27.0	29.0
3	44041313	21.0	24.0
3	44507235	32.0	27.0
3	45403071	37.0	33.0
3	48480058	6.0	53.0
3	48687912	7.0	25.0
3	50937168	30.0	45.0
3	51455081	18.0	26.0
3	52191138	31.0	32.0
3	53429182	24.0	34.0
3	53846932	29.0	27.0
3	54176645	21.0	20.0
3	54664518	23.0	31.0
3	55193269	17.0	24.0
3	55405928	19.0	39.0
3	56099596	20.0	26.0
3	59036122	21.0	4.0
3	59826501	25.0	10.0
3	60262184	18.0	5.0
3	62507690	28.0	5.0
3	64938663	19.0	3.0
3	66619275	24.0	9.0
3	68353628	31.0	6.0
3	70610728	25.0	5.0
3	73215232	19.0	3.0
3	76288766	32.0	4.0
3	76661577	22.0	4.0
3	76682953	31.0	7.0
3	77013271	18.0	8.0
3	77217342	22.0	4.0
3	77522030	18.0	1.0
3	77554726	30.0	4.0
3	77831677	32.0	5.0
3	77941039	18.0	8.0
3	77963433	28.0	6.0
3	79531521	20.0	33.0
3	79531586	25.0	22.0
3	79532404	33.0	35.0
3	79532635	27.0	28.0
3	79711904	20.0	28.0
3	80541461	11.0	4.0
3	80770796	21.0	3.0
3	82521383	27.0	32.0
3	83465563	19.0	38.0
3	83884835	17.0	19.0
3	84264024	20.0	30.0
3	84330830	30.0	25.0
3	84527693	34.0	32.0
3	84529648	38.0	51.0
3	84529779	35.0	33.0
3	84627614	25.0	27.0
3	85165470	17.0	20.0
3	85619668	28.0	40.0
3	85930572	22.0	37.0
3	86095205	26.0	33.0
3	86171945	33.0	40.0
3	87125189	29.0	31.0
3	87261481	33.0	39.0
3	87514528	28.0	25.0
3	88979263	35.0	35.0
3	89455029	20.0	31.0
3	89552018	19.0	20.0
3	89782477	35.0	34.0
3	89811336	17.0	25.0
3	90411368	34.0	27.0
3	93646769	5.0	35.0
3	94877210	27.0	25.0
3	95510101	27.0	27.0
3	95956494	21.0	29.0
3	95956495	21.0	29.0
3	97260671	29.0	43.0
3	97296071	26.0	41.0
3	98257667	27.0	24.0
3	99798103	23.0	37.0
3	102188268	37.0	38.0
3	103245051	24.0	33.0
3	103368513	33.0	35.0
3	103382609	29.0	37.0
3	103471298	30.0	32.0
3	103539101	4.0	73.0
3	104171398	16.0	36.0
3	106608375	24.0	37.0
3	107004355	23.0	23.0
3	108393088	26.0	38.0
3	109029502	17.0	26.0
3	109216462	21.0	25.0
3	109415074	24.0	34.0
3	110052881	27.0	40.0
3	110541662	34.0	64.0
3	110957398	66.0	25.0
3	111154390	24.0	59.0
3	113206878	56.0	48.0
3	114128332	20.0	21.0
3	115282516	25.0	35.0
3	115755969	33.0	36.0
3	115884114	32.0	28.0
3	116502087	23.0	29.0
3	116565983	18.0	31.0
3	116867973	29.0	33.0
3	119025422	20.0	34.0
3	119655784	25.0	32.0
3	125810820	17.0	33.0
3	127029117	26.0	26.0
3	127120275	17.0	21.0
3	127532894	17.0	25.0
3	128161748	30.0	30.0
3	130318389	14.0	39.0
3	132655946	21.0	56.0
3	134828649	23.0	25.0
3	134842670	33.0	17.0
3	135618413	24.0	38.0
3	137166429	27.0	66.0
3	139705492	21.0	46.0
3	140853621	28.0	27.0
3	141294368	31.0	30.0
3	141974604	35.0	28.0
3	144421136	27.0	35.0
3	147411456	26.0	42.0
3	147995928	30.0	29.0
3	149050619	37.0	36.0
3	149514207	28.0	25.0
3	150205180	5.0	90.0
3	150480988	28.0	46.0
3	150532539	28.0	15.0
3	151290511	25.0	61.0
3	152645813	11.0	57.0
3	153736480	14.0	37.0
3	153894816	20.0	50.0
3	154160477	33.0	59.0
3	154251275	33.0	77.0
3	154259773	31.0	66.0
3	154410060	23.0	63.0
3	154598392	26.0	64.0
3	154691817	27.0	40.0
3	155774309	24.0	51.0
3	156096842	22.0	48.0
3	156288151	34.0	64.0
3	156327337	23.0	74.0
3	156596862	18.0	51.0
3	157716048	19.0	50.0
3	158444416	24.0	52.0
3	158664476	8.0	57.0
3	159789080	25.0	36.0
3	160532694	36.0	22.0
3	161489800	21.0	57.0
3	162316677	18.0	57.0
3	162397767	20.0	57.0
3	162419782	42.0	31.0
3	162552235	27.0	53.0
3	162600497	5.0	94.0
3	162754465	26.0	84.0
3	162939825	38.0	26.0
3	163119766	22.0	54.0
3	163221330	13.0	20.0
3	163310821	8.0	71.0
3	163325701	60.0	36.0
3	163452328	24.0	53.0
3	163477426	49.0	34.0
3	163566769	43.0	41.0
3	163613313	19.0	49.0
3	163613314	19.0	49.0
3	163720330	4.0	50.0
3	164321019	18.0	73.0
3	164763108	13.0	91.0
3	165909339	24.0	50.0
3	166007051	14.0	61.0
3	166335660	42.0	57.0
3	166423648	17.0	122.0
3	166452675	24.0	91.0
3	166589963	19.0	84.0
3	168823898	36.0	206.0
3	171298292	18.0	25.0
3	171427633	27.0	79.0
3	171453900	24.0	73.0
3	172418897	59.0	36.0
3	172473814	17.0	65.0
3	172716402	44.0	76.0
3	172716403	45.0	73.0
3	172968133	42.0	17.0
3	173231539	30.0	45.0
3	173281348	47.0	46.0
3	174060522	58.0	33.0
3	174499132	28.0	61.0
3	174593269	6.0	68.0
3	174639301	24.0	63.0
3	175854943	65.0	27.0
3	175919858	35.0	60.0
3	176096004	21.0	71.0
3	177353545	33.0	72.0
3	178548481	22.0	47.0
3	178584661	21.0	55.0
3	180277110	21.0	44.0
3	180514888	53.0	32.0
3	180618019	19.0	36.0
3	180979987	63.0	27.0
3	181416123	24.0	65.0
3	182412567	33.0	72.0
3	183154233	17.0	49.0
3	184089454	27.0	49.0
3	185011573	28.0	52.0
3	185221984	26.0	52.0
3	185767275	29.0	60.0
3	186452211	24.0	71.0
3	186924172	5.0	72.0
3	187104661	40.0	46.0
3	187431602	22.0	52.0
3	188274617	40.0	35.0
3	189310775	33.0	92.0
3	190741953	33.0	49.0
3	191317799	50.0	14.0
3	191499617	23.0	51.0
3	191637374	33.0	60.0
3	192106005	20.0	53.0
3	193569801	48.0	20.0
3	193878681	10.0	56.0
3	194571982	21.0	39.0
3	194637578	20.0	47.0
3	194915515	29.0	60.0
3	194915516	28.0	60.0
3	195210744	47.0	2.0
3	197463546	33.0	19.0
3	197897085	32.0	82.0
4	750102	16.0	18.0
4	1130630	29.0	30.0
4	1892230	25.0	14.0
4	2800097	25.0	81.0
4	2980973	16.0	73.0
4	3607835	20.0	29.0
4	4574745	21.0	15.0
4	5029152	22.0	25.0
4	5126287	14.0	30.0
4	5179024	21.0	30.0
4	5407907	16.0	24.0
4	6123723	19.0	27.0
4	6553020	24.0	20.0
4	7353930	20.0	20.0
4	7776279	19.0	26.0
4	8876921	15.0	30.0
4	8876922	15.0	30.0
4	9715582	24.0	25.0
4	10253777	17.0	29.0
4	11544298	24.0	30.0
4	11848087	20.0	30.0
4	11926591	22.0	23.0
4	12309985	20.0	34.0
4	12313108	36.0	33.0
4	13123132	26.0	31.0
4	14575349	26.0	25.0
4	14922747	19.0	23.0
4	15362724	25.0	36.0
4	15520356	16.0	29.0
4	16717899	17.0	40.0
4	18257541	27.0	27.0
4	18324741	14.0	27.0
4	18324752	17.0	29.0
4	18468660	37.0	40.0
4	18943237	23.0	19.0
4	20119590	29.0	32.0
4	20839562	19.0	25.0
4	21072001	24.0	43.0
4	21227989	17.0	15.0
4	21457402	19.0	18.0
4	25531022	21.0	46.0
4	26873371	39.0	46.0
4	27057010	15.0	30.0
4	27346727	16.0	31.0
4	27497704	23.0	41.0
4	28017134	24.0	30.0
4	28201388	28.0	33.0
4	28586819	39.0	54.0
4	28754234	26.0	45.0
4	28927425	23.0	63.0
4	29087062	19.0	62.0
4	29481990	25.0	39.0
4	29637198	20.0	31.0
4	29694521	31.0	15.0
4	29862970	22.0	25.0
4	30376859	5.0	84.0
4	30581761	28.0	61.0
4	31047601	24.0	56.0
4	31295759	27.0	48.0
4	31332468	26.0	52.0
4	33022624	13.0	55.0
4	33144576	30.0	27.0
4	33540945	17.0	30.0
4	34262422	26.0	27.0
4	35029083	24.0	39.0
4	35367601	31.0	31.0
4	35450332	30.0	37.0
4	35509156	25.0	39.0
4	35747124	25.0	30.0
4	36405534	29.0	43.0
4	36558581	23.0	27.0
4	37134200	21.0	28.0
4	37294280	20.0	13.0
4	37714170	22.0	27.0
4	38332101	26.0	23.0
4	38764892	20.0	25.0
4	40436767	18.0	27.0
4	41752239	24.0	30.0
4	42354985	21.0	21.0
4	42996680	24.0	36.0
4	43436914	25.0	41.0
4	43710780	4.0	40.0
4	44131029	24.0	32.0
4	44261714	28.0	32.0
4	44426802	24.0	32.0
4	44426803	24.0	32.0
4	44613957	21.0	19.0
4	45194103	30.0	30.0
4	45358111	29.0	42.0
4	46063882	29.0	26.0
4	46386433	38.0	29.0
4	47948990	23.0	16.0
4	53126007	33.0	36.0
4	53126008	33.0	36.0
4	53163724	3.0	38.0
4	55605781	25.0	22.0
4	55635857	20.0	34.0
4	56256980	12.0	17.0
4	57225311	21.0	25.0
4	59170591	14.0	17.0
4	59830980	33.0	43.0
4	59912011	30.0	23.0
4	60008527	28.0	18.0
4	60414278	20.0	23.0
4	60645968	9.0	14.0
4	60825232	27.0	37.0
4	60900193	16.0	28.0
4	60925110	17.0	26.0
4	61885059	25.0	36.0
4	61891929	24.0	32.0
4	61927827	11.0	19.0
4	62059736	4.0	51.0
4	62170793	4.0	65.0
4	62795638	28.0	33.0
4	63411054	25.0	26.0
4	63506940	4.0	55.0
4	63508320	22.0	36.0
4	64105176	24.0	34.0
4	64118729	28.0	35.0
4	64757556	46.0	34.0
4	64883084	14.0	31.0
4	64929547	25.0	80.0
4	65636983	26.0	40.0
4	65927712	24.0	72.0
4	65983882	24.0	101.0
4	66073244	25.0	100.0
4	66161979	22.0	78.0
4	66229801	32.0	79.0
4	66325065	28.0	103.0
4	66440598	20.0	81.0
4	66660751	31.0	60.0
4	66999290	19.0	64.0
4	67100588	32.0	60.0
4	67246969	25.0	61.0
4	67407891	4.0	59.0
4	67426145	20.0	48.0
4	67569602	22.0	60.0
4	67743084	15.0	56.0
4	68575579	22.0	54.0
4	69704459	26.0	26.0
4	69931291	21.0	30.0
4	69949927	31.0	42.0
4	70186747	27.0	29.0
4	70512978	9.0	38.0
4	70836792	27.0	39.0
4	70934827	11.0	46.0
4	71101179	30.0	36.0
4	71674776	12.0	28.0
4	72141460	23.0	18.0
4	73050043	29.0	29.0
4	73084452	27.0	29.0
4	73250747	27.0	27.0
4	73657351	22.0	27.0
4	74428231	28.0	58.0
4	74908097	7.0	69.0
4	75794258	34.0	32.0
4	76322895	28.0	24.0
4	77267911	35.0	37.0
4	77400276	19.0	21.0
4	78490027	30.0	40.0
4	79649681	27.0	36.0
4	79699598	18.0	44.0
4	80232896	32.0	30.0
4	80263044	22.0	29.0
4	80376790	28.0	21.0
4	80545050	23.0	44.0
4	80774159	9.0	42.0
4	81299671	17.0	48.0
4	81338777	19.0	34.0
4	81618647	27.0	38.0
4	82470515	22.0	31.0
4	82841700	25.0	26.0
4	83322007	36.0	46.0
4	83625020	21.0	26.0
4	84466974	23.0	25.0
4	85120146	28.0	25.0
4	86297077	23.0	26.0
4	87600897	17.0	21.0
4	88494171	19.0	32.0
4	91786630	24.0	3.0
4	92590946	23.0	28.0
4	92658662	29.0	33.0
4	96361947	57.0	4.0
4	96429411	22.0	27.0
4	97151018	22.0	26.0
4	98446741	25.0	6.0
4	98875220	22.0	7.0
4	99784756	23.0	3.0
4	101913441	18.0	4.0
4	104990117	25.0	2.0
4	106514007	23.0	3.0
4	109190238	19.0	3.0
4	109274018	16.0	8.0
4	113932284	21.0	7.0
4	114005170	7.0	8.0
4	114316884	17.0	6.0
4	116098873	24.0	2.0
4	116953026	28.0	4.0
4	117716892	30.0	6.0
4	121068856	22.0	8.0
4	125913036	33.0	2.0
4	128282216	31.0	4.0
4	129352674	35.0	4.0
4	129435013	3.0	35.0
4	129488806	17.0	7.0
4	131109617	18.0	4.0
4	131794723	34.0	3.0
4	133828558	22.0	6.0
4	134885780	28.0	7.0
4	135208461	25.0	5.0
4	136653868	20.0	10.0
4	138287386	29.0	6.0
4	138770742	22.0	30.0
4	139120446	34.0	29.0
4	143849577	32.0	16.0
4	145039577	21.0	53.0
4	146103257	12.0	20.0
4	146253731	22.0	27.0
4	147034790	4.0	43.0
4	147261358	31.0	25.0
4	147393869	26.0	31.0
4	147726325	28.0	30.0
4	149615746	23.0	26.0
4	150639029	20.0	28.0
4	151349993	21.0	27.0
4	152185205	24.0	29.0
4	153484847	29.0	29.0
4	154061620	24.0	25.0
4	156230007	22.0	34.0
4	156574277	27.0	30.0
4	156723554	21.0	27.0
4	156876905	32.0	38.0
4	158007650	28.0	28.0
4	158164460	21.0	35.0
4	158254480	27.0	40.0
4	159269600	26.0	28.0
4	159297778	28.0	16.0
4	160703221	30.0	43.0
4	161254896	26.0	38.0
4	161758948	26.0	22.0
4	161901277	22.0	28.0
4	162102295	26.0	24.0
4	162527568	19.0	20.0
4	162794979	5.0	55.0
4	162807819	29.0	40.0
4	162821687	23.0	29.0
4	162992334	25.0	29.0
4	163362942	40.0	33.0
4	164285998	28.0	33.0
4	164408341	19.0	26.0
4	164410897	25.0	36.0
4	165329968	32.0	30.0
4	165388161	23.0	34.0
4	165410616	17.0	35.0
4	165505706	32.0	28.0
4	165757568	21.0	26.0
4	167860690	26.0	31.0
4	168107917	25.0	28.0
4	170848435	31.0	32.0
4	170859962	26.0	31.0
4	170871958	16.0	21.0
4	170935696	24.0	30.0
4	171557218	35.0	74.0
4	171589300	46.0	36.0
4	171664232	54.0	31.0
4	171879645	45.0	24.0
4	171894182	25.0	64.0
4	171939515	13.0	57.0
4	172068202	28.0	67.0
4	172579259	21.0	49.0
4	172844890	12.0	40.0
4	172883571	38.0	26.0
4	175014022	28.0	48.0
4	175372350	37.0	35.0
4	175482822	27.0	34.0
4	175915092	20.0	26.0
4	176221232	26.0	29.0
4	176660889	23.0	38.0
4	178111040	11.0	55.0
4	178540113	30.0	27.0
4	178957300	28.0	46.0
4	179081538	22.0	30.0
4	179406330	31.0	83.0
4	179679027	23.0	22.0
4	179703617	37.0	35.0
4	180271785	31.0	35.0
4	180689952	24.0	23.0
4	181241256	20.0	34.0
4	181284770	32.0	32.0
4	181595797	13.0	28.0
4	182428757	24.0	29.0
4	182429252	19.0	23.0
4	184008522	18.0	22.0
4	184999265	25.0	26.0
4	188043867	29.0	24.0
4	188110189	9.0	28.0
4	188468770	5.0	59.0
4	188611490	7.0	19.0
4	188711080	15.0	12.0
4	188832795	12.0	16.0
4	189665989	25.0	24.0
4	189716320	22.0	32.0
4	190693373	25.0	23.0
4	190808052	4.0	64.0
4	191029272	20.0	140.0
5	588844	25.0	25.0
5	1165507	11.0	25.0
5	2559265	18.0	25.0
5	2828564	29.0	38.0
5	3114438	18.0	14.0
5	3250735	29.0	23.0
5	3488664	17.0	14.0
5	4671815	22.0	25.0
5	5099668	21.0	23.0
5	5200187	16.0	26.0
5	5387404	18.0	28.0
5	6166245	25.0	34.0
5	6197745	21.0	14.0
5	6522795	10.0	17.0
5	8034826	28.0	28.0
5	8141585	35.0	33.0
5	8249121	23.0	32.0
5	10060844	20.0	33.0
5	10806945	21.0	21.0
5	11104236	32.0	33.0
5	12177390	35.0	30.0
5	12207657	23.0	38.0
5	12414572	28.0	23.0
5	12495261	20.0	38.0
5	12536599	26.0	38.0
5	12738024	36.0	41.0
5	12906495	26.0	21.0
5	13729972	30.0	28.0
5	14631611	28.0	36.0
5	15264309	33.0	28.0
5	16714876	26.0	36.0
5	17162304	21.0	55.0
5	17478676	16.0	43.0
5	17887260	27.0	48.0
5	17931089	34.0	51.0
5	18302062	27.0	49.0
5	18737087	31.0	60.0
5	19144661	21.0	29.0
5	19655499	23.0	29.0
5	20477210	22.0	32.0
5	20559002	28.0	40.0
5	20660460	27.0	21.0
5	22547031	31.0	26.0
5	22762759	32.0	32.0
5	23151468	31.0	28.0
5	23244830	25.0	20.0
5	23271817	30.0	24.0
5	23384813	30.0	33.0
5	24360070	31.0	33.0
5	24568348	29.0	43.0
5	24809548	32.0	34.0
5	24986782	30.0	33.0
5	25259092	34.0	49.0
5	25264168	22.0	56.0
5	25627761	19.0	58.0
5	25654301	21.0	69.0
5	25842342	18.0	49.0
5	25874554	5.0	78.0
5	25990970	21.0	86.0
5	26090166	43.0	63.0
5	26241512	79.0	24.0
5	26409759	23.0	65.0
5	26589785	17.0	88.0
5	26596168	36.0	80.0
5	26646240	31.0	50.0
5	26688720	74.0	20.0
5	26699735	60.0	57.0
5	26844755	55.0	62.0
5	26909376	20.0	76.0
5	26958529	31.0	52.0
5	27248542	45.0	26.0
5	28478388	29.0	65.0
5	28606646	27.0	69.0
5	28790122	26.0	46.0
5	29300306	25.0	31.0
5	30635944	29.0	36.0
5	30882992	28.0	30.0
5	31167615	27.0	34.0
5	33117097	32.0	35.0
5	33631101	24.0	30.0
5	35356342	21.0	37.0
5	35737104	20.0	61.0
5	36647289	25.0	74.0
5	36681899	27.0	58.0
5	38209052	26.0	35.0
5	38459847	24.0	29.0
5	39745144	23.0	40.0
5	40281402	21.0	35.0
5	40430071	18.0	22.0
5	41611952	23.0	34.0
5	41961616	23.0	30.0
5	42929828	21.0	26.0
5	43330465	12.0	24.0
5	43814743	12.0	30.0
5	44559108	34.0	35.0
5	44861343	26.0	28.0
5	44862232	31.0	37.0
5	45021535	25.0	25.0
5	45226477	21.0	24.0
5	45860942	32.0	41.0
5	46349691	34.0	36.0
5	49651734	23.0	37.0
5	50125004	18.0	35.0
5	50160404	15.0	28.0
5	50722591	9.0	52.0
5	50858417	27.0	41.0
5	51852253	8.0	45.0
5	52482620	26.0	27.0
5	52629952	18.0	36.0
5	52662727	25.0	30.0
5	52680786	25.0	28.0
5	52843897	28.0	28.0
5	53044265	32.0	32.0
5	54409728	18.0	28.0
5	55807304	20.0	30.0
5	56379350	26.0	31.0
5	56698376	18.0	27.0
5	58741502	30.0	37.0
5	60224146	20.0	41.0
5	62189766	33.0	44.0
5	63268916	16.0	39.0
5	63738437	5.0	53.0
5	66526220	14.0	33.0
5	66852893	19.0	28.0
5	67283426	15.0	30.0
5	72398242	18.0	24.0
5	73740035	17.0	25.0
5	74914104	30.0	32.0
5	75314298	30.0	35.0
5	76915396	22.0	20.0
5	77265632	33.0	30.0
5	77728874	36.0	18.0
5	78313893	27.0	25.0
5	78816290	20.0	29.0
5	79183657	30.0	23.0
5	80131640	26.0	29.0
5	81155031	16.0	24.0
5	84138492	32.0	30.0
5	84377645	30.0	33.0
5	84571309	25.0	37.0
5	84645844	27.0	28.0
5	84904646	28.0	38.0
5	85292477	20.0	37.0
5	85908520	29.0	28.0
5	87074802	28.0	26.0
5	87341404	24.0	31.0
5	87528421	27.0	39.0
5	87705426	27.0	40.0
5	87920971	26.0	37.0
5	89788280	34.0	49.0
5	90728709	32.0	28.0
5	91126299	20.0	36.0
5	91703757	44.0	30.0
5	92156687	27.0	32.0
5	92848417	21.0	28.0
5	93551132	23.0	28.0
5	94730902	33.0	21.0
5	95456212	16.0	20.0
5	96406178	26.0	26.0
5	96889329	34.0	31.0
5	97071615	25.0	31.0
5	98416642	34.0	29.0
5	98448160	25.0	27.0
5	98614779	35.0	27.0
5	98781124	31.0	33.0
5	98941296	23.0	38.0
5	99111361	8.0	50.0
5	99111362	8.0	50.0
5	99168285	23.0	31.0
5	99852039	8.0	49.0
5	101028788	8.0	67.0
5	101534347	24.0	37.0
5	101778225	30.0	38.0
5	102721657	30.0	36.0
5	102959674	22.0	24.0
5	104067806	37.0	36.0
5	106582273	43.0	26.0
5	107035732	20.0	56.0
5	108343192	20.0	27.0
5	108425740	24.0	17.0
5	108505811	8.0	43.0
5	108590741	17.0	30.0
5	109196474	14.0	34.0
5	109568034	31.0	41.0
5	110295567	28.0	30.0
5	111052389	17.0	24.0
5	111776318	28.0	35.0
5	112008330	40.0	24.0
5	112507886	26.0	44.0
5	112680772	12.0	63.0
5	112721876	29.0	48.0
5	112726990	31.0	48.0
5	113479921	16.0	32.0
5	113849973	28.0	28.0
5	114081320	13.0	24.0
5	114118849	21.0	20.0
5	114249086	34.0	39.0
5	114896965	21.0	58.0
5	117039141	22.0	57.0
5	117281873	21.0	51.0
5	117399650	23.0	40.0
5	118305796	17.0	57.0
5	118412339	26.0	46.0
5	118499247	21.0	67.0
5	120142136	25.0	33.0
5	120187129	21.0	26.0
5	121051909	32.0	31.0
5	121252178	15.0	22.0
5	121269128	2.0	24.0
5	121312173	24.0	36.0
5	122194437	19.0	28.0
5	122594787	17.0	35.0
5	123497521	14.0	27.0
5	124377159	11.0	21.0
5	125144540	29.0	38.0
5	126045333	22.0	21.0
5	127479023	25.0	32.0
5	129033159	6.0	54.0
5	129719048	17.0	24.0
5	130827643	28.0	35.0
5	131071224	24.0	27.0
5	131260037	31.0	28.0
5	131360734	12.0	18.0
5	131446999	30.0	29.0
5	132131761	26.0	25.0
5	132368047	13.0	23.0
5	134891405	26.0	53.0
5	135251519	26.0	25.0
5	135651465	25.0	29.0
5	136387472	25.0	33.0
5	136686421	15.0	38.0
5	137783977	20.0	22.0
5	138298608	30.0	34.0
5	138903083	28.0	45.0
5	139789623	23.0	57.0
5	139888670	25.0	53.0
5	140072027	23.0	64.0
5	141736576	27.0	43.0
5	142003988	23.0	73.0
5	142823831	26.0	47.0
5	144366370	61.0	53.0
5	144887885	26.0	53.0
5	146028074	35.0	60.0
5	146411618	52.0	34.0
5	146738094	24.0	70.0
5	149460470	41.0	30.0
5	149580736	20.0	39.0
5	150413134	16.0	39.0
5	150711550	3.0	125.0
5	151155967	53.0	35.0
5	151936477	47.0	29.0
5	152245714	51.0	33.0
5	152354011	31.0	47.0
5	152670636	20.0	49.0
5	154287721	4.0	41.0
5	156295072	17.0	32.0
5	157797278	13.0	27.0
5	159401282	4.0	44.0
5	160583350	38.0	24.0
5	161177463	25.0	30.0
5	161220418	32.0	30.0
5	161304219	17.0	30.0
5	161625040	5.0	38.0
5	162148238	24.0	29.0
5	162172702	32.0	31.0
5	162329016	14.0	20.0
5	162623420	25.0	27.0
5	162817508	23.0	28.0
5	163134373	11.0	54.0
5	163265155	32.0	22.0
5	163362873	25.0	28.0
5	163430460	27.0	33.0
5	164252862	21.0	21.0
5	164371800	22.0	20.0
5	164953505	39.0	35.0
5	165738784	25.0	30.0
5	165884621	29.0	19.0
5	166064826	20.0	20.0
5	166091822	15.0	32.0
5	166091824	15.0	30.0
5	166232611	21.0	24.0
5	166320122	25.0	26.0
5	166324247	24.0	36.0
5	166641973	26.0	25.0
5	166698329	22.0	20.0
5	166758334	37.0	38.0
5	166881445	17.0	27.0
5	167293226	21.0	30.0
5	168001313	6.0	30.0
5	168717023	2.0	26.0
5	168717024	1.0	26.0
5	168923574	4.0	53.0
5	169088997	23.0	27.0
5	169325310	19.0	29.0
5	169392166	21.0	19.0
5	169531137	18.0	31.0
5	169563339	28.0	24.0
5	169571498	15.0	21.0
5	169712666	27.0	18.0
5	169997916	23.0	27.0
5	170279857	27.0	34.0
5	170352495	29.0	42.0
5	170443678	19.0	24.0
5	170972194	14.0	13.0
5	171526517	15.0	45.0
5	171793721	22.0	24.0
5	172994069	22.0	27.0
5	174822620	23.0	63.0
5	176202781	8.0	29.0
5	176834579	20.0	52.0
5	177095464	36.0	64.0
5	178642445	18.0	30.0
5	179047173	11.0	40.0
5	179564282	16.0	16.0
5	180204501	6.0	25.0
6	566446	13.0	25.0
6	890900	13.0	27.0
6	1055667	16.0	17.0
6	1825389	24.0	29.0
6	1841279	14.0	35.0
6	2164348	26.0	20.0
6	2325779	19.0	27.0
6	4224854	15.0	31.0
6	4349478	28.0	35.0
6	4374004	25.0	23.0
6	4556905	23.0	36.0
6	6266066	9.0	58.0
6	8425802	32.0	32.0
6	9492259	28.0	31.0
6	9561036	28.0	30.0
6	10007903	16.0	27.0
6	10803010	21.0	44.0
6	11153224	33.0	73.0
6	11587865	20.0	53.0
6	11587866	19.0	56.0
6	12828825	27.0	56.0
6	13529430	42.0	19.0
6	14311449	25.0	31.0
6	17053111	30.0	27.0
6	17849328	21.0	46.0
6	17882898	20.0	40.0
6	18296977	52.0	31.0
6	18730745	25.0	50.0
6	19483556	4.0	80.0
6	20794621	21.0	124.0
6	21198940	21.0	74.0
6	21463908	31.0	86.0
6	22628263	24.0	32.0
6	22666675	27.0	31.0
6	22886516	16.0	18.0
6	23663268	20.0	43.0
6	23913691	24.0	21.0
6	25591153	32.0	36.0
6	26243845	29.0	21.0
6	27587839	29.0	23.0
6	27679755	5.0	21.0
6	27689053	14.0	31.0
6	27881532	33.0	37.0
6	28354346	22.0	27.0
6	28518168	27.0	20.0
6	28646432	25.0	32.0
6	28674104	17.0	30.0
6	29193439	8.0	48.0
6	31237495	5.0	13.0
6	31237496	5.0	13.0
6	34499862	10.0	15.0
6	37137331	7.0	48.0
6	38254971	12.0	56.0
6	38856590	47.0	20.0
6	38960325	27.0	52.0
6	39111882	25.0	45.0
6	39381643	16.0	58.0
6	40037853	25.0	46.0
6	40078710	19.0	48.0
6	40101034	24.0	37.0
6	40498976	25.0	55.0
6	40949725	22.0	27.0
6	42476858	23.0	39.0
6	43172735	24.0	19.0
6	43906659	12.0	18.0
6	44590376	21.0	25.0
6	44890578	27.0	42.0
6	45082642	44.0	37.0
6	45332407	36.0	37.0
6	46728263	20.0	49.0
6	47029147	17.0	45.0
6	49031801	19.0	38.0
6	49297840	30.0	38.0
6	49318083	17.0	27.0
6	49319356	31.0	64.0
6	49369705	40.0	26.0
6	50127568	21.0	20.0
6	50343657	33.0	34.0
6	50593574	8.0	32.0
6	51572114	26.0	56.0
6	52522924	34.0	25.0
6	53029534	28.0	40.0
6	54191662	23.0	24.0
6	54566249	24.0	31.0
6	54990004	5.0	42.0
6	55050200	35.0	45.0
6	55191415	29.0	40.0
6	55821370	21.0	28.0
6	57289621	1.0	101.0
6	57613910	13.0	39.0
6	57648525	17.0	33.0
6	57948641	30.0	31.0
6	57968698	17.0	22.0
6	58369738	29.0	29.0
6	62501159	32.0	33.0
6	62794786	26.0	37.0
6	63040294	13.0	26.0
6	63513034	18.0	18.0
6	64454586	25.0	30.0
6	65125750	17.0	30.0
6	65523759	24.0	26.0
6	66272469	22.0	30.0
6	66806662	15.0	18.0
6	66998749	4.0	57.0
6	67439411	26.0	26.0
6	67595751	20.0	36.0
6	67658791	11.0	21.0
6	70081141	12.0	72.0
6	70749786	36.0	31.0
6	71175187	26.0	43.0
6	71663616	47.0	34.0
6	72417722	52.0	39.0
6	72462934	10.0	21.0
6	72519028	16.0	58.0
6	72925616	68.0	28.0
6	74167581	9.0	54.0
6	74261098	18.0	52.0
6	75094749	6.0	39.0
6	75285525	30.0	31.0
6	78092908	29.0	24.0
6	78361732	28.0	23.0
6	79882472	35.0	33.0
6	80809191	29.0	26.0
6	81134439	27.0	30.0
6	81613039	29.0	37.0
6	81695417	32.0	37.0
6	81970428	28.0	26.0
6	82843563	42.0	71.0
6	82915145	31.0	56.0
6	82963498	27.0	47.0
6	84104918	7.0	61.0
6	84375700	38.0	61.0
6	84383380	23.0	53.0
6	84422403	31.0	88.0
6	85179698	30.0	57.0
6	86158975	6.0	31.0
6	88262629	20.0	86.0
6	88559998	24.0	85.0
6	88842272	5.0	90.0
6	88873853	22.0	100.0
6	89103474	30.0	67.0
6	89227159	10.0	83.0
6	90015201	20.0	40.0
6	91271861	14.0	45.0
6	92769506	6.0	29.0
6	92942132	30.0	29.0
6	93229051	20.0	30.0
6	93545334	21.0	31.0
6	93650674	21.0	33.0
6	93952251	29.0	37.0
6	94156501	8.0	66.0
6	94436695	27.0	31.0
6	95197369	24.0	28.0
6	95270320	27.0	30.0
6	95328278	18.0	25.0
6	95891743	28.0	42.0
6	95929748	16.0	19.0
6	96840119	21.0	35.0
6	97362282	22.0	35.0
6	97895705	32.0	59.0
6	98113635	26.0	55.0
6	98237560	24.0	30.0
6	98516122	29.0	27.0
6	98547459	27.0	30.0
6	98757647	24.0	30.0
6	98983024	25.0	30.0
6	99793219	22.0	32.0
6	99872039	33.0	39.0
6	100065237	27.0	28.0
6	101190469	23.0	20.0
6	101872244	19.0	20.0
6	102919252	34.0	29.0
6	103503900	23.0	36.0
6	104211716	24.0	38.0
6	104317709	35.0	32.0
6	105121852	28.0	41.0
6	105217180	31.0	36.0
6	106744028	22.0	37.0
6	109875960	22.0	30.0
6	112596451	16.0	27.0
6	113168896	21.0	37.0
6	114721903	27.0	31.0
6	114803011	22.0	28.0
6	116832656	35.0	25.0
6	117837922	36.0	5.0
6	119513273	26.0	6.0
6	119950623	16.0	1.0
6	120554627	18.0	5.0
6	120680086	20.0	2.0
6	120988313	23.0	3.0
6	121621671	3.0	25.0
6	122047803	28.0	3.0
6	122376317	19.0	6.0
6	130579074	23.0	8.0
6	130662962	33.0	6.0
6	133921374	28.0	4.0
6	134513645	15.0	4.0
6	135249264	24.0	3.0
6	136003511	20.0	5.0
6	137844076	37.0	2.0
6	137936771	56.0	2.0
6	140778079	34.0	9.0
6	145349315	31.0	5.0
6	145972738	29.0	4.0
6	146779511	4.0	35.0
6	147093154	26.0	4.0
6	149299256	24.0	41.0
6	153050505	24.0	26.0
6	154815746	26.0	32.0
6	155693183	11.0	43.0
6	156548572	15.0	35.0
6	158379200	19.0	33.0
6	159660665	14.0	42.0
6	160323991	31.0	24.0
6	161809235	15.0	30.0
6	162630245	29.0	31.0
6	163720224	18.0	24.0
6	163982213	24.0	39.0
6	164733643	52.0	5.0
6	164736011	63.0	6.0
6	164947125	26.0	28.0
6	166634392	2.0	31.0
6	167812409	15.0	24.0
6	169368977	22.0	31.0
6	169648689	20.0	14.0
7	54825	17.0	20.0
7	425296	22.0	29.0
7	616774	5.0	35.0
7	1331658	21.0	26.0
7	1472097	10.0	12.0
7	1486603	13.0	14.0
7	2046204	5.0	22.0
7	2201525	17.0	29.0
7	2268856	19.0	19.0
7	3621834	12.0	21.0
7	4409596	27.0	25.0
7	4461507	38.0	40.0
7	5712967	3.0	37.0
7	9112253	31.0	28.0
7	9287485	29.0	33.0
7	9415040	25.0	30.0
7	9865097	25.0	47.0
7	10466706	13.0	14.0
7	11267931	21.0	29.0
7	12170911	22.0	24.0
7	12302474	5.0	54.0
7	12302768	27.0	37.0
7	13881039	18.0	28.0
7	14706649	25.0	39.0
7	15032436	46.0	42.0
7	17992516	27.0	32.0
7	19357582	19.0	41.0
7	19629845	28.0	30.0
7	19888573	33.0	35.0
7	20259212	20.0	25.0
7	20463194	10.0	48.0
7	20591016	22.0	21.0
7	20638210	26.0	25.0
7	21828945	22.0	17.0
7	23147547	27.0	24.0
7	24079374	36.0	27.0
7	24153314	16.0	19.0
7	24647184	20.0	35.0
7	24713567	29.0	27.0
7	26246977	17.0	37.0
7	26420294	12.0	14.0
7	27290393	20.0	28.0
7	27758146	35.0	29.0
7	28411014	23.0	21.0
7	29000030	27.0	27.0
7	32262180	22.0	25.0
7	33384202	25.0	29.0
7	35396031	27.0	25.0
7	35428996	22.0	30.0
7	35436281	25.0	32.0
7	36670660	18.0	31.0
7	36670692	14.0	28.0
7	37073134	27.0	25.0
7	37794720	31.0	36.0
7	37927098	21.0	27.0
7	39069682	30.0	33.0
7	39255631	18.0	22.0
7	40573376	39.0	34.0
7	41007024	21.0	20.0
7	41785384	25.0	34.0
7	45637678	27.0	20.0
7	45726130	20.0	22.0
7	46545355	38.0	32.0
7	48299563	25.0	36.0
7	48305489	38.0	45.0
7	48781595	33.0	38.0
7	49218352	25.0	24.0
7	50109539	20.0	24.0
7	50150761	19.0	20.0
7	51562602	34.0	32.0
7	51748690	25.0	35.0
7	52256270	32.0	29.0
7	52536312	20.0	34.0
7	52576633	29.0	44.0
7	53383776	15.0	17.0
7	55172151	18.0	25.0
7	55980183	55.0	29.0
7	56078987	27.0	51.0
7	56277197	22.0	38.0
7	56311691	32.0	47.0
7	57839204	18.0	64.0
7	61064730	16.0	26.0
7	61562105	21.0	58.0
7	62342597	33.0	28.0
7	62480121	21.0	41.0
7	62836781	18.0	36.0
7	62991476	25.0	37.0
7	63915173	36.0	36.0
7	66285265	19.0	99.0
7	66868777	26.0	49.0
7	67167821	31.0	76.0
7	67305288	20.0	54.0
7	67825054	23.0	22.0
7	67937774	28.0	26.0
7	68016179	17.0	17.0
7	68838900	20.0	23.0
7	69844450	11.0	23.0
7	70504154	17.0	22.0
7	71130210	26.0	24.0
7	71690604	17.0	35.0
7	72145394	11.0	22.0
7	72742257	10.0	25.0
7	73720284	8.0	15.0
7	75387085	31.0	20.0
7	77574370	24.0	28.0
7	79325618	19.0	16.0
7	79325812	10.0	24.0
7	80474656	31.0	42.0
7	81835582	31.0	39.0
7	82130875	23.0	28.0
7	82749952	28.0	26.0
7	83007905	23.0	35.0
7	83596968	14.0	20.0
7	83658344	30.0	28.0
7	84475058	30.0	41.0
7	84642684	18.0	40.0
7	84802188	9.0	34.0
7	84950584	15.0	27.0
7	85616362	30.0	32.0
7	85786121	36.0	19.0
7	86202031	24.0	24.0
7	86262043	20.0	44.0
7	87536848	21.0	44.0
7	88071463	33.0	33.0
7	89152747	23.0	31.0
7	90286145	25.0	54.0
7	91187406	5.0	28.0
7	92658336	17.0	25.0
7	94498398	24.0	30.0
7	96414148	25.0	40.0
7	96495364	31.0	26.0
7	96622671	19.0	26.0
7	97648512	21.0	19.0
7	100136665	17.0	19.0
7	101838888	23.0	21.0
7	102767622	15.0	33.0
7	103471891	41.0	42.0
7	104081344	29.0	36.0
7	104099473	19.0	32.0
7	105738309	37.0	59.0
7	106017813	29.0	55.0
7	106753202	54.0	37.0
7	107731945	23.0	15.0
7	107938910	23.0	22.0
7	108164459	19.0	28.0
7	108362140	21.0	33.0
7	108522419	34.0	36.0
7	109016901	28.0	31.0
7	109839794	34.0	27.0
7	110243281	24.0	25.0
7	110787671	26.0	30.0
7	111730798	34.0	40.0
7	112061226	17.0	54.0
7	112156506	10.0	41.0
7	112168853	25.0	60.0
7	112622863	36.0	52.0
7	113162809	16.0	45.0
7	113191937	7.0	91.0
7	113322562	54.0	36.0
7	113326696	23.0	56.0
7	113507336	33.0	70.0
7	113585511	17.0	33.0
7	115430089	21.0	22.0
7	115833846	29.0	20.0
7	118204362	26.0	28.0
7	118962464	20.0	25.0
7	119331400	24.0	19.0
7	119474531	28.0	30.0
7	119976639	24.0	58.0
7	120160368	57.0	33.0
7	120167211	38.0	90.0
7	122080383	26.0	27.0
7	122883192	28.0	22.0
7	122898958	20.0	27.0
7	123405487	24.0	36.0
7	123823947	32.0	22.0
7	123827945	32.0	26.0
7	124027139	28.0	53.0
7	124759521	11.0	43.0
7	124818118	33.0	33.0
7	125341818	27.0	39.0
7	125713554	24.0	44.0
7	125981945	39.0	31.0
7	126183464	20.0	37.0
7	127964649	13.0	27.0
7	131699547	27.0	31.0
7	131707300	12.0	14.0
7	132133809	26.0	29.0
7	132352335	27.0	27.0
7	132836100	22.0	25.0
7	132949356	25.0	18.0
7	133460112	13.0	16.0
7	135394816	24.0	28.0
7	136163694	37.0	24.0
7	137095404	29.0	20.0
7	137157858	29.0	27.0
7	138118872	19.0	16.0
7	138357632	17.0	21.0
7	138768913	36.0	28.0
7	139183569	22.0	26.0
7	142660727	24.0	25.0
7	143756082	21.0	28.0
7	144200081	61.0	37.0
7	144475736	27.0	71.0
7	144553975	60.0	73.0
7	144588980	38.0	58.0
7	144737835	16.0	79.0
7	145319071	64.0	42.0
7	145422074	47.0	21.0
7	145435481	24.0	59.0
7	145435802	35.0	26.0
7	145708405	37.0	21.0
7	145868693	36.0	70.0
7	146144335	35.0	59.0
7	146260749	29.0	63.0
7	146615032	46.0	25.0
7	146692929	35.0	68.0
7	147295970	18.0	41.0
7	147340858	59.0	41.0
7	147859775	13.0	46.0
7	149353999	30.0	33.0
7	149492146	19.0	24.0
7	150040428	24.0	28.0
7	150570146	29.0	34.0
7	152657455	24.0	31.0
7	152691302	19.0	36.0
7	152794024	27.0	30.0
7	153439296	26.0	21.0
7	153538852	8.0	46.0
7	153611980	29.0	36.0
7	153814682	27.0	23.0
7	154580170	5.0	38.0
7	155018022	22.0	35.0
7	155138722	5.0	44.0
7	155346292	20.0	30.0
7	155900602	15.0	28.0
7	156821667	26.0	30.0
7	157448549	27.0	26.0
7	158186289	11.0	22.0
7	158581510	31.0	32.0
7	158585754	21.0	40.0
7	158969104	14.0	27.0
8	496461	18.0	6.0
8	741614	27.0	4.0
8	855424	11.0	4.0
8	985951	9.0	3.0
8	2525696	9.0	28.0
8	3018206	21.0	4.0
8	3748330	29.0	1.0
8	4301593	25.0	6.0
8	5218631	47.0	6.0
8	7735121	6.0	7.0
8	9030897	14.0	1.0
8	11795341	19.0	7.0
8	13267187	4.0	28.0
8	15900936	14.0	6.0
8	18783240	21.0	4.0
8	19739958	25.0	4.0
8	21608513	21.0	6.0
8	22029667	18.0	4.0
8	23991992	22.0	4.0
8	25869050	21.0	2.0
8	31141387	32.0	6.0
8	31616009	21.0	5.0
8	33159107	29.0	10.0
8	34358302	15.0	21.0
8	36314096	27.0	9.0
8	37100870	14.0	4.0
8	37121055	15.0	4.0
8	37742645	7.0	42.0
8	43303784	19.0	36.0
8	46925490	19.0	23.0
8	47251995	25.0	23.0
8	47286379	22.0	20.0
8	47286380	21.0	20.0
8	47498826	31.0	42.0
8	47500491	34.0	29.0
8	47742335	16.0	23.0
8	47800657	17.0	27.0
8	48578957	28.0	17.0
8	49023404	25.0	27.0
8	50070083	10.0	32.0
8	50383829	25.0	36.0
8	50720488	30.0	26.0
8	50855778	17.0	29.0
8	50931048	37.0	33.0
8	51385498	23.0	31.0
8	51767745	22.0	40.0
8	52290001	17.0	15.0
8	54719224	22.0	63.0
8	56079261	19.0	27.0
8	58123029	13.0	89.0
8	60862338	28.0	26.0
8	61168137	21.0	28.0
8	62145035	23.0	26.0
8	62317545	12.0	28.0
8	62582961	22.0	26.0
8	62828158	7.0	60.0
8	62828177	9.0	59.0
8	63295876	22.0	33.0
8	64186572	18.0	30.0
8	64525904	35.0	39.0
8	64731780	23.0	22.0
8	65482298	21.0	31.0
8	66032587	19.0	48.0
8	66764170	21.0	42.0
8	66830363	33.0	57.0
8	67036042	17.0	56.0
8	67280537	21.0	82.0
8	67397195	16.0	69.0
8	67881648	28.0	84.0
8	68410240	5.0	73.0
8	68586943	25.0	54.0
8	69162753	19.0	39.0
8	69283291	23.0	39.0
8	69292950	28.0	29.0
8	70249036	13.0	20.0
8	70496060	19.0	22.0
8	72508940	24.0	24.0
8	73020410	25.0	35.0
8	74021078	14.0	20.0
8	75307284	26.0	26.0
8	75419907	26.0	29.0
8	75617178	26.0	31.0
8	76109373	26.0	37.0
8	76295807	20.0	29.0
8	76384983	25.0	27.0
8	76587371	22.0	25.0
8	77474559	4.0	45.0
8	78370967	27.0	42.0
8	79784607	23.0	19.0
8	79921910	12.0	16.0
8	80634767	30.0	22.0
8	80799128	33.0	24.0
8	81581436	42.0	34.0
8	82445796	12.0	47.0
8	83348624	39.0	54.0
8	83354934	12.0	45.0
8	83436140	37.0	61.0
8	83661970	25.0	42.0
8	83763710	64.0	19.0
8	84165519	34.0	35.0
8	84707977	30.0	33.0
8	85116168	31.0	55.0
8	85488053	18.0	43.0
8	86875098	31.0	59.0
8	86923769	31.0	47.0
8	87953593	27.0	46.0
8	88047824	25.0	65.0
8	88174291	27.0	61.0
8	88317697	28.0	58.0
8	88333435	32.0	55.0
8	88397315	5.0	68.0
8	88612444	26.0	59.0
8	88622771	36.0	58.0
8	88626053	25.0	44.0
8	89025164	40.0	48.0
8	89365607	9.0	74.0
8	89518776	47.0	25.0
8	89604868	26.0	49.0
8	90184541	28.0	66.0
8	90436678	20.0	52.0
8	90598824	20.0	56.0
8	91152209	23.0	61.0
8	91494352	53.0	23.0
8	91795531	13.0	67.0
8	91856310	26.0	57.0
8	92111804	23.0	46.0
8	92857320	25.0	94.0
8	93076416	24.0	80.0
8	93535353	20.0	82.0
8	94340662	31.0	86.0
8	94531116	20.0	86.0
8	94562397	19.0	67.0
8	95417802	21.0	57.0
8	96242091	28.0	34.0
8	97029503	39.0	31.0
8	97089901	37.0	63.0
8	97097013	24.0	55.0
8	97918103	23.0	68.0
8	98947004	22.0	58.0
8	100422932	12.0	49.0
8	100842154	24.0	50.0
8	100872194	25.0	43.0
8	100936260	26.0	42.0
8	101164527	26.0	67.0
8	102058140	27.0	50.0
8	103009791	32.0	41.0
8	103161718	34.0	87.0
8	104653554	35.0	62.0
8	104739380	21.0	63.0
8	105016946	23.0	56.0
8	106059568	23.0	59.0
8	109521785	23.0	67.0
8	110316318	17.0	71.0
8	110477497	37.0	116.0
8	111741521	21.0	112.0
8	111767604	34.0	89.0
8	112019162	12.0	69.0
8	112078074	27.0	54.0
8	112262348	27.0	52.0
8	112351607	22.0	58.0
8	112606681	24.0	52.0
8	113041851	23.0	58.0
8	113256243	17.0	52.0
8	113398820	15.0	48.0
8	113771971	31.0	60.0
8	114142710	18.0	56.0
8	114153723	25.0	55.0
8	114269227	7.0	61.0
8	114352889	15.0	42.0
8	114508449	5.0	69.0
8	114570296	34.0	41.0
8	114583287	23.0	58.0
8	114742570	18.0	28.0
8	114789466	28.0	67.0
8	114965560	31.0	56.0
8	115047578	23.0	46.0
8	115086175	50.0	35.0
8	115115581	20.0	71.0
8	115115584	20.0	71.0
8	115341089	29.0	92.0
8	115452188	8.0	51.0
8	115712214	23.0	91.0
8	115734369	28.0	84.0
8	116295662	27.0	83.0
8	116663203	21.0	80.0
8	117016971	28.0	80.0
8	117605196	25.0	101.0
8	118970082	22.0	84.0
8	120239642	16.0	85.0
8	120589409	33.0	98.0
8	121299195	23.0	91.0
8	121433742	34.0	88.0
8	122633818	32.0	91.0
8	123180664	15.0	61.0
8	123893653	22.0	61.0
8	124002385	13.0	34.0
8	124435364	27.0	74.0
8	124668380	20.0	70.0
8	125077953	31.0	64.0
8	125146947	42.0	48.0
8	125248543	28.0	51.0
8	126745802	21.0	65.0
8	127143957	36.0	216.0
8	127397846	30.0	264.0
8	127832448	23.0	228.0
8	127903388	18.0	228.0
8	128091357	15.0	302.0
8	128091358	15.0	300.0
8	128581653	17.0	193.0
8	128895564	15.0	213.0
8	128981211	35.0	245.0
8	129015221	39.0	75.0
8	129042356	24.0	289.0
8	129164850	43.0	267.0
8	129967809	22.0	346.0
8	130002923	38.0	232.0
8	130030146	31.0	322.0
8	130141278	26.0	177.0
8	130730078	26.0	158.0
8	130730079	27.0	156.0
8	131229560	171.0	31.0
8	131524568	25.0	66.0
8	131559429	21.0	63.0
8	131874569	27.0	101.0
8	132272197	24.0	80.0
8	133407238	17.0	56.0
8	133563953	31.0	52.0
8	133903315	14.0	83.0
8	134299747	31.0	62.0
8	134307768	12.0	86.0
8	135096744	31.0	99.0
8	135179855	24.0	65.0
8	135514608	22.0	76.0
8	136285378	17.0	77.0
8	136293333	6.0	129.0
8	136516009	23.0	93.0
8	136915827	24.0	97.0
8	137072222	21.0	80.0
8	137746742	28.0	122.0
8	137833299	36.0	129.0
8	137982957	29.0	113.0
8	138055779	26.0	115.0
8	138178774	25.0	93.0
8	138269853	22.0	97.0
8	138495037	18.0	88.0
8	138658311	6.0	148.0
8	138659716	19.0	88.0
8	138888374	34.0	155.0
8	139557630	18.0	70.0
8	139564285	27.0	67.0
8	139798000	19.0	86.0
8	140262847	16.0	56.0
8	140283602	23.0	78.0
8	140286982	33.0	104.0
8	140341963	26.0	93.0
8	140420458	28.0	98.0
8	140446540	17.0	79.0
8	140752330	8.0	66.0
8	140784453	21.0	79.0
8	141141467	43.0	38.0
8	141744748	70.0	31.0
8	142005431	8.0	68.0
8	142351685	17.0	73.0
8	142598114	26.0	70.0
8	142950045	32.0	54.0
8	142995771	47.0	75.0
8	143015933	23.0	82.0
8	143387689	18.0	78.0
8	143671616	7.0	93.0
8	144157898	43.0	60.0
8	144484138	27.0	40.0
8	144788212	16.0	99.0
8	145901733	29.0	102.0
8	145958728	19.0	80.0
8	145991765	24.0	107.0
9	372786	10.0	23.0
9	3159113	3.0	12.0
9	7511981	23.0	15.0
9	9617491	36.0	13.0
9	9974182	18.0	26.0
9	10314105	6.0	45.0
9	10824919	11.0	25.0
9	11340578	31.0	20.0
9	11387403	17.0	14.0
9	11765884	18.0	8.0
9	12319697	27.0	14.0
9	13120496	5.0	24.0
9	15048078	9.0	32.0
9	15926449	20.0	15.0
9	16667753	25.0	20.0
9	18131591	14.0	34.0
9	18146790	22.0	19.0
9	18174420	4.0	38.0
9	18278547	35.0	25.0
9	18439034	13.0	29.0
9	18785367	26.0	22.0
9	19466612	26.0	19.0
9	21641780	25.0	67.0
9	21844041	59.0	24.0
9	22892787	20.0	15.0
9	22962230	31.0	12.0
9	22963357	12.0	38.0
9	23361289	7.0	27.0
9	23393431	25.0	21.0
9	23435752	16.0	16.0
9	23944826	28.0	26.0
9	24006395	22.0	21.0
9	24379652	5.0	22.0
9	24776921	14.0	25.0
9	26183198	7.0	23.0
9	26401934	5.0	43.0
9	27293498	7.0	20.0
9	28133733	24.0	30.0
9	28329432	31.0	29.0
9	28625916	37.0	42.0
9	28634505	12.0	12.0
9	29079004	29.0	27.0
9	30027270	11.0	23.0
9	30459855	13.0	40.0
9	30661607	12.0	45.0
9	30716975	14.0	36.0
9	31706501	3.0	10.0
9	31865978	31.0	19.0
9	31960849	14.0	13.0
9	33466942	39.0	11.0
9	33691452	17.0	57.0
9	34419284	14.0	16.0
9	35230735	33.0	21.0
9	36898733	21.0	14.0
9	38395692	16.0	16.0
9	38416046	29.0	12.0
9	38708924	18.0	13.0
9	43777645	21.0	19.0
9	44885718	7.0	38.0
9	65474640	10.0	2.0
9	68409338	12.0	50.0
9	71122768	28.0	3.0
9	71909323	3.0	26.0
9	73402170	23.0	5.0
9	73753261	24.0	3.0
9	74182124	27.0	6.0
9	76025435	34.0	12.0
9	78537752	23.0	4.0
9	81032426	25.0	3.0
9	82073007	22.0	7.0
9	88930113	65.0	8.0
9	90695741	24.0	1.0
9	90749028	3.0	26.0
9	92264933	44.0	7.0
9	92681671	20.0	19.0
9	93468259	24.0	29.0
9	96732479	22.0	18.0
9	96901367	43.0	49.0
9	96976409	9.0	106.0
9	99049174	47.0	1.0
9	100381447	31.0	35.0
9	101396982	21.0	33.0
9	105925489	36.0	5.0
9	106327975	7.0	36.0
9	106394255	49.0	4.0
9	106677344	30.0	39.0
9	106754115	52.0	9.0
9	107031313	20.0	37.0
9	107096660	50.0	5.0
9	110340065	55.0	5.0
9	110724839	24.0	27.0
9	113293638	29.0	22.0
9	115251630	15.0	60.0
9	115794798	19.0	57.0
9	115821369	7.0	52.0
9	116316198	13.0	62.0
9	116748302	44.0	15.0
9	119644560	48.0	4.0
9	119671021	4.0	49.0
9	120287459	4.0	61.0
9	120392241	27.0	32.0
9	121029690	17.0	21.0
9	123036677	8.0	1.0
9	124413961	38.0	4.0
9	129344007	20.0	24.0
9	129538182	35.0	31.0
9	132297978	24.0	2.0
9	136843798	42.0	2.0
9	137315334	25.0	1.0
9	137852770	19.0	26.0
9	138646489	26.0	37.0
9	139232008	69.0	21.0
9	140725540	30.0	45.0
X	863370	5.0	39.0
X	1259607	22.0	39.0
X	1504382	17.0	20.0
X	1703991	3.0	31.0
X	1789921	23.0	19.0
X	2000930	32.0	22.0
X	2790375	28.0	35.0
X	4025204	25.0	31.0
X	4241189	24.0	21.0
X	4309325	30.0	29.0
X	4385075	17.0	26.0
X	4725698	35.0	24.0
X	4730500	19.0	26.0
X	6475868	15.0	45.0
X	8069370	26.0	29.0
X	9703441	26.0	30.0
X	11004471	18.0	20.0
X	11349508	18.0	34.0
X	12014191	6.0	60.0
X	12071638	18.0	27.0
X	12171420	33.0	33.0
X	12292798	25.0	24.0
X	12384214	26.0	24.0
X	12813705	22.0	34.0
X	14228710	25.0	34.0
X	14950762	30.0	30.0
X	15051352	19.0	28.0
X	16000284	25.0	36.0
X	16130847	32.0	32.0
X	16245409	39.0	29.0
X	16266354	30.0	26.0
X	16495614	28.0	40.0
X	16633226	21.0	17.0
X	17335568	29.0	31.0
X	17633620	17.0	13.0
X	17641595	24.0	15.0
X	19309772	26.0	29.0
X	20118560	18.0	23.0
X	20875042	32.0	31.0
X	21167469	26.0	22.0
X	22350280	30.0	33.0
X	22725958	7.0	33.0
X	22939163	20.0	36.0
X	23051267	34.0	40.0
X	23558260	3.0	35.0
X	24469183	23.0	22.0
X	24586936	28.0	33.0
X	24620645	20.0	22.0
X	25041771	14.0	31.0
X	25285589	30.0	29.0
X	26655484	34.0	28.0
X	27523482	25.0	31.0
X	27722428	13.0	39.0
X	28110240	25.0	36.0
X	28246434	4.0	45.0
X	28508579	24.0	36.0
X	28633779	16.0	32.0
X	29124411	31.0	35.0
X	29202121	26.0	38.0
X	29548926	22.0	31.0
X	29992407	16.0	26.0
X	29992408	16.0	26.0
X	30062537	22.0	24.0
X	30217064	36.0	31.0
X	30555904	29.0	32.0
X	30609699	31.0	36.0
X	30801776	21.0	48.0
X	30819583	11.0	59.0
X	31036348	13.0	23.0
X	31177714	21.0	20.0
X	31177715	20.0	23.0
X	31751188	33.0	46.0
X	31957091	29.0	33.0
X	32093600	15.0	27.0
X	32181068	22.0	31.0
X	32185003	20.0	45.0
X	32275451	34.0	25.0
X	32363008	24.0	29.0
X	32637204	24.0	34.0
X	32872784	26.0	31.0
X	33036523	33.0	34.0
X	33590071	21.0	26.0
X	33741547	24.0	32.0
X	33800487	28.0	30.0
X	33946909	25.0	38.0
X	34652409	23.0	28.0
X	34988474	25.0	30.0
X	35721838	39.0	49.0
X	35883489	26.0	27.0
X	36082233	29.0	41.0
X	37774415	21.0	25.0
X	38030846	18.0	27.0
X	38104084	24.0	30.0
X	39450203	21.0	23.0
X	39591861	13.0	41.0
X	39748543	13.0	19.0
X	41813791	17.0	20.0
X	42175450	21.0	30.0
X	42469241	35.0	46.0
X	42607563	24.0	28.0
X	43324792	22.0	28.0
X	43494577	26.0	35.0
X	44070903	25.0	21.0
X	44093823	23.0	37.0
X	46150319	27.0	40.0
X	46166637	22.0	20.0
X	46693482	25.0	39.0
X	46980712	25.0	27.0
X	48544529	17.0	24.0
X	48929987	23.0	26.0
X	48971611	3.0	28.0
X	49632341	21.0	23.0
X	49848236	23.0	28.0
X	51070529	19.0	18.0
X	51629915	34.0	30.0
X	53164925	25.0	24.0
X	53802476	25.0	28.0
X	54030393	27.0	17.0
X	54168739	20.0	31.0
X	54306742	25.0	27.0
X	54312828	23.0	38.0
X	54318331	19.0	24.0
X	55413238	25.0	19.0
X	55847806	22.0	24.0
X	56705100	16.0	31.0
X	56967877	20.0	23.0
X	57554603	25.0	26.0
X	57725732	20.0	17.0
X	58076662	21.0	19.0
X	58164887	22.0	19.0
X	58244544	22.0	32.0
X	58471591	32.0	25.0
X	58506127	26.0	37.0
X	61725692	27.0	33.0
X	61732340	29.0	33.0
X	61967442	12.0	27.0
X	62260617	16.0	28.0
X	62262167	17.0	26.0
X	62302004	26.0	35.0
X	62803374	22.0	27.0
X	63015921	12.0	16.0
X	63024975	21.0	38.0
X	63132863	22.0	26.0
X	63224385	30.0	28.0
X	63253336	14.0	20.0
X	63877392	18.0	27.0
X	64284418	22.0	27.0
X	64457413	24.0	25.0
X	64916658	23.0	21.0
X	65051408	18.0	27.0
X	65845603	14.0	21.0
X	66769934	18.0	46.0
X	66864451	39.0	22.0
X	67468738	20.0	58.0
X	67735732	58.0	35.0
X	67824624	22.0	54.0
X	68804590	42.0	24.0
X	70537603	9.0	14.0
X	70809186	20.0	21.0
X	70873242	22.0	31.0
X	71089085	16.0	46.0
X	72440492	32.0	30.0
X	73265800	14.0	28.0
X	73682963	34.0	32.0
X	74526177	29.0	39.0
X	74877765	13.0	25.0
X	75145386	16.0	21.0
X	75395316	22.0	37.0
X	75457893	33.0	24.0
X	75460702	27.0	36.0
X	76221487	18.0	28.0
X	76256944	21.0	27.0
X	76359773	26.0	28.0
X	76379509	12.0	60.0
X	76431594	22.0	33.0
X	76451931	4.0	59.0
X	77030195	23.0	17.0
X	77663993	37.0	36.0
X	77725230	22.0	31.0
X	77986694	27.0	34.0
X	78038559	24.0	17.0
X	78064498	13.0	17.0
X	78148312	22.0	34.0
X	78216164	23.0	21.0
X	78583869	25.0	34.0
X	78779956	31.0	39.0
X	78996989	19.0	34.0
X	79457034	27.0	25.0
X	79468177	20.0	28.0
X	79476013	30.0	28.0
X	79803462	18.0	28.0
X	80126667	29.0	34.0
X	80126841	18.0	25.0
X	80556781	28.0	24.0
X	81381572	32.0	33.0
X	81511592	20.0	27.0
X	82216927	29.0	23.0
X	82373580	20.0	36.0
X	82867124	4.0	56.0
X	82899508	24.0	26.0
X	83152883	29.0	28.0
X	83153455	33.0	25.0
X	83484299	34.0	37.0
X	83519893	29.0	40.0
X	84061219	25.0	22.0
X	84904685	4.0	45.0
X	85610355	20.0	24.0
X	86141008	19.0	40.0
X	87073209	27.0	27.0
X	87236951	28.0	24.0
X	87295979	33.0	31.0
X	87420750	25.0	33.0
X	87614010	35.0	33.0
X	87768513	30.0	24.0
X	88225109	18.0	25.0
X	88395269	22.0	38.0
X	89730041	17.0	31.0
X	90460447	24.0	26.0
X	92609167	16.0	28.0
X	92738452	24.0	31.0
X	92867285	26.0	24.0
X	92984396	31.0	29.0
X	93037917	18.0	33.0
X	93111373	18.0	22.0
X	93508569	35.0	25.0
X	93801069	35.0	30.0
X	94203427	4.0	47.0
X	94265814	22.0	35.0
X	94679752	31.0	35.0
X	94850025	29.0	31.0
X	94933696	25.0	39.0
X	95037232	31.0	35.0
X	95134731	28.0	34.0
X	95368490	29.0	38.0
X	96161897	29.0	31.0
X	96497873	15.0	22.0
X	96635765	31.0	26.0
X	97836214	33.0	27.0
X	98264535	35.0	33.0
X	98642836	11.0	5.0
X	99011183	35.0	69.0
X	99165475	54.0	35.0
X	99375763	20.0	51.0
X	99585566	34.0	68.0
X	99888748	9.0	68.0
X	100525336	20.0	35.0
X	100763506	26.0	50.0
X	100919937	59.0	31.0
X	101043013	24.0	46.0
X	101128243	12.0	80.0
X	101246240	27.0	68.0
X	101396844	12.0	34.0
X	102206279	4.0	17.0
X	102210346	32.0	34.0
X	102490266	19.0	35.0
X	102628073	28.0	28.0
X	103176225	25.0	51.0
X	103207484	20.0	52.0
X	103713587	20.0	32.0
X	103997293	14.0	25.0
X	105706982	25.0	26.0
X	105918422	20.0	29.0
X	106285454	19.0	27.0
X	106881751	19.0	16.0
X	107251984	16.0	23.0
X	107636839	22.0	32.0
X	107772175	28.0	34.0
X	108450467	24.0	33.0
X	109294022	22.0	32.0
X	109475458	20.0	33.0
X	109639105	27.0	25.0
X	109770432	24.0	30.0
X	110391395	26.0	23.0
X	110575600	9.0	48.0
X	113871747	25.0	25.0
X	114303907	18.0	19.0
X	114348550	19.0	23.0
X	115232630	7.0	38.0
X	115411365	30.0	38.0
X	116065077	30.0	27.0
X	117096787	25.0	31.0
X	117321273	26.0	66.0
X	117567480	31.0	69.0
X	117633475	25.0	50.0
X	118004700	20.0	100.0
X	118674322	19.0	70.0
X	118740971	17.0	62.0
X	118801082	21.0	89.0
X	118811210	22.0	58.0
X	118892681	15.0	57.0
X	118915552	19.0	69.0
X	118990760	28.0	74.0
X	120131784	32.0	20.0
X	120345537	23.0	34.0
X	120794535	24.0	33.0
X	121080663	5.0	75.0
X	121188605	21.0	28.0
X	121343073	22.0	36.0
X	121464023	23.0	31.0
X	121542005	30.0	47.0
X	122036164	23.0	28.0
X	122499717	8.0	53.0
X	122794836	22.0	34.0
X	123480836	16.0	22.0
X	123549393	23.0	39.0
X	123751868	30.0	42.0
X	124082522	27.0	23.0
X	124678746	18.0	20.0
X	125130515	20.0	29.0
X	125392617	12.0	13.0
X	125452929	25.0	27.0
X	126424918	23.0	22.0
X	126775742	33.0	37.0
X	126782043	31.0	33.0
X	127800778	22.0	22.0
X	127857378	22.0	29.0
X	128547495	25.0	37.0
X	128816682	27.0	27.0
X	129065197	14.0	7.0
X	129194096	8.0	15.0
X	129474977	12.0	33.0
X	129544577	18.0	32.0
X	129717578	22.0	33.0
X	129750056	31.0	22.0
X	129953597	25.0	34.0
X	130207252	21.0	25.0
X	130497650	37.0	31.0
X	131665234	32.0	28.0
X	131847425	26.0	22.0
X	133635099	27.0	25.0
X	133715695	21.0	17.0
X	134032292	19.0	27.0
X	134471281	30.0	34.0
X	134509220	28.0	35.0
X	134767408	7.0	55.0
X	135142322	28.0	21.0
X	135147216	22.0	22.0
X	136219244	35.0	40.0
X	136599569	29.0	31.0
X	136717305	12.0	45.0
X	138126057	23.0	40.0
X	138682370	7.0	56.0
X	138716458	11.0	51.0
X	138888636	22.0	30.0
X	139431687	26.0	31.0
X	139600989	12.0	25.0
X	139630008	18.0	26.0
X	139653011	19.0	30.0
X	139688881	27.0	31.0
X	140210162	6.0	58.0
X	140697755	21.0	30.0
X	141408665	21.0	35.0
X	142007464	19.0	18.0
X	142317609	24.0	42.0
X	142552759	23.0	31.0
X	142802213	13.0	16.0
X	143924136	20.0	36.0
X	144320998	19.0	28.0
X	144581528	18.0	18.0
X	144592399	17.0	22.0
X	144711404	28.0	42.0
X	144738869	24.0	36.0
X	144943944	28.0	26.0
X	145210968	26.0	31.0
X	145365658	23.0	25.0
X	145568986	21.0	26.0
X	145841435	22.0	29.0
X	146261022	20.0	39.0
X	146416649	34.0	39.0
X	146517607	31.0	37.0
X	146694274	25.0	40.0
X	146694275	24.0	39.0
X	147366910	26.0	25.0
X	147572162	13.0	31.0
X	147597895	11.0	21.0
X	147682662	31.0	35.0
X	147701422	20.0	33.0
X	147952137	13.0	27.0
X	147998226	27.0	32.0
X	148223537	18.0	29.0
X	148229005	20.0	24.0
X	148331806	21.0	32.0
X	148623819	9.0	12.0
X	148889175	27.0	20.0
X	149454309	31.0	40.0
X	149684517	17.0	17.0
X	149801776	26.0	19.0
X	149853599	26.0	34.0
X	150099469	29.0	19.0
X	150394013	29.0	30.0
X	150604113	15.0	40.0
X	150935255	25.0	22.0
X	151063398	13.0	26.0
X	151355054	16.0	26.0
X	151494866	28.0	30.0
X	151680268	34.0	30.0
X	151704882	20.0	20.0
X	152084752	22.0	18.0
X	152099357	23.0	19.0
X	152367287	27.0	24.0
X	152670839	20.0	23.0
X	152959207	11.0	15.0
X	153838127	26.0	22.0
X	153924291	21.0	33.0
X	153981673	20.0	22.0
X	154016121	24.0	35.0
X	154064514	35.0	41.0
