chromosome_index	start_position	end_position	major_cn	minor_cn	total_cn
1	1	802025	2.0	1.0	3.0
1	802026	1284971	2.0	1.0	3.0
1	1284972	1487820	3.0	1.0	4.0
1	1487821	15277535	2.0	1.0	3.0
1	15277536	15393717	3.0	1.0	4.0
1	15393718	36370864	2.0	1.0	3.0
1	36370865	36513494	2.0	1.0	3.0
1	36513495	95289952	2.0	1.0	3.0
1	95289953	95500319	1.0	1.0	2.0
1	95500320	101116472	2.0	1.0	3.0
1	101116473	101123009	2.0	1.0	3.0
1	101123010	111979176	2.0	1.0	3.0
1	111979177	112008563	2.0	1.0	3.0
1	112008564	121499999	2.0	1.0	3.0
1	121500000	128899999	2.0	1.0	3.0
1	128900000	143343001	2.0	1.0	3.0
1	143343002	145069400	2.0	1.0	3.0
1	145069401	173427873	3.0	2.0	5.0
1	173427874	173431525	3.0	2.0	5.0
1	173431526	192740915	3.0	2.0	5.0
1	192740916	192777320	2.0	1.0	3.0
1	192777321	192807500	1.0	1.0	2.0
1	192807501	192856616	1.0	1.0	2.0
1	192856617	192902704	2.0	1.0	3.0
1	192902705	192950875	3.0	1.0	4.0
1	192950876	192967587	1.0	1.0	2.0
1	192967588	193031052	1.0	0.0	1.0
1	193031053	193268922	1.0	1.0	2.0
1	193268923	193362739	3.0	2.0	5.0
1	193362740	247249600	3.0	2.0	5.0
1	247249601	249250620	3.0	2.0	5.0
2	20016	5760451	2.0	0.0	2.0
2	5760452	5762152	2.0	0.0	2.0
2	5762153	7054979	2.0	2.0	4.0
2	7054980	7520462	2.0	1.0	3.0
2	7520463	8064444	2.0	2.0	4.0
2	8064445	8065820	2.0	2.0	4.0
2	8065821	8087096	4.0	2.0	6.0
2	8087097	11309612	2.0	2.0	4.0
2	11309613	11390914	2.0	2.0	4.0
2	11390915	11533658	2.0	2.0	4.0
2	11533659	11686191	4.0	2.0	6.0
2	11686192	11817610	3.0	2.0	5.0
2	11817611	12077323	2.0	2.0	4.0
2	12077324	12271876	3.0	2.0	5.0
2	12271877	12437744	2.0	2.0	4.0
2	12437745	13067159	2.0	1.0	3.0
2	13067160	13077886	3.0	2.0	5.0
2	13077887	13092160	3.0	2.0	5.0
2	13092161	13094126	3.0	2.0	5.0
2	13094127	13477411	3.0	2.0	5.0
2	13477412	13480591	3.0	2.0	5.0
2	13480592	13533368	3.0	2.0	5.0
2	13533369	13533728	3.0	2.0	5.0
2	13533729	13862171	3.0	2.0	5.0
2	13862172	14185615	2.0	1.0	3.0
2	14185616	14194885	2.0	1.0	3.0
2	14194886	14372877	2.0	1.0	3.0
2	14372878	14378746	2.0	2.0	4.0
2	14378747	14638347	2.0	2.0	4.0
2	14638348	14904600	3.0	2.0	5.0
2	14904601	14911736	2.0	1.0	3.0
2	14911737	14912830	2.0	1.0	3.0
2	14912831	18745969	2.0	1.0	3.0
2	18745970	18940099	2.0	0.0	2.0
2	18940100	51083786	2.0	1.0	3.0
2	51083787	51095728	1.0	0.0	1.0
2	51095729	51115759	1.0	0.0	1.0
2	51115760	51292056	1.0	1.0	2.0
2	51292057	81396770	2.0	1.0	3.0
2	81396771	81397810	2.0	1.0	3.0
2	81397811	81398710	2.0	1.0	3.0
2	81398711	81460357	2.0	1.0	3.0
2	81460358	81469740	2.0	1.0	3.0
2	81469741	81510205	2.0	1.0	3.0
2	81510206	81527369	2.0	1.0	3.0
2	81527370	81544421	2.0	1.0	3.0
2	81544422	81545875	2.0	1.0	3.0
2	81545876	81548013	2.0	1.0	3.0
2	81548014	81548602	2.0	1.0	3.0
2	81548603	82489077	2.0	1.0	3.0
2	82489078	82492378	2.0	1.0	3.0
2	82492379	89864290	2.0	1.0	3.0
2	89864291	90322500	6.0	2.0	8.0
2	90322501	90499999	6.0	2.0	8.0
2	96800000	96992131	7.0	2.0	9.0
2	96992132	96992798	7.0	2.0	9.0
2	96992799	96998949	5.0	2.0	7.0
2	96998950	97299773	5.0	2.0	7.0
2	97299774	100547848	2.0	1.0	3.0
2	100547849	100555263	2.0	2.0	4.0
2	100555264	100660704	2.0	2.0	4.0
2	100660705	100721955	2.0	1.0	3.0
2	100721956	115151816	2.0	1.0	3.0
2	115151817	115191174	3.0	1.0	4.0
2	115191175	138928163	2.0	1.0	3.0
2	138928164	138962406	2.0	1.0	3.0
2	138962407	141498191	2.0	1.0	3.0
2	141498192	141888104	2.0	0.0	2.0
2	141888105	141952580	1.0	0.0	1.0
2	141952581	141960760	2.0	0.0	2.0
2	141960761	142151260	1.0	0.0	1.0
2	142151261	142274044	2.0	0.0	2.0
2	142274045	161682946	2.0	1.0	3.0
2	161682947	161683163	2.0	1.0	3.0
2	161683164	187124886	2.0	1.0	3.0
2	187124887	187379080	2.0	0.0	2.0
2	187379081	214962900	2.0	1.0	3.0
2	214962901	214978111	1.0	0.0	1.0
2	214978112	242985759	2.0	1.0	3.0
3	60363	1188862	2.0	2.0	4.0
3	1188863	8569800	2.0	0.0	2.0
3	8569801	8587681	2.0	0.0	2.0
3	8587682	21206719	2.0	0.0	2.0
3	21206720	21208915	2.0	0.0	2.0
3	21208916	49757556	2.0	0.0	2.0
3	49757557	49822722	1.0	0.0	1.0
3	49822723	50077934	2.0	0.0	2.0
3	50077935	50197722	2.0	0.0	2.0
3	50197723	65277708	2.0	0.0	2.0
3	65277709	76325601	1.0	0.0	1.0
3	76325602	77709024	4.0	0.0	4.0
3	77709025	78813601	3.0	0.0	3.0
3	78813602	78820539	1.0	0.0	1.0
3	78820540	78822096	1.0	0.0	1.0
3	78822097	78995416	3.0	0.0	3.0
3	78995417	80474646	3.0	0.0	3.0
3	80474647	85660004	1.0	0.0	1.0
3	85660005	87038887	3.0	0.0	3.0
3	87038888	87039711	3.0	0.0	3.0
3	87039712	87126086	10.0	3.0	13.0
3	87126087	87474939	3.0	2.0	5.0
3	87474940	87514964	3.0	2.0	5.0
3	87514965	87522859	3.0	2.0	5.0
3	87522860	87524939	3.0	2.0	5.0
3	87524940	87579968	14.0	2.0	16.0
3	87579969	87726802	12.0	3.0	15.0
3	87726803	87738434	12.0	3.0	15.0
3	87738435	87764235	3.0	3.0	6.0
3	87764236	87764292	5.0	2.0	7.0
3	87764293	87899999	5.0	2.0	7.0
3	93900000	95120606	2.0	1.0	3.0
3	95120607	95121922	2.0	1.0	3.0
3	95121923	102510351	2.0	1.0	3.0
3	102510352	102511545	2.0	0.0	2.0
3	102511546	103595351	2.0	1.0	3.0
3	103595352	107506228	2.0	1.0	3.0
3	107506229	107541414	5.0	1.0	6.0
3	107541415	108480280	3.0	1.0	4.0
3	108480281	109100706	3.0	2.0	5.0
3	109100707	109295292	3.0	2.0	5.0
3	109295293	110030069	2.0	2.0	4.0
3	110030070	110031065	3.0	2.0	5.0
3	110031066	111200045	4.0	2.0	6.0
3	111200046	111201460	4.0	2.0	6.0
3	111201461	116462977	2.0	1.0	3.0
3	116462978	116558459	1.0	1.0	2.0
3	116558460	117441319	2.0	1.0	3.0
3	117441320	124005418	4.0	1.0	5.0
3	124005419	124127246	4.0	2.0	6.0
3	124127247	135623321	4.0	2.0	6.0
3	135623322	135630581	4.0	2.0	6.0
3	135630582	136598949	4.0	2.0	6.0
3	136598950	136697248	4.0	2.0	6.0
3	136697249	137205858	4.0	2.0	6.0
3	137205859	138047689	4.0	2.0	6.0
3	138047690	138056882	4.0	2.0	6.0
3	138056883	138099468	4.0	2.0	6.0
3	138099469	140094536	4.0	3.0	7.0
3	140094537	140132511	4.0	2.0	6.0
3	140132512	140138968	4.0	2.0	6.0
3	140138969	145298524	4.0	2.0	6.0
3	145298525	148926403	4.0	2.0	6.0
3	148926404	148929645	4.0	2.0	6.0
3	148929646	148933772	4.0	2.0	6.0
3	148933773	148967223	4.0	2.0	6.0
3	148967224	148984778	4.0	2.0	6.0
3	148984779	151901180	4.0	2.0	6.0
3	151901181	151913997	4.0	4.0	8.0
3	151913998	151915939	4.0	4.0	8.0
3	151915940	151916111	4.0	4.0	8.0
3	151916112	154274046	4.0	4.0	8.0
3	154274047	154673723	4.0	3.0	7.0
3	154673724	154782109	4.0	3.0	7.0
3	154782110	154793327	6.0	6.0	12.0
3	154793328	154804354	5.0	4.0	9.0
3	154804355	154810468	5.0	4.0	9.0
3	154810469	154818906	5.0	4.0	9.0
3	154818907	154833086	5.0	4.0	9.0
3	154833087	155531082	4.0	4.0	8.0
3	155531083	155581783	6.0	4.0	10.0
3	155581784	158017022	5.0	4.0	9.0
3	158017023	158259786	6.0	4.0	10.0
3	158259787	158259834	6.0	4.0	10.0
3	158259835	158413609	4.0	4.0	8.0
3	158413610	159270643	4.0	3.0	7.0
3	159270644	163751749	4.0	4.0	8.0
3	163751750	163753008	4.0	4.0	8.0
3	163753009	165390534	5.0	4.0	9.0
3	165390535	165405873	4.0	3.0	7.0
3	165405874	165451168	4.0	4.0	8.0
3	165451169	166771146	4.0	3.0	7.0
3	166771147	167578981	4.0	4.0	8.0
3	167578982	167650933	4.0	1.0	5.0
3	167650934	173202237	4.0	4.0	8.0
3	173202238	174254610	4.0	3.0	7.0
3	174254611	174601154	6.0	4.0	10.0
3	174601155	174601174	5.0	4.0	9.0
3	174601175	178350058	4.0	3.0	7.0
3	178350059	178353965	4.0	1.0	5.0
3	178353966	188214183	4.0	1.0	5.0
3	188214184	188551885	3.0	1.0	4.0
3	188551886	197853360	4.0	1.0	5.0
4	27500	111486	2.0	0.0	2.0
4	111487	2720901	2.0	0.0	2.0
4	2720902	2855452	3.0	0.0	3.0
4	2855453	13888204	2.0	0.0	2.0
4	13888205	34828602	1.0	0.0	1.0
4	34828603	43630067	1.0	0.0	1.0
4	43630068	43631151	1.0	0.0	1.0
4	43631152	44222002	2.0	1.0	3.0
4	44222003	44568418	1.0	1.0	2.0
4	44568419	44639098	1.0	1.0	2.0
4	44639099	46196148	1.0	1.0	2.0
4	46196149	46528029	2.0	1.0	3.0
4	46528030	47399996	1.0	1.0	2.0
4	47399997	47591952	2.0	1.0	3.0
4	47591953	48199999	2.0	1.0	3.0
4	52801245	54163292	7.0	2.0	9.0
4	54163293	56306205	4.0	2.0	6.0
4	56306206	56308984	4.0	2.0	6.0
4	56308985	56942312	4.0	2.0	6.0
4	56942313	57942830	5.0	2.0	7.0
4	57942831	58236402	4.0	2.0	6.0
4	58236403	58849109	3.0	2.0	5.0
4	58849110	59182085	5.0	2.0	7.0
4	59182086	59450617	3.0	2.0	5.0
4	59450618	60468387	8.0	2.0	10.0
4	60468388	61063598	9.0	2.0	11.0
4	61063599	61066155	2.0	0.0	2.0
4	61066156	61074190	2.0	1.0	3.0
4	61074191	62932906	2.0	0.0	2.0
4	62932907	63183846	2.0	0.0	2.0
4	63183847	67008086	2.0	0.0	2.0
4	67008087	67008787	2.0	0.0	2.0
4	67008788	69373802	2.0	0.0	2.0
4	69373803	69374001	2.0	0.0	2.0
4	69374002	81551832	2.0	0.0	2.0
4	81551833	81625019	2.0	0.0	2.0
4	81625020	87714232	2.0	0.0	2.0
4	87714233	87832396	4.0	0.0	4.0
4	87832397	127188141	2.0	0.0	2.0
4	127188142	127189088	2.0	0.0	2.0
4	127189089	164949169	2.0	0.0	2.0
4	164949170	165169007	1.0	0.0	1.0
4	165169008	190831438	2.0	0.0	2.0
5	22500	859827	2.0	2.0	4.0
5	859828	46099999	2.0	2.0	4.0
5	50700000	59210256	2.0	0.0	2.0
5	59210257	59669434	1.0	0.0	1.0
5	59669435	59684221	1.0	0.0	1.0
5	59684222	59732886	3.0	0.0	3.0
5	59732887	60083228	2.0	0.0	2.0
5	60083229	60537949	1.0	0.0	1.0
5	60537950	81180299	2.0	0.0	2.0
5	81180300	81431100	3.0	0.0	3.0
5	81431101	180706525	2.0	0.0	2.0
6	39681	205799	2.0	1.0	3.0
6	205800	41032271	2.0	1.0	3.0
6	41032272	42024742	2.0	1.0	3.0
6	42024743	42283663	2.0	1.0	3.0
6	42283664	42529255	2.0	1.0	3.0
6	42529256	46007232	2.0	1.0	3.0
6	46007233	46479901	2.0	1.0	3.0
6	46479902	46904800	2.0	1.0	3.0
6	46904801	46963902	2.0	1.0	3.0
6	46963903	47045081	2.0	1.0	3.0
6	47045082	47045196	2.0	1.0	3.0
6	47045197	47203201	2.0	1.0	3.0
6	47203202	47427866	2.0	2.0	4.0
6	47427867	47439899	3.0	2.0	5.0
6	47439900	48588436	2.0	2.0	4.0
6	48588437	49448463	2.0	2.0	4.0
6	49448464	49801070	2.0	2.0	4.0
6	49801071	49808634	2.0	1.0	3.0
6	49808635	54069979	2.0	2.0	4.0
6	54069980	56055477	2.0	1.0	3.0
6	56055478	57214992	3.0	1.0	4.0
6	57214993	57330007	2.0	1.0	3.0
6	57330008	58091886	2.0	1.0	3.0
6	58091887	58699999	3.0	1.0	4.0
6	63300000	63750550	2.0	1.0	3.0
6	63750551	63750965	2.0	1.0	3.0
6	63750966	63789047	2.0	1.0	3.0
6	63789048	67548915	3.0	1.0	4.0
6	67548916	67809990	3.0	2.0	5.0
6	67809991	69894963	3.0	1.0	4.0
6	69894964	69929355	3.0	1.0	4.0
6	69929356	108820136	3.0	1.0	4.0
6	108820137	109846730	3.0	1.0	4.0
6	109846731	109848262	3.0	3.0	6.0
6	109848263	110164003	3.0	3.0	6.0
6	110164004	110329754	3.0	1.0	4.0
6	110329755	110331979	3.0	1.0	4.0
6	110331980	112528716	3.0	1.0	4.0
6	112528717	112533037	3.0	2.0	5.0
6	112533038	112537898	3.0	2.0	5.0
6	112537899	112593884	3.0	2.0	5.0
6	112593885	125991346	3.0	1.0	4.0
6	125991347	126335282	4.0	1.0	5.0
6	126335283	133235821	3.0	1.0	4.0
6	133235822	133243946	3.0	2.0	5.0
6	133243947	147023324	3.0	1.0	4.0
6	147023325	147024589	3.0	1.0	4.0
6	147024590	147025309	3.0	1.0	4.0
6	147025310	148205768	3.0	1.0	4.0
6	148205769	148971165	3.0	2.0	5.0
6	148971166	149224740	3.0	3.0	6.0
6	149224741	149241796	3.0	2.0	5.0
6	149241797	150310815	3.0	2.0	5.0
6	150310816	151678082	3.0	1.0	4.0
6	151678083	170941692	4.0	3.0	7.0
7	40386	16722653	3.0	1.0	4.0
7	16722654	16731203	3.0	1.0	4.0
7	16731204	19917436	3.0	1.0	4.0
7	19917437	19923650	3.0	1.0	4.0
7	19923651	21527502	3.0	1.0	4.0
7	21527503	21757023	4.0	3.0	7.0
7	21757024	21757165	4.0	3.0	7.0
7	21757166	22172602	3.0	2.0	5.0
7	22172603	25059201	3.0	1.0	4.0
7	25059202	40492834	1.0	0.0	1.0
7	40492835	47332735	3.0	0.0	3.0
7	47332736	47345718	2.0	0.0	2.0
7	47345719	47509402	1.0	0.0	1.0
7	47509403	57999999	2.0	0.0	2.0
7	61700000	61800553	2.0	0.0	2.0
7	61800554	82710496	3.0	1.0	4.0
7	82710497	82738923	1.0	1.0	2.0
7	82738924	110065107	3.0	1.0	4.0
7	110065108	110208451	2.0	1.0	3.0
7	110208452	127662144	3.0	1.0	4.0
7	127662145	127672797	3.0	1.0	4.0
7	127672798	127681307	3.0	1.0	4.0
7	127681308	127688789	3.0	1.0	4.0
7	127688790	147479936	3.0	1.0	4.0
7	147479937	158821400	1.0	0.0	1.0
8	10001	203220	1.0	0.0	1.0
8	203221	3850042	1.0	0.0	1.0
8	3850043	3852411	1.0	0.0	1.0
8	3852412	7227602	1.0	0.0	1.0
8	7227603	8036113	1.0	0.0	1.0
8	8036114	8113171	1.0	0.0	1.0
8	8113172	8116744	1.0	0.0	1.0
8	8116745	12235801	1.0	0.0	1.0
8	12235802	12457500	2.0	0.0	2.0
8	12457501	14122930	4.0	1.0	5.0
8	14122931	14123619	4.0	1.0	5.0
8	14123620	16390890	2.0	1.0	3.0
8	16390891	16737406	5.0	1.0	6.0
8	16737407	16738929	5.0	1.0	6.0
8	16738930	16741505	3.0	1.0	4.0
8	16741506	16746464	4.0	2.0	6.0
8	16746465	16746504	4.0	2.0	6.0
8	16746505	17995203	3.0	1.0	4.0
8	17995204	18020444	3.0	1.0	4.0
8	18020445	18821053	1.0	1.0	2.0
8	18821054	20739439	2.0	1.0	3.0
8	20739440	22494010	1.0	1.0	2.0
8	22494011	22513845	1.0	1.0	2.0
8	22513846	22639205	1.0	1.0	2.0
8	22639206	40861102	1.0	0.0	1.0
8	40861103	41090039	1.0	1.0	2.0
8	41090040	41090411	1.0	1.0	2.0
8	41090412	41094021	2.0	1.0	3.0
8	41094022	41119562	1.0	1.0	2.0
8	41119563	41120779	1.0	1.0	2.0
8	41120780	41121688	2.0	2.0	4.0
8	41121689	41122988	2.0	2.0	4.0
8	41122989	41127487	1.0	1.0	2.0
8	41127488	41129756	2.0	2.0	4.0
8	41129757	41129927	2.0	2.0	4.0
8	41129928	41132446	2.0	1.0	3.0
8	41132447	41920495	1.0	1.0	2.0
8	41920496	41921442	1.0	1.0	2.0
8	41921443	41931950	1.0	1.0	2.0
8	41931951	42231131	1.0	0.0	1.0
8	42231132	42232810	1.0	0.0	1.0
8	42232811	42239645	1.0	0.0	1.0
8	42239646	42243284	1.0	0.0	1.0
8	42243285	43099999	1.0	0.0	1.0
8	48100000	79488058	2.0	0.0	2.0
8	79488059	79488315	2.0	0.0	2.0
8	79488316	83228935	2.0	0.0	2.0
8	83228936	83229977	2.0	0.0	2.0
8	83229978	83255347	2.0	0.0	2.0
8	83255348	83271168	2.0	1.0	3.0
8	83271169	83289977	2.0	0.0	2.0
8	83289978	83300942	2.0	0.0	2.0
8	83300943	85835992	2.0	0.0	2.0
8	85835993	86231920	5.0	2.0	7.0
8	86231921	86261666	8.0	3.0	11.0
8	86261667	86263007	8.0	3.0	11.0
8	86263008	86541988	2.0	2.0	4.0
8	86541989	86977969	3.0	2.0	5.0
8	86977970	86978149	6.0	2.0	8.0
8	86978150	86981516	2.0	0.0	2.0
8	86981517	86985927	2.0	0.0	2.0
8	86985928	86988037	2.0	0.0	2.0
8	86988038	86995635	2.0	0.0	2.0
8	86995636	87004103	2.0	0.0	2.0
8	87004104	87010132	2.0	0.0	2.0
8	87010133	87010832	2.0	0.0	2.0
8	87010833	87033101	2.0	0.0	2.0
8	87033102	87099742	2.0	0.0	2.0
8	87099743	87104690	2.0	0.0	2.0
8	87104691	88791803	2.0	0.0	2.0
8	88791804	88800986	2.0	0.0	2.0
8	88800987	89284308	2.0	0.0	2.0
8	89284309	89300888	2.0	1.0	3.0
8	89300889	89301058	2.0	0.0	2.0
8	89301059	89303296	2.0	0.0	2.0
8	89303297	90333671	2.0	0.0	2.0
8	90333672	90588866	1.0	0.0	1.0
8	90588867	125641205	2.0	0.0	2.0
8	125641206	128193451	2.0	1.0	3.0
8	128193452	128535534	3.0	1.0	4.0
8	128535535	128636481	2.0	1.0	3.0
8	128636482	128808005	3.0	1.0	4.0
8	128808006	135606899	2.0	1.0	3.0
8	135606900	135674412	2.0	2.0	4.0
8	135674413	139507939	2.0	1.0	3.0
8	139507940	139509475	2.0	1.0	3.0
8	139509476	146364021	2.0	1.0	3.0
9	47500	203760	2.0	0.0	2.0
9	203761	21995673	2.0	0.0	2.0
9	21995674	43913602	2.0	0.0	2.0
9	43913603	45039202	2.0	0.0	2.0
9	45039203	47299999	2.0	0.0	2.0
9	47300000	50699999	2.0	0.0	2.0
9	50700000	67987602	2.0	0.0	2.0
9	67987603	105736347	2.0	0.0	2.0
9	105736348	105737962	2.0	0.0	2.0
9	105737963	140273200	2.0	0.0	2.0
10	95096	21322616	2.0	0.0	2.0
10	21322617	21358022	4.0	0.0	4.0
10	21358023	37999999	2.0	0.0	2.0
10	38000000	42299999	2.0	0.0	2.0
10	42300000	47703733	2.0	0.0	2.0
10	47703734	56605233	2.0	0.0	2.0
10	56605234	56606476	2.0	0.0	2.0
10	56606477	57854575	2.0	0.0	2.0
10	57854576	57859839	2.0	0.0	2.0
10	57859840	66549563	2.0	0.0	2.0
10	66549564	80739459	2.0	0.0	2.0
10	80739460	80821725	1.0	0.0	1.0
10	80821726	135235689	2.0	0.0	2.0
10	135235690	135389924	2.0	0.0	2.0
11	20721	196943	2.0	0.0	2.0
11	196944	37008117	2.0	0.0	2.0
11	37008118	37363362	4.0	0.0	4.0
11	37363363	37791201	2.0	0.0	2.0
11	37791202	46499505	2.0	0.0	2.0
11	46499506	46503680	2.0	0.0	2.0
11	46503681	46508301	2.0	0.0	2.0
11	46508302	46850040	2.0	0.0	2.0
11	46850041	47161936	2.0	2.0	4.0
11	47161937	47177270	2.0	0.0	2.0
11	47177271	47180158	2.0	2.0	4.0
11	47180159	48298627	2.0	0.0	2.0
11	48298628	48558628	2.0	1.0	3.0
11	48558629	48558958	2.0	1.0	3.0
11	48558959	48681041	7.0	2.0	9.0
11	48681042	48684217	2.0	1.0	3.0
11	48684218	48851764	6.0	2.0	8.0
11	48851765	48852625	2.0	1.0	3.0
11	48852626	48856895	2.0	1.0	3.0
11	48856896	49054688	2.0	1.0	3.0
11	49054689	49056231	2.0	1.0	3.0
11	49056232	49062470	2.0	2.0	4.0
11	49062471	49064060	2.0	2.0	4.0
11	49064061	49940867	2.0	2.0	4.0
11	49940868	49941858	2.0	2.0	4.0
11	49941859	50048924	6.0	2.0	8.0
11	50048925	50050500	6.0	2.0	8.0
11	50050501	50554870	6.0	2.0	8.0
11	50554871	50560442	2.0	0.0	2.0
11	50560443	50591243	2.0	2.0	4.0
11	50591244	51599999	2.0	0.0	2.0
11	51600000	55699999	2.0	0.0	2.0
11	55700000	56721080	2.0	0.0	2.0
11	56721081	58922554	2.0	1.0	3.0
11	58922555	68663475	2.0	0.0	2.0
11	68663476	68663701	2.0	0.0	2.0
11	68663702	68934689	18.0	0.0	18.0
11	68934690	68936034	18.0	0.0	18.0
11	68936035	69582367	40.0	0.0	40.0
11	69582368	70038330	41.0	0.0	41.0
11	70038331	70213323	37.0	0.0	37.0
11	70213324	70569186	31.0	0.0	31.0
11	70569187	70570989	1.0	0.0	1.0
11	70570990	72091183	1.0	0.0	1.0
11	72091184	73189989	9.0	1.0	10.0
11	73189990	73491357	1.0	1.0	2.0
11	73491358	73525048	1.0	1.0	2.0
11	73525049	75154147	1.0	1.0	2.0
11	75154148	75156302	1.0	1.0	2.0
11	75156303	75222197	1.0	1.0	2.0
11	75222198	76428651	2.0	1.0	3.0
11	76428652	76437212	2.0	1.0	3.0
11	76437213	76440100	12.0	1.0	13.0
11	76440101	76828999	12.0	1.0	13.0
11	76829000	77258453	11.0	1.0	12.0
11	77258454	78800198	10.0	1.0	11.0
11	78800199	78913802	10.0	1.0	11.0
11	78913803	78914951	9.0	1.0	10.0
11	78914952	78983094	9.0	1.0	10.0
11	78983095	79241366	9.0	1.0	10.0
11	79241367	79510005	2.0	1.0	3.0
11	79510006	80108692	3.0	1.0	4.0
11	80108693	80108745	3.0	1.0	4.0
11	80108746	80197384	2.0	1.0	3.0
11	80197385	80989989	3.0	1.0	4.0
11	80989990	81121149	12.0	1.0	13.0
11	81121150	81737075	12.0	1.0	13.0
11	81737076	83125137	2.0	1.0	3.0
11	83125138	83353857	1.0	1.0	2.0
11	83353858	87200793	2.0	1.0	3.0
11	87200794	88588642	1.0	1.0	2.0
11	88588643	89081240	5.0	1.0	6.0
11	89081241	89082497	8.0	5.0	13.0
11	89082498	89271746	5.0	2.0	7.0
11	89271747	89296609	8.0	5.0	13.0
11	89296610	89334511	8.0	8.0	16.0
11	89334512	89335236	8.0	8.0	16.0
11	89335237	89337564	8.0	8.0	16.0
11	89337565	89377690	10.0	7.0	17.0
11	89377691	89417014	10.0	8.0	18.0
11	89417015	90002067	8.0	5.0	13.0
11	90002068	90583119	5.0	4.0	9.0
11	90583120	90690048	5.0	4.0	9.0
11	90690049	92576086	4.0	0.0	4.0
11	92576087	92576214	1.0	0.0	1.0
11	92576215	92576288	1.0	0.0	1.0
11	92576289	92586334	1.0	0.0	1.0
11	92586335	92586442	1.0	0.0	1.0
11	92586443	92638662	1.0	0.0	1.0
11	92638663	92656549	1.0	0.0	1.0
11	92656550	92656823	1.0	0.0	1.0
11	92656824	92656834	1.0	0.0	1.0
11	92656835	93209294	1.0	0.0	1.0
11	93209295	93209396	1.0	0.0	1.0
11	93209397	93392523	1.0	0.0	1.0
11	93392524	93392669	1.0	0.0	1.0
11	93392670	93393761	1.0	0.0	1.0
11	93393762	94158889	1.0	0.0	1.0
11	94158890	94159015	1.0	0.0	1.0
11	94159016	95985427	1.0	0.0	1.0
11	95985428	95985824	1.0	0.0	1.0
11	95985825	96054171	1.0	0.0	1.0
11	96054172	96054391	1.0	0.0	1.0
11	96054392	96086229	1.0	0.0	1.0
11	96086230	96086369	1.0	0.0	1.0
11	96086370	96086382	1.0	0.0	1.0
11	96086383	96099710	1.0	0.0	1.0
11	96099711	96099918	1.0	0.0	1.0
11	96099919	97466678	1.0	0.0	1.0
11	97466679	97476768	13.0	0.0	13.0
11	97476769	97478228	13.0	0.0	13.0
11	97478229	97485115	13.0	0.0	13.0
11	97485116	97495561	13.0	0.0	13.0
11	97495562	97595513	12.0	0.0	12.0
11	97595514	97595612	12.0	0.0	12.0
11	97595613	97595656	12.0	0.0	12.0
11	97595657	97611575	6.0	0.0	6.0
11	97611576	98159376	6.0	0.0	6.0
11	98159377	98159787	6.0	0.0	6.0
11	98159788	98160274	6.0	0.0	6.0
11	98160275	98190567	5.0	0.0	5.0
11	98190568	98291473	5.0	0.0	5.0
11	98291474	98442431	7.0	0.0	7.0
11	98442432	98444225	7.0	0.0	7.0
11	98444226	98611310	8.0	0.0	8.0
11	98611311	99056068	7.0	0.0	7.0
11	99056069	99082637	3.0	0.0	3.0
11	99082638	99237708	3.0	0.0	3.0
11	99237709	99281855	3.0	0.0	3.0
11	99281856	99463977	11.0	0.0	11.0
11	99463978	99878280	13.0	0.0	13.0
11	99878281	99939661	2.0	0.0	2.0
11	99939662	99940095	10.0	0.0	10.0
11	99940096	99941060	10.0	0.0	10.0
11	99941061	100000733	10.0	0.0	10.0
11	100000734	100226708	10.0	0.0	10.0
11	100226709	100229957	8.0	0.0	8.0
11	100229958	100230363	8.0	0.0	8.0
11	100230364	100665174	8.0	0.0	8.0
11	100665175	100666728	11.0	0.0	11.0
11	100666729	101141675	3.0	0.0	3.0
11	101141676	101261513	3.0	0.0	3.0
11	101261514	101276084	2.0	0.0	2.0
11	101276085	101276394	11.0	0.0	11.0
11	101276395	101292482	11.0	0.0	11.0
11	101292483	101309587	11.0	0.0	11.0
11	101309588	101318439	11.0	0.0	11.0
11	101318440	101366459	3.0	0.0	3.0
11	101366460	101371203	11.0	0.0	11.0
11	101371204	101371585	11.0	0.0	11.0
11	101371586	101372742	11.0	0.0	11.0
11	101372743	101374719	11.0	0.0	11.0
11	101374720	101375826	11.0	0.0	11.0
11	101375827	101382341	11.0	0.0	11.0
11	101382342	101383507	11.0	0.0	11.0
11	101383508	101384529	11.0	0.0	11.0
11	101384530	101421788	3.0	0.0	3.0
11	101421789	101421989	10.0	0.0	10.0
11	101421990	101441751	3.0	0.0	3.0
11	101441752	101455900	11.0	0.0	11.0
11	101455901	101456669	11.0	0.0	11.0
11	101456670	101458002	11.0	0.0	11.0
11	101458003	101460239	11.0	0.0	11.0
11	101460240	101469503	11.0	0.0	11.0
11	101469504	101470109	11.0	0.0	11.0
11	101470110	101517570	10.0	0.0	10.0
11	101517571	101517903	10.0	0.0	10.0
11	101517904	101557948	11.0	0.0	11.0
11	101557949	101558326	11.0	0.0	11.0
11	101558327	101863674	3.0	0.0	3.0
11	101863675	101970198	9.0	0.0	9.0
11	101970199	102006769	12.0	0.0	12.0
11	102006770	102014595	2.0	0.0	2.0
11	102014596	102014809	12.0	0.0	12.0
11	102014810	102017625	12.0	0.0	12.0
11	102017626	102022055	12.0	0.0	12.0
11	102022056	102025762	12.0	0.0	12.0
11	102025763	102056765	12.0	0.0	12.0
11	102056766	102057686	12.0	0.0	12.0
11	102057687	102068653	12.0	0.0	12.0
11	102068654	102070001	12.0	0.0	12.0
11	102070002	102100498	12.0	0.0	12.0
11	102100499	102101186	12.0	0.0	12.0
11	102101187	102259570	12.0	0.0	12.0
11	102259571	102717106	15.0	0.0	15.0
11	102717107	102717575	15.0	0.0	15.0
11	102717576	102717693	15.0	0.0	15.0
11	102717694	102717819	15.0	0.0	15.0
11	102717820	102717945	15.0	0.0	15.0
11	102717946	102718007	15.0	0.0	15.0
11	102718008	102718074	15.0	0.0	15.0
11	102718075	102718406	15.0	0.0	15.0
11	102718407	102718705	15.0	0.0	15.0
11	102718706	102718863	15.0	0.0	15.0
11	102718864	102718947	15.0	0.0	15.0
11	102718948	102718959	15.0	0.0	15.0
11	102718960	103012999	2.0	0.0	2.0
11	103013000	103217051	3.0	0.0	3.0
11	103217052	103374994	15.0	0.0	15.0
11	103374995	103375460	14.0	0.0	14.0
11	103375461	103375738	15.0	0.0	15.0
11	103375739	103474491	2.0	0.0	2.0
11	103474492	103750057	2.0	0.0	2.0
11	103750058	104148457	3.0	0.0	3.0
11	104148458	104431939	14.0	0.0	14.0
11	104431940	104434594	16.0	0.0	16.0
11	104434595	105060295	3.0	0.0	3.0
11	105060296	105060314	15.0	0.0	15.0
11	105060315	105061436	16.0	0.0	16.0
11	105061437	105063298	16.0	0.0	16.0
11	105063299	105063468	10.0	0.0	10.0
11	105063469	105093456	10.0	0.0	10.0
11	105093457	105101265	10.0	0.0	10.0
11	105101266	105101482	10.0	0.0	10.0
11	105101483	105107204	10.0	0.0	10.0
11	105107205	105136581	10.0	0.0	10.0
11	105136582	105143398	10.0	0.0	10.0
11	105143399	105145048	10.0	0.0	10.0
11	105145049	105145213	10.0	0.0	10.0
11	105145214	105149542	10.0	0.0	10.0
11	105149543	105206844	10.0	0.0	10.0
11	105206845	105210597	10.0	0.0	10.0
11	105210598	105319713	10.0	0.0	10.0
11	105319714	105321282	10.0	0.0	10.0
11	105321283	105404867	10.0	0.0	10.0
11	105404868	105407252	10.0	0.0	10.0
11	105407253	105413870	11.0	0.0	11.0
11	105413871	105436812	11.0	0.0	11.0
11	105436813	105481367	11.0	0.0	11.0
11	105481368	105550393	11.0	0.0	11.0
11	105550394	105593820	15.0	0.0	15.0
11	105593821	105596877	15.0	0.0	15.0
11	105596878	105602359	15.0	0.0	15.0
11	105602360	105646459	3.0	0.0	3.0
11	105646460	105650535	15.0	0.0	15.0
11	105650536	105656682	14.0	0.0	14.0
11	105656683	105656875	14.0	0.0	14.0
11	105656876	105656896	14.0	0.0	14.0
11	105656897	105657058	14.0	0.0	14.0
11	105657059	105657069	14.0	0.0	14.0
11	105657070	105657464	14.0	0.0	14.0
11	105657465	105657545	14.0	0.0	14.0
11	105657546	105657982	14.0	0.0	14.0
11	105657983	105739714	2.0	0.0	2.0
11	105739715	105740816	13.0	0.0	13.0
11	105740817	105743285	15.0	0.0	15.0
11	105743286	105746353	15.0	0.0	15.0
11	105746354	105763481	15.0	0.0	15.0
11	105763482	105772606	14.0	0.0	14.0
11	105772607	106211418	2.0	0.0	2.0
11	106211419	106212809	14.0	0.0	14.0
11	106212810	106239098	15.0	0.0	15.0
11	106239099	106260747	15.0	0.0	15.0
11	106260748	106285947	15.0	0.0	15.0
11	106285948	106287278	15.0	0.0	15.0
11	106287279	106308038	16.0	0.0	16.0
11	106308039	106567713	15.0	0.0	15.0
11	106567714	106582676	14.0	0.0	14.0
11	106582677	106587457	14.0	0.0	14.0
11	106587458	106737250	2.0	0.0	2.0
11	106737251	106737301	13.0	0.0	13.0
11	106737302	106737490	14.0	0.0	14.0
11	106737491	106737709	14.0	0.0	14.0
11	106737710	106737948	14.0	0.0	14.0
11	106737949	106737995	14.0	0.0	14.0
11	106737996	106738060	14.0	0.0	14.0
11	106738061	106738414	14.0	0.0	14.0
11	106738415	106738487	14.0	0.0	14.0
11	106738488	106738600	14.0	0.0	14.0
11	106738601	106858058	3.0	0.0	3.0
11	106858059	107129233	3.0	0.0	3.0
11	107129234	107129316	10.0	0.0	10.0
11	107129317	107129464	11.0	0.0	11.0
11	107129465	107129571	11.0	0.0	11.0
11	107129572	107129659	11.0	0.0	11.0
11	107129660	107129790	11.0	0.0	11.0
11	107129791	107130038	11.0	0.0	11.0
11	107130039	107130132	11.0	0.0	11.0
11	107130133	107130145	11.0	0.0	11.0
11	107130146	107353847	13.0	0.0	13.0
11	107353848	107354495	13.0	0.0	13.0
11	107354496	107354519	13.0	0.0	13.0
11	107354520	107356302	13.0	0.0	13.0
11	107356303	107357052	12.0	0.0	12.0
11	107357053	107357655	12.0	0.0	12.0
11	107357656	107358016	12.0	0.0	12.0
11	107358017	107792786	2.0	0.0	2.0
11	107792787	107793002	11.0	0.0	11.0
11	107793003	107793135	12.0	0.0	12.0
11	107793136	107793150	12.0	0.0	12.0
11	107793151	107793468	12.0	0.0	12.0
11	107793469	107793640	11.0	0.0	11.0
11	107793641	107944505	11.0	0.0	11.0
11	107944506	107944517	11.0	0.0	11.0
11	107944518	107945266	11.0	0.0	11.0
11	107945267	107945319	11.0	0.0	11.0
11	107945320	107945414	11.0	0.0	11.0
11	107945415	107946757	11.0	0.0	11.0
11	107946758	107946919	11.0	0.0	11.0
11	107946920	107946938	11.0	0.0	11.0
11	107946939	108345979	11.0	0.0	11.0
11	108345980	108345990	11.0	0.0	11.0
11	108345991	108346192	11.0	0.0	11.0
11	108346193	108346383	11.0	0.0	11.0
11	108346384	108346523	11.0	0.0	11.0
11	108346524	108426635	11.0	0.0	11.0
11	108426636	108431120	11.0	0.0	11.0
11	108431121	109590773	11.0	0.0	11.0
11	109590774	109591671	11.0	0.0	11.0
11	109591672	109862779	12.0	0.0	12.0
11	109862780	110562692	11.0	0.0	11.0
11	110562693	110980168	2.0	0.0	2.0
11	110980169	111178536	12.0	0.0	12.0
11	111178537	111413690	2.0	0.0	2.0
11	111413691	111413898	2.0	0.0	2.0
11	111413899	111413918	11.0	0.0	11.0
11	111413919	111414050	11.0	0.0	11.0
11	111414051	111414223	11.0	0.0	11.0
11	111414224	111414261	12.0	0.0	12.0
11	111414262	111414545	12.0	0.0	12.0
11	111414546	111414568	12.0	0.0	12.0
11	111414569	111414706	12.0	0.0	12.0
11	111414707	111414718	12.0	0.0	12.0
11	111414719	111414895	12.0	0.0	12.0
11	111414896	111428383	12.0	0.0	12.0
11	111428384	111431260	12.0	0.0	12.0
11	111431261	111511390	12.0	0.0	12.0
11	111511391	111511977	12.0	0.0	12.0
11	111511978	111512419	12.0	0.0	12.0
11	111512420	111537120	12.0	0.0	12.0
11	111537121	111537379	12.0	0.0	12.0
11	111537380	111537768	12.0	0.0	12.0
11	111537769	111537785	12.0	0.0	12.0
11	111537786	111537990	1.0	0.0	1.0
11	111537991	134452200	1.0	0.0	1.0
12	110107	4696887	3.0	0.0	3.0
12	4696888	5263046	2.0	0.0	2.0
12	5263047	11216708	3.0	0.0	3.0
12	11216709	22871080	3.0	0.0	3.0
12	22871081	22883729	3.0	0.0	3.0
12	22883730	22885763	3.0	0.0	3.0
12	22885764	22896644	2.0	0.0	2.0
12	22896645	23583785	3.0	0.0	3.0
12	23583786	33299999	3.0	2.0	5.0
12	33300000	38199999	3.0	2.0	5.0
12	38200000	39662543	3.0	2.0	5.0
12	39662544	39738150	4.0	2.0	6.0
12	39738151	39738196	4.0	2.0	6.0
12	39738197	39738283	4.0	2.0	6.0
12	39738284	40987917	4.0	2.0	6.0
12	40987918	41097137	2.0	2.0	4.0
12	41097138	41217068	3.0	2.0	5.0
12	41217069	41217302	4.0	2.0	6.0
12	41217303	41217375	4.0	2.0	6.0
12	41217376	41642630	7.0	2.0	9.0
12	41642631	42007698	6.0	2.0	8.0
12	42007699	42094732	6.0	2.0	8.0
12	42094733	42402838	5.0	2.0	7.0
12	42402839	42549954	4.0	2.0	6.0
12	42549955	42763542	2.0	2.0	4.0
12	42763543	43120044	2.0	2.0	4.0
12	43120045	43395274	2.0	2.0	4.0
12	43395275	43395468	2.0	2.0	4.0
12	43395469	43872963	2.0	2.0	4.0
12	43872964	43872981	2.0	2.0	4.0
12	43872982	44451478	4.0	2.0	6.0
12	44451479	44863422	3.0	2.0	5.0
12	44863423	44863462	2.0	2.0	4.0
12	44863463	45059312	2.0	2.0	4.0
12	45059313	45531405	2.0	2.0	4.0
12	45531406	45830358	2.0	1.0	3.0
12	45830359	49139119	2.0	2.0	4.0
12	49139120	87611729	2.0	1.0	3.0
12	87611730	87612465	2.0	1.0	3.0
12	87612466	87612754	2.0	1.0	3.0
12	87612755	88342895	1.0	1.0	2.0
12	88342896	103131882	2.0	1.0	3.0
12	103131883	103132088	2.0	1.0	3.0
12	103132089	103734019	2.0	1.0	3.0
12	103734020	103762074	2.0	0.0	2.0
12	103762075	112527770	2.0	1.0	3.0
12	112527771	112531859	2.0	1.0	3.0
12	112531860	122752440	2.0	1.0	3.0
12	122752441	123028610	2.0	2.0	4.0
12	123028611	132349400	2.0	1.0	3.0
12	132349401	133851894	2.0	1.0	3.0
13	1	16299999	2.0	0.0	2.0
13	16300000	19499999	2.0	0.0	2.0
13	19500000	65485333	2.0	0.0	2.0
13	65485334	65489258	2.0	0.0	2.0
13	65489259	69239797	2.0	0.0	2.0
13	69239798	105825561	2.0	0.0	2.0
13	105825562	105831394	3.0	0.0	3.0
13	105831395	114142800	2.0	0.0	2.0
13	114142801	115169877	2.0	0.0	2.0
14	16100000	19099999	8.0	0.0	8.0
14	19100000	19121059	8.0	0.0	8.0
14	19121060	19372703	1.0	0.0	1.0
14	19372704	19471343	1.0	0.0	1.0
14	19471344	30381001	2.0	0.0	2.0
14	30381002	30407032	2.0	0.0	2.0
14	30407033	38341708	2.0	0.0	2.0
14	38341709	38905431	1.0	0.0	1.0
14	38905432	39495594	2.0	0.0	2.0
14	39495595	39864611	3.0	0.0	3.0
14	39864612	64088792	2.0	0.0	2.0
14	64088793	64088804	2.0	0.0	2.0
14	64088805	64088850	2.0	0.0	2.0
14	64088851	106368400	2.0	0.0	2.0
15	1	15799999	10.0	1.0	11.0
15	20700000	22699000	5.0	2.0	7.0
15	22699001	23082114	9.0	1.0	10.0
15	23082115	23949664	3.0	1.0	4.0
15	23949665	25597506	2.0	1.0	3.0
15	25597507	25606859	3.0	1.0	4.0
15	25606860	25606898	5.0	1.0	6.0
15	25606899	25606946	5.0	1.0	6.0
15	25606947	25836627	5.0	1.0	6.0
15	25836628	45003710	2.0	1.0	3.0
15	45003711	45007619	2.0	1.0	3.0
15	45007620	45010301	2.0	1.0	3.0
15	45010302	90767141	2.0	1.0	3.0
15	90767142	90833695	2.0	1.0	3.0
15	90833696	97226108	2.0	1.0	3.0
15	97226109	97540317	5.0	1.0	6.0
15	97540318	100338800	2.0	1.0	3.0
15	100338801	102431166	2.0	1.0	3.0
16	90318	34599999	2.0	2.0	4.0
16	34600000	38599999	2.0	2.0	4.0
16	38600000	86427838	2.0	2.0	4.0
16	86427839	86442774	2.0	2.0	4.0
16	86442775	88827200	2.0	2.0	4.0
16	88827201	90354752	2.0	2.0	4.0
17	12500	22199999	2.0	0.0	2.0
17	25800000	27342412	2.0	2.0	4.0
17	27342413	30952818	2.0	1.0	3.0
17	30952819	38534365	2.0	2.0	4.0
17	38534366	40875846	2.0	0.0	2.0
17	40875847	40937598	2.0	0.0	2.0
17	40937599	44150004	2.0	0.0	2.0
17	44150005	44316422	2.0	0.0	2.0
17	44316423	57917496	2.0	2.0	4.0
17	57917497	57956615	2.0	2.0	4.0
17	57956616	57965230	2.0	2.0	4.0
17	57965231	58127298	4.0	2.0	6.0
17	58127299	78772500	3.0	2.0	5.0
17	78772501	78980509	3.0	2.0	5.0
17	78980510	79128828	5.0	2.0	7.0
17	79128829	81195209	3.0	2.0	5.0
18	27500	125370	4.0	2.0	6.0
18	125371	741676	4.0	2.0	6.0
18	741677	2788754	2.0	0.0	2.0
18	2788755	2989572	4.0	2.0	6.0
18	2989573	2989737	4.0	2.0	6.0
18	2989738	4928211	3.0	2.0	5.0
18	4928212	5279988	3.0	2.0	5.0
18	5279989	5467855	6.0	2.0	8.0
18	5467856	5469458	6.0	2.0	8.0
18	5469459	7991483	2.0	0.0	2.0
18	7991484	9399156	2.0	1.0	3.0
18	9399157	11825438	2.0	0.0	2.0
18	11825439	11838831	2.0	1.0	3.0
18	11838832	12735294	2.0	1.0	3.0
18	12735295	12810603	4.0	1.0	5.0
18	12810604	12903527	2.0	1.0	3.0
18	12903528	15356762	2.0	0.0	2.0
18	19000000	21140094	2.0	1.0	3.0
18	21140095	21142628	2.0	1.0	3.0
18	21142629	21530532	2.0	1.0	3.0
18	21530533	21582613	2.0	1.0	3.0
18	21582614	21582840	2.0	1.0	3.0
18	21582841	21622054	2.0	1.0	3.0
18	21622055	23769340	2.0	1.0	3.0
18	23769341	23778237	2.0	1.0	3.0
18	23778238	23782970	2.0	2.0	4.0
18	23782971	23788299	2.0	2.0	4.0
18	23788300	23788512	2.0	2.0	4.0
18	23788513	23814547	2.0	2.0	4.0
18	23814548	23838337	2.0	2.0	4.0
18	23838338	23868250	2.0	2.0	4.0
18	23868251	24327129	2.0	2.0	4.0
18	24327130	24330842	2.0	1.0	3.0
18	24330843	24377500	2.0	0.0	2.0
18	24377501	24485767	2.0	1.0	3.0
18	24485768	24526653	2.0	1.0	3.0
18	24526654	24534978	2.0	1.0	3.0
18	24534979	24590313	2.0	1.0	3.0
18	24590314	24683630	2.0	1.0	3.0
18	24683631	25033520	1.0	1.0	2.0
18	25033521	26425821	2.0	1.0	3.0
18	26425822	26429418	2.0	2.0	4.0
18	26429419	26497723	2.0	2.0	4.0
18	26497724	26499557	2.0	2.0	4.0
18	26499558	26514882	3.0	2.0	5.0
18	26514883	26523171	2.0	2.0	4.0
18	26523172	26529975	2.0	2.0	4.0
18	26529976	26828330	2.0	2.0	4.0
18	26828331	26829252	2.0	2.0	4.0
18	26829253	26829297	2.0	2.0	4.0
18	26829298	26832474	2.0	2.0	4.0
18	26832475	26832632	2.0	2.0	4.0
18	26832633	26833082	2.0	2.0	4.0
18	26833083	26862579	2.0	2.0	4.0
18	26862580	26950709	2.0	2.0	4.0
18	26950710	26974602	2.0	2.0	4.0
18	26974603	26976108	2.0	1.0	3.0
18	26976109	28111926	2.0	1.0	3.0
18	28111927	28140164	2.0	2.0	4.0
18	28140165	28430087	2.0	1.0	3.0
18	28430088	29608414	2.0	2.0	4.0
18	29608415	29632708	3.0	2.0	5.0
18	29632709	29918379	2.0	2.0	4.0
18	29918380	29991253	2.0	2.0	4.0
18	29991254	30199943	4.0	2.0	6.0
18	30199944	30291793	2.0	2.0	4.0
18	30291794	30781465	2.0	1.0	3.0
18	30781466	30804073	2.0	1.0	3.0
18	30804074	30808452	2.0	1.0	3.0
18	30808453	30808686	2.0	1.0	3.0
18	30808687	31459026	2.0	1.0	3.0
18	31459027	32368457	3.0	2.0	5.0
18	32368458	32370862	2.0	2.0	4.0
18	32370863	33110524	3.0	2.0	5.0
18	33110525	33112428	3.0	2.0	5.0
18	33112429	33224469	3.0	2.0	5.0
18	33224470	33224488	3.0	2.0	5.0
18	33224489	33224530	3.0	2.0	5.0
18	33224531	33224596	2.0	2.0	4.0
18	33224597	33358839	2.0	2.0	4.0
18	33358840	33362419	3.0	2.0	5.0
18	33362420	33375637	3.0	2.0	5.0
18	33375638	33565945	2.0	2.0	4.0
18	33565946	33569638	2.0	2.0	4.0
18	33569639	33588396	2.0	1.0	3.0
18	33588397	33605954	2.0	1.0	3.0
18	33605955	33607030	2.0	1.0	3.0
18	33607031	34418649	2.0	1.0	3.0
18	34418650	34419940	2.0	1.0	3.0
18	34419941	34477704	2.0	1.0	3.0
18	34477705	34761753	2.0	2.0	4.0
18	34761754	35130173	3.0	2.0	5.0
18	35130174	35285536	4.0	2.0	6.0
18	35285537	35286628	4.0	2.0	6.0
18	35286629	35299076	3.0	2.0	5.0
18	35299077	35584899	3.0	2.0	5.0
18	35584900	35585110	3.0	2.0	5.0
18	35585111	35587685	2.0	2.0	4.0
18	35587686	36443207	2.0	2.0	4.0
18	36443208	36457972	2.0	2.0	4.0
18	36457973	36468268	2.0	2.0	4.0
18	36468269	36484230	3.0	2.0	5.0
18	36484231	36512874	2.0	2.0	4.0
18	36512875	36514115	2.0	2.0	4.0
18	36514116	36516624	2.0	2.0	4.0
18	36516625	36517648	2.0	2.0	4.0
18	36517649	37141844	2.0	2.0	4.0
18	37141845	37142112	2.0	2.0	4.0
18	37142113	37164336	2.0	2.0	4.0
18	37164337	37165150	2.0	2.0	4.0
18	37165151	37546582	2.0	2.0	4.0
18	37546583	37668400	3.0	2.0	5.0
18	37668401	37961367	2.0	2.0	4.0
18	37961368	37978128	3.0	2.0	5.0
18	37978129	38148046	2.0	2.0	4.0
18	38148047	38148226	2.0	2.0	4.0
18	38148227	38148254	3.0	2.0	5.0
18	38148255	38961213	3.0	2.0	5.0
18	38961214	39123785	2.0	1.0	3.0
18	39123786	39218520	2.0	2.0	4.0
18	39218521	39218653	2.0	2.0	4.0
18	39218654	39239967	3.0	2.0	5.0
18	39239968	39299779	2.0	1.0	3.0
18	39299780	39525421	2.0	2.0	4.0
18	39525422	39525711	2.0	2.0	4.0
18	39525712	39574113	2.0	2.0	4.0
18	39574114	39634333	2.0	1.0	3.0
18	39634334	39640851	2.0	2.0	4.0
18	39640852	39656220	2.0	1.0	3.0
18	39656221	39658190	2.0	1.0	3.0
18	39658191	39689294	2.0	1.0	3.0
18	39689295	39717245	2.0	2.0	4.0
18	39717246	39723533	2.0	1.0	3.0
18	39723534	39728309	2.0	1.0	3.0
18	39728310	39728372	2.0	1.0	3.0
18	39728373	39746703	2.0	1.0	3.0
18	39746704	39753994	2.0	1.0	3.0
18	39753995	39878099	2.0	1.0	3.0
18	39878100	39968988	2.0	1.0	3.0
18	39968989	39971688	2.0	1.0	3.0
18	39971689	39971821	2.0	1.0	3.0
18	39971822	39972497	2.0	1.0	3.0
18	39972498	40559912	2.0	1.0	3.0
18	40559913	40567990	2.0	2.0	4.0
18	40567991	40568083	2.0	2.0	4.0
18	40568084	40582249	2.0	2.0	4.0
18	40582250	40582310	2.0	2.0	4.0
18	40582311	40598520	3.0	2.0	5.0
18	40598521	40688903	2.0	1.0	3.0
18	40688904	40689369	2.0	1.0	3.0
18	40689370	40689396	2.0	1.0	3.0
18	40689397	40704781	2.0	1.0	3.0
18	40704782	40973231	2.0	1.0	3.0
18	40973232	41010976	3.0	2.0	5.0
18	41010977	41011024	3.0	2.0	5.0
18	41011025	41319202	3.0	2.0	5.0
18	41319203	41325617	3.0	2.0	5.0
18	41325618	41393462	3.0	2.0	5.0
18	41393463	41425759	4.0	2.0	6.0
18	41425760	41441111	3.0	2.0	5.0
18	41441112	41443080	3.0	2.0	5.0
18	41443081	41957994	3.0	2.0	5.0
18	41957995	42402246	4.0	2.0	6.0
18	42402247	42594473	3.0	2.0	5.0
18	42594474	42611666	4.0	2.0	6.0
18	42611667	42611685	4.0	2.0	6.0
18	42611686	42620040	2.0	2.0	4.0
18	42620041	42628466	2.0	2.0	4.0
18	42628467	42646476	2.0	2.0	4.0
18	42646477	42650248	2.0	2.0	4.0
18	42650249	42883372	2.0	2.0	4.0
18	42883373	42937709	3.0	2.0	5.0
18	42937710	42942092	2.0	2.0	4.0
18	42942093	42944463	2.0	2.0	4.0
18	42944464	42967856	2.0	2.0	4.0
18	42967857	42968108	2.0	2.0	4.0
18	42968109	43042965	2.0	2.0	4.0
18	43042966	43263312	3.0	2.0	5.0
18	43263313	43287445	3.0	2.0	5.0
18	43287446	43287665	3.0	2.0	5.0
18	43287666	43299970	3.0	2.0	5.0
18	43299971	43305144	3.0	2.0	5.0
18	43305145	43315891	3.0	2.0	5.0
18	43315892	43320953	3.0	2.0	5.0
18	43320954	43323416	3.0	2.0	5.0
18	43323417	43325887	3.0	2.0	5.0
18	43325888	43338498	3.0	2.0	5.0
18	43338499	43394519	3.0	2.0	5.0
18	43394520	43400461	3.0	2.0	5.0
18	43400462	43421875	3.0	2.0	5.0
18	43421876	43422051	3.0	2.0	5.0
18	43422052	43438395	3.0	2.0	5.0
18	43438396	43446522	3.0	2.0	5.0
18	43446523	43460362	3.0	2.0	5.0
18	43460363	43460451	3.0	2.0	5.0
18	43460452	43467085	3.0	2.0	5.0
18	43467086	43467504	3.0	2.0	5.0
18	43467505	43472273	3.0	2.0	5.0
18	43472274	43473077	3.0	2.0	5.0
18	43473078	43473824	3.0	2.0	5.0
18	43473825	43474788	3.0	2.0	5.0
18	43474789	43487757	3.0	2.0	5.0
18	43487758	43494880	3.0	2.0	5.0
18	43494881	43503453	3.0	2.0	5.0
18	43503454	43546272	3.0	2.0	5.0
18	43546273	43553127	3.0	2.0	5.0
18	43553128	44560396	3.0	2.0	5.0
18	44560397	44560661	3.0	2.0	5.0
18	44560662	44827971	6.0	2.0	8.0
18	44827972	44841547	3.0	2.0	5.0
18	44841548	44843463	6.0	2.0	8.0
18	44843464	44865715	6.0	2.0	8.0
18	44865716	44865789	6.0	2.0	8.0
18	44865790	44867075	6.0	2.0	8.0
18	44867076	44901090	6.0	2.0	8.0
18	44901091	45017862	5.0	2.0	7.0
18	45017863	45028488	6.0	2.0	8.0
18	45028489	45330396	7.0	2.0	9.0
18	45330397	45340528	6.0	2.0	8.0
18	45340529	45351335	7.0	2.0	9.0
18	45351336	45351436	7.0	2.0	9.0
18	45351437	45372565	6.0	2.0	8.0
18	45372566	45870349	6.0	2.0	8.0
18	45870350	45871876	6.0	2.0	8.0
18	45871877	45873949	6.0	2.0	8.0
18	45873950	45877918	6.0	2.0	8.0
18	45877919	45890110	6.0	2.0	8.0
18	45890111	45892266	6.0	2.0	8.0
18	45892267	45900706	6.0	2.0	8.0
18	45900707	45928452	6.0	2.0	8.0
18	45928453	45928748	6.0	2.0	8.0
18	45928749	45939850	2.0	1.0	3.0
18	45939851	45940476	2.0	1.0	3.0
18	45940477	45964915	2.0	1.0	3.0
18	45964916	45965532	2.0	1.0	3.0
18	45965533	46481333	2.0	1.0	3.0
18	46481334	46718496	2.0	2.0	4.0
18	46718497	46720322	2.0	2.0	4.0
18	46720323	46743800	2.0	1.0	3.0
18	46743801	46750320	2.0	1.0	3.0
18	46750321	46778507	2.0	1.0	3.0
18	46778508	46792258	2.0	1.0	3.0
18	46792259	46796285	2.0	1.0	3.0
18	46796286	47158771	2.0	1.0	3.0
18	47158772	47167891	2.0	2.0	4.0
18	47167892	47278415	2.0	1.0	3.0
18	47278416	47278872	2.0	1.0	3.0
18	47278873	47291333	2.0	1.0	3.0
18	47291334	47311942	2.0	1.0	3.0
18	47311943	47322564	2.0	2.0	4.0
18	47322565	48641604	2.0	1.0	3.0
18	48641605	48646926	2.0	1.0	3.0
18	48646927	48649247	2.0	1.0	3.0
18	48649248	48973367	2.0	1.0	3.0
18	48973368	49183648	2.0	1.0	3.0
18	49183649	49185529	2.0	1.0	3.0
18	49185530	49201289	2.0	1.0	3.0
18	49201290	49202247	2.0	1.0	3.0
18	49202248	49210473	2.0	1.0	3.0
18	49210474	49210949	2.0	1.0	3.0
18	49210950	49246689	2.0	2.0	4.0
18	49246690	49265488	2.0	2.0	4.0
18	49265489	49279433	2.0	1.0	3.0
18	49279434	49288693	2.0	2.0	4.0
18	49288694	51722940	2.0	1.0	3.0
18	51722941	51723432	2.0	1.0	3.0
18	51723433	63384849	2.0	1.0	3.0
18	63384850	63388411	2.0	1.0	3.0
18	63388412	76117000	2.0	1.0	3.0
18	76117001	78077247	2.0	1.0	3.0
19	226776	261485	3.0	2.0	5.0
19	261486	12731989	2.0	0.0	2.0
19	12731990	14737153	3.0	2.0	5.0
19	14737154	15378503	4.0	2.0	6.0
19	15378504	15383408	3.0	2.0	5.0
19	15383409	15383711	3.0	2.0	5.0
19	15383712	16015059	3.0	2.0	5.0
19	16015060	16394327	2.0	2.0	4.0
19	16394328	16394649	2.0	2.0	4.0
19	16394650	16394683	2.0	2.0	4.0
19	16394684	16407592	3.0	2.0	5.0
19	16407593	16420029	2.0	2.0	4.0
19	16420030	16636445	4.0	2.0	6.0
19	16636446	16637126	4.0	2.0	6.0
19	16637127	16710519	2.0	0.0	2.0
19	16710520	16713149	2.0	0.0	2.0
19	16713150	19710088	2.0	0.0	2.0
19	19710089	21294966	2.0	0.0	2.0
19	21294967	21587917	2.0	1.0	3.0
19	21587918	24399999	2.0	0.0	2.0
19	24400000	28599999	2.0	0.0	2.0
19	28600000	59128982	2.0	0.0	2.0
20	17500	14777155	1.0	1.0	2.0
20	14777156	14813798	1.0	1.0	2.0
20	14813799	15477985	1.0	1.0	2.0
20	15477986	15755971	1.0	0.0	1.0
20	15755972	21608365	1.0	1.0	2.0
20	21608366	21608570	1.0	1.0	2.0
20	21608571	25599999	1.0	1.0	2.0
20	29400000	42273239	3.0	1.0	4.0
20	42273240	50684823	3.0	2.0	5.0
20	50684824	50701072	3.0	1.0	4.0
20	50701073	62432500	3.0	2.0	5.0
21	10900000	14682201	2.0	0.0	2.0
21	14682202	14690825	5.0	3.0	8.0
21	14690826	14740824	5.0	3.0	8.0
21	14740825	14743937	5.0	3.0	8.0
21	14743938	14746098	4.0	2.0	6.0
21	14746099	14748541	4.0	2.0	6.0
21	14748542	14878150	4.0	2.0	6.0
21	14878151	14895573	6.0	1.0	7.0
21	14895574	14911805	6.0	1.0	7.0
21	14911806	14912140	6.0	1.0	7.0
21	14912141	14913369	3.0	0.0	3.0
21	14913370	14920141	3.0	0.0	3.0
21	14920142	16460770	3.0	0.0	3.0
21	16460771	16470976	4.0	3.0	7.0
21	16470977	16580819	4.0	3.0	7.0
21	16580820	16924423	3.0	3.0	6.0
21	16924424	16935290	4.0	3.0	7.0
21	16935291	17040914	2.0	2.0	4.0
21	17040915	17168251	2.0	1.0	3.0
21	17168252	17168565	2.0	1.0	3.0
21	17168566	17169150	2.0	1.0	3.0
21	17169151	17177840	2.0	1.0	3.0
21	17177841	17274666	2.0	2.0	4.0
21	17274667	17456830	2.0	1.0	3.0
21	17456831	17467895	2.0	1.0	3.0
21	17467896	17469293	2.0	1.0	3.0
21	17469294	17486747	2.0	1.0	3.0
21	17486748	17506646	2.0	1.0	3.0
21	17506647	17510471	2.0	2.0	4.0
21	17510472	17515006	2.0	1.0	3.0
21	17515007	25169451	2.0	0.0	2.0
21	25169452	33661084	1.0	0.0	1.0
21	33661085	41402681	2.0	0.0	2.0
21	41402682	41431752	4.0	0.0	4.0
21	41431753	43474986	2.0	0.0	2.0
21	43474987	44028560	3.0	0.0	3.0
21	44028561	44043642	4.0	0.0	4.0
21	44043643	44046548	4.0	0.0	4.0
21	44046549	47107378	2.0	0.0	2.0
21	47107379	48129894	2.0	2.0	4.0
22	1	12199999	3.0	0.0	3.0
22	12200000	17899999	3.0	0.0	3.0
22	17900000	20254753	3.0	0.0	3.0
22	20254754	20276844	5.0	0.0	5.0
22	20276845	20760564	6.0	0.0	6.0
22	20760565	21711322	8.0	0.0	8.0
22	21711323	22621103	3.0	0.0	3.0
22	22621104	22636575	8.0	0.0	8.0
22	22636576	23533823	7.0	0.0	7.0
22	23533824	23533848	7.0	0.0	7.0
22	23533849	23681640	5.0	0.0	5.0
22	23681641	23681667	5.0	0.0	5.0
22	23681668	29065739	3.0	0.0	3.0
22	29065740	32480327	3.0	0.0	3.0
22	32480328	32556631	1.0	0.0	1.0
22	32556632	33430262	3.0	0.0	3.0
22	33430263	33435439	3.0	0.0	3.0
22	33435440	36677635	3.0	0.0	3.0
22	36677636	36884013	3.0	0.0	3.0
22	36884014	36917870	4.0	0.0	4.0
22	36917871	49691400	3.0	0.0	3.0
22	49691401	49995731	3.0	0.0	3.0
22	49995732	51304565	4.0	0.0	4.0
