chromosome_index	position	alt_count	ref_count
1	1089578	4.0	80.0
1	1416198	17.0	41.0
1	4904322	8.0	56.0
1	5340872	20.0	40.0
1	5666182	40.0	66.0
1	6162213	4.0	73.0
1	6373877	7.0	64.0
1	6378539	20.0	38.0
1	7934641	21.0	44.0
1	7993920	13.0	40.0
1	8804473	36.0	74.0
1	10195948	24.0	59.0
1	10317816	27.0	45.0
1	15547178	9.0	80.0
1	16927427	33.0	321.0
1	19210071	26.0	51.0
1	19999363	26.0	53.0
1	20389164	10.0	73.0
1	20654316	17.0	38.0
1	22061421	12.0	88.0
1	27313938	10.0	83.0
1	30783744	29.0	48.0
1	33001093	22.0	42.0
1	33059337	19.0	47.0
1	33173465	6.0	64.0
1	34441620	12.0	80.0
1	34534416	20.0	51.0
1	36231364	29.0	68.0
1	42830797	16.0	51.0
1	43002524	28.0	52.0
1	43982602	8.0	74.0
1	45197092	6.0	78.0
1	48401416	20.0	62.0
1	48714214	19.0	41.0
1	50216695	26.0	71.0
1	50927950	27.0	53.0
1	51095273	24.0	59.0
1	51191711	6.0	55.0
1	56951332	17.0	43.0
1	58667569	28.0	75.0
1	62395638	15.0	65.0
1	64132820	6.0	81.0
1	66167319	20.0	55.0
1	67143503	9.0	81.0
1	67290734	5.0	63.0
1	67624087	23.0	48.0
1	68739919	16.0	64.0
1	69830550	21.0	65.0
1	69830551	21.0	66.0
1	73925999	8.0	81.0
1	74471723	11.0	72.0
1	74932677	25.0	68.0
1	77839026	35.0	62.0
1	80104291	29.0	70.0
1	80746846	9.0	69.0
1	84360350	21.0	51.0
1	85315190	23.0	56.0
1	85378243	9.0	76.0
1	85747494	5.0	70.0
1	87579822	20.0	70.0
1	89585860	6.0	76.0
1	89685929	12.0	72.0
1	89857978	5.0	77.0
1	91980286	32.0	63.0
1	92258639	14.0	34.0
1	93927986	6.0	115.0
1	97110805	7.0	87.0
1	97549106	11.0	79.0
1	98735993	21.0	62.0
1	102498271	28.0	54.0
1	103019251	21.0	57.0
1	103354709	26.0	57.0
1	105845781	10.0	63.0
1	107662047	17.0	74.0
1	107769488	26.0	62.0
1	109134490	8.0	78.0
1	111049525	21.0	51.0
1	111264888	13.0	31.0
1	111776301	11.0	33.0
1	111975577	6.0	86.0
1	114486297	7.0	74.0
1	114557088	29.0	59.0
1	118830374	6.0	61.0
1	120029686	25.0	72.0
1	144941203	31.0	169.0
1	153302541	31.0	59.0
1	157926382	29.0	56.0
1	158961354	20.0	48.0
1	159057040	26.0	57.0
1	161588516	21.0	52.0
1	162269003	24.0	68.0
1	163607447	27.0	45.0
1	165813997	26.0	63.0
1	169309264	24.0	58.0
1	170075869	32.0	72.0
1	171496801	19.0	55.0
1	173269116	9.0	57.0
1	174323434	17.0	49.0
1	175745467	19.0	68.0
1	180588400	8.0	64.0
1	181515170	15.0	41.0
1	182662828	17.0	79.0
1	182846169	37.0	69.0
1	185649418	21.0	68.0
1	185649467	35.0	61.0
1	189749994	30.0	59.0
1	189751060	4.0	73.0
1	190218397	11.0	75.0
1	190433622	27.0	51.0
1	190556863	18.0	83.0
1	193683206	30.0	47.0
1	194743313	24.0	54.0
1	195091500	29.0	65.0
1	196431898	25.0	53.0
1	196778957	13.0	55.0
1	197323305	20.0	73.0
1	204028959	18.0	58.0
1	205142656	27.0	44.0
1	206129665	15.0	99.0
1	208035371	5.0	71.0
1	208205203	14.0	29.0
1	216338518	6.0	93.0
1	217367311	10.0	68.0
1	217370549	10.0	95.0
1	218608147	29.0	79.0
1	221460529	5.0	89.0
1	225486022	30.0	49.0
1	225664572	18.0	40.0
1	225829611	12.0	45.0
1	226347623	21.0	80.0
1	227433617	7.0	69.0
1	228048782	25.0	74.0
1	233525121	24.0	59.0
1	235128382	11.0	41.0
1	236429876	10.0	31.0
1	238042754	16.0	73.0
1	238420794	8.0	74.0
1	243425473	11.0	14.0
1	244672375	7.0	76.0
1	247559452	6.0	48.0
1	248393034	13.0	49.0
1	248464944	31.0	68.0
10	2914090	6.0	123.0
10	5911849	17.0	35.0
10	8330363	30.0	64.0
10	9836734	11.0	84.0
10	14083091	30.0	67.0
10	20055187	16.0	48.0
10	20360896	25.0	64.0
10	22549223	20.0	55.0
10	23549351	7.0	41.0
10	26981359	25.0	51.0
10	27979436	33.0	58.0
10	31080660	25.0	49.0
10	34084662	28.0	67.0
10	37311171	7.0	60.0
10	43071635	13.0	45.0
10	43071636	13.0	45.0
10	45494612	25.0	76.0
10	47069617	23.0	126.0
10	48372170	4.0	64.0
10	49749063	20.0	61.0
10	54713107	4.0	57.0
10	57157756	10.0	67.0
10	59981819	9.0	74.0
10	62773810	23.0	73.0
10	65246478	29.0	60.0
10	66740532	5.0	79.0
10	69047993	18.0	77.0
10	71501034	8.0	78.0
10	76242539	15.0	59.0
10	83100568	9.0	59.0
10	83102090	4.0	66.0
10	83469573	4.0	46.0
10	85897206	5.0	88.0
10	86103319	30.0	65.0
10	91740394	9.0	56.0
10	92103454	23.0	70.0
10	93625559	10.0	76.0
10	95174992	17.0	44.0
10	98245649	3.0	67.0
10	102410635	16.0	49.0
10	102745560	21.0	45.0
10	103783450	6.0	84.0
10	105679708	22.0	53.0
10	108615935	6.0	67.0
10	111323812	4.0	60.0
10	113010693	33.0	69.0
10	114209240	13.0	68.0
10	117373018	11.0	87.0
10	117500033	37.0	50.0
10	119156869	6.0	51.0
10	120229879	25.0	57.0
10	122052233	24.0	49.0
10	123340093	20.0	43.0
10	124049885	20.0	36.0
10	126790838	12.0	64.0
10	128294573	35.0	61.0
11	2165660	19.0	27.0
11	2627739	5.0	60.0
11	3693987	5.0	63.0
11	3949689	16.0	29.0
11	4987827	7.0	58.0
11	9067375	4.0	39.0
11	11896976	11.0	40.0
11	12847661	30.0	43.0
11	14515270	4.0	42.0
11	18368083	22.0	31.0
11	21713568	25.0	30.0
11	22374218	23.0	34.0
11	22919465	38.0	45.0
11	30265174	4.0	53.0
11	37298947	5.0	66.0
11	38417091	26.0	40.0
11	39061016	10.0	43.0
11	42105673	25.0	33.0
11	42373864	13.0	53.0
11	42399766	11.0	51.0
11	43998807	27.0	40.0
11	45468688	4.0	46.0
11	45726848	10.0	47.0
11	49353370	12.0	77.0
11	49822739	6.0	56.0
11	51278864	28.0	35.0
11	54836003	35.0	40.0
11	54980189	4.0	42.0
11	55547998	13.0	56.0
11	55982722	22.0	38.0
11	56778285	8.0	57.0
11	64916327	24.0	19.0
11	77187070	4.0	40.0
11	77939813	30.0	33.0
11	78091716	13.0	21.0
11	81451009	13.0	48.0
11	82111680	23.0	40.0
11	87454543	28.0	35.0
11	88157832	27.0	37.0
11	90557750	21.0	27.0
11	90762247	5.0	73.0
11	92853319	22.0	32.0
11	93529658	9.0	57.0
11	97419520	26.0	26.0
11	98042578	24.0	36.0
11	98185998	4.0	50.0
11	98191289	33.0	39.0
11	99793389	14.0	53.0
11	104041971	17.0	64.0
11	105174948	9.0	48.0
11	106937591	12.0	11.0
11	110585293	14.0	45.0
11	118524955	26.0	30.0
11	122535174	8.0	47.0
11	128150213	21.0	44.0
11	129518946	7.0	65.0
11	131951480	6.0	41.0
11	132082581	39.0	33.0
11	133150875	26.0	22.0
12	1589128	5.0	74.0
12	2610626	11.0	47.0
12	3031793	7.0	77.0
12	5301839	33.0	71.0
12	5888293	5.0	79.0
12	6286129	20.0	53.0
12	6914876	7.0	86.0
12	7055022	9.0	62.0
12	7469387	32.0	58.0
12	7774057	25.0	71.0
12	11605844	17.0	89.0
12	12017240	4.0	73.0
12	14716077	31.0	67.0
12	14979580	23.0	63.0
12	17491729	4.0	57.0
12	17700459	20.0	62.0
12	18572150	13.0	79.0
12	21159931	17.0	59.0
12	21444530	36.0	81.0
12	25342598	21.0	58.0
12	26201925	5.0	64.0
12	30177989	5.0	61.0
12	33266375	26.0	71.0
12	33899186	23.0	72.0
12	34662986	30.0	65.0
12	41890885	30.0	68.0
12	43044066	29.0	46.0
12	43538754	27.0	60.0
12	43620537	21.0	76.0
12	51671983	8.0	37.0
12	52214894	5.0	17.0
12	52746466	19.0	50.0
12	53695404	16.0	60.0
12	53715724	15.0	50.0
12	54328279	21.0	61.0
12	54479611	4.0	72.0
12	54657185	9.0	57.0
12	54809713	22.0	54.0
12	55625852	40.0	68.0
12	56156820	21.0	67.0
12	57250411	11.0	82.0
12	59278428	17.0	60.0
12	60532020	16.0	61.0
12	63332945	32.0	62.0
12	63908205	5.0	75.0
12	64331370	30.0	49.0
12	66168611	5.0	91.0
12	66433665	24.0	77.0
12	66480499	34.0	61.0
12	69967864	19.0	71.0
12	72932441	26.0	59.0
12	73230187	23.0	55.0
12	73324591	5.0	78.0
12	75327687	12.0	82.0
12	76069412	25.0	52.0
12	76490816	8.0	56.0
12	76696052	5.0	80.0
12	77476697	7.0	71.0
12	78036237	4.0	74.0
12	78459317	10.0	114.0
12	80968567	36.0	72.0
12	81037581	27.0	65.0
12	81972808	6.0	94.0
12	83037926	26.0	47.0
12	84392317	9.0	84.0
12	86638985	24.0	58.0
12	87885164	15.0	85.0
12	88677616	22.0	50.0
12	89348455	27.0	64.0
12	96797371	5.0	83.0
12	98279760	31.0	58.0
12	100687131	4.0	72.0
12	102877113	23.0	68.0
12	106618338	10.0	67.0
12	113748977	21.0	37.0
12	113774379	21.0	48.0
12	114934236	20.0	52.0
12	115487114	32.0	71.0
12	117437932	17.0	39.0
12	118598299	6.0	98.0
12	118781114	8.0	57.0
12	119058245	46.0	67.0
12	120360051	13.0	40.0
12	123998667	27.0	52.0
12	125634907	28.0	65.0
12	127483342	6.0	75.0
12	127949526	20.0	71.0
12	130649623	22.0	49.0
12	132389551	13.0	39.0
12	133031049	12.0	28.0
13	21935754	16.0	72.0
13	26211041	13.0	60.0
13	29582562	30.0	59.0
13	31202449	21.0	48.0
13	31507566	14.0	66.0
13	31847336	20.0	44.0
13	31949443	23.0	57.0
13	33750692	31.0	70.0
13	35373148	7.0	62.0
13	36334504	14.0	80.0
13	37856171	23.0	57.0
13	41139446	26.0	64.0
13	42073102	7.0	100.0
13	42658047	22.0	64.0
13	44182226	36.0	74.0
13	44215825	18.0	39.0
13	48024442	12.0	95.0
13	49678554	8.0	75.0
13	49901032	4.0	64.0
13	53362699	25.0	63.0
13	54147228	7.0	90.0
13	54683393	24.0	81.0
13	54829088	14.0	89.0
13	56450925	9.0	70.0
13	56455681	14.0	90.0
13	56457667	17.0	88.0
13	57092941	23.0	58.0
13	59557351	5.0	82.0
13	60019376	24.0	50.0
13	61726327	34.0	70.0
13	63921836	14.0	67.0
13	64418023	24.0	29.0
13	65635497	19.0	50.0
13	69704767	7.0	56.0
13	70218123	29.0	62.0
13	70537740	6.0	78.0
13	72531893	6.0	112.0
13	72793063	5.0	88.0
13	72793190	4.0	92.0
13	73911102	30.0	46.0
13	78049966	9.0	55.0
13	78790086	13.0	76.0
13	79518439	4.0	81.0
13	80814889	30.0	78.0
13	82840921	21.0	57.0
13	85417935	29.0	61.0
13	86164349	12.0	66.0
13	86451135	8.0	42.0
13	88363242	20.0	58.0
13	90927182	19.0	62.0
13	91792055	8.0	80.0
13	92583320	33.0	72.0
13	93648587	11.0	82.0
13	98051431	9.0	88.0
13	108899527	23.0	56.0
13	112052107	21.0	51.0
13	112143759	21.0	55.0
14	22574899	11.0	89.0
14	24435508	14.0	62.0
14	24908045	14.0	52.0
14	25131970	22.0	65.0
14	26071109	31.0	83.0
14	28658011	7.0	62.0
14	28837835	23.0	77.0
14	34926186	7.0	40.0
14	36609074	28.0	91.0
14	37412111	24.0	60.0
14	40044172	29.0	69.0
14	40452407	34.0	49.0
14	40641953	5.0	88.0
14	41922829	7.0	69.0
14	43226933	13.0	68.0
14	46845643	11.0	80.0
14	47581031	23.0	69.0
14	48060767	10.0	68.0
14	48101283	33.0	72.0
14	48551512	12.0	84.0
14	50777314	18.0	41.0
14	55414735	5.0	49.0
14	55650733	9.0	42.0
14	55675654	16.0	40.0
14	57284269	5.0	55.0
14	59687959	6.0	94.0
14	60611331	29.0	58.0
14	62345538	16.0	59.0
14	63056578	5.0	70.0
14	63711122	9.0	34.0
14	63787013	30.0	50.0
14	64310558	28.0	52.0
14	65535209	25.0	74.0
14	65535210	25.0	75.0
14	68347134	29.0	63.0
14	70218696	17.0	53.0
14	72577256	10.0	82.0
14	76259555	24.0	59.0
14	76824700	9.0	38.0
14	77176225	23.0	44.0
14	78019214	5.0	74.0
14	81480478	25.0	66.0
14	81666271	13.0	66.0
14	83055930	41.0	59.0
14	87998194	28.0	68.0
14	88439041	26.0	72.0
14	89632608	16.0	56.0
14	90538299	6.0	68.0
14	92204510	33.0	79.0
14	92403867	4.0	79.0
14	94330149	13.0	63.0
14	96269227	17.0	55.0
14	97620385	18.0	48.0
14	100128866	26.0	42.0
14	100232107	33.0	48.0
14	100928625	28.0	53.0
14	103444045	28.0	38.0
14	104432647	5.0	68.0
14	104435708	5.0	83.0
15	20164616	6.0	71.0
15	22984080	9.0	63.0
15	24896899	35.0	102.0
15	25078025	18.0	50.0
15	25882555	5.0	88.0
15	27481323	24.0	49.0
15	27858896	4.0	75.0
15	27980279	31.0	52.0
15	30912547	17.0	64.0
15	32329585	7.0	95.0
15	36845487	21.0	45.0
15	37393775	11.0	32.0
15	40446432	6.0	64.0
15	42192477	26.0	59.0
15	42591598	23.0	74.0
15	42721678	25.0	47.0
15	44252200	26.0	61.0
15	46941694	8.0	91.0
15	47860279	28.0	63.0
15	48318450	11.0	72.0
15	48880409	20.0	66.0
15	53974162	32.0	54.0
15	54230174	5.0	74.0
15	55443022	15.0	65.0
15	56448140	7.0	87.0
15	57857926	16.0	87.0
15	61853577	20.0	62.0
15	62158472	30.0	52.0
15	62401800	35.0	58.0
15	62823597	26.0	54.0
15	63559251	17.0	44.0
15	67290492	30.0	65.0
15	70692597	26.0	52.0
15	73733930	33.0	65.0
15	76219966	18.0	86.0
15	77786102	27.0	41.0
15	81479955	27.0	61.0
15	82232041	30.0	68.0
15	82303007	22.0	48.0
15	84286574	4.0	54.0
15	87738932	27.0	50.0
15	87916317	20.0	73.0
15	88926759	19.0	56.0
15	90149744	35.0	71.0
15	92169863	4.0	71.0
15	94721590	6.0	84.0
15	95371246	20.0	47.0
15	97355027	25.0	59.0
15	97675654	4.0	69.0
15	98122025	21.0	70.0
15	99123959	19.0	43.0
15	101636239	11.0	135.0
15	101777586	18.0	52.0
16	1225792	14.0	42.0
16	1986906	26.0	60.0
16	3213284	15.0	33.0
16	4694730	16.0	84.0
16	9854557	5.0	58.0
16	12228005	12.0	101.0
16	13052924	17.0	74.0
16	16874710	6.0	75.0
16	17144899	8.0	81.0
16	20415055	4.0	69.0
16	23764443	9.0	58.0
16	28523902	11.0	61.0
16	31297497	28.0	51.0
16	34263922	4.0	53.0
16	34896780	19.0	56.0
16	48555850	17.0	50.0
16	48616433	4.0	71.0
16	49363530	33.0	47.0
16	49665403	22.0	51.0
16	54558593	24.0	62.0
16	54601157	15.0	31.0
16	55305605	26.0	68.0
16	57085405	4.0	45.0
16	58658359	37.0	74.0
16	59321709	28.0	75.0
16	59592978	4.0	61.0
16	59923812	27.0	89.0
16	60277728	32.0	69.0
16	60352385	37.0	61.0
16	60491458	11.0	61.0
16	60676062	36.0	66.0
16	61759391	15.0	94.0
16	62910597	10.0	68.0
16	64879442	29.0	70.0
16	65075754	6.0	80.0
16	66320946	17.0	62.0
16	67155683	13.0	37.0
16	67701397	21.0	55.0
16	68840212	13.0	33.0
16	72295143	40.0	73.0
16	78209294	33.0	57.0
16	79822785	18.0	70.0
16	85666958	15.0	35.0
16	86354286	23.0	45.0
16	86744524	16.0	46.0
16	87858028	13.0	60.0
16	88711484	10.0	67.0
16	89022270	10.0	8.0
17	3687391	14.0	24.0
17	8547640	8.0	75.0
17	9194517	6.0	66.0
17	11937399	15.0	64.0
17	12007506	11.0	77.0
17	13329615	6.0	66.0
17	13576129	13.0	58.0
17	13811144	8.0	76.0
17	15046661	5.0	87.0
17	17768103	12.0	51.0
17	19998452	20.0	59.0
17	20589572	14.0	35.0
17	25498977	28.0	64.0
17	28031218	35.0	61.0
17	30600498	6.0	64.0
17	30794067	6.0	46.0
17	31935001	30.0	68.0
17	32681454	34.0	53.0
17	32727500	15.0	68.0
17	32853655	8.0	91.0
17	37377543	22.0	49.0
17	41760459	31.0	50.0
17	42780535	9.0	41.0
17	46225755	15.0	75.0
17	49773258	11.0	73.0
17	50600048	5.0	61.0
17	53318132	24.0	63.0
17	54178482	34.0	65.0
17	59920756	17.0	70.0
17	64479778	9.0	54.0
17	65063163	5.0	81.0
17	65694967	15.0	48.0
17	65966988	13.0	50.0
17	67810550	15.0	98.0
17	67986071	4.0	61.0
17	70520483	8.0	18.0
17	71971687	7.0	26.0
17	75434485	8.0	61.0
17	75601634	5.0	78.0
17	76013041	4.0	74.0
17	77434622	8.0	73.0
17	78584426	18.0	47.0
17	79955596	15.0	33.0
18	1859705	11.0	91.0
18	2307479	6.0	72.0
18	2759883	26.0	45.0
18	3397517	23.0	57.0
18	4620366	3.0	76.0
18	7268805	32.0	58.0
18	11144978	5.0	87.0
18	11604601	9.0	75.0
18	13130429	20.0	48.0
18	15002469	12.0	75.0
18	19423296	42.0	75.0
18	21233091	14.0	75.0
18	23601107	13.0	90.0
18	23775834	6.0	58.0
18	25778703	28.0	57.0
18	25934832	19.0	91.0
18	26161432	39.0	72.0
18	28345214	5.0	102.0
18	29624078	18.0	36.0
18	31455028	6.0	95.0
18	31543887	34.0	57.0
18	32203968	25.0	60.0
18	32882160	21.0	52.0
18	35035418	13.0	63.0
18	38890629	10.0	71.0
18	42576996	12.0	69.0
18	43884405	14.0	49.0
18	46992052	23.0	46.0
18	50730669	15.0	65.0
18	51263545	27.0	76.0
18	51573201	39.0	55.0
18	53523851	7.0	80.0
18	53580646	6.0	90.0
18	53980047	17.0	61.0
18	54734447	27.0	57.0
18	54955287	28.0	54.0
18	56436981	27.0	51.0
18	56915420	32.0	74.0
18	57201606	31.0	56.0
18	57720000	24.0	72.0
18	58856655	12.0	53.0
18	62313583	18.0	73.0
18	66726598	8.0	82.0
18	71313691	13.0	66.0
18	71411029	9.0	54.0
18	76209313	5.0	65.0
18	76449934	33.0	51.0
18	77289938	27.0	45.0
19	3087186	14.0	45.0
19	3318249	22.0	51.0
19	3442031	16.0	40.0
19	6166717	22.0	49.0
19	7733908	11.0	50.0
19	11840784	6.0	47.0
19	12042189	7.0	76.0
19	13495885	15.0	46.0
19	14050085	5.0	67.0
19	15010790	9.0	67.0
19	19264586	27.0	52.0
19	19632602	6.0	62.0
19	20386451	16.0	55.0
19	22631509	27.0	60.0
19	24192054	23.0	69.0
19	27901641	25.0	69.0
19	27984307	30.0	72.0
19	30647549	18.0	45.0
19	31478119	7.0	76.0
19	31937442	9.0	70.0
19	37410430	31.0	58.0
19	37810231	10.0	19.0
19	40976401	21.0	42.0
19	47926471	22.0	76.0
19	51766341	23.0	58.0
19	55449793	10.0	75.0
2	817158	18.0	51.0
2	828846	20.0	57.0
2	1380021	20.0	56.0
2	7494552	21.0	57.0
2	11297248	15.0	55.0
2	11789122	11.0	78.0
2	12144610	19.0	39.0
2	12463214	28.0	78.0
2	13847430	22.0	59.0
2	15136468	19.0	59.0
2	22424438	31.0	73.0
2	22545736	29.0	56.0
2	24778569	29.0	76.0
2	28021321	21.0	49.0
2	28655085	7.0	77.0
2	34136138	13.0	30.0
2	34594937	25.0	72.0
2	35927883	17.0	94.0
2	36319878	6.0	67.0
2	37078661	6.0	78.0
2	37789620	22.0	76.0
2	40187734	22.0	52.0
2	43176604	5.0	71.0
2	43593811	14.0	78.0
2	45069011	11.0	75.0
2	45509446	23.0	49.0
2	46550541	8.0	77.0
2	52571710	25.0	62.0
2	59236529	20.0	72.0
2	59280651	4.0	82.0
2	60106034	21.0	48.0
2	61673075	15.0	44.0
2	65848974	24.0	74.0
2	66885181	30.0	68.0
2	68938383	18.0	68.0
2	69978795	23.0	54.0
2	70351043	7.0	48.0
2	71490481	17.0	45.0
2	72368749	27.0	57.0
2	72668711	34.0	51.0
2	76062630	22.0	59.0
2	78084548	25.0	59.0
2	78485194	24.0	58.0
2	80473076	16.0	38.0
2	81952247	20.0	46.0
2	83185525	17.0	81.0
2	88709063	21.0	50.0
2	90194041	15.0	37.0
2	98204234	22.0	69.0
2	98357800	24.0	42.0
2	100792554	25.0	54.0
2	101236982	21.0	56.0
2	101857284	25.0	55.0
2	102128667	21.0	51.0
2	102766638	28.0	49.0
2	104209739	16.0	70.0
2	107573776	7.0	90.0
2	108676478	19.0	75.0
2	111764462	13.0	77.0
2	114494810	10.0	96.0
2	117543881	18.0	59.0
2	117730978	32.0	88.0
2	119461722	8.0	87.0
2	121086757	15.0	77.0
2	122236957	29.0	72.0
2	123973790	5.0	87.0
2	124061836	37.0	56.0
2	124134226	6.0	89.0
2	124511609	21.0	70.0
2	125980316	18.0	53.0
2	126461966	18.0	51.0
2	126934748	28.0	71.0
2	127343028	37.0	56.0
2	130191940	11.0	83.0
2	134416499	28.0	64.0
2	134532910	4.0	79.0
2	134711911	27.0	71.0
2	135033514	20.0	62.0
2	136047068	7.0	57.0
2	136089654	31.0	70.0
2	138438677	4.0	89.0
2	140439980	13.0	76.0
2	142941742	5.0	67.0
2	143551545	16.0	44.0
2	144291104	10.0	95.0
2	146779613	9.0	87.0
2	149585833	22.0	48.0
2	150110894	25.0	72.0
2	151233108	20.0	53.0
2	151301494	37.0	64.0
2	151857158	19.0	71.0
2	156711816	5.0	103.0
2	159368891	10.0	74.0
2	160569045	14.0	40.0
2	161545083	14.0	73.0
2	166818357	24.0	48.0
2	171787080	26.0	54.0
2	173693295	9.0	76.0
2	175145107	12.0	49.0
2	179122017	25.0	52.0
2	182790961	16.0	41.0
2	183909365	5.0	68.0
2	184790323	27.0	66.0
2	195123169	20.0	65.0
2	195454556	22.0	68.0
2	196344413	18.0	77.0
2	198473826	25.0	59.0
2	198835426	6.0	84.0
2	202754598	22.0	36.0
2	205175237	9.0	30.0
2	206988701	28.0	70.0
2	209950068	5.0	65.0
2	211909122	25.0	48.0
2	212130575	30.0	74.0
2	215103055	27.0	56.0
2	217886097	31.0	79.0
2	223161351	24.0	54.0
2	226339456	5.0	82.0
2	227009126	21.0	69.0
2	228476483	22.0	66.0
2	228476484	22.0	65.0
2	230222232	5.0	85.0
2	231721713	22.0	49.0
2	234650542	36.0	49.0
2	239903273	5.0	86.0
20	1765105	7.0	63.0
20	2180841	15.0	45.0
20	4382412	23.0	65.0
20	7538440	11.0	43.0
20	8071476	7.0	79.0
20	9083424	15.0	86.0
20	9616595	36.0	60.0
20	9856538	30.0	75.0
20	11293848	22.0	65.0
20	11346158	33.0	56.0
20	14219612	7.0	61.0
20	14219613	7.0	61.0
20	16066647	21.0	55.0
20	17735490	5.0	96.0
20	19082249	8.0	87.0
20	19564099	26.0	49.0
20	20230202	34.0	73.0
20	22792269	22.0	59.0
20	22844197	28.0	64.0
20	23504915	28.0	65.0
20	29990851	16.0	40.0
20	30404859	22.0	54.0
20	31173552	16.0	34.0
20	34083888	21.0	55.0
20	35176710	14.0	54.0
20	36685506	33.0	76.0
20	40115564	19.0	67.0
20	40382612	6.0	76.0
20	40421978	13.0	36.0
20	42084822	17.0	58.0
20	42590081	11.0	49.0
20	42732445	20.0	79.0
20	43313802	24.0	52.0
20	44831987	12.0	25.0
20	46044297	14.0	61.0
20	46546957	24.0	70.0
20	47214161	8.0	72.0
20	50727139	6.0	52.0
20	57042944	9.0	42.0
20	58192439	5.0	73.0
20	61526311	11.0	68.0
20	61677935	20.0	39.0
21	17254332	36.0	71.0
21	17610996	31.0	69.0
21	19605124	9.0	53.0
21	19872501	30.0	74.0
21	20835261	15.0	71.0
21	21149080	11.0	61.0
21	22729922	13.0	50.0
21	22751642	22.0	66.0
21	23199417	8.0	94.0
21	24552332	12.0	79.0
21	24875113	37.0	65.0
21	26799259	23.0	61.0
21	26799267	25.0	64.0
21	30017238	26.0	58.0
21	32068485	29.0	85.0
21	33587409	31.0	49.0
21	33752426	28.0	58.0
21	37124351	5.0	67.0
21	45972373	16.0	48.0
21	46123826	22.0	43.0
21	46998822	9.0	25.0
22	16871791	23.0	32.0
22	24237924	17.0	39.0
22	24259400	22.0	72.0
22	25548835	4.0	66.0
22	27420645	27.0	58.0
22	30005603	30.0	59.0
22	30459045	11.0	68.0
22	32963888	19.0	71.0
22	33576994	6.0	74.0
22	35909333	20.0	72.0
22	37882599	6.0	77.0
22	38268282	7.0	70.0
22	42429132	16.0	44.0
22	43199131	24.0	44.0
22	47692478	9.0	61.0
22	49555930	7.0	94.0
3	4401210	14.0	69.0
3	4950619	25.0	45.0
3	8006700	21.0	47.0
3	9694298	11.0	56.0
3	10988255	25.0	56.0
3	13777948	10.0	40.0
3	18161536	21.0	72.0
3	18414285	25.0	55.0
3	19046644	4.0	79.0
3	20739254	14.0	80.0
3	23726163	12.0	56.0
3	24313024	10.0	63.0
3	24362815	23.0	55.0
3	24909483	13.0	86.0
3	25268269	18.0	61.0
3	27172432	29.0	43.0
3	28515771	8.0	70.0
3	28965183	30.0	61.0
3	30882504	7.0	72.0
3	30927625	33.0	56.0
3	31545161	25.0	54.0
3	34865691	12.0	55.0
3	39190462	24.0	50.0
3	40990540	5.0	97.0
3	44228615	15.0	60.0
3	45599260	4.0	56.0
3	46265870	10.0	75.0
3	48146941	20.0	56.0
3	48281682	25.0	33.0
3	48631712	13.0	53.0
3	48663683	30.0	49.0
3	52753079	23.0	53.0
3	55702572	19.0	67.0
3	55771902	14.0	73.0
3	58087951	28.0	46.0
3	63442381	11.0	69.0
3	64226834	33.0	58.0
3	71431588	22.0	54.0
3	74849145	10.0	64.0
3	79333266	32.0	58.0
3	82318552	9.0	89.0
3	82776677	27.0	57.0
3	83628444	24.0	73.0
3	84469727	36.0	65.0
3	84985878	32.0	60.0
3	85576915	26.0	78.0
3	89895605	22.0	51.0
3	90293049	24.0	56.0
3	93847323	16.0	47.0
3	93928258	19.0	50.0
3	95227418	5.0	69.0
3	95489911	13.0	74.0
3	96738743	26.0	47.0
3	97426893	26.0	56.0
3	97844278	8.0	83.0
3	100858339	28.0	61.0
3	105723408	6.0	88.0
3	105850306	20.0	54.0
3	109293141	5.0	51.0
3	109675252	24.0	69.0
3	110076771	30.0	56.0
3	110682526	28.0	60.0
3	113842966	16.0	83.0
3	113946092	20.0	47.0
3	114312458	4.0	58.0
3	116785953	12.0	86.0
3	120049332	16.0	87.0
3	124363867	15.0	58.0
3	125370078	9.0	70.0
3	126780452	33.0	60.0
3	132212560	24.0	64.0
3	134522377	30.0	62.0
3	135360640	24.0	64.0
3	137121505	26.0	70.0
3	143893434	27.0	59.0
3	144013587	27.0	64.0
3	144913736	25.0	50.0
3	145775846	26.0	47.0
3	146801156	25.0	60.0
3	150259074	29.0	63.0
3	151458965	23.0	60.0
3	151696828	25.0	58.0
3	154686676	26.0	67.0
3	157417218	35.0	56.0
3	157474965	5.0	60.0
3	158033698	16.0	58.0
3	159125535	27.0	89.0
3	159925909	29.0	50.0
3	161341142	18.0	38.0
3	161426533	19.0	61.0
3	162187838	8.0	85.0
3	162676010	21.0	48.0
3	162735494	12.0	83.0
3	163996720	7.0	81.0
3	164418202	27.0	28.0
3	164568374	28.0	50.0
3	168884311	31.0	78.0
3	169582111	18.0	88.0
3	169975641	13.0	60.0
3	171516986	16.0	30.0
3	174507502	8.0	90.0
3	175106362	36.0	54.0
3	175556222	12.0	69.0
3	175652768	4.0	62.0
3	176582571	9.0	64.0
3	176609563	29.0	50.0
3	180129538	28.0	59.0
3	181093962	20.0	81.0
3	182075757	28.0	61.0
3	184319899	3.0	22.0
3	189306577	45.0	60.0
3	193384671	26.0	71.0
4	918188	22.0	79.0
4	1376934	21.0	44.0
4	3813171	27.0	53.0
4	5283557	18.0	70.0
4	5474850	30.0	69.0
4	8577213	20.0	58.0
4	14140037	28.0	63.0
4	14184012	13.0	74.0
4	15830091	30.0	75.0
4	16643294	23.0	41.0
4	18145405	21.0	67.0
4	18206143	8.0	91.0
4	18669530	5.0	68.0
4	19620632	23.0	58.0
4	20483493	28.0	54.0
4	21957558	23.0	64.0
4	23409354	25.0	65.0
4	26977167	9.0	88.0
4	27681594	11.0	91.0
4	28856578	32.0	70.0
4	28926517	12.0	85.0
4	28977354	7.0	90.0
4	29049273	11.0	44.0
4	30860284	27.0	87.0
4	31034074	14.0	32.0
4	32020183	27.0	64.0
4	33929227	25.0	57.0
4	35572641	26.0	55.0
4	36598258	17.0	42.0
4	40361208	15.0	53.0
4	43957321	5.0	106.0
4	44373717	5.0	90.0
4	45440306	21.0	56.0
4	45706004	19.0	58.0
4	46275694	16.0	68.0
4	46912483	11.0	70.0
4	47956394	25.0	56.0
4	49527915	11.0	158.0
4	54492248	32.0	63.0
4	55369733	6.0	84.0
4	57873498	5.0	59.0
4	58880947	25.0	60.0
4	61212471	4.0	68.0
4	61388316	5.0	79.0
4	62749804	30.0	78.0
4	63201053	13.0	53.0
4	63240534	13.0	84.0
4	64883032	18.0	58.0
4	65320586	16.0	60.0
4	66525994	13.0	84.0
4	68141286	16.0	56.0
4	69281474	5.0	91.0
4	73742657	21.0	75.0
4	74851174	11.0	82.0
4	76259415	37.0	61.0
4	77363073	16.0	39.0
4	77736033	5.0	78.0
4	80417770	38.0	62.0
4	81834957	30.0	57.0
4	82331325	9.0	72.0
4	82912702	6.0	30.0
4	84706312	18.0	84.0
4	89230361	13.0	76.0
4	92229814	26.0	72.0
4	92741383	20.0	47.0
4	92937928	22.0	32.0
4	94578876	20.0	57.0
4	95808116	23.0	69.0
4	96182740	14.0	64.0
4	97288119	19.0	75.0
4	97638021	9.0	93.0
4	100932078	30.0	58.0
4	101303621	8.0	59.0
4	101303622	8.0	59.0
4	103086845	18.0	62.0
4	104279991	6.0	74.0
4	109202266	25.0	74.0
4	112398046	6.0	74.0
4	117707505	24.0	57.0
4	119306860	17.0	46.0
4	120612830	13.0	70.0
4	121649397	25.0	58.0
4	122610615	22.0	54.0
4	122962915	25.0	64.0
4	123512521	4.0	86.0
4	123729538	36.0	68.0
4	124776084	34.0	65.0
4	125034146	13.0	72.0
4	125349136	16.0	60.0
4	126183774	6.0	62.0
4	126183775	6.0	62.0
4	126229553	5.0	84.0
4	127781149	24.0	60.0
4	127793230	27.0	62.0
4	128189334	31.0	85.0
4	131538537	26.0	63.0
4	135896674	11.0	82.0
4	136359016	28.0	68.0
4	137811579	15.0	97.0
4	138039196	34.0	65.0
4	138086736	10.0	86.0
4	141099712	16.0	69.0
4	141858116	10.0	64.0
4	145637293	22.0	60.0
4	145685340	7.0	75.0
4	154144047	5.0	34.0
4	155211050	17.0	82.0
4	157680559	10.0	60.0
4	159024076	21.0	56.0
4	160530445	5.0	64.0
4	161133534	20.0	69.0
4	161327934	29.0	60.0
4	161343866	1.0	94.0
4	167313632	27.0	64.0
4	171297989	30.0	46.0
4	171956021	14.0	76.0
4	173654274	13.0	76.0
4	173753537	14.0	45.0
4	174809738	37.0	66.0
4	175364644	6.0	61.0
4	176545789	29.0	73.0
4	181569298	9.0	79.0
4	182586861	10.0	87.0
4	183713446	7.0	95.0
4	186906625	20.0	36.0
4	188421289	30.0	67.0
4	190160587	23.0	60.0
4	190319405	27.0	52.0
5	825912	15.0	92.0
5	1250251	10.0	76.0
5	2168415	23.0	43.0
5	2213375	19.0	52.0
5	3214722	25.0	52.0
5	4448290	26.0	78.0
5	5690176	26.0	54.0
5	9684628	10.0	102.0
5	10417120	7.0	63.0
5	11755620	20.0	64.0
5	12569239	9.0	82.0
5	12734815	19.0	58.0
5	13246585	35.0	71.0
5	13987350	10.0	58.0
5	14009150	33.0	62.0
5	14513764	28.0	77.0
5	16768366	34.0	69.0
5	16875865	11.0	52.0
5	17935586	31.0	47.0
5	17935817	26.0	60.0
5	17936154	17.0	51.0
5	19219409	9.0	59.0
5	21645358	29.0	69.0
5	21817199	31.0	76.0
5	23373266	17.0	51.0
5	23965201	10.0	65.0
5	24794427	5.0	80.0
5	24847600	23.0	60.0
5	24864620	25.0	56.0
5	24919865	19.0	95.0
5	25501702	16.0	47.0
5	27353807	6.0	89.0
5	27741172	15.0	57.0
5	27744003	18.0	49.0
5	28322850	16.0	72.0
5	28842822	39.0	65.0
5	30136912	6.0	75.0
5	30347840	18.0	67.0
5	30600804	16.0	62.0
5	31665698	4.0	65.0
5	33346117	8.0	83.0
5	34578011	19.0	51.0
5	38799616	30.0	66.0
5	40251080	21.0	51.0
5	42024629	11.0	91.0
5	45724946	22.0	59.0
5	46300195	13.0	89.0
5	50159017	14.0	69.0
5	51558830	4.0	74.0
5	52802728	5.0	94.0
5	53572983	7.0	78.0
5	55031675	19.0	51.0
5	55884743	17.0	50.0
5	57148890	26.0	60.0
5	57498518	1.0	72.0
5	57498521	1.0	71.0
5	57498522	1.0	69.0
5	63935069	33.0	57.0
5	64423266	28.0	52.0
5	66292957	29.0	66.0
5	70597349	11.0	44.0
5	72236262	20.0	44.0
5	74713509	12.0	71.0
5	78532170	6.0	27.0
5	80516489	19.0	31.0
5	80723025	29.0	62.0
5	81871751	32.0	69.0
5	82157585	27.0	63.0
5	82797912	29.0	57.0
5	83561760	5.0	99.0
5	83760617	19.0	63.0
5	84582668	25.0	89.0
5	84846232	4.0	66.0
5	85566561	6.0	69.0
5	87729703	25.0	59.0
5	91755198	33.0	61.0
5	91991681	30.0	69.0
5	92837923	31.0	69.0
5	93452305	18.0	39.0
5	93694265	30.0	62.0
5	94965028	28.0	72.0
5	97956219	39.0	90.0
5	98443680	5.0	89.0
5	98455957	15.0	61.0
5	101496815	28.0	68.0
5	101525405	7.0	18.0
5	110835370	23.0	58.0
5	117208853	17.0	58.0
5	119400154	8.0	69.0
5	120119019	28.0	63.0
5	121882686	12.0	85.0
5	122389002	9.0	85.0
5	123726759	17.0	66.0
5	125350787	17.0	88.0
5	125636416	22.0	62.0
5	127612938	29.0	70.0
5	128194334	7.0	102.0
5	129334274	9.0	64.0
5	129461429	18.0	75.0
5	129461430	18.0	77.0
5	132349726	12.0	47.0
5	135430057	25.0	54.0
5	139293402	28.0	55.0
5	139932983	14.0	66.0
5	147331997	10.0	27.0
5	148297344	10.0	72.0
5	150492144	23.0	42.0
5	150497286	11.0	44.0
5	155911463	12.0	72.0
5	156300153	27.0	53.0
5	159401707	16.0	44.0
5	162694404	28.0	66.0
5	162698555	21.0	50.0
5	162698556	22.0	49.0
5	166796025	20.0	55.0
5	168086882	24.0	39.0
5	169568086	20.0	57.0
5	172623185	20.0	54.0
5	173432361	26.0	64.0
5	176351056	13.0	33.0
5	180006672	25.0	54.0
6	299471	23.0	138.0
6	2775606	15.0	71.0
6	4339148	28.0	73.0
6	5148025	26.0	62.0
6	5494580	26.0	49.0
6	10648031	13.0	58.0
6	11807811	18.0	57.0
6	11863580	4.0	76.0
6	12494430	23.0	53.0
6	17246116	28.0	57.0
6	18451491	9.0	73.0
6	19475426	24.0	46.0
6	19791677	21.0	55.0
6	20638491	25.0	76.0
6	23603666	23.0	84.0
6	23815194	28.0	58.0
6	25357342	4.0	48.0
6	25428208	35.0	66.0
6	26344761	13.0	61.0
6	28902545	22.0	59.0
6	29780452	4.0	67.0
6	32177457	27.0	65.0
6	32370736	27.0	47.0
6	33678180	10.0	90.0
6	40172228	27.0	56.0
6	40694394	16.0	40.0
6	40896977	16.0	75.0
6	43174408	20.0	59.0
6	44491181	13.0	85.0
6	46884709	9.0	85.0
6	46984978	24.0	53.0
6	47779645	14.0	69.0
6	47779654	13.0	73.0
6	51023844	17.0	80.0
6	51612677	22.0	68.0
6	52148267	28.0	70.0
6	55315378	29.0	47.0
6	56695514	23.0	76.0
6	56750107	22.0	69.0
6	62394397	32.0	65.0
6	63357813	22.0	76.0
6	65853450	6.0	97.0
6	67174981	9.0	75.0
6	68342478	35.0	61.0
6	69128505	12.0	78.0
6	72116703	7.0	90.0
6	72499539	7.0	74.0
6	73250155	8.0	12.0
6	74968788	9.0	95.0
6	75582115	9.0	59.0
6	75938126	11.0	79.0
6	82919181	17.0	91.0
6	82920596	7.0	63.0
6	83743646	23.0	78.0
6	86601801	7.0	81.0
6	90824499	14.0	91.0
6	91299121	11.0	71.0
6	91684467	11.0	60.0
6	92149643	23.0	70.0
6	92785004	30.0	54.0
6	92897980	30.0	56.0
6	95853913	23.0	55.0
6	96460913	24.0	52.0
6	97033549	27.0	63.0
6	98575908	29.0	77.0
6	101107742	8.0	124.0
6	101510803	26.0	72.0
6	101819701	39.0	80.0
6	102958491	7.0	23.0
6	111278781	26.0	60.0
6	111786015	8.0	69.0
6	112657885	12.0	72.0
6	113293732	12.0	23.0
6	116170857	33.0	58.0
6	116304548	13.0	68.0
6	117813153	27.0	76.0
6	124416715	36.0	69.0
6	128379791	8.0	83.0
6	128399385	7.0	78.0
6	130529000	21.0	58.0
6	130687518	7.0	26.0
6	130774347	8.0	86.0
6	131656637	12.0	92.0
6	131706920	7.0	44.0
6	132638364	11.0	69.0
6	136955493	8.0	79.0
6	137974811	28.0	68.0
6	139820899	8.0	36.0
6	139887171	8.0	54.0
6	141183547	16.0	44.0
6	141735534	36.0	74.0
6	142003733	4.0	60.0
6	142285940	24.0	82.0
6	142299241	5.0	77.0
6	144210466	25.0	84.0
6	144210467	26.0	84.0
6	144237765	5.0	82.0
6	144434052	23.0	56.0
6	146452005	15.0	66.0
6	156285942	11.0	78.0
6	156287917	13.0	75.0
6	156958901	24.0	38.0
6	157154288	26.0	62.0
6	158185178	24.0	66.0
6	160134858	6.0	87.0
6	162320504	21.0	51.0
6	162731784	15.0	29.0
6	164908557	6.0	79.0
6	165015283	19.0	59.0
6	165033241	30.0	51.0
6	165037259	28.0	65.0
6	165037438	28.0	53.0
6	165040976	21.0	63.0
6	165044356	16.0	74.0
6	165045641	20.0	49.0
6	166095626	25.0	51.0
6	166945825	4.0	64.0
6	167157984	6.0	58.0
6	168240944	5.0	69.0
6	168449224	21.0	55.0
6	168795840	18.0	43.0
6	169121741	26.0	60.0
6	169883603	28.0	77.0
7	495597	14.0	36.0
7	1392546	6.0	48.0
7	2399366	12.0	38.0
7	2480822	4.0	60.0
7	2826614	16.0	51.0
7	4542357	4.0	68.0
7	4891056	17.0	66.0
7	6545877	26.0	41.0
7	6760968	20.0	48.0
7	13544817	9.0	24.0
7	15912888	6.0	74.0
7	16018482	30.0	65.0
7	16842177	22.0	66.0
7	18008123	28.0	75.0
7	18800229	34.0	51.0
7	19593873	33.0	55.0
7	20307235	15.0	41.0
7	22271456	29.0	60.0
7	22777171	14.0	92.0
7	24211783	4.0	86.0
7	25508022	23.0	56.0
7	28641837	20.0	54.0
7	31708981	21.0	58.0
7	31917065	34.0	63.0
7	32256127	34.0	66.0
7	32388458	9.0	81.0
7	34649707	9.0	93.0
7	36257606	29.0	70.0
7	43072787	18.0	65.0
7	43094941	24.0	46.0
7	45466633	13.0	43.0
7	46193536	15.0	82.0
7	48777376	18.0	76.0
7	48961621	9.0	75.0
7	49218565	27.0	73.0
7	51031169	5.0	58.0
7	53125735	17.0	60.0
7	53447000	15.0	60.0
7	53720079	30.0	75.0
7	54312099	14.0	79.0
7	56351647	14.0	43.0
7	57277776	10.0	75.0
7	57789654	39.0	65.0
7	63261191	24.0	72.0
7	63535500	16.0	75.0
7	66512198	10.0	96.0
7	66662082	22.0	58.0
7	69173648	9.0	111.0
7	71073476	20.0	59.0
7	71657409	26.0	58.0
7	73351461	20.0	50.0
7	73813284	31.0	36.0
7	75470599	8.0	49.0
7	75706879	21.0	91.0
7	78114234	27.0	66.0
7	81564712	12.0	87.0
7	81765718	30.0	75.0
7	86138536	9.0	88.0
7	86749867	13.0	44.0
7	86864463	36.0	64.0
7	87972015	8.0	100.0
7	88561608	6.0	89.0
7	89059171	32.0	71.0
7	94229022	26.0	64.0
7	95855103	24.0	44.0
7	96397103	10.0	75.0
7	97633868	22.0	80.0
7	99513573	16.0	87.0
7	99702455	16.0	46.0
7	105648429	22.0	56.0
7	106220540	4.0	64.0
7	109242388	31.0	66.0
7	109408996	37.0	74.0
7	110805169	25.0	55.0
7	113077277	29.0	56.0
7	115282087	24.0	59.0
7	115694580	29.0	76.0
7	115694584	29.0	77.0
7	116300000	6.0	85.0
7	116531012	14.0	71.0
7	119181974	5.0	80.0
7	119219605	9.0	82.0
7	126208049	14.0	68.0
7	126208050	14.0	68.0
7	128511780	34.0	59.0
7	128906129	6.0	75.0
7	129166578	16.0	51.0
7	130732412	10.0	78.0
7	131409593	21.0	48.0
7	132312955	4.0	72.0
7	135838936	7.0	48.0
7	137048918	16.0	63.0
7	138240016	28.0	61.0
7	138736967	27.0	48.0
7	139532045	10.0	70.0
7	140382838	21.0	25.0
7	145854557	19.0	35.0
7	148145255	25.0	70.0
7	151648908	4.0	84.0
7	152252992	23.0	71.0
7	153464005	24.0	58.0
7	155652541	2.0	96.0
7	155652794	18.0	90.0
7	156114475	21.0	65.0
7	157252020	16.0	72.0
8	1094587	5.0	62.0
8	1094588	6.0	60.0
8	2436247	8.0	88.0
8	3558554	4.0	59.0
8	4436447	5.0	63.0
8	4698467	30.0	73.0
8	5210594	30.0	66.0
8	5279412	18.0	74.0
8	5585303	12.0	72.0
8	5660790	15.0	72.0
8	5744349	13.0	74.0
8	8510528	3.0	28.0
8	10159074	25.0	49.0
8	10413103	34.0	57.0
8	10612217	30.0	60.0
8	13814868	23.0	64.0
8	14773675	6.0	77.0
8	15182378	20.0	72.0
8	15585760	18.0	55.0
8	17951605	24.0	56.0
8	19612577	26.0	72.0
8	20708519	27.0	43.0
8	22078749	15.0	52.0
8	23936065	7.0	84.0
8	24361523	21.0	39.0
8	26669931	10.0	49.0
8	27455978	14.0	44.0
8	27497536	25.0	45.0
8	29181326	6.0	109.0
8	31493660	4.0	73.0
8	32083824	29.0	71.0
8	33975564	27.0	63.0
8	34794735	14.0	72.0
8	35005574	34.0	100.0
8	38303538	7.0	65.0
8	41744065	20.0	65.0
8	41806327	12.0	68.0
8	47132404	22.0	37.0
8	49555899	14.0	57.0
8	49670547	23.0	45.0
8	50283087	29.0	66.0
8	52915682	28.0	68.0
8	53823769	4.0	82.0
8	54598698	12.0	25.0
8	57039320	26.0	73.0
8	63144866	7.0	84.0
8	63393955	28.0	65.0
8	63465698	27.0	60.0
8	63465760	27.0	63.0
8	64869441	23.0	68.0
8	64870893	29.0	56.0
8	68295532	7.0	27.0
8	70244996	4.0	82.0
8	70388454	22.0	57.0
8	71979927	16.0	111.0
8	72411804	28.0	66.0
8	74387194	20.0	69.0
8	74826870	15.0	63.0
8	75617491	20.0	43.0
8	76343328	28.0	64.0
8	77145272	23.0	61.0
8	77199463	8.0	73.0
8	78337527	11.0	72.0
8	79159477	27.0	58.0
8	80015067	6.0	82.0
8	80190858	5.0	95.0
8	80387124	16.0	52.0
8	80420358	25.0	57.0
8	80964683	25.0	52.0
8	81793889	17.0	40.0
8	82922359	25.0	38.0
8	83617766	10.0	61.0
8	84792510	2.0	73.0
8	85111409	7.0	78.0
8	86533687	5.0	71.0
8	89507265	27.0	49.0
8	89714797	23.0	83.0
8	90579287	25.0	63.0
8	92375766	9.0	81.0
8	92921071	25.0	64.0
8	93845196	14.0	79.0
8	93898094	23.0	74.0
8	94682207	17.0	38.0
8	97592951	30.0	47.0
8	99503729	17.0	39.0
8	99991781	25.0	48.0
8	100330809	16.0	53.0
8	105853245	20.0	51.0
8	107879277	19.0	59.0
8	108540262	4.0	46.0
8	109191459	6.0	72.0
8	112378550	6.0	100.0
8	112723868	19.0	67.0
8	114968136	8.0	85.0
8	115620753	16.0	40.0
8	117194596	31.0	71.0
8	117395529	31.0	63.0
8	119680962	5.0	72.0
8	122174359	11.0	80.0
8	123283253	30.0	58.0
8	127806975	26.0	59.0
8	128502483	9.0	87.0
8	128984711	15.0	50.0
8	129229165	28.0	66.0
8	129563158	23.0	69.0
8	130520190	14.0	78.0
8	133640118	26.0	63.0
8	133911073	4.0	51.0
8	134864943	23.0	57.0
8	136582346	26.0	58.0
8	137147490	27.0	74.0
8	137225743	24.0	54.0
8	137675557	18.0	66.0
8	138495659	29.0	60.0
8	139051969	18.0	66.0
8	139461387	22.0	48.0
8	140166582	29.0	82.0
8	140498478	8.0	61.0
8	142123388	7.0	61.0
8	144501462	5.0	80.0
8	144621313	20.0	46.0
8	145818708	17.0	74.0
9	4452157	30.0	65.0
9	5289799	26.0	72.0
9	6101508	19.0	59.0
9	7575189	18.0	81.0
9	8583188	7.0	55.0
9	9529506	31.0	68.0
9	10101926	19.0	53.0
9	10966335	7.0	60.0
9	11089521	30.0	56.0
9	14907170	20.0	57.0
9	18325775	6.0	56.0
9	19317418	11.0	66.0
9	22739913	16.0	71.0
9	22880503	6.0	82.0
9	23479406	16.0	44.0
9	24938639	32.0	71.0
9	25157160	27.0	47.0
9	25464694	14.0	70.0
9	25513299	14.0	88.0
9	26030075	20.0	75.0
9	29168381	21.0	60.0
9	32597297	21.0	58.0
9	33676809	14.0	33.0
9	36980457	17.0	34.0
9	38133430	36.0	71.0
9	72532702	26.0	83.0
9	74881265	15.0	68.0
9	75893069	7.0	58.0
9	77656238	12.0	60.0
9	78999900	17.0	69.0
9	79321749	38.0	63.0
9	83478630	28.0	61.0
9	83589205	14.0	76.0
9	89021730	22.0	59.0
9	90579978	9.0	54.0
9	90653878	8.0	64.0
9	92512567	27.0	59.0
9	96734453	4.0	65.0
9	97334592	9.0	71.0
9	97382223	8.0	48.0
9	100213009	9.0	72.0
9	101309907	33.0	24.0
9	101655792	8.0	84.0
9	102239287	8.0	69.0
9	104654157	36.0	74.0
9	105452901	18.0	71.0
9	107592477	22.0	54.0
9	108609128	6.0	91.0
9	109224700	21.0	48.0
9	109850525	8.0	66.0
9	110833417	23.0	52.0
9	111568625	28.0	60.0
9	115234855	19.0	59.0
9	120866943	7.0	77.0
9	121060901	26.0	63.0
9	123319502	27.0	57.0
9	124893190	19.0	55.0
9	126243523	24.0	67.0
9	127227956	20.0	59.0
9	128413607	6.0	53.0
9	131986323	18.0	47.0
9	132129908	13.0	56.0
9	137497491	22.0	58.0
9	139317344	21.0	48.0
9	139380876	8.0	56.0
X	4075984	31.0	23.0
X	4469199	7.0	9.0
X	14027593	8.0	45.0
X	17123169	23.0	16.0
X	17354557	22.0	12.0
X	29542574	11.0	21.0
X	33040230	4.0	52.0
X	33124431	4.0	45.0
X	37032478	29.0	19.0
X	39856748	6.0	22.0
X	42924239	28.0	13.0
X	43490701	28.0	12.0
X	44051365	17.0	17.0
X	45067962	5.0	45.0
X	45283818	4.0	53.0
X	46727066	15.0	20.0
X	51543953	23.0	11.0
X	55606423	4.0	43.0
X	55622067	13.0	41.0
X	56597463	30.0	27.0
X	58003294	19.0	24.0
X	58362776	3.0	32.0
X	61724070	4.0	39.0
X	65612332	20.0	10.0
X	69643646	17.0	12.0
X	78112130	27.0	11.0
X	79146249	12.0	28.0
X	80893160	8.0	42.0
X	83396491	31.0	19.0
X	85837246	4.0	47.0
X	85923836	15.0	36.0
X	88101863	39.0	20.0
X	88216812	8.0	33.0
X	89265431	15.0	41.0
X	98956044	22.0	43.0
X	108095175	5.0	34.0
X	108441352	23.0	15.0
X	109453041	4.0	47.0
X	113598838	6.0	52.0
X	113732608	12.0	30.0
X	115590616	14.0	37.0
X	116475373	6.0	43.0
X	117128462	25.0	18.0
X	120194098	30.0	24.0
X	121477134	10.0	39.0
X	123764168	9.0	35.0
X	126145061	11.0	31.0
X	129471105	24.0	12.0
X	130119324	24.0	15.0
X	133902990	3.0	10.0
X	135349115	4.0	39.0
X	138740719	5.0	33.0
X	139634475	16.0	20.0
X	141469102	7.0	26.0
X	141796682	36.0	17.0
X	142011858	23.0	17.0
X	143766529	20.0	17.0
X	145580030	5.0	43.0
X	146300317	10.0	49.0
X	149431288	3.0	28.0
X	150991129	11.0	37.0
X	151315894	13.0	24.0
