chromosome_index position alt_count ref_count
1 12837248 34 132
1 14109132 11 61
1 17250965 11 22
1 22927868 28 66
1 24172269 4 90
1 26357001 21 68
1 35351192 6 10
1 41978898 26 53
1 41978901 28 55
1 43775150 8 38
1 44596220 44 64
1 46032833 10 12
1 55590228 7 32
1 62961329 3 23
1 66838434 6 20
1 70489004 22 79
1 87805833 19 59
1 94586678 12 17
1 107600045 11 73
1 110714814 6 10
1 145367750 9 46
1 148017573 40 731
1 150599834 47 194
1 152280700 140 211
1 154207096 14 31
1 156639370 25 70
1 156910211 8 54
1 158576407 47 203
1 158613152 21 36
1 158646039 45 88
1 158725561 18 68
1 158911901 15 21
1 158986358 18 27
1 183090875 3 30
1 186344044 36 41
1 196712628 31 30
1 197021789 5 45
1 197074087 8 47
1 201839778 14 52
1 202287145 18 76
1 214818194 14 41
1 227843036 5 38
1 228112026 29 67
1 232601073 17 94
1 232601074 17 94
1 233394715 7 84
1 235359370 4 19
1 237756921 11 39
1 237774159 4 20
1 238050811 46 74
1 238051760 23 64
1 238090216 6 16
1 247875228 31 67
1 248129095 67 123
1 248616271 30 147
2 10263558 14 49
2 11758583 4 10
2 26700060 4 11
2 31489255 15 24
2 63176238 15 33
2 69565628 6 27
2 73491152 5 4
2 97526514 38 76
2 107423166 32 61
2 120658305 5 35
2 127453545 27 96
2 144381787 21 16
2 158115703 17 32
2 158974356 24 77
2 163241415 7 48
2 176965464 4 8
2 176965465 4 10
2 179467165 10 32
2 182387061 26 16
2 207174788 12 23
2 207564892 6 53
2 220478566 11 45
2 232458229 35 26
2 233323045 9 29
2 234359623 44 60
2 238462236 23 26
3 13670462 4 11
3 39307243 38 24
3 53757478 17 32
3 86010666 21 36
3 101443515 8 25
3 112538705 11 34
3 122631807 8 37
3 122849399 11 65
3 135721990 7 22
3 138762829 10 11
3 142141705 13 32
3 160155748 4 15
3 164700152 35 9
3 183006944 4 35
4 3447936 6 10
4 5857888 11 52
4 9784944 12 43
4 22749486 10 24
4 27000912 3 21
4 39515741 14 59
4 40104480 35 36
4 57796484 6 27
4 81123069 25 56
4 106858224 24 13
4 107016734 22 11
4 110415918 19 37
4 114277965 19 34
4 122835998 9 14
4 153897411 20 6
4 162463753 17 17
4 175565175 14 42
5 1221831 14 103
5 2749827 16 74
5 13714584 41 87
5 14280519 5 61
5 14291337 15 46
5 16701387 7 33
5 19543986 20 48
5 23527452 108 108
5 32774833 21 225
5 33944822 11 54
5 35712959 36 30
5 52360854 40 50
5 63509437 31 181
5 64314067 14 54
5 73148476 33 75
5 75913421 5 25
5 95728928 38 69
5 114588852 12 45
5 135207197 23 72
5 135489586 3 51
5 139006460 7 12
5 140201577 73 103
5 140475866 34 204
5 140552496 41 62
5 140563434 27 131
5 140719169 34 51
5 149008500 15 23
5 149459794 12 42
5 150405018 4 74
5 154188019 23 34
5 159680645 29 32
5 161128640 32 50
5 176070182 14 37
5 176072502 12 16
5 176295796 12 38
5 177642304 6 31
6 17688669 25 42
6 24850828 15 41
6 26123920 70 100
6 26225469 16 71
6 29142013 19 119
6 29455386 9 47
6 29640726 52 276
6 33383646 66 94
6 43400666 20 43
6 53387311 3 35
6 54805944 23 42
6 70071320 10 76
6 80816606 3 5
6 105233031 15 36
6 106727555 7 30
6 122792921 23 42
6 127768217 7 43
6 132891745 33 94
6 133044097 7 29
6 152738009 9 61
6 160430048 20 56
6 160874553 8 36
6 161139345 28 54
6 161567608 9 59
7 6094328 5 64
7 11676584 16 62
7 27134078 7 63
7 44144413 3 14
7 47842862 15 46
7 55224477 39 33
7 55259524 98 65
7 57528740 10 10
7 72743431 19 95
7 81714097 9 33
7 100684481 136 282
7 100686420 17 120
7 100686595 5 129
7 112424094 29 137
7 128494176 13 16
7 128494178 13 16
7 135258468 9 28
7 142008650 15 60
7 142239560 27 62
7 142423633 5 44
7 143000948 5 15
7 148703045 25 40
7 148951158 8 9
7 150784108 6 19
7 151135069 19 27
7 151680215 28 58
7 157475553 32 40
8 1513916 4 36
8 1645345 9 47
8 3855431 4 8
8 11412886 13 65
8 11606499 18 99
8 35624523 5 59
8 38314957 25 13
8 52336147 10 15
8 70980575 14 16
8 75756296 7 40
8 77690655 3 51
8 106814840 5 15
8 142367614 16 50
8 143832527 23 154
8 143956411 14 88
9 6013819 8 60
9 21367722 19 25
9 72783656 6 13
9 79322624 16 14
9 95846817 19 31
9 101148033 8 19
9 107332000 16 46
9 125154703 11 56
9 136582475 15 43
9 138588558 13 24
9 140100217 11 45
10 17087932 7 40
10 18331726 6 27
10 27687694 5 27
10 37454056 12 27
10 84711230 9 23
10 104174961 28 14
11 799896 3 29
11 5221760 23 22
11 6190980 11 6
11 6462124 10 11
11 13443224 6 24
11 15260566 23 7
11 16863110 7 59
11 22646799 53 42
11 45967443 7 65
11 48510625 18 127
11 48510902 23 134
11 55111023 30 128
11 55433179 34 60
11 55735495 12 33
11 56085854 31 66
11 56143276 7 171
11 57428602 34 157
11 57799084 26 81
11 59211268 38 147
11 60658701 15 22
11 60666723 10 51
11 61110123 21 53
11 64418777 18 40
11 76227220 16 93
11 78431415 22 61
11 93834393 21 89
11 117376278 13 44
11 117869812 20 25
11 119170559 16 87
11 122848574 14 70
11 122930391 12 51
11 124310805 7 58
11 129746708 30 41
12 4920657 14 33
12 8995922 12 24
12 31440662 10 9
12 43896082 11 43
12 51856190 10 42
12 56536636 3 48
12 56664146 7 28
12 57327928 9 18
12 57389146 36 71
12 57850009 31 157
12 69967839 6 46
12 72388341 16 16
12 85438563 5 12
12 95603981 17 44
12 100453175 5 25
12 101790284 16 77
12 105467760 16 56
12 106786859 26 64
12 112182571 19 41
12 113559399 4 62
12 117595761 36 155
12 120546238 3 29
12 123214920 2 7
12 125449154 5 68
12 130845802 7 33
13 28588591 5 11
13 38211107 13 22
13 84455574 22 19
13 98086961 10 49
13 113979886 5 15
14 20249415 8 17
14 22102534 33 35
14 23847972 4 18
14 24839538 9 44
14 35262077 7 37
14 77255719 40 25
15 24923368 66 69
15 28389852 12 34
15 32460210 4 27
15 66795792 14 20
15 74032288 62 104
15 86697790 9 28
16 771923 6 6
16 1584550 21 71
16 9934621 10 28
16 10273919 4 62
16 15865511 16 42
16 17211698 13 55
16 19498557 24 20
16 21262199 19 39
16 31485158 16 88
16 52497959 10 54
17 7577573 19 15
17 21731221 9 93
17 30815150 7 77
17 34894229 20 48
17 37187374 5 15
17 37188422 25 124
17 38244647 28 71
17 39190856 30 49
17 42478104 74 135
17 45376752 51 82
17 47123696 16 54
17 47241556 57 142
17 48699156 5 37
17 57109262 18 90
17 57647936 26 86
17 61611628 18 93
17 62050231 4 6
17 65104710 21 65
17 72278023 49 63
17 76526495 11 50
18 3067287 14 12
18 11889438 13 34
18 77894189 20 45
19 463978 10 13
19 831948 4 15
19 9009600 17 63
19 9065356 10 25
19 10439672 3 6
19 22575653 5 19
19 22941422 12 25
19 30935900 6 58
19 31040177 9 46
19 36831589 21 35
19 40199884 11 40
19 42853681 8 26
19 44224056 19 33
19 44536246 22 76
19 45322414 24 79
19 47124419 6 9
19 47124810 19 30
19 52938390 7 20
19 53572747 15 52
19 54502940 113 132
19 54783278 31 80
19 56156247 25 77
19 57176525 11 30
19 58453016 8 38
19 58490876 10 57
19 59022759 7 7
20 20350422 5 24
20 30585273 16 13
20 31587902 5 22
20 35219609 17 63
20 44507365 5 21
20 47317347 43 114
20 50768964 24 37
20 51870753 9 29
20 61982135 21 46
21 10934966 9 67
21 27852738 7 48
21 37741749 20 21
21 40191522 15 18
21 44438242 25 16
21 45550715 9 69
22 21386115 4 41
22 24981999 15 66
22 31032948 3 33
22 32188070 16 17
22 32239157 17 26
22 41833088 16 121
22 41913580 4 48
22 43831029 45 86
22 46860009 13 58
