chromosome_index position alt_count ref_count
1 20657462 9 41
1 33486983 7 28
1 152084707 18 47
1 152279683 52 148
1 153333142 27 109
1 153333143 27 110
1 161141566 18 63
1 222743974 21 72
2 54876854 10 50
2 99438959 5 25
2 105858994 16 111
2 135985459 20 92
2 228141169 14 69
2 241621975 5 22
3 15685917 21 66
3 38180281 29 101
3 38180282 27 105
3 47142997 11 63
3 52443865 16 22
3 182880410 14 49
6 41754755 60 170
6 84862484 19 117
6 110763666 25 90
6 139226246 31 92
7 4260945 7 45
7 86998704 27 95
7 150069880 48 212
8 1719631 43 182
8 38705731 6 18
8 145579732 20 80
9 84607701 25 122
9 85615828 5 36
11 17758001 17 66
11 46896574 9 45
11 56237604 11 206
11 66033984 20 66
12 6230433 23 81
12 124303723 22 111
12 133804517 13 71
13 21557696 23 58
14 64727260 12 86
14 89084642 27 132
15 34528337 15 58
15 55664071 18 62
16 3108571 41 136
16 8998323 7 24
16 50104088 21 44
17 27614591 12 81
19 6784199 8 18
19 47424907 16 92
19 48809530 9 56
19 49377261 13 74
20 10631009 15 45
20 30457917 3 14
22 30069372 15 48
