chromosome_index position alt_count ref_count
1 22413014 30 34
1 34033207 10 36
1 52810541 32 73
1 67147692 33 75
1 90484343 6 24
1 216258090 8 61
1 223178344 9 43
1 243388581 3 10
1 248790244 11 35
1 248790246 11 35
2 25803661 5 53
2 79386588 3 14
2 111666433 9 52
2 210559034 49 80
3 42906038 3 29
3 50144992 14 19
3 107492402 13 52
3 120053938 7 40
3 120495328 25 69
3 128181534 14 41
3 133119364 6 17
3 153905593 4 19
4 3424168 10 17
4 9785061 7 40
4 70460413 2 8
5 10280584 8 96
5 114462268 7 15
5 140482640 18 44
6 27806706 22 99
6 45882035 13 49
6 90529402 4 22
6 99353453 14 44
6 131222184 19 96
6 133070864 4 30
6 143793311 20 20
7 4874238 3 10
7 21934574 6 43
7 23306162 10 46
7 72754700 13 46
8 33371004 8 38
8 88885018 19 22
9 26997861 16 39
9 73152300 4 34
9 100000931 3 6
9 112705030 6 22
9 119976807 7 37
9 131843487 8 44
10 75567374 11 27
10 76780360 16 27
10 115973760 12 40
11 5905534 20 80
11 6008146 4 32
11 7670885 21 187
11 66472445 11 56
11 67559935 4 18
11 68846464 6 80
11 113141147 5 9
12 2717687 4 16
12 6753666 9 104
12 9334673 11 38
12 15636952 21 78
12 60169147 18 73
12 124335520 25 36
13 28589748 21 31
13 36050333 5 20
13 46287473 27 53
13 53421570 9 9
14 65453708 4 35
14 106174914 5 45
15 23931748 4 41
15 31776457 4 13
15 43826750 24 16
15 44944131 4 24
15 78211410 25 61
16 3801777 7 24
16 15222109 10 42
16 53730126 63 84
16 56309938 16 39
16 57953017 17 34
16 66969411 65 75
16 67267888 7 55
17 7483866 9 83
17 7577575 23 16
17 50212375 3 16
17 61950057 5 44
18 18629142 12 78
19 4446549 6 27
19 5700888 25 79
19 45719340 15 37
19 46915759 18 131
19 46998417 27 183
19 54711225 4 24
19 58131571 34 52
20 398533 8 25
20 36932638 34 78
20 57769698 9 18
22 32784017 4 24
22 42605941 15 46
