chromosome_index	start_position	end_position	major_cn	minor_cn	total_cn
1	61735	249224388	1	1	2
2	12784	33809471	2	1	3
2	33814331	38203182	2	0	2
2	38203785	50556444	2	1	3
2	50556671	50937528	1	1	2
2	50938133	59221580	2	1	3
2	59223661	60851420	4	1	5
2	60853939	61363483	7	1	8
2	61364216	61588106	4	1	5
2	61590552	91869346	1	1	2
2	91882894	137909057	2	1	3
2	137914486	140417170	1	0	1
2	140422334	243089456	2	1	3
3	60345	162447630	1	1	2
3	162447684	162587567	2	0	2
3	162587669	162719562	6	0	6
3	162726159	162862108	1	0	1
3	162862348	163056921	6	1	7
3	163069426	163348399	1	0	1
3	163349332	187436184	6	1	7
3	187438193	197896118	1	0	1
4	12281	191027923	1	1	2
5	15532	180790320	1	1	2
6	149661	171051005	1	1	2
7	43259	51293913	2	1	3
7	51294079	52679045	3	1	4
7	52679134	53803802	5	1	6
7	53805563	54837410	4	1	5
7	54840482	56155561	20	3	23
7	56173095	56663389	4	1	5
7	56665370	87537177	2	1	3
7	87538027	88054931	23	4	27
7	88057504	93047582	4	1	5
7	93047605	159127004	2	1	3
8	31254	146298155	1	1	2
9	46587	21352377	1	0	1
9	21353871	23585350	0	0	0
9	23585481	23703649	1	0	1
9	23704310	24722826	0	0	0
9	24724897	26670595	1	0	1
9	26674660	26936515	2	0	2
9	26937571	31619571	1	0	1
9	31620117	141091394	1	1	2
10	72759	89541766	1	0	1
10	89541870	90304351	0	0	0
10	90304838	135506704	1	0	1
11	198572	134944770	1	1	2
12	150442	67254444	1	1	2
12	67256696	67775515	1	0	1
12	67783108	67870427	44	4	48
12	67873425	68564364	1	0	1
12	68566888	68707457	32	7	39
12	68707576	68894843	1	1	2
12	68897489	69164646	1	0	1
12	69165486	69510039	33	9	42
12	69510366	80959214	1	1	2
12	80960939	81767386	44	5	49
12	81773020	82426702	1	0	1
12	82432353	85161082	49	1	50
12	85161689	85169485	37	14	51
12	85175340	85984704	1	0	1
12	85985957	87504103	1	1	2
12	87504172	87921828	1	0	1
12	87931066	88144468	17	8	25
12	88148623	89747314	1	1	2
12	89749223	90191152	1	0	1
12	90192955	133778189	1	1	2
13	19026949	21541506	6	1	7
13	21541931	37251254	1	0	1
13	37252922	37354300	6	1	7
13	37358108	37474189	1	0	1
13	37484693	51737492	1	1	2
13	51738888	52611126	1	0	1
13	52621086	52708944	5	1	6
13	52709742	61055859	1	0	1
13	61061107	61322241	6	1	7
13	61322731	62045954	1	0	1
13	62052054	115108397	1	1	2
14	19002124	41962224	1	0	1
14	41965690	107285437	1	1	2
15	20016328	102469040	1	1	2
16	60777	90287535	1	1	2
17	526	81049726	1	1	2
18	48133	78015057	1	1	2
19	90910	59097854	1	1	2
20	61305	62956153	1	1	2
21	10736871	48096957	1	1	2
22	16052528	51234455	1	1	2
