chromosome_index	position	alt_count	ref_count
1	4627205	30.0	32.0
1	8614705	12.0	26.0
1	8682245	30.0	49.0
1	17395279	29.0	33.0
1	19762079	19.0	60.0
1	20296512	21.0	26.0
1	20460042	25.0	32.0
1	25366153	19.0	34.0
1	45412215	17.0	44.0
1	46109243	7.0	54.0
1	53441859	29.0	34.0
1	60969480	8.0	65.0
1	63775663	22.0	49.0
1	69480493	21.0	42.0
1	78989290	30.0	38.0
1	79598912	38.0	34.0
1	82356785	6.0	46.0
1	84884245	26.0	49.0
1	90769821	29.0	44.0
1	91082625	6.0	65.0
1	104961680	35.0	46.0
1	105737922	38.0	35.0
1	106706385	40.0	46.0
1	106988010	27.0	44.0
1	111950643	35.0	38.0
1	145683171	36.0	38.0
1	152282690	22.0	23.0
1	155669768	21.0	44.0
1	157734570	23.0	41.0
1	160977189	15.0	33.0
1	161183757	31.0	46.0
1	169308861	31.0	48.0
1	169599695	28.0	43.0
1	170127642	7.0	56.0
1	177187822	29.0	29.0
1	180805859	4.0	75.0
1	186902994	32.0	43.0
1	190282779	9.0	58.0
1	191385805	32.0	43.0
1	192106719	32.0	41.0
1	192924873	28.0	59.0
1	194065425	7.0	59.0
1	195732595	9.0	44.0
1	218274110	31.0	45.0
1	219080449	27.0	35.0
1	219165736	31.0	49.0
1	219694055	5.0	63.0
1	220698601	22.0	42.0
1	221731298	32.0	39.0
1	233223947	27.0	35.0
1	235048228	27.0	36.0
1	235394626	17.0	39.0
1	243826410	28.0	29.0
10	5528369	22.0	45.0
10	8210224	4.0	67.0
10	15320123	26.0	32.0
10	16378361	32.0	30.0
10	21086444	30.0	46.0
10	22146121	28.0	40.0
10	25462067	44.0	42.0
10	28517897	25.0	46.0
10	29976205	5.0	60.0
10	30830993	17.0	36.0
10	42999653	8.0	46.0
10	45725596	28.0	34.0
10	50825897	21.0	21.0
10	55203894	29.0	35.0
10	57044118	36.0	36.0
10	57670767	29.0	30.0
10	62075239	23.0	40.0
10	63200397	21.0	47.0
10	66872000	19.0	43.0
10	68150176	18.0	46.0
10	69312742	21.0	32.0
10	78066406	18.0	31.0
10	78687195	23.0	45.0
10	84800421	32.0	43.0
10	87131702	26.0	23.0
10	92907522	17.0	30.0
10	93522700	8.0	61.0
10	94545312	27.0	36.0
10	100463082	28.0	49.0
10	105432876	27.0	35.0
10	111127109	4.0	54.0
10	111151312	28.0	38.0
10	112469737	27.0	44.0
10	113391594	25.0	45.0
10	119110563	23.0	41.0
10	121960918	6.0	49.0
10	123122456	25.0	44.0
10	125647675	27.0	37.0
10	127712109	34.0	41.0
10	128152685	6.0	74.0
10	131704839	19.0	25.0
10	132323552	19.0	25.0
10	133470454	8.0	10.0
11	24131822	28.0	26.0
11	25539652	37.0	44.0
11	27760156	25.0	27.0
11	28930182	4.0	61.0
11	29485306	8.0	77.0
11	29969840	31.0	57.0
11	32719100	21.0	31.0
11	37662558	4.0	74.0
11	37748866	26.0	34.0
11	37764416	17.0	30.0
11	37939467	13.0	91.0
11	43661371	18.0	45.0
11	46181862	12.0	44.0
11	49350264	34.0	47.0
11	50388436	29.0	44.0
11	54980152	46.0	43.0
11	58164934	28.0	29.0
11	58208213	23.0	56.0
11	76238530	25.0	46.0
11	79498781	35.0	49.0
11	81090442	25.0	39.0
11	88256513	11.0	57.0
11	88453735	32.0	45.0
11	95178025	21.0	52.0
11	97164248	34.0	51.0
11	98983569	38.0	44.0
11	99923601	5.0	89.0
11	99923633	4.0	86.0
11	101830778	30.0	36.0
11	104037385	39.0	42.0
11	108421535	14.0	40.0
11	109491045	21.0	43.0
11	118141449	5.0	70.0
11	126009613	7.0	47.0
11	128797020	20.0	28.0
11	130563398	9.0	32.0
12	6430151	22.0	42.0
12	8664470	15.0	30.0
12	11492642	21.0	41.0
12	12922256	15.0	32.0
12	13895334	17.0	47.0
12	18526022	23.0	48.0
12	20932538	36.0	42.0
12	26226713	2.0	36.0
12	30581680	7.0	65.0
12	31737345	33.0	35.0
12	33672899	31.0	42.0
12	43067262	31.0	41.0
12	43776015	5.0	77.0
12	58401780	34.0	30.0
12	60957092	33.0	41.0
12	61544171	25.0	35.0
12	62514164	35.0	35.0
12	64772467	18.0	34.0
12	71763953	25.0	43.0
12	74056400	35.0	47.0
12	76509348	27.0	44.0
12	77260543	31.0	38.0
12	82787788	41.0	50.0
12	84289543	33.0	43.0
12	91671321	14.0	21.0
12	94229290	26.0	44.0
12	95529036	28.0	38.0
12	108019194	18.0	35.0
12	111572963	17.0	29.0
12	116986955	21.0	28.0
12	119870751	7.0	60.0
12	122472936	26.0	28.0
12	125686465	23.0	53.0
12	128046521	2.0	27.0
13	20816850	26.0	27.0
13	24041906	14.0	17.0
13	26695377	22.0	46.0
13	31992386	30.0	41.0
13	41327317	26.0	46.0
13	55405628	24.0	49.0
13	57705598	7.0	85.0
13	58293627	44.0	38.0
13	58296303	30.0	48.0
13	61275211	21.0	27.0
13	63847102	7.0	38.0
13	70795021	33.0	38.0
13	75482100	31.0	23.0
13	78658267	29.0	50.0
13	80457257	23.0	26.0
13	83631051	22.0	38.0
13	85449410	4.0	66.0
13	85861802	23.0	39.0
13	87104215	10.0	19.0
13	87388229	44.0	52.0
13	87388233	40.0	51.0
13	87746411	25.0	59.0
13	88123155	33.0	44.0
13	88458746	7.0	86.0
13	89274723	8.0	58.0
13	89440391	32.0	47.0
13	95515509	37.0	42.0
13	104170238	26.0	36.0
13	104190152	32.0	38.0
13	105941379	31.0	46.0
13	109049470	34.0	53.0
14	23537886	23.0	30.0
14	32809363	31.0	29.0
14	41358643	20.0	41.0
14	41434055	25.0	37.0
14	43325585	27.0	46.0
14	43422559	11.0	56.0
14	44983174	14.0	36.0
14	47541971	34.0	41.0
14	48111523	33.0	50.0
14	48246940	35.0	37.0
14	48367109	29.0	24.0
14	48687127	19.0	40.0
14	48913371	39.0	44.0
14	49014282	5.0	79.0
14	49915438	32.0	46.0
14	56552285	19.0	25.0
14	62129208	25.0	35.0
14	63876227	33.0	60.0
14	66839135	25.0	54.0
14	71699857	26.0	22.0
14	72078707	36.0	52.0
14	73821093	27.0	28.0
14	74124071	19.0	38.0
14	80310337	28.0	45.0
14	80733339	9.0	57.0
14	82023397	37.0	49.0
14	83873500	20.0	35.0
14	86022133	19.0	31.0
14	86806330	40.0	36.0
14	88930032	37.0	31.0
14	89706542	24.0	44.0
14	89836923	30.0	39.0
14	91446492	30.0	35.0
14	92771247	6.0	71.0
14	95810519	26.0	34.0
14	97175132	9.0	40.0
14	98223642	32.0	38.0
14	98773670	9.0	56.0
14	102170343	23.0	45.0
14	104751759	6.0	39.0
14	105923030	28.0	33.0
15	20623194	33.0	137.0
15	27375663	33.0	50.0
15	27419546	36.0	31.0
15	27422787	22.0	44.0
15	29565832	19.0	25.0
15	44582890	29.0	37.0
15	47150950	22.0	49.0
15	51647637	9.0	46.0
15	52937681	22.0	35.0
15	54710179	38.0	29.0
15	55077562	25.0	38.0
15	55934744	30.0	20.0
15	65700361	17.0	27.0
15	68877131	12.0	30.0
15	73654457	8.0	30.0
15	87153742	26.0	37.0
15	96422061	31.0	36.0
15	97368151	27.0	55.0
15	98690260	34.0	44.0
16	10746364	4.0	33.0
16	12310157	27.0	39.0
16	12966012	17.0	30.0
16	20032189	28.0	35.0
16	30153980	4.0	24.0
16	33778059	23.0	14.0
16	34212456	23.0	37.0
16	35234812	24.0	34.0
16	58038357	24.0	36.0
16	60008689	23.0	43.0
16	60351963	18.0	39.0
16	64259344	25.0	40.0
16	64930731	29.0	36.0
16	65377776	28.0	40.0
16	69691398	18.0	23.0
16	76017222	31.0	36.0
16	80038256	26.0	38.0
16	81751323	31.0	30.0
16	86614701	6.0	51.0
16	88614491	15.0	15.0
17	3034033	28.0	33.0
17	10166455	27.0	44.0
17	20494263	17.0	37.0
17	38066277	7.0	25.0
17	50438756	25.0	39.0
17	51275390	28.0	43.0
17	54578325	18.0	31.0
17	56233769	14.0	24.0
17	59104075	32.0	44.0
17	60252256	26.0	39.0
17	63112825	27.0	34.0
17	66223794	27.0	20.0
17	75727193	21.0	50.0
17	80260334	25.0	34.0
18	894122	38.0	16.0
18	998093	4.0	33.0
18	23935460	39.0	10.0
18	25599669	31.0	7.0
18	31076884	32.0	14.0
18	35722620	39.0	11.0
18	41606682	32.0	10.0
18	43870375	26.0	8.0
18	52919688	28.0	7.0
18	54159866	3.0	24.0
18	62557681	29.0	5.0
18	69711923	25.0	14.0
19	448138	10.0	35.0
19	5010024	8.0	46.0
19	7771000	4.0	27.0
19	14764628	35.0	34.0
19	15342662	5.0	41.0
19	20073078	20.0	27.0
19	22864519	21.0	25.0
19	32369223	32.0	34.0
19	34178958	21.0	28.0
19	41736012	17.0	42.0
19	43192141	23.0	36.0
19	48801108	21.0	23.0
19	51391378	20.0	38.0
19	54403520	25.0	28.0
19	56355603	34.0	48.0
19	57385200	6.0	31.0
2	2535200	36.0	40.0
2	2878916	7.0	40.0
2	4900413	25.0	44.0
2	10587315	30.0	46.0
2	12698615	14.0	58.0
2	13113543	5.0	49.0
2	16785729	19.0	22.0
2	18541444	27.0	47.0
2	21287253	26.0	37.0
2	21781183	9.0	58.0
2	22750181	33.0	41.0
2	35210332	11.0	17.0
2	35601848	26.0	51.0
2	39488681	28.0	35.0
2	40647953	24.0	36.0
2	42049307	22.0	43.0
2	44254964	21.0	26.0
2	52260165	30.0	40.0
2	58677028	22.0	46.0
2	66547296	8.0	49.0
2	82148799	40.0	34.0
2	83107638	19.0	47.0
2	84244157	17.0	34.0
2	84536971	32.0	47.0
2	86043887	32.0	50.0
2	97134419	20.0	34.0
2	101867785	23.0	26.0
2	102819256	32.0	52.0
2	104035779	11.0	57.0
2	106175936	20.0	26.0
2	107172658	28.0	38.0
2	112027089	13.0	25.0
2	124528848	16.0	38.0
2	131553911	6.0	58.0
2	131553912	6.0	58.0
2	133003890	8.0	72.0
2	134702958	20.0	40.0
2	137566139	4.0	73.0
2	139495683	10.0	57.0
2	140301058	27.0	40.0
2	140302368	24.0	46.0
2	143283945	25.0	42.0
2	143847221	27.0	30.0
2	151633486	23.0	40.0
2	152402660	24.0	41.0
2	153507117	16.0	44.0
2	165045778	27.0	37.0
2	168292998	22.0	52.0
2	181888391	27.0	50.0
2	183997342	4.0	78.0
2	188857582	36.0	31.0
2	188860228	28.0	28.0
2	190769155	33.0	47.0
2	192484823	8.0	58.0
2	192873953	22.0	28.0
2	196266913	22.0	45.0
2	196546168	25.0	41.0
2	197271069	28.0	32.0
2	200391891	21.0	38.0
2	203618642	36.0	47.0
2	209866746	33.0	50.0
2	212515876	27.0	39.0
2	217293814	17.0	38.0
2	227001823	30.0	44.0
2	229830649	32.0	36.0
2	234429675	16.0	47.0
20	2406445	22.0	44.0
20	5439657	33.0	43.0
20	8187332	39.0	32.0
20	10302741	9.0	33.0
20	15314464	28.0	45.0
20	16425941	33.0	50.0
20	18346763	33.0	42.0
20	30431085	25.0	28.0
20	30442513	29.0	31.0
20	31001869	28.0	33.0
20	36935114	19.0	36.0
20	38586396	25.0	49.0
20	55172825	31.0	31.0
20	62421115	27.0	37.0
21	17266559	24.0	26.0
21	19453675	26.0	34.0
21	23489166	7.0	51.0
21	24369128	20.0	46.0
21	24427003	17.0	58.0
21	26257001	33.0	43.0
21	27718020	26.0	40.0
21	27795179	8.0	57.0
21	29464142	33.0	40.0
21	29917011	13.0	12.0
21	35309952	20.0	22.0
21	42047822	34.0	37.0
21	43809407	21.0	20.0
21	44477908	5.0	45.0
21	46561987	24.0	30.0
21	46807424	28.0	32.0
22	24580631	13.0	28.0
22	33408566	9.0	63.0
22	39914710	28.0	44.0
3	278513	15.0	61.0
3	3215458	5.0	70.0
3	8855245	20.0	47.0
3	9658845	23.0	42.0
3	11045500	8.0	53.0
3	14491616	31.0	26.0
3	24992258	23.0	27.0
3	29123713	21.0	30.0
3	34310061	16.0	31.0
3	48003887	21.0	34.0
3	56328747	4.0	58.0
3	60168113	40.0	40.0
3	60176933	37.0	38.0
3	64385731	4.0	71.0
3	67965955	32.0	37.0
3	68630788	31.0	34.0
3	69897141	10.0	35.0
3	70220339	28.0	54.0
3	77259222	27.0	40.0
3	79477544	30.0	50.0
3	84415525	14.0	14.0
3	89643104	31.0	52.0
3	96148709	38.0	65.0
3	103467154	22.0	44.0
3	103914190	38.0	54.0
3	104542142	4.0	62.0
3	104666856	29.0	53.0
3	104668746	36.0	30.0
3	104774953	21.0	56.0
3	105774045	32.0	66.0
3	116281828	27.0	47.0
3	123502620	28.0	42.0
3	126626757	16.0	40.0
3	128305072	20.0	20.0
3	131320151	34.0	41.0
3	136356870	33.0	37.0
3	137581706	22.0	30.0
3	140973256	8.0	52.0
3	144064245	35.0	45.0
3	144534909	35.0	50.0
3	144624664	16.0	29.0
3	146933151	30.0	43.0
3	147025860	27.0	22.0
3	147025932	26.0	30.0
3	148104871	36.0	34.0
3	159187249	6.0	77.0
3	159187265	6.0	80.0
3	161672239	11.0	66.0
3	161677337	6.0	76.0
3	161677351	11.0	67.0
3	163721523	5.0	12.0
3	166423221	5.0	70.0
3	169992035	22.0	38.0
3	175415582	7.0	31.0
3	175846455	32.0	51.0
3	177331403	31.0	35.0
3	184028380	35.0	33.0
3	189202868	39.0	48.0
3	191941346	32.0	41.0
3	191941347	33.0	41.0
3	193368894	25.0	42.0
4	61870	42.0	368.0
4	1895338	17.0	24.0
4	16792864	19.0	39.0
4	16889632	27.0	36.0
4	22656402	27.0	52.0
4	22687842	30.0	38.0
4	24852633	32.0	29.0
4	28686322	47.0	37.0
4	32048847	9.0	68.0
4	32948478	34.0	40.0
4	35656970	12.0	53.0
4	44250108	30.0	40.0
4	46075967	19.0	31.0
4	46728413	5.0	39.0
4	54239081	27.0	49.0
4	55382905	8.0	64.0
4	59228448	26.0	28.0
4	59906922	25.0	42.0
4	66210738	44.0	45.0
4	72607322	4.0	72.0
4	73603589	31.0	44.0
4	84071664	34.0	34.0
4	84393823	20.0	57.0
4	84971063	10.0	56.0
4	89196188	5.0	68.0
4	90849817	23.0	30.0
4	91277008	38.0	30.0
4	91652646	40.0	49.0
4	93010478	31.0	41.0
4	100153516	22.0	32.0
4	100775108	9.0	59.0
4	104116365	48.0	37.0
4	105865946	22.0	38.0
4	106388768	29.0	34.0
4	107574584	6.0	58.0
4	110272141	28.0	40.0
4	111884309	32.0	36.0
4	112096487	21.0	39.0
4	117373128	33.0	37.0
4	120870103	7.0	33.0
4	123183362	9.0	45.0
4	123777971	35.0	46.0
4	126162935	36.0	51.0
4	126322331	34.0	50.0
4	126390769	39.0	34.0
4	128355288	31.0	45.0
4	131873629	38.0	27.0
4	133743022	19.0	30.0
4	136918992	7.0	62.0
4	142351489	37.0	41.0
4	145209728	37.0	48.0
4	151247108	31.0	49.0
4	154182213	31.0	30.0
4	157573183	37.0	55.0
4	159230286	31.0	56.0
4	164535364	27.0	54.0
4	165095663	25.0	38.0
4	166182118	38.0	52.0
4	168127461	5.0	59.0
4	168145477	19.0	58.0
4	168146207	22.0	65.0
4	171958783	36.0	37.0
4	172088260	31.0	39.0
4	172592861	37.0	46.0
4	174576510	25.0	36.0
4	180624092	15.0	28.0
4	182717907	32.0	38.0
4	184599025	36.0	50.0
4	187572287	12.0	20.0
4	190152193	22.0	32.0
4	190267875	25.0	50.0
5	3005794	18.0	24.0
5	3005817	22.0	27.0
5	4525697	28.0	40.0
5	5093517	23.0	35.0
5	9656485	5.0	63.0
5	10663162	18.0	23.0
5	12335190	27.0	41.0
5	13016210	31.0	31.0
5	13413161	27.0	47.0
5	18871312	30.0	50.0
5	19931457	27.0	42.0
5	20244615	48.0	36.0
5	21249542	24.0	37.0
5	24399045	35.0	26.0
5	26017214	18.0	41.0
5	26787498	33.0	41.0
5	27648430	25.0	43.0
5	27922702	36.0	43.0
5	31977304	32.0	42.0
5	32995563	30.0	46.0
5	37307923	19.0	23.0
5	38797585	29.0	33.0
5	40004646	42.0	41.0
5	41093959	20.0	41.0
5	42334612	24.0	48.0
5	43984467	22.0	39.0
5	45551376	36.0	47.0
5	46019490	4.0	84.0
5	46126631	35.0	47.0
5	46172907	31.0	51.0
5	51400648	26.0	45.0
5	56191980	33.0	44.0
5	58859630	8.0	76.0
5	65002301	5.0	83.0
5	65835031	31.0	44.0
5	71385737	23.0	40.0
5	73958419	23.0	32.0
5	83046095	26.0	33.0
5	84505039	18.0	32.0
5	84804547	28.0	45.0
5	85518056	5.0	64.0
5	88383311	9.0	77.0
5	89265231	33.0	44.0
5	93233431	24.0	61.0
5	94535219	35.0	42.0
5	97941968	26.0	35.0
5	110207240	28.0	35.0
5	111406391	38.0	40.0
5	118048176	29.0	48.0
5	121798519	38.0	48.0
5	122170027	36.0	53.0
5	128257836	4.0	75.0
5	131705493	25.0	23.0
5	132002958	28.0	39.0
5	135097706	9.0	58.0
5	146021259	25.0	44.0
5	147327759	24.0	33.0
5	148878722	33.0	44.0
5	156897396	32.0	41.0
5	160642896	13.0	16.0
5	161078432	8.0	75.0
5	161160008	18.0	21.0
5	163545682	34.0	35.0
5	164162001	36.0	38.0
5	164162004	36.0	37.0
5	164305296	31.0	41.0
5	164816464	5.0	61.0
5	164850464	27.0	39.0
5	164899709	23.0	33.0
5	165168709	32.0	49.0
5	165224896	26.0	36.0
5	165235961	28.0	45.0
5	165283228	38.0	49.0
5	165642144	25.0	48.0
5	167710846	24.0	36.0
5	173372137	27.0	37.0
6	5212414	20.0	36.0
6	12400133	25.0	30.0
6	12866082	23.0	36.0
6	24601677	26.0	35.0
6	25597542	28.0	31.0
6	27594741	23.0	34.0
6	29295271	24.0	51.0
6	45821125	23.0	36.0
6	49352809	28.0	45.0
6	50264070	35.0	37.0
6	51480789	4.0	62.0
6	54492652	33.0	45.0
6	55921326	37.0	53.0
6	66453170	6.0	78.0
6	67700596	33.0	38.0
6	69163951	14.0	24.0
6	79079435	32.0	50.0
6	85146467	18.0	30.0
6	91850387	26.0	39.0
6	92383089	31.0	31.0
6	93735906	33.0	35.0
6	94363690	28.0	41.0
6	95182145	6.0	9.0
6	103904119	24.0	51.0
6	104554727	36.0	35.0
6	112059640	20.0	27.0
6	115464887	32.0	36.0
6	120760236	4.0	69.0
6	120988675	8.0	61.0
6	123912950	33.0	39.0
6	124760731	27.0	43.0
6	134625063	29.0	32.0
6	148199552	18.0	17.0
6	148909711	5.0	49.0
6	151154078	6.0	64.0
6	152071989	35.0	48.0
6	153600227	25.0	51.0
6	154054766	33.0	25.0
6	159071023	22.0	30.0
6	159175783	38.0	37.0
6	161853298	5.0	64.0
6	169795663	18.0	29.0
7	15202174	25.0	20.0
7	18853148	33.0	45.0
7	24035006	29.0	36.0
7	27382960	27.0	31.0
7	46268519	21.0	48.0
7	47943612	20.0	35.0
7	48651161	26.0	32.0
7	61909881	23.0	112.0
7	62010198	29.0	44.0
7	62010222	29.0	51.0
7	62256672	28.0	41.0
7	62615491	33.0	41.0
7	63148163	16.0	19.0
7	63273290	33.0	40.0
7	63428830	26.0	32.0
7	63555772	26.0	43.0
7	65457627	19.0	30.0
7	70979889	21.0	31.0
7	79590827	28.0	32.0
7	79652594	26.0	26.0
7	84139157	4.0	77.0
7	85242000	31.0	53.0
7	91805214	20.0	47.0
7	102675171	14.0	37.0
7	113775883	34.0	41.0
7	114011178	26.0	34.0
7	118822828	33.0	43.0
7	119938978	8.0	55.0
7	121312095	24.0	32.0
7	122236938	27.0	49.0
7	126904955	30.0	32.0
7	127967621	20.0	26.0
7	130128809	4.0	54.0
7	130152757	25.0	37.0
7	133262427	27.0	52.0
7	137005999	25.0	48.0
7	137297342	33.0	43.0
7	142219706	27.0	34.0
7	153746818	12.0	18.0
7	154515381	41.0	49.0
7	156493961	37.0	42.0
7	158669186	35.0	37.0
8	1000063	29.0	54.0
8	2799954	31.0	41.0
8	3338029	26.0	49.0
8	5206453	31.0	37.0
8	9330377	22.0	30.0
8	10695163	5.0	71.0
8	15380579	26.0	43.0
8	19088938	21.0	33.0
8	26596243	5.0	66.0
8	27909862	4.0	55.0
8	35867000	22.0	37.0
8	46999422	36.0	46.0
8	47834065	29.0	39.0
8	49236633	16.0	27.0
8	52457451	34.0	45.0
8	72463731	6.0	63.0
8	78015504	9.0	73.0
8	80946017	8.0	55.0
8	83388062	29.0	35.0
8	87944386	29.0	37.0
8	89177955	18.0	64.0
8	90499400	15.0	39.0
8	91363947	34.0	37.0
8	100429960	39.0	41.0
8	103607768	5.0	74.0
8	104732594	32.0	52.0
8	111303660	11.0	43.0
8	114768042	20.0	32.0
8	116670946	45.0	51.0
8	133251012	26.0	39.0
8	133514314	25.0	23.0
8	137073407	4.0	75.0
8	137326085	6.0	83.0
8	137766185	26.0	50.0
8	140439825	34.0	32.0
8	141225147	4.0	50.0
8	143978142	31.0	32.0
9	3361593	17.0	37.0
9	4334294	20.0	31.0
9	7557548	43.0	48.0
9	11015750	22.0	37.0
9	12156921	32.0	40.0
9	12686347	36.0	29.0
9	12913470	25.0	44.0
9	14737854	37.0	50.0
9	24111635	32.0	58.0
9	24235128	34.0	35.0
9	24352744	17.0	39.0
9	24709130	7.0	71.0
9	25581877	32.0	50.0
9	29535659	30.0	43.0
9	30549731	6.0	73.0
9	32245319	32.0	31.0
9	33869771	5.0	59.0
9	73895697	26.0	32.0
9	77102104	35.0	34.0
9	77695853	24.0	48.0
9	82451538	25.0	34.0
9	85581957	27.0	21.0
9	86818037	5.0	45.0
9	95449241	24.0	30.0
9	98406957	4.0	59.0
9	99057329	14.0	20.0
9	104409980	4.0	51.0
9	113264100	42.0	39.0
9	118221350	18.0	34.0
9	118235300	23.0	46.0
9	118725047	18.0	22.0
X	1699098	11.0	35.0
X	3032403	29.0	1.0
X	20884240	5.0	27.0
X	21564881	27.0	5.0
X	22509706	30.0	9.0
X	23541246	13.0	6.0
X	32997540	18.0	3.0
X	34373769	5.0	20.0
X	35612045	28.0	5.0
X	50184614	26.0	9.0
X	57797145	24.0	6.0
X	58287676	3.0	27.0
X	66332672	34.0	3.0
X	78979503	4.0	36.0
X	79338290	28.0	7.0
X	81470505	37.0	6.0
X	84979548	29.0	9.0
X	94658583	22.0	4.0
X	97812720	29.0	5.0
X	105851435	28.0	2.0
X	108523062	25.0	5.0
X	108523066	24.0	4.0
X	113106173	7.0	30.0
X	127768621	29.0	7.0
X	135807532	24.0	4.0
X	136312962	45.0	7.0
X	141648067	43.0	4.0
X	141810080	37.0	3.0
X	145081887	41.0	10.0
X	145911925	41.0	5.0
X	146336852	29.0	5.0
X	149449463	38.0	9.0
X	150909626	31.0	2.0
X	152511695	35.0	6.0
Y	8585403	29.0	3.0
Y	14724622	16.0	3.0
Y	23790075	6.0	24.0
