chromosome_index position alt_count ref_count
1 12884983 127 367
1 22033076 76 75
1 40007490 14 16
2 89110980 4 10
2 89161398 63 105
3 53901694 4 10
3 54930839 118 199
3 62578313 37 165
3 64085285 29 61
3 89528572 26 58
3 100541445 4 28
3 119243031 4 9
3 183521065 7 21
4 24808886 4 11
4 88060378 4 6
5 68490489 3 23
6 34622530 36 78
7 36492336 13 71
7 44260222 4 12
8 10981410 3 10
8 104068114 25 56
9 32786090 4 10
10 12154955 38 74
10 43009491 4 7
11 30034918 4 15
13 29001448 13 52
14 77807876 4 10
14 94964457 30 62
14 105421857 4 10
15 93162534 5 16
17 7577121 28 5
17 56396575 4 9
17 68130670 4 10
17 74469130 4 38
17 77075711 4 11
19 57803013 16 49
20 32226850 4 10
22 37964794 3 20
22 42000072 28 117
