chromosome_index	start_position	end_position	major_cn	minor_cn	total_cn
1	61735	67083792	2	2	4
1	67084419	74887511	3	2	5
1	74892445	104738237	2	0	2
1	104741354	221440791	3	2	5
1	221443609	221677527	3	0	3
1	221682419	222171451	3	2	5
1	222176770	222788062	3	0	3
1	222795118	223706993	3	2	5
1	223827187	238629672	3	0	3
1	238630959	249224388	3	2	5
2	12784	122647744	2	2	4
2	122651505	127762988	2	0	2
2	127763329	146300691	2	2	4
2	146302302	146388230	1	0	1
2	146389290	147795431	2	2	4
2	147796749	152869834	2	0	2
2	152869924	168390016	2	2	4
2	168394680	168675251	2	0	2
2	168677590	211717695	2	2	4
2	211718652	217235423	1	0	1
2	217237803	243089456	2	2	4
3	60345	78471190	3	3	6
3	78471190	78905345	6	3	9
3	78913203	158811082	3	3	6
3	158811805	160190693	3	0	3
3	160191236	197896118	3	3	6
4	12281	10942213	2	2	4
4	10943003	10967529	3	0	3
4	10968521	17133717	3	2	5
4	17133741	41940435	2	2	4
4	41956313	45480370	2	0	2
4	45480887	61416404	2	2	4
4	61417238	66243249	2	0	2
4	66249102	67306058	0	0	0
4	67313441	67610038	1	1	2
4	67610072	102288452	3	2	5
4	102288777	102360895	2	0	2
4	102363176	147178917	3	2	5
4	147181024	147307178	2	0	2
4	147307682	162658285	3	3	6
4	162671234	162787234	2	0	2
4	162787308	163335733	3	3	6
4	163337355	163640223	2	0	2
4	163643769	165179699	3	3	6
4	165179756	168610601	2	2	4
4	168610928	169054008	3	0	3
4	169059063	169384161	3	1	4
4	169385017	171591041	3	3	6
4	171594253	172443696	3	0	3
4	172444148	172604423	5	1	6
4	172606204	174231197	3	0	3
4	174232474	177222616	3	2	5
4	177224449	177796613	2	0	2
4	177796882	191027923	3	2	5
5	15532	26951942	3	3	6
5	26958141	27050553	2	1	3
5	27050959	46191248	3	3	6
5	46191398	57249585	3	0	3
5	57251725	58344427	6	0	6
5	58344518	99181814	3	0	3
5	99190460	114773093	3	3	6
5	114773942	114821667	2	1	3
5	114821744	125984043	3	3	6
5	125985976	126032807	2	0	2
5	126035001	127934991	3	3	6
5	127935382	128044484	2	1	3
5	128049456	145305766	3	3	6
5	145309199	164608259	3	0	3
5	164612113	180790320	3	2	5
6	149661	83013779	3	2	5
6	83016206	93712518	1	0	1
6	93714393	94437793	0	0	0
6	94439962	99373133	1	0	1
6	99374180	99480905	0	0	0
6	99481310	122519541	1	0	1
6	122524353	171051005	3	2	5
7	43259	7190803	3	2	5
7	7192370	27944019	3	3	6
7	27944084	28063524	3	1	4
7	28063864	151174286	3	3	6
7	151175283	154989503	3	0	3
7	154995149	159127004	3	3	6
8	31254	3770547	3	3	6
8	3772322	34343160	3	0	3
8	34343264	64506342	3	3	6
8	64512785	64565990	2	0	2
8	64569067	64653948	3	0	3
8	64654672	86860630	3	3	6
8	86860923	89657255	3	0	3
8	89660091	128467061	3	3	6
8	128469167	129447587	5	3	8
8	129451697	146298155	3	3	6
9	46587	5186395	3	0	3
9	5189532	18119238	3	3	6
9	18119270	23471265	3	0	3
9	23474692	29020053	3	3	6
9	29030963	32142905	3	0	3
9	32145130	141091394	3	3	6
10	72759	113199690	2	2	4
10	113201886	113226451	1	0	1
10	113230003	131972169	3	1	4
10	131981333	132253874	5	1	6
10	132254561	135506704	3	1	4
11	198572	56131458	3	3	6
11	56132633	59007475	3	0	3
11	59008266	82187414	3	3	6
11	82187943	86123041	3	0	3
11	86123556	96245455	3	3	6
11	96247788	96734811	3	0	3
11	96735089	97775663	4	2	6
11	97777697	98499049	3	0	3
11	98503185	98565202	4	2	6
11	98572450	99706611	3	0	3
11	99708401	99852412	4	2	6
11	99853173	99960225	2	0	2
11	99961983	100908984	3	3	6
11	100909097	101996415	3	0	3
11	101996797	104666252	3	3	6
11	104666897	106255861	3	0	3
11	106262297	106370011	3	1	4
11	106370276	134944770	3	3	6
12	150442	10509782	3	2	5
12	10513470	10578777	5	1	6
12	10580460	13321009	2	0	2
12	13324295	99969150	3	3	6
12	99970263	100209862	7	3	10
12	100210357	100749507	9	3	12
12	100752580	133778189	3	3	6
13	19026949	38647100	3	2	5
13	38654079	82396824	3	0	3
13	82407441	85257863	3	2	5
13	85257935	85677657	2	0	2
13	85678043	115108397	3	2	5
14	19002124	22598494	3	2	5
14	22599159	22873521	4	3	7
14	22878421	37010826	3	2	5
14	37016368	38262674	5	2	7
14	38262762	107285437	3	2	5
15	20016328	33435045	2	2	4
15	33435073	50400050	2	1	3
15	50400660	52223417	2	2	4
15	52226532	93133643	2	1	3
15	93133697	102469040	2	2	4
16	60777	29699786	3	2	5
16	29700442	35283226	3	1	4
16	46463782	67919996	2	2	4
16	67920799	90287535	2	1	3
17	526	25276327	3	0	3
17	25282105	78207690	2	2	4
17	78211732	81049726	3	2	5
18	48133	58272996	3	2	5
18	58285852	61278072	2	0	2
18	61281648	62160263	3	2	5
18	62175841	62559417	2	0	2
18	62562958	62850983	3	2	5
18	62856406	63113845	2	0	2
18	63114736	63269192	3	2	5
18	63269502	63305822	4	1	5
18	63311972	74955766	2	0	2
18	74958607	78015057	3	2	5
19	90910	59097854	3	2	5
20	61305	29420352	3	1	4
20	29420553	36433379	3	2	5
20	36434857	37619569	2	2	4
20	37620888	37865713	3	1	4
20	37868868	49941713	3	2	5
20	49941898	50787735	3	1	4
20	50788017	51805929	3	3	6
20	51806301	58746187	3	2	5
20	58749581	59905838	3	1	4
20	59906419	61634270	2	2	4
20	61635445	62956153	3	2	5
21	10736871	26016970	3	3	6
21	26017036	26854869	3	0	3
21	26855088	29099038	3	3	6
21	29099089	29284436	3	1	4
21	29284970	30015200	3	0	3
21	30016310	48096957	3	3	6
22	16052528	51234455	3	2	5
