chromosome_index position alt_count ref_count
1 27216290 19 97
1 27734802 5 62
1 40366719 4 12
1 65141615 3 29
1 110465931 16 51
1 154296116 38 223
1 155904166 24 40
1 162740301 12 58
1 201341152 34 45
1 222900585 13 80
1 247978972 24 39
2 39278344 19 37
2 77746185 3 14
2 125671706 7 129
2 128409116 11 58
2 167301341 3 16
2 175982723 12 52
2 202131375 9 29
2 202137390 27 117
2 242148934 3 17
3 49060156 40 182
3 49928032 14 43
3 126747837 8 47
3 129137132 13 31
4 109817864 8 34
4 140265339 6 24
4 165962566 14 42
4 187084634 13 74
5 89923108 7 42
5 141693820 9 74
5 169812334 17 89
6 6167746 21 52
6 136681011 26 104
6 146351336 6 48
8 22926500 5 15
8 30945312 21 76
8 32621515 14 45
8 105105782 4 57
9 126144403 4 12
9 128000573 9 40
10 29819539 38 112
10 115393903 6 149
11 10500113 18 339
11 65482336 23 72
11 122774779 25 61
12 53012246 18 86
13 45582975 5 21
14 38061461 39 95
14 97022682 16 82
15 44038800 15 40
15 72020908 28 76
16 20370667 31 191
16 68941376 13 96
16 78064470 6 96
17 7138794 3 8
17 10618753 4 20
18 28671107 4 15
19 5694505 17 75
19 51874995 61 135
