chromosome_index	start_position	end_position	major_cn	minor_cn	total_cn
1	10001	8353278	1.0	1.0	2.0
1	8353279	41896411	1.0	1.0	2.0
1	41896412	46803457	1.0	1.0	2.0
1	46803458	121499999	1.0	1.0	2.0
1	121500000	128899999	1.0	1.0	2.0
1	128900000	247247500	1.0	1.0	2.0
1	247247501	249250620	1.0	1.0	2.0
2	20016	90499999	1.0	1.0	2.0
2	90500000	96799999	1.0	1.0	2.0
2	96800000	242991569	1.0	1.0	2.0
3	100074	49444205	1.0	0.0	1.0
3	49444206	49485480	1.0	0.0	1.0
3	49485481	69347451	1.0	0.0	1.0
3	69347452	69693356	1.0	1.0	2.0
3	69693357	73414619	1.0	0.0	1.0
3	73414620	74138986	1.0	1.0	2.0
3	74138987	75420560	1.0	0.0	1.0
3	75420561	75634402	1.0	0.0	1.0
3	75634403	79316999	1.0	0.0	1.0
3	79317000	81287950	1.0	1.0	2.0
3	81287951	81955187	1.0	0.0	1.0
3	81955188	87899999	1.0	1.0	2.0
3	87900000	93899999	1.0	1.0	2.0
3	93900000	198022429	1.0	1.0	2.0
4	27500	48199999	1.0	1.0	2.0
4	48200000	52699999	1.0	1.0	2.0
4	52700000	172925084	1.0	1.0	2.0
4	172925085	172930833	1.0	1.0	2.0
4	172930834	190778060	1.0	1.0	2.0
5	14757	46099999	1.0	1.0	2.0
5	46100000	50699999	1.0	1.0	2.0
5	50700000	104913847	1.0	1.0	2.0
5	104913848	105549529	2.0	1.0	3.0
5	105549530	116123375	1.0	1.0	2.0
5	116123376	118670906	2.0	1.0	3.0
5	118670907	120954958	1.0	1.0	2.0
5	120954959	128400328	2.0	1.0	3.0
5	128400329	128537488	1.0	1.0	2.0
5	128537489	138751944	2.0	1.0	3.0
5	138751945	180689978	2.0	1.0	3.0
6	39681	180247	1.0	1.0	2.0
6	180248	17740013	1.0	1.0	2.0
6	17740014	36486217	1.0	1.0	2.0
6	36486218	36548000	1.0	1.0	2.0
6	36548001	58699999	1.0	1.0	2.0
6	58700000	63299999	1.0	1.0	2.0
6	63300000	170899934	1.0	1.0	2.0
7	40386	57999999	1.0	1.0	2.0
7	58000000	61699999	1.0	1.0	2.0
7	61700000	158817500	1.0	1.0	2.0
8	10001	170011	1.0	1.0	2.0
8	170012	4390007	1.0	1.0	2.0
8	4390008	43099999	1.0	1.0	2.0
8	43100000	48099999	1.0	1.0	2.0
8	48100000	68278414	1.0	1.0	2.0
8	68278415	68321756	1.0	1.0	2.0
8	68321757	90658505	1.0	1.0	2.0
8	90658506	90943121	1.0	1.0	2.0
8	90943122	138956969	1.0	1.0	2.0
8	138956970	138963379	1.0	1.0	2.0
8	138963380	146364021	1.0	1.0	2.0
9	59810	33632355	1.0	1.0	2.0
9	33632356	33696612	1.0	1.0	2.0
9	33696613	47299999	1.0	1.0	2.0
9	47300000	50699999	1.0	1.0	2.0
9	50700000	66518337	1.0	1.0	2.0
9	66518338	75753474	1.0	1.0	2.0
9	75753475	75821491	1.0	1.0	2.0
9	75821492	140267500	1.0	1.0	2.0
10	95096	19729870	1.0	1.0	2.0
10	19729871	19732616	1.0	1.0	2.0
10	19732617	37999999	1.0	1.0	2.0
10	38000000	42299999	1.0	1.0	2.0
10	42300000	135389924	1.0	1.0	2.0
11	190010	51599999	1.0	1.0	2.0
11	51600000	55699999	1.0	1.0	2.0
11	55700000	134442500	1.0	1.0	2.0
12	110107	33299999	1.0	1.0	2.0
12	33300000	38199999	1.0	1.0	2.0
12	38200000	40570402	1.0	1.0	2.0
12	40570403	40635325	1.0	1.0	2.0
12	40635326	132342500	1.0	1.0	2.0
12	132342501	133851894	1.0	1.0	2.0
13	16300000	19499999	1.0	1.0	2.0
13	19500000	114137500	1.0	1.0	2.0
13	114137501	115169877	1.0	1.0	2.0
14	16100000	19099999	1.0	0.0	1.0
14	19100000	19617499	1.0	0.0	1.0
14	19617500	20375050	1.0	0.0	1.0
14	20375051	74208247	1.0	0.0	1.0
14	74208248	74343854	1.0	0.0	1.0
14	74343855	74344622	1.0	0.0	1.0
14	74344623	74348565	1.0	0.0	1.0
14	74348566	79512500	1.0	0.0	1.0
14	79512501	86075540	1.0	0.0	1.0
14	86075541	86080423	1.0	0.0	1.0
14	86080424	106362500	1.0	0.0	1.0
15	15800000	20699999	1.0	1.0	2.0
15	20700000	64654305	1.0	1.0	2.0
15	64654306	64684417	1.0	1.0	2.0
15	64684418	100332500	1.0	1.0	2.0
15	100332501	102531391	1.0	1.0	2.0
16	100010	32649898	1.0	1.0	2.0
16	32649899	34599999	1.0	1.0	2.0
16	34600000	38599999	1.0	1.0	2.0
16	38600000	50075074	1.0	1.0	2.0
16	50075075	50226149	1.0	1.0	2.0
16	50226150	88777200	1.0	1.0	2.0
16	88777201	90354752	1.0	1.0	2.0
17	20628	21729	1.0	1.0	2.0
17	21730	22199999	1.0	1.0	2.0
17	22200000	25799999	1.0	1.0	2.0
17	25800000	78772500	1.0	1.0	2.0
17	78772501	81195209	1.0	1.0	2.0
18	27500	168241	1.0	0.0	1.0
18	168242	15399999	1.0	1.0	2.0
18	15400000	18999999	1.0	1.0	2.0
18	19000000	56155237	1.0	1.0	2.0
18	56155238	56237947	1.0	1.0	2.0
18	56237948	56243807	1.0	0.0	1.0
18	56243808	56245197	1.0	0.0	1.0
18	56245198	76117000	1.0	1.0	2.0
18	76117001	78077247	1.0	1.0	2.0
19	102500	260136	1.0	1.0	2.0
19	260137	18450704	1.0	1.0	2.0
19	18450705	18465283	1.0	1.0	2.0
19	18465284	24399999	1.0	1.0	2.0
19	24400000	28599999	1.0	1.0	2.0
19	28600000	37499845	1.0	1.0	2.0
19	37499846	37507929	1.0	1.0	2.0
19	37507930	59128982	1.0	1.0	2.0
20	17500	25599999	1.0	1.0	2.0
20	25600000	29399999	1.0	1.0	2.0
20	29400000	62432500	1.0	1.0	2.0
21	10900000	14299999	2.0	0.0	2.0
21	14300000	46937500	1.0	1.0	2.0
21	46937501	48129894	1.0	1.0	2.0
22	12200000	17899999	1.0	1.0	2.0
22	17900000	49687500	1.0	1.0	2.0
22	49687501	51304565	1.0	1.0	2.0
