chromosome_index position alt_count ref_count
1 33282864 18 99
1 220955136 7 104
2 44099378 12 60
2 100915722 6 37
2 209113113 27 39
5 1416304 10 69
5 126887329 8 11
5 136993906 44 69
5 140480514 10 162
6 18236804 7 63
6 136588241 9 85
6 167752140 31 51
7 70800596 7 91
7 130023308 19 52
8 8750372 4 20
8 95503832 6 126
8 139768055 11 167
9 713193 17 171
9 139291430 52 116
10 74879835 26 115
11 67400532 24 367
11 75282973 22 64
12 21327629 23 35
12 95926723 11 76
12 104033987 34 84
14 65409342 5 116
15 94927307 5 52
17 7578190 34 5
17 7578508 5 82
19 6187326 14 171
19 42873066 54 60
19 50365042 4 10
19 54314482 50 153
20 744513 6 87
