chromosome_index	start_position	end_position	major_cn	minor_cn	total_cn
1	1	121499999	1.0	1.0	2.0
1	121500000	128899999	1.0	1.0	2.0
1	128900000	144019969	1.0	1.0	2.0
1	144019970	149816036	1.0	1.0	2.0
1	149816037	211227509	2.0	1.0	3.0
1	211227510	211237054	2.0	1.0	3.0
1	211237055	239694344	2.0	1.0	3.0
1	239694345	239698781	2.0	1.0	3.0
1	239698782	247247500	2.0	1.0	3.0
1	247247501	249250620	2.0	1.0	3.0
2	46026	3501117	2.0	1.0	3.0
2	3501118	24030236	1.0	1.0	2.0
2	24030237	25116298	2.0	1.0	3.0
2	25116299	25425700	1.0	1.0	2.0
2	25425701	26804658	2.0	1.0	3.0
2	26804659	40868459	1.0	1.0	2.0
2	40868460	40871711	1.0	1.0	2.0
2	40871712	45598754	1.0	1.0	2.0
2	45598755	46883173	2.0	1.0	3.0
2	46883174	48031272	1.0	1.0	2.0
2	48031273	48035820	1.0	1.0	2.0
2	48035821	55464303	1.0	1.0	2.0
2	55464304	61003816	2.0	1.0	3.0
2	61003817	61162669	2.0	2.0	4.0
2	61162670	64896423	2.0	1.0	3.0
2	64896424	65206618	1.0	1.0	2.0
2	65206619	69417707	2.0	1.0	3.0
2	69417708	89149997	1.0	1.0	2.0
2	89149998	89179989	0.0	0.0	0.0
2	89179990	89442288	0.0	0.0	0.0
2	89442289	90499999	1.0	1.0	2.0
2	96800000	109035976	1.0	1.0	2.0
2	109035977	109102456	2.0	1.0	3.0
2	109102457	174780089	1.0	1.0	2.0
2	174780090	175329240	2.0	1.0	3.0
2	175329241	201596325	1.0	1.0	2.0
2	201596326	204296465	2.0	1.0	3.0
2	204296466	229086313	1.0	1.0	2.0
2	229086314	231311089	2.0	1.0	3.0
2	231311090	232275068	1.0	1.0	2.0
2	232275069	233057682	2.0	1.0	3.0
2	233057683	233061020	2.0	1.0	3.0
2	233061021	233858751	2.0	1.0	3.0
2	233858752	241999893	1.0	1.0	2.0
2	241999894	242980063	2.0	1.0	3.0
3	62226	87899999	1.0	1.0	2.0
3	87900000	93899999	1.0	1.0	2.0
3	93900000	109528625	1.0	1.0	2.0
3	109528626	110944908	1.0	0.0	1.0
3	110944909	116127982	1.0	1.0	2.0
3	116127983	116702455	1.0	0.0	1.0
3	116702456	116715496	1.0	1.0	2.0
3	116715497	116716000	1.0	1.0	2.0
3	116716001	198022429	1.0	1.0	2.0
4	27500	48199999	1.0	1.0	2.0
4	52700000	63151953	1.0	0.0	1.0
4	63151954	63359934	1.0	1.0	2.0
4	63359935	86069769	1.0	0.0	1.0
4	86069770	167232078	1.0	1.0	2.0
4	167232079	167239290	1.0	1.0	2.0
4	167239291	191154275	1.0	1.0	2.0
5	22500	46099999	1.0	1.0	2.0
5	46100000	50699999	1.0	1.0	2.0
5	50700000	107296353	1.0	1.0	2.0
5	107296354	107392382	1.0	0.0	1.0
5	107392383	180718031	1.0	1.0	2.0
6	39681	202776	1.0	1.0	2.0
6	202777	58699999	1.0	1.0	2.0
6	58700000	63299999	1.0	1.0	2.0
6	63300000	92595903	1.0	1.0	2.0
6	92595904	92607038	1.0	1.0	2.0
6	92607039	108489882	1.0	1.0	2.0
6	108489883	108492362	1.0	1.0	2.0
6	108492363	138199461	1.0	1.0	2.0
6	138199462	138202145	1.0	1.0	2.0
6	138202146	147555728	1.0	1.0	2.0
6	147555729	147637182	1.0	0.0	1.0
6	147637183	170919470	1.0	1.0	2.0
7	30631	57999999	1.0	1.0	2.0
7	58000000	61699999	1.0	1.0	2.0
7	61700000	158821400	1.0	1.0	2.0
8	10001	156293	1.0	0.0	1.0
8	156294	24014459	1.0	0.0	1.0
8	24014460	43099999	1.0	1.0	2.0
8	43100000	48099999	1.0	1.0	2.0
8	48100000	70528337	1.0	1.0	2.0
8	70528338	115097499	2.0	1.0	3.0
8	115097500	115139200	2.0	1.0	3.0
8	115139201	132999021	2.0	1.0	3.0
8	132999022	133000633	2.0	1.0	3.0
8	133000634	134789773	2.0	1.0	3.0
8	134789774	134791919	2.0	1.0	3.0
8	134791920	146364021	2.0	1.0	3.0
9	47500	203760	1.0	1.0	2.0
9	203761	2159964	1.0	1.0	2.0
9	2159965	2435902	13.0	1.0	14.0
9	2435903	2436200	13.0	1.0	14.0
9	2436201	2767047	1.0	1.0	2.0
9	2767048	2857619	3.0	1.0	4.0
9	2857620	3351525	1.0	1.0	2.0
9	3351526	3370043	12.0	1.0	13.0
9	3370044	3477293	12.0	1.0	13.0
9	3477294	5507449	1.0	1.0	2.0
9	5507450	5559052	1.0	1.0	2.0
9	5559053	6287577	1.0	1.0	2.0
9	6287578	6403839	1.0	1.0	2.0
9	6403840	10348071	1.0	1.0	2.0
9	10348072	10574811	12.0	1.0	13.0
9	10574812	10576694	12.0	1.0	13.0
9	10576695	11154688	1.0	1.0	2.0
9	11154689	11155051	1.0	1.0	2.0
9	11155052	11220927	22.0	1.0	23.0
9	11220928	12039566	1.0	1.0	2.0
9	12039567	12039581	1.0	1.0	2.0
9	12039582	12113083	1.0	1.0	2.0
9	12113084	12521060	1.0	1.0	2.0
9	12521061	12569052	2.0	1.0	3.0
9	12569053	13866117	1.0	1.0	2.0
9	13866118	13926074	12.0	1.0	13.0
9	13926075	21562983	1.0	1.0	2.0
9	21562984	21570459	23.0	1.0	24.0
9	21570460	21817446	23.0	1.0	24.0
9	21817447	22512526	1.0	1.0	2.0
9	22512527	22704713	2.0	1.0	3.0
9	22704714	22773635	1.0	1.0	2.0
9	22773636	22931848	2.0	1.0	3.0
9	22931849	23521855	1.0	1.0	2.0
9	23521856	25830000	1.0	1.0	2.0
9	25830001	25832633	1.0	1.0	2.0
9	25832634	25882710	11.0	1.0	12.0
9	25882711	27152499	1.0	1.0	2.0
9	27152500	27157500	11.0	1.0	12.0
9	27157501	27218461	2.0	1.0	3.0
9	27218462	28083591	1.0	1.0	2.0
9	28083592	28174096	2.0	1.0	3.0
9	28174097	28385793	1.0	1.0	2.0
9	28385794	28419618	7.0	0.0	7.0
9	28419619	28432372	7.0	0.0	7.0
9	28432373	29653743	1.0	1.0	2.0
9	29653744	29654296	1.0	1.0	2.0
9	29654297	29701918	12.0	1.0	13.0
9	29701919	29751849	12.0	1.0	13.0
9	29751850	29879704	12.0	1.0	13.0
9	29879705	30612363	1.0	1.0	2.0
9	30612364	30804352	12.0	1.0	13.0
9	30804353	32391273	1.0	1.0	2.0
9	32391274	32935471	2.0	1.0	3.0
9	32935472	33056775	23.0	1.0	24.0
9	33056776	34122307	2.0	1.0	3.0
9	34122308	34298683	13.0	1.0	14.0
9	34298684	34301438	13.0	1.0	14.0
9	34301439	34301657	13.0	1.0	14.0
9	34301658	36384111	2.0	1.0	3.0
9	36384112	36549707	14.0	1.0	15.0
9	36549708	44880518	2.0	1.0	3.0
9	44880519	47213112	3.0	1.0	4.0
9	50700000	70837500	2.0	1.0	3.0
9	70837501	71449698	1.0	1.0	2.0
9	71449699	71641273	11.0	1.0	12.0
9	71641274	73079967	1.0	1.0	2.0
9	73079968	73105238	10.0	1.0	11.0
9	73105239	74526410	1.0	1.0	2.0
9	74526411	74594284	1.0	1.0	2.0
9	74594285	74898830	1.0	1.0	2.0
9	74898831	75221061	13.0	1.0	14.0
9	75221062	76115271	1.0	1.0	2.0
9	76115272	76302718	2.0	1.0	3.0
9	76302719	77170279	1.0	1.0	2.0
9	77170280	78619759	2.0	1.0	3.0
9	78619760	78759094	2.0	2.0	4.0
9	78759095	82129988	2.0	1.0	3.0
9	82129989	82190031	2.0	2.0	4.0
9	82190032	84741957	2.0	1.0	3.0
9	84741958	84831742	22.0	2.0	24.0
9	84831743	84941022	22.0	2.0	24.0
9	84941023	84941813	22.0	2.0	24.0
9	84941814	90114775	2.0	1.0	3.0
9	90114776	90119430	2.0	1.0	3.0
9	90119431	90679588	2.0	1.0	3.0
9	90679589	91045563	2.0	1.0	3.0
9	91045564	91251596	11.0	2.0	13.0
9	91251597	93609722	2.0	1.0	3.0
9	93609723	93620006	2.0	1.0	3.0
9	93620007	97101994	2.0	1.0	3.0
9	97101995	97102125	2.0	1.0	3.0
9	97102126	97246899	2.0	1.0	3.0
9	97246900	97999278	2.0	1.0	3.0
9	97999279	98000334	2.0	1.0	3.0
9	98000335	99311462	2.0	1.0	3.0
9	99311463	99314453	2.0	1.0	3.0
9	99314454	105988837	2.0	1.0	3.0
9	105988838	106161955	2.0	2.0	4.0
9	106161956	113844121	2.0	1.0	3.0
9	113844122	113996845	12.0	2.0	14.0
9	113996846	130371800	2.0	1.0	3.0
9	130371801	140273200	2.0	1.0	3.0
9	140273201	141027939	2.0	1.0	3.0
10	90127	37999999	1.0	1.0	2.0
10	38000000	42299999	1.0	1.0	2.0
10	42300000	109278019	1.0	1.0	2.0
10	109278020	135389924	1.0	0.0	1.0
11	20721	196943	1.0	1.0	2.0
11	196944	51599999	1.0	1.0	2.0
11	51600000	55699999	1.0	1.0	2.0
11	55700000	134452200	1.0	1.0	2.0
12	110107	33299999	1.0	1.0	2.0
12	33300000	38199999	1.0	1.0	2.0
12	38200000	132349400	1.0	1.0	2.0
12	132349401	133851894	1.0	1.0	2.0
13	1	16299999	1.0	1.0	2.0
13	16300000	19499999	1.0	1.0	2.0
13	19500000	30696473	1.0	1.0	2.0
13	30696474	31385484	1.0	0.0	1.0
13	31385485	74381153	1.0	1.0	2.0
13	74381154	74531628	1.0	0.0	1.0
13	74531629	114142800	1.0	1.0	2.0
13	114142801	115169877	1.0	1.0	2.0
14	1	16099999	1.0	1.0	2.0
14	16100000	19099999	1.0	1.0	2.0
14	19100000	106055604	1.0	1.0	2.0
14	106055605	106326778	3.0	1.0	4.0
14	106326779	106368400	1.0	0.0	1.0
14	106368401	106804973	1.0	0.0	1.0
15	1	15799999	1.0	1.0	2.0
15	15800000	20699999	1.0	1.0	2.0
15	20700000	100338800	1.0	1.0	2.0
15	100338801	102531391	1.0	1.0	2.0
16	9999	10964730	1.0	1.0	2.0
16	10964731	10991694	1.0	0.0	1.0
16	10991695	26480717	1.0	1.0	2.0
16	26480718	26506804	2.0	1.0	3.0
16	26506805	34599999	1.0	1.0	2.0
16	34600000	38599999	1.0	1.0	2.0
16	38600000	68561542	1.0	1.0	2.0
16	68561543	73134016	1.0	0.0	1.0
16	73134017	88827200	1.0	1.0	2.0
16	88827201	90354752	1.0	1.0	2.0
17	37007	22199999	1.0	1.0	2.0
17	22200000	25799999	1.0	1.0	2.0
17	25800000	73302789	1.0	1.0	2.0
17	73302790	73318333	1.0	1.0	2.0
17	73318334	78774600	1.0	1.0	2.0
17	78774601	81195209	1.0	1.0	2.0
18	10001	75323	2.0	0.0	2.0
18	75324	15399999	2.0	0.0	2.0
18	15400000	18999999	2.0	0.0	2.0
18	19000000	76117000	2.0	0.0	2.0
18	76117001	78077247	2.0	0.0	2.0
19	102500	226775	1.0	1.0	2.0
19	226776	1901498	1.0	1.0	2.0
19	1901499	2113847	1.0	0.0	1.0
19	2113848	6030374	1.0	1.0	2.0
19	6030375	6585027	1.0	0.0	1.0
19	6585028	10654405	1.0	1.0	2.0
19	10654406	11710099	2.0	1.0	3.0
19	11710100	11712488	2.0	1.0	3.0
19	11712489	14634271	3.0	1.0	4.0
19	14634272	15334910	4.0	1.0	5.0
19	15334911	15335290	4.0	1.0	5.0
19	15335291	17398146	4.0	1.0	5.0
19	17398147	17400572	4.0	1.0	5.0
19	17400573	17404926	3.0	1.0	4.0
19	17404927	21526980	3.0	1.0	4.0
19	21526981	21533809	3.0	1.0	4.0
19	21533810	22536124	2.0	1.0	3.0
19	22536125	22687839	1.0	1.0	2.0
19	22687840	22952508	2.0	1.0	3.0
19	22952509	22952529	2.0	1.0	3.0
19	22952530	22981017	2.0	1.0	3.0
19	22981018	22986209	2.0	1.0	3.0
19	22986210	24399999	2.0	1.0	3.0
19	28600000	59128982	1.0	1.0	2.0
20	37112	25599999	1.0	1.0	2.0
20	25600000	29399999	1.0	1.0	2.0
20	29400000	62155397	1.0	1.0	2.0
20	62155398	62163585	1.0	1.0	2.0
20	62163586	62432500	1.0	1.0	2.0
21	10900000	14299999	1.0	1.0	2.0
21	14300000	46937500	1.0	1.0	2.0
21	46937501	48129894	1.0	1.0	2.0
22	1	12199999	1.0	1.0	2.0
22	12200000	17899999	1.0	1.0	2.0
22	17900000	49687500	1.0	1.0	2.0
22	49687501	51304565	1.0	1.0	2.0
