chromosome_index position alt_count ref_count
1 20501520 8 33
1 68949739 24 66
1 86952423 34 78
1 114445388 34 61
1 117078706 16 67
1 144880779 26 552
1 152285005 45 455
1 152732065 19 41
1 160160462 3 14
1 162039943 22 71
1 165322491 4 22
1 172520690 14 61
1 174987657 18 142
1 182781313 25 37
1 186276765 7 26
1 204588134 23 26
1 216424244 12 17
1 230796514 107 155
1 240341284 43 68
1 240371038 11 18
1 248112524 150 162
2 1664699 25 63
2 1664700 25 62
2 10925052 3 11
2 27806571 17 60
2 33036187 25 68
2 44065213 7 7
2 65299172 45 209
2 113069435 7 33
2 166164370 45 252
2 168102139 21 86
2 169780261 28 114
2 175618376 31 85
2 178098944 37 56
2 179454485 64 252
2 183730876 10 24
2 207452057 31 105
2 218713180 11 44
2 219137389 66 289
2 225376242 28 106
3 14706570 27 175
3 42445550 16 60
3 47614277 14 56
3 57489909 10 55
3 73433255 31 97
3 74419134 18 79
3 74419135 17 76
3 97454768 12 53
3 108077008 13 49
3 108351803 29 124
3 174814846 10 264
3 182681668 12 371
4 650791 20 63
4 955299 6 16
4 5961029 13 66
4 9784721 28 108
4 42403508 17 52
4 89671652 20 93
4 111539595 16 55
4 119203230 28 60
4 134072195 27 73
4 134072565 93 271
4 144468620 27 49
4 146479006 60 154
4 173269787 18 161
4 183714169 7 54
4 184626196 38 174
5 31409194 15 79
5 37605177 12 27
5 80363900 29 72
5 82789510 27 98
5 107216707 30 76
5 140482445 23 82
5 140616485 10 27
5 147661774 19 77
5 176637416 23 90
6 7247354 15 28
6 12122201 21 52
6 27100317 20 177
6 28542626 12 44
6 28542795 16 82
6 29323110 51 127
6 33272838 11 115
6 41754618 37 118
6 42643823 12 153
6 42985434 28 81
6 66204975 12 143
6 80223047 42 138
6 86201753 51 238
6 97246607 28 71
6 111982872 7 65
6 129475703 10 89
6 149982764 11 29
6 159044617 4 55
6 165749635 8 62
7 6183809 6 21
7 14217688 18 101
7 20698849 11 28
7 23766889 17 87
7 27135598 11 64
7 27150111 4 22
7 71488694 40 101
7 77764405 24 143
7 81386586 26 77
7 96251904 11 45
7 99048393 22 127
7 99711547 37 126
7 100676743 117 461
7 106508508 12 43
7 107791176 28 45
7 116955161 28 146
7 122635320 15 77
7 149515739 4 31
8 2966161 7 25
8 6728282 24 60
8 9562186 36 100
8 55372672 9 15
8 59404139 23 67
8 71071794 44 213
8 72964957 28 112
8 74903753 45 201
8 95531467 8 104
8 99234724 28 127
8 110424585 14 52
8 113418957 23 82
9 26928209 33 100
9 35378362 38 198
9 86482655 67 92
9 97041047 3 66
9 101304211 44 50
9 111656249 43 69
10 30318554 66 195
10 49482658 34 106
10 85993952 12 150
10 95380397 7 120
11 4903941 14 110
11 5142492 12 48
11 10821167 41 127
11 17426064 12 155
11 22277035 59 206
11 22384297 27 87
11 55340171 32 149
11 55406404 30 47
11 55418601 72 110
11 55657502 16 70
11 55798382 48 288
11 58275211 12 54
11 60885660 38 135
11 62342847 29 121
11 63277350 8 43
11 64846928 21 90
11 77412491 52 201
11 84028000 41 187
11 92086219 11 33
11 92533104 8 24
11 113860284 40 139
11 122720812 11 70
12 7362674 12 86
12 11546368 61 500
12 12232614 28 213
12 14949741 39 95
12 51759273 24 88
12 53045439 47 158
12 53899892 10 43
12 65449838 19 104
12 85285815 81 241
12 86374017 39 216
12 86374018 41 216
12 101794928 25 103
12 112844596 10 56
12 120172134 17 71
12 133435751 11 100
13 46730657 38 148
13 53307423 23 160
14 21109802 55 265
14 21794322 7 31
14 21859633 12 54
14 24975388 16 45
14 57092202 32 90
14 61115926 4 19
14 81557425 16 150
14 89168804 4 100
14 95058578 184 188
15 24924486 15 81
15 27571980 33 150
15 34526054 6 53
15 43363018 16 243
15 86270386 30 99
15 88727478 13 73
15 89744375 9 41
15 91795123 26 100
15 100533367 25 108
16 30080176 28 140
16 50245246 11 44
16 55734171 46 108
16 71319538 30 120
16 80718824 35 112
16 87723731 4 13
16 88052143 14 63
17 29496972 13 69
17 48655853 24 62
17 62893229 15 206
17 72352884 3 31
18 3534195 10 96
18 5407707 12 121
18 5428437 17 169
18 5428438 17 165
18 21451477 27 85
18 28588002 5 82
18 28648028 22 100
18 40323576 40 141
18 47432926 16 70
18 67508750 3 6
19 2334702 5 20
19 3179893 43 148
19 13941421 50 192
19 20044847 15 86
19 20829110 25 135
19 36370346 15 62
19 39798962 8 20
19 40377036 8 7
19 48342762 45 123
20 25201919 17 58
21 27090050 9 29
22 19371175 23 216
22 42071111 21 113
22 45221390 12 32
