chromosome_index position alt_count ref_count
1 3775293 8 58
1 6189120 5 24
1 13669309 7 13
1 14107267 11 107
1 19062320 5 93
1 23191577 8 53
1 23233321 7 50
1 25617155 12 83
1 27105513 159 168
1 27685227 7 45
1 29630479 12 39
1 33244985 5 83
1 33741707 6 54
1 39851472 4 58
1 41978959 5 101
1 42628489 3 17
1 45292608 12 243
1 60359276 21 332
1 74957799 52 175
1 90178606 20 111
1 90400677 6 93
1 92177810 9 32
1 92846337 6 116
1 149785231 8 48
1 151378718 13 74
1 153745683 18 146
1 156132886 8 60
1 156255196 12 44
1 157740399 7 44
1 159779472 4 50
1 169696647 5 46
1 181727101 5 91
1 203455927 5 59
1 205389583 4 80
1 245704126 10 114
1 248059005 40 126
1 248263219 37 171
2 42670996 4 19
2 46985797 8 47
2 58366924 9 57
2 71415605 3 15
2 74598237 25 341
2 89265879 21 207
2 105859168 49 147
2 106690499 8 81
2 112944983 8 120
2 137990641 5 30
2 152992113 6 109
2 179408275 4 31
2 179417845 4 64
2 183593668 4 78
2 186678578 10 77
2 200790353 5 62
2 207820188 9 82
2 217279405 4 44
2 227662669 10 83
2 233396134 15 65
2 242375921 8 92
3 2967352 12 106
3 33195442 4 32
3 40574034 12 53
3 49227333 21 154
3 52556204 9 47
3 52610695 12 37
3 56763272 3 34
3 57233925 4 76
3 58260420 10 88
3 93619668 4 62
3 100093959 8 114
3 105264131 13 91
3 114058128 9 129
3 122632748 7 67
3 124103819 7 72
3 126229550 4 37
3 131442406 12 141
3 147128729 7 114
3 165547539 26 109
3 167183292 18 79
3 184573526 25 205
3 196098766 13 114
4 5627539 14 69
4 5803748 7 39
4 6606906 10 92
4 13606646 11 45
4 46125987 4 7
4 46995377 9 85
4 47517498 10 63
4 69184574 8 74
4 72897896 9 16
4 79461950 5 28
4 87744985 9 65
4 89034556 27 174
4 101109029 6 54
4 121966924 5 66
4 134073201 10 57
4 166986858 12 76
4 187074826 39 137
4 188924094 7 58
5 1814513 24 83
5 7626396 22 71
5 13717570 5 47
5 16701576 4 48
5 17354467 17 33
5 36257585 15 47
5 44388640 7 57
5 79024982 10 124
5 127671202 14 191
5 133311636 10 186
5 135513027 3 25
5 139060342 14 123
5 139231209 14 68
5 140346661 3 27
5 140574118 7 103
5 140627116 7 98
5 140720916 9 153
5 140812130 12 130
5 149294523 7 98
5 154396439 7 141
5 156589984 8 104
5 158141123 21 134
5 169680150 4 13
5 173317108 12 76
5 176868758 4 73
6 12164647 8 54
6 26370758 14 131
6 26388404 12 109
6 27100525 28 54
6 27834673 7 29
6 41774530 19 161
6 43193638 6 50
6 49803156 7 98
6 70423555 6 75
6 90402780 3 31
6 109466443 15 184
6 109771540 8 86
6 127440347 11 94
6 134210545 9 86
6 135239833 12 102
6 136599130 4 73
6 153043061 11 102
6 154520863 14 99
6 157222537 11 29
6 160468929 4 50
6 161006078 13 200
6 161781145 14 140
7 892494 7 151
7 4185509 5 53
7 6187480 7 143
7 6485687 7 83
7 16900207 8 96
7 21521594 11 131
7 21779241 16 72
7 21923928 6 73
7 24901354 15 102
7 37951870 32 83
7 44579712 5 52
7 47968815 9 128
7 48391962 6 41
7 91694563 4 42
7 100348417 3 29
7 107303837 24 112
7 111368486 5 56
7 131830026 5 83
7 131912322 6 46
7 143747978 30 264
7 143772113 26 279
7 150325544 35 453
8 8176049 5 32
8 25280807 12 97
8 33449592 6 71
8 52321502 6 39
8 54163414 4 33
8 56436682 7 110
8 113702268 17 149
8 142228927 14 100
8 144990986 8 82
9 2653909 4 53
9 14859271 19 74
9 20620722 9 139
9 32634323 26 240
9 37740286 4 52
9 87339221 52 147
9 87549188 7 56
9 95491364 4 45
9 98278952 5 48
9 102590482 10 77
9 107533147 15 69
9 128064646 8 68
9 139929558 4 35
9 140074684 4 47
10 1058577 3 38
10 28023608 12 95
10 32576130 10 81
10 63851485 9 117
10 89717672 16 83
10 98079101 10 170
10 99196230 11 137
10 128149986 8 25
11 619478 7 76
11 764847 6 55
11 2356952 21 118
11 2432908 14 60
11 4674130 9 65
11 6008025 12 30
11 9082038 14 119
11 10526171 9 112
11 16007846 14 169
11 18579822 7 69
11 18636447 8 70
11 20398124 13 102
11 30033696 14 44
11 44129759 5 33
11 45672345 15 47
11 49208318 6 63
11 56237824 7 130
11 64572229 6 42
11 66291009 5 51
11 76900480 7 55
11 77775382 7 27
11 103866942 13 64
11 103908214 8 115
11 113268051 3 28
11 114401135 4 71
11 117161234 5 41
11 117710884 4 10
11 117860290 12 44
11 124747173 13 108
12 7177276 5 62
12 8374624 4 26
12 10223902 10 95
12 32755181 9 90
12 33529822 7 45
12 38714359 12 296
12 52681893 29 80
12 52776281 5 71
12 52882159 8 143
12 66641720 17 94
12 94976111 15 117
12 101720872 11 80
12 119954458 6 47
12 124209219 16 157
12 133196038 16 92
12 133237570 12 109
13 25670305 6 69
13 36686031 19 62
13 67801710 11 95
13 88329874 4 64
13 101712255 9 62
13 103528319 4 10
13 111082904 15 120
14 20389116 11 224
14 20711877 27 77
14 21052027 6 60
14 21549161 23 106
14 21793997 4 41
14 23817839 9 79
14 24836397 7 53
14 32561828 20 139
14 35037121 7 64
14 68151905 6 43
15 22473170 13 167
15 28441687 5 83
15 31197648 6 55
15 42145505 6 38
15 55724733 6 80
15 68649512 6 42
15 74425596 6 85
15 81592262 4 47
15 81605558 15 29
15 84651760 4 69
15 98514381 23 84
15 99500617 4 41
15 101606846 7 196
16 3168941 7 85
16 4312613 12 111
16 8722947 22 277
16 9857287 10 54
16 11260312 7 44
16 20855996 7 89
16 21042477 9 61
16 22319478 6 46
16 24579195 4 41
16 30750774 5 52
16 31234251 30 85
16 55903586 6 20
16 67290943 16 131
16 67964638 15 51
16 67978929 6 72
16 68055675 4 43
16 75563965 7 51
16 87870208 4 34
16 89986277 7 40
17 5048857 7 62
17 10354172 8 112
17 11806090 21 75
17 27959108 30 74
17 29552243 11 164
17 33772152 6 167
17 37235398 8 71
17 38318390 22 66
17 38319064 13 52
17 38319117 15 60
17 38323834 10 75
17 38323862 9 50
17 38324513 23 154
17 38324586 16 115
17 38324639 8 102
17 38325584 30 164
17 38325681 24 122
17 38458232 10 89
17 39567653 4 34
17 39593663 5 12
17 39888482 13 55
17 39890671 9 22
17 40842152 9 179
17 46669802 8 42
17 46799756 4 45
17 48701418 8 47
17 51901324 19 82
17 54923170 5 42
17 56272519 22 70
17 73871176 7 63
17 74878309 10 26
17 76490732 22 139
17 76496429 3 17
17 78360611 7 48
17 78857671 17 67
17 80044363 9 32
17 80159471 3 26
18 13825764 7 115
18 21214092 5 69
18 21407422 5 66
18 22806394 9 76
18 51013255 7 100
18 61223522 15 196
18 65179723 28 47
18 72180886 5 93
18 74620354 7 142
18 74692266 9 49
19 1093981 4 29
19 3207402 8 211
19 6707183 6 33
19 8620596 12 53
19 10625085 4 14
19 11915446 23 79
19 15281167 7 36
19 17983472 3 24
19 19609527 3 41
19 19625866 4 61
19 30165559 5 10
19 38572746 7 48
19 42566769 9 92
19 44237020 5 60
19 49863201 10 73
19 51022587 9 39
19 52469108 22 167
19 53612518 9 66
19 54611352 6 65
19 57335031 8 76
19 57647341 21 163
19 58967763 9 66
20 4880333 15 135
20 17928170 5 77
20 24524112 12 110
20 30585189 12 59
20 32344953 16 225
20 33509633 36 288
20 33764082 10 92
20 33842535 9 95
20 34214684 10 49
20 39831076 7 123
20 42973989 8 114
20 62197020 3 39
20 62221390 3 15
20 62571599 9 26
21 46191262 7 49
22 18028575 4 37
22 20077195 8 86
22 21075694 18 89
22 29745311 6 76
22 31741321 3 33
22 38935386 6 59
22 39884327 11 148
22 41075595 4 51
22 44022428 14 41
