chromosome_index	start_position	end_position	major_cn	minor_cn	total_cn
1	10001	839962	1.0	1.0	2.0
1	839963	6235249	1.0	1.0	2.0
1	6235250	6235773	1.0	1.0	2.0
1	6235774	9630771	1.0	1.0	2.0
1	9630772	9632976	1.0	1.0	2.0
1	9632977	18587089	1.0	1.0	2.0
1	18587090	18588062	1.0	1.0	2.0
1	18588063	21720542	1.0	1.0	2.0
1	21720543	21721434	1.0	1.0	2.0
1	21721435	29102674	1.0	1.0	2.0
1	29102675	29103486	1.0	1.0	2.0
1	29103487	42519957	1.0	1.0	2.0
1	42519958	51154926	1.0	1.0	2.0
1	51154927	51156899	1.0	1.0	2.0
1	51156900	59933173	1.0	1.0	2.0
1	59933174	59935598	1.0	1.0	2.0
1	59935599	69824801	1.0	1.0	2.0
1	69824802	69826202	1.0	1.0	2.0
1	69826203	73510061	1.0	1.0	2.0
1	73510062	75525754	1.0	1.0	2.0
1	75525755	75527724	1.0	1.0	2.0
1	75527725	78976260	1.0	1.0	2.0
1	78976261	78980409	1.0	1.0	2.0
1	78980410	84598572	1.0	1.0	2.0
1	84598573	84600259	1.0	1.0	2.0
1	84600260	85297273	1.0	1.0	2.0
1	85297274	85298547	1.0	1.0	2.0
1	85298548	97483712	1.0	1.0	2.0
1	97483713	102501989	1.0	1.0	2.0
1	102501990	102503631	1.0	1.0	2.0
1	102503632	117918778	1.0	1.0	2.0
1	117918779	117920493	1.0	1.0	2.0
1	117920494	121499999	1.0	1.0	2.0
1	121500000	128899999	1.0	1.0	2.0
1	128900000	142545808	1.0	1.0	2.0
1	142545809	153342938	1.0	1.0	2.0
1	153342939	153344691	1.0	1.0	2.0
1	153344692	164214709	1.0	1.0	2.0
1	164214710	164215778	1.0	1.0	2.0
1	164215779	172975807	1.0	1.0	2.0
1	172975808	172976648	1.0	1.0	2.0
1	172976649	181400711	1.0	1.0	2.0
1	181400712	181401381	1.0	1.0	2.0
1	181401382	189256506	1.0	1.0	2.0
1	189256507	189257305	1.0	1.0	2.0
1	189257306	189258758	1.0	1.0	2.0
1	189258759	189258892	1.0	1.0	2.0
1	189258893	217360967	1.0	1.0	2.0
1	217360968	217361288	1.0	1.0	2.0
1	217361289	222873110	1.0	1.0	2.0
1	222873111	222874101	1.0	1.0	2.0
1	222874102	233711816	1.0	1.0	2.0
1	233711817	233713884	1.0	1.0	2.0
1	233713885	247249600	1.0	1.0	2.0
1	247249601	247439996	2.0	1.0	3.0
1	247439997	249250620	1.0	1.0	2.0
2	42999	1779084	1.0	1.0	2.0
2	1779085	1780211	1.0	1.0	2.0
2	1780212	2990202	1.0	1.0	2.0
2	2990203	2991816	1.0	1.0	2.0
2	2991817	23268234	1.0	1.0	2.0
2	23268235	23269740	1.0	1.0	2.0
2	23269741	23992265	1.0	1.0	2.0
2	23992266	23992815	1.0	1.0	2.0
2	23992816	25189380	1.0	1.0	2.0
2	25189381	25190533	1.0	1.0	2.0
2	25190534	26986898	1.0	1.0	2.0
2	26986899	26988116	1.0	1.0	2.0
2	26988117	50728498	1.0	1.0	2.0
2	50728499	50729595	1.0	1.0	2.0
2	50729596	76331863	1.0	1.0	2.0
2	76331864	76332669	1.0	1.0	2.0
2	76332670	79320404	1.0	1.0	2.0
2	79320405	81158508	1.0	1.0	2.0
2	81158509	81159808	1.0	1.0	2.0
2	81159809	81760812	1.0	1.0	2.0
2	81760813	81762664	1.0	1.0	2.0
2	81762665	89838616	1.0	1.0	2.0
2	89838617	96799999	1.0	1.0	2.0
2	96800000	99839716	1.0	1.0	2.0
2	99839717	99840773	1.0	1.0	2.0
2	99840774	123474081	1.0	1.0	2.0
2	123474082	123475756	1.0	1.0	2.0
2	123475757	134566964	1.0	1.0	2.0
2	134566965	134568913	1.0	1.0	2.0
2	134568914	138558354	1.0	1.0	2.0
2	138558355	138612002	1.0	1.0	2.0
2	138612003	138614782	1.0	1.0	2.0
2	138614783	139847964	1.0	1.0	2.0
2	139847965	141687228	1.0	1.0	2.0
2	141687229	144187162	1.0	1.0	2.0
2	144187163	149187118	1.0	1.0	2.0
2	149187119	149189459	1.0	1.0	2.0
2	149189460	156591138	1.0	1.0	2.0
2	156591139	156592306	1.0	1.0	2.0
2	156592307	184663174	1.0	1.0	2.0
2	184663175	184726481	1.0	1.0	2.0
2	184726482	185122065	1.0	1.0	2.0
2	185122066	185659392	1.0	1.0	2.0
2	185659393	185662109	1.0	1.0	2.0
2	185662110	190843056	1.0	1.0	2.0
2	190843057	190845368	1.0	1.0	2.0
2	190845369	194728258	1.0	1.0	2.0
2	194728259	194729922	1.0	1.0	2.0
2	194729923	198036783	1.0	1.0	2.0
2	198036784	198038683	1.0	1.0	2.0
2	198038684	212097159	1.0	1.0	2.0
2	212097160	212100893	1.0	1.0	2.0
2	212100894	223392007	1.0	1.0	2.0
2	223392008	223393059	1.0	1.0	2.0
2	223393060	226786718	1.0	1.0	2.0
2	226786719	226787958	1.0	1.0	2.0
2	226787959	242988905	1.0	1.0	2.0
3	62226	7560022	1.0	1.0	2.0
3	7560023	7578049	1.0	1.0	2.0
3	7578050	14099991	1.0	1.0	2.0
3	14099992	18954128	1.0	1.0	2.0
3	18954129	18955714	1.0	1.0	2.0
3	18955715	22643972	1.0	1.0	2.0
3	22643973	22646317	1.0	1.0	2.0
3	22646318	27325517	1.0	1.0	2.0
3	27325518	29508379	1.0	1.0	2.0
3	29508380	29509218	1.0	1.0	2.0
3	29509219	49788672	1.0	1.0	2.0
3	49788673	49789997	1.0	1.0	2.0
3	49789998	51157273	1.0	1.0	2.0
3	51157274	78621749	1.0	1.0	2.0
3	78621750	79217209	1.0	1.0	2.0
3	79217210	79315781	1.0	1.0	2.0
3	79315782	79324221	1.0	1.0	2.0
3	79324222	79349655	1.0	1.0	2.0
3	79349656	81719949	1.0	1.0	2.0
3	81719950	82331890	1.0	1.0	2.0
3	82331891	83483542	1.0	1.0	2.0
3	83483543	84311308	1.0	1.0	2.0
3	84311309	84313118	1.0	1.0	2.0
3	84313119	84428500	1.0	1.0	2.0
3	84428501	85794357	1.0	1.0	2.0
3	85794358	85795339	1.0	1.0	2.0
3	85795340	87899999	1.0	1.0	2.0
3	87900000	94552407	1.0	1.0	2.0
3	94552408	94554042	1.0	1.0	2.0
3	94554043	121640477	1.0	1.0	2.0
3	121640478	135012830	1.0	1.0	2.0
3	135012831	135014063	1.0	1.0	2.0
3	135014064	135779980	1.0	1.0	2.0
3	135779981	136039797	1.0	1.0	2.0
3	136039798	136040644	1.0	1.0	2.0
3	136040645	137713843	1.0	1.0	2.0
3	137713844	137714396	1.0	1.0	2.0
3	137714397	140503046	1.0	1.0	2.0
3	140503047	140504852	1.0	1.0	2.0
3	140504853	145723998	1.0	1.0	2.0
3	145723999	145725615	1.0	1.0	2.0
3	145725616	146589578	1.0	1.0	2.0
3	146589579	146590220	1.0	1.0	2.0
3	146590221	156699320	1.0	1.0	2.0
3	156699321	156700839	1.0	1.0	2.0
3	156700840	157568214	1.0	1.0	2.0
3	157568215	157569326	1.0	1.0	2.0
3	157569327	164372233	1.0	1.0	2.0
3	164372234	164373985	1.0	1.0	2.0
3	164373986	167867721	1.0	1.0	2.0
3	167867722	167868069	1.0	1.0	2.0
3	167868070	172263050	1.0	1.0	2.0
3	172263051	172263711	1.0	1.0	2.0
3	172263712	177883159	1.0	1.0	2.0
3	177883160	177883624	1.0	1.0	2.0
3	177883625	184770823	1.0	1.0	2.0
3	184770824	184772025	1.0	1.0	2.0
3	184772026	188520448	1.0	1.0	2.0
3	188520449	188521031	1.0	1.0	2.0
3	188521032	197809817	1.0	1.0	2.0
4	59541	1499226	1.0	1.0	2.0
4	1499227	1500254	1.0	1.0	2.0
4	1500255	15893856	1.0	1.0	2.0
4	15893857	15895398	1.0	1.0	2.0
4	15895399	16304652	1.0	1.0	2.0
4	16304653	16306170	1.0	1.0	2.0
4	16306171	17475501	1.0	1.0	2.0
4	17475502	17476751	1.0	1.0	2.0
4	17476752	26316825	1.0	1.0	2.0
4	26316826	26318478	1.0	1.0	2.0
4	26318479	27366670	1.0	1.0	2.0
4	27366671	27368129	1.0	1.0	2.0
4	27368130	30892022	1.0	1.0	2.0
4	30892023	30893480	1.0	1.0	2.0
4	30893481	44795492	1.0	1.0	2.0
4	44795493	44797231	1.0	1.0	2.0
4	44797232	48199999	1.0	1.0	2.0
4	48200000	52699999	1.0	1.0	2.0
4	52700000	57533541	1.0	1.0	2.0
4	57533542	57536442	1.0	1.0	2.0
4	57536443	61500133	1.0	1.0	2.0
4	61500134	61501751	1.0	1.0	2.0
4	61501752	62095807	1.0	1.0	2.0
4	62095808	62096735	1.0	1.0	2.0
4	62096736	81854218	1.0	1.0	2.0
4	81854219	81855805	1.0	1.0	2.0
4	81855806	89085956	1.0	1.0	2.0
4	89085957	89086978	1.0	1.0	2.0
4	89086979	91664897	1.0	1.0	2.0
4	91664898	91669373	1.0	1.0	2.0
4	91669374	117631478	1.0	1.0	2.0
4	117631479	117633160	1.0	1.0	2.0
4	117633161	118096738	1.0	1.0	2.0
4	118096739	118097613	1.0	1.0	2.0
4	118097614	137120211	1.0	1.0	2.0
4	137120212	137126075	1.0	1.0	2.0
4	137126076	140267715	1.0	1.0	2.0
4	140267716	140269197	1.0	1.0	2.0
4	140269198	163128817	1.0	1.0	2.0
4	163128818	163140318	1.0	1.0	2.0
4	163140319	169924566	1.0	1.0	2.0
4	169924567	169925806	1.0	1.0	2.0
4	169925807	171623134	1.0	1.0	2.0
4	171623135	171624066	1.0	1.0	2.0
4	171624067	191154275	1.0	1.0	2.0
5	22500	1199020	1.0	1.0	2.0
5	1199021	1199542	1.0	1.0	2.0
5	1199543	2211092	1.0	1.0	2.0
5	2211093	2212582	1.0	1.0	2.0
5	2212583	11457006	1.0	1.0	2.0
5	11457007	11459426	1.0	1.0	2.0
5	11459427	20578304	1.0	1.0	2.0
5	20578305	20579813	1.0	1.0	2.0
5	20579814	23229109	1.0	1.0	2.0
5	23229110	23229937	1.0	1.0	2.0
5	23229938	40073993	1.0	1.0	2.0
5	40073994	40074864	1.0	1.0	2.0
5	40074865	46099999	1.0	1.0	2.0
5	46100000	50699999	1.0	1.0	2.0
5	50700000	61323200	1.0	1.0	2.0
5	61323201	76494650	1.0	0.0	1.0
5	76494651	76496162	1.0	0.0	1.0
5	76496163	99052515	1.0	0.0	1.0
5	99052516	99459644	1.0	1.0	2.0
5	99459645	99497916	1.0	1.0	2.0
5	99497917	99501146	1.0	1.0	2.0
5	99501147	99709355	1.0	1.0	2.0
5	99709356	100448572	1.0	0.0	1.0
5	100448573	100451002	1.0	1.0	2.0
5	100451003	114195460	1.0	0.0	1.0
5	114195461	114223124	1.0	1.0	2.0
5	114223125	114225560	1.0	1.0	2.0
5	114225561	117263340	1.0	0.0	1.0
5	117263341	117301229	1.0	1.0	2.0
5	117301230	119032226	1.0	0.0	1.0
5	119032227	123130005	1.0	1.0	2.0
5	123130006	125448006	1.0	1.0	2.0
5	125448007	125450064	1.0	1.0	2.0
5	125450065	140316633	1.0	1.0	2.0
5	140316634	140317518	1.0	1.0	2.0
5	140317519	155283348	1.0	1.0	2.0
5	155283349	155284935	1.0	1.0	2.0
5	155284936	180715810	1.0	1.0	2.0
6	39681	205695	1.0	1.0	2.0
6	205696	14286125	1.0	1.0	2.0
6	14286126	14287547	1.0	1.0	2.0
6	14287548	16619511	1.0	1.0	2.0
6	16619512	16620637	1.0	1.0	2.0
6	16620638	27693669	1.0	1.0	2.0
6	27693670	27695891	1.0	1.0	2.0
6	27695892	32345130	1.0	1.0	2.0
6	32345131	38069338	1.0	1.0	2.0
6	38069339	38070746	1.0	1.0	2.0
6	38070747	52979518	1.0	1.0	2.0
6	52979519	52981807	1.0	1.0	2.0
6	52981808	57969981	1.0	1.0	2.0
6	57969982	58699999	1.0	1.0	2.0
6	63545099	63609979	0.0	0.0	0.0
6	63609980	76904010	1.0	1.0	2.0
6	76904011	76906372	1.0	1.0	2.0
6	76906373	79137714	1.0	1.0	2.0
6	79137715	79139266	1.0	1.0	2.0
6	79139267	81833014	1.0	1.0	2.0
6	81833015	81834947	1.0	1.0	2.0
6	81834948	82872959	1.0	1.0	2.0
6	82872960	82873100	1.0	1.0	2.0
6	82873101	82874936	1.0	0.0	1.0
6	82874937	82875012	1.0	1.0	2.0
6	82875013	84464107	1.0	1.0	2.0
6	84464108	84465499	1.0	1.0	2.0
6	84465500	85069939	1.0	1.0	2.0
6	85069940	85127861	1.0	0.0	1.0
6	85127862	92275208	1.0	1.0	2.0
6	92275209	92467186	1.0	0.0	1.0
6	92467187	94715019	1.0	1.0	2.0
6	94715020	94717225	1.0	1.0	2.0
6	94717226	104137388	1.0	1.0	2.0
6	104137389	104138862	1.0	1.0	2.0
6	104138863	105503276	1.0	1.0	2.0
6	105503277	105504659	1.0	1.0	2.0
6	105504660	107543762	1.0	1.0	2.0
6	107543763	107544615	1.0	1.0	2.0
6	107544616	112322666	1.0	1.0	2.0
6	112322667	112324164	1.0	1.0	2.0
6	112324165	132097834	1.0	1.0	2.0
6	132097835	132098557	1.0	1.0	2.0
6	132098558	148385443	1.0	1.0	2.0
6	148385444	148386705	1.0	1.0	2.0
6	148386706	156024258	1.0	1.0	2.0
6	156024259	156025029	1.0	1.0	2.0
6	156025030	170917760	1.0	1.0	2.0
7	40386	17377216	1.0	1.0	2.0
7	17377217	17378047	1.0	1.0	2.0
7	17378048	33997798	1.0	1.0	2.0
7	33997799	33999264	1.0	1.0	2.0
7	33999265	37932501	1.0	1.0	2.0
7	37932502	37934443	1.0	1.0	2.0
7	37934444	44218424	1.0	1.0	2.0
7	44218425	44220188	1.0	1.0	2.0
7	44220189	48520022	1.0	1.0	2.0
7	48520023	57999999	1.0	1.0	2.0
7	58000000	61699999	1.0	1.0	2.0
7	61700000	72348669	1.0	1.0	2.0
7	72348670	72926067	1.0	1.0	2.0
7	72926068	72927567	1.0	1.0	2.0
7	72927568	98671970	1.0	1.0	2.0
7	98671971	98673494	1.0	1.0	2.0
7	98673495	104041541	1.0	1.0	2.0
7	104041542	104043071	1.0	1.0	2.0
7	104043072	115978012	1.0	1.0	2.0
7	115978013	115978956	1.0	1.0	2.0
7	115978957	116125275	1.0	1.0	2.0
7	116125276	116126370	1.0	1.0	2.0
7	116126371	134423572	1.0	1.0	2.0
7	134423573	134424944	1.0	1.0	2.0
7	134424945	157675411	1.0	1.0	2.0
7	157675412	157675807	1.0	1.0	2.0
7	157675808	158865889	1.0	1.0	2.0
8	10001	187333	1.0	1.0	2.0
8	187334	4735091	1.0	1.0	2.0
8	4735092	4736835	1.0	1.0	2.0
8	4736836	12589496	1.0	1.0	2.0
8	12589497	13923465	1.0	1.0	2.0
8	13923466	13938755	1.0	1.0	2.0
8	13938756	16472405	1.0	1.0	2.0
8	16472406	16473509	1.0	1.0	2.0
8	16473510	18025228	1.0	1.0	2.0
8	18025229	18026377	1.0	1.0	2.0
8	18026378	18047433	1.0	1.0	2.0
8	18047434	18048427	1.0	1.0	2.0
8	18048428	25930234	1.0	1.0	2.0
8	25930235	25932777	1.0	1.0	2.0
8	25932778	39516624	1.0	1.0	2.0
8	39516625	39517148	1.0	1.0	2.0
8	39517149	43099999	1.0	1.0	2.0
8	43100000	48099999	1.0	1.0	2.0
8	48100000	52656500	1.0	1.0	2.0
8	52656501	52657529	1.0	1.0	2.0
8	52657530	60062119	1.0	1.0	2.0
8	60062120	60063662	1.0	1.0	2.0
8	60063663	61469076	1.0	1.0	2.0
8	61469077	61472484	1.0	1.0	2.0
8	61472485	90007851	1.0	1.0	2.0
8	90007852	90009640	1.0	1.0	2.0
8	90009641	92068256	1.0	1.0	2.0
8	92068257	92069874	1.0	1.0	2.0
8	92069875	95095839	1.0	1.0	2.0
8	95095840	95098202	1.0	1.0	2.0
8	95098203	97388751	1.0	1.0	2.0
8	97388752	97390041	1.0	1.0	2.0
8	97390042	114916356	1.0	1.0	2.0
8	114916357	114917571	1.0	1.0	2.0
8	114917572	125511751	1.0	1.0	2.0
8	125511752	125514744	1.0	1.0	2.0
8	125514745	137320327	1.0	1.0	2.0
8	137320328	137321553	1.0	1.0	2.0
8	137321554	137444627	1.0	1.0	2.0
8	137444628	141135892	1.0	1.0	2.0
8	141135893	141137228	1.0	1.0	2.0
8	141137229	143966665	1.0	1.0	2.0
8	143966666	143967791	1.0	1.0	2.0
8	143967792	146364021	1.0	1.0	2.0
9	55794	224433	1.0	1.0	2.0
9	224434	10975816	1.0	1.0	2.0
9	10975817	10976616	1.0	1.0	2.0
9	10976617	23055499	1.0	1.0	2.0
9	23055500	23057069	1.0	1.0	2.0
9	23057070	31809823	1.0	1.0	2.0
9	31809824	47299999	1.0	1.0	2.0
9	47300000	50699999	1.0	1.0	2.0
9	50700000	66486485	1.0	1.0	2.0
9	66486486	84028793	1.0	1.0	2.0
9	84028794	84029640	1.0	1.0	2.0
9	84029641	86500540	1.0	1.0	2.0
9	86500541	86501469	1.0	1.0	2.0
9	86501470	90854583	1.0	1.0	2.0
9	90854584	90855887	1.0	1.0	2.0
9	90855888	106320078	1.0	1.0	2.0
9	106320079	106320962	1.0	1.0	2.0
9	106320963	115584280	1.0	1.0	2.0
9	115584281	115585423	1.0	1.0	2.0
9	115585424	124861237	1.0	1.0	2.0
9	124861238	124863679	1.0	1.0	2.0
9	124863680	135637419	1.0	1.0	2.0
9	135637420	135638218	1.0	1.0	2.0
9	135638219	140223200	1.0	1.0	2.0
9	140223201	141058862	1.0	1.0	2.0
10	337404	10603696	1.0	1.0	2.0
10	10603697	10605310	1.0	1.0	2.0
10	10605311	12440426	1.0	1.0	2.0
10	12440427	12441398	1.0	1.0	2.0
10	12441399	37999999	1.0	1.0	2.0
10	38000000	42442499	1.0	1.0	2.0
10	42442500	43957915	1.0	1.0	2.0
10	43957916	43959001	1.0	1.0	2.0
10	43959002	44941325	1.0	1.0	2.0
10	44941326	44942562	1.0	1.0	2.0
10	44942563	50733200	1.0	1.0	2.0
10	50733201	50734726	1.0	1.0	2.0
10	50734727	74863285	1.0	1.0	2.0
10	74863286	74864323	1.0	1.0	2.0
10	74864324	81755625	1.0	1.0	2.0
10	81755626	81757311	1.0	1.0	2.0
10	81757312	105028406	1.0	1.0	2.0
10	105028407	105030455	1.0	1.0	2.0
10	105030456	117938812	1.0	1.0	2.0
10	117938813	117939712	1.0	1.0	2.0
10	117939713	125398669	1.0	1.0	2.0
10	125398670	125400235	1.0	1.0	2.0
10	125400236	129941037	1.0	1.0	2.0
10	129941038	129941708	1.0	1.0	2.0
10	129941709	131799994	1.0	1.0	2.0
10	131799995	135404847	1.0	1.0	2.0
11	197337	1881502	1.0	1.0	2.0
11	1881503	1883402	1.0	1.0	2.0
11	1883403	10185232	1.0	1.0	2.0
11	10185233	10186223	1.0	1.0	2.0
11	10186224	19085038	1.0	1.0	2.0
11	19085039	21508046	1.0	1.0	2.0
11	21508047	21509976	1.0	1.0	2.0
11	21509977	39219102	1.0	1.0	2.0
11	39219103	39220681	1.0	1.0	2.0
11	39220682	48330017	1.0	1.0	2.0
11	48330018	48916863	1.0	1.0	2.0
11	48916864	51599999	1.0	1.0	2.0
11	51600000	55699999	1.0	1.0	2.0
11	55700000	56117597	1.0	1.0	2.0
11	56117598	56118987	1.0	1.0	2.0
11	56118988	57698104	1.0	1.0	2.0
11	57698105	57698962	1.0	1.0	2.0
11	57698963	61211256	1.0	1.0	2.0
11	61211257	61212226	1.0	1.0	2.0
11	61212227	64347812	1.0	1.0	2.0
11	64347813	64349361	1.0	1.0	2.0
11	64349362	76827405	1.0	1.0	2.0
11	76827406	76827661	1.0	1.0	2.0
11	76827662	84471393	1.0	1.0	2.0
11	84471394	84472249	1.0	1.0	2.0
11	84472250	88517895	1.0	1.0	2.0
11	88517896	98659975	1.0	1.0	2.0
11	98659976	99768584	1.0	1.0	2.0
11	99768585	99771548	1.0	1.0	2.0
11	99771549	108621285	1.0	1.0	2.0
11	108621286	108622699	1.0	1.0	2.0
11	108622700	118588715	1.0	1.0	2.0
11	118588716	121569994	1.0	1.0	2.0
11	121569995	125701343	1.0	1.0	2.0
11	125701344	125745021	1.0	1.0	2.0
11	125745022	126204337	1.0	1.0	2.0
11	126204338	126205760	1.0	1.0	2.0
11	126205761	129355338	1.0	1.0	2.0
11	129355339	129357447	1.0	1.0	2.0
11	129357448	134452200	1.0	1.0	2.0
12	110107	551981	1.0	1.0	2.0
12	551982	552816	1.0	1.0	2.0
12	552817	4539987	1.0	1.0	2.0
12	4539988	12374834	1.0	1.0	2.0
12	12374835	12375726	1.0	1.0	2.0
12	12375727	20239820	1.0	1.0	2.0
12	20239821	20241539	1.0	1.0	2.0
12	20241540	21907605	1.0	1.0	2.0
12	21907606	21908699	1.0	1.0	2.0
12	21908700	26584006	1.0	1.0	2.0
12	26584007	26586507	1.0	1.0	2.0
12	26586508	29055538	1.0	1.0	2.0
12	29055539	29057170	1.0	1.0	2.0
12	29057171	30700713	1.0	1.0	2.0
12	30700714	30702341	1.0	1.0	2.0
12	30702342	33258543	1.0	1.0	2.0
12	33258544	33262429	1.0	1.0	2.0
12	33262430	38199999	1.0	1.0	2.0
12	38200000	40316905	1.0	1.0	2.0
12	40316906	40318490	1.0	1.0	2.0
12	40318491	49684847	1.0	1.0	2.0
12	49684848	49685489	1.0	1.0	2.0
12	49685490	51885366	1.0	1.0	2.0
12	51885367	51887314	1.0	1.0	2.0
12	51887315	55511248	1.0	1.0	2.0
12	55511249	55511539	1.0	1.0	2.0
12	55511540	55513071	1.0	1.0	2.0
12	55513072	55513113	1.0	1.0	2.0
12	55513114	57261535	1.0	1.0	2.0
12	57261536	57262709	1.0	1.0	2.0
12	57262710	64212910	1.0	1.0	2.0
12	64212911	64213845	1.0	1.0	2.0
12	64213846	69729453	1.0	1.0	2.0
12	69729454	69729847	1.0	1.0	2.0
12	69729848	76639252	1.0	1.0	2.0
12	76639253	76640402	1.0	1.0	2.0
12	76640403	86116806	1.0	1.0	2.0
12	86116807	86119055	1.0	1.0	2.0
12	86119056	88392459	1.0	1.0	2.0
12	88392460	88394342	1.0	1.0	2.0
12	88394343	95688970	1.0	1.0	2.0
12	95688971	95690679	1.0	1.0	2.0
12	95690680	110498892	1.0	1.0	2.0
12	110498893	110500457	1.0	1.0	2.0
12	110500458	110762230	1.0	1.0	2.0
12	110762231	110763439	1.0	1.0	2.0
12	110763440	115755112	1.0	1.0	2.0
12	115755113	115756206	1.0	1.0	2.0
12	115756207	128391059	1.0	1.0	2.0
12	128391060	128391866	1.0	1.0	2.0
12	128391867	132349400	1.0	1.0	2.0
12	132349401	133851894	1.0	1.0	2.0
13	1	16299999	1.0	1.0	2.0
13	16300000	19499999	1.0	1.0	2.0
13	19500000	33447457	1.0	1.0	2.0
13	33447458	34591213	1.0	1.0	2.0
13	34591214	34592923	1.0	1.0	2.0
13	34592924	38132509	1.0	1.0	2.0
13	38132510	49992672	1.0	0.0	1.0
13	49992673	49994840	1.0	0.0	1.0
13	49994841	59291755	1.0	0.0	1.0
13	59291756	59293243	1.0	0.0	1.0
13	59293244	60749476	1.0	0.0	1.0
13	60749477	60751143	1.0	0.0	1.0
13	60751144	91908767	1.0	0.0	1.0
13	91908768	91910061	1.0	1.0	2.0
13	91910062	94535085	1.0	1.0	2.0
13	94535086	94538030	1.0	1.0	2.0
13	94538031	114142800	1.0	1.0	2.0
13	114142801	115169877	1.0	1.0	2.0
14	1	16099999	1.0	1.0	2.0
14	16100000	19099999	1.0	1.0	2.0
14	19100000	20233446	1.0	1.0	2.0
14	20233447	32377332	1.0	1.0	2.0
14	32377333	32377956	1.0	1.0	2.0
14	32377957	32671328	1.0	1.0	2.0
14	32671329	32672396	1.0	1.0	2.0
14	32672397	46013257	1.0	1.0	2.0
14	46013258	46015001	1.0	1.0	2.0
14	46015002	50213465	1.0	1.0	2.0
14	50213466	50214953	1.0	1.0	2.0
14	50214954	59624485	1.0	1.0	2.0
14	59624486	59625351	1.0	1.0	2.0
14	59625352	67144053	1.0	1.0	2.0
14	67144054	67145017	1.0	1.0	2.0
14	67145018	71459692	1.0	1.0	2.0
14	71459693	71461750	1.0	1.0	2.0
14	71461751	77694876	1.0	1.0	2.0
14	77694877	77696546	1.0	1.0	2.0
14	77696547	79763111	1.0	1.0	2.0
14	79763112	79763486	1.0	1.0	2.0
14	79763487	79765149	1.0	1.0	2.0
14	79765150	79765576	1.0	1.0	2.0
14	79765577	85655873	1.0	1.0	2.0
14	85655874	85658006	1.0	1.0	2.0
14	85658007	87253623	1.0	1.0	2.0
14	87253624	87255110	1.0	1.0	2.0
14	87255111	88840088	1.0	1.0	2.0
14	88840089	101443442	1.0	1.0	2.0
14	101443443	101444498	1.0	1.0	2.0
14	101444499	106368400	1.0	1.0	2.0
15	1	15799999	1.0	1.0	2.0
15	15800000	20699999	1.0	1.0	2.0
15	20700000	30079375	1.0	1.0	2.0
15	30079376	30080650	1.0	1.0	2.0
15	30080651	31497275	1.0	1.0	2.0
15	31497276	32394596	1.0	1.0	2.0
15	32394597	38210397	1.0	1.0	2.0
15	38210398	45865318	1.0	1.0	2.0
15	45865319	45867373	1.0	1.0	2.0
15	45867374	54604202	1.0	1.0	2.0
15	54604203	54605669	2.0	1.0	3.0
15	54605670	55298725	1.0	1.0	2.0
15	55298726	55300340	1.0	1.0	2.0
15	55300341	67799447	1.0	1.0	2.0
15	67799448	67800323	1.0	1.0	2.0
15	67800324	86036135	1.0	1.0	2.0
15	86036136	86037097	1.0	1.0	2.0
15	86037098	86646089	1.0	1.0	2.0
15	86646090	93067381	1.0	1.0	2.0
15	93067382	93069752	1.0	1.0	2.0
15	93069753	102003150	1.0	1.0	2.0
15	102003151	102004198	1.0	1.0	2.0
15	102004199	102431166	1.0	1.0	2.0
16	9999	133612	1.0	1.0	2.0
16	133613	10812964	1.0	1.0	2.0
16	10812965	10858426	1.0	1.0	2.0
16	10858427	27948340	1.0	1.0	2.0
16	27948341	27949990	1.0	1.0	2.0
16	27949991	29142371	1.0	1.0	2.0
16	29142372	34599999	1.0	1.0	2.0
16	34600000	38599999	1.0	1.0	2.0
16	38600000	48133055	1.0	1.0	2.0
16	48133056	48134077	1.0	1.0	2.0
16	48134078	53901325	1.0	1.0	2.0
16	53901326	53902570	1.0	1.0	2.0
16	53902571	70387517	1.0	1.0	2.0
16	70387518	70388447	1.0	1.0	2.0
16	70388448	86472880	1.0	1.0	2.0
16	86472881	86474212	1.0	1.0	2.0
16	86474213	88827200	1.0	1.0	2.0
16	88827201	90108832	1.0	1.0	2.0
17	12500	12224994	1.0	1.0	2.0
17	12224995	12226526	1.0	1.0	2.0
17	12226527	13795910	1.0	1.0	2.0
17	13795911	13796898	1.0	1.0	2.0
17	13796899	20119421	1.0	1.0	2.0
17	20119422	20120419	1.0	1.0	2.0
17	20120420	22199999	1.0	1.0	2.0
17	22200000	25799999	1.0	1.0	2.0
17	25800000	48324783	1.0	1.0	2.0
17	48324784	48325363	1.0	1.0	2.0
17	48325364	61715543	1.0	1.0	2.0
17	61715544	61717110	1.0	1.0	2.0
17	61717111	63760636	1.0	1.0	2.0
17	63760637	63762940	1.0	1.0	2.0
17	63762941	63930688	1.0	1.0	2.0
17	63930689	63931891	1.0	1.0	2.0
17	63931892	69765137	1.0	1.0	2.0
17	69765138	69766962	1.0	1.0	2.0
17	69766963	78774600	1.0	1.0	2.0
17	78774601	80973621	1.0	1.0	2.0
18	27500	159989	1.0	1.0	2.0
18	159990	2684048	1.0	0.0	1.0
18	2684049	2686211	3.0	1.0	4.0
18	2686212	11239419	1.0	0.0	1.0
18	11239420	11240839	3.0	1.0	4.0
18	11240840	15399999	1.0	0.0	1.0
18	19000000	21433270	1.0	1.0	2.0
18	21433271	21434912	1.0	0.0	1.0
18	21434913	23484048	1.0	0.0	1.0
18	23484049	23484986	1.0	0.0	1.0
18	23484987	30970721	1.0	0.0	1.0
18	30970722	30973374	1.0	0.0	1.0
18	30973375	36009503	1.0	0.0	1.0
18	36009504	36010337	1.0	1.0	2.0
18	36010338	56615914	1.0	0.0	1.0
18	56615915	56616829	1.0	1.0	2.0
18	56616830	59152861	1.0	0.0	1.0
18	59152862	59153903	1.0	0.0	1.0
18	59153904	65655294	1.0	0.0	1.0
18	65655295	65656281	1.0	0.0	1.0
18	65656282	76067000	1.0	0.0	1.0
18	76067001	78077247	1.0	0.0	1.0
19	102500	265322	1.0	0.0	1.0
19	265323	1704450	3.0	1.0	4.0
19	1704451	1706021	2.0	1.0	3.0
19	1706022	3369256	1.0	1.0	2.0
19	3369257	3370516	1.0	1.0	2.0
19	3370517	5511950	1.0	1.0	2.0
19	5511951	5513456	2.0	1.0	3.0
19	5513457	21017187	1.0	1.0	2.0
19	21017188	21018187	2.0	1.0	3.0
19	21018188	24399999	1.0	1.0	2.0
19	24400000	28599999	1.0	1.0	2.0
19	28600000	34309912	1.0	1.0	2.0
19	34309913	34342388	1.0	1.0	2.0
19	34342389	36688776	1.0	1.0	2.0
19	36688777	36689554	1.0	1.0	2.0
19	36689555	40456835	2.0	1.0	3.0
19	40456836	40458634	2.0	1.0	3.0
19	40458635	42423036	1.0	1.0	2.0
19	42423037	42424654	2.0	1.0	3.0
19	42424655	54020584	1.0	1.0	2.0
19	54020585	54022321	2.0	1.0	3.0
19	54022322	57661969	1.0	1.0	2.0
19	57661970	57663096	2.0	1.0	3.0
19	57663097	59128982	1.0	1.0	2.0
20	32216	9748688	1.0	1.0	2.0
20	9748689	9749649	1.0	1.0	2.0
20	9749650	14149673	1.0	1.0	2.0
20	14149674	14151317	1.0	1.0	2.0
20	14151318	21045530	1.0	1.0	2.0
20	21045531	21048402	1.0	1.0	2.0
20	21048403	24708596	1.0	1.0	2.0
20	24708597	24709982	1.0	1.0	2.0
20	24709983	25599999	1.0	1.0	2.0
20	25600000	29452500	1.0	1.0	2.0
20	29452501	29810165	1.0	1.0	2.0
20	29810166	29810806	0.0	0.0	0.0
20	29810807	33693314	1.0	1.0	2.0
20	33693315	33694272	1.0	1.0	2.0
20	33694273	36589875	1.0	1.0	2.0
20	36589876	36590943	1.0	1.0	2.0
20	36590944	53435399	1.0	1.0	2.0
20	53435400	53436991	1.0	1.0	2.0
20	53436992	54953424	1.0	1.0	2.0
20	54953425	54954305	1.0	1.0	2.0
20	54954306	62385800	1.0	1.0	2.0
21	10900000	14299999	1.0	0.0	1.0
21	14300000	15431801	1.0	1.0	2.0
21	15431802	28253810	1.0	1.0	2.0
21	28253811	28254587	1.0	1.0	2.0
21	28254588	29729953	1.0	1.0	2.0
21	29729954	29751300	1.0	1.0	2.0
21	29751301	43054158	1.0	1.0	2.0
21	43054159	43055998	1.0	1.0	2.0
21	43055999	46937500	1.0	1.0	2.0
21	46937501	48129894	1.0	1.0	2.0
22	1	12199999	1.0	1.0	2.0
22	12200000	17899999	1.0	1.0	2.0
22	17900000	23367305	1.0	1.0	2.0
22	23367306	23368118	1.0	1.0	2.0
22	23368119	29065960	1.0	1.0	2.0
22	29065961	35036041	1.0	1.0	2.0
22	35036042	35259894	1.0	0.0	1.0
22	35259895	49094097	1.0	1.0	2.0
22	49094098	49094964	1.0	1.0	2.0
22	49094965	49687500	1.0	1.0	2.0
22	49687501	50779868	1.0	1.0	2.0
