chromosome_index	start_position	end_position	major_cn	minor_cn	total_cn
1	61735	17299983	3	2	5
1	17300173	33194672	3	1	4
1	33195648	53628562	3	2	5
1	53630914	109086690	2	2	4
1	109090359	121482979	2	1	3
1	144007049	151243227	5	2	7
1	151246241	157333879	4	2	6
1	157333913	180748317	2	1	3
1	180750573	181137820	4	1	5
1	181139190	233286554	2	1	3
1	233292175	233524289	1	0	1
1	233524701	249224388	2	1	3
2	12784	37892165	2	1	3
2	37894780	38409844	6	2	8
2	38410270	53189567	2	1	3
2	53195085	57090186	5	2	7
2	57091308	59204175	2	1	3
2	59208666	59627152	5	2	7
2	59638256	60853939	9	2	11
2	60863258	62939705	6	2	8
2	62940147	67485391	2	1	3
2	67485447	70175158	3	1	4
2	70182583	76450677	2	2	4
2	76451219	91790974	2	1	3
2	91791126	219703702	2	2	4
2	219703853	234890391	2	1	3
2	234890619	235145091	3	1	4
2	235148172	243089456	2	1	3
3	60345	93548499	2	1	3
3	93551545	135131157	2	2	4
3	135131546	197896118	4	2	6
4	12281	43927856	2	2	4
4	43935866	102084331	2	1	3
4	102084591	104075273	3	1	4
4	104078811	191027923	2	1	3
5	15532	7901067	3	2	5
5	7901230	11167593	2	2	4
5	11169601	20841651	3	2	5
5	20846352	23169890	4	2	6
5	23173389	25331921	4	1	5
5	25334013	27298098	3	1	4
5	27298793	28079169	2	1	3
5	28079898	32298372	3	1	4
5	32300028	35806271	1	1	2
5	35807713	36533954	6	1	7
5	36539807	36893410	3	1	4
5	36894617	38093555	1	1	2
5	38094717	38585196	3	1	4
5	38585319	44788265	5	1	6
5	44795386	45005047	10	1	11
5	45009406	49432831	1	1	2
5	49441958	50403297	2	2	4
5	50403334	50863262	2	0	2
5	50865687	52899920	2	2	4
5	52902895	53405019	2	0	2
5	53406903	53714555	2	2	4
5	53714839	54794735	2	0	2
5	54795299	55419872	3	2	5
5	55423282	56982770	2	0	2
5	56983473	58797231	2	2	4
5	58802465	65703538	2	0	2
5	65706139	66841994	2	2	4
5	66844846	72022550	2	0	2
5	72023208	73151679	2	1	3
5	73157928	81962506	2	0	2
5	81962788	85765289	2	1	3
5	85765522	152161908	2	0	2
5	152161930	153799422	2	1	3
5	153807431	164111666	2	0	2
5	164128951	164490884	1	0	1
5	164491656	180790320	2	0	2
6	149661	36322975	3	2	5
6	36323541	37725420	3	3	6
6	37726077	46142439	3	2	5
6	46142552	158678319	2	2	4
6	158678504	159272724	4	2	6
6	159273520	171051005	2	2	4
7	43259	159127004	2	2	4
8	31254	1025708	2	1	3
8	1029090	31485227	1	1	2
8	31486558	32174173	3	1	4
8	32174317	32953169	2	1	3
8	32956238	42371672	1	1	2
8	42372691	51917321	2	1	3
8	51917504	55315415	3	2	5
8	55323658	55810265	12	2	14
8	55810473	126385095	2	1	3
8	126387968	130426226	17	2	19
8	130426945	131408796	14	3	17
8	131409414	131628610	7	2	9
8	131630914	132442984	14	2	16
8	132443583	132861323	9	2	11
8	132863002	141319561	2	1	3
8	141320489	143095525	2	2	4
8	143095603	146298155	2	1	3
9	46587	36306809	2	1	3
9	36307152	36791385	3	1	4
9	36792724	129199311	2	1	3
9	129202585	130531340	2	2	4
9	130531599	141091394	2	1	3
10	72759	42525124	2	2	4
10	42614436	66694248	1	1	2
10	66694547	67398684	3	1	4
10	67403128	68160878	1	0	1
10	68168179	76129528	2	1	3
10	76133279	77823756	3	1	4
10	77823833	81449007	4	1	5
10	81449728	85912606	1	0	1
10	85914778	117991819	1	1	2
10	117991880	125944533	4	1	5
10	125944772	128852401	3	1	4
10	128852648	129680261	4	1	5
10	129680772	131211384	2	1	3
10	131211995	135506704	1	1	2
11	198572	59494387	2	1	3
11	59495792	61494804	2	2	4
11	61496272	64962498	2	0	2
11	64962958	134944770	3	0	3
12	150442	52952401	2	2	4
12	52952679	53531230	4	2	6
12	53531372	127832192	2	2	4
12	127832707	127909200	5	2	7
12	127909305	127925165	6	3	9
12	127925265	133778189	2	2	4
13	19026949	115108397	2	1	3
14	19002124	52454534	2	0	2
14	52459832	53624640	2	2	4
14	53625407	54432014	2	1	3
14	54432432	56954829	2	0	2
14	56955498	58057492	2	1	3
14	58060586	58970038	2	0	2
14	58971936	59321166	2	1	3
14	59324497	92888341	2	0	2
14	92888507	107285437	3	0	3
15	20016328	33695318	2	0	2
15	33696113	33771130	3	2	5
15	33776721	66276555	2	0	2
15	66278576	67809495	3	2	5
15	67809663	70768152	2	1	3
15	70769548	102469040	2	0	2
16	60777	14250468	2	1	3
16	14251095	17122768	2	2	4
16	17123847	35283226	2	1	3
16	46463782	70050911	2	0	2
16	70052384	71202797	3	0	3
16	71205194	90287535	2	0	2
17	526	42653000	2	0	2
17	42655051	43558059	3	0	3
17	43570033	46872822	2	0	2
17	46873443	49511272	4	0	4
17	49514004	81049726	3	0	3
18	48133	5071785	2	2	4
18	5071873	19375880	2	1	3
18	19376700	39135902	2	2	4
18	39139946	41995635	2	1	3
18	42003818	47855097	2	2	4
18	47856620	47972637	5	2	7
18	47977154	49809472	2	1	3
18	49811152	69935726	2	2	4
18	69935750	71681359	2	1	3
18	71681663	74840130	2	2	4
18	74841184	78015057	2	1	3
19	90910	9791839	2	0	2
19	9791900	11755737	2	1	3
19	11763577	13243980	2	0	2
19	13246079	13538543	3	2	5
19	13545376	13920207	6	2	8
19	13925410	16083334	3	2	5
19	16084058	17200158	5	2	7
19	17205282	18975129	3	2	5
19	18975882	28484676	2	1	3
19	28485235	28766946	2	0	2
19	28767293	30098053	2	1	3
19	30105969	31651380	10	2	12
19	31652084	34237956	12	2	14
19	34240075	38071148	8	2	10
19	38072729	39192220	2	2	4
19	39194610	40686032	6	2	8
19	40686066	42662824	2	2	4
19	42669420	50809757	2	0	2
19	50822408	51179955	2	1	3
19	51186571	51848969	2	0	2
19	51852835	57430917	8	2	10
19	57431135	59097854	2	0	2
20	61305	34729245	2	1	3
20	34732985	35569824	4	1	5
20	35570011	62956153	2	1	3
21	10736871	42317416	2	2	4
21	42317833	42849332	4	2	6
21	42849347	48096957	2	2	4
22	16052528	34221959	2	0	2
22	34226185	35442429	4	0	4
22	35442503	37578960	5	0	5
22	37581383	46802657	3	0	3
22	46803774	51234455	1	0	1
