chromosome_index position alt_count ref_count
1 36945060 13 28
1 44595561 28 38
1 57285043 6 20
1 62626659 8 12
1 70486800 5 22
1 70486801 5 22
1 70493947 10 21
1 75037186 50 73
1 91850773 10 25
1 101004651 14 12
1 109794124 41 193
1 119964445 84 141
1 142713196 9 110
1 151149228 62 72
1 157669500 17 12
1 159683801 45 37
1 169762235 32 59
1 176734921 37 44
1 182544484 41 43
1 186062363 10 48
1 202910736 34 26
1 213445959 15 35
1 226259069 5 14
1 228596070 9 86
1 230845869 22 101
1 231337128 5 29
1 233518417 18 57
1 236923068 9 42
1 236925877 4 31
1 237813325 23 136
1 240497248 3 13
1 248201631 15 98
2 1668752 5 14
2 10918732 14 68
2 26699845 9 31
2 71046916 25 46
2 71615812 4 31
2 74710561 6 40
2 85892783 35 55
2 98409206 14 20
2 99013581 14 41
2 105859224 27 114
2 116572527 16 93
2 139307786 9 21
2 144525584 22 56
2 153551125 5 13
2 164467619 8 39
2 164467692 4 49
2 167760010 10 43
2 171238594 26 46
2 177034103 16 44
2 179452326 8 31
2 179529408 7 36
2 180851489 4 16
2 192011470 11 18
2 201685998 7 74
2 207509057 5 18
2 217280009 18 48
2 230272032 24 90
2 232319857 28 35
2 232319859 28 35
2 234681129 53 41
3 3194227 6 40
3 38519679 18 20
3 38519939 5 9
3 57875726 8 34
3 57875728 9 35
3 95374301 5 29
3 108788600 8 32
3 121822576 31 65
3 135720449 22 48
3 138291810 10 124
3 139280079 6 95
3 140866062 10 211
3 157820673 11 154
3 164773076 12 34
3 167189627 11 204
3 169664451 32 207
3 179424775 9 75
3 183516775 63 383
4 48114326 62 126
4 56329919 10 12
4 125591498 13 40
4 126355579 5 25
4 134111365 6 16
4 144467201 7 28
4 167713365 9 20
4 187004351 16 80
5 3599506 35 59
5 33561251 9 51
5 68522189 14 19
5 87524294 4 17
5 101811423 15 34
5 140501841 31 38
5 140531316 115 155
5 153144158 21 26
5 170395364 16 38
6 24146112 24 28
6 25770336 33 100
6 44148514 33 70
6 50803875 8 99
6 71665548 7 16
6 76623936 18 155
6 87970960 4 41
6 88317487 18 28
6 99323439 9 67
6 101109743 8 86
7 2686796 4 6
7 7273991 21 13
7 48559867 10 12
7 71275458 26 14
7 88965523 14 28
7 92734352 8 49
7 111368582 17 65
7 123302403 21 49
7 126173121 17 35
7 128412661 17 42
7 136700581 37 79
7 142962320 4 5
7 155100221 6 5
7 158457375 8 113
8 623533 34 86
8 38050287 9 54
8 55542679 7 29
8 69136845 5 45
8 75761415 17 38
8 80567228 13 67
8 85097147 11 20
8 89180138 12 17
8 139164103 9 61
8 144998441 10 37
9 5233806 9 53
9 27157948 10 130
9 27212776 43 27
9 33927813 37 128
9 90535837 82 168
9 96294474 32 113
9 112899316 19 46
9 116136130 63 115
9 130474566 7 42
10 5416113 8 53
10 18254509 6 48
10 21097514 10 102
10 35929129 6 43
10 50723609 9 64
10 61834665 9 56
10 75873970 39 42
10 76735311 44 55
10 90354533 20 31
10 91177212 9 41
10 96306240 11 101
10 97096434 69 89
10 124361535 20 113
10 124802665 37 41
11 4903216 24 34
11 4903334 26 29
11 5067956 8 46
11 5254161 28 40
11 5878912 19 103
11 7689764 55 97
11 13441123 62 113
11 13514036 25 51
11 17449442 7 38
11 55563813 13 41
11 63990598 19 107
11 77590005 34 100
11 92086012 11 184
11 102482532 10 16
11 106681179 9 15
11 114441777 9 26
11 118827590 27 44
11 124763756 4 17
12 7289641 42 58
12 7528077 6 32
12 10588515 8 135
12 12022821 31 108
12 33579092 18 94
12 49484908 68 163
12 50264374 6 62
12 53453566 14 53
12 54757326 13 56
12 65460453 14 29
12 85449555 3 11
12 97306456 4 14
12 107141288 21 62
12 107141289 21 64
12 108128060 9 94
12 121131942 10 24
12 122999726 16 39
12 123072256 4 9
13 36686069 12 98
13 38210993 11 24
14 21900017 12 18
14 80669512 4 9
14 91338340 21 23
14 94464490 6 36
14 100402408 21 28
14 106805505 6 86
15 23889826 33 19
15 49833976 31 25
15 51221324 12 45
15 66782086 28 57
15 73636111 37 43
16 112645 50 268
16 336944 6 11
16 2089835 12 29
16 31424567 11 72
16 58552860 16 32
16 70942619 11 15
16 90001281 13 40
17 3030714 56 63
17 7579917 10 16
17 15231310 13 52
17 17062101 10 70
17 30349640 57 95
17 34937892 21 78
17 53014037 13 22
17 59560501 11 152
17 62750564 55 263
17 71166010 15 79
17 79204371 14 23
17 79827766 30 55
18 5407716 15 49
18 13056215 20 55
18 32886806 17 43
18 55103398 13 34
18 59483593 80 45
18 65180272 47 27
19 2877321 10 32
19 6457537 17 24
19 6479684 25 94
19 10445415 15 46
19 11332881 4 7
19 12986687 6 20
19 13409641 14 27
19 16987326 5 44
19 18507032 14 132
19 19414841 152 201
19 19764826 4 14
19 20308206 28 47
19 21476284 27 30
19 22847599 7 12
19 31769042 20 538
19 35612195 11 124
19 37619805 17 184
19 38980855 20 218
19 39106861 7 98
19 39735514 21 376
19 40376836 16 159
19 41518684 35 761
19 41931909 19 29
19 51920617 13 43
19 52249822 35 32
19 54649779 5 74
20 8626754 7 20
20 31805401 46 108
20 55803435 9 136
20 62229157 19 49
21 10944685 17 122
21 10996023 7 18
21 19685369 25 56
21 43519170 18 54
22 42342497 8 28
