chromosome_index position alt_count ref_count
1 32157245 5 41
1 169985738 8 112
1 207297295 4 42
1 245849237 5 31
2 89197262 15 56
2 111415208 8 36
3 124748221 29 27
4 77817817 37 74
4 110932547 14 134
6 151789765 6 97
7 55240750 411 87
7 100685498 21 158
10 114207166 13 10
10 124009064 14 14
11 30926645 4 43
11 104815486 10 39
12 4479496 24 118
12 5153998 16 97
12 7295599 16 35
12 8377411 8 43
12 49219447 16 102
12 49959390 70 159
12 111758084 3 14
12 113376285 3 13
13 73345240 7 37
13 114149982 16 19
14 100123456 76 183
15 86284361 12 19
15 97328491 3 14
16 90032402 8 5
16 90032403 8 5
17 18023162 14 134
17 18692723 20 78
17 27041478 3 6
19 7083503 29 53
19 42396888 7 13
19 58549469 11 14
22 31018998 13 115
22 32923909 4 13
