chromosome_index position alt_count ref_count
1 983023 15 63
1 2522366 3 6
1 6194187 7 40
1 9019055 16 125
1 11596628 8 15
1 12170095 18 87
1 12321145 44 154
1 12919635 62 262
1 13695911 45 251
1 22303555 67 200
1 22902822 12 43
1 22987512 11 101
1 24388476 26 164
1 26090398 27 80
1 26142251 12 27
1 26514782 6 51
1 27673962 12 56
1 28477268 9 42
1 32256610 16 43
1 34112404 5 19
1 34158602 18 153
1 35334585 13 17
1 35580008 3 28
1 36348967 16 31
1 38197142 8 112
1 42046639 6 35
1 43905375 11 84
1 44463570 8 34
1 45101683 40 131
1 46056914 23 94
1 47181973 3 16
1 53608193 5 7
1 55167774 7 36
1 55175713 4 36
1 57171786 7 40
1 57491658 13 120
1 65849957 12 43
1 70460279 12 101
1 70504702 5 22
1 74492602 5 39
1 92573483 7 45
1 94697070 14 76
1 99164351 18 44
1 99164352 18 43
1 100357264 10 77
1 102270254 6 36
1 109191189 5 19
1 109275946 42 150
1 110717561 9 32
1 112999065 36 106
1 115256527 32 132
1 115256528 32 135
1 116228079 5 37
1 144864155 41 508
1 145474217 11 22
1 149884923 9 48
1 150804340 25 58
1 152059262 24 182
1 152080273 10 61
1 152276763 58 149
1 152279862 41 305
1 152281969 51 299
1 152285758 83 261
1 152329471 21 76
1 152975896 5 19
1 153004923 20 106
1 153270486 64 172
1 154031059 8 47
1 154687452 28 73
1 155264143 5 22
1 155450784 20 86
1 157514150 27 182
1 157773774 26 92
1 158369054 4 21
1 159505536 9 53
1 160254922 14 62
1 160254923 14 62
1 160786540 10 49
1 161201215 23 65
1 165623542 43 151
1 167023522 5 56
1 170927626 13 60
1 171080000 20 136
1 171251361 8 70
1 172501664 7 19
1 173628333 27 57
1 175105027 14 92
1 176679284 15 90
1 176760600 5 31
1 176852015 5 54
1 179638490 7 95
1 180165587 14 106
1 180165588 14 108
1 185986189 7 60
1 186304568 17 79
1 196227408 19 45
1 196395070 10 27
1 197313472 24 148
1 200978068 12 70
1 203134932 7 39
1 204396825 40 125
1 204588034 5 56
1 205138441 9 45
1 214557398 8 43
1 217856630 16 145
1 220792035 11 53
1 233231501 4 5
1 240370352 3 13
1 242383350 10 41
1 247695611 7 48
1 247921301 9 50
1 248262733 20 84
1 248402762 13 109
1 248458608 10 129
1 248616379 16 396
1 248790161 8 53
1 249119076 27 74
2 11922584 16 48
2 16740730 6 90
2 18113616 7 70
2 20838131 3 8
2 27500810 18 58
2 31133827 6 55
2 31600013 11 69
2 32476179 13 81
2 33500900 12 102
2 39053684 11 50
2 43726031 32 199
2 43919744 32 193
2 48950671 34 22
2 60687932 110 144
2 61575559 17 179
2 66796313 8 33
2 69092896 67 102
2 71894600 27 38
2 71896829 36 53
2 72606900 3 34
2 73680578 21 39
2 89185514 60 33
2 90044208 147 90
2 90060446 131 367
2 90077815 81 346
2 98797639 11 87
2 107449069 6 73
2 108614294 75 254
2 111562933 6 86
2 113950850 4 45
2 121742241 7 39
2 125521687 8 86
2 130930247 23 74
2 135883819 7 41
2 136594497 13 47
2 136594498 13 45
2 138330046 4 21
2 141819819 12 38
2 149864535 8 55
2 152425865 14 46
2 152499715 52 125
2 155711698 5 41
2 158390376 9 24
2 159035451 12 39
2 166892769 6 38
2 166909411 6 20
2 167056335 7 90
2 167162325 12 32
2 167304175 21 73
2 169870007 10 62
2 175006601 15 54
2 179455277 32 110
2 179576075 4 43
2 179590258 6 59
2 179622509 8 126
2 179634647 7 48
2 182374525 6 41
2 182396419 15 71
2 189927950 20 99
2 196681503 11 57
2 196681677 5 18
2 196759829 5 31
2 198949102 18 44
2 202082566 5 8
2 203948235 63 188
2 207172139 4 35
2 207833919 26 87
2 211540556 5 40
2 212286791 12 28
2 216908654 8 53
2 217142513 6 64
2 222428586 10 77
2 227945193 23 94
2 228846335 4 16
2 228886639 5 21
2 230910957 9 41
2 238253035 20 122
2 238657894 3 29
2 240985478 5 38
3 7620939 8 33
3 11302238 13 84
3 13401897 7 31
3 15529735 18 66
3 19959793 87 267
3 36873885 25 71
3 36873917 26 75
3 36898891 18 41
3 36899257 17 105
3 38938483 10 35
3 42573337 14 35
3 45134810 17 46
3 45636773 8 59
3 46415077 26 228
3 47859547 8 126
3 48965197 12 47
3 49689107 12 69
3 49695059 9 45
3 50005945 4 42
3 51969657 14 35
3 54604085 19 151
3 57233859 15 116
3 57893673 14 17
3 58154354 6 51
3 59737982 12 38
3 64133290 26 60
3 65365122 10 40
3 68782291 25 68
3 77656953 4 35
3 97888470 15 20
3 100595387 7 53
3 100595388 7 55
3 102187820 8 25
3 112548169 6 23
3 114070395 6 31
3 120352073 14 76
3 121659917 5 19
3 123428636 81 225
3 124739810 5 34
3 125856685 10 33
3 129547218 20 44
3 129547219 20 43
3 130300724 27 148
3 130409453 3 25
3 133329853 11 143
3 148792049 13 37
3 149093295 15 33
3 156170718 18 126
3 156745976 4 29
3 160803699 8 18
3 167031881 10 42
3 167196724 9 27
3 168810796 15 51
3 172353837 18 72
3 178546140 5 16
3 186938832 7 19
3 193032768 19 163
3 193036884 37 102
3 195453126 7 39
3 196509504 12 78
4 1729699 10 44
4 3134345 10 33
4 5966754 5 51
4 8304223 6 35
4 16760876 6 25
4 23825971 11 100
4 24543549 13 37
4 40108641 9 38
4 46099293 26 121
4 48143371 5 15
4 48566105 5 46
4 52860739 8 45
4 57389936 8 31
4 76943918 14 49
4 80327831 16 45
4 84367225 7 82
4 90856667 19 38
4 103822377 59 238
4 103952958 6 16
4 110667386 12 25
4 111431408 14 32
4 115769495 15 56
4 119631359 15 24
4 141555210 4 12
4 155155827 14 114
4 158224909 12 68
4 159092232 12 73
4 159092233 12 76
4 166999147 5 46
4 169341442 3 17
4 175184102 15 83
4 177094490 5 21
4 187173248 6 62
4 189012522 12 50
5 677984 5 22
5 677985 5 22
5 13913929 9 62
5 40945392 9 16
5 41061746 20 111
5 42718878 12 31
5 43529889 9 46
5 50687133 14 27
5 52183650 7 45
5 55204263 7 27
5 79031855 9 14
5 82815862 34 44
5 94275830 50 134
5 95728571 10 10
5 95735866 15 69
5 96248423 17 30
5 101834427 70 143
5 102469317 24 36
5 126253821 3 26
5 128351643 14 28
5 129019852 13 48
5 132736636 7 42
5 133541810 13 32
5 134696251 17 56
5 135693067 12 25
5 137426989 11 35
5 138713965 3 16
5 139267057 13 24
5 140208960 30 93
5 140255514 21 42
5 140482454 26 57
5 140537184 17 45
5 140537185 17 47
5 140954566 25 48
5 145393464 25 96
5 145719426 14 24
5 153709196 23 38
5 154393533 13 35
5 156589928 158 337
5 156638340 152 309
5 161302609 21 71
5 170232762 15 26
5 171765288 8 5
5 174868996 14 112
5 176005596 12 34
5 178359314 10 22
5 179728600 25 66
6 599152 19 163
6 599156 20 157
6 2685565 36 104
6 3850489 8 46
6 10874463 12 32
6 13306760 10 101
6 24547428 14 100
6 26252154 9 75
6 27782846 5 53
6 31079814 12 41
6 32053803 60 156
6 32135728 38 248
6 35434023 7 69
6 36106539 6 35
6 37443964 27 80
6 37606050 8 28
6 37606051 8 26
6 39267425 11 110
6 40359880 8 11
6 41743249 5 28
6 51491840 11 115
6 54735063 7 48
6 54805297 6 47
6 70639420 21 37
6 73935121 12 11
6 74079101 7 9
6 75893246 33 56
6 75898978 18 39
6 76063340 28 126
6 83847360 20 46
6 84799237 16 30
6 90604872 16 51
6 112460974 14 84
6 123377155 4 21
6 128312513 5 30
6 128505770 32 70
6 132201143 8 101
6 132859895 19 52
6 133789870 21 60
6 136693712 12 37
6 139094890 52 112
6 149700528 15 43
6 155718019 19 53
6 161007493 15 48
6 161807882 19 47
6 168927053 4 30
6 170852708 13 39
7 2269665 13 23
7 2959141 6 22
7 7571504 9 38
7 18066664 12 53
7 18801793 10 22
7 21747388 6 33
7 23236306 5 49
7 23823225 18 99
7 27149901 6 16
7 29983621 14 104
7 35130006 9 124
7 36194329 7 30
7 37780105 12 65
7 38424484 25 84
7 43679065 5 13
7 44561362 6 62
7 47840287 5 53
7 47847981 6 33
7 47894637 13 40
7 47898329 25 66
7 50057911 4 42
7 64168626 5 16
7 70886089 8 27
7 73471735 4 13
7 78130895 16 72
7 82545510 29 285
7 82582033 8 23
7 82585034 10 155
7 82585486 20 163
7 82585784 7 41
7 82764634 6 53
7 86978460 7 72
7 87774728 7 57
7 89856353 13 74
7 91646386 4 9
7 92763163 14 37
7 94539924 11 54
7 99117471 17 73
7 99773357 14 49
7 100350464 9 42
7 100552043 47 528
7 100686258 14 60
7 100771851 8 38
7 100839531 3 14
7 101918629 10 27
7 106508112 18 56
7 120428845 7 68
7 127224625 22 114
7 129046260 22 84
7 131825483 10 98
7 132192880 11 85
7 138968105 15 42
7 140107535 10 58
7 141721462 9 62
7 142008823 7 52
7 142008824 7 52
7 142231779 7 91
7 142625268 7 80
7 143632903 15 53
7 143701836 19 81
7 143748185 26 101
7 143748186 27 101
7 143748223 22 91
7 144098647 8 50
7 148947455 12 65
7 150698495 8 48
8 2857554 9 71
8 9565929 6 64
8 11188858 30 165
8 22972261 8 67
8 24199165 15 135
8 27888814 17 81
8 29043814 29 118
8 29927356 6 60
8 30889602 14 57
8 33416159 4 19
8 36766833 21 134
8 38067591 12 74
8 39537695 5 16
8 39634660 6 34
8 53454998 4 29
8 68992680 7 38
8 73480034 10 65
8 75149447 6 37
8 94722059 5 22
8 94809390 8 33
8 98943551 6 28
8 99205236 5 53
8 104922752 3 18
8 113323258 5 43
8 125989923 11 123
8 135649738 13 79
8 139277969 6 33
8 143605608 4 10
8 144464776 9 21
9 8317817 33 84
9 13162746 11 58
9 14146711 7 89
9 21206918 36 90
9 21239911 12 54
9 32630351 21 114
9 32632084 4 38
9 35819900 6 36
9 35819901 5 37
9 43627544 24 189
9 71396019 6 28
9 71628337 7 36
9 77403570 9 40
9 84609196 7 60
9 94973055 4 31
9 104171026 7 60
9 113170131 14 67
9 113208295 5 9
9 114905786 7 58
9 117104355 15 39
9 118950283 6 32
9 123753496 11 95
9 125551886 7 35
9 130648991 15 56
9 131370322 14 90
9 131670623 9 56
9 135927459 8 33
9 137593137 3 15
9 137677874 4 14
9 139635770 4 30
9 140711964 7 56
9 140711965 7 55
10 1313244 10 13
10 24908778 13 27
10 27149684 17 42
10 33515168 12 19
10 46321385 23 145
10 50363893 4 27
10 50594752 7 31
10 54042050 8 15
10 69751987 12 36
10 70333230 14 123
10 71142522 4 38
10 72498716 4 32
10 73048347 7 74
10 75072273 9 68
10 76854536 6 17
10 85981712 9 114
10 96018889 12 90
10 99343350 3 9
10 100148244 4 12
10 102262191 6 47
10 102740344 9 55
10 104156228 5 33
10 112361499 8 72
10 115335736 11 52
10 115348699 11 45
10 115963294 10 38
10 118969539 24 82
10 121571402 8 57
10 124248996 9 79
10 124390709 7 82
10 124457698 8 56
10 127697113 9 51
10 131640528 9 61
11 1029567 9 31
11 4843076 35 113
11 5475345 13 118
11 5537042 17 105
11 5968788 24 78
11 5969142 24 40
11 6453013 13 100
11 6816144 12 57
11 6867376 11 75
11 6942379 7 57
11 7021272 10 65
11 10615060 18 35
11 10645346 7 33
11 14063082 10 120
11 14535181 7 26
11 14865471 34 63
11 16822622 22 118
11 18754841 22 76
11 28311863 24 67
11 30938460 17 30
11 30953328 7 19
11 32635300 12 79
11 55405836 35 85
11 55653274 8 21
11 55861147 21 53
11 58604580 21 54
11 59189494 8 51
11 62747245 4 32
11 63129941 5 12
11 64023222 16 102
11 65266481 21 84
11 67816682 30 82
11 67939171 7 34
11 70333073 15 41
11 72945204 8 41
11 72946232 13 58
11 73022436 14 56
11 76895799 5 8
11 92086811 108 289
11 94169038 12 61
11 102662226 35 80
11 105769100 4 17
11 117376338 16 33
11 117774375 23 32
11 118773223 7 33
11 118967749 13 27
11 121476278 34 99
11 122795661 19 48
11 123886770 22 77
11 123894487 12 59
11 125766075 16 100
11 130059739 19 58
11 130059740 17 56
12 1943561 3 22
12 2224708 3 24
12 4736365 4 42
12 4919804 4 28
12 7177387 6 23
12 7635262 16 119
12 9345243 12 62
12 10218304 5 20
12 13243455 7 35
12 13716319 11 73
12 22059109 4 33
12 22063888 9 44
12 40702473 4 24
12 49225073 18 81
12 50295091 5 35
12 52963682 14 45
12 53880233 6 50
12 55846693 10 76
12 56720705 5 41
12 57114700 11 93
12 57351060 8 31
12 57424050 12 52
12 57430593 20 97
12 57606347 6 12
12 66923614 11 54
12 68719371 15 80
12 70049133 19 118
12 72866856 18 125
12 80714217 6 43
12 81111089 4 18
12 94641880 5 31
12 95867875 6 12
12 104174101 11 76
12 113314621 5 34
12 113448304 9 59
12 119909840 12 84
12 119960774 20 117
12 119978426 8 88
12 120575528 7 24
12 120575551 4 22
12 120750872 11 58
12 125621227 5 26
12 125834396 23 91
13 24895823 7 56
13 28578193 10 50
13 28896930 12 86
13 36382405 18 139
13 39422804 3 10
13 46287544 8 45
13 52439511 5 33
13 53419004 6 38
13 61985330 3 12
13 77619581 8 57
13 79191089 8 60
13 84455007 5 38
13 86369460 6 32
13 88330434 11 85
13 93879740 11 51
13 99364143 11 72
13 100517114 9 81
13 108922354 17 124
14 19563436 8 37
14 20692782 11 66
14 21945695 8 71
14 21961098 18 99
14 22192091 16 65
14 22294006 13 33
14 22356412 7 22
14 22476386 6 16
14 22772281 3 13
14 23237177 3 36
14 23890224 8 69
14 23900816 8 112
14 24676702 10 37
14 31827966 19 58
14 36840694 4 30
14 58813764 8 33
14 61180337 11 32
14 63175152 13 44
14 67671581 9 52
14 70924646 10 59
14 75266252 17 160
14 89093244 5 48
14 91386649 26 84
14 92265364 18 48
14 94120324 15 151
14 94712743 3 31
14 95573953 8 71
14 96135887 4 31
14 96157638 7 53
14 96730842 11 64
14 101201188 18 50
14 102901109 5 22
14 103167667 4 53
14 103941542 3 34
14 104001005 9 16
14 104624133 6 17
14 106791043 55 153
14 107083466 17 44
14 107178856 11 183
15 20193368 17 78
15 20644055 5 13
15 21051221 5 43
15 25324133 5 21
15 32935871 17 73
15 32935872 16 70
15 33765704 7 51
15 34080525 18 80
15 34130703 9 18
15 40599843 3 20
15 43452952 11 39
15 44944342 17 41
15 50926735 5 14
15 55520877 19 36
15 57744421 10 21
15 58287308 26 86
15 66729162 15 38
15 66729163 15 38
15 69011843 17 33
15 72691081 3 34
15 74627459 27 75
15 78585082 3 21
15 78893897 16 38
15 83456191 5 37
15 85431019 15 43
15 95022241 5 17
15 99500542 14 25
15 101983763 15 92
16 2607941 7 60
16 4312623 15 87
16 9857172 5 44
16 10525283 5 31
16 17221565 12 116
16 19547897 12 39
16 20329667 16 108
16 20498062 6 31
16 20673121 7 36
16 21261615 6 65
16 21629267 13 79
16 24046747 9 53
16 24946942 6 41
16 27665971 30 177
16 28493843 5 39
16 31388540 6 37
16 31391663 3 15
16 47628101 3 26
16 48167618 5 51
16 48180277 12 65
16 48226442 7 48
16 48286166 5 39
16 49315257 6 32
16 49671203 7 44
16 55517950 8 60
16 55857487 5 51
16 67006790 19 64
16 71015351 8 35
16 72164148 12 70
16 81181855 7 46
17 3922983 23 65
17 4455771 13 46
17 4886137 3 32
17 6338369 8 26
17 7577141 5 9
17 10415854 6 20
17 10428286 10 73
17 10436891 11 57
17 11622765 8 49
17 18181278 16 44
17 20921333 19 52
17 21731410 4 42
17 25967764 14 87
17 27052510 21 50
17 29120537 14 40
17 30616032 5 25
17 33690647 17 108
17 35822210 7 37
17 36486212 14 43
17 39594742 12 39
17 40997012 18 18
17 42334865 8 39
17 48050430 4 33
17 48050431 5 34
17 48433239 22 34
17 56344874 5 33
17 58511235 3 33
17 61958244 13 54
17 72368044 4 25
17 73258937 3 21
17 76045228 7 30
17 79478095 29 52
17 79517272 38 67
18 677819 12 69
18 5956068 3 5
18 12030427 7 45
18 13681760 28 120
18 19996025 5 53
18 22642656 6 35
18 33836961 20 146
18 43224002 11 95
18 50734142 12 107
18 53070735 13 113
18 56204723 9 43
18 59972714 12 82
18 61468108 5 51
18 61621780 11 36
18 71797881 4 21
19 375772 11 98
19 1046387 28 179
19 4159755 7 58
19 4429574 7 34
19 6718157 12 54
19 7143027 15 130
19 8953934 5 17
19 9074696 6 51
19 9407285 5 44
19 10249161 10 61
19 10568687 16 79
19 15233527 11 54
19 15350007 4 22
19 15350008 4 22
19 15484089 5 39
19 16860357 6 27
19 17091485 6 50
19 18279570 6 22
19 18321849 10 42
19 19035781 4 9
19 19240968 6 19
19 21991161 6 21
19 22364005 5 42
19 31039293 26 165
19 33321457 4 28
19 34929578 21 68
19 39051791 3 31
19 42270121 16 69
19 43233499 20 144
19 43411107 19 211
19 44050206 3 28
19 44536205 23 69
19 44833910 7 37
19 44891413 24 58
19 44934628 6 46
19 45157261 46 304
19 45997948 12 59
19 48220193 5 55
19 49993749 10 31
19 50086932 32 84
19 51483667 4 37
19 51506275 16 44
19 51645996 9 51
19 51647767 20 112
19 52217175 3 35
19 52249165 5 62
19 52272360 5 57
19 52394233 19 52
19 54871657 14 46
19 55497556 7 23
19 55505674 15 74
19 56459268 24 126
19 56953336 8 67
19 57326527 10 87
19 57333105 17 98
19 57646221 7 23
19 57646515 17 113
20 126365 23 117
20 861925 7 27
20 9360769 6 28
20 9364892 9 67
20 9520187 32 154
20 9624876 20 51
20 10035229 4 43
20 10036195 6 22
20 19665960 15 50
20 20168671 7 74
20 30432705 9 51
20 31877752 17 54
20 33879675 23 120
20 36789988 20 67
20 36859609 9 19
20 40053932 6 50
20 40714415 7 83
20 40733322 11 46
20 40743942 15 51
20 44416617 7 26
20 44699170 11 74
20 44699171 10 74
20 45853154 34 107
20 47843021 7 66
20 49626318 14 49
20 51870136 5 34
20 55100852 15 185
20 57769657 5 28
20 57769658 5 28
20 61982010 4 42
20 62374346 3 16
20 62724142 25 70
21 31768587 4 30
21 33951009 15 81
21 35258600 5 24
21 38098503 7 81
21 42080488 8 54
22 17072290 13 67
22 17288747 8 43
22 22868490 5 49
22 26294333 9 48
22 29924434 30 73
22 36538042 10 41
22 37322096 7 44
22 41368538 11 41
22 42273334 12 97
22 47062751 9 103
22 50537973 8 49
