chromosome_index position alt_count ref_count
1 1573174 43 125
1 9910706 22 23
1 11308146 13 74
1 11561505 7 23
1 11855349 9 22
1 12337822 9 46
1 12921262 37 145
1 15894522 7 47
1 16258291 6 51
1 16260668 13 86
1 16632313 32 27
1 18961018 13 10
1 21031102 25 23
1 22211278 4 13
1 22817960 29 55
1 23189568 15 82
1 26163917 8 41
1 27250652 14 23
1 27876708 43 61
1 28116078 17 9
1 36235472 9 36
1 36932836 24 29
1 39876466 8 41
1 39893212 17 109
1 39920611 15 49
1 40129051 16 20
1 40137689 17 10
1 43011226 6 46
1 43825981 11 55
1 44463575 6 22
1 45293264 10 14
1 47110895 15 68
1 52399020 12 60
1 54474610 29 35
1 54675719 18 72
1 62675752 5 29
1 70503886 22 116
1 75055606 5 120
1 78481927 3 34
1 85331113 3 31
1 91818148 12 73
1 92200453 6 122
1 94048201 10 22
1 94461712 6 27
1 94463667 16 33
1 94522291 8 12
1 95448580 5 25
1 100366354 27 130
1 109192905 31 39
1 110230832 53 11
1 112020609 18 61
1 114123190 13 87
1 116931591 12 97
1 120336844 35 34
1 144930814 21 140
1 145535801 38 90
1 146057328 6 47
1 149877306 22 16
1 150921954 4 84
1 151109457 64 99
1 151337144 45 48
1 152084813 7 70
1 152286608 49 112
1 152659531 72 158
1 152857121 10 111
1 153911438 11 9
1 154548288 47 90
1 154940182 29 33
1 155226122 39 66
1 155279912 8 84
1 155491384 7 40
1 155911572 75 69
1 155912050 35 53
1 155912094 35 58
1 156046476 4 24
1 156518209 35 29
1 156616607 14 20
1 156647076 11 12
1 158577164 11 151
1 158911862 12 72
1 159825786 6 9
1 159832291 8 74
1 160252287 21 107
1 161094084 19 14
1 174973906 9 74
1 179504085 15 32
1 180158727 65 47
1 183604789 21 4
1 186047318 6 25
1 186089219 38 13
1 193119499 19 37
1 197071989 12 155
1 205042211 8 7
1 205739904 24 31
1 214169991 15 33
1 214170440 14 33
1 216595450 10 16
1 223987671 31 38
1 226180268 17 70
1 226180269 17 69
1 235292031 31 74
2 1667492 35 83
2 9541463 6 47
2 25982503 30 42
2 28836940 12 49
2 28843819 40 57
2 33614370 7 75
2 40342585 17 30
2 43919773 15 74
2 45879351 6 52
2 47698196 8 66
2 48808382 15 43
2 50463989 22 37
2 50723087 15 12
2 55561703 12 80
2 61441806 21 41
2 61441807 21 40
2 61447506 177 217
2 63053319 25 65
2 65309759 58 67
2 73285717 12 18
2 74512955 9 17
2 74783562 17 22
2 89160423 32 48
2 96692049 5 25
2 113405244 7 101
2 118579511 24 52
2 118579777 14 57
2 120075062 3 6
2 128346127 8 41
2 128699705 18 50
2 130865602 7 20
2 136481533 6 40
2 141816473 6 48
2 160087249 7 24
2 162092053 13 34
2 164466371 13 44
2 165947801 46 37
2 166187985 32 126
2 168114752 17 34
2 170417041 33 38
2 170938397 20 32
2 178592834 24 19
2 179236888 38 39
2 179413832 29 55
2 179444736 41 72
2 179517257 39 93
2 187455218 16 6
2 196729560 41 42
2 210560522 6 24
2 211464286 11 40
2 220397128 14 9
2 227953366 15 57
2 228882145 14 15
2 231065663 19 81
2 234545777 25 138
2 237074742 20 54
2 242511723 7 9
3 9803397 7 19
3 10108898 14 21
3 10108913 13 23
3 20082251 16 7
3 36884168 4 15
3 40552976 43 40
3 42684037 23 37
3 43388851 69 21
3 44943329 12 8
3 44943391 22 8
3 45637103 14 20
3 45637110 17 18
3 49163562 9 4
3 50095162 57 15
3 50095425 7 2
3 50095429 7 2
3 54958790 11 138
3 56766332 9 61
3 58368262 10 38
3 62153648 17 32
3 64085079 5 46
3 97806692 3 47
3 100469284 38 36
3 108118017 6 93
3 111962924 9 45
3 112184871 33 34
3 113342289 17 177
3 113524349 54 38
3 113955249 40 99
3 119528917 12 30
3 119962903 32 35
3 120469741 26 56
3 121215657 5 84
3 121417734 36 146
3 121615266 38 87
3 122123117 5 29
3 122126241 4 27
3 122928200 37 46
3 126180360 6 20
3 127786429 22 59
3 128982814 34 43
3 129695613 8 61
3 130656283 44 65
3 132202409 27 43
3 136323277 20 90
3 140406715 5 44
3 140409818 23 56
3 142094679 38 58
3 156763331 36 38
3 160025478 12 87
3 170781596 5 14
3 170801984 4 36
3 172025174 10 60
3 172064204 39 53
3 178936091 19 36
3 183824031 11 23
3 184922317 49 70
3 185906167 22 26
3 189705370 32 52
3 193335031 18 48
4 844769 16 111
4 25391770 11 54
4 36163133 3 44
4 38775591 19 61
4 38776964 27 23
4 46042911 9 9
4 57889615 28 77
4 69431361 75 16
4 69512743 6 23
4 69512806 15 84
4 71555505 11 53
4 71654602 6 33
4 74719087 11 53
4 79199812 8 43
4 79199884 4 41
4 89649952 7 4
4 110737358 17 44
4 113352015 8 71
4 115589294 12 74
4 118975531 13 41
4 119252891 9 38
4 121738001 45 142
4 134072252 29 35
4 152680029 31 50
4 157771462 13 26
4 164054328 3 42
4 164247524 18 42
4 187521283 12 45
5 304328 14 67
5 462333 29 174
5 5461390 24 148
5 13923440 27 518
5 14304687 12 304
5 14481697 39 248
5 19503204 9 177
5 24487828 57 348
5 32400206 10 170
5 33881350 14 150
5 37176048 38 330
5 37294531 12 133
5 37350278 34 164
5 39202404 28 195
5 39202487 31 182
5 40769524 29 286
5 40769603 26 248
5 40832806 13 155
5 41150087 19 194
5 41382415 70 192
5 41382524 9 183
5 41939561 73 197
5 43529943 21 210
5 43651878 62 370
5 49963909 46 115
5 52225454 9 21
5 63510096 14 10
5 95234307 30 39
5 95735691 13 5
5 127595503 13 51
5 132222059 24 119
5 132234008 34 114
5 140186904 20 43
5 140626446 46 15
5 140768593 17 38
5 140788374 8 10
5 146752763 25 72
5 172537598 12 28
5 178139370 20 72
6 12162085 9 85
6 13365755 62 12
6 17675821 10 73
6 26205029 4 38
6 28500171 7 91
6 30036411 5 84
6 31125280 13 35
6 32053620 3 31
6 32138789 4 55
6 32945722 5 77
6 33281835 17 20
6 38905888 9 81
6 39040716 24 72
6 41740660 54 53
6 43096945 47 27
6 43109405 23 143
6 43109959 7 75
6 43191853 140 95
6 43519175 69 77
6 44273474 24 139
6 50786664 4 46
6 51613215 25 114
6 51930823 50 57
6 56497790 23 57
6 57013008 25 16
6 66205361 4 7
6 76124547 31 100
6 87943153 10 60
6 87993946 4 31
6 88258313 5 26
6 89808556 75 67
6 90576358 5 8
6 97676802 29 30
6 100841640 14 33
6 100897504 21 31
6 110541017 12 66
6 112440483 23 28
6 119232887 11 36
6 124604274 16 48
6 128410869 13 65
6 128540226 12 70
6 133100529 17 32
6 137113081 5 19
6 138428341 15 39
6 143092003 30 162
6 146870651 43 63
6 149262465 13 107
6 149777857 10 40
6 159457058 20 29
6 166571941 18 39
6 167571197 5 18
6 168319586 11 25
6 168352586 9 41
6 168370544 7 18
6 170632292 17 49
7 4014064 9 42
7 5567222 3 5
7 5633095 17 16
7 5780799 8 82
7 10979667 12 106
7 16502518 4 65
7 21628952 16 53
7 24681452 26 40
7 27211545 45 37
7 28547236 51 202
7 37780482 9 73
7 44575857 19 18
7 50097593 7 29
7 53104150 12 67
7 56123323 19 19
7 64442486 26 76
7 65751506 6 47
7 66274273 13 91
7 70228071 30 16
7 72430561 33 35
7 74212563 9 36
7 82763761 14 22
7 86808950 7 97
7 87022134 12 82
7 87564471 10 22
7 91867019 50 31
7 93108738 15 145
7 98645449 8 185
7 99097327 12 116
7 99129890 31 71
7 100391801 43 16
7 100684167 58 284
7 100685841 25 112
7 103281034 45 17
7 106509095 22 57
7 116340289 11 130
7 129938623 11 82
7 130002789 39 31
7 133689840 68 31
7 134254185 20 69
7 134881081 5 38
7 137776586 25 46
7 142459622 26 98
7 148800670 7 19
7 148895472 15 74
7 149480665 5 55
7 149558190 7 18
7 151680103 19 107
7 151845790 68 27
8 442722 6 103
8 12950222 18 9
8 22333014 65 36
8 33354239 5 4
8 38373935 46 152
8 39627032 34 50
8 41557053 43 144
8 53569401 61 149
8 62559382 36 452
8 68089948 6 104
8 70533285 32 37
8 86025181 4 60
8 91013744 13 18
8 95895084 13 123
8 97892102 26 223
8 99440250 11 10
8 101074914 23 31
8 103291056 16 289
8 104330830 21 72
8 105601101 6 9
8 106815512 13 22
8 113266540 21 222
8 113697704 35 113
8 118159333 28 132
8 125463473 41 58
8 141742717 16 17
8 142367717 5 63
8 144889739 34 87
8 144900579 14 35
8 144991023 51 70
8 144991279 35 80
8 145267981 27 73
8 145745405 5 48
8 145998792 63 112
9 4663239 25 109
9 13168526 112 28
9 17791268 48 13
9 17791318 41 11
9 21206643 251 74
9 21334288 40 7
9 34660498 16 15
9 34660733 12 25
9 37441722 12 64
9 37529146 9 5
9 37529147 9 5
9 75441871 8 157
9 86587824 9 88
9 96278456 26 36
9 96318705 14 115
9 98222006 11 61
9 99711919 44 21
9 107547777 29 55
9 114521556 13 51
9 125315777 12 118
9 125920338 63 60
9 127951943 19 30
9 128347887 7 43
9 135522335 17 29
9 135782175 5 49
9 139358919 17 30
9 139699037 5 68
9 140093677 13 63
10 415527 34 45
10 6151979 45 57
10 15151794 28 61
10 15154822 55 48
10 16949640 17 52
10 22048465 9 26
10 25241467 8 5
10 27031432 7 42
10 27425215 12 110
10 27687295 5 50
10 28101375 14 22
10 28101442 39 63
10 31610457 11 133
10 32582639 9 58
10 37520408 9 44
10 43662529 6 19
10 51821357 102 262
10 64425908 5 24
10 70532850 3 11
10 71010045 72 94
10 73578394 149 33
10 75038029 6 32
10 75279565 4 18
10 79565545 11 72
10 82280628 36 24
10 91177102 43 13
10 91177617 43 11
10 96076414 13 53
10 96447916 32 40
10 99623982 3 22
10 103899371 20 85
10 104591322 15 15
10 105921780 128 107
10 121689224 29 38
11 3720358 20 104
11 5537102 9 140
11 6942319 13 42
11 7067996 19 91
11 17150938 5 36
11 19259625 8 36
11 32704976 4 8
11 32739656 10 8
11 46568832 33 11
11 47602247 11 4
11 47602553 37 9
11 57003813 14 44
11 57472631 20 43
11 57982331 15 147
11 58892342 18 45
11 58979693 10 54
11 59282631 40 94
11 61183840 46 26
11 63449203 3 26
11 63487292 26 72
11 64695600 18 89
11 65003944 8 13
11 66359040 76 134
11 66476457 8 79
11 67200265 7 100
11 67925321 18 67
11 68748293 9 40
11 70218446 32 29
11 73996862 9 102
11 74168589 6 37
11 75298105 15 51
11 75298877 40 82
11 75298898 42 80
11 77047295 29 32
11 77301163 10 13
11 92570844 7 45
11 92616348 8 148
11 95552066 20 18
11 102593181 4 69
11 102710861 28 78
11 103106477 7 40
11 108018203 3 39
11 108192065 20 146
11 112104316 33 52
11 119056582 26 22
11 120979992 6 42
11 121986263 8 32
11 124253257 26 50
11 130332664 32 75
12 1599256 59 25
12 2074824 27 21
12 6886542 30 49
12 7177540 3 25
12 10282615 9 71
12 10587972 37 93
12 10999868 40 123
12 11546852 18 122
12 19418758 5 85
12 21353503 10 77
12 21598305 7 51
12 21711248 15 28
12 27077362 4 79
12 29523100 27 22
12 31236798 46 40
12 44782333 6 87
12 49444172 7 11
12 49666207 17 27
12 49953243 13 18
12 49996992 27 33
12 56221305 12 89
12 56233492 3 7
12 56495022 10 27
12 56526287 4 51
12 57108465 22 40
12 64815196 25 42
12 65633916 26 46
12 71139646 17 49
12 81101796 18 43
12 83444700 6 32
12 104156178 30 30
12 108589558 12 14
12 109898575 11 24
12 120263063 22 47
12 120527845 16 23
12 121789986 22 15
12 122716681 5 13
12 122763391 14 18
12 123187066 8 41
12 123187658 14 25
12 124256154 4 11
12 125397126 89 122
12 130847598 16 57
13 24444280 6 68
13 24444281 5 69
13 28624349 6 56
13 31232961 18 61
13 32911757 22 68
13 33635733 26 68
13 35926351 10 23
13 36903569 41 122
13 38237614 6 60
13 50050713 6 182
13 52548779 6 64
13 70456576 12 82
13 77754343 11 102
13 77807378 44 52
13 88329490 8 224
13 96293693 8 48
13 111367740 7 15
13 111368180 5 9
13 111368195 10 12
13 111953139 15 116
13 113052380 10 169
14 21861391 8 28
14 22294226 29 11
14 23794476 28 54
14 24710891 15 25
14 31614051 9 40
14 33290991 7 38
14 33292295 19 39
14 38060530 8 9
14 39818134 22 92
14 45372492 33 112
14 50267156 8 8
14 51401870 15 55
14 53175509 9 47
14 55462425 18 12
14 58831502 8 30
14 61442637 32 39
14 61446386 36 52
14 70714127 18 43
14 70924467 8 75
14 88983466 11 23
14 93125711 15 18
14 94517753 10 91
14 100835428 5 36
15 20644066 5 7
15 28234813 6 19
15 33927951 4 13
15 40939190 5 24
15 44166359 8 45
15 44581417 5 20
15 44816458 13 4
15 49031133 10 46
15 54306845 5 22
15 63125804 16 39
15 64067105 19 36
15 64706408 4 77
15 66821897 28 19
15 73558736 8 73
15 74490116 3 8
15 76696995 15 27
15 77473981 14 56
15 77908000 6 8
15 79750577 33 56
15 84561433 9 4
15 88690604 18 30
15 89837117 11 111
16 779179 5 11
16 845804 5 14
16 1748849 18 22
16 2115600 9 100
16 2331115 8 53
16 2812457 13 66
16 2815128 37 41
16 3063799 4 48
16 4027575 5 7
16 14962407 75 105
16 15711214 22 43
16 16244626 3 8
16 20803346 22 42
16 21110072 24 160
16 23091486 6 55
16 23652811 8 15
16 23716428 5 22
16 29819072 11 103
16 30677859 7 131
16 30734044 45 108
16 53190890 9 83
16 55519234 12 66
16 65005962 8 27
16 66945867 23 41
16 67236334 28 56
16 67325713 7 27
16 67404973 17 36
16 67961249 5 95
16 67964658 4 53
16 67970132 47 90
16 68592414 17 19
16 69148449 6 34
16 69703905 9 44
16 70562804 24 40
16 70590867 6 25
16 70594423 32 33
16 77229455 8 24
16 78148904 25 93
16 81134836 10 24
16 84256054 6 78
16 84872045 8 69
16 85009881 19 42
16 87874726 15 23
16 89294941 11 63
16 89828369 11 98
16 89922527 7 8
17 1617217 3 26
17 3533520 5 37
17 4836699 7 47
17 6531882 41 72
17 7406503 28 5
17 7578382 34 7
17 8358153 127 35
17 10231184 24 32
17 15974811 84 124
17 16004574 5 63
17 16004835 22 27
17 26862157 6 38
17 26958872 62 87
17 27076062 7 85
17 27401833 56 83
17 27613768 9 101
17 28652039 21 174
17 30192428 36 46
17 30226692 7 98
17 30267339 20 206
17 30315353 11 90
17 30815426 12 87
17 33968979 10 56
17 35990093 72 179
17 38420907 23 41
17 39036898 24 49
17 39726263 35 70
17 41168327 4 45
17 41242998 7 18
17 45056119 13 2
17 47874111 39 14
17 57298051 8 160
17 58003876 9 135
17 58013871 34 677
17 59479063 14 175
17 59760886 17 218
17 60501622 7 42
17 60765945 35 167
17 61417549 22 44
17 61497894 3 30
17 61766936 4 13
17 61908762 30 202
17 62547765 39 62
17 65050180 25 27
17 66872842 9 37
17 67250581 62 16
17 74056446 7 75
17 77921545 7 41
17 78346910 19 6
18 346709 5 61
18 2567193 9 60
18 5419899 68 22
18 6263973 6 27
18 9255858 4 21
18 12802116 4 23
18 19203799 26 61
18 21508201 6 33
18 25543404 21 53
18 28989425 7 90
18 43535088 9 54
18 47810410 11 60
18 50734160 15 210
18 51731509 5 45
18 55398940 81 21
18 56278983 13 44
19 541370 11 4
19 831823 17 65
19 831910 4 32
19 3736305 5 10
19 3969722 4 27
19 3983208 9 23
19 4099409 3 13
19 4792709 10 45
19 4852282 4 24
19 6707483 5 72
19 6928165 10 176
19 8399278 8 24
19 8969284 28 68
19 9066420 33 176
19 9578847 8 102
19 9583925 17 154
19 9801086 4 47
19 10599872 5 36
19 10657529 8 33
19 10668503 7 16
19 11348134 13 41
19 11660696 4 22
19 11832550 4 58
19 12985129 8 24
19 13246324 3 45
19 14910580 7 55
19 14991433 11 78
19 15587403 8 17
19 15734074 22 62
19 16229041 12 43
19 16687104 14 33
19 16870082 9 59
19 17305414 9 22
19 17346315 5 3
19 18943110 4 54
19 19764808 5 7
19 19823498 25 61
19 20308019 23 39
19 20308235 9 50
19 20308236 8 52
19 21131687 9 79
19 24310263 7 109
19 24310282 7 105
19 32844195 19 58
19 35435145 16 12
19 36109039 10 59
19 36275081 8 34
19 36851365 10 74
19 36853105 10 55
19 37117888 24 56
19 37677401 22 264
19 37905235 8 43
19 37975905 6 109
19 38924404 10 17
19 39734657 6 53
19 40732352 4 15
19 40929308 5 18
19 41925047 4 45
19 42599721 7 17
19 43421933 60 67
19 44301645 5 18
19 44376892 7 21
19 44418823 34 101
19 44791407 19 45
19 44792476 20 17
19 44891143 22 53
19 45015147 21 54
19 45575833 16 50
19 46318292 7 50
19 46351147 6 19
19 48800464 5 40
19 49497082 7 16
19 49497085 7 16
19 49969051 15 30
19 50148320 3 34
19 50361877 11 6
19 51582079 68 228
19 51958763 9 20
19 53085619 7 70
19 53268833 78 57
19 53384539 29 100
19 53741614 35 55
19 54182275 10 233
19 54395052 16 44
19 55222181 15 54
19 56538994 10 48
19 56972100 31 35
19 57175041 41 106
19 58018429 89 108
19 58049011 8 53
19 58549411 7 7
19 59010559 21 16
19 59067596 14 56
20 1559137 37 212
20 1902322 27 46
20 3204021 8 48
20 3846824 4 9
20 17341282 13 6
20 23965870 9 8
20 30585105 35 58
20 33574744 20 43
20 34090367 3 26
20 34090820 6 66
20 35128773 10 24
20 35128993 18 46
20 35242277 12 39
20 36375039 5 64
20 40112154 4 10
20 46290638 10 101
20 47273601 3 8
20 47273692 8 19
20 47736554 5 34
20 49227396 68 59
20 54573593 5 51
20 57768402 3 16
20 60775941 8 97
20 60967523 12 146
20 62319338 11 14
21 15352237 7 8
21 15748072 7 88
21 30521509 14 142
21 33063167 27 102
21 34072209 4 65
21 35183365 10 80
21 37418257 6 81
21 43543119 23 36
21 43766597 21 204
21 44323806 32 106
21 46309319 15 16
21 47831538 5 56
22 19511503 3 10
22 20812283 9 21
22 26157032 10 64
22 26761388 7 142
22 27012150 31 34
22 29177153 4 20
22 29747711 7 18
22 31799166 18 49
22 32924877 6 30
22 38164097 7 10
22 40059831 61 57
22 41077824 7 150
22 42322114 9 19
22 42992255 5 45
22 45182344 3 7
22 45241147 6 30
