chromosome_index position alt_count ref_count
1 1650862 19 94
1 3624168 11 66
1 4834503 11 45
1 6285271 18 55
1 10690050 6 21
1 12368508 15 37
1 17319020 23 92
1 20304519 3 49
1 23233234 4 17
1 26357081 5 36
1 26586208 14 72
1 27087386 8 33
1 27220757 7 70
1 29189401 5 23
1 29475582 24 259
1 29475690 7 77
1 39752955 15 46
1 39918000 13 51
1 40029381 18 39
1 40668210 7 44
1 42645371 15 26
1 44137182 15 45
1 45250955 4 15
1 46295205 11 41
1 47550566 16 88
1 55175868 7 17
1 55319842 6 30
1 60456431 61 219
1 67786024 10 41
1 70715728 4 24
1 76262775 6 16
1 91406670 18 94
1 94048270 10 31
1 94884133 3 6
1 103355070 9 73
1 109270677 29 86
1 109395216 6 66
1 109553931 37 113
1 109777857 20 77
1 111826737 3 13
1 111889669 8 33
1 111892843 20 104
1 113657430 12 80
1 114184792 17 55
1 118609486 15 48
1 120165535 5 9
1 147096275 5 28
1 147380362 54 54
1 149937765 6 26
1 151495934 105 90
1 152281042 37 157
1 152282755 48 291
1 152327684 73 348
1 154072563 17 70
1 155210881 8 36
1 156933341 12 77
1 157660198 4 72
1 158548928 6 90
1 158984714 4 56
1 158990177 25 45
1 160163635 9 60
1 160846471 9 52
1 161018599 25 156
1 161163802 3 46
1 169494094 12 56
1 169510104 10 33
1 172113732 12 54
1 173886363 3 11
1 173947732 9 52
1 175049448 17 41
1 176671771 30 29
1 178442459 3 9
1 179815353 29 62
1 180461406 14 36
1 180849374 7 28
1 181024377 15 82
1 183938560 23 32
1 183938596 15 23
1 184446658 6 48
1 185175868 4 45
1 185956617 13 108
1 202302415 9 174
1 207669698 3 11
1 220364510 15 85
1 220440324 7 62
1 220921997 11 2
1 226180135 16 82
1 230841752 21 57
1 231402031 8 43
1 240256741 14 57
1 240656296 11 41
1 242023908 14 67
1 243716087 5 51
2 1891341 5 73
2 8926117 6 18
2 10095215 3 16
2 11758537 4 5
2 11780603 11 36
2 11780624 8 25
2 21238404 10 28
2 24222660 19 62
2 24933898 9 33
2 25016769 11 48
2 25038510 16 74
2 27804562 36 151
2 55543135 14 68
2 72360154 3 24
2 89157152 3 12
2 100623091 17 36
2 121726308 19 49
2 128066254 35 94
2 128397642 7 36
2 133540510 14 53
2 135739074 13 67
2 135965399 4 27
2 141116408 15 58
2 141215068 17 68
2 145147383 15 53
2 152109296 16 75
2 152320447 11 35
2 152404175 6 11
2 152584365 8 32
2 153537793 7 76
2 155711634 16 68
2 158978037 25 68
2 158978038 25 68
2 160585619 5 36
2 165947586 22 84
2 165948846 7 31
2 170097642 8 42
2 170150751 18 37
2 170175357 5 32
2 170885907 9 58
2 179400511 7 33
2 179469679 13 60
2 179593656 6 10
2 179658248 13 67
2 179981401 13 57
2 187692909 10 32
2 191850351 7 22
2 196722155 15 54
2 203071986 42 162
2 207026170 10 55
2 212543806 5 12
2 220107897 19 36
2 220172524 21 71
2 220368919 7 22
2 232100046 7 11
2 232262625 5 20
2 233321360 4 13
2 233422658 15 41
2 234243683 7 34
3 5024862 6 47
3 7494394 5 25
3 9426307 27 89
3 9515119 3 19
3 9516140 13 44
3 10290962 19 46
3 10291002 24 64
3 10379904 5 28
3 11301018 8 150
3 12458312 11 28
3 12976945 5 21
3 17446432 4 42
3 20178502 7 33
3 32180162 13 47
3 33612275 4 6
3 38137415 13 39
3 39306963 35 86
3 43381800 28 124
3 43381978 4 31
3 43381990 6 26
3 44905724 15 55
3 45879475 6 33
3 47058588 18 51
3 48608565 9 24
3 48616933 3 20
3 49282112 22 57
3 49756422 16 58
3 49898242 21 80
3 50396206 17 48
3 51679710 5 11
3 53212465 16 25
3 56026147 24 98
3 58141727 11 49
3 63976462 13 45
3 64004503 8 25
3 81810576 6 38
3 86996163 10 29
3 98304446 7 87
3 100949913 20 130
3 105377987 15 94
3 107497231 28 52
3 119256241 9 51
3 121489208 5 58
3 123348513 21 25
3 124175549 10 49
3 124739840 6 27
3 125257297 15 103
3 127801372 7 84
3 128199904 6 11
3 129389575 5 39
3 129389916 43 215
3 129811026 3 24
3 132175666 8 44
3 134278167 6 108
3 138665349 15 85
3 142396880 19 35
3 149192627 4 30
3 158310291 5 79
3 160143888 14 195
3 168834378 20 147
3 170715650 5 40
3 172052792 35 205
3 172428787 9 59
3 178936091 9 50
3 179051361 14 83
3 183585733 41 89
3 183707101 11 68
3 184633212 7 35
3 185198096 23 61
3 186793465 11 52
3 187386811 5 49
3 194080221 7 47
3 194371635 33 28
3 196387289 5 74
3 196509551 13 183
4 844822 19 57
4 7795489 14 73
4 13603177 33 164
4 22422440 6 47
4 24578092 13 63
4 25391798 15 42
4 25677780 7 22
4 57797247 62 209
4 57839436 7 114
4 68511724 24 53
4 68777186 14 39
4 70361310 4 25
4 77230462 6 27
4 82366753 16 70
4 83795788 10 46
4 84519201 19 55
4 88106495 19 68
4 88106561 17 67
4 110897215 17 85
4 119163264 28 100
4 123227107 8 92
4 129192450 6 49
4 134072396 14 48
4 151773060 7 12
4 153273859 6 14
4 155157229 7 96
4 169336860 3 14
4 169819676 6 26
4 178274579 8 24
4 178363459 7 26
4 186180201 12 61
4 186339602 4 28
4 187005261 18 41
4 187628101 11 78
5 163635 4 5
5 476392 13 42
5 887482 19 73
5 1239639 12 47
5 32276800 3 41
5 37165751 6 36
5 41055864 10 35
5 43161417 13 37
5 50073937 8 21
5 50685712 7 14
5 52404443 6 24
5 54603428 15 50
5 54649077 20 68
5 56171087 9 34
5 61694367 25 103
5 72359714 4 17
5 79034076 7 28
5 79751510 11 57
5 80681642 3 21
5 80681643 3 21
5 82835730 7 50
5 98217734 11 60
5 111497279 24 61
5 112176962 3 46
5 118482547 11 33
5 131323819 34 142
5 140308233 15 62
5 140559515 16 41
5 149618304 5 12
5 150584958 4 22
5 153857170 15 47
5 160753407 16 76
5 161322788 11 50
5 170380643 3 43
5 170380672 4 42
5 179546350 16 34
5 180048837 17 50
6 553855 13 45
6 2948561 6 21
6 4126371 5 23
6 7583213 8 41
6 7583435 4 20
6 7583509 6 23
6 7583532 6 31
6 7583545 8 30
6 7583774 24 111
6 7584134 7 59
6 7584626 4 35
6 7584710 15 43
6 7584878 14 48
6 7584896 16 50
6 7585036 19 56
6 7585151 14 38
6 7585226 22 39
6 12125927 17 52
6 13620485 6 80
6 16306794 7 37
6 17837139 35 161
6 18122786 5 29
6 20402595 5 15
6 26056283 14 75
6 27114509 16 143
6 27420074 14 59
6 27839706 16 122
6 28201012 4 34
6 30883179 23 85
6 32036356 9 40
6 32050000 7 17
6 32942477 5 17
6 33289517 46 172
6 36438031 7 54
6 42147033 9 33
6 42975936 21 101
6 52761523 5 24
6 110301403 21 69
6 110421781 9 40
6 116265446 12 65
6 127797104 12 55
6 131926586 4 23
6 131926605 3 23
6 136596746 11 107
6 144183372 5 39
6 152552568 14 51
6 152787177 8 41
6 158922810 14 46
6 159682278 9 41
6 165746585 7 42
7 4116724 7 28
7 23808778 12 51
7 23810741 13 55
7 27868398 17 83
7 28725767 29 100
7 30185805 17 42
7 36662829 6 38
7 43659295 15 59
7 45145091 22 95
7 45930194 7 49
7 56007770 5 12
7 65557059 10 65
7 69064835 3 15
7 73008651 8 26
7 76019351 14 33
7 81588617 5 46
7 91630939 9 32
7 91631431 12 26
7 91690718 4 32
7 91726008 6 38
7 92019317 5 80
7 94057038 7 32
7 94059612 27 87
7 99669301 13 57
7 100364724 18 24
7 100392931 4 13
7 100608830 8 31
7 100676453 48 207
7 100771753 9 33
7 106523498 39 150
7 112115600 9 18
7 114210919 18 82
7 121676718 11 30
7 121773665 11 46
7 129929454 11 63
7 138764853 31 65
7 141414074 23 86
7 142881470 6 16
7 148457438 9 80
7 148921623 12 24
7 151845784 5 37
7 151880090 30 107
7 155596208 5 8
7 158554234 13 72
8 8887607 4 26
8 22972214 17 41
8 28218496 6 11
8 30704321 12 69
8 37734862 26 92
8 42407818 7 19
8 53062380 3 23
8 54934720 11 31
8 68112622 7 28
8 68995622 11 32
8 77764240 9 43
8 86041430 23 112
8 86392977 11 21
8 94747019 9 64
8 94747051 10 68
8 94747101 13 86
8 94747137 23 97
8 94747515 14 70
8 94747639 6 61
8 94748436 18 93
8 95504025 11 64
8 100454857 5 28
8 100791181 10 66
8 101716565 45 129
8 102504985 10 17
8 103284793 16 84
8 113649141 9 35
8 121326259 11 48
8 125332377 20 62
8 145111642 5 16
8 145625784 13 23
9 3932366 14 71
9 4844670 12 57
9 7011802 6 25
9 13138005 4 21
9 13138106 4 23
9 19058406 11 37
9 21141383 10 67
9 21141551 7 49
9 32488167 9 62
9 33973226 18 88
9 34257704 9 29
9 34616067 10 30
9 35092728 12 28
9 35606242 8 47
9 36170156 9 37
9 36966699 4 20
9 37733772 11 64
9 77365633 6 59
9 77386741 19 98
9 95477685 6 29
9 97847726 7 26
9 100105692 14 37
9 104048463 9 45
9 104432516 22 55
9 115931946 4 19
9 116060489 9 24
9 119414050 9 22
9 124914585 15 29
9 125377337 33 107
9 129815197 22 75
9 130911731 7 43
9 131198051 3 15
9 131356617 10 15
9 131709109 8 20
9 131767807 9 89
9 131768007 60 216
9 131783434 4 11
9 131864267 8 21
9 132484580 10 22
9 133750279 14 49
9 134106065 5 31
9 136596520 7 28
9 139369010 6 22
9 140087082 7 27
9 140128102 5 70
9 140438009 7 24
9 140509455 14 23
10 11047380 37 113
10 13234282 4 19
10 17949613 9 41
10 43089740 22 84
10 50666943 19 69
10 50678733 10 80
10 52390415 8 40
10 55587175 13 37
10 61956290 5 26
10 64949089 14 49
10 71243521 6 16
10 73053170 13 42
10 74658496 12 38
10 74660207 5 13
10 81063878 7 30
10 81113558 9 23
10 87628830 16 52
10 91371744 14 33
10 92508615 37 49
10 97916829 20 32
10 102055962 4 44
10 103310522 9 76
10 103827142 15 30
10 116698044 14 14
10 126370735 4 5
10 126694451 18 21
10 129911795 42 50
11 608501 10 21
11 840378 28 73
11 902253 7 25
11 2979642 9 51
11 3727727 29 82
11 4142993 13 48
11 4661041 19 97
11 6636537 6 23
11 7670063 11 82
11 7981506 14 47
11 9450095 3 17
11 9597510 12 70
11 10800269 3 20
11 12379954 31 143
11 18231297 4 16
11 18956185 26 75
11 20113763 17 69
11 32634970 10 54
11 33358682 10 42
11 46703683 19 79
11 47713800 13 52
11 47772479 21 53
11 55563034 16 69
11 56086432 10 42
11 57373917 27 58
11 60694735 15 47
11 61508657 9 29
11 62284479 19 48
11 62286885 20 83
11 62430462 4 5
11 62430472 4 5
11 62433912 9 43
11 62434236 9 31
11 62560121 8 36
11 63988079 3 17
11 64054107 20 71
11 64067776 3 7
11 64597049 5 9
11 65271095 9 26
11 65617651 9 50
11 66114591 3 5
11 67049005 7 32
11 67836402 8 29
11 68030116 6 17
11 70281184 18 58
11 71806017 9 69
11 73361616 4 11
11 73748616 15 83
11 74058370 7 31
11 74983986 6 19
11 75160959 5 21
11 77054919 26 114
11 85593586 17 46
11 85593598 20 47
11 88300897 9 17
11 92523307 22 63
11 102239086 14 68
11 102937215 8 38
11 108170548 27 118
11 108380255 30 75
11 110450584 13 65
11 113568007 12 52
11 114270825 14 49
11 114401604 7 29
11 117789537 3 32
11 118376326 16 44
11 118780716 7 15
11 118972318 10 55
11 124857212 15 75
11 129725682 6 91
11 130319659 3 14
12 250398 9 28
12 1219412 4 30
12 3389631 3 13
12 4598880 10 10
12 5021889 23 133
12 6691315 3 16
12 7076691 6 17
12 7967025 14 84
12 9301510 4 21
12 12037408 25 110
12 14825887 18 59
12 14959539 25 62
12 26217839 11 30
12 27235188 4 22
12 27467992 16 42
12 27933986 5 21
12 31255232 11 46
12 31850794 10 33
12 31944918 14 51
12 32903745 11 39
12 43777731 8 33
12 44148499 15 54
12 48920205 8 59
12 49421090 20 91
12 49433365 4 18
12 49441751 5 20
12 49445386 10 44
12 49448347 4 10
12 49523287 23 72
12 49994493 28 91
12 51117064 18 58
12 53413718 5 32
12 53722239 14 39
12 54731041 19 54
12 55356535 8 44
12 56493443 12 60
12 56493627 6 29
12 56494956 3 16
12 56494962 3 17
12 57441141 21 56
12 57872945 21 51
12 58200272 10 50
12 62972277 4 27
12 62972283 4 27
12 66517632 29 97
12 72026239 5 53
12 76796503 7 19
12 81112162 8 97
12 81657121 7 21
12 85285857 15 80
12 93169883 7 27
12 96292198 29 69
12 98850129 4 22
12 100377964 5 19
12 103306618 16 54
12 109677668 5 19
12 110922933 13 57
12 114384248 4 16
12 122181532 13 31
12 122669239 6 13
12 122825761 17 87
12 122825795 15 85
12 122826046 55 199
12 122990075 18 68
12 123187756 23 76
12 123472867 30 143
12 129558623 14 55
12 133435664 8 21
13 20346427 13 73
13 23907010 13 46
13 25029183 42 148
13 42249377 5 14
13 47255931 6 26
13 49051505 4 9
13 50587172 18 90
13 77759426 19 84
13 95233385 7 46
13 96642272 16 96
13 98865514 13 78
13 103438620 14 73
13 108518320 4 45
13 111296830 9 40
13 113508844 3 18
13 113834355 8 23
14 20943019 11 25
14 20943315 9 44
14 21216202 4 42
14 21238307 3 30
14 21821946 24 75
14 22392735 16 51
14 22616478 3 33
14 23597298 8 26
14 23826696 10 26
14 23855641 11 55
14 23886468 15 77
14 35786501 35 28
14 35871602 12 54
14 35872475 4 61
14 55817538 3 18
14 58831508 9 29
14 60923759 5 79
14 61190185 4 11
14 61190745 30 52
14 61190788 18 35
14 64408435 4 62
14 64634013 6 39
14 64877818 6 45
14 67525466 6 89
14 67610141 12 81
14 67849272 12 61
14 74825508 18 50
14 76045651 9 46
14 76330187 20 32
14 79117553 9 60
14 81046741 31 51
14 88894023 7 32
14 89041178 7 10
14 90770438 17 56
14 91738961 17 87
14 104026786 7 45
14 105258988 12 43
14 105258994 12 41
15 25330540 44 165
15 28478819 10 58
15 29561277 11 61
15 42585102 5 65
15 43328411 35 96
15 50152602 10 40
15 50881790 9 56
15 54306146 4 26
15 59368241 17 58
15 59500317 4 29
15 59944508 12 34
15 62238074 17 72
15 66206297 5 15
15 66829597 14 36
15 70991936 17 62
15 74328369 35 113
15 76222343 16 85
15 76301591 15 56
15 79064149 3 21
15 79272977 10 51
15 83333116 5 24
15 85327787 16 53
15 89807248 7 60
15 93489418 14 41
15 102346017 21 98
16 700265 47 203
16 2569581 4 16
16 14947427 51 195
16 15829285 7 67
16 15829309 10 72
16 20410434 4 30
16 24043488 5 29
16 29857244 19 61
16 30364593 5 56
16 30365287 17 51
16 30666443 15 50
16 30735633 11 27
16 31143399 3 5
16 49660127 22 86
16 55525729 10 49
16 56501895 5 27
16 57057730 4 19
16 67319084 6 18
16 67915076 3 37
16 67915412 8 29
16 69196989 27 100
16 71571673 10 48
16 71779423 13 100
16 74726289 6 37
16 77369704 17 111
16 81078222 25 102
16 88747913 10 49
16 89294548 16 50
16 89842160 3 16
16 89940220 5 3
17 2593934 4 15
17 5013128 7 38
17 5264613 9 37
17 5462056 9 55
17 6903688 32 82
17 6920652 6 25
17 7096379 11 62
17 7132529 24 67
17 7351982 7 24
17 7592102 15 42
17 7840088 6 30
17 8146437 5 20
17 8384692 8 24
17 9862596 3 17
17 10415430 33 201
17 11787059 5 34
17 11886701 11 54
17 12032558 8 39
17 12656593 4 46
17 15215662 16 67
17 15973811 9 57
17 16667298 4 46
17 17150440 9 97
17 18647716 21 95
17 26114739 21 66
17 26818745 10 29
17 27188549 10 30
17 27809258 12 80
17 27946728 26 63
17 29663696 4 23
17 32956194 5 16
17 33486491 13 91
17 34893290 28 83
17 34893414 32 111
17 34893934 11 61
17 34956605 5 17
17 36485023 26 69
17 36486351 12 37
17 37884151 6 36
17 38185150 15 40
17 39092489 12 48
17 39525837 21 66
17 39535670 5 50
17 39659541 16 85
17 39847095 7 62
17 40456553 5 29
17 40766868 19 74
17 40818404 3 37
17 40950643 6 34
17 42744754 8 31
17 43045431 3 19
17 47874175 24 86
17 48704141 19 56
17 49825136 16 67
17 57272757 12 63
17 57290755 41 65
17 57292276 15 61
17 58289393 7 43
17 58289433 8 60
17 58524943 13 66
17 59557476 17 48
17 65147255 16 76
17 66265272 15 108
17 72436908 4 31
17 72667651 6 8
17 73177191 3 55
17 73739797 5 43
17 73759142 3 29
17 73774795 28 40
17 74468785 9 24
17 76525703 29 47
18 641365 11 43
18 8143645 11 39
18 12794399 8 50
18 13049486 13 43
18 20877957 9 40
18 22671972 6 34
18 28672097 7 33
18 32917690 5 85
18 44408028 15 29
18 47311614 10 36
18 48604632 4 39
18 51731376 30 96
18 64178814 9 61
18 66721302 9 47
18 67992188 9 59
18 70532046 10 36
18 77221328 5 40
18 77896442 7 30
19 872088 14 16
19 4048152 9 47
19 5244386 15 38
19 5696173 10 28
19 6924748 5 30
19 7566164 6 18
19 7762141 14 50
19 8201331 28 52
19 9018439 35 89
19 9057036 10 22
19 9059559 12 98
19 9065727 44 109
19 9640120 11 64
19 10506702 9 98
19 10939861 4 40
19 11485452 7 11
19 11759247 11 60
19 13476246 4 21
19 15794549 19 119
19 16284256 26 53
19 17265157 9 39
19 19136127 19 54
19 20308213 20 81
19 21558738 20 47
19 22941482 16 39
19 23405204 3 17
19 31038933 10 50
19 34263621 6 34
19 35175908 9 28
19 37643204 23 90
19 38159943 5 12
19 38190635 19 75
19 39216366 3 17
19 41622169 25 105
19 42819223 9 37
19 42865107 7 35
19 44377300 9 27
19 44610825 20 81
19 44832328 6 77
19 46303817 8 11
19 46443157 8 25
19 46522604 4 15
19 49422373 6 15
19 49422541 8 14
19 49658529 4 14
19 51462293 3 14
19 51520466 4 6
19 51827016 7 29
19 53209544 33 109
19 54656052 10 29
19 54657241 10 34
19 55046962 7 29
19 55046971 7 31
19 55087518 19 70
19 55758297 12 11
19 56896385 22 85
19 57327067 12 70
19 57646468 28 124
19 57669783 11 54
19 58724514 3 26
19 58944738 12 67
20 2638598 28 103
20 3324344 41 226
20 3543082 13 37
20 18022275 7 28
20 18297080 10 37
20 34092461 9 25
20 35690595 9 34
20 37356749 11 24
20 43135594 7 29
20 44170629 3 8
20 46294034 19 79
20 47990230 10 23
20 61510987 41 126
21 11047567 8 262
21 26966216 6 26
21 32513513 4 15
21 34067402 32 67
21 35468986 12 53
21 36259161 6 20
21 37665798 17 40
21 38084900 18 46
22 19839740 22 59
22 22730594 9 46
22 23524111 7 10
22 24086120 24 95
22 31859710 13 42
22 31957369 3 17
22 36122624 6 67
22 39966823 4 11
22 40801808 22 31
22 41626226 14 31
22 41650329 11 44
22 42263176 7 34
