chromosome_index position alt_count ref_count
1 3319367 23 77
1 103491388 10 303
1 155162639 4 24
1 227921232 7 65
2 44571027 63 166
2 54895769 3 5
2 234638177 107 347
3 101476618 30 132
3 109027921 11 327
3 142681704 5 26
3 148586705 5 144
4 48636353 49 136
4 76452395 7 218
4 77969418 10 183
4 140641170 127 457
5 5191834 10 334
5 22078683 12 465
5 73163796 16 40
5 118482991 5 123
5 140581561 10 289
5 171765853 18 121
5 175959120 5 19
6 76063272 92 346
6 142409491 4 78
7 99631162 4 71
7 99631261 7 123
7 107416986 39 88
7 116546335 6 109
7 134896244 13 62
7 136938242 47 146
7 142099641 20 107
7 158552780 22 114
8 29963391 9 178
8 67923043 6 140
8 121313043 11 381
8 145160793 9 263
10 59986896 17 91
10 76910777 5 98
11 47261647 26 103
11 72535874 13 49
12 32955458 8 269
13 32972777 5 101
15 52258273 14 444
16 29816619 68 278
16 74496473 29 94
17 4719995 47 153
17 27413574 3 52
17 35344013 34 124
17 39675117 31 175
17 42453323 4 75
18 9275652 44 159
18 13826656 58 195
18 70416305 38 186
19 3612168 8 284
19 8922322 70 238
19 44732557 5 83
19 45998365 6 183
19 48949420 4 15
20 21689285 75 119
20 33575404 120 208
21 35260596 12 36
21 46012384 3 57
21 46057394 29 153
22 19839364 9 242
22 20128410 14 66
22 37462203 13 31
