chromosome_index position alt_count ref_count
1 22333423 59 99
1 29344851 75 152
1 36505436 52 87
1 38197175 82 136
1 89525904 118 163
1 145440909 87 231
1 152278855 220 1314
2 101650173 25 53
2 128707447 23 82
2 179419816 43 68
2 198966043 66 115
2 227872085 362 607
3 10387792 16 33
3 45814090 16 37
3 172165997 26 26
4 70599914 13 23
4 77949846 53 81
5 31401438 33 54
5 132652162 37 63
5 137682706 20 31
5 170819769 71 148
6 17629357 59 109
6 35923059 50 86
6 116263659 55 112
7 24742379 57 243
7 32623401 32 144
7 47440469 48 167
7 80546128 40 140
7 129357140 43 132
7 129662254 43 144
7 150921937 54 180
8 57878872 67 101
8 72969169 17 29
8 98735243 76 152
8 100732741 4 65
9 97333780 7 120
9 98669532 40 72
9 112900147 89 134
9 113189912 106 219
9 115759611 99 201
9 127262849 26 24
11 32875008 39 68
11 89531694 16 64
12 7026819 22 27
12 49448322 13 12
12 85492269 36 62
12 123214178 49 51
12 133732279 39 83
12 133732444 51 122
12 133732460 47 129
14 19566060 28 346
14 21966635 6 10
14 22266051 29 64
14 24801072 18 29
14 62547865 19 23
15 45723253 59 147
15 45847814 14 49
15 74564064 15 44
15 74573074 56 118
16 31374348 44 72
16 46755087 68 152
17 7187697 16 32
17 12666835 39 39
17 21319341 10 52
17 74473065 61 92
18 51809324 4 12
19 3735631 8 176
19 6760704 20 31
19 8154483 84 166
19 19030579 18 36
19 31767726 35 70
19 46027874 5 114
20 47688965 62 139
20 62571796 8 17
21 45993777 12 45
22 40080363 11 19
22 41969718 8 159
