chromosome_index position alt_count ref_count
1 10338109 59 68
1 11140814 32 41
1 33292095 30 148
1 43825898 47 46
1 71512615 41 81
1 78432739 72 87
1 100950141 13 24
1 110198808 21 28
1 148343748 22 68
1 155239317 4 34
1 160209276 3 5
1 227268711 37 41
1 229602498 3 48
1 237919618 25 34
2 3392180 50 66
2 73519561 47 53
3 51976543 31 23
4 152622569 52 58
5 16465654 51 65
5 54771139 46 59
5 79033639 177 200
5 140865299 43 31
5 147028036 29 39
5 148651501 4 9
6 42946507 13 10
7 20403321 32 91
7 21750214 14 228
7 23145688 38 110
7 77408774 3 23
7 77408776 5 18
7 86469144 31 138
7 148484199 50 89
8 98289275 30 34
8 145112996 77 85
9 8486309 34 37
9 27548417 30 20
9 140904505 39 53
10 16967343 153 172
10 50822175 3 29
10 111884029 91 90
11 18254055 44 56
11 68822257 54 65
12 53074122 4 45
12 77417866 5 75
13 32910939 136 153
13 77460411 4 23
13 77460414 3 23
14 74180649 12 11
15 44106734 32 44
15 66856303 36 35
16 83378492 31 43
16 89167635 37 34
17 46973049 20 49
17 57742269 25 67
17 70119703 81 211
17 72353826 3 57
17 76803450 51 123
18 44626640 31 21
19 44988631 24 39
20 25371383 12 26
22 30163499 32 37
