chromosome_index position alt_count ref_count
1 1684446 40 75
1 2430060 28 90
1 35972470 42 91
1 78105246 16 26
1 94655721 3 29
1 110173592 56 163
1 145509309 6 30
1 149398867 34 164
1 153317739 33 21
1 235892901 15 72
1 240493999 55 76
2 10188153 16 45
2 44041621 49 140
2 89475847 98 211
2 158140942 24 57
2 162757594 56 95
2 183703315 30 69
2 197010770 25 59
2 222290755 21 63
3 14755616 9 27
3 33481287 63 128
3 47049823 16 42
3 48626421 65 211
3 50645277 21 52
3 58631321 36 74
3 89390994 51 115
3 129824431 27 59
3 169840463 24 101
3 184429781 19 78
4 20598095 8 81
4 87692453 71 177
4 152021639 6 34
4 155507395 21 49
5 1295161 19 38
5 1878257 14 38
5 31538643 84 128
5 43644303 65 134
5 132149934 11 18
5 140581863 12 31
5 158697408 37 48
6 26376218 18 42
6 31079972 47 99
6 31777778 11 31
6 32917403 40 160
6 33136316 19 99
6 56917588 49 199
7 3998631 27 47
7 47343131 6 44
7 48412063 10 39
7 77807384 20 68
7 100184126 9 16
7 100488791 5 130
7 100797700 11 38
7 117364621 13 31
8 15601113 3 39
9 5299951 11 6
9 70919425 11 36
9 88938154 30 63
9 95491346 10 34
9 131670444 5 46
9 131866547 50 133
9 139089248 49 115
9 140127035 4 40
10 25140374 7 28
10 71962820 4 11
10 101295226 3 21
10 108489808 4 88
11 33350093 16 32
11 55563748 33 59
11 56344387 62 153
11 66188745 62 109
11 118242363 7 25
12 27863799 7 10
12 56817448 3 48
13 20567236 36 114
13 48923090 18 13
14 24845640 19 45
14 82000074 33 66
14 104578313 30 87
14 105406860 24 66
15 73408928 8 35
16 53338133 16 26
16 69056820 16 27
17 7576928 36 37
17 37619208 32 72
17 39535325 24 61
17 46620596 20 41
17 72367914 11 22
19 11532471 31 40
19 16296481 40 107
19 32968508 33 71
19 39805160 10 36
19 40225044 28 44
19 41056177 4 27
19 44934548 22 52
19 50380084 13 14
19 52794386 36 81
19 56424387 26 69
19 56895920 23 47
19 57705355 20 70
20 17934754 17 32
20 25755863 20 88
20 25755888 13 83
20 37217066 52 119
20 58564168 32 62
21 9907263 5 5
21 35473358 6 96
21 42837831 15 27
