chromosome_index position alt_count ref_count
1 16342195 77 51
1 17046475 13 138
1 216595499 37 28
2 24438918 35 26
2 88390583 68 182
2 166908389 27 83
2 174081932 14 99
2 176964703 8 30
3 12531391 29 69
3 42299578 50 9
3 121825307 48 167
3 127358250 31 47
3 184073266 62 87
4 153250873 45 8
5 54619970 6 19
5 80626633 16 26
5 149226881 14 16
6 138584324 10 123
7 44608737 20 79
7 106508394 34 39
7 128630096 90 111
8 70541903 68 1512
8 125711778 26 24
9 20862655 67 8
9 69117826 99 21
10 62631181 5 15
10 81050918 6 39
11 4944753 5 109
12 11036812 22 66
12 52865910 105 29
12 89742948 15 45
13 38237782 22 56
14 58795010 16 21
14 59793305 47 47
14 65253730 29 45
14 74036425 9 39
15 22709987 18 152
15 42109861 27 21
15 101098883 6 22
16 3613764 14 21
18 14543050 120 118
18 54385303 37 102
19 22785204 9 6
19 24309473 22 51
19 49468686 10 27
20 57766698 49 134
20 57766724 37 130
21 10944711 33 121
21 45844759 13 9
22 19709220 33 124
22 50716562 29 9
