chromosome_index position alt_count ref_count
1 5935081 4 28
1 11151235 15 67
1 12056346 6 49
1 35223201 20 79
1 87805751 32 124
1 94505666 5 14
1 99771596 18 78
1 112031442 13 36
1 117984891 15 111
1 152331346 13 68
1 154029395 11 53
1 154525286 11 59
1 165398095 8 31
1 180240979 25 123
1 205306592 36 129
1 228476582 10 47
2 15415898 11 85
2 39963988 27 151
2 140992403 8 51
2 171055792 8 45
2 179604387 27 101
2 210559886 8 65
2 211459299 11 46
2 219559301 20 95
2 234775835 4 33
2 238277502 11 66
3 52521429 12 23
3 101370392 28 121
3 118865322 4 35
3 121649690 10 49
3 138417818 20 113
3 142137436 7 34
3 164750459 6 67
3 167543055 49 589
3 176769363 14 328
3 178936091 80 141
3 179069808 74 401
3 193166024 12 191
3 197241274 14 234
4 2661312 9 44
4 44449818 4 13
4 146467854 44 111
4 159825811 4 8
5 74981280 18 151
5 138145823 30 67
5 139918552 22 85
5 140165875 33 167
5 140710925 16 55
5 140782613 14 70
5 140903714 15 68
5 141248480 51 220
5 153149822 14 47
6 4998960 5 25
6 5369231 10 74
6 7229769 27 220
6 10770373 18 101
6 29913255 23 115
6 33768873 18 107
6 39513399 8 96
6 40360590 4 28
7 31692184 3 16
7 102136619 20 305
7 129367082 6 39
8 22106636 4 41
8 39022696 4 27
8 55542592 5 47
8 89180146 7 48
8 110456922 89 224
8 113960032 12 66
8 142178285 14 158
9 72521027 12 69
9 108151336 36 176
9 116353615 8 57
9 125282179 16 73
9 140174030 3 13
9 140657192 8 39
10 7774362 4 27
10 43606744 11 75
10 51808014 31 129
10 79760814 9 58
10 95276830 10 56
10 95790868 3 53
10 102683830 10 51
10 103339236 14 50
10 106113607 18 33
10 127726869 3 19
11 5221401 19 66
11 6432243 47 194
11 11971469 6 38
11 11971484 7 43
11 17140215 29 132
11 17548829 14 76
11 55594821 68 255
11 55606633 20 89
11 102816405 19 63
11 123676380 5 24
12 3931108 21 78
12 6664531 8 56
12 6933294 12 68
12 48131465 9 29
12 49438595 16 63
12 49448693 42 154
12 50480110 6 26
12 78513538 10 44
12 120510422 14 51
12 121125205 4 9
13 48954379 4 11
13 100915005 32 154
14 21424548 6 20
14 35786477 33 147
14 68252948 8 21
14 71493536 17 78
14 73614770 4 29
14 74726405 12 61
14 90433740 22 98
14 90650902 23 84
14 96783566 12 61
14 101512279 4 13
15 58925416 15 30
15 59455404 7 29
16 2816182 9 54
16 14294323 45 208
16 67318623 5 31
16 69703948 8 39
16 75146543 11 44
17 4688867 5 25
17 33288392 5 50
17 34190080 21 110
17 48750428 13 49
17 62238187 54 226
18 2946226 30 133
18 13884716 25 75
18 77287639 24 27
18 77287652 15 24
18 77664144 15 21
19 12258584 9 93
19 18546719 43 173
19 41765694 7 43
19 46388584 6 17
19 51361366 14 42
19 53384034 6 67
19 55239242 67 51
19 56133023 3 23
19 56369057 18 77
19 56952505 5 107
19 57037352 7 41
19 57328787 12 85
19 58967762 11 66
20 8719969 13 74
21 30303556 14 66
21 34823152 15 47
21 41725414 29 166
21 43221624 14 59
22 29966459 4 25
22 41531855 14 53
22 43610219 3 54
