chromosome_index	start_position	end_position	major_cn	minor_cn	total_cn
1	61735	75808588	2	2	4
1	75816681	121482979	2	0	2
1	144007049	249224388	2	2	4
2	12784	34114975	3	0	3
2	34115251	98792036	3	2	5
2	98793311	100665673	2	2	4
2	100665770	103741358	2	1	3
2	103742297	243089456	2	2	4
3	60345	93917232	3	1	4
3	93923451	96127473	3	0	3
3	96128077	97004509	3	1	4
3	97007098	197896118	3	0	3
4	12281	48408821	2	1	3
4	48408932	191027923	2	2	4
5	15532	49708445	3	2	5
5	49708458	180790320	2	2	4
6	149661	68376047	2	2	4
6	68376427	171051005	2	1	3
7	43259	64595698	2	2	4
7	64637128	65185276	2	1	3
7	65186298	67877232	3	2	5
7	67879729	159127004	2	1	3
8	31254	41201248	2	0	2
8	41204825	41248949	1	0	1
8	41251213	77255695	4	2	6
8	77259649	89760620	5	2	7
8	89760929	146298155	4	2	6
9	46587	47217176	2	0	2
9	65616971	141091394	2	1	3
10	72759	22880787	2	1	3
10	22882032	25747109	3	2	5
10	25747511	27477821	4	2	6
10	27477865	31676585	3	2	5
10	31677330	37350561	5	2	7
10	37350661	38283120	3	2	5
10	38290573	135506704	2	2	4
11	198572	64682327	2	0	2
11	64685388	71269788	3	0	3
11	71270333	134944770	2	0	2
12	150442	31430237	3	2	5
12	31436867	33956573	4	2	6
12	33956885	34854498	5	2	7
12	37857751	39233910	2	0	2
12	39239889	67299173	4	2	6
12	67308301	70959106	31	1	32
12	70959257	71029774	49	0	49
12	71036390	133778189	2	0	2
13	19026949	94824079	2	0	2
13	94824146	95101275	4	0	4
13	95101789	115108397	2	0	2
14	19002124	32803635	3	0	3
14	32803947	45829350	4	0	4
14	45832343	107285437	3	0	3
15	20016328	70135561	2	1	3
15	70139250	70362560	3	2	5
15	70363419	86423908	2	1	3
15	86424919	99764920	3	2	5
15	99766862	102469040	2	1	3
16	60777	2496588	2	2	4
16	2497877	48879304	2	1	3
16	48879322	51620225	2	2	4
16	51621738	58022370	3	2	5
16	58026365	67627069	2	0	2
16	67627635	70638549	2	2	4
16	70639114	77894271	2	0	2
16	77894587	78045529	2	1	3
16	78045800	90287535	2	0	2
17	526	19093560	2	1	3
17	19130231	20733390	3	1	4
17	20733502	81049726	2	2	4
18	48133	15402408	2	1	3
18	18529353	78015057	2	2	4
19	90910	24583312	2	0	2
19	24596750	59097854	2	2	4
20	61305	62956153	2	2	4
21	10736871	48096957	2	1	3
22	16052528	51234455	2	0	2
