chromosome_index	start_position	end_position	major_cn	minor_cn	total_cn
1	1	121499999	1.0	1.0	2.0
1	121500000	128899999	1.0	1.0	2.0
1	128900000	142817499	1.0	1.0	2.0
1	142817500	247247500	1.0	1.0	2.0
1	247247501	249250620	1.0	1.0	2.0
2	22500	89179989	1.0	1.0	2.0
2	89179990	89279709	1.0	0.0	1.0
2	89279710	90499999	1.0	1.0	2.0
2	90500000	96799999	1.0	1.0	2.0
2	96800000	242942500	1.0	1.0	2.0
3	100074	120015	1.0	1.0	2.0
3	120016	886473	1.0	1.0	2.0
3	886474	970704	1.0	0.0	1.0
3	970705	87899999	1.0	1.0	2.0
3	87900000	93899999	1.0	1.0	2.0
3	93900000	197847500	1.0	1.0	2.0
4	42231	4118723	1.0	0.0	1.0
4	4118724	34775272	1.0	0.0	1.0
4	34775273	34832134	1.0	0.0	1.0
4	34832135	36713761	1.0	0.0	1.0
4	36713762	48199999	1.0	1.0	2.0
4	48200000	52699999	1.0	1.0	2.0
4	52700000	190799943	1.0	1.0	2.0
5	22500	46099999	1.0	1.0	2.0
5	46100000	50699999	1.0	1.0	2.0
5	50700000	135760003	1.0	1.0	2.0
5	135760004	180712500	2.0	1.0	3.0
6	39681	212499	1.0	1.0	2.0
6	212500	58699999	1.0	1.0	2.0
6	58700000	63299999	1.0	1.0	2.0
6	63300000	170897500	1.0	1.0	2.0
7	49985	57999999	1.0	1.0	2.0
7	58000000	61699999	1.0	1.0	2.0
7	61700000	125294075	1.0	1.0	2.0
7	125294076	158817500	2.0	1.0	3.0
8	176246	43099999	1.0	1.0	2.0
8	43100000	48099999	1.0	1.0	2.0
8	48100000	75813609	1.0	1.0	2.0
8	75813610	146364021	2.0	1.0	3.0
9	47500	150100	1.0	1.0	2.0
9	150101	47299999	1.0	1.0	2.0
9	47300000	50699999	1.0	1.0	2.0
9	50700000	140267500	1.0	1.0	2.0
9	140267501	141019790	1.0	1.0	2.0
10	102500	37999999	1.0	1.0	2.0
10	38000000	42299999	1.0	1.0	2.0
10	42300000	135389924	1.0	1.0	2.0
11	187500	51599999	1.0	1.0	2.0
11	51600000	55699999	1.0	1.0	2.0
11	55700000	86585819	1.0	1.0	2.0
11	86585820	115232499	1.0	0.0	1.0
11	115232500	115778582	1.0	0.0	1.0
11	115778583	134442500	2.0	0.0	2.0
12	110107	33299999	1.0	1.0	2.0
12	33300000	38199999	1.0	1.0	2.0
12	38200000	132342500	1.0	1.0	2.0
12	132342501	133851894	1.0	1.0	2.0
13	1	16299999	1.0	1.0	2.0
13	16300000	19499999	1.0	1.0	2.0
13	19500000	114137500	1.0	1.0	2.0
13	114137501	115169877	1.0	1.0	2.0
14	1	16099999	1.0	1.0	2.0
14	16100000	19099999	1.0	1.0	2.0
14	19100000	106172119	1.0	1.0	2.0
14	106172120	106336964	1.0	0.0	1.0
14	106336965	106399989	1.0	0.0	1.0
15	1	15799999	1.0	1.0	2.0
15	15800000	20699999	1.0	1.0	2.0
15	20700000	100332500	1.0	1.0	2.0
15	100332501	102531391	1.0	1.0	2.0
16	100010	34599999	1.0	1.0	2.0
16	34600000	38599999	1.0	1.0	2.0
16	38600000	46447499	1.0	1.0	2.0
16	46447500	88822500	1.0	1.0	2.0
16	88822501	90354752	1.0	1.0	2.0
17	828	22199999	1.0	1.0	2.0
17	22200000	25799999	1.0	1.0	2.0
17	25800000	78772500	1.0	1.0	2.0
17	78772501	81195209	1.0	1.0	2.0
18	27500	15399999	1.0	1.0	2.0
18	15400000	18999999	1.0	1.0	2.0
18	19000000	76112500	1.0	1.0	2.0
18	76112501	78077247	1.0	1.0	2.0
19	102500	260136	1.0	1.0	2.0
19	260137	24399999	1.0	1.0	2.0
19	24400000	28599999	1.0	1.0	2.0
19	28600000	53946045	1.0	1.0	2.0
19	53946046	53983557	1.0	1.0	2.0
19	53983558	59128982	1.0	1.0	2.0
20	17500	25599999	1.0	1.0	2.0
20	25600000	29399999	1.0	1.0	2.0
20	29400000	62432500	1.0	1.0	2.0
21	15273817	46937500	1.0	1.0	2.0
21	46937501	48129894	1.0	1.0	2.0
22	1	12199999	1.0	1.0	2.0
22	12200000	17899999	1.0	1.0	2.0
22	17900000	22544992	1.0	1.0	2.0
22	22544993	22671345	1.0	0.0	1.0
22	22671346	23245008	0.0	0.0	0.0
22	23245009	49687500	1.0	1.0	2.0
22	49687501	51304565	1.0	1.0	2.0
