chromosome_index position alt_count ref_count
1 16256495 8 77
1 16257455 11 56
1 22079057 23 89
1 28081709 14 125
1 32745748 5 70
1 41213203 14 59
1 41213214 12 58
1 41285914 3 32
1 42048678 28 105
1 47014887 16 39
1 52902467 136 407
1 66102024 13 103
1 70446061 61 164
1 76260254 52 125
1 92573521 6 91
1 99772614 22 132
1 111494244 29 257
1 111495032 30 50
1 145537233 21 137
1 152009453 8 62
1 152277068 138 1077
1 152281355 126 1795
1 152329108 35 167
1 154991049 11 97
1 159021577 9 193
1 176564596 27 61
1 200950154 35 72
1 205238648 24 137
1 205238713 18 90
1 205628639 11 26
1 205628640 12 26
1 207196454 61 166
1 208252706 4 24
1 221054701 21 45
1 228333325 5 27
1 228560378 8 30
1 233388215 35 99
1 237777789 18 175
1 246078861 48 129
1 248059736 19 42
2 16082199 31 57
2 61508294 8 39
2 71709041 17 54
2 71709042 18 55
2 77745749 31 76
2 101598836 7 54
2 118716040 19 62
2 131985869 14 129
2 135883796 21 83
2 152490372 76 443
2 168099082 53 181
2 168105001 15 131
2 169781270 22 80
2 171850230 9 46
2 185803231 22 79
2 186672907 16 43
2 207175066 8 99
2 209190838 15 66
2 215301441 21 61
2 219679801 10 30
2 220089048 8 65
2 220098866 3 36
2 238285951 37 111
2 241700234 9 25
3 396417 11 63
3 15520852 16 175
3 19190270 22 125
3 27439707 16 65
3 40211489 26 119
3 46009678 21 230
3 48488255 18 48
3 49338025 20 63
3 59908077 13 121
3 98510751 13 145
3 126114889 19 77
3 129034285 2 9
3 137483864 26 57
3 151127038 38 174
3 156746189 5 63
3 169496852 12 34
3 184936024 41 118
3 194081334 21 87
4 5798755 33 119
4 10084702 11 59
4 46967043 20 79
4 69811083 26 76
4 81123163 16 138
4 81284004 20 109
4 103571816 29 88
4 109000667 36 105
4 126372244 9 120
4 183713853 32 349
5 6607417 40 143
5 6607434 33 106
5 54763765 36 191
5 71492241 40 87
5 73931637 12 82
5 74011444 21 193
5 78384334 23 77
5 80338785 7 35
5 101631703 5 86
5 140203027 42 85
5 140581230 9 11
5 140698670 7 15
5 149456977 17 160
5 167850872 19 163
5 178419046 11 71
5 178548720 335 320
6 2896288 22 54
6 12163815 23 157
6 27860932 11 68
6 42985036 22 153
6 70034846 38 92
6 93956581 36 105
6 142519584 10 53
6 160211528 6 14
6 169639701 4 12
7 2284283 3 26
7 24892237 17 37
7 42949857 4 63
7 76112263 67 715
7 91645567 4 28
7 100609736 6 28
7 100856412 22 99
7 107823197 11 83
7 123302743 28 167
7 141758101 91 239
7 149430403 10 59
7 151879337 17 115
8 27098601 15 44
8 30938414 8 24
8 41791195 21 187
8 43152582 31 58
8 48743289 12 85
8 65509338 18 30
8 73849410 38 163
8 73849414 42 165
8 77616308 12 18
8 87656012 48 135
8 88249287 4 65
8 95952299 6 51
8 105001615 34 118
8 143784772 19 59
9 19049667 7 16
9 19126171 42 63
9 27220139 5 42
9 37537899 25 105
9 94487335 98 630
9 101530409 3 16
9 111819471 10 38
9 117853182 35 68
9 123935779 4 85
9 131285898 15 185
9 131830610 16 46
9 135447916 8 21
10 858900 13 88
10 3827239 3 26
10 5247726 10 80
10 24924006 20 77
10 43882851 16 107
10 50681630 48 133
10 72289041 19 26
10 79767532 23 66
10 100904092 52 130
10 103588909 12 82
10 115602234 48 187
10 115609009 14 107
10 119798913 20 113
11 407553 5 23
11 489407 16 37
11 1020113 7 45
11 3848888 9 54
11 19955042 9 49
11 20122656 43 128
11 56058169 26 67
11 58190335 11 53
11 60183680 20 56
11 62652675 23 141
11 64418769 19 58
11 64522998 14 53
11 67434391 24 84
11 71153345 12 42
11 72319722 4 22
11 73584229 18 97
11 73584372 21 141
11 76873997 73 219
11 89885588 7 69
11 100064354 45 96
11 110035449 19 104
11 117299194 7 15
11 122930706 4 34
11 123848020 10 42
11 123900953 26 143
11 124120926 18 52
12 537956 21 100
12 6635510 28 157
12 20522653 10 31
12 25398284 6 37
12 29423429 22 45
12 29640781 8 14
12 44782154 17 56
12 48736790 18 77
12 56583258 7 27
12 57584591 8 60
12 66698733 20 28
12 72388301 37 85
12 78594363 18 53
12 121854012 19 159
12 122396346 39 304
12 132685678 3 41
13 25068839 23 47
13 33247449 6 91
13 38158179 14 38
13 41705320 12 133
13 43839533 42 270
13 44456390 28 94
13 45589121 18 104
13 48937091 6 34
13 61985537 11 35
14 20215982 32 49
14 52978011 35 65
14 94953816 14 64
15 35529693 10 84
15 43044340 8 54
15 70979953 5 121
15 73616125 29 60
15 74176575 42 125
15 75119126 8 71
15 75189909 14 83
15 101114156 17 84
16 3073336 39 124
16 24834925 22 320
16 27518426 32 104
16 28842045 14 65
16 31138594 53 138
16 50136212 66 169
16 57144676 13 23
16 76569643 7 36
16 88779033 17 60
16 88870299 5 20
17 7578419 26 59
17 18882043 24 118
17 27049502 5 33
17 27425140 42 369
17 43924091 9 124
17 46266827 11 84
17 59533876 3 8
17 80545122 12 87
18 19154713 4 100
18 19426986 22 104
18 21453001 14 73
18 22805910 27 316
18 30950013 29 99
18 31709978 9 38
18 44013218 10 33
18 45567211 6 96
18 59855231 3 26
19 643278 4 36
19 1257182 10 84
19 1506262 8 77
19 2878354 5 56
19 5265144 31 125
19 5456135 14 270
19 5711936 12 60
19 7184613 11 39
19 9087336 82 180
19 10753982 8 16
19 10941718 4 37
19 12991789 8 67
19 15281203 28 72
19 15299870 16 59
19 15567331 5 60
19 16186908 4 7
19 16980277 5 27
19 30936377 70 227
19 36050048 70 270
19 37211364 12 83
19 39340508 4 19
19 42132011 72 177
19 42584491 12 62
19 42798364 37 83
19 43013378 6 69
19 46520276 4 26
19 48244549 19 54
19 48737743 10 75
19 49228113 11 101
19 49684627 30 173
19 50962539 6 72
19 51465057 37 195
19 52659392 18 52
19 53884180 16 145
19 54649349 3 45
19 55494186 8 32
19 57325408 55 140
19 58806613 52 346
20 7963152 16 24
20 13765723 7 18
20 18377119 28 124
20 36022655 17 115
20 40827973 51 147
20 41100956 27 116
20 46262832 50 146
20 47262451 10 58
21 11058172 9 174
21 27141591 3 6
21 35893820 19 55
21 39087407 9 17
21 43963652 12 218
21 45877317 11 13
21 46689898 24 67
21 47836585 14 85
22 30864591 9 220
22 40415918 33 83
22 45574442 14 61
