chromosome_index position alt_count ref_count
1 165370419 12 10
2 27876450 25 27
2 167262913 3 27
2 197064230 14 27
2 238601129 14 21
3 30732976 23 10
3 33406150 16 13
5 32089653 6 6
5 154395781 3 45
5 170876248 12 32
6 47251881 27 43
7 6182606 74 146
7 11446665 24 82
7 30492144 27 72
8 21767414 17 31
10 95422325 4 57
11 45949830 20 28
11 64756991 22 33
12 772689 8 18
14 92600620 9 14
15 42764512 13 29
16 11571713 20 28
16 27504587 3 46
17 78449464 33 55
18 56034976 27 44
19 14261736 8 5
19 55333103 30 37
19 56732873 11 21
20 10629352 18 43
20 61458160 4 84
22 20905766 4 79
