chromosome_index	start_position	end_position	major_cn	minor_cn	total_cn
1	1	15238943	1.0	1.0	2.0
1	15238944	15358201	1.0	0.0	1.0
1	15358202	33101270	1.0	1.0	2.0
1	33101271	33354116	1.0	1.0	2.0
1	33354117	121499999	1.0	1.0	2.0
1	121500000	128899999	1.0	1.0	2.0
1	128900000	226971540	1.0	1.0	2.0
1	226971541	226971574	1.0	1.0	2.0
1	226971575	247247500	1.0	1.0	2.0
1	247247501	249250620	1.0	1.0	2.0
2	12371	90499999	1.0	1.0	2.0
2	90500000	96799999	1.0	1.0	2.0
2	96800000	242819686	1.0	1.0	2.0
2	242819687	242951000	1.0	1.0	2.0
3	100074	87899999	1.0	1.0	2.0
3	87900000	93899999	1.0	1.0	2.0
3	93900000	107720195	1.0	1.0	2.0
3	107720196	107720229	1.0	1.0	2.0
3	107720230	108037768	1.0	1.0	2.0
3	108037769	108037787	1.0	1.0	2.0
3	108037788	183187527	1.0	1.0	2.0
3	183187528	183187546	1.0	1.0	2.0
3	183187547	184399266	1.0	1.0	2.0
3	184399267	184399295	1.0	1.0	2.0
3	184399296	198022429	1.0	1.0	2.0
4	27500	59540	1.0	1.0	2.0
4	59541	48199999	1.0	1.0	2.0
4	48200000	52699999	1.0	1.0	2.0
4	52700000	151172929	1.0	1.0	2.0
4	151172930	151284966	1.0	0.0	1.0
4	151284967	191154275	1.0	1.0	2.0
5	22500	46099999	1.0	1.0	2.0
5	46100000	50699999	1.0	1.0	2.0
5	50700000	59413986	1.0	1.0	2.0
5	59413987	74197223	1.0	0.0	1.0
5	74197224	87597104	1.0	1.0	2.0
5	87597105	87597151	1.0	1.0	2.0
5	87597152	92426141	1.0	1.0	2.0
5	92426142	92426187	1.0	1.0	2.0
5	92426188	104379282	1.0	1.0	2.0
5	104379283	104382318	1.0	1.0	2.0
5	104382319	104963346	1.0	1.0	2.0
5	104963347	104963376	1.0	1.0	2.0
5	104963377	104967407	1.0	1.0	2.0
5	104967408	104967437	1.0	1.0	2.0
5	104967438	120436291	1.0	1.0	2.0
5	120436292	120436332	1.0	1.0	2.0
5	120436333	126499704	1.0	1.0	2.0
5	126499705	127606590	1.0	0.0	1.0
5	127606591	180689978	1.0	1.0	2.0
6	39681	249579	1.0	0.0	1.0
6	249580	48337387	1.0	0.0	1.0
6	48337388	54007414	1.0	1.0	2.0
6	54007415	55010247	1.0	0.0	1.0
6	55010248	58699999	1.0	1.0	2.0
6	58700000	63299999	1.0	1.0	2.0
6	63300000	71179318	1.0	1.0	2.0
6	71179319	78937028	1.0	0.0	1.0
6	78937029	79186602	1.0	0.0	1.0
6	79186603	79196041	3.0	1.0	4.0
6	79196042	79197684	1.0	1.0	2.0
6	79197685	79882473	1.0	1.0	2.0
6	79882474	170918194	1.0	0.0	1.0
7	49992	57999999	1.0	1.0	2.0
7	58000000	61699999	1.0	1.0	2.0
7	61700000	158821400	1.0	1.0	2.0
8	10001	170011	1.0	0.0	1.0
8	170012	39008693	1.0	0.0	1.0
8	39008694	39667598	1.0	1.0	2.0
8	39667599	39719871	1.0	0.0	1.0
8	39719872	39774264	1.0	1.0	2.0
8	39774265	42034481	1.0	0.0	1.0
8	42034482	43099999	1.0	1.0	2.0
8	48100000	54189669	2.0	1.0	3.0
8	54189670	107480027	2.0	0.0	2.0
8	107480028	146364021	2.0	1.0	3.0
9	47500	192218	1.0	0.0	1.0
9	192219	21206545	1.0	0.0	1.0
9	21206546	21314001	0.0	0.0	0.0
9	21314002	21703007	1.0	0.0	1.0
9	21703008	22070168	0.0	0.0	0.0
9	22070169	22576069	1.0	0.0	1.0
9	22576070	27635930	0.0	0.0	0.0
9	27635931	32652294	1.0	0.0	1.0
9	32652295	32652913	1.0	0.0	1.0
9	32652914	35487503	2.0	1.0	3.0
9	35487504	47299999	1.0	1.0	2.0
9	47300000	50699999	1.0	1.0	2.0
9	50700000	117605590	1.0	1.0	2.0
9	117605591	118969164	1.0	0.0	1.0
9	118969165	140273200	1.0	1.0	2.0
10	102500	16183872	1.0	1.0	2.0
10	16183873	16186058	1.0	1.0	2.0
10	16186059	37999999	1.0	1.0	2.0
10	38000000	42299999	1.0	1.0	2.0
10	42300000	64580060	1.0	1.0	2.0
10	64580061	83732452	2.0	1.0	3.0
10	83732453	83734130	1.0	0.0	1.0
10	83734131	84185342	1.0	0.0	1.0
10	84185343	135389924	1.0	1.0	2.0
11	20721	197336	2.0	0.0	2.0
11	197337	51599999	1.0	1.0	2.0
11	51600000	55699999	1.0	1.0	2.0
11	55700000	134452200	1.0	1.0	2.0
12	110107	5194739	1.0	1.0	2.0
12	5194740	5474484	1.0	1.0	2.0
12	5474485	5474522	1.0	1.0	2.0
12	5474523	33299999	1.0	1.0	2.0
12	33300000	38199999	1.0	1.0	2.0
12	38200000	45851889	1.0	1.0	2.0
12	45851890	46066416	2.0	1.0	3.0
12	46066417	132349400	1.0	1.0	2.0
12	132349401	133851894	1.0	1.0	2.0
13	1	16299999	1.0	1.0	2.0
13	16300000	19499999	1.0	1.0	2.0
13	19500000	112179502	1.0	1.0	2.0
13	112179503	112179762	1.0	1.0	2.0
13	112179763	114142800	1.0	1.0	2.0
13	114142801	115169877	1.0	1.0	2.0
14	1	16099999	1.0	1.0	2.0
14	19100000	20464955	1.0	1.0	2.0
14	20464956	106368400	1.0	1.0	2.0
15	1	15799999	1.0	1.0	2.0
15	15800000	20699999	1.0	1.0	2.0
15	20700000	71774025	1.0	1.0	2.0
15	71774026	71901147	2.0	1.0	3.0
15	71901148	100338800	1.0	1.0	2.0
15	100338801	102398631	1.0	1.0	2.0
16	84170	33403632	1.0	1.0	2.0
16	33403633	33413387	1.0	1.0	2.0
16	33413388	34599999	1.0	1.0	2.0
16	34600000	38599999	1.0	1.0	2.0
16	38600000	89485877	1.0	1.0	2.0
16	89485878	89568692	2.0	1.0	3.0
17	1665	16708556	1.0	0.0	1.0
17	16708557	22199999	1.0	0.0	1.0
17	25800000	50460025	1.0	1.0	2.0
17	50460026	70241009	1.0	0.0	1.0
17	70241010	70476591	1.0	0.0	1.0
17	70476592	79804648	1.0	0.0	1.0
17	79804649	79804828	1.0	0.0	1.0
17	79804829	81195209	1.0	0.0	1.0
18	27500	15399999	2.0	1.0	3.0
18	15400000	18999999	2.0	1.0	3.0
18	19000000	27357228	2.0	1.0	3.0
18	27357229	27359604	2.0	1.0	3.0
18	27359605	48018087	1.0	0.0	1.0
18	48018088	49049825	0.0	0.0	0.0
18	49049826	76117000	1.0	0.0	1.0
18	76117001	78077247	1.0	0.0	1.0
19	102500	260136	1.0	1.0	2.0
19	260137	924907	1.0	1.0	2.0
19	924908	996969	1.0	1.0	2.0
19	996970	18950421	1.0	1.0	2.0
19	18950422	18950643	1.0	1.0	2.0
19	18950644	18950690	1.0	1.0	2.0
19	18950691	24399999	1.0	1.0	2.0
19	24400000	28599999	1.0	1.0	2.0
19	28600000	59128982	1.0	1.0	2.0
20	17500	25599999	1.0	0.0	1.0
20	29543814	30436137	2.0	1.0	3.0
20	30436138	34785738	2.0	0.0	2.0
20	34785739	34787323	2.0	0.0	2.0
20	34787324	34787348	2.0	0.0	2.0
20	34787349	62432500	2.0	0.0	2.0
20	62432501	62859988	2.0	0.0	2.0
21	10900000	14299999	2.0	0.0	2.0
21	14300000	46937500	1.0	1.0	2.0
21	46937501	48129894	1.0	1.0	2.0
22	1	12199999	1.0	0.0	1.0
22	12200000	17899999	1.0	0.0	1.0
22	17900000	28918902	1.0	0.0	1.0
22	28918903	30350173	1.0	1.0	2.0
22	30350174	38082395	1.0	0.0	1.0
22	38082396	38082743	1.0	0.0	1.0
22	38082744	38122618	1.0	0.0	1.0
22	38122619	38123821	1.0	0.0	1.0
22	38123822	41907168	2.0	1.0	3.0
22	41907169	42045715	3.0	1.0	4.0
22	42045716	42164840	2.0	1.0	3.0
22	42164841	45064089	1.0	1.0	2.0
22	45064090	49687500	1.0	0.0	1.0
22	49687501	51304565	1.0	0.0	1.0
