chromosome_index	start_position	end_position	major_cn	minor_cn	total_cn
1	61735	205500173	1	1	2
1	205500203	211692622	2	1	3
1	211693071	225462887	1	1	2
1	225463772	249224388	2	1	3
2	12784	243089456	1	0	1
3	60345	197896118	1	1	2
4	12281	191027923	1	1	2
5	15532	62061079	1	1	2
5	62061166	62629715	3	1	4
5	62635617	118472488	1	1	2
5	118472997	119030425	3	1	4
5	119039938	180790320	1	1	2
6	149661	171051005	1	1	2
7	43259	159127004	1	1	2
8	31254	146298155	1	1	2
9	46587	141091394	1	1	2
10	72759	135506704	1	1	2
11	198572	134944770	1	0	1
12	150442	8908969	1	1	2
12	8913535	9531247	2	1	3
12	9532417	133778189	1	1	2
13	19026949	115108397	1	0	1
14	19002124	22329006	1	0	1
14	22330326	22601833	2	1	3
14	22601931	22995108	2	2	4
14	22995817	70086659	1	0	1
14	70086974	74075935	2	0	2
14	74076794	85085490	1	1	2
14	85087666	92082073	2	0	2
14	92082160	92776162	3	0	3
14	92776418	94710343	2	0	2
14	94710343	107285437	1	0	1
15	20016328	102469040	1	1	2
16	60777	90287535	2	1	3
17	526	66232270	1	0	1
17	66233803	66576439	2	0	2
17	66584732	81049726	1	0	1
18	48133	78015057	1	0	1
19	90910	6491597	1	1	2
19	6495736	6941867	3	1	4
19	6942198	59097854	1	1	2
20	61305	48766288	1	1	2
20	48766797	49360620	2	1	3
20	49364948	62956153	1	1	2
21	10736871	48096957	1	1	2
22	16052528	51234455	1	0	1
