chromosome_index position alt_count ref_count
1 1225674 20 30
1 2444334 42 12
1 16959836 10 19
1 57351812 96 188
1 62739570 158 282
1 76378613 30 23
1 149895559 30 28
1 152280834 189 1163
1 153409673 150 135
1 180240367 4 53
1 203054645 4 71
1 209933381 82 27
1 223286034 20 107
2 27322160 108 152
2 46608769 22 64
2 107075744 26 68
2 130796708 5 14
2 233323797 5 14
3 9416212 158 57
3 112066608 51 233
3 145912201 54 279
3 150128592 60 38
4 47679958 82 242
4 169432917 21 55
5 101755572 88 232
6 32188188 55 146
6 35479548 38 28
6 99797000 53 91
6 126333934 42 144
6 160176654 49 96
7 23794028 94 378
7 88965253 52 76
7 128846006 189 481
9 37006474 302 519
9 136640099 95 42
10 5948407 20 181
10 55849749 73 50
10 115896971 232 607
11 104819342 368 410
12 81101735 44 74
12 120195206 243 388
15 20588473 34 56
15 99796123 142 30
16 343716 26 68
16 3294554 98 181
16 4414870 14 25
16 72822428 33 32
17 10363542 176 76
17 38955772 116 42
17 78265425 195 41
17 80194035 50 148
18 44555156 25 814
19 746346 11 25
19 11943370 27 42
19 17435753 22 65
19 41081446 32 53
20 742441 134 221
20 42143412 12 7
21 34113812 52 170
22 38245380 6 17
