chromosome_index position alt_count ref_count
1 26527516 22 53
1 38227180 6 15
1 46105896 32 68
1 55282768 12 29
1 84991427 11 54
1 112045897 10 25
1 144930941 6 93
1 155254985 31 60
1 156721162 8 43
1 160811560 6 67
1 181701992 20 65
1 202394796 62 152
1 212558747 11 30
1 213302960 19 47
1 216595619 26 41
1 236729993 10 20
1 248308801 44 261
2 233104 10 34
2 25022647 29 73
2 70188815 17 82
2 116599880 16 27
2 153575054 3 19
2 160043418 14 60
2 160889488 33 79
2 168101136 11 31
2 178098945 22 40
2 198265579 19 36
2 231101841 11 34
3 44763421 19 44
3 44803150 3 15
3 49756686 8 57
3 51308328 18 34
3 52019390 11 19
3 53783393 11 54
3 138289995 35 22
3 148876570 83 67
3 148905872 112 111
3 150176286 10 126
3 151134181 15 86
3 170150402 11 120
3 180328085 9 87
3 186502252 75 66
3 189586405 34 31
3 189586422 36 32
3 189586431 47 38
3 189586439 53 44
4 41640972 5 122
4 74013060 4 54
4 141323201 11 31
4 144469117 14 51
5 256537 21 60
5 14498674 20 55
5 41054878 14 48
5 77330255 17 61
5 98208137 16 45
5 108714059 15 85
5 140038573 9 39
5 140626776 20 54
5 141018424 15 49
5 147030078 11 48
5 176305478 3 51
6 26271219 19 67
6 46216504 17 41
6 88768484 7 29
6 105609918 5 15
6 108581967 6 30
6 110301179 9 31
6 112575022 17 40
6 151865777 8 52
6 152763347 22 42
7 5330819 6 31
7 6472522 15 36
7 8008910 7 9
7 16415841 12 22
7 30490888 15 50
7 30491056 10 26
7 38805225 25 59
7 72413825 4 23
7 82764883 4 18
7 87838667 18 71
7 100390072 14 26
7 140301638 8 27
7 149483202 5 13
7 150873259 12 32
7 154862970 11 16
7 157874045 19 76
8 17169082 72 158
8 27364481 20 65
8 41551505 5 18
8 67514680 16 48
8 80577108 7 12
8 98973703 5 93
8 100493950 20 69
9 16437329 19 101
9 21971111 5 5
9 32457121 20 53
9 35869568 17 41
9 88193896 5 97
9 134067676 15 73
9 136501718 12 19
9 137582861 9 40
9 137688262 20 60
9 138454154 4 20
10 14995989 7 26
10 21806533 11 14
10 26781309 23 69
10 50732714 32 104
10 50945875 22 67
10 100152696 8 29
10 118451883 36 108
10 135101642 13 35
11 5021112 20 43
11 5906312 43 122
11 36680736 10 45
11 47315469 15 52
11 49598223 11 23
11 51411569 10 41
11 59211279 46 94
11 70507734 56 98
11 73748741 4 12
11 120096466 39 80
11 125889610 38 67
12 2931957 14 63
12 8084001 23 52
12 8759524 16 32
12 14614029 4 72
12 14943498 16 38
12 26568407 17 59
12 26647208 13 32
12 29604346 8 36
12 41386995 47 92
12 46320993 55 99
12 48543105 4 14
12 56216927 30 68
12 57008938 6 21
12 76462743 38 184
12 100657615 4 87
12 104341509 8 26
12 119617107 15 22
12 130847597 33 82
12 133257861 21 65
13 32912444 3 50
14 21826511 7 24
14 45658269 4 72
14 67779322 16 52
14 94964457 11 57
14 102492964 24 47
14 102493544 84 198
14 102496188 34 58
14 105411002 27 150
14 105944793 5 11
15 25230278 20 73
15 33895328 20 53
15 34109136 5 15
15 40916690 26 74
15 40916715 23 83
15 42503801 13 50
15 42651856 7 5
16 21218205 37 69
16 31226446 4 19
16 48221240 15 32
16 55801406 6 112
16 56871558 21 41
16 67697147 13 56
16 80574923 6 12
17 4576232 13 19
17 7577105 11 14
17 20000094 25 42
17 30528026 5 96
17 31087616 31 86
17 37119252 13 91
17 37649026 17 62
17 37881979 16 40
17 37883134 28 107
17 40765719 24 95
17 47115661 19 21
17 55962827 21 24
17 57652715 13 44
17 57652778 21 61
17 57918661 78 96
17 59668230 83 162
17 73261875 39 59
17 80045707 12 26
18 28968393 11 42
19 1051202 4 16
19 3767441 6 11
19 12542697 21 34
19 14804277 5 27
19 19115078 4 27
19 19766436 4 15
19 35610278 6 68
19 43430051 29 296
19 45476392 25 44
19 48917311 15 30
19 53794466 3 11
19 55697321 24 103
19 57036530 29 83
19 59012740 9 85
20 30738663 4 24
20 31830307 13 46
20 50290703 14 30
20 54578975 20 146
20 57767298 5 4
20 62187646 47 111
21 31971061 10 30
21 38126596 3 27
22 20781775 9 11
22 39358513 17 56
