chromosome_index position alt_count ref_count
1 2082309 35 5
1 7724638 88 21
1 9910679 28 8
1 12343269 55 16
1 16070999 10 2
1 16725252 21 7
1 17706476 22 9
1 22902734 83 26
1 26795609 55 11
1 32193052 24 6
1 32203093 33 5
1 34076762 15 12
1 34158591 115 22
1 34383841 11 23
1 43119538 32 9
1 46654695 17 9
1 47512160 32 6
1 55167895 8 1
1 62593688 30 9
1 62910742 27 12
1 75037423 28 16
1 77557973 12 2
1 110162859 28 11
1 111957411 3 56
1 115256530 51 25
1 117078713 18 9
1 118165806 25 14
1 151112551 6 13
1 151774170 70 13
1 152188211 135 1109
1 152282145 243 42
1 154544235 42 11
1 155217952 18 6
1 157512925 14 3
1 158064458 55 14
1 158617450 54 11
1 181727944 47 11
1 196963330 53 14
1 201187757 27 6
1 203185937 16 5
1 204408122 16 8
1 233091382 22 1
1 233515384 40 13
1 234529414 43 15
1 241964519 29 3
1 247588812 34 10
1 247769582 28 7
1 247902182 48 19
2 1921109 35 60
2 3502615 10 11
2 3502616 10 11
2 3687883 11 24
2 8871120 25 23
2 8871981 54 65
2 17897484 29 60
2 21225563 25 40
2 21233793 22 36
2 21237341 15 27
2 24307208 7 22
2 24413519 5 5
2 27695224 29 28
2 31637536 39 43
2 32772969 10 13
2 70901909 29 38
2 73448969 35 32
2 73677047 57 93
2 73677048 58 92
2 85923104 9 9
2 95815791 23 43
2 97866208 3 5
2 100209921 31 47
2 102793137 15 33
2 103040854 23 56
2 103322324 7 21
2 108875272 12 12
2 113885249 21 18
2 121746841 27 43
2 121989456 20 41
2 137814383 61 121
2 137814384 61 124
2 138030160 8 11
2 139428970 11 26
2 143913059 5 10
2 152544146 11 12
2 152554150 17 18
2 166223779 9 39
2 166894377 50 98
2 168099259 26 30
2 170662013 10 25
2 171240255 20 33
2 177036942 17 21
2 179411202 7 10
2 179430961 38 56
2 179455156 31 36
2 179489212 27 34
2 179599569 20 23
2 179612465 14 26
2 182358123 13 32
2 187627173 17 13
2 196718129 6 21
2 196825484 46 89
2 201305434 16 27
2 204599767 5 8
2 209179989 16 20
2 215812267 16 13
2 215843107 9 19
2 219290484 21 47
2 219290485 21 48
2 228157962 11 19
2 228884218 20 36
2 230377595 25 38
2 233198666 28 51
2 238296739 32 34
2 242265483 15 21
2 242757862 4 12
2 242757947 5 8
3 7503379 25 49
3 9746673 6 8
3 11600048 18 27
3 14949147 20 28
3 15297906 16 26
3 15563124 13 13
3 32932868 7 15
3 33135768 5 11
3 36884182 6 12
3 38519889 11 20
3 38936095 46 77
3 38951638 14 35
3 40567279 16 18
3 42729787 15 22
3 42735229 14 12
3 42956562 11 24
3 45127279 26 33
3 47084094 25 43
3 47461025 21 39
3 48460709 3 22
3 49691442 30 51
3 50255423 12 18
3 52485525 21 42
3 58118610 10 16
3 73433930 21 42
3 77542409 25 40
3 77645799 36 57
3 101298752 27 46
3 108100366 38 63
3 111317014 32 52
3 113672800 40 54
3 122004029 24 39
3 122634333 20 34
3 124998088 15 28
3 126916150 11 18
3 134256013 28 42
3 148458807 18 24
3 148601470 27 17
3 155232632 14 10
3 155232633 14 10
3 156422503 18 35
3 159606666 36 26
3 169540534 10 24
3 172835152 29 49
3 182853510 63 74
3 183909041 55 90
3 194081266 86 109
4 11401503 15 21
4 38016144 38 43
4 38776440 21 27
4 40045296 7 16
4 41015864 76 130
4 65275027 27 17
4 69344587 37 12
4 69962444 25 49
4 70351077 61 81
4 74347548 19 28
4 79362440 8 8
4 79393421 7 11
4 79428724 14 27
4 83838899 51 80
4 85594031 36 52
4 102751345 27 32
4 103949903 11 26
4 106155139 5 10
4 106155140 5 10
4 106155236 15 19
4 107956795 15 17
4 108575937 41 60
4 110447419 27 47
4 114823339 15 22
4 119252906 19 21
4 119951685 25 37
4 122853476 15 23
4 123202732 16 25
4 126411327 37 37
4 138442314 10 12
4 141590897 12 23
4 144918732 8 24
4 146071774 15 39
4 149357477 35 50
4 153897274 15 21
4 157689089 38 58
4 164247735 8 12
4 166243303 10 12
4 169317203 11 8
4 169321994 11 7
4 175898316 27 45
4 178882004 26 43
4 184930731 7 17
4 185012432 28 60
5 5237176 17 9
5 19483659 13 1
5 24535366 22 12
5 37815977 27 14
5 41176619 13 6
5 53751954 28 17
5 68568843 24 10
5 75886364 17 10
5 101597712 15 6
5 118970272 45 21
5 138714356 6 2
5 140187261 21 11
5 140221050 52 17
5 140348079 19 20
5 140348080 18 20
5 151784108 28 23
5 154396858 16 11
5 167895974 14 6
5 176318163 14 12
5 176318164 14 12
5 176941974 13 6
5 180335889 65 27
6 292526 8 17
6 4099326 17 34
6 10903145 13 30
6 17772199 56 107
6 24437486 14 22
6 25726524 27 53
6 26056369 47 90
6 26184302 35 75
6 26197395 33 31
6 27115285 23 23
6 27222512 36 61
6 28327306 9 13
6 29012589 10 24
6 29637989 18 24
6 31748868 17 21
6 32008951 5 3
6 32011333 10 21
6 32046827 10 28
6 35255538 10 18
6 36653666 14 28
6 42146071 56 79
6 47563740 45 74
6 49753784 26 82
6 51941127 8 24
6 55113565 74 107
6 56469097 8 5
6 73952133 9 8
6 85446516 24 5
6 87969757 29 3
6 100403900 20 7
6 110763731 15 5
6 111696526 29 16
6 119510976 10 5
6 122768396 33 22
6 126176341 45 20
6 143094815 55 34
6 158294191 11 5
7 6426892 14 39
7 8790682 20 45
7 21747413 6 14
7 27187309 15 31
7 30491516 14 41
7 33313484 7 16
7 34697904 4 6
7 38402650 26 35
7 38402961 9 18
7 43680234 10 18
7 44178465 8 11
7 44737297 36 49
7 50467960 6 7
7 56007278 19 31
7 75877519 3 11
7 76916807 20 20
7 86493647 29 57
7 88424205 15 42
7 92760569 12 18
7 92763976 19 41
7 92826826 6 20
7 94540585 15 20
7 99773899 7 18
7 99773900 9 18
7 100348394 7 9
7 100681084 86 151
7 100694941 16 14
7 107340565 14 23
7 115590950 11 16
7 117874919 9 13
7 127235498 15 17
7 128445940 15 20
7 128445941 15 19
7 130145062 11 7
7 131848993 19 24
7 137206693 6 9
7 138447094 20 30
7 141731546 18 38
7 143141217 26 53
7 149152272 41 94
7 150094412 11 18
8 10465622 116 181
8 11405611 7 20
8 11994738 23 50
8 11994959 27 86
8 15519684 36 51
8 22458639 9 9
8 23159540 11 21
8 23538747 13 30
8 24253233 12 20
8 24324318 21 30
8 24324469 27 51
8 25718687 36 41
8 28384774 35 65
8 28574866 28 30
8 29927323 24 35
8 36776397 25 23
8 40389657 5 7
8 67428287 5 11
8 67976655 15 22
8 77763237 11 22
8 81555290 5 23
8 87679236 12 31
8 88365972 17 10
8 94934315 15 40
8 101152946 25 28
8 113933969 12 38
8 121170430 10 26
8 124664776 9 26
8 130789652 16 23
8 136554976 16 51
8 139164899 53 68
8 139164901 54 68
8 144406777 39 73
9 8492909 26 14
9 14720310 11 6
9 17787503 16 6
9 21350502 86 40
9 35689733 81 41
9 35793992 24 22
9 37744542 19 5
9 77377994 13 14
9 90503026 5 8
9 100888951 44 82
9 101168388 18 20
9 101594193 5 11
9 107267114 51 63
9 108366510 18 41
9 112705405 14 34
9 113212403 79 156
9 114695129 35 71
9 116812406 26 61
9 117139164 7 21
9 120475859 21 33
9 123527023 25 51
9 124751486 28 64
9 125288700 13 20
9 125673691 12 15
9 125772784 14 30
9 130485459 23 31
9 131375668 16 17
9 131455201 9 14
9 133370305 11 20
9 135042377 17 33
9 136263182 9 18
9 138395565 14 26
9 138606540 5 10
9 139652367 14 15
9 139652368 14 15
9 139756684 44 66
9 139802543 23 54
9 139911698 27 32
9 139911699 27 31
9 140082264 19 53
9 141016158 12 25
9 141070903 13 30
10 13652101 29 45
10 22618176 8 22
10 27450034 15 33
10 28250559 13 33
10 28345419 50 82
10 28378660 42 75
10 30318556 77 129
10 37490241 11 23
10 44052973 24 55
10 45907730 10 21
10 46959986 4 27
10 48429471 15 27
10 50863200 28 36
10 50953396 14 21
10 50958897 6 9
10 52575908 16 19
10 60150558 15 12
10 71392759 43 7
10 73121771 21 13
10 73121772 21 13
10 88419664 16 8
10 90356554 33 17
10 94223639 52 32
10 95720556 20 12
10 96698442 92 43
10 125804247 7 3
10 135053636 14 6
11 994111 26 50
11 1950370 59 74
11 4471146 34 58
11 4703813 16 38
11 5274477 16 19
11 5878832 30 53
11 6424892 30 40
11 6867051 64 96
11 7064760 18 40
11 7960609 23 32
11 8161740 7 7
11 18266923 13 19
11 22397579 34 72
11 49597954 7 8
11 49974046 36 60
11 55433022 12 12
11 55944371 28 14
11 57583408 6 2
11 61205130 36 23
11 62602941 16 8
11 65273697 14 5
11 67256877 37 13
11 88924452 31 21
11 100064266 6 5
11 106810303 12 11
11 107832686 16 8
11 108302523 34 10
11 113775607 13 2
11 118014667 27 11
11 119028986 147 71
12 4791444 33 68
12 6128044 10 23
12 6772303 6 10
12 6923438 12 19
12 8375244 24 28
12 9317869 35 29
12 11420552 87 291
12 11420704 63 120
12 11420767 40 101
12 12315147 41 49
12 14650601 16 36
12 18241854 20 41
12 21329711 12 21
12 25259905 7 19
12 39760939 15 25
12 39760948 13 23
12 43858402 11 30
12 49422858 25 16
12 51590696 7 8
12 52981550 22 48
12 53509210 15 27
12 55038502 5 11
12 71155354 32 66
12 81101891 22 37
12 96374447 24 27
12 101603399 19 30
12 102158017 68 88
12 108004000 50 50
12 108004001 51 51
12 108603920 24 37
12 109629475 14 49
12 109865368 62 122
12 109937506 8 11
12 111785386 39 65
12 119772863 5 3
12 120622640 18 27
12 124265679 41 57
12 130855925 23 27
12 130898849 15 25
13 29599885 19 18
13 32367040 11 35
13 48547442 12 29
13 48547523 14 33
13 84454977 31 29
13 110434413 7 25
13 113731386 8 30
14 22102902 22 11
14 24543449 8 7
14 26918129 39 23
14 72961876 27 14
14 73238462 22 10
14 90650906 29 7
14 94128992 13 3
14 96129891 10 5
14 101493169 39 23
14 106641848 40 14
14 106926373 45 66
15 20170069 23 55
15 25423900 79 162
15 25453247 78 148
15 34080639 16 25
15 37100621 7 18
15 40588755 9 11
15 40675132 38 45
15 40914977 20 32
15 41148137 46 58
15 42041780 20 31
15 43525429 17 24
15 43814680 6 10
15 45453114 36 49
15 48445986 3 9
15 48756111 6 9
15 51676022 5 17
15 53957769 11 31
15 58840674 10 9
15 65343882 37 66
15 65917301 51 65
15 68118697 34 44
15 74335532 9 21
15 77021078 8 21
15 81199168 6 8
15 89762196 8 13
15 89762197 7 14
15 91423330 7 11
15 91801768 19 35
15 97328408 18 21
16 1393017 4 19
16 1395287 38 32
16 1395288 38 32
16 2052650 17 19
16 2158925 5 7
16 2218111 16 17
16 2881908 19 20
16 8889845 39 78
16 12618688 32 70
16 18851151 4 12
16 19653728 20 20
16 20554584 42 80
16 20803331 23 34
16 21092985 94 103
16 21156549 5 12
16 24373172 13 20
16 30128324 43 103
16 31477723 10 10
16 50357541 13 7
16 51175900 38 18
16 58301395 20 15
16 74725333 78 37
16 85132769 19 6
16 90161555 7 12
17 1399994 12 6
17 1399995 12 6
17 1451683 19 10
17 3494592 14 8
17 10354196 21 18
17 10354649 24 14
17 10366895 25 11
17 10366896 26 11
17 10541402 32 9
17 11696890 35 6
17 17053473 59 35
17 17053474 59 36
17 18023348 24 12
17 18668108 23 10
17 26962191 38 17
17 28643638 7 4
17 36093645 42 18
17 38122014 6 2
17 40836130 54 44
17 40836131 54 44
17 41903159 17 22
17 43003571 13 24
17 45924715 7 3
17 48153021 29 45
17 48614448 10 12
17 61558990 16 27
17 66033232 38 53
17 67079132 66 111
17 67079133 66 112
17 70643722 7 9
17 70643723 7 8
17 72691364 22 33
17 76118725 9 13
17 76511081 19 33
17 76968644 17 30
17 78163600 13 31
17 79256034 25 45
17 79651110 3 6
18 6311607 74 125
18 14779961 5 28
18 19996209 44 53
18 21513888 33 42
18 28923530 15 46
18 30092777 9 34
18 31538298 37 74
18 52551593 19 29
18 57103219 65 96
18 59221457 46 70
18 67231792 15 22
18 70502529 15 27
18 76754633 19 28
19 110771 42 269
19 3179172 25 20
19 4941617 9 3
19 5831597 46 18
19 7615505 42 4
19 7831617 116 16
19 8564138 21 4
19 8841889 80 34
19 8841890 80 35
19 9090102 47 8
19 9236693 33 4
19 9453517 36 4
19 10116265 20 6
19 11234012 27 15
19 12866516 22 11
19 13423526 15 36
19 14247206 39 14
19 15121771 9 3
19 15383878 31 50
19 15839576 28 19
19 17895003 14 6
19 17895004 14 6
19 35176579 10 6
19 35176580 10 6
19 36276361 69 17
19 39914883 70 17
19 40316715 20 7
19 41782115 94 21
19 42090748 14 2
19 42857929 16 5
19 43372489 58 22
19 43979659 22 6
19 44118464 22 6
19 50204796 29 2
19 52031437 27 7
19 55417934 40 13
19 58578414 36 8
20 2593905 18 25
20 3677862 16 40
20 5843778 16 25
20 8689338 12 29
20 9546766 22 43
20 9561395 58 97
20 10273826 24 49
20 16348248 8 11
20 25201907 14 22
20 31622896 6 24
20 32354689 80 105
20 32354690 81 106
20 34129830 12 9
20 37380858 11 22
20 37570695 25 42
20 40034120 4 22
20 41076933 49 61
20 45131133 33 59
20 45644851 43 49
20 49225200 57 89
20 56934720 13 17
20 57769071 9 30
21 10862996 56 281
21 10998270 27 52
21 15323422 22 24
21 27938590 9 17
21 34066550 8 10
21 38597842 6 16
21 38597843 6 16
21 38597844 6 16
21 39087408 16 22
21 43319386 13 22
21 45706903 24 53
22 16256638 5 23
22 16449110 32 82
22 20940083 14 28
22 20940084 14 28
22 21998528 11 17
22 23114864 12 21
22 29683075 14 24
22 36545094 19 40
22 37154423 19 30
22 37154424 19 30
22 37334178 23 40
22 37533707 24 32
22 37770740 27 26
22 40343132 26 48
22 40417759 10 19
22 50720628 13 16
22 50899620 9 17
