chromosome_index position alt_count ref_count
1 880117 4 19
1 980882 11 78
1 984806 5 50
1 3301786 60 110
1 12337514 12 233
1 12856093 58 387
1 16621380 64 62
1 20474795 74 43
1 22304935 9 147
1 23885953 3 12
1 24447703 33 29
1 26135257 18 66
1 31762157 88 91
1 32829610 14 83
1 33613158 10 35
1 36025984 15 237
1 36228911 54 153
1 43664309 20 53
1 43916700 8 14
1 55072931 6 33
1 70505475 24 75
1 75704264 17 40
1 85930490 7 7
1 94048113 8 15
1 100127921 36 75
1 100154383 32 115
1 102269866 15 75
1 114165617 14 21
1 114243458 39 80
1 115420783 26 63
1 117491865 30 103
1 118642346 33 120
1 145096583 6 21
1 145536044 32 169
1 145704284 37 41
1 146696682 23 50
1 150238871 16 21
1 150772119 13 166
1 152328889 167 98
1 153029177 14 44
1 153591383 59 189
1 155031187 12 7
1 155448912 327 125
1 156642471 40 193
1 161494666 13 141
1 161494982 14 93
1 168059825 6 50
1 171300818 15 313
1 179322804 39 127
1 181754944 89 157
1 182850557 59 233
1 182850748 35 111
1 182852703 43 129
1 185269385 16 38
1 193028643 7 8
1 200587941 7 7
1 200877971 25 34
1 201824305 39 22
1 204926826 46 42
1 206941972 21 65
1 209954732 78 17
1 212538619 84 24
1 248309250 182 49
2 29386804 15 52
2 33817204 51 126
2 38893266 8 21
2 43452248 8 12
2 48050450 41 61
2 58392925 48 75
2 61622073 24 44
2 71185528 40 56
2 74594524 8 42
2 85604591 19 17
2 85779682 39 134
2 114674550 26 10
2 122488511 73 78
2 154334879 25 29
2 158991492 8 7
2 161056600 12 39
2 162092088 12 24
2 179257144 43 31
2 179428666 24 85
2 179428667 23 87
2 179588822 9 24
2 182543081 41 49
2 198968646 8 18
2 204320185 86 79
2 208986530 23 99
2 210559922 45 49
2 233433742 7 8
2 234622089 123 221
2 238725972 14 8
2 242598542 6 26
3 10353718 29 15
3 15731661 17 13
3 38768192 45 32
3 40557563 13 33
3 49756197 16 5
3 49758232 57 34
3 111263997 78 166
3 113128028 25 270
3 113252066 3 22
3 121828142 89 137
3 124437940 66 52
3 124720697 21 13
3 126229577 8 77
3 126723975 7 33
3 126746897 17 57
3 132207201 76 64
3 134670357 10 62
3 135914005 68 112
3 137893537 13 13
3 151163601 69 133
3 170201151 42 98
3 183388990 64 71
3 186969426 40 70
3 186971030 117 241
4 861048 42 47
4 23803352 16 39
4 27009301 24 37
4 39460102 17 5
4 47809062 23 44
4 55946203 55 265
4 57871779 16 13
4 62903510 6 119
4 68436864 42 183
4 74272446 8 42
4 74447995 15 46
4 77661644 16 25
4 110758661 22 33
4 111539531 16 30
4 122744747 4 8
4 151142828 30 25
4 156725835 5 44
4 156725845 14 35
4 159443179 4 18
4 183658112 37 60
4 184240734 17 261
5 13776783 19 88
5 14602375 24 62
5 23526878 44 90
5 34824208 24 53
5 34936327 36 112
5 40909601 9 4
5 45396625 14 22
5 61802167 14 81
5 65346752 28 51
5 74035894 18 93
5 74325346 73 109
5 74677903 13 62
5 109155380 36 133
5 110097363 35 34
5 134143524 25 75
5 137278656 63 43
5 140262659 77 107
5 140625549 40 141
5 140740854 25 72
5 145883513 78 41
5 147820706 46 55
5 150527458 3 15
5 150527459 3 15
5 150900942 7 81
5 150946025 24 54
5 151208511 47 218
5 156522343 59 40
5 167655096 6 34
5 167674846 88 21
5 175111304 15 79
5 175956008 17 5
5 179249887 3 10
6 3850869 21 46
6 24358114 17 51
6 24651138 26 177
6 29596861 12 36
6 31627692 5 15
6 32975956 17 24
6 33246010 14 50
6 44217224 86 88
6 83843994 17 15
6 94120437 19 21
6 107390776 11 24
6 109962787 11 32
6 111345493 48 39
6 116980037 27 22
6 117859920 31 26
6 118475710 91 87
6 119295739 44 179
6 123384937 9 21
6 125139601 33 39
6 129828766 51 180
6 137814777 12 23
6 142487421 7 146
6 142539746 83 55
6 143825324 44 45
6 149901756 33 60
6 160510169 4 25
6 163149236 64 161
7 2275018 38 17
7 22532994 13 44
7 27168780 8 44
7 39500223 5 12
7 40027399 14 33
7 44524827 15 63
7 44799028 18 39
7 45930260 75 53
7 62752626 6 99
7 62809620 6 11
7 66774703 29 214
7 71175752 11 25
7 73602031 52 127
7 79846722 17 78
7 80418628 32 87
7 82544282 15 52
7 92462443 3 5
7 99425711 22 74
7 99690971 23 129
7 100200026 4 39
7 100732141 86 43
7 105909004 65 41
7 117359624 22 70
7 120991195 27 81
7 129666041 18 53
7 135384182 10 45
7 137570248 25 46
7 138602347 20 34
7 138602348 20 34
7 139257719 6 39
7 144150487 19 40
7 147336399 16 33
7 150784083 10 24
8 10465361 48 129
8 13947906 73 19
8 27255210 27 23
8 38369918 15 297
8 38959385 9 213
8 39128403 20 84
8 39502894 75 211
8 42012156 12 130
8 42403804 15 139
8 42694417 78 217
8 48794547 31 29
8 52744034 15 41
8 82715390 26 98
8 88297007 7 23
8 91072500 58 45
8 101276292 12 168
8 105441905 25 98
8 110346145 19 51
8 114290834 5 48
8 119936563 26 93
8 119936564 27 96
8 123966145 16 13
8 124357303 50 90
8 124392875 28 98
8 126163434 54 311
8 135669838 17 54
8 145947939 12 120
9 21333785 17 64
9 23731039 21 29
9 34512190 35 72
9 35717692 17 98
9 39118134 58 105
9 72130928 39 33
9 84248994 12 7
9 100693374 29 84
9 106880632 6 118
9 107576709 13 52
9 111701853 50 23
9 123586847 85 52
9 130478542 16 11
9 131019756 14 38
9 136341446 24 10
9 139232303 9 17
9 140327507 11 49
9 140344413 7 130
10 5804606 71 95
10 5979159 21 30
10 27702200 47 98
10 29812501 12 62
10 31608154 4 7
10 32557977 38 18
10 43088841 81 23
10 50530704 8 13
10 73439199 6 3
10 75541837 22 25
10 85904642 21 75
10 85992584 30 27
10 89311874 8 117
10 90682973 7 36
10 91099411 20 79
10 95278646 47 29
10 101295003 4 11
10 104634401 11 11
10 104636743 111 67
10 105965786 52 32
10 108923844 20 38
10 115480794 69 73
10 115480800 65 71
10 116621286 14 44
10 121567513 50 46
11 1270324 66 38
11 5862665 9 113
11 6231218 42 9
11 6541350 12 21
11 11373838 28 54
11 46810288 46 15
11 47256391 13 25
11 57798886 19 112
11 61106844 80 41
11 61563165 15 88
11 61897938 6 118
11 62476267 85 56
11 62557484 13 95
11 63988079 7 30
11 64564142 47 48
11 64662409 35 60
11 65820496 127 141
11 66192522 29 128
11 67077389 36 17
11 73849846 49 34
11 74546755 10 118
11 75852349 46 12
11 76901828 5 6
11 82872452 8 15
11 86098632 44 72
11 95516321 17 24
11 100126564 16 23
11 102319577 98 154
11 106810364 8 13
11 107799330 8 18
11 108186754 19 4
11 111154908 109 46
11 111789690 19 4
11 112064677 83 16
11 113618421 72 112
11 120856901 7 3
12 6344731 27 7
12 7864223 22 8
12 8050941 7 12
12 9334658 21 31
12 14924059 8 23
12 21716181 44 23
12 22215238 11 20
12 34175657 86 127
12 43860539 19 111
12 49169754 3 20
12 50037841 35 40
12 50191117 19 12
12 50191118 19 11
12 53184086 3 6
12 53452110 47 59
12 53586686 20 18
12 53776268 54 118
12 56295691 50 305
12 56826168 45 79
12 57589711 23 36
12 57960978 19 99
12 81536974 36 64
12 88383143 17 71
12 101018622 10 47
12 102122658 20 76
12 102869534 13 9
12 109577567 99 97
12 113448116 51 108
12 116435017 23 72
12 122018113 13 19
12 133209345 7 84
13 29598891 33 85
13 29599131 31 70
13 29599201 47 118
13 29599285 45 127
13 29599609 9 31
13 29599997 12 39
13 31724129 9 258
13 38211203 15 107
13 38211630 22 126
13 41639164 26 74
13 42830464 99 83
13 52865664 7 10
13 73336128 29 15
13 100153956 60 22
14 20388941 53 184
14 21969218 15 43
14 23889307 6 84
14 24771251 13 289
14 65249256 77 33
14 73721273 69 27
14 76905875 18 11
14 77297621 17 26
14 92600430 126 66
14 93118091 87 17
14 95556946 241 58
14 101532328 41 14
15 20874815 34 276
15 25958861 28 13
15 28475549 44 45
15 29561810 7 3
15 42156121 139 24
15 52564861 25 37
15 65677378 15 42
15 78316814 31 103
15 88799228 21 61
15 90628086 25 155
16 334498 5 6
16 11000780 25 119
16 15820841 77 167
16 22345025 37 26
16 23598613 6 71
16 24581389 28 25
16 24583390 58 49
16 25251166 33 83
16 30080205 27 91
16 30124848 11 35
16 30732137 22 106
16 55516927 7 110
16 55600621 7 33
16 67331464 18 42
16 68279380 6 2
16 70301635 18 30
16 70896052 17 8
16 82069215 52 26
16 89816263 64 9
16 89973698 83 326
17 3030698 5 52
17 11666910 9 23
17 18872411 21 22
17 20910273 4 13
17 25637097 23 204
17 26888488 12 51
17 27208908 23 78
17 27903237 53 54
17 30190507 29 83
17 30374866 156 128
17 34136521 4 18
17 35614625 13 41
17 39155922 9 28
17 39521058 9 249
17 39768679 17 48
17 40870491 28 26
17 42501721 63 82
17 43221031 12 25
17 44953616 11 14
17 46054136 25 44
17 47782502 26 89
17 48277267 98 114
17 55950147 8 69
17 56405207 8 33
17 59485709 10 4
17 60782869 30 34
17 65888045 23 17
17 72694561 3 19
17 74005452 23 66
17 79514630 59 34
17 79871995 22 40
17 80615888 29 165
18 21096281 41 66
18 28737513 20 46
18 42530858 17 55
18 43842929 26 32
19 2191215 16 41
19 3009614 19 12
19 7734266 49 134
19 9801852 51 46
19 11978839 13 148
19 12542444 89 100
19 13246121 18 52
19 14589328 6 17
19 17881377 8 28
19 21132065 33 38
19 21240024 62 101
19 23543998 20 95
19 34818935 60 87
19 36558747 28 53
19 37038021 35 34
19 38572484 21 62
19 39998098 6 6
19 40720904 12 15
19 42856569 3 12
19 45867687 22 14
19 46141790 25 62
19 47984254 8 4
19 48229379 3 7
19 48244486 11 61
19 49132318 9 17
19 50862018 8 30
19 52249860 17 67
19 52919027 20 88
19 53958725 38 156
19 55142521 12 79
19 56133998 6 19
19 58058965 96 70
19 58361439 15 63
19 58370973 106 143
19 58598332 11 50
20 6750884 10 6
20 13866039 45 58
20 30363766 8 93
20 43118020 18 82
20 47605933 17 69
20 49366789 16 174
20 54970640 9 70
20 62193082 8 29
20 62273518 8 22
20 62273536 7 27
20 62737190 30 18
21 19775860 61 45
21 30329183 42 33
21 30547040 32 28
21 31988892 72 58
21 33044006 33 78
21 33976445 15 54
21 36252865 15 49
21 37741563 23 94
21 38560804 11 30
21 43867324 31 69
21 44527576 12 13
21 47552477 4 15
21 47787024 13 81
22 22123490 31 126
22 32194595 47 167
22 35796450 37 115
22 37769782 18 14
22 50596529 15 16
