chromosome_index	start_position	end_position	major_cn	minor_cn	total_cn
1	61735	13159083	1	1	2
1	13178385	15699427	13	1	14
1	15700417	154342307	1	1	2
1	154344924	154551717	2	1	3
1	154553423	206633291	1	1	2
1	206637133	206862605	2	1	3
1	206867994	249224388	1	1	2
2	12784	9114685	1	1	2
2	9118437	9367478	2	1	3
2	9373250	72430663	1	1	2
2	72434484	73000915	1	0	1
2	73006347	86058182	1	1	2
2	86061393	86262718	2	1	3
2	86265621	241647909	1	1	2
2	241650498	241909507	2	1	3
2	241909927	243089456	1	1	2
3	60345	51914158	1	1	2
3	51915413	52309379	2	1	3
3	52320912	187445961	1	1	2
3	187446048	188224972	1	0	1
3	188232680	197896118	1	1	2
4	12281	1411559	1	1	2
4	1412012	2081021	2	1	3
4	2081509	191027923	1	1	2
5	15532	180790320	1	1	2
6	149661	44185557	1	1	2
6	44186218	44583872	2	1	3
6	44586011	108270567	1	1	2
6	108273563	108856378	2	1	3
6	108856449	118930150	1	1	2
6	118935682	119138283	2	1	3
6	119143062	159155998	1	1	2
6	159163004	159398700	2	1	3
6	159401898	171051005	1	1	2
7	43259	25164047	2	1	3
7	25168809	25440525	3	1	4
7	25441265	54832717	2	1	3
7	54832926	55277964	40	1	41
7	55279715	159127004	2	1	3
8	31254	142209567	1	1	2
8	142210336	142381292	2	1	3
8	142392967	146298155	1	1	2
9	46587	16564563	1	1	2
9	16569669	18211655	1	0	1
9	18214454	19277062	1	1	2
9	19282366	21645003	1	0	1
9	21646019	21691487	1	1	2
9	21693409	21934442	1	0	1
9	21936239	22125402	0	0	0
9	22125503	28683590	1	0	1
9	28687032	34506507	1	1	2
9	34508434	34776789	2	1	3
9	34781427	139725227	1	1	2
9	139756477	139961471	2	1	3
9	139961866	141091394	1	1	2
10	72759	79976956	1	0	1
10	79977684	80198272	2	0	2
10	80202907	92540409	1	0	1
10	92550238	93044713	2	0	2
10	93044833	113719964	1	0	1
10	113723596	114260456	2	0	2
10	114263080	135506704	1	0	1
11	198572	94239567	1	1	2
11	94240767	94497488	2	1	3
11	94498860	134944770	1	1	2
12	150442	21300553	2	1	3
12	21312320	21873948	1	1	2
12	21874570	56939099	2	1	3
12	56941921	57331370	2	2	4
12	57331444	133778189	2	1	3
13	19026949	115108397	1	1	2
14	19002124	33492994	1	1	2
14	33498144	56696472	1	0	1
14	56696843	75673392	1	1	2
14	75676634	76003944	2	1	3
14	76005556	77139211	1	1	2
14	77140698	77490669	2	1	3
14	77496619	107285437	1	1	2
15	20016328	94271274	1	1	2
15	94271704	94765944	2	1	3
15	94767886	102469040	1	1	2
16	60777	71130239	1	1	2
16	71135060	90287535	1	0	1
17	526	73593574	1	1	2
17	73594660	74138559	2	1	3
17	74139264	81049726	1	1	2
18	48133	78015057	1	1	2
19	90910	59097854	2	1	3
20	61305	36777228	2	1	3
20	36786029	37084664	3	1	4
20	37085992	62956153	2	1	3
21	10736871	48096957	1	1	2
22	16052528	36953649	1	1	2
22	36958276	51234455	1	0	1
