chromosome_index position alt_count ref_count
2 113535602 12 92
3 188596129 8 63
3 197894586 46 199
4 2241964 22 117
4 123332445 5 74
5 154191148 8 28
6 28116553 5 53
8 17539122 5 139
8 74333665 8 170
8 81399506 5 91
8 145730424 18 75
8 146033345 10 8
9 19102766 3 36
11 62201186 3 25
11 107975809 5 49
11 119031744 3 42
12 6143932 41 162
12 38710631 8 248
14 68944482 3 26
15 42433475 8 42
16 4390943 4 90
16 8862051 27 113
17 7128477 6 55
19 814640 25 129
19 3834851 21 159
19 9325401 23 114
19 9965243 19 51
20 46286838 3 14
21 27253100 4 29
21 46101928 32 110
22 41605733 6 183
22 46509552 13 88
