chromosome_index	start_position	end_position	major_cn	minor_cn	total_cn
1	61735	3218329	2	2	4
1	3218610	16739953	3	2	5
1	16740035	52973210	2	2	4
1	52973526	54368963	2	1	3
1	54370264	121482979	2	2	4
1	144007049	187378009	2	1	3
1	187380723	192088682	2	0	2
1	192090042	249224388	2	1	3
2	12784	236492055	2	1	3
2	236494474	238412392	1	1	2
2	238413338	243089456	2	1	3
3	60345	60148523	2	0	2
3	60148630	60609557	0	0	0
3	60610341	60777582	1	0	1
3	60777932	89186745	2	0	2
3	89186994	116892076	3	2	5
3	116893069	135353499	2	1	3
3	135357053	176673732	8	2	10
3	176673747	185242955	7	2	9
3	185245530	197896118	4	2	6
4	12281	92688358	2	1	3
4	92688677	93490730	2	0	2
4	93495348	191027923	2	1	3
5	15532	481299	11	2	13
5	509691	43776754	6	2	8
5	43779395	49464306	4	2	6
5	49469994	56011006	2	1	3
5	56012880	70975388	1	1	2
5	70975867	180790320	2	1	3
6	149661	61949555	3	0	3
6	61962715	65859281	4	0	4
6	65860539	171051005	3	0	3
7	43259	38294101	2	1	3
7	38294996	38381971	6	4	10
7	38384841	159127004	2	1	3
8	31254	87000108	2	1	3
8	87008553	146298155	3	1	4
9	46587	20408620	3	0	3
9	20415618	25951297	0	0	0
9	25951923	47217176	3	0	3
9	65616971	106423251	4	0	4
9	106423464	141091394	5	0	5
10	72759	135506704	2	1	3
11	198572	2128309	2	1	3
11	2135162	33708583	2	0	2
11	33714383	35242690	5	2	7
11	35242907	35381907	8	2	10
11	35382783	37884359	3	2	5
11	37884398	55265592	2	1	3
11	55265914	62099693	4	1	5
11	62101765	73508188	5	1	6
11	73508925	134944770	1	1	2
12	150442	133778189	2	1	3
13	19026949	23973888	2	0	2
13	23975637	115108397	3	0	3
14	19002124	22252602	3	1	4
14	22254096	22623632	5	2	7
14	22624078	22978098	9	4	13
14	22978335	107285437	3	1	4
15	20016328	31590038	2	1	3
15	31590959	34346374	2	2	4
15	34348338	102469040	2	0	2
16	60777	90287535	2	1	3
17	526	21962389	2	0	2
17	21963242	81049726	2	2	4
18	48133	12441429	2	1	3
18	12443067	14408172	2	2	4
18	14410790	19557850	2	1	3
18	19560232	78015057	1	1	2
19	90910	8161882	2	0	2
19	8162300	59097854	3	0	3
20	61305	36911367	3	1	4
20	36911509	62956153	2	1	3
21	10736871	48096957	2	1	3
22	16052528	51234455	2	2	4
