chromosome_index	start_position	end_position	major_cn	minor_cn	total_cn
1	1	8504311	3.0	1.0	4.0
1	8504312	8516402	1.0	0.0	1.0
1	8516403	8516635	1.0	0.0	1.0
1	8516636	8516682	1.0	0.0	1.0
1	8516683	8524448	1.0	0.0	1.0
1	8524449	11826897	1.0	0.0	1.0
1	11826898	15891735	3.0	1.0	4.0
1	15891736	16569531	1.0	0.0	1.0
1	16569532	16571032	2.0	1.0	3.0
1	16571033	16571069	2.0	1.0	3.0
1	16571070	16611321	2.0	1.0	3.0
1	16611322	16611355	2.0	1.0	3.0
1	16611356	27283943	2.0	1.0	3.0
1	27283944	27910202	1.0	0.0	1.0
1	27910203	27928498	2.0	1.0	3.0
1	27928499	27928595	2.0	1.0	3.0
1	27928596	27936049	2.0	1.0	3.0
1	27936050	27936080	2.0	1.0	3.0
1	27936081	27939850	2.0	1.0	3.0
1	27939851	28682946	2.0	1.0	3.0
1	28682947	110698059	1.0	1.0	2.0
1	110698060	110698101	1.0	1.0	2.0
1	110698102	110714163	1.0	1.0	2.0
1	110714164	110714187	2.0	2.0	4.0
1	110714188	110748238	2.0	1.0	3.0
1	110748239	110748270	2.0	2.0	4.0
1	110748271	110750554	1.0	0.0	1.0
1	110750555	111003078	1.0	0.0	1.0
1	111003079	111018754	1.0	0.0	1.0
1	111018755	111018781	1.0	0.0	1.0
1	111018782	111053048	1.0	1.0	2.0
1	111053049	111061165	1.0	1.0	2.0
1	111061166	111647230	1.0	1.0	2.0
1	111647231	111648107	1.0	1.0	2.0
1	111648108	111648970	1.0	1.0	2.0
1	111648971	111682299	1.0	0.0	1.0
1	111682300	121499999	2.0	1.0	3.0
1	121500000	128899999	2.0	1.0	3.0
1	128900000	143969969	2.0	1.0	3.0
1	143969970	144530199	2.0	1.0	3.0
1	144530200	148176855	2.0	1.0	3.0
1	148176856	151042943	3.0	1.0	4.0
1	151042944	151138413	1.0	0.0	1.0
1	151138414	189981691	3.0	1.0	4.0
1	189981692	225570986	3.0	1.0	4.0
1	225570987	225571258	3.0	1.0	4.0
1	225571259	247249600	2.0	1.0	3.0
1	247249601	249250620	2.0	1.0	3.0
2	20016	8865753	2.0	1.0	3.0
2	8865754	8865877	2.0	1.0	3.0
2	8865878	8884800	0.0	0.0	0.0
2	8884801	8885364	0.0	0.0	0.0
2	8885365	8897282	0.0	0.0	0.0
2	8897283	10094943	1.0	0.0	1.0
2	10094944	25478337	2.0	1.0	3.0
2	25478338	26607350	1.0	0.0	1.0
2	26607351	42075257	2.0	1.0	3.0
2	42075258	42075760	2.0	1.0	3.0
2	42075761	43822027	2.0	1.0	3.0
2	43822028	44420303	1.0	0.0	1.0
2	44420304	90499999	2.0	1.0	3.0
2	90500000	96799999	2.0	1.0	3.0
2	96800000	242980206	2.0	1.0	3.0
3	10001	100073	2.0	2.0	4.0
3	100074	40428896	2.0	2.0	4.0
3	40428897	40492483	2.0	0.0	2.0
3	40492484	40498510	2.0	0.0	2.0
3	40498511	63961339	2.0	0.0	2.0
3	63961340	63992434	2.0	0.0	2.0
3	63992435	66270999	2.0	0.0	2.0
3	66271000	70340918	2.0	2.0	4.0
3	70340919	73858460	2.0	0.0	2.0
3	73858461	73864660	2.0	0.0	2.0
3	73864661	87899999	2.0	1.0	3.0
3	87900000	93899999	2.0	1.0	3.0
3	93900000	95136498	2.0	1.0	3.0
3	95136499	95178104	2.0	1.0	3.0
3	95178105	124484979	2.0	1.0	3.0
3	124484980	124522789	2.0	1.0	3.0
3	124522790	124522838	2.0	1.0	3.0
3	124522839	124550575	2.0	1.0	3.0
3	124550576	124743479	2.0	2.0	4.0
3	124743480	125076428	2.0	0.0	2.0
3	125076429	125077450	2.0	0.0	2.0
3	125077451	125080025	2.0	0.0	2.0
3	125080026	145816883	3.0	2.0	5.0
3	145816884	145817954	3.0	2.0	5.0
3	145817955	149654632	3.0	2.0	5.0
3	149654633	149992487	2.0	0.0	2.0
3	149992488	150015452	2.0	2.0	4.0
3	150015453	150015474	2.0	2.0	4.0
3	150015475	150228378	2.0	2.0	4.0
3	150228379	151644521	2.0	0.0	2.0
3	151644522	151663076	2.0	1.0	3.0
3	151663077	151663183	2.0	1.0	3.0
3	151663184	151707510	2.0	1.0	3.0
3	151707511	152151309	2.0	1.0	3.0
3	152151310	152201412	2.0	1.0	3.0
3	152201413	152891215	2.0	0.0	2.0
3	152891216	152909526	2.0	2.0	4.0
3	152909527	152944877	2.0	2.0	4.0
3	152944878	183789157	2.0	1.0	3.0
3	183789158	183912587	1.0	0.0	1.0
3	183912588	186486314	2.0	1.0	3.0
3	186486315	186523849	3.0	2.0	5.0
3	186523850	186524315	3.0	3.0	6.0
3	186524316	186529816	2.0	1.0	3.0
3	186529817	186534159	2.0	2.0	4.0
3	186534160	186543839	2.0	2.0	4.0
3	186543840	189071445	2.0	2.0	4.0
3	189071446	189071493	2.0	2.0	4.0
3	189071494	189081790	2.0	0.0	2.0
3	189081791	189996887	2.0	0.0	2.0
3	189996888	190025217	3.0	2.0	5.0
3	190025218	190056559	1.0	1.0	2.0
3	190056560	194350155	3.0	2.0	5.0
3	194350156	195395033	2.0	0.0	2.0
3	195395034	197847500	2.0	1.0	3.0
4	27500	48199999	2.0	1.0	3.0
4	48200000	52699999	2.0	1.0	3.0
4	52700000	190801700	2.0	1.0	3.0
5	20399	851581	3.0	1.0	4.0
5	851582	10731325	3.0	1.0	4.0
5	10731326	12256202	3.0	3.0	6.0
5	12256203	12266035	4.0	3.0	7.0
5	12266036	12627519	3.0	0.0	3.0
5	12627520	12663403	3.0	2.0	5.0
5	12663404	12663427	4.0	3.0	7.0
5	12663428	12673440	4.0	3.0	7.0
5	12673441	12732538	4.0	3.0	7.0
5	12732539	13053296	3.0	3.0	6.0
5	13053297	13053314	4.0	3.0	7.0
5	13053315	13162125	3.0	2.0	5.0
5	13162126	14659989	3.0	0.0	3.0
5	14659990	37331084	3.0	2.0	5.0
5	37331085	37377904	3.0	2.0	5.0
5	37377905	37378060	1.0	0.0	1.0
5	37378061	37378245	1.0	0.0	1.0
5	37378246	37379165	4.0	2.0	6.0
5	37379166	37436360	3.0	1.0	4.0
5	37436361	39649637	3.0	0.0	3.0
5	39649638	46099999	3.0	1.0	4.0
5	46100000	50699999	3.0	1.0	4.0
5	50700000	180701596	3.0	1.0	4.0
6	39681	203396	2.0	1.0	3.0
6	203397	58699999	2.0	1.0	3.0
6	58700000	63299999	2.0	1.0	3.0
6	63300000	158324907	2.0	1.0	3.0
6	158324908	165394018	3.0	2.0	5.0
6	165394019	170909796	3.0	2.0	5.0
7	40386	57949987	2.0	2.0	4.0
7	57949988	61699999	2.0	2.0	4.0
7	61700000	158821400	2.0	2.0	4.0
8	10001	161465	2.0	2.0	4.0
8	161466	2201426	2.0	2.0	4.0
8	2201427	2360320	2.0	2.0	4.0
8	2360321	43099999	2.0	2.0	4.0
8	43100000	48099999	2.0	2.0	4.0
8	48100000	146364021	2.0	2.0	4.0
9	47500	234622	2.0	2.0	4.0
9	234623	47299999	2.0	2.0	4.0
9	47300000	50699999	2.0	2.0	4.0
9	50700000	66799971	2.0	2.0	4.0
9	66799972	69952067	2.0	2.0	4.0
9	69952068	140273200	2.0	2.0	4.0
10	96595	28821443	2.0	2.0	4.0
10	28821444	30721156	2.0	0.0	2.0
10	30721157	30725366	3.0	2.0	5.0
10	30725367	30725447	3.0	2.0	5.0
10	30725448	37999999	3.0	2.0	5.0
10	38000000	42450604	3.0	2.0	5.0
10	42450605	44955096	3.0	2.0	5.0
10	44955097	44955175	3.0	2.0	5.0
10	44955176	44974815	3.0	2.0	5.0
10	44974816	44985648	2.0	1.0	3.0
10	44985649	44985765	2.0	1.0	3.0
10	44985766	45002071	2.0	1.0	3.0
10	45002072	45059857	2.0	1.0	3.0
10	45059858	45082138	2.0	0.0	2.0
10	45082139	45277516	2.0	2.0	4.0
10	45277517	45527609	2.0	1.0	3.0
10	45527610	49262389	2.0	0.0	2.0
10	49262390	51461303	3.0	2.0	5.0
10	51461304	51775833	1.0	1.0	2.0
10	51775834	79960715	3.0	2.0	5.0
10	79960716	80057520	2.0	0.0	2.0
10	80057521	88467630	3.0	2.0	5.0
10	88467631	88469479	3.0	2.0	5.0
10	88469480	88507889	2.0	2.0	4.0
10	88507890	90112622	2.0	0.0	2.0
10	90112623	118526067	2.0	1.0	3.0
10	118526068	118566526	1.0	0.0	1.0
10	118566527	135389924	2.0	1.0	3.0
11	20721	196943	2.0	1.0	3.0
11	196944	51599999	2.0	1.0	3.0
11	51600000	55699999	2.0	1.0	3.0
11	55700000	134452200	2.0	1.0	3.0
12	110107	33299999	3.0	2.0	5.0
12	38200000	110883996	4.0	2.0	6.0
12	110883997	110884339	4.0	2.0	6.0
12	110884340	110886686	4.0	2.0	6.0
12	110886687	112814148	2.0	0.0	2.0
12	112814149	112815794	1.0	0.0	1.0
12	112815795	112816867	1.0	0.0	1.0
12	112816868	115092236	4.0	2.0	6.0
12	115092237	117652972	2.0	0.0	2.0
12	117652973	117654210	1.0	0.0	1.0
12	117654211	117657087	2.0	1.0	3.0
12	117657088	124369886	4.0	2.0	6.0
12	124369887	125274287	2.0	0.0	2.0
12	125274288	125279203	4.0	2.0	6.0
12	125279204	125280548	4.0	2.0	6.0
12	125280549	132349400	4.0	2.0	6.0
12	132349401	133851894	4.0	2.0	6.0
13	1	16299999	2.0	1.0	3.0
13	16300000	19499999	2.0	1.0	3.0
13	19500000	33547692	2.0	1.0	3.0
13	33547693	33559864	1.0	1.0	2.0
13	33559865	114137500	1.0	1.0	2.0
13	114137501	115169877	1.0	1.0	2.0
14	1	16099999	2.0	2.0	4.0
14	16100000	19099999	2.0	2.0	4.0
14	19100000	34136585	2.0	2.0	4.0
14	34136586	37075339	2.0	2.0	4.0
14	37075340	37720432	4.0	2.0	6.0
14	37720433	100819628	2.0	2.0	4.0
14	100819629	100824546	2.0	2.0	4.0
14	100824547	100867624	2.0	2.0	4.0
14	100867625	100867705	2.0	2.0	4.0
14	100867706	100896398	2.0	1.0	3.0
14	100896399	100896489	2.0	2.0	4.0
14	100896490	100918127	1.0	0.0	1.0
14	100918128	100918204	1.0	0.0	1.0
14	100918205	100989673	1.0	0.0	1.0
14	100989674	101992421	2.0	0.0	2.0
14	101992422	101996959	2.0	0.0	2.0
14	101996960	101996978	2.0	0.0	2.0
14	101996979	102012997	2.0	0.0	2.0
14	102012998	102784351	2.0	0.0	2.0
14	102784352	102792068	3.0	2.0	5.0
14	102792069	102805751	3.0	2.0	5.0
14	102805752	102806130	3.0	2.0	5.0
14	102806131	102815227	3.0	2.0	5.0
14	102815228	102815270	3.0	2.0	5.0
14	102815271	102819316	3.0	2.0	5.0
14	102819317	102819376	3.0	2.0	5.0
14	102819377	102824335	2.0	2.0	4.0
14	102824336	102824404	2.0	2.0	4.0
14	102824405	102828466	2.0	2.0	4.0
14	102828467	102828553	2.0	2.0	4.0
14	102828554	102833117	3.0	2.0	5.0
14	102833118	102833129	3.0	2.0	5.0
14	102833130	102841825	3.0	2.0	5.0
14	102841826	102841869	3.0	2.0	5.0
14	102841870	102848988	3.0	2.0	5.0
14	102848989	102849008	3.0	2.0	5.0
14	102849009	102872966	3.0	2.0	5.0
14	102872967	102873030	3.0	2.0	5.0
14	102873031	102979360	2.0	1.0	3.0
14	102979361	105096823	2.0	1.0	3.0
14	105096824	105297739	4.0	1.0	5.0
14	105297740	106368400	2.0	1.0	3.0
14	106368401	106804980	2.0	1.0	3.0
15	1	15799999	2.0	1.0	3.0
15	15800000	20699999	2.0	1.0	3.0
15	20700000	100338800	2.0	1.0	3.0
15	100338801	102531391	2.0	1.0	3.0
16	83807	32599898	2.0	2.0	4.0
16	32599899	34174194	4.0	1.0	5.0
16	34174195	34599999	2.0	0.0	2.0
16	34600000	38599999	2.0	0.0	2.0
16	38600000	46449802	2.0	0.0	2.0
16	46449803	88827200	2.0	0.0	2.0
16	88827201	90354752	2.0	0.0	2.0
17	1389	14522100	2.0	0.0	2.0
17	14522101	14749781	2.0	2.0	4.0
17	14749782	17207534	2.0	0.0	2.0
17	17207535	21516658	2.0	2.0	4.0
17	25800000	50377399	2.0	0.0	2.0
17	50377400	50400472	3.0	2.0	5.0
17	50400473	50402576	3.0	2.0	5.0
17	50402577	50660176	2.0	2.0	4.0
17	50660177	50741553	2.0	0.0	2.0
17	50741554	50760465	2.0	2.0	4.0
17	50760466	50778637	2.0	0.0	2.0
17	50778638	50782666	2.0	2.0	4.0
17	50782667	50786789	2.0	0.0	2.0
17	50786790	51095719	2.0	2.0	4.0
17	51095720	51973692	2.0	0.0	2.0
17	51973693	52118808	1.0	1.0	2.0
17	52118809	52284130	1.0	1.0	2.0
17	52284131	56187369	2.0	2.0	4.0
17	56187370	56329169	2.0	1.0	3.0
17	56329170	62607538	2.0	2.0	4.0
17	62607539	63525145	2.0	0.0	2.0
17	63525146	72727926	2.0	2.0	4.0
17	72727927	72811657	4.0	2.0	6.0
17	72811658	78774600	2.0	2.0	4.0
17	78774601	81195209	2.0	2.0	4.0
18	32907	13638634	2.0	0.0	2.0
18	13638635	13646070	2.0	0.0	2.0
18	13646071	15399999	2.0	0.0	2.0
18	15400000	18999999	2.0	0.0	2.0
18	19000000	76117000	2.0	0.0	2.0
18	76117001	78077247	2.0	0.0	2.0
19	256859	24354632	2.0	1.0	3.0
19	28600000	59128982	2.0	1.0	3.0
20	17500	25599999	2.0	1.0	3.0
20	25600000	29399999	2.0	1.0	3.0
20	29400000	62432500	2.0	1.0	3.0
21	10670001	14299999	5.0	0.0	5.0
21	14300000	36916016	2.0	2.0	4.0
21	36916017	36946796	2.0	2.0	4.0
21	36946797	46937500	2.0	2.0	4.0
21	46937501	48129894	2.0	2.0	4.0
22	1	12199999	2.0	1.0	3.0
22	17900000	28455046	2.0	2.0	4.0
22	28455047	49687500	2.0	2.0	4.0
22	49687501	51304565	2.0	1.0	3.0
