chromosome_index position alt_count ref_count
1 12091449 46 4
1 16578095 3 23
1 33333430 14 29
1 36564309 3 35
1 38227533 52 72
1 42049071 30 37
1 57189292 12 12
1 75038347 39 44
1 89586829 23 34
1 111494240 91 99
1 115256530 59 80
1 156386582 65 92
1 156873748 64 91
1 157660321 31 37
1 159804974 19 37
1 165513978 86 99
1 167874300 38 55
1 176915229 42 11
1 196928177 37 11
1 207646265 3 35
1 233807194 29 35
2 26178485 7 90
2 27427751 40 34
2 40656313 51 65
2 69093611 21 31
2 96780605 3 33
2 103148791 47 59
2 107459952 103 85
2 120388367 50 47
2 121726377 10 78
2 130930049 3 31
2 130930058 3 31
2 167760325 50 40
2 179402245 3 30
2 179437711 14 13
2 179472337 115 149
2 179474673 11 169
2 179611213 24 33
2 179628974 37 31
2 186672961 22 37
2 219394755 28 28
2 222308250 20 39
2 232035369 26 37
3 38592632 38 31
3 42917193 39 34
3 47048576 3 23
3 47462218 25 47
3 49836822 11 9
3 54959002 15 31
3 97516954 44 56
3 121613329 8 127
3 130422672 55 60
3 132047108 31 37
3 133098779 52 45
3 142741802 3 17
3 148889998 7 18
3 184293659 39 37
3 192992869 72 78
3 197427607 20 35
4 8621281 29 30
4 22749054 49 67
4 40947069 36 45
4 69344581 63 81
4 71024155 78 92
4 73013454 35 64
4 88258515 33 46
4 102750985 10 14
4 185621975 43 72
5 35954319 17 3
5 42695075 15 2
5 64447589 13 1
5 70840994 4 32
5 140189147 43 10
5 148563128 3 30
5 154315457 3 34
6 6248600 21 35
6 31997061 29 37
6 33141174 35 49
6 63989763 5 5
6 83075870 4 28
6 150322321 6 2
6 159687159 3 32
6 160510220 3 21
7 803575 47 70
7 48317732 7 9
7 56132033 3 23
7 93516204 64 86
7 100184216 23 30
7 127343259 36 61
7 128490916 47 66
7 135369006 35 41
7 137773460 11 12
7 142630581 32 41
7 143028644 30 40
7 144097383 33 54
7 149990406 6 8
7 150490296 35 53
7 151848658 3 34
8 10470689 81 9
8 24253266 18 8
8 29033614 11 2
8 37971754 5 27
8 56863053 98 123
8 75227837 3 28
8 77767673 22 30
8 82356831 37 21
8 95140359 7 5
8 110478998 5 19
8 113516040 20 33
9 379799 3 31
9 74817548 52 62
9 77416982 14 26
9 84530566 4 43
9 86281333 26 38
9 94493274 18 28
9 95277159 80 91
9 99797857 21 25
9 107298467 54 70
9 130167745 20 32
9 133759967 21 52
9 136029198 80 57
10 16990477 5 20
10 26505671 4 19
10 61011251 37 4
10 74653549 12 5
10 89711916 6 57
10 96827209 29 1
10 97366426 32 4
10 104120095 70 13
11 977161 4 34
11 4904098 18 32
11 5021013 13 39
11 6648741 8 11
11 51411646 18 33
11 55419000 68 11
11 89069079 34 5
11 111225266 3 12
11 120317162 3 12
11 124745065 18 3
12 662562 38 58
12 4430444 53 42
12 8902523 4 38
12 13220169 41 64
12 14994061 26 51
12 49435296 31 92
12 49484195 3 32
12 97137677 30 9
13 24895678 61 35
13 25453355 3 26
13 38266172 39 38
13 39424294 5 44
13 80125153 75 128
14 20295728 113 269
14 20345295 28 75
14 23058052 5 56
14 23891495 16 33
14 33015958 29 36
14 79181157 64 68
14 86089781 151 209
14 95111300 14 4
14 105353851 3 21
15 31851373 3 32
15 41165519 62 49
15 50835877 3 30
15 58471499 3 29
15 72582465 14 28
15 72972411 5 10
15 81271781 17 28
15 89449881 50 61
15 90892172 4 31
15 92977491 7 130
16 1798293 9 43
16 1798294 10 42
16 12758963 9 24
16 16205272 91 126
16 20329728 101 110
16 33965518 13 20
16 55857517 17 72
16 68344235 3 31
16 69294068 40 58
16 72173222 36 46
16 89260307 14 22
16 89357183 52 59
16 89704651 20 7
17 916347 4 35
17 16665012 20 9
17 18022610 3 28
17 40315712 3 28
17 40353778 4 33
17 71348681 35 12
17 79633787 3 26
18 21140301 26 47
18 28714632 15 20
19 3750640 3 21
19 4817600 15 37
19 9089213 23 32
19 10394316 4 14
19 14779619 21 48
19 16178414 15 22
19 19427294 31 44
19 21300550 14 16
19 21300565 13 15
19 21300715 22 15
19 22939400 18 20
19 38610164 3 32
19 41119815 3 33
19 42930801 47 58
19 50099736 11 7
19 55451265 29 22
19 56313004 44 75
19 58773811 48 59
20 30918011 18 23
20 41420038 5 30
20 58567484 17 22
21 43162114 106 118
22 21174114 65 111
22 21174134 63 106
22 23524228 3 18
22 31010335 14 17
22 31942914 56 78
22 36744994 3 29
22 36922104 37 54
22 38130518 8 18
22 40803207 22 34
