chromosome_index	start_position	end_position	major_cn	minor_cn	total_cn
1	1	121499999	1.0	1.0	2.0
1	121500000	128899999	1.0	1.0	2.0
1	128900000	249250620	1.0	1.0	2.0
2	20016	90499999	1.0	1.0	2.0
2	90500000	96799999	1.0	1.0	2.0
2	96800000	243011593	1.0	1.0	2.0
3	100074	71333266	1.0	1.0	2.0
3	71333267	73142711	1.0	0.0	1.0
3	73142712	73154452	1.0	1.0	2.0
3	73154453	73154713	1.0	1.0	2.0
3	73154714	87899999	1.0	1.0	2.0
3	87900000	93899999	1.0	1.0	2.0
3	93900000	125078433	1.0	1.0	2.0
3	125078434	125150090	1.0	1.0	2.0
3	125150091	198022429	1.0	1.0	2.0
4	59541	48199999	1.0	1.0	2.0
4	48200000	52699999	1.0	1.0	2.0
4	52700000	56334944	1.0	1.0	2.0
4	56334945	72591305	1.0	0.0	1.0
4	72591306	84883091	1.0	1.0	2.0
4	84883092	85040026	1.0	0.0	1.0
4	85040027	85249640	1.0	1.0	2.0
4	85249641	85249687	1.0	1.0	2.0
4	85249688	85305083	1.0	1.0	2.0
4	85305084	88026638	1.0	0.0	1.0
4	88026639	88775304	1.0	1.0	2.0
4	88775305	88775488	1.0	1.0	2.0
4	88775489	89121883	1.0	1.0	2.0
4	89121884	89122153	1.0	1.0	2.0
4	89122154	106603788	1.0	1.0	2.0
4	106603789	106603807	1.0	1.0	2.0
4	106603808	190799943	1.0	1.0	2.0
5	1	11070191	1.0	1.0	2.0
5	11070192	11070735	1.0	1.0	2.0
5	11070736	46099999	1.0	1.0	2.0
5	46100000	50699999	1.0	1.0	2.0
5	50700000	180689978	1.0	1.0	2.0
6	242501	364879	1.0	1.0	2.0
6	364880	58699999	1.0	1.0	2.0
6	58700000	63299999	1.0	1.0	2.0
6	63300000	170899934	1.0	1.0	2.0
7	40386	57999999	1.0	1.0	2.0
7	58000000	61699999	1.0	1.0	2.0
7	61700000	159138662	1.0	1.0	2.0
8	170012	43099999	1.0	1.0	2.0
8	43100000	48099999	1.0	1.0	2.0
8	48100000	94826006	1.0	1.0	2.0
8	94826007	95541748	1.0	0.0	1.0
8	95541749	95616618	1.0	1.0	2.0
8	95616619	95617272	1.0	1.0	2.0
8	95617273	146364021	1.0	1.0	2.0
9	10001	200100	1.0	1.0	2.0
9	200101	43395915	1.0	1.0	2.0
9	43395916	47299999	1.0	1.0	2.0
9	47300000	50699999	1.0	1.0	2.0
9	50700000	69834461	1.0	1.0	2.0
9	69834462	141213430	1.0	1.0	2.0
10	94426	37999999	1.0	1.0	2.0
10	38000000	42299999	1.0	1.0	2.0
10	42300000	135534746	1.0	1.0	2.0
11	190010	51599999	1.0	1.0	2.0
11	51600000	55699999	1.0	1.0	2.0
11	55700000	82798866	1.0	1.0	2.0
11	82798867	82936092	1.0	0.0	1.0
11	82936093	135006515	1.0	1.0	2.0
12	110107	33299999	1.0	1.0	2.0
12	33300000	38199999	1.0	1.0	2.0
12	38200000	115046362	1.0	1.0	2.0
12	115046363	115046402	1.0	1.0	2.0
12	115046403	133851894	1.0	1.0	2.0
13	16300000	19499999	1.0	1.0	2.0
13	19500000	73747677	1.0	1.0	2.0
13	73747678	73748524	1.0	1.0	2.0
13	73748525	115169877	1.0	1.0	2.0
14	16100000	19099999	1.0	1.0	2.0
14	19100000	22980033	1.0	1.0	2.0
14	22980034	107349539	1.0	1.0	2.0
15	15800000	20699999	1.0	1.0	2.0
15	20700000	102405297	1.0	1.0	2.0
16	102220	33377500	1.0	1.0	2.0
16	33377501	34599999	1.0	1.0	2.0
16	34600000	38599999	1.0	1.0	2.0
16	38600000	87090040	1.0	1.0	2.0
16	87090041	88678618	1.0	0.0	1.0
16	88678619	89585176	1.0	1.0	2.0
16	89585177	90035116	1.0	0.0	1.0
17	828	22199999	1.0	1.0	2.0
17	22200000	25799999	1.0	1.0	2.0
17	25800000	81195209	1.0	1.0	2.0
18	80031	15399999	1.0	1.0	2.0
18	15400000	18999999	1.0	1.0	2.0
18	19000000	78077247	1.0	1.0	2.0
19	102500	260136	1.0	1.0	2.0
19	260137	24399999	1.0	1.0	2.0
19	24400000	28599999	1.0	1.0	2.0
19	28600000	59128982	1.0	1.0	2.0
20	60479	25599999	1.0	1.0	2.0
20	25600000	29399999	1.0	1.0	2.0
20	29400000	63025519	1.0	1.0	2.0
21	10900000	14299999	1.0	1.0	2.0
21	14300000	37873659	1.0	1.0	2.0
21	37873660	37873731	1.0	1.0	2.0
21	37873732	38846231	1.0	1.0	2.0
21	38846232	38846933	1.0	1.0	2.0
21	38846934	38850231	1.0	1.0	2.0
21	38850232	38850308	1.0	1.0	2.0
21	38850309	39892902	1.0	1.0	2.0
21	39892903	39893644	1.0	1.0	2.0
21	39893645	39902698	1.0	1.0	2.0
21	39902699	39904068	1.0	1.0	2.0
21	39904069	39907385	1.0	1.0	2.0
21	39907386	39907594	1.0	1.0	2.0
21	39907595	42868378	1.0	1.0	2.0
21	42868379	42869067	1.0	1.0	2.0
21	42869068	44845561	1.0	1.0	2.0
21	44845562	44845830	1.0	1.0	2.0
21	44845831	48129894	1.0	1.0	2.0
22	12200000	17899999	1.0	1.0	2.0
22	17900000	51304565	1.0	1.0	2.0
