chromosome_index position alt_count ref_count
1 18152414 7 45
1 21268144 12 235
1 43826262 6 113
1 159842876 20 77
1 185947027 12 99
1 201020210 7 135
2 179414390 5 90
2 187698677 15 69
2 219029298 10 117
3 51993277 3 57
3 62317051 19 123
3 97329663 7 132
4 10077032 8 60
4 46060562 10 77
4 57873149 10 68
4 77255306 6 80
4 88091688 10 140
4 119472274 4 30
4 165962517 6 94
5 7520913 7 94
5 37169185 12 105
5 40934551 30 200
5 90106376 11 130
5 101709135 13 128
5 140558380 30 162
5 140865844 10 85
5 140908744 18 158
5 147491350 23 92
5 156589802 17 124
6 31083952 8 54
6 31473999 4 48
6 117686238 13 92
7 30651808 9 89
7 77885614 7 115
7 107732214 9 127
8 28981588 6 48
8 30938764 6 88
8 55533746 12 194
8 59409693 7 100
9 13206053 3 33
9 39073734 3 17
10 63957831 17 82
10 124157455 19 81
10 131761728 9 63
11 281299 5 21
11 4567000 35 193
11 4674486 13 83
11 55587486 23 175
11 62381890 21 106
11 66063102 5 32
12 10959421 22 157
12 13715687 15 139
12 13906702 8 139
12 97082742 21 137
13 77570092 13 198
14 75017918 5 45
15 39544388 19 336
15 63362113 6 105
15 76073206 5 115
15 81592440 13 80
15 99023868 11 158
17 21731352 19 93
17 38933849 32 239
17 61765935 13 88
17 72613303 7 186
19 15271630 6 120
19 36045932 6 116
20 57766794 12 46
21 27852702 8 173
