chromosome_index	position	alt_count	ref_count
1	1461502	29.0	27.0
1	1832848	37.0	29.0
1	1910466	7.0	29.0
1	4153793	24.0	25.0
1	4188953	31.0	41.0
1	4443731	33.0	26.0
1	5103920	34.0	44.0
1	5303331	33.0	33.0
1	5339051	23.0	34.0
1	5450155	37.0	40.0
1	5742686	25.0	37.0
1	7680928	28.0	22.0
1	7824932	22.0	31.0
1	7824944	23.0	28.0
1	10811662	62.0	31.0
1	10858126	31.0	68.0
1	11004310	7.0	104.0
1	11300909	29.0	64.0
1	12615900	34.0	33.0
1	16659253	24.0	33.0
1	17043091	21.0	85.0
1	18105627	34.0	43.0
1	18287982	32.0	29.0
1	18398179	24.0	21.0
1	18704664	32.0	27.0
1	19212186	23.0	28.0
1	21688497	12.0	33.0
1	22733303	4.0	51.0
1	24181138	32.0	44.0
1	26150848	33.0	43.0
1	26435074	19.0	23.0
1	27942619	9.0	56.0
1	29033162	4.0	64.0
1	32279606	33.0	34.0
1	34773506	28.0	35.0
1	34819404	35.0	33.0
1	34831821	33.0	27.0
1	35049936	4.0	73.0
1	35540652	24.0	34.0
1	35601172	26.0	43.0
1	35997820	13.0	17.0
1	36489153	32.0	32.0
1	37356919	41.0	43.0
1	37456867	26.0	39.0
1	37463335	32.0	30.0
1	37615519	32.0	26.0
1	37981703	36.0	37.0
1	38089492	17.0	29.0
1	39014011	23.0	29.0
1	40623649	15.0	34.0
1	42323502	34.0	34.0
1	43209595	32.0	30.0
1	46076294	26.0	37.0
1	46877116	38.0	45.0
1	47544727	27.0	26.0
1	47595284	37.0	49.0
1	48090686	33.0	30.0
1	48541459	26.0	39.0
1	49095624	22.0	37.0
1	49660424	21.0	32.0
1	49959922	21.0	33.0
1	50407538	24.0	38.0
1	50634153	20.0	40.0
1	50760477	23.0	45.0
1	51383427	38.0	37.0
1	51577164	33.0	27.0
1	56328832	36.0	33.0
1	57416665	28.0	39.0
1	57560354	25.0	25.0
1	59603771	16.0	18.0
1	60187953	31.0	39.0
1	60486040	6.0	56.0
1	63395417	22.0	32.0
1	63463399	46.0	39.0
1	66348056	26.0	34.0
1	66529981	27.0	38.0
1	66725966	25.0	34.0
1	67899829	23.0	28.0
1	69400681	29.0	28.0
1	69656008	30.0	26.0
1	69783373	25.0	35.0
1	70296434	25.0	22.0
1	71125373	32.0	47.0
1	71314787	30.0	29.0
1	72220042	32.0	44.0
1	72259044	21.0	20.0
1	73274341	32.0	32.0
1	73532795	23.0	40.0
1	73889293	7.0	49.0
1	74041243	1.0	35.0
1	74322104	24.0	32.0
1	74990071	23.0	35.0
1	76737187	33.0	32.0
1	77672356	29.0	27.0
1	77727950	26.0	30.0
1	77887515	35.0	28.0
1	79032387	22.0	27.0
1	79159670	30.0	36.0
1	79533457	31.0	41.0
1	79818388	29.0	28.0
1	80536382	20.0	20.0
1	81162892	31.0	32.0
1	81219302	25.0	37.0
1	81353369	32.0	36.0
1	82285369	30.0	23.0
1	82875749	35.0	25.0
1	84703855	21.0	47.0
1	86568367	35.0	35.0
1	87545600	17.0	22.0
1	87624039	19.0	26.0
1	87747871	31.0	43.0
1	87876274	30.0	38.0
1	88785059	30.0	24.0
1	89127571	28.0	39.0
1	89458154	12.0	21.0
1	90377718	24.0	28.0
1	90740444	38.0	40.0
1	91412722	22.0	29.0
1	91469115	24.0	24.0
1	91501268	19.0	33.0
1	91861035	23.0	36.0
1	92684291	26.0	28.0
1	93587512	27.0	22.0
1	94745673	32.0	37.0
1	96557296	20.0	35.0
1	96844894	26.0	32.0
1	97063889	32.0	29.0
1	97741745	24.0	23.0
1	98010908	33.0	43.0
1	98071991	27.0	18.0
1	99292995	30.0	25.0
1	99326711	26.0	31.0
1	100703378	17.0	38.0
1	100752503	26.0	36.0
1	101327978	30.0	27.0
1	101968502	27.0	33.0
1	102156659	25.0	25.0
1	102673064	34.0	33.0
1	102675309	28.0	46.0
1	103323359	35.0	31.0
1	104009493	16.0	31.0
1	104157045	27.0	29.0
1	104614505	20.0	19.0
1	105476078	22.0	26.0
1	105643237	26.0	36.0
1	106155697	35.0	43.0
1	107332459	39.0	36.0
1	109066513	5.0	42.0
1	110308746	25.0	38.0
1	110765724	22.0	44.0
1	111654589	33.0	38.0
1	113532696	26.0	29.0
1	115644927	34.0	46.0
1	117235882	20.0	32.0
1	117235883	18.0	32.0
1	118461670	27.0	35.0
1	120270326	12.0	18.0
1	120447846	26.0	42.0
1	121197570	26.0	31.0
1	121244077	23.0	37.0
1	145260315	26.0	55.0
1	145446666	17.0	56.0
1	149393089	15.0	5.0
1	152644370	29.0	38.0
1	153311906	34.0	35.0
1	153373826	32.0	23.0
1	154044376	25.0	28.0
1	154305649	27.0	27.0
1	154703257	29.0	28.0
1	155131295	31.0	41.0
1	155587451	27.0	59.0
1	157297591	21.0	59.0
1	157376064	37.0	46.0
1	158588060	20.0	39.0
1	158637423	22.0	45.0
1	158704122	33.0	37.0
1	158934161	27.0	34.0
1	158940279	16.0	32.0
1	159066397	22.0	30.0
1	159204552	22.0	37.0
1	159388040	33.0	33.0
1	162613541	30.0	39.0
1	162824730	24.0	27.0
1	164246824	46.0	27.0
1	165222940	30.0	26.0
1	166222028	30.0	35.0
1	166742215	31.0	34.0
1	167644193	11.0	87.0
1	167860231	6.0	62.0
1	168564300	22.0	38.0
1	169710058	19.0	35.0
1	170132958	23.0	37.0
1	170566216	29.0	40.0
1	170778900	33.0	47.0
1	170862517	20.0	31.0
1	170919915	23.0	39.0
1	170993166	33.0	31.0
1	172187065	33.0	34.0
1	173022307	24.0	39.0
1	173791715	24.0	39.0
1	174598050	40.0	23.0
1	175331664	31.0	32.0
1	175633703	16.0	35.0
1	175784209	23.0	29.0
1	176823683	25.0	36.0
1	177063782	4.0	65.0
1	177304581	31.0	39.0
1	178043994	30.0	35.0
1	178713889	15.0	28.0
1	179567822	24.0	32.0
1	180290928	24.0	31.0
1	180446026	42.0	74.0
1	181010342	37.0	58.0
1	181916363	34.0	31.0
1	182521374	21.0	28.0
1	183349215	31.0	36.0
1	183566844	19.0	29.0
1	184379246	35.0	43.0
1	187269200	29.0	37.0
1	187319681	10.0	33.0
1	187733823	27.0	34.0
1	188125410	34.0	37.0
1	188604236	16.0	25.0
1	190178674	6.0	60.0
1	190180556	29.0	33.0
1	190197541	26.0	30.0
1	190516532	23.0	20.0
1	190523440	26.0	33.0
1	191417632	29.0	49.0
1	191653508	19.0	31.0
1	191806535	29.0	34.0
1	191892167	14.0	24.0
1	192053778	23.0	35.0
1	192100246	25.0	29.0
1	192671725	23.0	38.0
1	193423236	30.0	36.0
1	193707444	32.0	33.0
1	193905350	17.0	33.0
1	194178144	14.0	26.0
1	194294356	22.0	29.0
1	194320793	34.0	36.0
1	194639365	25.0	44.0
1	195059331	23.0	37.0
1	195081543	34.0	34.0
1	195230681	4.0	47.0
1	195269418	15.0	35.0
1	195831485	16.0	35.0
1	196057542	27.0	42.0
1	196239534	29.0	30.0
1	196429846	35.0	40.0
1	196622333	30.0	38.0
1	196927764	22.0	40.0
1	198962907	31.0	33.0
1	199719662	27.0	30.0
1	203070396	4.0	71.0
1	204527756	29.0	66.0
1	205425442	60.0	23.0
1	206870659	22.0	34.0
1	209312904	29.0	38.0
1	209375841	34.0	39.0
1	209718283	34.0	39.0
1	210795765	27.0	34.0
1	216716914	28.0	32.0
1	217003922	33.0	32.0
1	217534015	35.0	35.0
1	217861177	25.0	30.0
1	218937102	22.0	38.0
1	219210556	26.0	45.0
1	219817992	29.0	32.0
1	220647784	36.0	37.0
1	220859776	25.0	41.0
1	221531401	22.0	29.0
1	221718087	25.0	40.0
1	221966294	31.0	44.0
1	222432958	32.0	32.0
1	222618316	36.0	30.0
1	226112595	17.0	26.0
1	226629606	20.0	34.0
1	226862255	31.0	27.0
1	228183143	24.0	33.0
1	228327479	20.0	29.0
1	228460967	28.0	33.0
1	228814334	29.0	39.0
1	230088026	32.0	27.0
1	230883454	28.0	28.0
1	231088575	19.0	34.0
1	231304942	22.0	25.0
1	233399492	19.0	33.0
1	233770535	21.0	36.0
1	234106637	4.0	54.0
1	234282943	17.0	36.0
1	235786599	19.0	34.0
1	237232025	31.0	54.0
1	237502048	29.0	33.0
1	237826998	8.0	69.0
1	237841434	21.0	39.0
1	238051160	29.0	32.0
1	238400132	5.0	55.0
1	238444845	22.0	27.0
1	239151985	4.0	60.0
1	239454326	21.0	54.0
1	239602708	24.0	29.0
1	239737183	29.0	27.0
1	240189229	23.0	31.0
1	241153480	24.0	33.0
1	241524036	29.0	29.0
1	242379867	33.0	29.0
1	242589491	30.0	33.0
1	242909440	34.0	28.0
1	243392768	30.0	29.0
1	243477769	26.0	32.0
1	243511861	29.0	19.0
1	243519143	26.0	23.0
1	243871375	34.0	26.0
1	245428769	23.0	25.0
1	245985956	15.0	28.0
1	246149993	25.0	33.0
1	246593773	29.0	40.0
1	247812519	26.0	27.0
1	248091145	5.0	63.0
1	248226877	35.0	38.0
1	248473117	31.0	43.0
1	248509345	25.0	28.0
1	248548619	28.0	33.0
1	248726093	23.0	2.0
1	248746527	27.0	4.0
10	1665030	38.0	24.0
10	1733887	30.0	34.0
10	2059462	27.0	57.0
10	2118466	50.0	22.0
10	2487571	46.0	27.0
10	2595147	27.0	53.0
10	2786573	22.0	48.0
10	2994960	20.0	28.0
10	3953446	57.0	26.0
10	5610201	36.0	42.0
10	5881266	18.0	43.0
10	6838745	69.0	35.0
10	6892730	26.0	71.0
10	7022867	55.0	33.0
10	7340860	59.0	37.0
10	7404098	29.0	58.0
10	7505856	23.0	40.0
10	9938078	5.0	81.0
10	12425256	75.0	37.0
10	12867710	29.0	55.0
10	14419217	19.0	67.0
10	14713808	50.0	27.0
10	15630156	61.0	33.0
10	15906748	33.0	63.0
10	16527247	51.0	27.0
10	17364533	55.0	38.0
10	17741576	62.0	32.0
10	18358610	22.0	50.0
10	19050412	19.0	52.0
10	19761828	59.0	37.0
10	19881821	26.0	57.0
10	19967487	25.0	63.0
10	23717436	40.0	79.0
10	24608527	27.0	105.0
10	24833991	20.0	25.0
10	25128765	33.0	33.0
10	25779861	23.0	35.0
10	26055073	5.0	74.0
10	26178174	7.0	71.0
10	26524366	29.0	34.0
10	26593582	5.0	48.0
10	26737990	24.0	33.0
10	26749454	30.0	45.0
10	27596947	30.0	42.0
10	28081808	27.0	37.0
10	28492574	40.0	48.0
10	28754620	13.0	18.0
10	30480673	24.0	27.0
10	30910624	22.0	29.0
10	32974697	25.0	35.0
10	33244351	23.0	40.0
10	34197093	28.0	41.0
10	35129804	18.0	33.0
10	37991860	24.0	27.0
10	38607916	18.0	26.0
10	38611040	28.0	66.0
10	38815039	16.0	40.0
10	38884836	28.0	36.0
10	39115974	9.0	41.0
10	42802333	7.0	16.0
10	43225288	31.0	37.0
10	43451932	27.0	40.0
10	43575212	20.0	37.0
10	43634529	28.0	33.0
10	44418541	26.0	27.0
10	47566751	33.0	32.0
10	49531436	33.0	31.0
10	50989861	31.0	44.0
10	52908262	18.0	35.0
10	53070363	29.0	30.0
10	53325938	20.0	41.0
10	53739690	19.0	29.0
10	53992341	26.0	38.0
10	54482364	29.0	31.0
10	54617286	26.0	33.0
10	54684456	5.0	69.0
10	55380514	36.0	23.0
10	55501370	34.0	35.0
10	55811620	26.0	22.0
10	56121490	29.0	30.0
10	56848183	21.0	31.0
10	56947972	18.0	38.0
10	57077466	23.0	33.0
10	57515589	24.0	39.0
10	57634901	22.0	31.0
10	58186411	28.0	36.0
10	58332587	17.0	20.0
10	58453700	25.0	29.0
10	59227889	25.0	25.0
10	59613757	35.0	34.0
10	59745881	29.0	31.0
10	60035671	23.0	34.0
10	60996901	29.0	33.0
10	62761012	18.0	13.0
10	63719996	15.0	54.0
10	64015124	39.0	36.0
10	64186663	33.0	38.0
10	64799020	33.0	39.0
10	65009291	31.0	34.0
10	66296632	32.0	27.0
10	66911462	16.0	43.0
10	67065054	17.0	27.0
10	67499838	6.0	46.0
10	68362140	34.0	39.0
10	68366797	26.0	28.0
10	69966766	28.0	28.0
10	71318308	24.0	26.0
10	71421485	29.0	36.0
10	71845631	32.0	61.0
10	71883069	33.0	55.0
10	71912521	30.0	75.0
10	72172494	25.0	58.0
10	72999082	21.0	59.0
10	73051180	29.0	53.0
10	73840399	11.0	32.0
10	74805143	33.0	73.0
10	77304389	29.0	67.0
10	77940665	20.0	64.0
10	78105050	5.0	34.0
10	78224227	42.0	58.0
10	78503494	19.0	64.0
10	79633745	32.0	63.0
10	79788601	47.0	36.0
10	80633997	55.0	36.0
10	80744312	34.0	50.0
10	83496062	37.0	37.0
10	83576325	38.0	39.0
10	83944990	24.0	28.0
10	84215434	13.0	20.0
10	84426313	5.0	65.0
10	85042978	38.0	39.0
10	85065402	26.0	25.0
10	85211929	27.0	37.0
10	85277739	30.0	43.0
10	85451986	15.0	31.0
10	86412459	24.0	40.0
10	86546049	3.0	34.0
10	86796721	21.0	43.0
10	86819009	29.0	41.0
10	87013315	45.0	43.0
10	87172004	23.0	54.0
10	87270827	25.0	37.0
10	87295790	32.0	31.0
10	87492828	23.0	37.0
10	88062561	28.0	32.0
10	89075388	11.0	24.0
10	89129064	23.0	25.0
10	90286479	24.0	19.0
10	90472299	37.0	41.0
10	90867275	24.0	35.0
10	91044592	22.0	29.0
10	92700239	16.0	34.0
10	93200024	34.0	41.0
10	94088700	17.0	33.0
10	94169303	7.0	60.0
10	94215466	38.0	25.0
10	94310500	22.0	22.0
10	95273333	37.0	41.0
10	95739916	22.0	38.0
10	95937825	30.0	36.0
10	96760887	40.0	38.0
10	97042793	36.0	46.0
10	97934602	21.0	33.0
10	98617187	31.0	31.0
10	98920310	32.0	26.0
10	100515464	32.0	35.0
10	100593349	25.0	35.0
10	101047787	28.0	41.0
10	102754860	32.0	33.0
10	102892575	23.0	34.0
10	103327516	24.0	27.0
10	104230835	19.0	21.0
10	104722665	34.0	32.0
10	105693972	18.0	65.0
10	106538607	39.0	67.0
10	106725407	45.0	33.0
10	106872868	29.0	73.0
10	107123442	21.0	56.0
10	107381650	23.0	60.0
10	107398325	26.0	65.0
10	107470622	18.0	57.0
10	107665500	26.0	44.0
10	108061390	42.0	31.0
10	108202899	28.0	64.0
10	108318570	23.0	51.0
10	108580420	5.0	84.0
10	108667888	37.0	60.0
10	108861325	61.0	33.0
10	108897392	20.0	52.0
10	109131694	27.0	36.0
10	109275417	32.0	30.0
10	109457805	23.0	30.0
10	109510827	31.0	44.0
10	109683302	20.0	30.0
10	109773430	26.0	34.0
10	109957040	23.0	32.0
10	110157426	14.0	23.0
10	110345480	32.0	36.0
10	110671079	22.0	38.0
10	110809276	18.0	40.0
10	111263176	28.0	25.0
10	111511913	32.0	31.0
10	112024725	27.0	19.0
10	112872212	20.0	44.0
10	113985776	40.0	33.0
10	114209332	9.0	62.0
10	114209340	9.0	63.0
10	114495448	28.0	31.0
10	114741831	32.0	39.0
10	114855209	28.0	34.0
10	115246171	28.0	41.0
10	115552636	28.0	30.0
10	115773123	25.0	37.0
10	117208387	7.0	37.0
10	117471385	18.0	44.0
10	117844036	27.0	23.0
10	118461701	16.0	28.0
10	118919574	26.0	28.0
10	118953414	33.0	65.0
10	119529362	21.0	57.0
10	121304337	33.0	62.0
10	122083927	58.0	33.0
10	122261979	28.0	57.0
10	122320530	17.0	50.0
10	122960096	38.0	81.0
10	125048074	40.0	35.0
10	125353219	23.0	33.0
10	126417626	21.0	41.0
10	126626363	32.0	32.0
10	127163233	22.0	36.0
10	127417178	27.0	36.0
10	127526162	23.0	35.0
10	128056365	27.0	34.0
10	128365078	30.0	37.0
10	128566621	5.0	51.0
10	129426817	31.0	34.0
10	129426818	33.0	34.0
10	130061035	30.0	22.0
10	130185272	23.0	37.0
10	130772564	21.0	31.0
10	131406820	28.0	46.0
10	131499167	30.0	23.0
10	132726736	35.0	33.0
10	132984559	28.0	27.0
10	133945174	26.0	24.0
10	134192802	25.0	33.0
10	134286272	22.0	31.0
10	135195405	23.0	38.0
10	135379848	24.0	28.0
11	1227635	27.0	35.0
11	3170835	16.0	31.0
11	3170836	17.0	32.0
11	3342652	10.0	23.0
11	4018066	36.0	41.0
11	4943205	18.0	34.0
11	4976389	16.0	31.0
11	6190819	27.0	30.0
11	6686910	24.0	34.0
11	6728320	22.0	29.0
11	8727124	21.0	36.0
11	9395803	7.0	19.0
11	9509622	92.0	35.0
11	9699033	30.0	97.0
11	9718146	40.0	91.0
11	10603430	31.0	37.0
11	11135676	33.0	43.0
11	12269423	30.0	38.0
11	12283698	17.0	26.0
11	13056593	22.0	37.0
11	13092646	5.0	48.0
11	13280244	32.0	26.0
11	13789623	25.0	31.0
11	14228703	32.0	33.0
11	15489950	28.0	42.0
11	15719585	28.0	47.0
11	15719586	30.0	47.0
11	16339158	30.0	34.0
11	18026990	34.0	36.0
11	18894872	33.0	38.0
11	19738839	30.0	37.0
11	20859881	29.0	38.0
11	21015582	26.0	25.0
11	22023549	23.0	34.0
11	22237076	26.0	22.0
11	23677219	37.0	43.0
11	24830284	22.0	35.0
11	24886307	25.0	32.0
11	25557751	36.0	33.0
11	25766502	4.0	72.0
11	26089517	37.0	32.0
11	26281732	32.0	37.0
11	27606095	34.0	40.0
11	28836944	28.0	32.0
11	29566996	26.0	28.0
11	30197364	23.0	38.0
11	30648432	20.0	28.0
11	32539839	17.0	34.0
11	32815408	28.0	24.0
11	33024179	25.0	33.0
11	33056312	24.0	27.0
11	34111255	24.0	40.0
11	34840047	23.0	28.0
11	34846821	34.0	53.0
11	36439266	32.0	34.0
11	36802106	34.0	34.0
11	37411929	27.0	34.0
11	37687862	18.0	31.0
11	37985811	7.0	48.0
11	38525884	12.0	13.0
11	38831283	31.0	35.0
11	39213961	22.0	26.0
11	39673672	22.0	42.0
11	40142603	33.0	39.0
11	41145163	23.0	29.0
11	41686155	24.0	28.0
11	41918007	24.0	34.0
11	42460145	28.0	32.0
11	42811763	27.0	42.0
11	43437359	23.0	35.0
11	43513933	23.0	40.0
11	44707606	22.0	31.0
11	44783060	31.0	37.0
11	44995154	27.0	29.0
11	45457829	36.0	34.0
11	47247804	25.0	36.0
11	48453573	7.0	7.0
11	48667656	38.0	45.0
11	48750751	32.0	44.0
11	48774544	6.0	67.0
11	48821429	33.0	39.0
11	49857822	21.0	35.0
11	50767582	27.0	37.0
11	54867390	27.0	32.0
11	55033065	5.0	49.0
11	55279101	32.0	22.0
11	55279668	37.0	31.0
11	55279915	33.0	24.0
11	55644115	23.0	37.0
11	56309054	21.0	29.0
11	56339116	26.0	37.0
11	56390467	31.0	43.0
11	56390578	38.0	25.0
11	56616793	35.0	12.0
11	57117758	7.0	94.0
11	57173189	27.0	207.0
11	57262275	13.0	167.0
11	57654886	75.0	232.0
11	57657511	86.0	194.0
11	57657651	53.0	225.0
11	57657701	57.0	213.0
11	57657729	53.0	205.0
11	57658112	66.0	234.0
11	57688089	69.0	197.0
11	57689299	73.0	219.0
11	57692323	86.0	225.0
11	57699123	62.0	205.0
11	57700042	76.0	181.0
11	57700050	73.0	181.0
11	57931737	29.0	180.0
11	57978866	177.0	44.0
11	58002218	20.0	164.0
11	58045634	36.0	198.0
11	58209412	149.0	31.0
11	58285738	67.0	191.0
11	58285927	73.0	161.0
11	58286371	82.0	184.0
11	58286676	77.0	192.0
11	58286879	69.0	191.0
11	58287027	28.0	190.0
11	58287031	26.0	195.0
11	58287063	2.0	197.0
11	58287072	5.0	198.0
11	58287075	6.0	196.0
11	58287197	67.0	185.0
11	58287436	82.0	181.0
11	58287862	84.0	209.0
11	58287878	72.0	206.0
11	58288031	65.0	163.0
11	58288059	69.0	161.0
11	58288349	71.0	192.0
11	58289223	79.0	189.0
11	58289740	52.0	188.0
11	58289767	52.0	185.0
11	58289869	65.0	185.0
11	58289870	65.0	184.0
11	58289989	23.0	183.0
11	58289996	24.0	189.0
11	58290010	26.0	201.0
11	58290800	21.0	241.0
11	58324143	32.0	228.0
11	58352455	88.0	269.0
11	58352482	89.0	267.0
11	58352564	83.0	292.0
11	58353248	68.0	284.0
11	58353311	70.0	278.0
11	58353315	69.0	280.0
11	58353464	141.0	242.0
11	58353651	111.0	256.0
11	58353696	92.0	260.0
11	58353718	94.0	257.0
11	58353829	72.0	255.0
11	58353836	71.0	255.0
11	58353879	90.0	250.0
11	58353955	142.0	224.0
11	58354399	158.0	302.0
11	58354463	149.0	280.0
11	58354808	136.0	278.0
11	58354834	126.0	279.0
11	58355058	147.0	289.0
11	58355070	142.0	298.0
11	58355316	58.0	262.0
11	58355340	48.0	250.0
11	58355487	142.0	276.0
11	58355582	159.0	257.0
11	58355716	158.0	259.0
11	58375343	20.0	391.0
11	58482142	21.0	302.0
11	58521134	24.0	311.0
11	58835078	34.0	34.0
11	59056632	28.0	31.0
11	59211290	25.0	68.0
11	59280012	25.0	56.0
11	59351550	20.0	120.0
11	59452576	142.0	34.0
11	59462856	33.0	133.0
11	59490739	70.0	164.0
11	59630511	17.0	163.0
11	59638161	32.0	161.0
11	59756244	81.0	182.0
11	59756630	68.0	176.0
11	59756833	35.0	175.0
11	59756857	14.0	173.0
11	59756870	10.0	168.0
11	59756910	34.0	158.0
11	59756938	61.0	178.0
11	59757041	86.0	187.0
11	59757301	84.0	179.0
11	59758152	67.0	178.0
11	59758635	62.0	202.0
11	59758668	31.0	186.0
11	59758689	20.0	182.0
11	59758692	22.0	186.0
11	59759571	27.0	219.0
11	59759594	20.0	222.0
11	59759595	20.0	224.0
11	59972480	23.0	359.0
11	60061705	27.0	410.0
11	63101341	24.0	46.0
11	63130493	36.0	35.0
11	63921427	20.0	30.0
11	64150602	31.0	34.0
11	67465766	33.0	54.0
11	70895676	5.0	66.0
11	71616947	34.0	35.0
11	71686192	33.0	36.0
11	72005148	26.0	32.0
11	72339643	22.0	34.0
11	73022287	33.0	26.0
11	75500590	39.0	42.0
11	76031062	23.0	34.0
11	76360289	31.0	30.0
11	76492167	30.0	36.0
11	78786736	20.0	29.0
11	79320563	20.0	43.0
11	79466497	36.0	31.0
11	79584724	21.0	41.0
11	80460258	6.0	53.0
11	80535184	17.0	50.0
11	81030274	7.0	25.0
11	83445905	29.0	59.0
11	83665377	21.0	31.0
11	84104345	31.0	36.0
11	84513724	17.0	26.0
11	87137678	26.0	35.0
11	88084684	26.0	36.0
11	88412193	35.0	45.0
11	88576733	26.0	31.0
11	88587388	25.0	35.0
11	88599631	40.0	24.0
11	89148863	31.0	43.0
11	89751659	25.0	65.0
11	90634305	27.0	48.0
11	90872721	31.0	35.0
11	91217253	16.0	46.0
11	91581730	31.0	42.0
11	93291242	22.0	32.0
11	93698468	19.0	29.0
11	93807698	31.0	39.0
11	94029381	23.0	28.0
11	95077446	24.0	40.0
11	95366715	28.0	38.0
11	95813405	27.0	28.0
11	96786976	20.0	36.0
11	96949127	25.0	28.0
11	97011868	21.0	41.0
11	97015297	26.0	38.0
11	97377463	20.0	27.0
11	97497805	30.0	25.0
11	98355760	22.0	36.0
11	98916187	28.0	35.0
11	98966725	25.0	26.0
11	99718928	27.0	34.0
11	99747699	31.0	37.0
11	102525297	32.0	44.0
11	103050655	19.0	48.0
11	103602594	24.0	30.0
11	105007582	20.0	16.0
11	105265097	30.0	40.0
11	105492753	19.0	38.0
11	106007407	21.0	33.0
11	106428557	29.0	38.0
11	106951828	24.0	27.0
11	107582738	9.0	47.0
11	108280643	34.0	39.0
11	109590333	27.0	25.0
11	109760995	21.0	36.0
11	110070607	28.0	31.0
11	110645686	38.0	30.0
11	114307142	28.0	22.0
11	114622799	25.0	41.0
11	114812252	35.0	32.0
11	116305267	32.0	33.0
11	116340865	24.0	32.0
11	116370581	29.0	29.0
11	116454036	22.0	36.0
11	117512161	27.0	33.0
11	117838674	20.0	28.0
11	118942857	29.0	34.0
11	120352935	31.0	23.0
11	120387450	22.0	29.0
11	121476426	39.0	25.0
11	121689438	28.0	42.0
11	122381290	29.0	29.0
11	122382109	26.0	36.0
11	122744566	21.0	27.0
11	123947520	19.0	36.0
11	124288175	27.0	33.0
11	124318303	34.0	32.0
11	126068462	22.0	32.0
11	127492675	21.0	44.0
11	128215026	35.0	31.0
11	129054993	20.0	28.0
11	129193486	4.0	59.0
11	129788378	28.0	42.0
11	129830170	38.0	26.0
11	131680843	30.0	38.0
11	131864355	13.0	40.0
11	132324609	11.0	63.0
11	132474759	27.0	41.0
11	132545653	36.0	45.0
11	132675048	5.0	41.0
11	132796244	23.0	37.0
11	133250532	28.0	23.0
11	133495609	7.0	48.0
11	134378589	20.0	23.0
11	134535555	25.0	33.0
11	134668102	29.0	24.0
11	134866477	27.0	33.0
11	134938290	5.0	48.0
12	2517009	41.0	49.0
12	2596116	27.0	31.0
12	3159077	24.0	29.0
12	3713259	25.0	29.0
12	4074132	16.0	40.0
12	4287222	23.0	31.0
12	4817323	28.0	38.0
12	4912011	23.0	43.0
12	4914051	33.0	39.0
12	5817594	26.0	34.0
12	6506537	20.0	52.0
12	7483584	12.0	32.0
12	8014727	30.0	33.0
12	8180994	26.0	36.0
12	9280129	31.0	36.0
12	10124624	5.0	67.0
12	10398591	29.0	36.0
12	11090897	21.0	37.0
12	11423782	4.0	77.0
12	13951362	26.0	37.0
12	15354144	37.0	35.0
12	15390966	31.0	25.0
12	16162696	24.0	42.0
12	16252834	25.0	34.0
12	16591932	25.0	37.0
12	16753245	18.0	30.0
12	16895212	38.0	40.0
12	17070998	28.0	29.0
12	17180686	30.0	30.0
12	17934785	28.0	26.0
12	19443289	24.0	46.0
12	19649202	18.0	37.0
12	20562951	19.0	30.0
12	23235412	27.0	37.0
12	24001190	29.0	43.0
12	24551533	23.0	34.0
12	25556616	5.0	47.0
12	26785566	33.0	35.0
12	26804457	8.0	55.0
12	28194091	26.0	33.0
12	28318871	22.0	28.0
12	29263477	30.0	38.0
12	29799732	26.0	34.0
12	30411802	3.0	22.0
12	31089871	39.0	39.0
12	31239235	29.0	34.0
12	31298024	16.0	25.0
12	32880023	11.0	43.0
12	33355789	36.0	41.0
12	33518048	30.0	55.0
12	34186509	30.0	34.0
12	34285344	24.0	43.0
12	34553968	28.0	25.0
12	34661717	23.0	25.0
12	37979271	33.0	33.0
12	38028592	30.0	37.0
12	39481349	24.0	32.0
12	39487252	17.0	23.0
12	40277739	20.0	54.0
12	40806852	23.0	30.0
12	40838412	27.0	25.0
12	40856490	3.0	48.0
12	41034591	36.0	29.0
12	41121881	35.0	35.0
12	41803206	59.0	41.0
12	42456341	22.0	55.0
12	43002410	21.0	52.0
12	43287373	22.0	65.0
12	43445506	29.0	52.0
12	43600651	12.0	75.0
12	44668735	23.0	69.0
12	45536162	23.0	51.0
12	47005071	48.0	33.0
12	48007760	32.0	70.0
12	48451180	22.0	54.0
12	49336518	20.0	64.0
12	49336528	23.0	73.0
12	49944514	26.0	22.0
12	50026769	8.0	20.0
12	50454366	12.0	17.0
12	50666726	10.0	22.0
12	50851326	8.0	52.0
12	51804396	30.0	42.0
12	52184806	31.0	39.0
12	52877977	40.0	45.0
12	53941523	25.0	31.0
12	54094339	21.0	33.0
12	55457852	36.0	23.0
12	55588723	25.0	49.0
12	56092746	20.0	32.0
12	56414075	32.0	44.0
12	56639095	28.0	51.0
12	57781632	28.0	33.0
12	58128911	5.0	55.0
12	59127807	30.0	37.0
12	59542151	24.0	38.0
12	60031903	4.0	72.0
12	61232826	25.0	29.0
12	62290936	23.0	41.0
12	64477169	30.0	31.0
12	65370129	30.0	46.0
12	65537600	27.0	46.0
12	65755328	26.0	35.0
12	66071984	21.0	43.0
12	67305266	32.0	40.0
12	67817246	27.0	38.0
12	68276492	28.0	38.0
12	69103152	20.0	33.0
12	69330849	27.0	45.0
12	70456471	19.0	28.0
12	70508220	7.0	54.0
12	71363043	32.0	37.0
12	71365814	23.0	37.0
12	71370744	27.0	39.0
12	72136247	18.0	39.0
12	73225383	25.0	41.0
12	73654550	14.0	16.0
12	74164817	43.0	40.0
12	74545656	27.0	40.0
12	75483779	26.0	39.0
12	75838981	23.0	33.0
12	76977699	31.0	26.0
12	77823970	15.0	29.0
12	78009879	23.0	31.0
12	78506466	28.0	33.0
12	78664551	26.0	36.0
12	79172847	32.0	33.0
12	79621328	30.0	23.0
12	79633186	20.0	31.0
12	80115062	23.0	31.0
12	81294195	35.0	36.0
12	81530788	30.0	32.0
12	81868716	22.0	28.0
12	82038097	19.0	28.0
12	82459551	37.0	29.0
12	83130745	30.0	32.0
12	83140318	5.0	56.0
12	83158773	7.0	39.0
12	83595540	30.0	25.0
12	84564278	24.0	44.0
12	84568666	30.0	31.0
12	85454687	31.0	32.0
12	86606847	39.0	28.0
12	86931627	28.0	21.0
12	87175657	29.0	28.0
12	87308151	28.0	40.0
12	88258725	29.0	33.0
12	88610171	27.0	41.0
12	91763851	39.0	31.0
12	92134089	14.0	31.0
12	93877556	27.0	30.0
12	95519869	35.0	38.0
12	97015777	26.0	26.0
12	97751145	27.0	26.0
12	99174670	22.0	35.0
12	99259050	22.0	26.0
12	102737763	24.0	40.0
12	103660733	27.0	45.0
12	104955955	36.0	30.0
12	105867286	25.0	33.0
12	105939852	36.0	30.0
12	107103612	27.0	33.0
12	108576565	25.0	43.0
12	109288053	19.0	33.0
12	112193727	25.0	38.0
12	112877418	22.0	25.0
12	112986120	22.0	42.0
12	113038886	23.0	29.0
12	113297332	34.0	36.0
12	113559348	26.0	33.0
12	114309335	26.0	35.0
12	115276195	24.0	36.0
12	115295989	29.0	34.0
12	115512654	35.0	26.0
12	117051188	28.0	33.0
12	117271427	28.0	32.0
12	119270985	26.0	30.0
12	120951472	19.0	32.0
12	121281182	21.0	42.0
12	123676938	26.0	26.0
12	123713461	31.0	35.0
12	123879489	32.0	37.0
12	124057846	22.0	20.0
12	124521035	32.0	31.0
12	124661778	3.0	42.0
12	124722356	21.0	26.0
12	125584269	29.0	34.0
12	126858209	27.0	41.0
12	126983371	28.0	35.0
12	127880470	23.0	28.0
12	127985775	23.0	29.0
12	128068505	24.0	31.0
12	128250513	36.0	31.0
12	128424153	27.0	32.0
12	128548542	30.0	45.0
12	129702031	23.0	23.0
12	130108546	30.0	20.0
12	130122884	23.0	36.0
12	130339493	21.0	30.0
12	131642179	20.0	37.0
12	132482180	19.0	35.0
12	132898961	25.0	34.0
12	133055228	20.0	32.0
13	19626328	4.0	59.0
13	19897596	29.0	42.0
13	21479290	22.0	32.0
13	21479310	21.0	35.0
13	23515559	23.0	26.0
13	25727827	30.0	35.0
13	25755480	33.0	34.0
13	27279848	15.0	25.0
13	27918806	25.0	33.0
13	29057336	31.0	28.0
13	29589503	30.0	31.0
13	29872554	29.0	36.0
13	30470695	26.0	27.0
13	30896956	2.0	60.0
13	31268908	24.0	36.0
13	32381116	30.0	42.0
13	34326503	23.0	39.0
13	34381792	42.0	31.0
13	35986274	28.0	34.0
13	37206476	23.0	27.0
13	38312938	31.0	40.0
13	38449961	26.0	24.0
13	38847232	41.0	36.0
13	39309085	33.0	36.0
13	40001830	28.0	29.0
13	40419977	63.0	28.0
13	41995107	32.0	35.0
13	42074306	26.0	24.0
13	43900166	28.0	32.0
13	44349274	35.0	25.0
13	45159947	24.0	33.0
13	46324366	21.0	41.0
13	46471864	37.0	33.0
13	47799916	38.0	48.0
13	48445926	41.0	35.0
13	49217034	22.0	27.0
13	49431892	31.0	44.0
13	49521810	19.0	35.0
13	50271250	30.0	34.0
13	50473464	29.0	27.0
13	50643379	28.0	35.0
13	51192538	27.0	34.0
13	52091370	31.0	29.0
13	52989436	31.0	36.0
13	53232423	23.0	40.0
13	54864122	11.0	59.0
13	55481182	22.0	34.0
13	55881934	33.0	27.0
13	55942303	25.0	36.0
13	56096381	26.0	25.0
13	56147486	22.0	32.0
13	56474257	36.0	31.0
13	56580520	22.0	25.0
13	56698053	28.0	37.0
13	56740598	15.0	41.0
13	56824798	24.0	42.0
13	57237625	25.0	33.0
13	57296656	17.0	24.0
13	58190189	17.0	25.0
13	58410045	20.0	25.0
13	58550894	36.0	41.0
13	58594759	34.0	37.0
13	58776197	23.0	31.0
13	58826316	30.0	31.0
13	59146889	40.0	42.0
13	61332888	30.0	40.0
13	61380106	31.0	28.0
13	62185941	32.0	34.0
13	62218099	24.0	32.0
13	62573025	24.0	23.0
13	62786826	21.0	32.0
13	62876987	27.0	39.0
13	63170279	30.0	47.0
13	63233714	35.0	35.0
13	63447584	32.0	22.0
13	63947939	28.0	40.0
13	63982913	27.0	18.0
13	64235586	32.0	31.0
13	64303728	31.0	42.0
13	64386029	17.0	14.0
13	64626237	29.0	37.0
13	64856817	26.0	34.0
13	64953810	28.0	42.0
13	65061093	28.0	31.0
13	65109046	23.0	25.0
13	65299066	25.0	37.0
13	65562166	27.0	43.0
13	65981531	35.0	31.0
13	66152559	35.0	51.0
13	66187325	30.0	37.0
13	66676915	36.0	48.0
13	67017356	28.0	36.0
13	67329527	8.0	65.0
13	67407555	25.0	34.0
13	67630012	28.0	25.0
13	68340145	21.0	31.0
13	68456596	4.0	58.0
13	69918480	26.0	40.0
13	70288603	34.0	27.0
13	71172204	35.0	38.0
13	71874503	24.0	44.0
13	73293116	27.0	26.0
13	73350416	28.0	30.0
13	74108520	21.0	33.0
13	75382247	25.0	32.0
13	76783862	28.0	20.0
13	77404647	28.0	34.0
13	77763183	28.0	30.0
13	78787213	31.0	26.0
13	80616639	28.0	37.0
13	82003155	24.0	26.0
13	82279050	30.0	32.0
13	82449748	26.0	33.0
13	82858150	24.0	21.0
13	83181579	25.0	35.0
13	83186655	25.0	40.0
13	83551592	34.0	35.0
13	83641555	20.0	32.0
13	84345887	29.0	32.0
13	84419471	36.0	36.0
13	84553874	22.0	25.0
13	84731450	25.0	29.0
13	84769494	19.0	42.0
13	84811757	37.0	38.0
13	85074190	34.0	45.0
13	85289785	35.0	29.0
13	85759333	20.0	30.0
13	85823914	27.0	33.0
13	87242221	28.0	33.0
13	88206830	26.0	37.0
13	88920133	35.0	35.0
13	89223839	17.0	23.0
13	89325900	31.0	47.0
13	89642176	19.0	38.0
13	89714181	6.0	58.0
13	89881165	37.0	41.0
13	90881049	24.0	35.0
13	91133576	27.0	45.0
13	92179602	29.0	30.0
13	92690238	26.0	29.0
13	92991035	21.0	35.0
13	93123872	38.0	33.0
13	93557796	28.0	45.0
13	94080946	27.0	30.0
13	94560119	28.0	54.0
13	94660734	3.0	43.0
13	95314973	25.0	35.0
13	95687775	35.0	32.0
13	95922293	30.0	42.0
13	96362066	16.0	32.0
13	96448536	21.0	38.0
13	96598019	33.0	34.0
13	96920070	24.0	29.0
13	97213510	33.0	20.0
13	97366105	34.0	42.0
13	98199612	27.0	30.0
13	98210621	22.0	34.0
13	99857686	25.0	29.0
13	100837434	29.0	40.0
13	100988238	21.0	33.0
13	101589236	23.0	27.0
13	101863254	8.0	62.0
13	101864775	35.0	28.0
13	102302839	25.0	37.0
13	103096008	26.0	39.0
13	103127712	26.0	36.0
13	103668839	20.0	38.0
13	104333762	7.0	48.0
13	104803933	19.0	30.0
13	104834478	35.0	44.0
13	104981904	34.0	43.0
13	105105317	35.0	35.0
13	105256694	18.0	31.0
13	106167947	14.0	28.0
13	106203292	25.0	34.0
13	106471771	27.0	34.0
13	107916508	34.0	45.0
13	109107710	29.0	24.0
13	109177072	33.0	36.0
13	109317085	25.0	48.0
13	109794416	22.0	32.0
13	110468256	26.0	38.0
13	111116081	27.0	34.0
13	111639969	42.0	37.0
13	112660865	23.0	34.0
14	20224393	4.0	62.0
14	20532608	26.0	38.0
14	21267429	24.0	24.0
14	21582147	23.0	34.0
14	22081207	2.0	14.0
14	22310499	27.0	54.0
14	24061568	23.0	41.0
14	24147014	27.0	35.0
14	25676617	32.0	25.0
14	26720755	35.0	45.0
14	27035091	40.0	36.0
14	27253164	34.0	34.0
14	28090144	27.0	28.0
14	28322110	27.0	36.0
14	28600565	21.0	34.0
14	29158856	24.0	26.0
14	30460238	17.0	26.0
14	30549769	4.0	40.0
14	30625100	22.0	39.0
14	32140220	25.0	60.0
14	32549402	36.0	60.0
14	32872504	66.0	37.0
14	34294781	26.0	51.0
14	34768996	29.0	31.0
14	35885040	23.0	37.0
14	37160331	37.0	35.0
14	37195032	21.0	27.0
14	37636292	32.0	47.0
14	38009531	29.0	36.0
14	38944029	37.0	31.0
14	41885123	26.0	29.0
14	42165008	24.0	29.0
14	42445654	25.0	27.0
14	42612215	15.0	20.0
14	43209600	33.0	43.0
14	43476342	34.0	30.0
14	43636304	23.0	39.0
14	43703180	20.0	31.0
14	43748190	26.0	29.0
14	43892866	21.0	22.0
14	44250760	14.0	28.0
14	44342326	20.0	24.0
14	44433808	30.0	30.0
14	44650854	22.0	20.0
14	44901357	34.0	26.0
14	45060333	20.0	36.0
14	45722829	4.0	55.0
14	45748020	23.0	35.0
14	46857367	31.0	18.0
14	46883673	30.0	34.0
14	47493377	28.0	27.0
14	47887547	23.0	30.0
14	48259861	18.0	21.0
14	48710185	29.0	35.0
14	51728779	29.0	29.0
14	52354501	27.0	35.0
14	52555650	9.0	33.0
14	52695150	32.0	40.0
14	54047326	32.0	42.0
14	54417251	5.0	62.0
14	55057113	34.0	30.0
14	56045919	26.0	27.0
14	56392245	20.0	39.0
14	57215347	33.0	39.0
14	58023194	32.0	35.0
14	59027134	26.0	28.0
14	60464605	27.0	47.0
14	62518435	23.0	53.0
14	63533878	24.0	39.0
14	64081101	23.0	28.0
14	64185482	14.0	28.0
14	64556005	19.0	30.0
14	65322238	25.0	35.0
14	66687769	34.0	21.0
14	67354149	23.0	56.0
14	68130369	28.0	54.0
14	69568295	65.0	35.0
14	70309019	29.0	32.0
14	70562868	29.0	42.0
14	70884510	29.0	41.0
14	72319335	40.0	42.0
14	72328665	35.0	38.0
14	73659449	23.0	34.0
14	76026580	27.0	31.0
14	77038549	28.0	49.0
14	77386060	19.0	113.0
14	77392987	27.0	114.0
14	77703301	9.0	18.0
14	77703347	9.0	16.0
14	78988607	32.0	47.0
14	79037634	26.0	24.0
14	79971764	32.0	28.0
14	80034790	28.0	37.0
14	81227625	22.0	26.0
14	81317751	28.0	25.0
14	81383884	33.0	36.0
14	81499623	31.0	46.0
14	81793363	4.0	62.0
14	82122416	41.0	39.0
14	82711295	23.0	41.0
14	82965862	30.0	37.0
14	83407178	31.0	24.0
14	83874936	29.0	49.0
14	83874967	24.0	41.0
14	83997785	33.0	29.0
14	84153442	34.0	31.0
14	84617163	14.0	20.0
14	85601900	35.0	42.0
14	85628557	28.0	37.0
14	86155371	33.0	30.0
14	86278098	25.0	22.0
14	86399400	28.0	24.0
14	86966831	32.0	44.0
14	87658640	23.0	37.0
14	87658641	23.0	36.0
14	87970464	24.0	28.0
14	88998517	40.0	39.0
14	89890309	32.0	41.0
14	90158460	26.0	22.0
14	90914633	28.0	32.0
14	91747719	30.0	25.0
14	93743140	20.0	40.0
14	94224765	5.0	52.0
14	94973910	33.0	46.0
14	95631336	24.0	39.0
14	98026989	10.0	55.0
14	98028507	23.0	37.0
14	98042179	34.0	37.0
14	98216834	27.0	34.0
14	98700825	35.0	41.0
14	98868568	27.0	35.0
14	98961272	20.0	32.0
14	99047507	31.0	31.0
14	99631639	23.0	34.0
14	99976481	13.0	18.0
14	100101872	24.0	23.0
14	101363186	14.0	28.0
14	101616043	27.0	37.0
14	101775860	40.0	25.0
14	101839870	24.0	33.0
14	102170677	28.0	32.0
14	104407991	30.0	68.0
14	104795725	27.0	29.0
14	104856137	24.0	26.0
14	105313405	29.0	36.0
14	105425813	24.0	30.0
14	106209882	5.0	60.0
14	107091675	21.0	33.0
14	107129673	17.0	25.0
14	107176253	22.0	88.0
15	20872906	15.0	130.0
15	21916923	36.0	184.0
15	22343376	6.0	55.0
15	22493076	20.0	88.0
15	22548548	23.0	96.0
15	22564587	24.0	81.0
15	23787886	33.0	9.0
15	24051122	23.0	6.0
15	24789051	35.0	7.0
15	26445757	29.0	5.0
15	28169723	33.0	13.0
15	28336856	30.0	7.0
15	33654111	27.0	7.0
15	33675924	27.0	4.0
15	35035958	30.0	8.0
15	36348677	29.0	9.0
15	36547736	3.0	35.0
15	39691182	29.0	10.0
15	40301293	25.0	5.0
15	40895449	32.0	10.0
15	42006413	36.0	8.0
15	44461610	25.0	2.0
15	44541536	32.0	2.0
15	45133570	27.0	7.0
15	45345981	9.0	3.0
15	46254810	37.0	7.0
15	46577821	11.0	5.0
15	47658224	23.0	2.0
15	47889525	24.0	4.0
15	49866332	24.0	6.0
15	53942902	29.0	2.0
15	54689436	17.0	9.0
15	55870814	36.0	5.0
15	56287780	20.0	1.0
15	56306839	25.0	5.0
15	58994294	23.0	6.0
15	63372076	18.0	10.0
15	64613753	31.0	5.0
15	64744831	30.0	10.0
15	64998929	25.0	7.0
15	65387033	27.0	9.0
15	65500144	4.0	33.0
15	69202088	17.0	5.0
15	69988009	23.0	16.0
15	73444598	21.0	5.0
15	73830777	15.0	1.0
15	74688518	30.0	5.0
15	77995475	26.0	7.0
15	78707248	29.0	6.0
15	79791121	36.0	5.0
15	83895954	22.0	5.0
15	84561849	34.0	10.0
15	85544653	3.0	42.0
15	87731442	3.0	25.0
15	89531172	60.0	6.0
15	92785720	35.0	7.0
15	94240203	28.0	9.0
15	94311656	24.0	9.0
15	95896743	22.0	2.0
15	101990624	29.0	7.0
16	466379	3.0	46.0
16	2202527	25.0	45.0
16	2755203	21.0	34.0
16	3105873	4.0	24.0
16	3105875	3.0	26.0
16	3552312	21.0	24.0
16	5042555	30.0	31.0
16	5214509	33.0	31.0
16	5235588	37.0	23.0
16	5663468	37.0	30.0
16	6105321	38.0	24.0
16	6641044	30.0	39.0
16	6810064	32.0	21.0
16	7301306	37.0	25.0
16	7443292	27.0	32.0
16	7476924	23.0	30.0
16	7670895	24.0	35.0
16	8364068	4.0	67.0
16	9531624	11.0	24.0
16	9896469	9.0	45.0
16	10004650	24.0	37.0
16	10459528	28.0	46.0
16	11399575	30.0	31.0
16	12231135	22.0	53.0
16	13105983	26.0	32.0
16	13752405	22.0	45.0
16	14489222	28.0	28.0
16	14602838	29.0	55.0
16	14741869	22.0	30.0
16	16196888	23.0	44.0
16	16953124	32.0	32.0
16	16992150	5.0	66.0
16	17194019	24.0	36.0
16	17392709	22.0	28.0
16	17660172	23.0	34.0
16	18675795	16.0	60.0
16	20320634	26.0	27.0
16	22309955	34.0	30.0
16	24237694	31.0	36.0
16	25531367	27.0	35.0
16	26074158	24.0	35.0
16	26241487	31.0	28.0
16	26277649	22.0	27.0
16	26627561	19.0	27.0
16	27810954	33.0	34.0
16	29906355	17.0	62.0
16	29907219	25.0	63.0
16	31011577	35.0	43.0
16	33612315	23.0	29.0
16	33628466	25.0	27.0
16	34608881	23.0	58.0
16	34758993	33.0	61.0
16	35029892	17.0	63.0
16	35131835	4.0	45.0
16	35254496	13.0	37.0
16	47254312	25.0	5.0
16	47287650	38.0	5.0
16	48944858	37.0	7.0
16	50829803	30.0	4.0
16	51155600	36.0	11.0
16	54535097	21.0	7.0
16	54692894	32.0	8.0
16	55240716	16.0	8.0
16	55793014	8.0	3.0
16	58115845	3.0	32.0
16	58912889	37.0	6.0
16	58995507	24.0	6.0
16	59832516	1.0	1.0
16	60458969	33.0	6.0
16	60545573	17.0	4.0
16	60782766	32.0	7.0
16	61824629	33.0	6.0
16	63306242	33.0	5.0
16	64500064	24.0	5.0
16	64500065	24.0	5.0
16	64575433	21.0	6.0
16	65326769	24.0	9.0
16	65378418	22.0	11.0
16	68462889	25.0	5.0
16	68541020	3.0	24.0
16	69265268	28.0	52.0
16	70748231	4.0	49.0
16	71275085	26.0	38.0
16	73039619	30.0	32.0
16	74434329	2.0	61.0
16	74546310	21.0	37.0
16	76128293	27.0	25.0
16	77742446	17.0	31.0
16	78353531	23.0	36.0
16	78414932	16.0	36.0
16	78984039	17.0	83.0
16	79983582	29.0	65.0
16	80095278	16.0	15.0
16	80104830	57.0	40.0
16	80221714	33.0	60.0
16	80484579	32.0	60.0
16	80676076	23.0	34.0
16	81085960	31.0	38.0
16	82739326	24.0	35.0
16	82854963	30.0	41.0
16	82928040	26.0	33.0
16	83242130	23.0	34.0
16	83255260	16.0	35.0
16	85974605	21.0	33.0
16	86354135	34.0	35.0
16	86478392	36.0	37.0
16	87062074	30.0	30.0
16	87130238	27.0	46.0
16	87425088	16.0	23.0
16	88319588	31.0	34.0
16	89263066	24.0	44.0
17	1811213	30.0	4.0
17	2339232	2.0	18.0
17	3616721	25.0	3.0
17	4043407	28.0	5.0
17	6231466	2.0	36.0
17	7236203	25.0	4.0
17	7577538	26.0	4.0
17	10198822	21.0	6.0
17	10501091	25.0	3.0
17	13167917	40.0	12.0
17	13703501	32.0	8.0
17	14638910	25.0	11.0
17	15134223	27.0	8.0
17	18644042	5.0	44.0
17	19251284	26.0	4.0
17	21259860	14.0	10.0
17	22071451	5.0	29.0
17	25516490	10.0	71.0
17	26833946	37.0	51.0
17	27356818	33.0	40.0
17	27612961	27.0	27.0
17	27667428	32.0	39.0
17	27947746	32.0	41.0
17	28166598	38.0	31.0
17	28265796	28.0	40.0
17	28870635	35.0	51.0
17	31927474	28.0	34.0
17	31957088	27.0	29.0
17	32443938	15.0	21.0
17	33449308	13.0	12.0
17	33817576	22.0	31.0
17	34461506	10.0	40.0
17	36496892	3.0	34.0
17	37657379	987.0	1190.0
17	37657808	478.0	2868.0
17	37715599	12.0	1214.0
17	37715657	7.0	1202.0
17	37715670	12.0	1191.0
17	37715704	22.0	1136.0
17	37715807	41.0	1269.0
17	37715871	22.0	1161.0
17	37715905	41.0	1124.0
17	37716051	105.0	865.0
17	37716166	33.0	992.0
17	37716409	64.0	1221.0
17	37716460	63.0	1318.0
17	37716582	55.0	1265.0
17	37716630	52.0	1202.0
17	37717383	58.0	1183.0
17	37717438	57.0	1270.0
17	37717613	51.0	1224.0
17	37717950	58.0	1160.0
17	37718602	49.0	1100.0
17	37828286	326.0	765.0
17	37828512	324.0	779.0
17	37999743	892.0	366.0
17	38133276	278.0	26.0
17	40629852	21.0	7.0
17	42088276	4.0	42.0
17	42940095	34.0	9.0
17	45835931	34.0	8.0
17	46196898	65.0	41.0
17	46214067	10.0	50.0
17	46292797	24.0	76.0
17	48690522	32.0	74.0
17	49415842	25.0	52.0
17	49599857	58.0	28.0
17	50428644	55.0	35.0
17	50896819	25.0	60.0
17	51026422	17.0	31.0
17	51397023	32.0	75.0
17	52105158	27.0	74.0
17	52673477	30.0	66.0
17	53401348	15.0	43.0
17	53619765	62.0	79.0
17	53969986	62.0	96.0
17	56033179	23.0	42.0
17	56148309	29.0	66.0
17	56427894	63.0	35.0
17	57682972	62.0	28.0
17	58404134	66.0	29.0
17	59499617	31.0	52.0
17	59871074	23.0	66.0
17	61514463	19.0	48.0
17	62290313	30.0	59.0
17	62981660	10.0	66.0
17	63202790	19.0	46.0
17	64734772	21.0	76.0
17	66401954	26.0	67.0
17	67424968	30.0	51.0
17	67871985	60.0	39.0
17	68926734	40.0	40.0
17	69068431	47.0	32.0
17	70354146	46.0	26.0
17	71132578	19.0	40.0
17	71668166	33.0	65.0
17	71895636	22.0	52.0
17	72580920	26.0	65.0
17	72753660	36.0	61.0
17	73214832	36.0	56.0
17	73548028	42.0	124.0
17	74415448	30.0	114.0
17	75801444	30.0	67.0
17	75970376	34.0	374.0
17	75970392	30.0	372.0
17	75971162	30.0	377.0
17	75971739	24.0	346.0
17	75974945	22.0	399.0
17	75974946	23.0	402.0
17	76265482	73.0	349.0
17	76726713	33.0	490.0
17	76746912	31.0	386.0
17	76873181	46.0	415.0
17	76873188	49.0	421.0
17	76873684	57.0	398.0
17	76873754	36.0	386.0
17	76944167	65.0	362.0
17	76944423	46.0	278.0
17	78103939	247.0	1887.0
17	78896280	176.0	28.0
17	79600089	27.0	141.0
17	79788492	28.0	185.0
17	79788493	27.0	186.0
17	80773032	116.0	171.0
17	80773075	86.0	175.0
17	80773154	110.0	189.0
17	80773162	111.0	185.0
17	80773659	79.0	131.0
17	80773752	88.0	148.0
17	80773896	59.0	150.0
17	80773915	55.0	158.0
17	80773941	47.0	160.0
17	80774169	120.0	183.0
17	80774202	124.0	197.0
17	80774297	110.0	181.0
17	80774388	103.0	186.0
17	80774752	49.0	74.0
17	80774791	85.0	141.0
17	80774867	100.0	158.0
17	80775116	91.0	159.0
17	80775263	101.0	184.0
18	1102303	29.0	28.0
18	2155829	25.0	32.0
18	2238723	33.0	24.0
18	4091978	24.0	40.0
18	4138175	24.0	26.0
18	4887523	25.0	38.0
18	4936532	28.0	29.0
18	4986319	33.0	31.0
18	6813867	23.0	38.0
18	8229748	18.0	37.0
18	10094027	32.0	25.0
18	10735870	21.0	22.0
18	11051705	19.0	32.0
18	11801672	23.0	27.0
18	13925052	24.0	35.0
18	14391592	24.0	30.0
18	14838026	20.0	32.0
18	18751345	25.0	30.0
18	18914608	28.0	25.0
18	18970885	30.0	42.0
18	19296681	22.0	34.0
18	21343956	28.0	42.0
18	21862283	5.0	73.0
18	22053153	31.0	42.0
18	22654059	17.0	26.0
18	23184851	36.0	39.0
18	23837727	27.0	37.0
18	24464024	19.0	12.0
18	25079218	27.0	37.0
18	26626611	23.0	35.0
18	27661346	19.0	28.0
18	27824497	14.0	21.0
18	27953353	21.0	34.0
18	28031899	13.0	51.0
18	31046854	25.0	28.0
18	31075402	33.0	46.0
18	32021357	5.0	66.0
18	32169444	25.0	30.0
18	34232347	23.0	38.0
18	35379368	19.0	30.0
18	35419638	33.0	37.0
18	35696429	39.0	35.0
18	36013153	25.0	31.0
18	36148836	13.0	38.0
18	36277266	25.0	32.0
18	36640715	31.0	30.0
18	37455650	18.0	37.0
18	38013449	22.0	29.0
18	38431248	35.0	22.0
18	38500449	19.0	32.0
18	39052613	22.0	35.0
18	39109841	24.0	32.0
18	39238627	21.0	41.0
18	39275655	31.0	36.0
18	39395640	28.0	40.0
18	40123758	33.0	35.0
18	40557696	22.0	32.0
18	40901725	25.0	31.0
18	41114757	20.0	34.0
18	41622087	23.0	32.0
18	43109809	35.0	37.0
18	43486930	60.0	29.0
18	44175197	55.0	34.0
18	45011639	69.0	44.0
18	45040269	56.0	34.0
18	45276047	55.0	27.0
18	45573902	26.0	71.0
18	46536982	21.0	79.0
18	47885777	46.0	18.0
18	49359426	41.0	25.0
18	49362144	42.0	35.0
18	49428327	54.0	72.0
18	49522852	52.0	47.0
18	49609086	20.0	85.0
18	49868009	44.0	58.0
18	50415995	40.0	55.0
18	50480059	27.0	50.0
18	50576151	64.0	29.0
18	50642102	40.0	28.0
18	50791764	34.0	46.0
18	50817320	34.0	27.0
18	50941282	62.0	30.0
18	51109511	49.0	36.0
18	51392771	5.0	73.0
18	51634788	26.0	93.0
18	53451293	36.0	39.0
18	55149941	53.0	32.0
18	57400736	27.0	60.0
18	59956175	54.0	27.0
18	60454597	5.0	85.0
18	61763490	25.0	79.0
18	61987089	41.0	25.0
18	63742641	35.0	54.0
18	63775028	31.0	35.0
18	63836497	35.0	30.0
18	63836498	35.0	29.0
18	63992156	66.0	29.0
18	64664758	30.0	81.0
18	64862407	50.0	32.0
18	65161046	39.0	60.0
18	65266057	13.0	44.0
18	65614422	49.0	32.0
18	66492034	37.0	56.0
18	67170145	35.0	53.0
18	67270924	15.0	45.0
18	67642928	60.0	34.0
18	68122322	25.0	62.0
18	68217753	31.0	76.0
18	68331838	24.0	58.0
18	68821522	12.0	49.0
18	69026396	10.0	43.0
18	69336713	53.0	36.0
18	70476494	26.0	57.0
18	70941023	57.0	36.0
18	71659209	28.0	45.0
18	73400161	42.0	39.0
18	74994652	35.0	63.0
18	75464209	29.0	63.0
18	75986275	62.0	33.0
18	76405293	36.0	26.0
18	76446307	44.0	31.0
18	76644444	45.0	41.0
18	76737007	44.0	28.0
18	77276866	45.0	43.0
18	77534771	46.0	33.0
18	77662196	53.0	36.0
19	712544	9.0	26.0
19	5713131	20.0	7.0
19	6891384	16.0	7.0
19	8263117	13.0	47.0
19	8797974	25.0	102.0
19	9203523	21.0	50.0
19	9482255	38.0	74.0
19	9834285	65.0	38.0
19	12376678	40.0	62.0
19	12924623	9.0	79.0
19	13552109	58.0	37.0
19	13563259	33.0	86.0
19	13835681	39.0	65.0
19	14485578	23.0	63.0
19	15221795	4.0	81.0
19	15848106	23.0	68.0
19	16019691	34.0	84.0
19	18555601	23.0	89.0
19	18970812	110.0	37.0
19	19830288	11.0	118.0
19	20438653	84.0	36.0
19	20609267	28.0	104.0
19	21053195	20.0	95.0
19	21172607	27.0	26.0
19	21866384	21.0	39.0
19	24191175	23.0	34.0
19	24513826	22.0	65.0
19	28611330	34.0	39.0
19	29473176	16.0	28.0
19	29757483	24.0	37.0
19	29817747	20.0	26.0
19	30072352	20.0	35.0
19	30118720	23.0	36.0
19	30569017	22.0	33.0
19	31346305	19.0	40.0
19	31544717	5.0	73.0
19	31619550	17.0	33.0
19	31739662	22.0	27.0
19	31908526	33.0	33.0
19	32213802	30.0	48.0
19	32408550	29.0	38.0
19	33101950	27.0	29.0
19	33178187	19.0	22.0
19	34122689	36.0	34.0
19	34490320	22.0	33.0
19	35208041	44.0	42.0
19	35783667	24.0	31.0
19	37357383	28.0	35.0
19	38414546	25.0	34.0
19	38984172	15.0	22.0
19	39350266	22.0	20.0
19	39787191	35.0	25.0
19	40191514	37.0	39.0
19	42093906	40.0	35.0
19	43403075	29.0	32.0
19	43422179	17.0	35.0
19	43589205	31.0	33.0
19	44320111	28.0	25.0
19	46329451	18.0	37.0
19	48091618	19.0	30.0
19	48127452	28.0	33.0
19	49188729	6.0	47.0
19	49800237	32.0	26.0
19	51075137	20.0	33.0
19	51356377	21.0	18.0
19	52404285	28.0	33.0
19	53365753	32.0	30.0
19	53365860	25.0	27.0
19	54990417	23.0	19.0
19	55064359	29.0	28.0
19	55654614	22.0	33.0
19	55845841	26.0	31.0
19	56401697	18.0	30.0
19	56518166	22.0	17.0
19	57587571	20.0	41.0
19	58139366	22.0	14.0
19	58316886	10.0	19.0
19	58676487	24.0	32.0
2	337172	17.0	34.0
2	708309	31.0	30.0
2	949399	30.0	33.0
2	1252829	21.0	26.0
2	1372778	32.0	25.0
2	1537185	16.0	13.0
2	2430740	27.0	45.0
2	2619696	21.0	25.0
2	2985898	25.0	31.0
2	3127876	15.0	27.0
2	3447038	25.0	20.0
2	4143659	19.0	38.0
2	5887243	25.0	27.0
2	7308997	32.0	33.0
2	7658837	25.0	24.0
2	7961006	24.0	19.0
2	8228295	6.0	40.0
2	9639189	23.0	29.0
2	10781424	29.0	29.0
2	11517310	38.0	29.0
2	11711439	29.0	40.0
2	12444134	30.0	33.0
2	13227941	34.0	27.0
2	13345907	25.0	40.0
2	13363267	42.0	30.0
2	13762404	34.0	39.0
2	13768192	30.0	35.0
2	14027593	25.0	34.0
2	14280391	26.0	30.0
2	14960707	24.0	38.0
2	14961331	11.0	33.0
2	15941935	28.0	36.0
2	16736992	28.0	32.0
2	17342090	16.0	46.0
2	17533270	29.0	31.0
2	18978693	25.0	36.0
2	19612525	24.0	35.0
2	19785896	20.0	45.0
2	20321610	24.0	35.0
2	22100672	22.0	41.0
2	22868104	30.0	35.0
2	22921498	30.0	29.0
2	23390204	22.0	41.0
2	24578292	30.0	34.0
2	24918161	27.0	45.0
2	26485993	26.0	32.0
2	26784142	24.0	27.0
2	27057980	25.0	34.0
2	27537168	19.0	39.0
2	27711663	18.0	42.0
2	28768513	22.0	27.0
2	30088336	25.0	34.0
2	34555607	24.0	40.0
2	35448213	27.0	44.0
2	36131686	8.0	32.0
2	37739311	28.0	47.0
2	42067758	6.0	58.0
2	44277874	33.0	42.0
2	45162326	22.0	25.0
2	45180877	22.0	32.0
2	47988710	21.0	31.0
2	48965604	27.0	39.0
2	49076450	26.0	30.0
2	49428618	36.0	35.0
2	49434374	26.0	33.0
2	49510735	31.0	40.0
2	49796751	20.0	26.0
2	49904981	28.0	23.0
2	50258698	26.0	43.0
2	50322926	11.0	30.0
2	51150531	26.0	60.0
2	51258105	18.0	62.0
2	51422877	63.0	36.0
2	51550218	35.0	78.0
2	52027158	30.0	40.0
2	52118912	32.0	28.0
2	54380395	22.0	27.0
2	54737785	25.0	46.0
2	55997433	10.0	26.0
2	56109098	25.0	43.0
2	56902678	30.0	47.0
2	57290814	27.0	40.0
2	57827871	28.0	30.0
2	58937364	31.0	36.0
2	58943983	29.0	29.0
2	59456493	33.0	33.0
2	59584817	14.0	38.0
2	61036739	29.0	32.0
2	61378977	30.0	28.0
2	66244079	36.0	27.0
2	66347502	37.0	45.0
2	67322844	22.0	30.0
2	67600834	30.0	39.0
2	67865953	25.0	36.0
2	72282519	17.0	28.0
2	73503781	24.0	29.0
2	74267223	21.0	30.0
2	74901700	30.0	35.0
2	76499271	25.0	21.0
2	77856334	23.0	32.0
2	78011367	33.0	33.0
2	78254139	23.0	25.0
2	78603713	37.0	32.0
2	78734741	37.0	38.0
2	78973390	19.0	40.0
2	79032083	35.0	23.0
2	79632168	29.0	32.0
2	79785454	4.0	63.0
2	80074383	26.0	35.0
2	81585381	38.0	31.0
2	81964670	26.0	41.0
2	83130587	28.0	36.0
2	83204900	26.0	31.0
2	83674213	25.0	35.0
2	84480847	22.0	31.0
2	84685403	32.0	43.0
2	85356364	12.0	47.0
2	85651099	46.0	25.0
2	86715600	23.0	34.0
2	86808267	42.0	38.0
2	88055961	13.0	63.0
2	88616260	32.0	42.0
2	89881217	26.0	73.0
2	89937287	14.0	48.0
2	90113962	20.0	25.0
2	90176730	20.0	18.0
2	91767682	27.0	423.0
2	91777218	8.0	105.0
2	92172035	3.0	26.0
2	98582948	23.0	29.0
2	98873939	4.0	47.0
2	101058350	20.0	37.0
2	104100052	18.0	26.0
2	104698852	28.0	26.0
2	105035228	24.0	31.0
2	105067744	24.0	34.0
2	107659375	26.0	38.0
2	107981182	4.0	58.0
2	109248701	30.0	41.0
2	109924029	5.0	6.0
2	109980978	27.0	42.0
2	111687642	39.0	32.0
2	111946249	5.0	70.0
2	112375661	28.0	33.0
2	113472085	19.0	29.0
2	113568474	35.0	47.0
2	113928389	25.0	31.0
2	115203501	19.0	38.0
2	115384227	32.0	28.0
2	116366809	35.0	38.0
2	116781268	22.0	32.0
2	117153939	39.0	35.0
2	117373113	26.0	39.0
2	118608652	28.0	40.0
2	119394828	29.0	31.0
2	119650286	27.0	31.0
2	119836306	5.0	50.0
2	120095244	21.0	32.0
2	120759694	39.0	47.0
2	120989365	21.0	28.0
2	121140990	25.0	25.0
2	121632773	31.0	44.0
2	122802785	24.0	25.0
2	124817340	23.0	29.0
2	124936246	35.0	25.0
2	125007862	19.0	32.0
2	125099674	33.0	30.0
2	125321835	14.0	41.0
2	125343492	30.0	36.0
2	125511161	26.0	44.0
2	125611644	20.0	38.0
2	125694733	26.0	37.0
2	126203660	21.0	43.0
2	126678270	17.0	10.0
2	127012102	18.0	33.0
2	127153692	29.0	35.0
2	128094594	5.0	42.0
2	128286799	27.0	39.0
2	131519109	20.0	31.0
2	132277558	34.0	25.0
2	133476652	37.0	39.0
2	133656746	40.0	35.0
2	134070292	28.0	48.0
2	135240798	17.0	40.0
2	138378792	26.0	36.0
2	140657518	34.0	33.0
2	140719493	26.0	30.0
2	141720052	33.0	31.0
2	142558537	26.0	20.0
2	142685526	19.0	29.0
2	142948876	20.0	27.0
2	143457320	8.0	56.0
2	144002458	20.0	33.0
2	144510500	23.0	29.0
2	145697752	29.0	26.0
2	147038076	22.0	26.0
2	148375878	19.0	30.0
2	148419852	28.0	34.0
2	150514566	23.0	40.0
2	151476321	37.0	30.0
2	152796957	35.0	33.0
2	153499875	30.0	36.0
2	154568272	5.0	71.0
2	155782749	20.0	20.0
2	155809678	24.0	44.0
2	155990578	17.0	20.0
2	156495031	31.0	44.0
2	158027277	29.0	31.0
2	158265263	20.0	35.0
2	158910627	25.0	36.0
2	159545195	16.0	46.0
2	160616512	26.0	32.0
2	161368071	22.0	32.0
2	162708345	34.0	45.0
2	163513504	28.0	34.0
2	164315047	30.0	42.0
2	164908540	23.0	35.0
2	165490829	22.0	43.0
2	165939933	28.0	32.0
2	166963909	33.0	34.0
2	167618334	11.0	36.0
2	167916396	23.0	35.0
2	168297366	29.0	48.0
2	168306180	26.0	51.0
2	168475988	21.0	33.0
2	169796397	29.0	44.0
2	169908547	31.0	31.0
2	171375327	33.0	36.0
2	171409992	32.0	48.0
2	171841573	31.0	33.0
2	176222926	34.0	24.0
2	176302975	29.0	25.0
2	176393983	30.0	29.0
2	176949208	18.0	15.0
2	178499160	19.0	16.0
2	180416961	36.0	37.0
2	182562622	28.0	27.0
2	183933870	34.0	24.0
2	184532410	34.0	31.0
2	185169867	5.0	74.0
2	185241338	23.0	40.0
2	185470004	28.0	24.0
2	185567119	6.0	69.0
2	185671899	30.0	21.0
2	185710279	14.0	35.0
2	185904583	27.0	43.0
2	186393571	46.0	32.0
2	186931682	3.0	36.0
2	187518290	30.0	36.0
2	187968489	27.0	36.0
2	189838132	5.0	68.0
2	189859516	17.0	24.0
2	189859517	16.0	25.0
2	190712422	27.0	38.0
2	190731232	34.0	29.0
2	191390102	31.0	41.0
2	191677868	29.0	47.0
2	192719445	24.0	34.0
2	192855127	14.0	30.0
2	193490877	19.0	36.0
2	193631985	20.0	39.0
2	193805665	27.0	26.0
2	193939187	29.0	49.0
2	193942701	33.0	35.0
2	194594520	22.0	34.0
2	194688669	35.0	38.0
2	194983499	24.0	31.0
2	195055845	18.0	25.0
2	195215638	19.0	33.0
2	195403143	23.0	27.0
2	195886634	25.0	36.0
2	195977137	29.0	28.0
2	196157132	24.0	37.0
2	197417380	22.0	28.0
2	197611938	35.0	30.0
2	197689786	22.0	30.0
2	197725424	32.0	36.0
2	199117111	24.0	45.0
2	199397499	25.0	35.0
2	199775510	26.0	25.0
2	201912681	26.0	26.0
2	201969709	29.0	37.0
2	202361309	33.0	31.0
2	202919402	16.0	40.0
2	203226161	31.0	27.0
2	204256036	4.0	76.0
2	205391983	41.0	30.0
2	205548010	30.0	34.0
2	206510240	29.0	35.0
2	208554485	32.0	31.0
2	208666318	27.0	34.0
2	208956561	26.0	21.0
2	210323088	25.0	32.0
2	210657723	26.0	31.0
2	211593208	32.0	28.0
2	211631880	26.0	36.0
2	214093696	53.0	43.0
2	214135866	29.0	63.0
2	214376426	56.0	29.0
2	214566203	23.0	45.0
2	215206815	32.0	40.0
2	215227165	20.0	30.0
2	216323199	5.0	62.0
2	216563743	25.0	23.0
2	217395648	32.0	41.0
2	217467007	21.0	38.0
2	219667431	29.0	42.0
2	221396599	32.0	43.0
2	223135426	7.0	63.0
2	223858773	25.0	27.0
2	224510571	28.0	25.0
2	225140949	20.0	33.0
2	226178134	26.0	48.0
2	226319490	27.0	25.0
2	226625503	29.0	36.0
2	226845166	34.0	45.0
2	227407698	14.0	41.0
2	228325924	33.0	29.0
2	230351114	32.0	32.0
2	230966241	24.0	24.0
2	232186089	34.0	33.0
2	233576324	29.0	34.0
2	233818540	28.0	40.0
2	235613241	37.0	43.0
2	236321918	27.0	31.0
2	237219584	24.0	65.0
2	237246833	48.0	25.0
2	237737763	30.0	64.0
2	239320846	23.0	41.0
2	241209632	21.0	32.0
20	837441	35.0	30.0
20	1031232	27.0	41.0
20	1321833	39.0	52.0
20	1740017	24.0	27.0
20	3142598	26.0	33.0
20	3352136	25.0	17.0
20	3394692	29.0	39.0
20	3618099	8.0	61.0
20	3706753	29.0	33.0
20	4250013	32.0	36.0
20	4781551	32.0	30.0
20	4817544	35.0	27.0
20	6194225	22.0	18.0
20	6421174	10.0	33.0
20	6430392	25.0	37.0
20	8865007	34.0	28.0
20	9051686	32.0	38.0
20	9058618	31.0	37.0
20	10112704	16.0	23.0
20	10174594	20.0	31.0
20	12049095	30.0	31.0
20	12372456	21.0	27.0
20	17290708	27.0	21.0
20	17460052	30.0	47.0
20	20732928	27.0	31.0
20	21154196	13.0	17.0
20	22541555	15.0	28.0
20	22715506	25.0	30.0
20	23166753	23.0	38.0
20	23538095	21.0	32.0
20	24532504	28.0	38.0
20	24714559	28.0	44.0
20	24896471	31.0	34.0
20	25339671	18.0	27.0
20	25418571	19.0	33.0
20	26133031	17.0	28.0
20	29816684	27.0	53.0
20	31387384	42.0	28.0
20	31915334	26.0	24.0
20	32100967	19.0	43.0
20	32189314	23.0	22.0
20	33673029	23.0	30.0
20	34046233	35.0	37.0
20	34184532	34.0	32.0
20	36188769	23.0	38.0
20	36713376	25.0	23.0
20	38655014	34.0	23.0
20	39967859	20.0	40.0
20	40911601	35.0	33.0
20	41072319	37.0	39.0
20	41171046	38.0	44.0
20	42019297	24.0	28.0
20	44798993	28.0	67.0
20	44858588	38.0	66.0
20	45604993	21.0	55.0
20	45689297	50.0	25.0
20	47196001	17.0	27.0
20	47816299	5.0	58.0
20	47983110	31.0	38.0
20	48713345	26.0	33.0
20	49048174	25.0	36.0
20	49198397	31.0	35.0
20	49840874	20.0	27.0
20	50051757	29.0	27.0
20	50460897	26.0	27.0
20	51090304	35.0	36.0
20	51107425	35.0	34.0
20	51800005	32.0	29.0
20	54268969	41.0	36.0
20	54397821	25.0	33.0
20	55792450	16.0	30.0
20	55949529	36.0	28.0
20	56277317	28.0	28.0
20	57071724	23.0	30.0
20	58151759	22.0	29.0
20	58286487	34.0	37.0
20	58486953	6.0	78.0
20	58653039	34.0	35.0
20	58865205	26.0	38.0
20	59110856	20.0	29.0
20	59235021	34.0	22.0
20	59574625	30.0	42.0
20	59915466	29.0	55.0
20	59994875	31.0	31.0
20	60202025	39.0	24.0
20	61267157	29.0	37.0
20	61811214	13.0	24.0
20	61896558	22.0	29.0
20	62656277	21.0	68.0
21	10815744	8.0	121.0
21	11042542	14.0	150.0
21	11096503	8.0	162.0
21	11180859	21.0	330.0
21	11188017	6.0	37.0
21	16059144	32.0	34.0
21	17236416	31.0	22.0
21	17670762	30.0	36.0
21	18251878	20.0	27.0
21	19483641	16.0	34.0
21	19565782	37.0	28.0
21	20952782	22.0	31.0
21	21361283	32.0	29.0
21	21557613	30.0	35.0
21	21829417	17.0	35.0
21	21870866	23.0	30.0
21	22073617	18.0	21.0
21	22573694	18.0	31.0
21	22671126	28.0	28.0
21	22799429	23.0	39.0
21	22901025	27.0	39.0
21	22931596	33.0	24.0
21	23249526	24.0	40.0
21	23272931	24.0	33.0
21	23409756	27.0	34.0
21	23454193	4.0	59.0
21	23561425	29.0	37.0
21	23582282	21.0	26.0
21	24213251	27.0	28.0
21	24276342	30.0	30.0
21	24325389	26.0	31.0
21	24550365	24.0	35.0
21	25500810	21.0	29.0
21	25524475	24.0	36.0
21	25551876	26.0	40.0
21	25610748	31.0	30.0
21	25861079	4.0	54.0
21	26747474	26.0	32.0
21	26912633	25.0	51.0
21	27664438	29.0	31.0
21	27763430	32.0	38.0
21	28035033	16.0	33.0
21	29109657	27.0	33.0
21	29518162	30.0	39.0
21	30609032	26.0	34.0
21	30722812	22.0	27.0
21	30767890	24.0	29.0
21	31728527	16.0	32.0
21	32442935	30.0	35.0
21	32676621	32.0	29.0
21	32701686	21.0	34.0
21	32997078	37.0	27.0
21	33219385	31.0	25.0
21	33880178	25.0	26.0
21	35395936	32.0	37.0
21	36807250	34.0	31.0
21	38318743	29.0	32.0
21	39310200	22.0	31.0
21	40999494	5.0	54.0
21	41887216	30.0	37.0
21	42408232	30.0	26.0
21	43192238	23.0	42.0
21	43778560	26.0	35.0
21	45124928	24.0	37.0
21	45159045	18.0	27.0
21	45377872	30.0	62.0
21	47043930	24.0	20.0
21	47645240	30.0	27.0
22	17198000	26.0	39.0
22	19096379	32.0	38.0
22	21407909	30.0	35.0
22	22147281	34.0	46.0
22	24651389	21.0	34.0
22	25264953	26.0	32.0
22	26636814	30.0	22.0
22	26637921	22.0	33.0
22	26805392	17.0	23.0
22	27298079	19.0	27.0
22	27682311	25.0	27.0
22	27991384	33.0	39.0
22	28520282	28.0	41.0
22	30465325	38.0	38.0
22	30686054	23.0	28.0
22	31143833	38.0	40.0
22	31222745	18.0	36.0
22	31274350	33.0	28.0
22	31663957	19.0	37.0
22	34473709	24.0	39.0
22	35452602	30.0	28.0
22	35555900	21.0	35.0
22	35609079	31.0	18.0
22	35752733	3.0	39.0
22	36310798	37.0	36.0
22	36358319	33.0	36.0
22	36619408	33.0	41.0
22	37086244	29.0	26.0
22	37755549	32.0	36.0
22	38048431	31.0	31.0
22	38135735	19.0	32.0
22	40734784	28.0	32.0
22	40930311	35.0	98.0
22	41086482	29.0	61.0
22	41959850	6.0	25.0
22	44970886	24.0	73.0
22	44984776	31.0	64.0
22	45143792	30.0	85.0
22	45159643	25.0	50.0
22	45183788	15.0	29.0
22	45202458	32.0	45.0
22	45205170	22.0	59.0
22	45226999	40.0	47.0
22	45231384	36.0	37.0
22	45984501	3.0	24.0
22	48411982	27.0	6.0
22	48523391	35.0	7.0
22	48712821	22.0	4.0
22	48806156	29.0	14.0
22	50086028	25.0	6.0
22	51164111	9.0	6.0
3	912880	41.0	22.0
3	1032408	6.0	70.0
3	1159990	18.0	26.0
3	1205901	27.0	31.0
3	1226415	28.0	29.0
3	1267704	27.0	32.0
3	1589477	34.0	42.0
3	1688734	24.0	26.0
3	1801158	19.0	29.0
3	1812283	30.0	34.0
3	2537268	31.0	32.0
3	2808597	23.0	37.0
3	2895175	27.0	38.0
3	2936632	25.0	40.0
3	3730801	25.0	32.0
3	4214342	32.0	41.0
3	4889172	20.0	27.0
3	6298982	4.0	62.0
3	6594476	29.0	43.0
3	7271748	12.0	24.0
3	7692302	31.0	39.0
3	8585757	29.0	37.0
3	9030786	12.0	82.0
3	9048161	23.0	84.0
3	9090215	17.0	55.0
3	10028551	16.0	27.0
3	10560994	44.0	38.0
3	10907158	21.0	35.0
3	11468323	28.0	34.0
3	11910313	23.0	26.0
3	11999123	18.0	27.0
3	12003887	31.0	26.0
3	12938288	24.0	26.0
3	13264073	28.0	32.0
3	13837550	25.0	22.0
3	13941618	27.0	32.0
3	14598527	26.0	26.0
3	15903382	32.0	33.0
3	16105996	16.0	20.0
3	17868308	33.0	35.0
3	17946688	21.0	34.0
3	18263897	23.0	20.0
3	18954946	32.0	32.0
3	19035390	14.0	28.0
3	19609217	31.0	29.0
3	19652580	28.0	23.0
3	19664945	35.0	32.0
3	20159797	10.0	15.0
3	20188965	32.0	37.0
3	20906053	23.0	30.0
3	21274467	30.0	30.0
3	22136374	32.0	37.0
3	23463341	4.0	55.0
3	24829599	25.0	29.0
3	25218623	33.0	41.0
3	25900864	21.0	31.0
3	25971930	31.0	44.0
3	27037744	36.0	39.0
3	28054568	24.0	41.0
3	29167700	29.0	24.0
3	29204993	23.0	40.0
3	29567969	13.0	18.0
3	30747804	28.0	38.0
3	30766171	24.0	45.0
3	31875731	4.0	65.0
3	33264328	32.0	43.0
3	34883367	38.0	36.0
3	35232882	21.0	39.0
3	35636489	33.0	26.0
3	35736769	32.0	29.0
3	35764053	17.0	28.0
3	36119279	22.0	31.0
3	38311847	38.0	40.0
3	38730078	38.0	41.0
3	40702242	28.0	24.0
3	41576775	16.0	27.0
3	42361200	25.0	39.0
3	43862472	28.0	35.0
3	44030183	22.0	29.0
3	44304769	38.0	36.0
3	44541759	26.0	32.0
3	45904531	28.0	44.0
3	47302088	42.0	35.0
3	47725603	10.0	8.0
3	48872497	28.0	32.0
3	49276001	27.0	38.0
3	50578826	23.0	31.0
3	50614202	38.0	37.0
3	51168601	24.0	37.0
3	51873704	29.0	93.0
3	52047247	29.0	55.0
3	52249229	22.0	51.0
3	52325750	31.0	69.0
3	52330836	26.0	60.0
3	53110856	34.0	71.0
3	53661904	17.0	59.0
3	53971997	23.0	36.0
3	54238727	35.0	34.0
3	54811181	31.0	30.0
3	55234430	31.0	23.0
3	58856343	14.0	30.0
3	59288476	17.0	30.0
3	60295733	34.0	40.0
3	61648997	27.0	31.0
3	62487417	32.0	38.0
3	62582850	4.0	72.0
3	62739736	5.0	61.0
3	62740763	10.0	49.0
3	63577600	17.0	27.0
3	63762652	28.0	25.0
3	65876224	28.0	30.0
3	66760553	23.0	41.0
3	67121229	15.0	32.0
3	68628555	25.0	31.0
3	71241799	27.0	30.0
3	72794000	22.0	36.0
3	73741922	33.0	35.0
3	74565156	20.0	31.0
3	75165759	24.0	28.0
3	75906093	29.0	33.0
3	76117233	23.0	30.0
3	76374353	23.0	43.0
3	76939848	22.0	42.0
3	77006281	30.0	27.0
3	79773596	28.0	38.0
3	79847586	16.0	37.0
3	80450615	22.0	29.0
3	81046642	25.0	41.0
3	82947219	22.0	43.0
3	82989912	41.0	37.0
3	83425965	22.0	35.0
3	83705169	27.0	37.0
3	83762215	37.0	29.0
3	84185277	28.0	35.0
3	84213790	21.0	33.0
3	84214407	6.0	79.0
3	84359078	21.0	26.0
3	84447929	29.0	37.0
3	84520084	7.0	31.0
3	84546431	31.0	31.0
3	84688172	17.0	31.0
3	84874376	34.0	23.0
3	85734230	22.0	29.0
3	86848315	32.0	32.0
3	87102383	6.0	16.0
3	88029688	3.0	41.0
3	88521356	24.0	40.0
3	88792348	30.0	28.0
3	89250465	26.0	26.0
3	89705143	27.0	37.0
3	89996149	3.0	41.0
3	93682288	28.0	35.0
3	93946813	2.0	33.0
3	93946814	3.0	32.0
3	93946815	3.0	32.0
3	95146230	24.0	36.0
3	95686266	17.0	31.0
3	95700774	29.0	43.0
3	95745103	18.0	37.0
3	97124864	32.0	39.0
3	97396522	15.0	16.0
3	98261915	4.0	52.0
3	98837978	25.0	27.0
3	98890900	28.0	24.0
3	99702675	32.0	33.0
3	99842319	24.0	43.0
3	100423099	37.0	40.0
3	101196907	26.0	34.0
3	101799667	21.0	23.0
3	102025374	28.0	31.0
3	102629124	31.0	33.0
3	103710356	18.0	37.0
3	104410711	25.0	31.0
3	104869550	24.0	29.0
3	106872137	21.0	38.0
3	107145685	34.0	39.0
3	107641101	29.0	33.0
3	108226736	32.0	36.0
3	108273088	34.0	39.0
3	110607139	30.0	44.0
3	111134130	30.0	30.0
3	112642991	39.0	35.0
3	112960151	32.0	26.0
3	114053982	26.0	34.0
3	114869481	27.0	42.0
3	114999116	32.0	35.0
3	115095994	6.0	71.0
3	115317935	13.0	49.0
3	115375904	30.0	35.0
3	115476569	29.0	31.0
3	119003693	36.0	35.0
3	119042835	17.0	31.0
3	121267937	34.0	36.0
3	121667738	21.0	24.0
3	123821882	34.0	33.0
3	124393871	28.0	30.0
3	125466820	15.0	32.0
3	125773079	29.0	31.0
3	126519771	33.0	36.0
3	126965061	34.0	40.0
3	128709735	30.0	27.0
3	129045907	32.0	35.0
3	129603710	26.0	29.0
3	131265745	21.0	37.0
3	131483354	32.0	32.0
3	132006986	37.0	34.0
3	132192743	33.0	39.0
3	132347672	33.0	39.0
3	133435787	23.0	34.0
3	135449866	28.0	28.0
3	136034484	18.0	39.0
3	136880683	32.0	45.0
3	137782701	18.0	24.0
3	138583986	27.0	34.0
3	139895935	26.0	41.0
3	139934815	3.0	45.0
3	140734127	32.0	40.0
3	141178674	25.0	42.0
3	144686921	28.0	29.0
3	145195703	18.0	49.0
3	145407641	6.0	47.0
3	146167823	27.0	34.0
3	147727979	22.0	30.0
3	148573804	31.0	38.0
3	148998092	35.0	39.0
3	150506684	23.0	47.0
3	152516853	24.0	39.0
3	153681441	6.0	55.0
3	154137647	31.0	28.0
3	154505899	24.0	34.0
3	154511114	33.0	42.0
3	156758611	27.0	29.0
3	157099326	36.0	25.0
3	157282932	27.0	33.0
3	157393854	23.0	23.0
3	157645512	18.0	23.0
3	159220273	20.0	31.0
3	159766563	27.0	27.0
3	160415209	53.0	30.0
3	161727401	29.0	41.0
3	162032650	27.0	53.0
3	162435259	22.0	29.0
3	162622670	33.0	37.0
3	163172017	31.0	30.0
3	163227757	23.0	27.0
3	163913813	21.0	30.0
3	163985891	8.0	15.0
3	164708699	20.0	49.0
3	164753860	65.0	21.0
3	164962415	58.0	34.0
3	165608324	65.0	28.0
3	166859557	16.0	24.0
3	167019562	23.0	24.0
3	167278250	32.0	28.0
3	168031487	33.0	83.0
3	168259181	6.0	89.0
3	168780762	63.0	87.0
3	168928400	20.0	93.0
3	169282906	49.0	30.0
3	170214497	4.0	58.0
3	170923575	18.0	28.0
3	172161822	35.0	29.0
3	174110119	34.0	31.0
3	174171971	24.0	39.0
3	174350937	16.0	35.0
3	176353834	29.0	32.0
3	177061298	36.0	32.0
3	177775660	40.0	25.0
3	178406947	29.0	42.0
3	178544765	26.0	31.0
3	178551067	27.0	28.0
3	178916944	41.0	32.0
3	179061635	23.0	30.0
3	179121312	28.0	23.0
3	179247321	20.0	30.0
3	179722763	29.0	33.0
3	181078412	21.0	35.0
3	181520996	23.0	33.0
3	181738614	25.0	48.0
3	181848719	27.0	26.0
3	181962081	38.0	29.0
3	184097378	16.0	22.0
3	184159212	8.0	42.0
3	185252401	27.0	36.0
3	189168416	24.0	29.0
3	190579197	24.0	31.0
3	190585971	36.0	43.0
3	191661335	33.0	41.0
3	192923880	54.0	26.0
3	193011108	20.0	65.0
3	193202408	61.0	24.0
3	194145780	26.0	69.0
3	195608295	2.0	58.0
3	196126222	17.0	57.0
3	197673220	31.0	43.0
4	1650430	23.0	3.0
4	7124822	30.0	7.0
4	8034685	33.0	3.0
4	8142958	31.0	5.0
4	8337792	16.0	3.0
4	8834801	19.0	3.0
4	9456058	6.0	7.0
4	9730487	29.0	7.0
4	10022871	15.0	5.0
4	10123657	21.0	6.0
4	13937277	21.0	5.0
4	14581561	36.0	4.0
4	14824663	27.0	9.0
4	16016862	24.0	6.0
4	16091822	31.0	6.0
4	17455317	3.0	29.0
4	21604463	3.0	36.0
4	24252026	32.0	6.0
4	24576665	19.0	4.0
4	25028226	27.0	4.0
4	25192236	16.0	5.0
4	25962258	22.0	5.0
4	26340987	7.0	29.0
4	30335860	32.0	5.0
4	30569016	22.0	6.0
4	31200864	26.0	10.0
4	31204267	4.0	31.0
4	32375792	31.0	5.0
4	33606879	22.0	6.0
4	34041499	14.0	1.0
4	35784943	27.0	4.0
4	37267677	27.0	4.0
4	37958974	26.0	6.0
4	38775102	36.0	5.0
4	39909938	29.0	3.0
4	40822628	21.0	7.0
4	42931656	24.0	4.0
4	43345310	15.0	3.0
4	43959558	22.0	8.0
4	44204502	29.0	11.0
4	44614010	30.0	8.0
4	46165605	25.0	7.0
4	46525261	30.0	9.0
4	46919735	30.0	10.0
4	52678949	25.0	252.0
4	52807239	4.0	53.0
4	53203317	26.0	40.0
4	54327480	27.0	38.0
4	56070550	23.0	37.0
4	56976706	27.0	26.0
4	57038161	17.0	13.0
4	57705073	20.0	31.0
4	57845859	17.0	36.0
4	58421461	19.0	18.0
4	58783368	30.0	42.0
4	59650264	25.0	40.0
4	61204281	23.0	31.0
4	62830150	28.0	31.0
4	62944635	21.0	38.0
4	63004049	24.0	30.0
4	63269603	21.0	30.0
4	63535433	29.0	44.0
4	64669931	27.0	21.0
4	65207711	34.0	26.0
4	65332919	19.0	33.0
4	65560077	31.0	27.0
4	66063551	31.0	20.0
4	66128267	34.0	40.0
4	66322416	25.0	26.0
4	66454247	21.0	37.0
4	66461343	16.0	14.0
4	66839005	27.0	43.0
4	66845417	23.0	26.0
4	67154718	31.0	35.0
4	68957724	6.0	26.0
4	69100959	20.0	37.0
4	69385455	26.0	36.0
4	69963708	24.0	34.0
4	70818412	25.0	38.0
4	71241796	27.0	25.0
4	71678630	24.0	37.0
4	71930208	34.0	36.0
4	72454882	8.0	51.0
4	72696606	27.0	42.0
4	72744053	19.0	24.0
4	72829273	32.0	24.0
4	73057867	28.0	38.0
4	73894498	28.0	36.0
4	74602728	40.0	50.0
4	76186356	38.0	37.0
4	77158272	13.0	28.0
4	78077202	27.0	37.0
4	78203069	24.0	31.0
4	78375033	15.0	38.0
4	79408244	18.0	27.0
4	80035288	41.0	34.0
4	80651818	5.0	52.0
4	81224380	27.0	30.0
4	82128531	24.0	38.0
4	82215605	37.0	45.0
4	82789122	33.0	35.0
4	83078759	9.0	44.0
4	83928798	24.0	23.0
4	84420686	21.0	25.0
4	84540682	11.0	66.0
4	88143991	25.0	29.0
4	88473762	32.0	40.0
4	88553454	29.0	27.0
4	89192371	38.0	27.0
4	90404608	25.0	31.0
4	91059668	30.0	38.0
4	92809977	23.0	24.0
4	92972714	25.0	33.0
4	93552919	33.0	37.0
4	93885004	34.0	34.0
4	94268181	27.0	27.0
4	94510171	27.0	16.0
4	97680276	34.0	32.0
4	97891011	25.0	26.0
4	98708114	25.0	35.0
4	100364169	30.0	39.0
4	100622882	32.0	34.0
4	100682817	28.0	31.0
4	101305999	23.0	38.0
4	101949917	25.0	36.0
4	101970619	36.0	40.0
4	104278189	29.0	31.0
4	104294142	27.0	40.0
4	104572257	24.0	18.0
4	104576125	27.0	35.0
4	104767357	25.0	42.0
4	104816498	24.0	28.0
4	104816499	24.0	28.0
4	104892796	32.0	30.0
4	104898525	17.0	27.0
4	105320800	27.0	35.0
4	107150179	34.0	37.0
4	107481438	7.0	58.0
4	107481439	7.0	58.0
4	107770421	6.0	11.0
4	109833130	25.0	35.0
4	111447728	27.0	35.0
4	111812496	32.0	41.0
4	112065710	28.0	27.0
4	113266834	27.0	37.0
4	113706884	13.0	37.0
4	114651557	30.0	36.0
4	115172283	23.0	47.0
4	115652303	26.0	25.0
4	115867851	20.0	29.0
4	116502906	22.0	21.0
4	117037650	25.0	34.0
4	117099133	4.0	45.0
4	117188504	23.0	46.0
4	117370262	24.0	34.0
4	117948687	19.0	31.0
4	118120211	30.0	29.0
4	118634148	33.0	28.0
4	120159705	33.0	28.0
4	121169570	35.0	34.0
4	121735667	37.0	33.0
4	121807536	31.0	35.0
4	124838388	36.0	40.0
4	126368398	26.0	40.0
4	127353391	28.0	28.0
4	128402337	28.0	29.0
4	128501327	22.0	35.0
4	130373132	26.0	35.0
4	130547085	23.0	34.0
4	131552704	21.0	44.0
4	131601503	17.0	28.0
4	131984724	33.0	30.0
4	132018543	26.0	40.0
4	132066364	26.0	25.0
4	132456525	26.0	31.0
4	133513918	21.0	17.0
4	133635183	27.0	26.0
4	134510890	7.0	62.0
4	134638286	33.0	36.0
4	134771097	25.0	31.0
4	136822982	25.0	36.0
4	137079270	22.0	41.0
4	137368285	22.0	29.0
4	137835139	33.0	34.0
4	138147142	28.0	28.0
4	138601914	24.0	31.0
4	143915172	31.0	33.0
4	144862805	29.0	27.0
4	145346614	38.0	30.0
4	146401368	29.0	31.0
4	147047469	28.0	45.0
4	147767945	28.0	38.0
4	148083492	6.0	50.0
4	149187327	18.0	34.0
4	149652468	21.0	37.0
4	150623332	26.0	30.0
4	152588816	30.0	41.0
4	153033151	12.0	16.0
4	154466760	19.0	42.0
4	154616116	28.0	32.0
4	155703986	32.0	41.0
4	155998576	26.0	21.0
4	161019087	4.0	73.0
4	161277929	4.0	41.0
4	161862283	21.0	19.0
4	162188268	28.0	41.0
4	162476290	25.0	33.0
4	162731227	8.0	52.0
4	163308624	25.0	19.0
4	163490996	24.0	17.0
4	163633770	26.0	22.0
4	163890225	30.0	34.0
4	164117936	6.0	57.0
4	164117937	5.0	56.0
4	164272660	21.0	24.0
4	165035396	22.0	27.0
4	165325861	30.0	43.0
4	165373955	27.0	34.0
4	165407384	21.0	35.0
4	165594412	24.0	42.0
4	165640513	31.0	43.0
4	165918468	23.0	37.0
4	166080955	7.0	56.0
4	166405890	25.0	33.0
4	166932652	28.0	47.0
4	170959718	28.0	41.0
4	171249956	37.0	38.0
4	171421336	29.0	35.0
4	171597519	20.0	28.0
4	172013896	33.0	39.0
4	172383260	21.0	24.0
4	173191038	24.0	25.0
4	173844880	20.0	39.0
4	174124062	29.0	43.0
4	174663362	47.0	23.0
4	174960934	10.0	9.0
4	175109707	20.0	32.0
4	175905050	21.0	21.0
4	175929504	31.0	38.0
4	176944664	21.0	24.0
4	178472572	28.0	28.0
4	179533926	27.0	34.0
4	179536875	4.0	55.0
4	181034356	20.0	24.0
4	181977268	24.0	38.0
4	183649540	22.0	40.0
4	183741596	30.0	28.0
4	183839895	3.0	38.0
4	184170379	29.0	37.0
4	184357384	17.0	26.0
4	185250430	31.0	32.0
4	186062602	30.0	34.0
4	186704938	23.0	28.0
4	186846693	30.0	31.0
4	187440198	28.0	27.0
4	187683276	21.0	34.0
4	187712707	13.0	25.0
4	187764325	38.0	27.0
4	188306462	27.0	46.0
4	188693062	25.0	31.0
4	188799007	24.0	32.0
4	188923070	21.0	30.0
4	189140884	21.0	31.0
4	189156370	21.0	40.0
4	189828143	5.0	53.0
4	190242817	34.0	33.0
5	987555	32.0	34.0
5	992292	21.0	28.0
5	1136386	29.0	29.0
5	2016608	30.0	35.0
5	2125945	26.0	31.0
5	2312965	17.0	17.0
5	2522508	28.0	35.0
5	2619135	19.0	28.0
5	2667458	25.0	36.0
5	2795201	27.0	28.0
5	2842034	10.0	56.0
5	3056451	30.0	26.0
5	3123581	23.0	30.0
5	3179692	27.0	35.0
5	3470296	20.0	37.0
5	3968142	27.0	32.0
5	4346991	19.0	33.0
5	4540382	26.0	19.0
5	4829726	19.0	42.0
5	5111969	26.0	47.0
5	5129820	27.0	25.0
5	5549898	29.0	22.0
5	6083796	28.0	30.0
5	6162630	21.0	37.0
5	6563307	33.0	39.0
5	6937668	19.0	24.0
5	7476776	18.0	31.0
5	8102172	32.0	44.0
5	8263644	28.0	23.0
5	8440817	5.0	67.0
5	8670612	35.0	44.0
5	9132152	19.0	33.0
5	11453713	34.0	28.0
5	12172557	25.0	50.0
5	12365080	22.0	33.0
5	13610667	4.0	65.0
5	14397557	18.0	45.0
5	14854970	21.0	42.0
5	15885869	15.0	39.0
5	16228944	28.0	39.0
5	16357450	24.0	73.0
5	16357452	24.0	73.0
5	17235896	32.0	31.0
5	17243725	32.0	29.0
5	17707439	28.0	25.0
5	17745371	21.0	32.0
5	18015512	30.0	27.0
5	18626579	37.0	33.0
5	19002944	31.0	30.0
5	19139744	31.0	36.0
5	20634500	28.0	32.0
5	21242232	26.0	38.0
5	21737235	25.0	28.0
5	21861207	22.0	52.0
5	22094582	25.0	34.0
5	22313897	20.0	19.0
5	22657870	32.0	37.0
5	22712647	26.0	38.0
5	23361666	36.0	30.0
5	24521516	21.0	28.0
5	24523044	27.0	31.0
5	24655598	22.0	30.0
5	24762701	23.0	28.0
5	24953918	24.0	24.0
5	25149252	33.0	34.0
5	25235088	19.0	33.0
5	25314444	27.0	36.0
5	25678730	25.0	33.0
5	25760186	16.0	36.0
5	25848005	23.0	31.0
5	26180705	21.0	40.0
5	26476529	22.0	32.0
5	26671398	31.0	27.0
5	26698943	32.0	31.0
5	27576420	22.0	31.0
5	27753048	30.0	32.0
5	27870917	14.0	24.0
5	27921140	23.0	33.0
5	28134385	35.0	27.0
5	28195071	24.0	30.0
5	28302520	32.0	28.0
5	28466708	25.0	28.0
5	28999940	24.0	30.0
5	29071972	24.0	26.0
5	29268392	33.0	44.0
5	29695756	12.0	28.0
5	30160727	34.0	36.0
5	30243615	31.0	51.0
5	30288236	28.0	42.0
5	30593680	25.0	33.0
5	31661366	26.0	36.0
5	32384844	29.0	34.0
5	33033986	30.0	32.0
5	33299778	31.0	41.0
5	34121263	31.0	33.0
5	35459513	28.0	42.0
5	35552925	24.0	28.0
5	35603812	4.0	56.0
5	35629989	30.0	36.0
5	36874500	22.0	36.0
5	39518032	18.0	35.0
5	40206879	26.0	33.0
5	40455562	23.0	31.0
5	41045540	37.0	39.0
5	41712119	24.0	31.0
5	41783478	25.0	37.0
5	43006659	19.0	36.0
5	45053072	22.0	39.0
5	45862781	24.0	48.0
5	45904172	11.0	18.0
5	46186477	20.0	68.0
5	50760339	24.0	35.0
5	51290335	31.0	43.0
5	51523776	4.0	55.0
5	51850113	27.0	40.0
5	52152395	28.0	33.0
5	52483258	5.0	50.0
5	53145464	6.0	42.0
5	53430599	20.0	26.0
5	54246381	29.0	26.0
5	54357346	23.0	26.0
5	54850743	29.0	46.0
5	55059647	31.0	35.0
5	56122927	25.0	28.0
5	56797686	30.0	29.0
5	57093570	31.0	44.0
5	57152761	37.0	38.0
5	57608058	25.0	32.0
5	59211028	27.0	29.0
5	59953630	31.0	31.0
5	62835498	4.0	70.0
5	64208515	27.0	38.0
5	64333443	27.0	44.0
5	65528720	26.0	33.0
5	66894957	16.0	43.0
5	66925117	27.0	41.0
5	68864202	3.0	30.0
5	72021359	29.0	37.0
5	72430195	32.0	34.0
5	72470983	39.0	39.0
5	73400562	75.0	38.0
5	73878391	30.0	37.0
5	73997039	21.0	37.0
5	75200366	31.0	37.0
5	75271699	30.0	34.0
5	76062389	22.0	16.0
5	76424344	30.0	43.0
5	77493587	39.0	32.0
5	77638298	30.0	30.0
5	78001646	21.0	27.0
5	80679321	6.0	71.0
5	82014798	24.0	34.0
5	82199602	30.0	33.0
5	83038369	34.0	34.0
5	83985318	28.0	21.0
5	84278379	32.0	35.0
5	84329875	26.0	27.0
5	84577862	27.0	27.0
5	86181194	27.0	36.0
5	86371577	24.0	36.0
5	87596898	32.0	37.0
5	88275855	17.0	26.0
5	89130607	32.0	31.0
5	89143375	23.0	43.0
5	89179229	5.0	55.0
5	91084759	40.0	30.0
5	92437830	23.0	30.0
5	93114838	13.0	21.0
5	93360785	15.0	66.0
5	93360787	15.0	67.0
5	94115573	26.0	39.0
5	94253858	4.0	47.0
5	94480422	26.0	39.0
5	95732293	29.0	19.0
5	96112439	26.0	38.0
5	97299128	28.0	21.0
5	97695179	9.0	47.0
5	99120866	33.0	25.0
5	99164305	30.0	32.0
5	100266624	27.0	41.0
5	100508530	19.0	27.0
5	101308338	29.0	42.0
5	101546427	32.0	43.0
5	102905329	22.0	26.0
5	103552232	26.0	35.0
5	103809473	22.0	26.0
5	103925023	19.0	33.0
5	104457465	29.0	31.0
5	104594921	24.0	23.0
5	105406445	19.0	29.0
5	106410691	28.0	32.0
5	107609993	23.0	38.0
5	107883387	22.0	27.0
5	107941678	33.0	36.0
5	109969873	25.0	38.0
5	112379400	22.0	23.0
5	113207819	30.0	42.0
5	113924261	32.0	38.0
5	117552303	40.0	51.0
5	117961880	31.0	39.0
5	118673245	35.0	36.0
5	119224385	25.0	36.0
5	121394972	18.0	53.0
5	121538988	24.0	68.0
5	121637650	28.0	29.0
5	122283365	26.0	22.0
5	122314322	34.0	36.0
5	124105692	32.0	39.0
5	124900242	17.0	35.0
5	124969594	20.0	29.0
5	126504946	42.0	21.0
5	126683760	26.0	66.0
5	126806737	26.0	51.0
5	126950186	23.0	53.0
5	127382017	27.0	51.0
5	127566104	30.0	32.0
5	127791905	33.0	37.0
5	128393162	32.0	31.0
5	128658180	26.0	55.0
5	129465848	24.0	35.0
5	130383419	31.0	35.0
5	130739057	20.0	32.0
5	131217522	32.0	39.0
5	131288512	22.0	40.0
5	133261858	25.0	32.0
5	133619457	34.0	29.0
5	133668532	35.0	32.0
5	135455207	35.0	30.0
5	136352391	29.0	26.0
5	136447956	23.0	30.0
5	137337515	22.0	34.0
5	138039262	35.0	47.0
5	139659126	22.0	31.0
5	140028043	26.0	35.0
5	140216005	12.0	31.0
5	142769839	27.0	20.0
5	143106568	27.0	29.0
5	143677225	30.0	34.0
5	144134857	24.0	36.0
5	144173219	21.0	29.0
5	144377017	20.0	42.0
5	144654725	21.0	42.0
5	144752292	20.0	24.0
5	146989919	43.0	33.0
5	147653029	30.0	47.0
5	147696552	17.0	36.0
5	148198989	18.0	34.0
5	149164256	15.0	20.0
5	149572347	27.0	31.0
5	149721772	55.0	28.0
5	151135482	19.0	20.0
5	151238940	31.0	35.0
5	151278080	25.0	38.0
5	151594628	29.0	43.0
5	152064202	21.0	35.0
5	152222922	21.0	36.0
5	152402201	31.0	32.0
5	152440226	35.0	27.0
5	152658682	21.0	34.0
5	152926834	25.0	39.0
5	153894468	31.0	38.0
5	155077874	30.0	31.0
5	157099748	18.0	39.0
5	157380129	23.0	41.0
5	157895491	28.0	28.0
5	157932675	26.0	48.0
5	157934334	28.0	34.0
5	159299209	23.0	28.0
5	159552854	20.0	38.0
5	160710598	19.0	30.0
5	160979758	29.0	42.0
5	161309118	27.0	27.0
5	161362125	3.0	38.0
5	161465320	21.0	30.0
5	161732343	26.0	34.0
5	161799482	25.0	29.0
5	161886473	32.0	39.0
5	162345275	35.0	31.0
5	162530457	22.0	24.0
5	162945356	25.0	26.0
5	163119340	20.0	36.0
5	163831905	28.0	34.0
5	164240913	34.0	39.0
5	164658146	21.0	33.0
5	164763330	21.0	27.0
5	164847003	36.0	32.0
5	164880712	19.0	27.0
5	165192029	27.0	30.0
5	165747333	25.0	38.0
5	165887871	25.0	38.0
5	165921431	19.0	21.0
5	165964039	18.0	37.0
5	166126808	32.0	31.0
5	166170238	22.0	25.0
5	166351081	31.0	31.0
5	166972640	22.0	30.0
5	168859254	23.0	26.0
5	168859255	23.0	25.0
5	169291159	28.0	25.0
5	169363233	25.0	37.0
5	170898224	25.0	39.0
5	172171987	23.0	37.0
5	172797925	29.0	30.0
5	173279747	45.0	77.0
5	173624200	51.0	96.0
5	174552441	30.0	75.0
5	174569752	29.0	77.0
5	174995532	27.0	15.0
5	175831214	42.0	51.0
5	175973618	29.0	81.0
5	176637232	61.0	34.0
5	177269206	24.0	47.0
5	178181607	52.0	39.0
5	178367023	39.0	25.0
5	178619918	25.0	69.0
5	178718912	26.0	56.0
5	180177770	26.0	98.0
6	334092	30.0	97.0
6	360094	30.0	91.0
6	1875546	5.0	37.0
6	3052124	24.0	43.0
6	4320567	8.0	63.0
6	8367764	7.0	57.0
6	9355617	26.0	27.0
6	9580082	4.0	67.0
6	11905278	28.0	31.0
6	12416383	17.0	40.0
6	14363949	24.0	33.0
6	15230733	12.0	28.0
6	16246625	22.0	36.0
6	16871062	29.0	31.0
6	17033847	38.0	26.0
6	17632445	35.0	30.0
6	17662097	23.0	30.0
6	18616719	29.0	35.0
6	19307246	25.0	27.0
6	20380032	25.0	29.0
6	20664762	35.0	42.0
6	21099092	21.0	28.0
6	21099094	19.0	27.0
6	21954796	27.0	26.0
6	22229697	33.0	36.0
6	22726333	24.0	41.0
6	23810206	20.0	35.0
6	24610886	9.0	43.0
6	24744287	28.0	25.0
6	25191995	20.0	31.0
6	26756667	36.0	32.0
6	26798705	18.0	37.0
6	27092663	24.0	18.0
6	27569701	4.0	61.0
6	27703174	22.0	24.0
6	27821962	25.0	32.0
6	28497279	28.0	34.0
6	28626097	24.0	26.0
6	29100167	19.0	32.0
6	29476802	22.0	30.0
6	29711849	33.0	18.0
6	30423760	33.0	37.0
6	30647119	8.0	34.0
6	30840853	24.0	38.0
6	30943021	27.0	37.0
6	32737647	4.0	72.0
6	33721947	34.0	28.0
6	34692413	29.0	33.0
6	36508680	32.0	38.0
6	36607417	30.0	37.0
6	37133137	22.0	20.0
6	37267531	22.0	35.0
6	38252062	28.0	29.0
6	38373779	17.0	30.0
6	38680024	23.0	26.0
6	39232772	20.0	25.0
6	40095091	31.0	35.0
6	40568814	23.0	23.0
6	41407979	13.0	15.0
6	42679808	38.0	32.0
6	44650979	25.0	38.0
6	45378470	28.0	41.0
6	45797424	29.0	34.0
6	45871163	27.0	33.0
6	45996998	32.0	39.0
6	49172313	27.0	25.0
6	49494259	26.0	24.0
6	50166609	22.0	31.0
6	50464626	17.0	35.0
6	51232192	30.0	40.0
6	51257970	25.0	36.0
6	51315198	28.0	47.0
6	51503025	56.0	35.0
6	51585147	27.0	40.0
6	52073609	28.0	27.0
6	53083554	11.0	53.0
6	54141965	30.0	36.0
6	54363541	26.0	34.0
6	55640772	19.0	22.0
6	56666598	15.0	20.0
6	57099056	34.0	31.0
6	57656802	7.0	20.0
6	58674376	23.0	41.0
6	64462794	23.0	34.0
6	64676790	25.0	32.0
6	65450175	22.0	37.0
6	67252146	24.0	32.0
6	67288619	33.0	34.0
6	67705489	29.0	22.0
6	68398510	22.0	36.0
6	69666219	20.0	30.0
6	70079601	25.0	20.0
6	70280373	29.0	46.0
6	71348163	33.0	31.0
6	71798260	27.0	24.0
6	72652639	25.0	36.0
6	72860046	38.0	34.0
6	75023799	28.0	27.0
6	77880780	22.0	47.0
6	78413602	29.0	29.0
6	78496693	41.0	26.0
6	78719379	24.0	39.0
6	78929305	36.0	30.0
6	79141431	4.0	53.0
6	79337910	25.0	42.0
6	79905842	36.0	45.0
6	80703825	23.0	35.0
6	81142873	21.0	42.0
6	81878135	22.0	26.0
6	82115888	7.0	58.0
6	82133250	31.0	33.0
6	82816925	12.0	19.0
6	83303082	31.0	37.0
6	84378691	41.0	62.0
6	84550282	19.0	57.0
6	85016435	30.0	35.0
6	85083657	26.0	28.0
6	87094448	25.0	20.0
6	87527103	27.0	33.0
6	87991185	28.0	28.0
6	92401582	26.0	81.0
6	92479121	27.0	28.0
6	92830425	17.0	23.0
6	93200439	26.0	24.0
6	93257714	25.0	36.0
6	94990259	27.0	26.0
6	96120473	29.0	25.0
6	96355618	20.0	37.0
6	96716374	20.0	39.0
6	97311978	28.0	38.0
6	98333954	25.0	35.0
6	98433487	34.0	30.0
6	98551371	21.0	30.0
6	99509643	40.0	32.0
6	100695761	27.0	33.0
6	101416654	22.0	33.0
6	101428170	33.0	34.0
6	101715720	22.0	27.0
6	102387265	28.0	33.0
6	102523945	31.0	35.0
6	103470617	35.0	45.0
6	103474906	26.0	41.0
6	103753958	3.0	26.0
6	103913802	21.0	37.0
6	104002412	33.0	23.0
6	104073269	29.0	35.0
6	104197412	20.0	36.0
6	104419670	21.0	51.0
6	104425959	37.0	30.0
6	105469083	30.0	39.0
6	105574942	24.0	38.0
6	111605186	32.0	30.0
6	111708112	26.0	37.0
6	112153645	24.0	27.0
6	112279056	28.0	21.0
6	113056262	31.0	33.0
6	114324147	22.0	43.0
6	114510560	25.0	26.0
6	115133354	27.0	44.0
6	115385099	22.0	22.0
6	115512177	25.0	41.0
6	115773351	27.0	36.0
6	117539053	30.0	33.0
6	118918802	29.0	40.0
6	119700932	14.0	63.0
6	121079743	19.0	34.0
6	122394879	36.0	34.0
6	123357979	28.0	35.0
6	123396801	34.0	19.0
6	123650050	22.0	35.0
6	124139735	26.0	29.0
6	124778440	28.0	37.0
6	124831101	26.0	37.0
6	126793041	20.0	29.0
6	126837211	36.0	51.0
6	127210227	4.0	65.0
6	127312519	29.0	37.0
6	127498220	27.0	40.0
6	127756315	25.0	27.0
6	127970901	24.0	34.0
6	128941097	49.0	40.0
6	130539174	35.0	38.0
6	130654834	24.0	39.0
6	130755304	27.0	43.0
6	131872995	28.0	71.0
6	132572715	24.0	25.0
6	132874535	35.0	31.0
6	133667920	27.0	38.0
6	135242886	30.0	30.0
6	136282867	24.0	38.0
6	141506473	30.0	35.0
6	141547863	26.0	26.0
6	142400490	33.0	41.0
6	143036556	24.0	37.0
6	144895271	26.0	38.0
6	146266915	32.0	27.0
6	146418992	29.0	41.0
6	146839810	30.0	44.0
6	146906924	27.0	33.0
6	148220467	29.0	20.0
6	148260612	24.0	32.0
6	148290865	35.0	34.0
6	148370125	5.0	69.0
6	149038707	23.0	30.0
6	149522862	33.0	33.0
6	150149872	23.0	42.0
6	150933573	45.0	36.0
6	152005126	27.0	25.0
6	152474212	27.0	31.0
6	153617983	26.0	45.0
6	153677963	31.0	32.0
6	153795724	30.0	28.0
6	154072364	36.0	27.0
6	154538671	24.0	34.0
6	155095354	22.0	31.0
6	155695526	17.0	53.0
6	156573625	30.0	35.0
6	159486185	27.0	34.0
6	159713351	30.0	30.0
6	159922444	27.0	38.0
6	161248068	25.0	41.0
6	161569277	22.0	23.0
6	161938259	26.0	38.0
6	162419998	22.0	29.0
6	163517093	3.0	45.0
6	164006776	23.0	37.0
6	167296947	19.0	28.0
6	168092957	27.0	44.0
6	168496620	26.0	25.0
6	168894147	6.0	66.0
6	169351810	26.0	26.0
6	170181854	19.0	29.0
6	170252678	20.0	31.0
7	2099709	12.0	3.0
7	2130669	22.0	5.0
7	3719958	25.0	39.0
7	4060162	24.0	33.0
7	4452412	32.0	29.0
7	5542875	42.0	41.0
7	6140194	27.0	26.0
7	6736766	34.0	35.0
7	8700572	29.0	36.0
7	8949740	30.0	30.0
7	9137778	32.0	23.0
7	10547657	26.0	52.0
7	13365649	22.0	42.0
7	13924427	28.0	32.0
7	14176495	40.0	29.0
7	14179452	7.0	56.0
7	14508023	27.0	36.0
7	14762383	28.0	28.0
7	14828025	25.0	32.0
7	15001694	36.0	30.0
7	16587425	19.0	29.0
7	18903034	25.0	39.0
7	19469863	30.0	38.0
7	19528172	5.0	49.0
7	19748321	26.0	22.0
7	20448695	7.0	50.0
7	22124113	34.0	45.0
7	22954674	21.0	36.0
7	23226244	29.0	65.0
7	24336892	30.0	30.0
7	24452448	37.0	35.0
7	25027574	21.0	29.0
7	25509324	31.0	41.0
7	25827520	27.0	42.0
7	26717541	24.0	28.0
7	27470221	19.0	32.0
7	29086229	28.0	28.0
7	29925167	32.0	33.0
7	31023394	15.0	32.0
7	31214849	30.0	24.0
7	31293976	26.0	30.0
7	31643648	31.0	38.0
7	32233734	23.0	37.0
7	33178733	23.0	38.0
7	34415123	28.0	40.0
7	35753186	19.0	35.0
7	35957881	41.0	29.0
7	37613868	27.0	33.0
7	37860753	19.0	28.0
7	38719248	32.0	28.0
7	39809746	18.0	34.0
7	40058382	15.0	32.0
7	40307675	22.0	39.0
7	41321750	24.0	44.0
7	41442447	50.0	49.0
7	41757000	28.0	38.0
7	42145913	29.0	33.0
7	42949865	25.0	26.0
7	43519142	16.0	27.0
7	45649261	26.0	33.0
7	46971903	25.0	26.0
7	47059165	30.0	26.0
7	47813183	21.0	56.0
7	48574874	35.0	28.0
7	50206460	29.0	31.0
7	50319406	27.0	42.0
7	51608483	69.0	35.0
7	52771677	26.0	46.0
7	53308701	25.0	26.0
7	53475667	6.0	45.0
7	53756736	11.0	37.0
7	53879022	15.0	35.0
7	54131864	27.0	31.0
7	54319691	24.0	50.0
7	54999937	29.0	19.0
7	56317735	23.0	33.0
7	56395843	26.0	29.0
7	56452571	32.0	29.0
7	56489893	27.0	30.0
7	56500557	34.0	29.0
7	56550078	24.0	26.0
7	57252572	28.0	29.0
7	57319298	25.0	27.0
7	57484149	9.0	12.0
7	57882847	21.0	30.0
7	61083341	29.0	76.0
7	61090406	21.0	64.0
7	61542416	34.0	166.0
7	61544743	17.0	138.0
7	61550079	27.0	167.0
7	62424483	27.0	45.0
7	62483951	19.0	41.0
7	62483952	18.0	41.0
7	63547860	35.0	32.0
7	64162456	36.0	47.0
7	64227549	8.0	13.0
7	64745898	26.0	27.0
7	66234503	38.0	53.0
7	67063418	28.0	31.0
7	67941688	33.0	29.0
7	68979208	34.0	28.0
7	72090453	24.0	31.0
7	73860393	26.0	21.0
7	75198876	28.0	34.0
7	77521539	24.0	37.0
7	77521711	26.0	33.0
7	78101515	28.0	30.0
7	78377846	25.0	39.0
7	78458899	33.0	33.0
7	78906467	24.0	36.0
7	79931186	23.0	29.0
7	81613187	35.0	26.0
7	81903117	31.0	43.0
7	83265667	4.0	52.0
7	83295835	24.0	39.0
7	83496117	34.0	27.0
7	83596185	14.0	26.0
7	83962178	22.0	30.0
7	86522137	30.0	35.0
7	86621893	7.0	64.0
7	87272328	27.0	37.0
7	87290807	4.0	59.0
7	87470335	29.0	29.0
7	87602090	20.0	34.0
7	87805278	26.0	39.0
7	88228701	24.0	30.0
7	88703557	18.0	34.0
7	89150528	12.0	37.0
7	89154358	5.0	28.0
7	89432368	4.0	57.0
7	89432915	22.0	32.0
7	89524400	23.0	34.0
7	89926675	26.0	36.0
7	90539352	23.0	27.0
7	90646615	27.0	46.0
7	91108549	11.0	25.0
7	92696451	31.0	38.0
7	96334867	7.0	40.0
7	96919310	27.0	16.0
7	98020816	25.0	19.0
7	98170087	24.0	35.0
7	98334210	23.0	30.0
7	99656833	33.0	34.0
7	99684254	5.0	75.0
7	100630424	24.0	20.0
7	100666408	24.0	28.0
7	101073604	8.0	64.0
7	104164851	30.0	39.0
7	104804207	6.0	44.0
7	105164961	28.0	38.0
7	105489826	29.0	38.0
7	108317626	23.0	24.0
7	108642271	21.0	39.0
7	109052220	32.0	42.0
7	110259085	5.0	75.0
7	111619052	23.0	29.0
7	112724695	24.0	36.0
7	112807457	27.0	30.0
7	113031152	29.0	28.0
7	113134086	19.0	46.0
7	113691307	14.0	23.0
7	113908644	18.0	31.0
7	114019295	32.0	34.0
7	114555676	22.0	30.0
7	114760909	20.0	26.0
7	115428638	27.0	35.0
7	115462280	25.0	29.0
7	115493868	30.0	34.0
7	115643357	11.0	34.0
7	116694162	17.0	41.0
7	116833746	5.0	85.0
7	118175926	29.0	65.0
7	118490500	25.0	32.0
7	118923347	24.0	30.0
7	119025974	4.0	54.0
7	119028775	7.0	52.0
7	119068020	24.0	18.0
7	119087989	38.0	26.0
7	119664748	32.0	30.0
7	119774674	28.0	29.0
7	120356822	22.0	30.0
7	121797345	6.0	49.0
7	122159290	23.0	34.0
7	122532376	24.0	27.0
7	122614999	27.0	29.0
7	122856725	39.0	37.0
7	123057386	24.0	37.0
7	123637653	20.0	23.0
7	124940695	13.0	30.0
7	125171730	26.0	29.0
7	125247680	34.0	29.0
7	125461655	21.0	34.0
7	126134149	29.0	41.0
7	126165320	26.0	37.0
7	126339708	21.0	31.0
7	126381185	5.0	50.0
7	126464272	18.0	38.0
7	126559928	38.0	28.0
7	126644054	20.0	42.0
7	126750029	35.0	32.0
7	126787756	33.0	28.0
7	127764591	23.0	47.0
7	128212815	6.0	56.0
7	130401923	27.0	37.0
7	131019464	24.0	44.0
7	131968931	60.0	33.0
7	131968939	62.0	35.0
7	131974541	59.0	36.0
7	133409960	24.0	4.0
7	133444659	2.0	21.0
7	134782062	28.0	11.0
7	135515424	5.0	31.0
7	137903298	28.0	4.0
7	140518369	4.0	20.0
7	142726364	34.0	1.0
7	146494578	39.0	10.0
7	146646414	26.0	5.0
7	146715632	27.0	10.0
7	147227417	20.0	11.0
7	147832438	32.0	10.0
7	148246409	28.0	10.0
7	148804408	25.0	12.0
7	153576659	26.0	3.0
7	153605524	18.0	7.0
7	154244822	26.0	5.0
7	154246136	14.0	5.0
7	154621302	18.0	3.0
7	154651512	20.0	4.0
7	155565192	34.0	2.0
7	157405400	23.0	4.0
7	157825381	23.0	9.0
8	792076	38.0	28.0
8	792098	34.0	31.0
8	1096150	29.0	43.0
8	1471103	22.0	26.0
8	2317721	25.0	36.0
8	2793478	13.0	33.0
8	2836543	23.0	34.0
8	2992886	29.0	43.0
8	3058610	26.0	32.0
8	3344786	32.0	38.0
8	3481898	32.0	31.0
8	3799887	27.0	43.0
8	3839848	22.0	22.0
8	4118213	30.0	27.0
8	4221209	27.0	26.0
8	4280620	6.0	66.0
8	4314624	31.0	28.0
8	5326721	22.0	32.0
8	5333317	22.0	25.0
8	5872435	25.0	44.0
8	5909014	28.0	29.0
8	6642547	14.0	38.0
8	8335324	28.0	31.0
8	9722812	21.0	38.0
8	9812093	25.0	36.0
8	9856183	31.0	30.0
8	10057116	21.0	30.0
8	11075628	18.0	36.0
8	13301123	16.0	23.0
8	13648535	27.0	42.0
8	13770482	27.0	31.0
8	14163779	29.0	37.0
8	14344067	28.0	21.0
8	15140373	16.0	30.0
8	15381118	9.0	17.0
8	15483694	21.0	27.0
8	16050404	29.0	33.0
8	16112924	28.0	32.0
8	16229000	18.0	35.0
8	16855328	30.0	34.0
8	16948516	9.0	45.0
8	18055560	21.0	43.0
8	19731530	25.0	22.0
8	21420448	28.0	31.0
8	21808631	31.0	29.0
8	23372155	30.0	51.0
8	24596127	33.0	35.0
8	24686625	24.0	23.0
8	24744800	17.0	31.0
8	24982484	26.0	38.0
8	25055297	11.0	9.0
8	25678967	30.0	29.0
8	25694939	22.0	35.0
8	26311070	25.0	47.0
8	29963889	25.0	28.0
8	30170321	17.0	33.0
8	31443751	29.0	37.0
8	31579180	8.0	64.0
8	31600151	28.0	35.0
8	32164117	28.0	28.0
8	32350850	24.0	35.0
8	32551564	23.0	31.0
8	32925446	24.0	34.0
8	33296567	22.0	40.0
8	33600829	24.0	42.0
8	34053776	35.0	27.0
8	34139800	33.0	35.0
8	34391476	26.0	24.0
8	34591286	18.0	34.0
8	34625182	36.0	35.0
8	35015082	24.0	33.0
8	35121939	16.0	40.0
8	35210697	42.0	34.0
8	35515577	18.0	38.0
8	35952980	29.0	27.0
8	35955745	32.0	38.0
8	36392356	27.0	24.0
8	36596764	27.0	30.0
8	37156578	26.0	29.0
8	38288803	26.0	30.0
8	40817156	22.0	34.0
8	41052735	23.0	33.0
8	42483327	28.0	24.0
8	43186976	28.0	42.0
8	43375429	29.0	45.0
8	47077497	32.0	37.0
8	47156039	20.0	28.0
8	47254307	37.0	39.0
8	47531943	23.0	83.0
8	48505275	32.0	35.0
8	48715345	24.0	33.0
8	49917212	25.0	32.0
8	50163352	32.0	37.0
8	50303944	31.0	29.0
8	50626618	29.0	28.0
8	50687955	24.0	20.0
8	50710533	36.0	46.0
8	50870376	14.0	27.0
8	50909230	6.0	38.0
8	51247540	26.0	34.0
8	51258675	35.0	38.0
8	52007600	32.0	34.0
8	52251746	17.0	43.0
8	52961827	35.0	44.0
8	53849553	30.0	39.0
8	53903641	22.0	30.0
8	54031838	27.0	29.0
8	54522456	6.0	34.0
8	55070229	24.0	35.0
8	56698668	36.0	32.0
8	57072261	19.0	37.0
8	57218958	17.0	27.0
8	57439068	25.0	25.0
8	57439069	25.0	26.0
8	58255059	14.0	15.0
8	58415529	26.0	34.0
8	58648254	26.0	36.0
8	60539032	19.0	40.0
8	62311589	29.0	37.0
8	62548686	34.0	39.0
8	63515810	36.0	30.0
8	63616580	28.0	33.0
8	63716883	25.0	39.0
8	63765792	29.0	33.0
8	64251730	19.0	34.0
8	64531766	32.0	38.0
8	64553188	25.0	28.0
8	64569816	27.0	32.0
8	64904431	23.0	40.0
8	65039847	20.0	39.0
8	65510984	30.0	42.0
8	66199450	29.0	38.0
8	67422965	20.0	33.0
8	67502031	38.0	36.0
8	68798619	27.0	34.0
8	70355557	31.0	27.0
8	70428006	29.0	34.0
8	71369599	25.0	41.0
8	72455686	24.0	38.0
8	72638270	8.0	53.0
8	72687179	31.0	36.0
8	73019290	27.0	35.0
8	73857845	14.0	33.0
8	74654207	35.0	39.0
8	75361417	26.0	41.0
8	75761510	21.0	41.0
8	76022616	31.0	43.0
8	76766192	21.0	36.0
8	76784218	27.0	28.0
8	77832064	21.0	37.0
8	78798099	29.0	33.0
8	78808176	31.0	29.0
8	79982225	40.0	34.0
8	82072538	30.0	24.0
8	83860032	16.0	44.0
8	83876142	36.0	28.0
8	84062687	30.0	38.0
8	84712281	27.0	32.0
8	85759400	21.0	27.0
8	86404135	25.0	31.0
8	87776230	28.0	28.0
8	87800228	23.0	24.0
8	87890871	26.0	28.0
8	87947533	22.0	30.0
8	88188054	20.0	31.0
8	88544062	26.0	25.0
8	88719646	29.0	28.0
8	89293626	30.0	32.0
8	89365565	38.0	34.0
8	89650364	24.0	35.0
8	89715644	33.0	38.0
8	90064634	24.0	29.0
8	90446497	17.0	32.0
8	91226814	27.0	34.0
8	91295587	4.0	52.0
8	91963969	31.0	38.0
8	92067947	37.0	30.0
8	92581994	27.0	48.0
8	92776404	28.0	24.0
8	93042405	19.0	32.0
8	93256010	35.0	41.0
8	94079977	24.0	33.0
8	94965504	27.0	32.0
8	97103684	24.0	29.0
8	97651438	31.0	38.0
8	98004906	29.0	38.0
8	98238442	19.0	29.0
8	98321513	30.0	34.0
8	98999083	28.0	35.0
8	100529605	25.0	23.0
8	100606474	21.0	25.0
8	100775120	28.0	80.0
8	101297424	10.0	102.0
8	101462880	58.0	31.0
8	102404586	62.0	33.0
8	102412603	51.0	47.0
8	103129464	27.0	81.0
8	103152952	34.0	68.0
8	103517537	23.0	65.0
8	103663816	42.0	31.0
8	103686937	21.0	33.0
8	104152641	21.0	24.0
8	104455547	27.0	41.0
8	104945058	23.0	21.0
8	105982750	11.0	27.0
8	107079726	16.0	81.0
8	107225280	74.0	45.0
8	107263097	25.0	88.0
8	107432648	35.0	59.0
8	107467886	21.0	67.0
8	108053924	61.0	28.0
8	108055588	25.0	88.0
8	109463448	21.0	72.0
8	109524742	68.0	42.0
8	109645496	34.0	31.0
8	110162509	30.0	40.0
8	110164626	21.0	30.0
8	111552125	35.0	25.0
8	111807768	33.0	26.0
8	111952611	31.0	30.0
8	112165295	21.0	47.0
8	112411162	17.0	28.0
8	112962013	24.0	21.0
8	112989993	32.0	28.0
8	113007105	36.0	31.0
8	113041053	30.0	25.0
8	113081921	16.0	24.0
8	113377993	30.0	43.0
8	113416768	16.0	30.0
8	114085633	31.0	35.0
8	114132770	28.0	21.0
8	114635290	4.0	58.0
8	114749494	23.0	33.0
8	114773514	14.0	60.0
8	115209999	24.0	32.0
8	117078996	34.0	37.0
8	122082348	27.0	38.0
8	122082769	18.0	29.0
8	124585241	34.0	47.0
8	126834798	26.0	39.0
8	127194940	23.0	22.0
8	128422867	32.0	33.0
8	129441584	35.0	39.0
8	129649146	26.0	43.0
8	130042241	31.0	52.0
8	131174723	30.0	36.0
8	132158355	24.0	42.0
8	132316694	35.0	33.0
8	132859707	28.0	38.0
8	133306441	20.0	37.0
8	134304264	30.0	43.0
8	134989514	28.0	29.0
8	136003381	25.0	33.0
8	136211833	36.0	53.0
8	136886958	23.0	39.0
8	138073972	21.0	46.0
8	138277508	3.0	40.0
8	138703981	28.0	37.0
8	139071358	30.0	45.0
8	139144448	27.0	45.0
8	140194946	38.0	38.0
8	140416117	33.0	30.0
8	140508155	22.0	26.0
8	140511456	31.0	24.0
8	140756578	23.0	18.0
8	140756579	22.0	19.0
8	141344487	23.0	70.0
8	141447955	44.0	27.0
8	142631287	59.0	34.0
8	142834146	23.0	51.0
8	143139437	18.0	35.0
8	143488050	19.0	25.0
8	144156155	35.0	25.0
8	144208633	30.0	31.0
8	144400053	17.0	34.0
8	145175094	17.0	24.0
8	145828924	31.0	41.0
9	760962	35.0	36.0
9	2104095	27.0	26.0
9	3504695	3.0	16.0
9	4745058	3.0	40.0
9	5390001	24.0	37.0
9	6115554	43.0	26.0
9	8150097	24.0	30.0
9	8316030	35.0	35.0
9	8571111	26.0	29.0
9	8729169	27.0	35.0
9	9310472	19.0	30.0
9	10137553	6.0	33.0
9	10317165	31.0	39.0
9	10901688	5.0	37.0
9	11387373	26.0	30.0
9	11493415	31.0	28.0
9	11540100	19.0	30.0
9	11542922	25.0	22.0
9	11623918	29.0	33.0
9	11691461	29.0	39.0
9	11911331	31.0	42.0
9	13348979	31.0	28.0
9	13368782	26.0	34.0
9	13649049	5.0	62.0
9	15197424	16.0	33.0
9	16095470	21.0	35.0
9	16186588	28.0	36.0
9	17780323	25.0	33.0
9	17984647	19.0	32.0
9	19693671	21.0	39.0
9	19788528	18.0	27.0
9	20519185	25.0	39.0
9	22047273	26.0	35.0
9	22609182	28.0	32.0
9	23243821	27.0	29.0
9	23323206	27.0	33.0
9	23356859	24.0	29.0
9	23728894	19.0	33.0
9	23777755	27.0	28.0
9	23845952	28.0	30.0
9	24030768	35.0	28.0
9	24105098	15.0	15.0
9	24193433	31.0	34.0
9	24344954	28.0	68.0
9	24409033	34.0	63.0
9	24444879	46.0	30.0
9	24597854	27.0	27.0
9	24847789	30.0	39.0
9	25212740	24.0	54.0
9	25387485	34.0	29.0
9	25810228	23.0	29.0
9	26305912	24.0	29.0
9	26626915	27.0	35.0
9	27006891	3.0	31.0
9	29016790	29.0	42.0
9	29549882	22.0	19.0
9	29549883	22.0	19.0
9	29611835	4.0	48.0
9	30044498	27.0	38.0
9	30086443	24.0	34.0
9	30220265	36.0	32.0
9	30253008	24.0	35.0
9	30677173	27.0	42.0
9	31263617	37.0	34.0
9	31524018	21.0	28.0
9	32826499	20.0	30.0
9	33629675	27.0	47.0
9	33848821	21.0	23.0
9	34742789	33.0	40.0
9	35898815	35.0	33.0
9	36775592	23.0	27.0
9	37880517	27.0	36.0
9	38134114	17.0	31.0
9	38208436	26.0	36.0
9	38238962	26.0	37.0
9	66768823	21.0	40.0
9	72403986	4.0	29.0
9	73037985	29.0	6.0
9	74465187	17.0	2.0
9	75329810	33.0	11.0
9	75796341	3.0	24.0
9	75801392	38.0	4.0
9	77374011	3.0	31.0
9	78535812	33.0	6.0
9	79202463	34.0	12.0
9	79811481	25.0	3.0
9	80821551	32.0	6.0
9	81815762	19.0	9.0
9	83325534	36.0	2.0
9	83791006	32.0	4.0
9	84598396	30.0	7.0
9	85448434	34.0	3.0
9	87491938	30.0	9.0
9	87882910	35.0	8.0
9	94724343	32.0	6.0
9	98261060	21.0	8.0
9	99540010	17.0	4.0
9	102030908	25.0	9.0
9	103556438	21.0	6.0
9	103931925	18.0	3.0
9	103933523	21.0	5.0
9	103933525	18.0	6.0
9	104041857	29.0	12.0
9	104113723	33.0	8.0
9	104619049	20.0	6.0
9	104988516	31.0	13.0
9	105245784	32.0	12.0
9	105742839	21.0	9.0
9	106031951	20.0	5.0
9	106766374	31.0	6.0
9	110839698	20.0	4.0
9	110966496	27.0	76.0
9	111367550	31.0	107.0
9	111800892	26.0	61.0
9	116220760	40.0	4.0
9	118909747	32.0	9.0
9	119132096	24.0	6.0
9	119538015	5.0	5.0
9	119801328	37.0	5.0
9	120180149	6.0	31.0
9	120393450	22.0	5.0
9	121037719	27.0	5.0
9	121444397	27.0	2.0
9	121458940	32.0	11.0
9	121503820	10.0	4.0
9	122037502	22.0	6.0
9	128444685	25.0	6.0
9	128482404	18.0	2.0
9	130812663	25.0	6.0
9	132360482	23.0	7.0
9	133013550	32.0	5.0
9	134140980	32.0	5.0
9	134348368	9.0	15.0
9	134648955	9.0	9.0
9	138551556	23.0	9.0
9	140365166	34.0	5.0
X	1759567	4.0	8.0
X	4886893	22.0	5.0
X	5263493	6.0	23.0
X	5598979	27.0	10.0
X	8312077	25.0	5.0
X	10107438	14.0	6.0
X	15003137	32.0	4.0
X	16158568	29.0	6.0
X	16621951	29.0	12.0
X	17056130	27.0	6.0
X	17725988	34.0	8.0
X	23602315	24.0	2.0
X	24761584	25.0	9.0
X	25360308	38.0	5.0
X	25937656	3.0	36.0
X	26501271	4.0	35.0
X	26576334	29.0	4.0
X	27179218	26.0	7.0
X	28297466	14.0	6.0
X	29751799	5.0	33.0
X	30219413	30.0	3.0
X	30316885	22.0	5.0
X	32708611	19.0	6.0
X	33604409	34.0	7.0
X	37870666	31.0	2.0
X	40470156	31.0	8.0
X	40997201	23.0	7.0
X	42443223	31.0	11.0
X	42685941	23.0	10.0
X	44334518	31.0	6.0
X	44463400	12.0	1.0
X	45897538	20.0	3.0
X	46625146	41.0	5.0
X	46692712	38.0	7.0
X	51004307	25.0	6.0
X	51748085	25.0	9.0
X	52878405	34.0	5.0
X	55228682	3.0	28.0
X	55616130	24.0	5.0
X	56124096	12.0	9.0
X	56200799	29.0	5.0
X	56332331	27.0	8.0
X	57063981	3.0	22.0
X	57096847	17.0	7.0
X	57565416	21.0	7.0
X	57611077	33.0	4.0
X	62321280	22.0	5.0
X	62599235	3.0	25.0
X	62832836	22.0	6.0
X	62963438	4.0	34.0
X	64914837	19.0	5.0
X	64914838	19.0	5.0
X	65107339	28.0	11.0
X	65441507	28.0	11.0
X	66549075	27.0	5.0
X	68361591	22.0	3.0
X	68598995	29.0	7.0
X	68799777	21.0	7.0
X	69412992	3.0	29.0
X	70465749	16.0	8.0
X	71731305	26.0	6.0
X	73903368	6.0	36.0
X	74649603	21.0	5.0
X	76582039	3.0	33.0
X	77238081	24.0	8.0
X	77398689	27.0	8.0
X	77573366	19.0	7.0
X	77638368	31.0	9.0
X	77779424	14.0	7.0
X	78658577	24.0	9.0
X	80678896	30.0	8.0
X	80727313	29.0	8.0
X	80864121	21.0	4.0
X	81205080	21.0	2.0
X	81853902	24.0	4.0
X	82571134	11.0	3.0
X	82642622	25.0	9.0
X	82871446	31.0	7.0
X	83325392	13.0	10.0
X	85577454	23.0	9.0
X	85620981	20.0	4.0
X	85734869	38.0	5.0
X	86981941	32.0	5.0
X	87131655	33.0	3.0
X	87405086	28.0	4.0
X	87792830	19.0	6.0
X	87921928	28.0	10.0
X	87989330	28.0	7.0
X	89295150	7.0	27.0
X	90691600	32.0	3.0
X	92974989	3.0	26.0
X	94223101	35.0	3.0
X	95412582	4.0	36.0
X	99424850	22.0	5.0
X	100223350	3.0	30.0
X	103196808	29.0	11.0
X	103798725	29.0	6.0
X	105241845	17.0	8.0
X	105306676	33.0	10.0
X	105688060	27.0	3.0
X	106277021	20.0	9.0
X	106476988	27.0	28.0
X	106482905	29.0	29.0
X	107438493	19.0	6.0
X	108173667	17.0	8.0
X	111974517	24.0	10.0
X	112465376	32.0	4.0
X	112619612	29.0	7.0
X	113282318	15.0	3.0
X	113410947	3.0	39.0
X	113438364	20.0	3.0
X	113447446	25.0	7.0
X	114064388	3.0	27.0
X	115402597	20.0	6.0
X	119783885	34.0	9.0
X	121372490	19.0	6.0
X	123842698	23.0	10.0
X	124582599	24.0	9.0
X	125007805	24.0	5.0
X	125019259	23.0	8.0
X	125074186	20.0	11.0
X	125526712	32.0	8.0
X	126740840	21.0	5.0
X	126762309	42.0	8.0
X	127530117	29.0	4.0
X	127978968	17.0	7.0
X	128080505	32.0	7.0
X	128620799	26.0	7.0
X	129363945	38.0	6.0
X	132419237	16.0	8.0
X	133433110	27.0	4.0
X	133609207	31.0	5.0
X	133696477	33.0	5.0
X	135240160	33.0	6.0
X	136825773	20.0	10.0
X	136866356	26.0	3.0
X	137048990	28.0	8.0
X	137607705	29.0	2.0
X	139626388	25.0	5.0
X	139961057	25.0	13.0
X	140050559	16.0	3.0
X	141279104	21.0	6.0
X	141440715	22.0	8.0
X	141827507	34.0	5.0
X	142562512	24.0	3.0
X	143502558	21.0	7.0
X	143793263	24.0	4.0
X	144376838	24.0	12.0
X	144597692	13.0	3.0
X	144736315	27.0	6.0
X	145581818	25.0	106.0
X	145627898	26.0	126.0
X	145673680	134.0	9.0
X	145831401	141.0	6.0
X	146522602	17.0	52.0
X	146704681	29.0	141.0
X	146824404	30.0	117.0
X	147277580	4.0	95.0
X	148105677	109.0	7.0
X	150285689	38.0	87.0
X	150831982	31.0	102.0
X	151687170	38.0	147.0
X	152055020	26.0	49.0
X	152623284	30.0	73.0
X	152689420	23.0	58.0
X	152716350	58.0	36.0
X	153986994	57.0	42.0
