chromosome_index	start_position	end_position	major_cn	minor_cn	total_cn
1	1	17275477	1.0	0.0	1.0
1	17275478	24533985	1.0	0.0	1.0
1	24533986	62703381	1.0	1.0	2.0
1	62703382	62703526	1.0	1.0	2.0
1	62703527	121499999	1.0	1.0	2.0
1	121500000	128899999	1.0	1.0	2.0
1	128900000	247247500	1.0	1.0	2.0
1	247247501	249250620	1.0	1.0	2.0
2	10662	90499999	1.0	1.0	2.0
2	90500000	96799999	1.0	1.0	2.0
2	96800000	195594837	1.0	1.0	2.0
2	195594838	195601560	2.0	1.0	3.0
2	195601561	195603559	2.0	1.0	3.0
2	195603560	198932116	2.0	1.0	3.0
2	198932117	198933095	2.0	1.0	3.0
2	198933096	242985493	1.0	0.0	1.0
3	61113	75567997	1.0	0.0	1.0
3	75567998	87899999	1.0	0.0	1.0
3	87900000	93899999	1.0	0.0	1.0
3	93900000	99485721	1.0	0.0	1.0
3	99485722	99485900	1.0	0.0	1.0
3	99485901	126781482	1.0	0.0	1.0
3	126781483	126786124	1.0	0.0	1.0
3	126786125	126826265	3.0	0.0	3.0
3	126826266	126830632	3.0	0.0	3.0
3	126830633	126831542	2.0	0.0	2.0
3	126831543	126835360	2.0	0.0	2.0
3	126835361	126843950	2.0	0.0	2.0
3	126843951	197866126	2.0	0.0	2.0
4	45143	48199999	1.0	0.0	1.0
4	48200000	52699999	1.0	0.0	1.0
4	52700000	70126124	1.0	0.0	1.0
4	70126125	91693708	1.0	0.0	1.0
4	91693709	91866129	0.0	0.0	0.0
4	91866130	191154275	1.0	0.0	1.0
5	22500	849604	2.0	1.0	3.0
5	849605	46099999	2.0	1.0	3.0
5	50700000	180729006	1.0	0.0	1.0
6	39681	205919	2.0	1.0	3.0
6	205920	36694259	2.0	1.0	3.0
6	36694260	41334902	1.0	1.0	2.0
6	41334903	41427748	2.0	1.0	3.0
6	41427749	58699999	1.0	1.0	2.0
6	58700000	63299999	1.0	1.0	2.0
6	63300000	170897500	1.0	1.0	2.0
7	40386	57999999	2.0	1.0	3.0
7	61944998	78378632	1.0	0.0	1.0
7	78378633	78551163	0.0	0.0	0.0
7	78551164	158817500	1.0	0.0	1.0
8	10001	155686	1.0	1.0	2.0
8	155687	43099999	1.0	1.0	2.0
8	43100000	48099999	1.0	1.0	2.0
8	48100000	142065835	1.0	1.0	2.0
8	142065836	142066425	1.0	1.0	2.0
8	142066426	146364021	1.0	1.0	2.0
9	47500	203682	1.0	1.0	2.0
9	203683	47299999	1.0	1.0	2.0
9	47300000	50699999	1.0	1.0	2.0
9	50700000	97599880	1.0	1.0	2.0
9	97599881	97637548	1.0	0.0	1.0
9	97637549	140267500	1.0	1.0	2.0
10	94426	37999999	1.0	0.0	1.0
10	38000000	42299999	1.0	0.0	1.0
10	42300000	135389924	1.0	0.0	1.0
11	20721	200947	1.0	1.0	2.0
11	200948	51599999	1.0	1.0	2.0
11	51600000	55699999	1.0	1.0	2.0
11	55700000	68213184	1.0	1.0	2.0
11	68213185	68215006	1.0	1.0	2.0
11	68215007	69048415	3.0	1.0	4.0
11	69048416	69055771	3.0	1.0	4.0
11	69055772	95071960	2.0	1.0	3.0
11	95071961	95073655	6.0	1.0	7.0
11	95073656	96271715	6.0	1.0	7.0
11	96271716	96271779	6.0	1.0	7.0
11	96271780	96912138	9.0	1.0	10.0
11	96912139	97528884	7.0	1.0	8.0
11	97528885	97666831	13.0	1.0	14.0
11	97666832	97667847	8.0	1.0	9.0
11	97667848	97823154	3.0	1.0	4.0
11	97823155	98203432	5.0	1.0	6.0
11	98203433	98753558	7.0	1.0	8.0
11	98753559	98754790	7.0	1.0	8.0
11	98754791	101751953	4.0	1.0	5.0
11	101751954	101752608	4.0	1.0	5.0
11	101752609	102284643	91.0	1.0	92.0
11	102284644	103777704	34.0	1.0	35.0
11	103777705	103790612	2.0	1.0	3.0
11	103790613	103839922	57.0	1.0	58.0
11	103839923	104225696	27.0	1.0	28.0
11	104225697	104237109	47.0	1.0	48.0
11	104237110	104411435	27.0	1.0	28.0
11	104411436	104484806	47.0	1.0	48.0
11	104484807	104485716	47.0	1.0	48.0
11	104485717	104826590	27.0	1.0	28.0
11	104826591	104826606	27.0	1.0	28.0
11	104826607	104834183	47.0	1.0	48.0
11	104834184	104835158	8.0	1.0	9.0
11	104835159	106950149	3.0	1.0	4.0
11	106950150	106978647	6.0	1.0	7.0
11	106978648	107321588	11.0	1.0	12.0
11	107321589	107366358	9.0	1.0	10.0
11	107366359	107382012	9.0	1.0	10.0
11	107382013	107401640	8.0	1.0	9.0
11	107401641	108711221	8.0	1.0	9.0
11	108711222	109383040	8.0	1.0	9.0
11	109383041	109383352	8.0	1.0	9.0
11	109383353	134452200	1.0	0.0	1.0
12	110107	33299999	1.0	1.0	2.0
12	33300000	38199999	1.0	1.0	2.0
12	38200000	132349400	1.0	1.0	2.0
12	132349401	133851894	1.0	1.0	2.0
13	1	16299999	1.0	1.0	2.0
13	16300000	19499999	1.0	1.0	2.0
13	19500000	91876941	1.0	1.0	2.0
13	91876942	91879252	1.0	0.0	1.0
13	91879253	95495303	1.0	1.0	2.0
13	95495304	95495446	1.0	1.0	2.0
13	95495447	95495468	1.0	1.0	2.0
13	95495469	114142800	1.0	1.0	2.0
13	114142801	115169877	1.0	1.0	2.0
14	1	16099999	1.0	1.0	2.0
14	16100000	19099999	1.0	1.0	2.0
14	19100000	106368400	1.0	1.0	2.0
15	1	15799999	1.0	1.0	2.0
15	15800000	20699999	1.0	1.0	2.0
15	20700000	100338800	1.0	1.0	2.0
15	100338801	102399919	1.0	1.0	2.0
16	84170	34599999	1.0	1.0	2.0
16	34600000	38599999	1.0	1.0	2.0
16	38600000	46447499	1.0	1.0	2.0
16	46447500	88827200	1.0	1.0	2.0
16	88827201	90354752	1.0	1.0	2.0
17	30657	22199999	1.0	1.0	2.0
17	22200000	25799999	1.0	1.0	2.0
17	25800000	78774600	1.0	1.0	2.0
17	78774601	81195209	1.0	1.0	2.0
18	27500	146828	1.0	1.0	2.0
18	146829	15399999	1.0	1.0	2.0
18	15400000	18999999	1.0	1.0	2.0
18	19000000	29488010	1.0	1.0	2.0
18	29488011	29488270	1.0	1.0	2.0
18	29488271	29488316	1.0	1.0	2.0
18	29488317	59498452	1.0	1.0	2.0
18	59498453	59549268	1.0	0.0	1.0
18	59549269	76117000	1.0	1.0	2.0
18	76117001	78077247	1.0	1.0	2.0
19	102500	247287	1.0	1.0	2.0
19	247288	24399999	1.0	1.0	2.0
19	24400000	28599999	1.0	1.0	2.0
19	28600000	31629352	1.0	1.0	2.0
19	31629353	31725628	2.0	1.0	3.0
19	31725629	59128982	2.0	2.0	4.0
20	28885	25599999	1.0	1.0	2.0
20	25600000	29399999	1.0	1.0	2.0
20	29400000	62432500	1.0	1.0	2.0
21	10900000	14299999	1.0	0.0	1.0
21	14300000	46937500	1.0	0.0	1.0
21	46937501	48129894	1.0	0.0	1.0
22	1	12199999	2.0	0.0	2.0
22	12200000	17899999	2.0	0.0	2.0
22	17900000	24293200	2.0	0.0	2.0
22	24293201	24347001	2.0	0.0	2.0
22	24347002	24347200	2.0	0.0	2.0
22	24347201	49641400	2.0	0.0	2.0
22	49641401	51304565	2.0	0.0	2.0
