chromosome_index position alt_count ref_count
1 20445981 9 136
1 24082459 20 78
1 44133570 36 102
1 145473724 4 34
1 185106741 16 422
1 205568262 45 319
1 210948781 128 80
1 245861513 5 64
1 248738015 28 850
2 68882405 40 17
3 14862541 58 114
3 121613186 37 71
3 188925244 65 97
4 25256819 11 70
5 13719037 26 111
5 41010162 5 87
5 56777552 15 93
5 56777554 15 93
5 66461473 4 6
5 138723462 5 32
5 138723463 6 32
5 138723464 5 33
5 140167380 8 9
5 140263380 9 11
5 140559119 10 77
6 10887271 3 7
6 52013759 7 51
6 70926744 3 33
6 83767586 11 18
6 90642332 16 109
6 136582536 29 433
6 151358131 12 130
7 47694923 4 14
7 94944672 17 124
8 43216288 4 28
8 103845361 25 485
8 105502600 21 9
8 133925400 24 344
9 86482718 21 63
9 113238462 91 53
9 134136507 3 12
11 10791787 71 35
11 57947558 44 122
12 50291851 9 31
12 56817240 15 82
13 28588649 8 53
14 68192813 29 159
15 25326361 15 109
15 91304296 20 90
15 91304368 16 68
16 28663603 5 26
17 7577102 35 31
17 36455359 16 162
17 38645003 6 31
17 39673185 30 62
17 40451780 8 13
17 64641530 6 53
17 74621554 4 26
19 15794459 35 215
19 16902312 65 65
19 33587282 48 160
19 38055754 112 297
19 49897775 20 75
19 52395062 38 229
19 55663164 4 58
20 4163035 10 30
20 7915232 22 93
20 23614578 4 28
20 43851148 104 169
22 16150910 5 34
22 17630576 19 39
22 18185193 12 60
22 46712099 21 56
22 46712226 41 98
