chromosome_index position alt_count ref_count
1 79403555 33 67
1 160396898 21 36
1 209824325 13 16
1 236749733 2 12
1 240371573 9 15
2 216245619 3 27
3 111887771 5 45
3 127642390 17 45
3 136192441 28 51
4 83278573 17 80
4 118975296 8 56
5 68809856 47 100
5 74489138 3 43
5 140482079 30 148
5 141059359 9 55
6 6225031 60 68
6 34100900 11 62
6 40400756 11 44
6 76627552 24 52
6 83877585 8 55
6 83877837 18 93
6 83877852 16 91
6 129634035 27 105
7 11521451 5 103
7 98628263 2 17
8 22888375 3 9
8 32600393 3 23
8 33342727 3 37
8 100889600 26 202
8 114326938 16 46
8 116616386 11 52
8 141545618 11 39
8 141549473 15 28
9 6413598 7 51
9 38571865 17 70
9 139100668 30 74
10 75832526 4 46
11 17542934 36 20
11 30358393 6 5
11 47611697 2 13
11 49208258 32 142
11 49208259 32 143
11 57585250 33 24
11 61643851 3 48
11 63755823 3 27
11 130103048 9 34
12 6204464 11 13
12 7175059 10 16
12 7177456 3 28
12 7188023 11 20
12 22797276 30 49
12 26492048 2 7
12 49433642 2 20
12 51100323 18 56
12 85638644 23 31
13 98666438 20 101
13 98666439 20 104
13 98828591 9 86
14 23884311 9 31
14 45584513 8 61
15 24927645 62 102
16 2889857 13 35
16 10971191 29 29
16 57416226 17 7
16 67763633 11 20
17 6350862 38 47
17 6350925 38 52
17 6946314 9 31
17 7216153 9 18
17 7216578 7 37
17 18243440 3 29
17 36003427 30 21
17 40269166 3 27
17 66987021 20 65
17 73728050 18 41
19 2110207 5 29
19 6501350 13 66
19 11594377 3 40
19 42839246 2 11
19 47424544 45 73
19 50462106 19 88
19 52873225 35 66
20 418198 2 11
20 45000515 12 36
20 57244444 38 85
20 60701478 3 30
21 42080608 24 44
