chromosome_index position alt_count ref_count
1 55564204 3 20
1 144857006 6 96
1 150814904 105 130
1 214171027 114 151
2 127957069 5 17
2 179425818 13 162
2 183095750 8 179
3 15292481 16 202
3 148575316 28 38
3 178916854 83 75
4 13606136 3 54
4 71275634 11 285
4 155490788 6 161
4 159618761 9 144
5 132535172 22 62
5 141041613 43 79
6 3127532 19 125
6 24448150 5 86
8 25297124 5 147
8 121228617 67 139
9 134073775 53 67
10 68686825 5 140
11 18655870 11 17
11 18735634 18 32
11 60059853 54 83
11 77921560 13 213
12 66639030 6 141
14 55511039 31 43
14 77812811 44 119
14 79117571 7 227
15 20644815 8 65
15 20644816 8 68
15 26866466 42 46
15 27193088 3 17
15 34355985 51 41
15 40398215 5 16
16 30958263 8 14
16 31926099 65 204
16 89351187 12 4
17 3181503 70 38
17 7577120 47 9
17 41003742 17 4
18 50683801 105 142
18 76757209 22 28
19 9578900 58 76
19 43414923 14 370
19 58370346 8 72
19 58578553 80 27
