chromosome_index position alt_count ref_count
1 16946163 11 9
1 55512211 34 27
1 110921577 5 31
1 152081839 11 37
1 155583355 12 58
1 158064444 14 56
1 179815756 16 69
1 214794199 9 26
1 216678104 9 49
1 220440106 26 81
1 220835772 19 89
1 228111888 24 75
1 229567224 10 44
2 27445849 21 71
2 39996163 7 53
2 44128499 16 67
2 55091009 8 58
2 109381161 3 31
2 114514063 15 11
2 164466292 29 52
2 168115690 17 83
2 196729159 14 42
2 201535448 7 37
2 209198070 13 66
2 229890645 19 121
2 242742979 7 51
3 30715678 21 94
3 42707266 8 24
3 88102780 6 24
3 123675052 13 36
3 129373823 16 43
3 133478024 6 36
3 169711623 7 40
3 179592166 14 80
3 183669325 8 38
4 75937793 33 34
4 89859293 6 28
4 146056332 4 14
4 156274406 3 56
4 164415804 5 14
5 64926000 8 32
5 133895550 13 77
5 148207798 12 53
5 149937504 74 64
5 150029259 17 12
5 169507274 8 69
6 71234985 7 30
6 105606536 22 27
6 157469897 22 53
6 159692412 43 45
7 21553939 39 58
7 47851429 9 52
7 137206686 10 48
8 41393951 15 66
8 41754056 5 49
8 49643126 4 34
8 70964528 34 109
8 90993677 29 72
8 92307786 13 85
8 113267492 14 52
9 35396854 21 89
9 128083774 24 82
9 139618184 10 79
9 139873468 6 27
10 50535437 10 34
10 51590570 5 22
10 67680368 8 46
10 102308299 3 6
10 112038963 15 65
11 1271669 42 101
11 61537912 19 34
11 62300523 23 10
11 62622798 9 31
11 68381752 24 31
11 93463755 15 52
11 126306730 29 50
12 5020720 29 89
12 6062682 6 50
12 7086639 13 37
12 11546795 4 40
12 81991809 11 52
12 97306394 9 30
12 98931427 6 18
12 100041871 11 34
12 120785277 5 33
12 129190651 11 30
13 64320963 13 56
13 76397787 18 76
14 47342646 16 76
14 56645145 29 105
14 88399739 9 26
14 93676302 24 72
15 75979614 74 87
15 90801306 20 24
16 136635 5 27
16 20548562 33 77
16 29496887 8 10
17 3182035 7 6
17 7577610 47 52
17 45235588 8 31
17 57889104 12 62
19 7999973 20 77
19 11663932 5 26
19 11891849 15 48
19 12444333 42 124
19 17556067 10 48
19 34304841 20 44
19 34719180 23 49
19 45656064 76 52
19 51274591 26 81
20 371973 27 49
20 10287391 25 47
20 31022250 10 62
22 41565533 24 46
