chromosome_index position alt_count ref_count
1 1118373 3 17
1 1333712 11 81
1 1961102 10 42
1 2235477 12 37
1 3328391 33 128
1 3328975 22 108
1 7527916 27 153
1 9099965 8 34
1 9656056 5 27
1 10493999 24 118
1 10703273 12 61
1 11308061 27 115
1 11854789 27 169
1 14105788 10 48
1 16945401 7 58
1 19181096 14 48
1 19487483 10 47
1 19593833 15 82
1 22965798 14 61
1 27099909 14 53
1 29365854 16 103
1 33745971 14 43
1 34666581 7 25
1 37949047 14 122
1 38034527 33 184
1 43888807 3 9
1 43916935 32 124
1 45813321 27 166
1 46744617 16 75
1 47489404 3 23
1 47611985 5 16
1 48688549 5 23
1 48701407 9 66
1 52927267 9 37
1 55559693 7 18
1 60106990 4 22
1 63063201 3 15
1 65852530 12 47
1 67411943 7 70
1 70257797 6 48
1 75139242 8 52
1 87041015 11 51
1 89846020 15 37
1 91405341 18 79
1 94480230 26 144
1 108023366 7 31
1 109479918 9 58
1 109888405 25 66
1 110032674 22 131
1 110200420 14 85
1 110655253 16 91
1 114641766 25 123
1 115418728 4 31
1 120465332 29 137
1 144859831 11 122
1 144917533 34 361
1 145562653 4 19
1 152193102 36 135
1 152551990 6 14
1 152595541 21 114
1 154516454 24 153
1 154920759 7 20
1 154938496 21 100
1 154987334 18 100
1 155019720 21 81
1 155032817 9 71
1 156046883 15 102
1 156594190 4 17
1 156737593 5 20
1 158225130 7 44
1 159922049 18 55
1 160181415 7 68
1 162353432 4 16
1 165218652 20 70
1 167365537 22 96
1 177250045 4 45
1 179993662 7 38
1 193121556 6 22
1 196918663 7 32
1 197030128 15 63
1 200959409 6 39
1 201356046 20 105
1 204943372 4 31
1 207107940 16 90
1 207679348 21 94
1 213303055 8 41
1 216062163 12 58
1 224009062 38 192
1 227348245 11 43
1 228596522 4 19
1 229737932 8 44
1 232942219 14 55
1 233388424 32 107
1 237608789 8 81
1 240656622 10 69
1 241958536 12 85
1 245861420 6 26
1 247719754 6 14
1 248262815 27 126
1 248525518 20 187
1 248550993 12 74
2 11312071 16 77
2 26684616 26 135
2 27157457 34 149
2 27804551 63 271
2 33567940 8 58
2 33588554 19 63
2 33952748 7 58
2 54482990 23 70
2 66798629 5 6
2 70439666 5 13
2 70903863 5 19
2 71361861 15 60
2 71795404 73 459
2 71909668 15 139
2 74273836 14 95
2 74683363 18 59
2 74761728 5 42
2 77748917 7 56
2 95494773 13 78
2 98340609 3 15
2 114500441 14 50
2 122000030 23 146
2 130949655 16 59
2 152695680 7 21
2 153575066 13 49
2 160242867 9 40
2 161159865 19 62
2 163074649 9 48
2 166536162 26 97
2 174774753 10 55
2 176972292 6 36
2 179425103 6 35
2 179469726 21 129
2 179542916 17 65
2 179577126 16 113
2 191300954 13 74
2 198327368 5 38
2 200789976 21 65
2 219677014 24 136
2 220421238 30 127
2 220502442 18 74
2 236949398 9 51
2 237415943 10 39
2 241706365 9 23
2 242181952 7 48
3 4452611 26 101
3 4683889 9 23
3 4821278 14 107
3 5255177 9 31
3 7721878 14 48
3 10276206 10 119
3 12977013 13 86
3 24138673 6 23
3 31705656 22 119
3 38039115 8 58
3 38524694 30 128
3 40557930 8 76
3 44929185 6 45
3 45132792 18 100
3 45942873 8 70
3 49168514 12 79
3 51101994 23 82
3 51993974 21 88
3 52183364 12 58
3 52521807 15 58
3 52522496 14 81
3 52702537 5 13
3 52702554 5 16
3 53736702 11 40
3 62258636 8 44
3 99514770 13 59
3 100413765 13 57
3 101038523 16 96
3 113955576 15 34
3 114069871 23 77
3 121200437 8 57
3 121415133 22 100
3 125690888 8 48
3 127335840 25 142
3 128889280 16 89
3 129389916 28 188
3 132438576 3 35
3 137843319 14 59
3 147108882 17 58
3 148802525 13 34
3 148872966 5 42
3 150460061 16 49
3 151082765 17 93
3 164716334 22 85
3 170185060 13 48
3 179459997 12 40
3 180666221 10 39
3 182946030 5 27
3 183822019 4 21
3 183883972 13 78
3 184035263 13 79
3 184040486 9 47
3 186953630 11 49
3 189038571 4 17
3 189349368 17 116
3 195481147 12 107
3 197751625 23 91
4 678306 24 105
4 727522 21 101
4 2073762 8 31
4 3451076 19 77
4 7776532 16 63
4 8233879 6 21
4 17847433 13 76
4 25849008 8 41
4 30724711 12 52
4 39408583 6 23
4 39448221 19 73
4 47901013 14 44
4 52943184 6 22
4 55138612 12 58
4 56736875 7 48
4 66467570 9 44
4 68784721 30 84
4 79373470 6 48
4 94032058 5 77
4 95539205 13 37
4 103822279 14 103
4 106157081 13 48
4 110606496 4 28
4 115858656 14 51
4 123202741 11 48
4 123237962 14 49
4 141543721 24 100
4 151000236 6 17
4 152629223 8 52
4 155665737 10 56
4 156135336 7 46
4 158233993 20 92
4 159091771 14 46
4 159493936 16 109
4 159526258 4 21
4 169108671 6 9
4 169336605 6 26
4 175898136 27 90
4 183267894 4 22
4 184930580 26 94
4 188924176 13 53
4 189068025 24 145
5 634017 28 142
5 1294681 5 13
5 5303727 16 69
5 5306762 6 39
5 7900236 4 16
5 9122806 28 74
5 13729585 18 81
5 14498708 29 133
5 37183092 11 48
5 38960545 20 81
5 41058308 5 28
5 43280418 23 80
5 59284456 23 88
5 63257400 6 66
5 71756924 28 162
5 74034388 11 69
5 74681746 3 15
5 76704735 12 80
5 77563404 3 24
5 94852450 7 18
5 101834417 60 311
5 110836635 6 29
5 112399732 20 119
5 127487003 19 78
5 129037216 14 72
5 131606734 65 183
5 131973851 19 51
5 132061858 5 39
5 135567162 4 15
5 137599951 10 74
5 137599991 10 75
5 137708479 8 56
5 138643063 15 23
5 140215698 36 157
5 140222458 56 284
5 140242354 11 35
5 140249249 5 71
5 140256404 53 223
5 140257030 11 80
5 140346798 12 59
5 140474496 9 63
5 140480564 24 85
5 140482112 41 200
5 140536905 44 194
5 140564388 38 182
5 140580935 49 188
5 140590609 67 266
5 140626606 44 219
5 140751609 5 59
5 140764749 32 178
5 140783914 17 44
5 140807542 8 71
5 140807650 10 65
5 147778563 6 70
5 151239373 12 51
5 158586021 10 48
5 159686753 20 90
5 171488254 25 151
5 171821626 4 27
5 172195896 15 87
5 175824994 30 158
5 179045188 23 141
5 179290716 19 124
5 179305416 7 21
6 3127585 22 97
6 3850301 4 25
6 10961554 5 38
6 11193859 11 50
6 13977703 12 54
6 24358064 22 69
6 26250421 13 62
6 30153714 8 36
6 30671952 23 130
6 30877746 29 135
6 31683367 8 54
6 31734394 6 57
6 31778622 19 81
6 32166740 46 189
6 33288764 26 97
6 33652577 28 112
6 33656440 12 23
6 33660616 6 65
6 35389648 11 72
6 35443481 23 98
6 36714354 11 46
6 39835355 21 130
6 42796577 16 136
6 43020028 14 51
6 43141756 12 61
6 43214373 5 23
6 43612854 17 44
6 44275066 5 28
6 45922893 9 56
6 69349254 6 32
6 76599952 8 42
6 78172950 34 180
6 82933168 9 45
6 90428228 16 76
6 90428637 17 80
6 90453398 14 87
6 100062567 27 63
6 112493824 17 48
6 117086316 20 77
6 117894635 14 62
6 118886986 23 80
6 122768329 23 110
6 132781874 18 39
6 132792740 16 70
6 137329814 29 108
6 138727266 26 141
6 142409496 11 43
6 143094969 12 72
6 144507947 10 41
6 150290471 20 112
6 152472791 9 24
6 152560775 11 58
6 160176302 12 61
6 160176303 9 62
6 161173964 12 56
6 170594100 12 54
6 170597853 13 88
6 170878836 4 26
7 4051851 25 121
7 4285315 6 45
7 5413696 3 26
7 5427330 7 130
7 11675888 12 100
7 20449534 9 58
7 36910077 8 51
7 37136283 5 58
7 40900113 7 24
7 42005555 8 65
7 42957428 10 32
7 45699644 12 57
7 50468038 6 68
7 57522203 11 31
7 65842408 4 6
7 70853304 15 61
7 72416706 7 61
7 72892375 10 74
7 73183661 5 30
7 73462021 17 81
7 74129222 13 90
7 75203108 9 61
7 92855767 7 42
7 93113314 16 51
7 97822238 32 116
7 98559064 18 94
7 100086950 9 24
7 100687017 18 100
7 101926330 5 58
7 102114856 28 186
7 103130255 4 50
7 106797730 9 28
7 107303783 15 67
7 107703425 7 36
7 107706317 16 86
7 110763995 9 53
7 112462157 17 57
7 113519374 13 102
7 126544078 25 105
7 128359092 18 114
7 128370103 19 154
7 129317486 13 79
7 134135550 11 54
7 136700458 10 45
7 138444498 6 37
7 138603675 27 125
7 140301723 26 112
7 143096874 6 23
7 147675027 9 59
7 148454198 12 46
7 151960144 10 65
8 9564436 6 48
8 10584161 9 50
8 15480617 13 51
8 15998383 5 68
8 17401103 13 73
8 21827021 4 34
8 21905676 7 45
8 21965188 13 68
8 22273425 24 168
8 26721669 9 54
8 32621514 14 80
8 35647984 18 76
8 37701961 17 51
8 42565570 5 38
8 48772214 22 173
8 54791937 41 141
8 66619471 10 57
8 67039509 11 83
8 68105705 13 60
8 68864748 6 34
8 68972999 25 56
8 70533371 16 87
8 71036947 7 54
8 95690487 6 51
8 96166659 26 94
8 97157634 3 9
8 98289667 15 73
8 100148975 13 99
8 102731539 29 156
8 103564043 30 170
8 105235928 8 28
8 105601048 4 30
8 109796921 14 94
8 110439310 23 80
8 110477120 20 79
8 114449123 7 67
8 118830694 33 175
8 125464402 8 50
8 128429156 7 15
8 130764944 7 46
8 131072825 38 248
8 134472060 25 182
8 134472082 25 199
8 136657326 7 91
8 139164495 5 45
8 142228396 17 106
8 143412317 8 56
8 144732141 14 71
8 144940477 26 502
8 144942153 16 92
8 144993942 13 90
8 144994298 18 110
8 145582930 6 56
8 145637935 33 199
8 145763109 18 115
9 16419583 18 109
9 19446317 29 146
9 33113450 20 72
9 33799074 19 116
9 34371332 9 36
9 35079503 25 99
9 35869820 10 63
9 39171366 32 124
9 70993145 8 80
9 75545879 11 72
9 78686670 29 149
9 84530387 7 32
9 86292653 6 43
9 91616794 19 66
9 95043054 7 31
9 95768325 36 141
9 99580198 10 36
9 101602364 22 126
9 101810227 10 30
9 104357179 17 95
9 111617074 20 90
9 111656285 3 19
9 111705293 5 24
9 112199206 6 39
9 115421571 18 107
9 117124787 5 17
9 117808794 35 127
9 119739005 9 70
9 123292371 13 85
9 129157978 21 113
9 130165962 13 65
9 130869723 27 122
9 131122642 24 112
9 131454979 9 52
9 133914404 15 43
9 135271838 11 34
9 135493777 15 102
9 139903448 11 43
9 140087050 10 24
9 140669655 11 60
10 6146944 13 88
10 17126369 4 35
10 27024408 12 49
10 31608218 4 14
10 32324901 7 48
10 33214866 13 81
10 35855055 18 69
10 43089480 7 99
10 43882176 30 151
10 46961759 4 13
10 47000005 13 135
10 47087826 14 159
10 48382208 6 54
10 50819083 16 73
10 60573605 30 106
10 61011287 8 44
10 61833539 12 74
10 68280472 18 73
10 70097169 3 14
10 70509303 14 47
10 70863692 14 72
10 73767393 7 33
10 73826724 14 131
10 74100601 9 32
10 75606993 11 55
10 82331221 12 39
10 90591666 36 235
10 91178104 5 39
10 98744071 20 94
10 98766411 6 37
10 102732747 23 90
10 106401696 5 19
10 112257938 11 53
10 115804478 15 54
10 118228695 7 33
10 118969223 15 98
10 125769827 3 13
10 127491579 4 31
10 128973966 6 45
11 299306 4 11
11 418410 7 33
11 498110 5 44
11 774114 9 48
11 1015989 26 168
11 1972219 4 14
11 5529402 16 55
11 6260939 5 31
11 6589805 6 48
11 7530851 16 60
11 7982583 5 51
11 8009136 8 31
11 8720766 7 38
11 9459747 22 112
11 12901216 14 38
11 13402723 21 88
11 20515731 16 144
11 27680043 20 110
11 31823109 12 56
11 55322544 9 43
11 55761467 16 55
11 56237279 8 58
11 57068391 19 116
11 57080070 15 69
11 57569533 34 159
11 58711066 4 32
11 62064988 35 233
11 62361871 16 90
11 62455768 9 30
11 64336156 19 89
11 64527189 59 232
11 64603009 24 111
11 64606620 27 141
11 64665575 21 87
11 65365879 5 36
11 65396109 16 69
11 65481995 15 54
11 65655490 6 16
11 65827423 12 71
11 67018078 9 23
11 67201891 16 53
11 67564234 12 100
11 76938960 25 89
11 77885448 17 49
11 94320238 21 117
11 103908053 16 121
11 113813714 11 44
11 114453511 33 135
11 118773280 10 59
11 118942398 8 53
11 119206740 8 37
11 124824758 6 80
11 125647271 10 55
11 128840482 11 50
12 977715 6 26
12 5603748 24 101
12 6619795 11 54
12 7526069 35 134
12 8245509 36 175
12 10278042 4 28
12 10339021 14 57
12 10865891 24 157
12 12814881 14 99
12 13715638 9 62
12 16753742 16 57
12 21965082 9 41
12 33030839 12 56
12 48141517 10 48
12 49504458 4 11
12 50048048 11 39
12 51461619 27 116
12 53818998 11 111
12 56094925 24 84
12 56478854 22 133
12 56487212 14 85
12 56704287 5 37
12 57115159 5 27
12 57869299 4 27
12 58001201 7 33
12 72026034 15 97
12 78531042 12 73
12 82750907 29 118
12 91546948 9 51
12 93148041 10 28
12 94563012 14 60
12 103246714 13 53
12 108004005 28 123
12 109017883 10 50
12 109286789 3 28
12 109998868 10 56
12 110461908 22 98
12 115114185 17 78
12 122468634 13 85
12 123810761 26 129
12 124409684 7 54
12 133438121 18 96
13 21417071 7 25
13 28866563 25 52
13 29600668 9 36
13 32526924 4 16
13 33701564 8 26
13 38164611 10 30
13 38357396 40 90
13 46287396 12 97
13 46542002 21 68
13 52518300 20 50
13 53216744 6 51
13 58299326 53 216
13 86368486 14 272
13 88330473 45 128
13 95364182 19 124
13 96205057 8 52
13 99093014 5 38
13 103288709 17 39
13 103459756 7 59
13 113742894 6 15
13 113812986 8 14
13 114535732 14 97
14 21623694 8 34
14 23886806 27 120
14 23945486 16 53
14 24656743 23 117
14 30047479 4 13
14 31592134 13 123
14 31619373 33 138
14 31856542 9 37
14 36004422 11 57
14 51561212 5 31
14 55203855 58 259
14 58038711 4 12
14 60585059 6 15
14 61439000 5 23
14 63269210 10 87
14 64749567 15 94
14 70237232 11 40
14 70990808 4 24
14 73422258 25 176
14 75265236 15 72
14 75614415 41 177
14 91044549 6 25
14 91196513 18 62
14 93412766 13 111
14 95786068 5 29
14 96730468 29 115
14 99641328 15 43
14 100191749 10 75
14 100377791 16 83
14 104206305 14 57
14 105178835 7 39
14 105353081 8 56
14 105409804 50 306
14 106053635 6 51
14 106173866 5 44
14 106208301 60 309
14 107170112 24 133
15 25444530 8 108
15 42180139 3 21
15 44058951 7 27
15 44175999 12 94
15 48703398 19 71
15 49254719 8 66
15 52668649 7 43
15 56968927 9 50
15 63029211 19 48
15 65273318 17 61
15 66262946 10 36
15 66850103 11 148
15 72105881 5 36
15 73622033 18 91
15 75141038 6 26
15 78837238 12 31
15 78888987 9 50
15 81648919 4 14
15 86124026 9 68
15 89758344 10 98
15 90118931 3 12
15 91452612 11 54
15 91769857 5 52
16 114974 25 90
16 784510 4 10
16 815589 8 41
16 2139989 5 29
16 2505427 5 32
16 3778452 5 49
16 14355230 10 72
16 16349609 13 109
16 19451390 21 66
16 20976519 36 165
16 21210127 6 32
16 22926525 22 166
16 23091458 18 93
16 25228664 26 243
16 27789958 24 58
16 28855345 8 61
16 30455823 20 69
16 30521775 10 76
16 30666359 21 74
16 30666362 21 76
16 30666716 11 72
16 31004445 20 95
16 49412460 3 22
16 57598979 21 105
16 57693479 17 118
16 58576171 12 60
16 58612691 15 71
16 65006930 7 37
16 66919107 22 48
16 67200243 5 17
16 67219046 29 94
16 67862748 10 89
16 68406101 6 19
16 69369001 8 41
16 69660352 10 37
16 69942710 22 102
16 69988310 7 70
16 70176194 7 85
16 70796494 4 24
16 71668202 28 145
16 72827613 25 99
16 74376109 4 23
16 74525092 20 112
16 77317937 15 66
16 81145850 30 155
16 81161488 8 35
16 81969978 4 50
16 85009946 14 108
16 90161556 4 22
17 1386933 4 13
17 1548908 8 21
17 2234242 13 40
17 2966348 5 50
17 4647391 5 4
17 6930865 20 75
17 7140781 18 76
17 7339811 12 67
17 7756403 11 41
17 7813796 13 92
17 7915595 11 82
17 8047100 9 39
17 8218518 10 43
17 8221918 14 61
17 11650994 23 85
17 14204825 4 19
17 15534998 8 63
17 18166044 10 32
17 19286450 19 81
17 26958685 7 36
17 27000493 4 35
17 27086626 3 19
17 27957928 47 149
17 29576057 16 81
17 30821885 9 39
17 37075041 15 50
17 38151523 28 154
17 39092549 22 114
17 39092832 9 77
17 40652943 21 81
17 40766300 20 86
17 41606988 24 124
17 41719304 14 134
17 42082082 9 18
17 42254018 27 101
17 42478563 24 139
17 44172020 27 139
17 44847252 9 48
17 45056149 6 26
17 45750473 12 50
17 46608028 25 100
17 48777241 8 25
17 49713241 7 41
17 55917278 12 59
17 56324919 11 90
17 56382464 10 65
17 56434721 3 24
17 56772621 3 12
17 58024111 14 84
17 59147479 13 90
17 61557711 9 72
17 61712155 19 76
17 62131738 5 15
17 62796366 5 38
17 65040929 11 58
17 65199438 10 79
17 65344745 7 64
17 67099024 4 16
17 67183901 17 74
17 71346827 9 68
17 72781738 14 45
17 72832492 27 132
17 74072970 7 41
17 78059814 11 85
17 78210884 10 54
17 78395647 5 16
17 79804412 13 99
17 80045689 10 38
17 80280150 14 72
18 3452168 20 91
18 21044006 17 71
18 21095895 17 100
18 28654723 7 35
18 28711897 3 9
18 32844198 9 64
18 34833792 20 85
18 43204714 17 90
18 47810401 24 99
18 50832030 13 57
18 56184321 17 83
18 60645706 5 24
18 77917987 10 28
19 618551 10 38
19 1049320 22 116
19 4550161 7 47
19 8161800 16 93
19 8176580 10 54
19 10503977 12 73
19 10738649 4 36
19 11303908 10 55
19 11508131 19 94
19 11891996 8 37
19 12430297 24 99
19 12911023 23 93
19 12979551 12 170
19 14270398 10 76
19 15360063 6 32
19 17213299 6 37
19 17783305 8 36
19 18047384 3 12
19 18378125 26 101
19 18778576 31 105
19 18778628 11 91
19 19371714 8 84
19 22941044 4 33
19 30935211 5 19
19 34263898 12 46
19 35800998 6 88
19 36128361 14 90
19 36232025 4 23
19 36279053 21 79
19 36499174 12 60
19 36510166 13 39
19 38877092 14 50
19 38877558 4 11
19 38949887 13 47
19 38990283 8 35
19 39759369 6 57
19 40581804 5 47
19 40741932 13 80
19 41071344 8 84
19 41265514 16 33
19 41596364 24 135
19 41726615 6 21
19 42584303 72 377
19 42814313 19 67
19 43032596 4 24
19 44099118 9 51
19 44891368 14 57
19 45493811 25 127
19 46443245 33 151
19 47425372 8 43
19 47492890 23 155
19 47492913 36 158
19 48198197 3 34
19 48967762 6 44
19 49547355 14 61
19 49658497 8 36
19 49951145 33 140
19 49994454 21 120
19 50917112 12 67
19 50979677 14 37
19 50985148 5 15
19 50985202 8 22
19 51955752 23 75
19 52941489 5 22
19 54483177 6 30
19 54600440 16 62
19 54760025 12 83
19 55401269 13 53
19 55814186 13 78
19 58367595 20 61
19 58491210 8 58
19 58596660 5 38
19 59027859 9 22
20 3145154 23 95
20 3204042 9 45
20 16359990 16 84
20 21492693 12 57
20 23016705 14 95
20 30672331 7 61
20 30956840 9 66
20 31022318 14 64
20 31619462 5 23
20 31813012 20 107
20 33330813 19 128
20 33331122 18 85
20 33442648 5 69
20 34143892 29 176
20 34313012 13 95
20 47895511 12 38
20 47991220 17 79
20 52192367 11 64
20 53205319 11 49
20 62221599 9 61
20 62364695 6 31
21 22790790 14 60
21 32253379 21 111
21 32617947 6 31
21 34051043 8 66
21 34882226 11 24
21 34903066 11 49
21 38522411 8 34
21 43531464 4 33
21 46645557 4 29
21 46689763 10 62
21 47401807 10 12
21 47552160 5 29
21 47841889 14 80
22 18072980 32 133
22 19130370 23 150
22 19511290 5 20
22 19748693 6 21
22 19961272 35 125
22 20230301 16 40
22 22279923 6 24
22 23438138 45 243
22 24572175 3 17
22 24574128 11 64
22 25024064 22 120
22 25601264 12 32
22 26860585 15 84
22 28193443 18 118
22 29656437 7 26
22 29879422 34 169
22 31091509 23 122
22 31674530 4 29
22 32200851 35 161
22 36714278 26 147
22 37524763 5 52
22 38016860 22 103
22 38531068 5 46
22 38933618 9 52
22 39263058 11 25
22 41310311 10 73
22 41566520 17 63
22 42998873 32 130
22 43617179 8 40
22 43924750 20 66
22 46704465 16 88
22 47022684 11 60
22 50187724 10 63
22 50615792 4 22
22 50617461 9 29
22 50885994 7 44
