chromosome_index	start_position	end_position	major_cn	minor_cn	total_cn
1	61735	3792966	2	1	3
1	3794273	4233776	1	1	2
1	4233810	121482979	2	1	3
1	144007049	150879471	8	1	9
1	150879928	200662178	7	1	8
1	200662215	201764723	6	1	7
1	201764737	204759150	7	1	8
1	204764627	205465032	7	0	7
1	205465257	230616968	7	1	8
1	230617150	233470154	7	0	7
1	233470408	240469011	8	1	9
1	240469131	249224388	7	0	7
2	12784	31315555	3	0	3
2	31316012	33434571	4	0	4
2	33434922	57690006	3	0	3
2	57690033	57937373	2	0	2
2	57939597	84795954	3	0	3
2	84796023	107106505	3	1	4
2	107107799	126267361	3	0	3
2	126269533	127507256	3	1	4
2	127510392	141914332	3	0	3
2	141915235	144161621	4	0	4
2	144161734	210042584	3	0	3
2	210048504	210137346	2	0	2
2	210138573	230720266	3	0	3
2	230734207	238398268	3	1	4
2	238398508	240247921	3	2	5
2	240248546	240725541	3	1	4
2	240725767	243089456	3	2	5
3	60345	2582255	3	2	5
3	2582514	3143267	2	1	3
3	3143888	11210189	2	2	4
3	11211338	20872696	2	1	3
3	20874067	23658315	2	2	4
3	23658489	24290975	2	1	3
3	24291197	59839868	2	2	4
3	59839995	60076365	2	1	3
3	60076989	101545319	2	2	4
3	101549298	102132829	4	3	7
3	102142212	119197285	2	2	4
3	119198420	119858599	2	1	3
3	119862702	136978859	2	2	4
3	136984847	137330205	2	1	3
3	137332912	147867648	2	2	4
3	147868063	148661836	4	2	6
3	148662121	190359201	2	2	4
3	190359456	190786442	2	1	3
3	190789116	197896118	2	2	4
4	12281	8357873	2	2	4
4	8357923	76160993	2	1	3
4	76163816	76817863	2	2	4
4	76819485	81407266	2	1	3
4	81410041	82751372	2	2	4
4	82751487	103533543	2	1	3
4	103533821	177719934	2	2	4
4	177726375	177848661	2	0	2
4	177849857	184565923	2	2	4
4	184568703	184797188	1	0	1
4	184799960	191027923	2	2	4
5	15532	173753932	2	1	3
5	173760242	174629574	1	1	2
5	174629627	180790320	2	1	3
6	149661	18307643	3	1	4
6	18309605	18595335	2	1	3
6	18595510	61984910	3	1	4
6	61986591	71230279	3	0	3
6	71230701	77680104	3	1	4
6	77680802	83001370	3	0	3
6	83004546	83710271	2	0	2
6	83710287	91966179	1	0	1
6	91977075	95841978	1	1	2
6	95842444	125228006	2	1	3
6	125228610	125691631	2	0	2
6	125692246	128041534	2	1	3
6	128044051	128454069	1	1	2
6	128454614	134458210	2	1	3
6	134459989	136302792	3	1	4
6	136303107	141703149	2	1	3
6	141703761	151706570	3	1	4
6	151706663	152575021	4	1	5
6	152575173	171051005	3	1	4
7	43259	40396300	2	2	4
7	40397573	40963475	2	1	3
7	40963668	45982460	2	2	4
7	45983129	61987294	2	1	3
7	61987323	70974696	2	2	4
7	70974741	112688735	2	1	3
7	112694370	114009094	2	2	4
7	114010651	159127004	2	1	3
8	31254	5965005	3	1	4
8	5965236	6157311	3	0	3
8	6158191	72585569	3	1	4
8	72595653	73040431	2	1	3
8	73042479	82033167	3	1	4
8	82033527	82657356	2	1	3
8	82657693	146298155	3	1	4
9	46587	12764534	2	1	3
9	12766061	14510366	1	1	2
9	14517555	141091394	2	1	3
10	72759	45260417	1	1	2
10	45260482	45742401	1	0	1
10	45743152	51784591	1	1	2
10	51787685	52436012	1	0	1
10	52444502	80170699	1	1	2
10	80170742	81799536	1	0	1
10	81805246	110303323	1	1	2
10	110309478	110728835	1	0	1
10	110731270	126009541	1	1	2
10	126009627	126292159	1	0	1
10	126294272	135506704	1	1	2
11	198572	36438997	2	1	3
11	36439237	36527235	1	1	2
11	36527658	48506823	2	1	3
11	48506952	49076600	2	2	4
11	49078871	49714089	2	1	3
11	49721262	68887395	2	2	4
11	68888137	71405466	9	2	11
11	71413281	98858483	2	0	2
11	98858762	99058630	1	0	1
11	99059004	134944770	2	0	2
12	150442	13403222	2	2	4
12	13403367	13664778	2	1	3
12	13668775	44399231	2	2	4
12	44399466	46598477	2	1	3
12	46599376	48694450	2	2	4
12	48698518	49677491	2	1	3
12	49678529	58638566	2	2	4
12	58639137	58966446	2	1	3
12	58966670	93948040	2	2	4
12	93948457	94868987	2	1	3
12	94869397	129081500	2	2	4
12	129081542	130930113	2	1	3
12	130931701	133778189	2	2	4
13	19026949	27271370	2	2	4
13	27272502	27843345	2	1	3
13	27846897	32179259	2	2	4
13	32179687	33357515	3	2	5
13	33369035	101900881	2	2	4
13	101901855	102272550	2	1	3
13	102272954	115108397	2	2	4
14	19002124	23390207	2	1	3
14	23392381	44685504	2	2	4
14	44687572	45211233	2	1	3
14	45211315	63009549	2	2	4
14	63010320	63623942	2	1	3
14	63624420	78425906	2	2	4
14	78426536	78697556	2	1	3
14	78697830	82711293	2	2	4
14	82712045	84816694	2	1	3
14	84817290	107285437	2	2	4
15	20016328	24859534	2	0	2
15	24859710	25140481	1	0	1
15	25140684	44414455	2	0	2
15	44428982	92765309	2	2	4
15	92765324	102469040	3	2	5
16	60777	35283226	3	2	5
16	46463782	70839337	2	1	3
16	70842097	71201073	5	2	7
16	71202489	83617594	2	1	3
16	83620410	84259266	5	2	7
16	84259701	90287535	2	1	3
17	526	1305016	2	1	3
17	1305579	9218707	2	0	2
17	9219702	9476279	2	1	3
17	9476808	10014177	2	0	2
17	10015197	16370049	2	1	3
17	16370773	19265596	2	2	4
17	19270447	32433731	2	1	3
17	32434207	44364170	2	0	2
17	44364214	46835163	2	1	3
17	46840541	47190299	9	2	11
17	47190697	47731844	5	2	7
17	47735366	49306886	10	1	11
17	49311242	49446625	2	1	3
17	49447041	50457435	8	2	10
17	50457957	52224576	5	2	7
17	52227796	53002055	2	1	3
17	53003692	55429444	10	2	12
17	55430101	56437508	6	2	8
17	56437932	61456152	9	2	11
17	61458326	63234009	7	2	9
17	63234140	63448790	3	2	5
17	63450819	65022066	7	2	9
17	65022159	67846492	14	1	15
17	67847242	68008690	8	2	10
17	68009353	71064938	12	2	14
17	71065399	73110858	9	1	10
17	73112767	73263976	6	3	9
17	73270906	73672768	3	1	4
17	73673071	74769484	11	1	12
17	74774825	81049726	2	0	2
18	48133	19420852	2	1	3
18	19422216	46075049	1	1	2
18	46076096	46595982	1	0	1
18	46596847	57521462	1	1	2
18	57521504	58556693	1	0	1
18	58557164	58807669	1	1	2
18	58813429	60285976	1	0	1
18	60289065	77798615	1	1	2
18	77799495	78015057	1	0	1
19	90910	12109531	2	2	4
19	12110238	22202166	2	1	3
19	22203020	22799293	1	1	2
19	22799506	27960006	2	1	3
19	27965515	59097854	2	2	4
20	61305	26232870	2	1	3
20	26236155	62956153	3	2	5
21	10736871	48096957	2	1	3
22	16052528	51234455	2	1	3
