chromosome_index	start_position	end_position	major_cn	minor_cn	total_cn
1	61735	121482979	2	1	3
1	144007049	249224388	2	2	4
2	12784	243089456	2	2	4
3	60345	89206077	2	0	2
3	89207222	90378694	17	3	20
3	90394583	197896118	7	2	9
4	12281	49503166	2	1	3
4	49503785	191027923	2	2	4
5	15532	180790320	2	2	4
6	149661	6250248	1	1	2
6	6250284	8118674	2	2	4
6	8125393	9980598	1	1	2
6	9981493	11495324	2	2	4
6	11495818	29707307	1	1	2
6	29708222	171051005	2	1	3
7	43259	159127004	2	2	4
8	31254	3437134	2	2	4
8	3442734	3681641	2	0	2
8	3682023	146298155	2	2	4
9	46587	19711014	2	2	4
9	19711275	37494808	2	0	2
9	37495192	141091394	2	2	4
10	72759	38670620	2	1	3
10	38677347	135506704	2	2	4
11	198572	134449146	2	2	4
11	134449247	134696354	3	1	4
11	134696375	134944770	2	2	4
12	150442	133778189	2	2	4
13	19026949	115108397	2	2	4
14	19002124	107285437	2	2	4
15	20016328	102469040	2	2	4
16	60777	90287535	2	2	4
17	526	20495624	2	0	2
17	20496164	21707731	4	2	6
17	21708202	22214014	6	2	8
17	22216940	81049726	2	2	4
18	48133	14406969	2	0	2
18	14407179	35580245	2	1	3
18	35584240	78015057	2	0	2
19	90910	24507167	2	0	2
19	24507172	59097854	2	2	4
20	61305	62956153	2	2	4
21	10736871	48096957	2	0	2
22	16052528	51234455	2	2	4
