chromosome_index	start_position	end_position	major_cn	minor_cn	total_cn
1	61735	36569919	1	1	2
1	36577945	36736055	3	1	4
1	36738433	249224388	1	1	2
2	12784	243089456	1	1	2
3	60345	197896118	1	1	2
4	12281	191027923	1	1	2
5	15532	8007031	3	1	4
5	8010610	10748910	5	1	6
5	10749783	11951517	3	1	4
5	11959294	13869398	2	1	3
5	13869458	16881348	5	1	6
5	16881904	17815602	3	1	4
5	17815793	18258703	1	1	2
5	18259692	20067032	3	1	4
5	20077781	22402776	5	1	6
5	22403325	24075658	3	1	4
5	24078092	27199602	2	1	3
5	27204967	27765939	6	1	7
5	27766240	31382326	4	1	5
5	31385936	32714661	6	1	7
5	32716589	33370548	4	1	5
5	33373925	37052142	8	1	9
5	37052821	40269715	7	1	8
5	40270622	40561358	3	1	4
5	40561565	42046241	6	1	7
5	42046775	42246504	3	1	4
5	42249234	43055021	6	1	7
5	43060451	44288103	4	1	5
5	44288889	49455636	2	1	3
5	49459054	168085720	1	1	2
5	168086274	168886681	2	1	3
5	168886937	168978800	4	1	5
5	168979021	171951901	6	1	7
5	171952135	172758076	9	1	10
5	172758174	174496838	6	1	7
5	174496946	175416124	3	1	4
5	175420896	178125473	7	1	8
5	178125921	180306768	4	1	5
5	180322735	180790320	2	1	3
6	149661	117656748	1	1	2
6	117657718	171051005	1	0	1
7	43259	159127004	1	1	2
8	31254	146298155	1	1	2
9	46587	30389493	2	0	2
9	30392093	141091394	1	1	2
10	72759	135506704	1	1	2
11	198572	134944770	1	1	2
12	150442	133778189	1	1	2
13	19026949	54413092	1	0	1
13	54413349	59942197	2	0	2
13	59946060	61639231	2	1	3
13	61639284	115108397	2	0	2
14	19002124	22455697	1	1	2
14	22455919	22983223	2	1	3
14	22988022	107285437	1	1	2
15	20016328	102469040	1	1	2
16	60777	90287535	1	1	2
17	526	26675237	1	0	1
17	26675265	81049726	1	1	2
18	48133	78015057	1	0	1
19	90910	39043200	1	1	2
19	39046461	39644673	1	0	1
19	39647684	45912343	1	1	2
19	45912406	51802336	1	0	1
19	51802536	59097854	1	1	2
20	61305	62956153	1	1	2
21	10736871	48096957	1	1	2
22	16052528	17649750	1	0	1
22	17650630	22122149	1	1	2
22	22123189	22559714	1	0	1
22	22559731	29532612	1	1	2
22	29532951	30145397	1	0	1
22	30147038	32403318	1	1	2
22	32409497	33586938	1	0	1
22	33594792	35346625	1	1	2
22	35347360	42245669	1	0	1
22	42245684	43660607	1	1	2
22	43664344	45932279	1	0	1
22	45938584	51234455	1	1	2
