chromosome_index position alt_count ref_count
1 24421452 3 9
1 115258685 15 92
1 145538010 49 229
1 148594697 31 174
1 155300435 14 8
1 158687254 72 114
1 180013258 9 7
1 236201434 13 74
1 247752159 51 252
2 18113232 19 105
2 42871294 16 52
2 43755084 81 165
2 113956357 5 22
2 202195493 17 34
2 231176283 32 73
3 12211333 324 102
3 77657009 50 5
3 142151540 15 36
3 153998407 17 181
3 164905739 30 324
3 178952085 165 3
3 194062821 23 8
4 27010441 46 51
4 89013410 15 76
5 10391774 12 50
5 14498717 12 26
5 140753893 19 2
5 150925568 26 50
6 26032194 8 43
6 31914812 50 17
6 51799029 124 295
6 87970705 17 26
7 88965248 164 140
7 127222197 16 118
7 142881421 39 54
8 42206558 11 84
8 104312372 10 8
8 110457796 13 82
8 113988173 4 61
8 121561127 3 18
8 132052131 12 14
9 6012536 32 56
9 20982406 6 82
9 130742436 4 5
10 43016016 25 99
10 75142995 15 51
11 5411428 60 73
11 6891727 121 149
11 55798133 9 119
11 61725743 14 13
11 62288412 12 123
11 65124581 5 17
11 65298136 11 23
11 67048200 6 9
11 89531407 58 128
11 108384638 28 90
12 27950922 59 66
12 29524568 9 112
12 65088637 93 33
12 110956531 59 81
12 111291332 24 11
12 121014605 4 64
12 121747634 7 53
12 122292692 3 33
13 25262575 44 304
13 33344497 20 76
14 23598870 124 62
14 105410340 7 50
15 25332838 10 137
15 84706661 18 25
16 67915236 28 59
17 2577385 18 20
17 7577539 22 2
17 62856667 10 117
17 62856679 11 125
18 32837917 23 79
18 56585622 219 13
18 67742586 8 72
19 10792769 3 16
19 17476104 4 33
19 22942361 33 136
19 48343239 49 91
19 51770654 9 157
19 53432625 28 111
21 34037339 22 38
22 23237927 15 77
22 25144907 91 76
