chromosome_index	start_position	end_position	major_cn	minor_cn	total_cn
1	61735	10345386	4	0	4
1	10345462	27717236	3	0	3
1	27722981	60005878	2	1	3
1	60008515	112407701	2	2	4
1	112410433	112991881	2	1	3
1	112994865	113974263	2	2	4
1	113975126	118293205	2	1	3
1	118295725	118582975	3	2	5
1	118583408	121482979	5	2	7
1	144007049	186693343	3	3	6
1	186702692	249224388	3	1	4
2	12784	148813350	2	1	3
2	148815810	161028707	3	1	4
2	161028992	243089456	1	1	2
3	60345	60076365	2	0	2
3	60076989	60470011	1	0	1
3	60471104	197896118	2	0	2
4	12281	45391489	2	0	2
4	45395008	49081013	2	1	3
4	49082283	53385519	3	0	3
4	53386524	58721830	3	1	4
4	58729211	64337600	1	1	2
4	64337661	191027923	2	1	3
5	15532	5814185	4	4	8
5	5814938	46196114	3	3	6
5	46199434	54479654	3	2	5
5	54479821	55978501	2	1	3
5	55979129	56617764	3	2	5
5	56618535	59948090	2	1	3
5	59949636	62144552	3	2	5
5	62147101	118831195	2	1	3
5	118836954	180790320	1	1	2
6	149661	15369898	2	2	4
6	15370336	69377393	2	1	3
6	69379176	69727640	2	2	4
6	69728320	170130247	2	0	2
6	170131934	171051005	3	0	3
7	43259	2258116	3	1	4
7	2258846	159127004	2	2	4
8	31254	4448387	1	0	1
8	4448785	5275923	2	0	2
8	5276058	37449638	1	0	1
8	37454800	39653983	3	1	4
8	39658219	146298155	2	1	3
9	46587	32671597	1	0	1
9	32675417	47217176	1	1	2
9	65616971	82080935	1	0	1
9	82087070	141091394	2	0	2
10	72759	42897971	2	2	4
10	42900286	53414819	2	0	2
10	53416512	58696020	2	1	3
10	58696347	58925995	3	2	5
10	58926473	61452002	2	1	3
10	61452385	61791039	2	2	4
10	61791251	65553220	2	1	3
10	65554796	68403123	2	2	4
10	68403189	69087847	2	1	3
10	69088407	71418185	3	2	5
10	71418213	75090422	4	2	6
10	75093351	80171005	2	1	3
10	80172440	81873181	2	0	2
10	81873601	91005713	2	1	3
10	91005854	94955666	2	2	4
10	94957478	109208087	2	1	3
10	109211823	109787848	2	0	2
10	109789782	135506704	2	1	3
11	198572	825183	2	0	2
11	825777	2341677	5	2	7
11	2341732	10769817	2	0	2
11	10770927	12918453	2	2	4
11	12922217	13185226	2	0	2
11	13187977	16670197	3	2	5
11	16677405	21165137	2	0	2
11	21165620	27234605	3	2	5
11	27237606	28831050	2	2	4
11	28831186	50769317	2	0	2
11	51096372	60801692	3	2	5
11	60804710	134944770	2	2	4
12	150442	17375914	2	0	2
12	17376115	21965462	3	0	3
12	21966362	24017175	2	0	2
12	24022160	27067612	3	0	3
12	27073119	31278031	2	0	2
12	31280590	47219433	2	2	4
12	47226476	98915256	2	1	3
12	98916355	99248125	2	0	2
12	99251002	133778189	2	1	3
13	19026949	77338794	1	1	2
13	77340479	112956479	2	1	3
13	112967283	115108397	1	0	1
14	19002124	22481705	2	1	3
14	22481767	22971591	3	1	4
14	22974256	65643347	2	1	3
14	65644204	71604687	1	1	2
14	71605268	107285437	2	1	3
15	20016328	23644045	2	0	2
15	23645364	24535026	0	0	0
15	24542233	34218644	2	0	2
15	34219497	34314688	1	0	1
15	34315025	102469040	2	0	2
16	60777	70855202	1	1	2
16	70855479	71142397	3	1	4
16	71143067	74707037	1	1	2
16	74713054	78492860	3	1	4
16	78492951	78559994	2	1	3
16	78560027	78698238	1	0	1
16	78700674	78757878	0	0	0
16	78760933	78761364	1	0	1
16	78761726	78766129	0	0	0
16	78766406	90287535	1	0	1
17	526	34456504	2	0	2
17	34460387	41418287	2	1	3
17	41418334	69578693	2	2	4
17	69579489	81049726	3	1	4
18	48133	9115717	3	1	4
18	9116080	18553608	2	2	4
18	18560354	78015057	2	1	3
19	90910	1867912	3	0	3
19	1873720	27910675	2	0	2
19	27951817	35378906	1	0	1
19	35381406	39630651	3	0	3
19	39631685	41178887	1	0	1
19	41184528	59097854	2	0	2
20	61305	15540130	2	0	2
20	15542612	29835049	2	1	3
20	29835471	31176428	1	1	2
20	31181240	34752385	2	1	3
20	34753208	38394031	5	1	6
20	38395496	42909234	4	1	5
20	42909711	53456921	5	1	6
20	53458542	62535216	4	1	5
20	62535427	62956153	12	1	13
21	10736871	16490591	1	1	2
21	16495307	47642272	2	1	3
21	47642323	48096957	1	1	2
22	16052528	19386633	1	1	2
22	19387187	21219667	2	1	3
22	21220004	29451852	4	1	5
22	29453027	31856121	7	1	8
22	31857202	39946280	6	1	7
22	39947574	41037480	1	0	1
22	41039911	42299927	1	1	2
22	42314413	44740667	5	1	6
22	44744054	51234455	1	0	1
