chromosome_index position alt_count ref_count
1 7861240 22 210
1 32374509 56 180
1 34238305 24 44
1 43779613 5 50
1 54474579 22 48
1 62740518 11 168
1 111061444 4 15
1 115128209 7 72
1 152279972 59 613
1 154155596 10 34
1 161140198 27 82
1 212788405 35 98
1 215298093 102 275
1 216850528 41 184
1 240601472 42 152
1 248202322 40 116
1 248487850 59 207
2 77745827 12 53
2 86718077 11 91
2 107074103 4 27
2 113147662 94 406
2 211301009 12 71
2 218999633 47 102
2 219554587 4 29
3 71821892 30 64
3 89259287 6 202
3 122002948 4 52
3 134327671 5 36
3 146171895 12 80
3 194150813 3 49
3 195711147 9 104
4 1725525 14 84
4 16587565 22 54
4 46736869 6 31
4 46930427 6 109
4 47625750 7 60
4 80246387 5 33
4 83557911 8 54
4 146059375 17 81
4 177041094 27 166
5 64824302 6 64
5 76714217 10 32
5 82836584 8 70
5 138715364 7 20
5 140908063 4 61
6 8421056 6 31
6 76532560 7 120
6 152485424 15 82
7 5430216 4 39
7 66270343 9 132
7 87196199 10 114
8 35606149 29 101
8 132999852 3 27
9 98684694 12 47
9 100617328 5 27
9 125273282 26 160
10 104572878 12 118
10 105967453 12 113
11 1016248 14 10
11 2593318 6 25
11 70333321 18 161
11 93454552 6 9
12 27951237 13 15
12 44338020 18 58
12 49239394 43 141
12 49691008 14 209
12 51393180 25 114
12 52470919 16 54
12 95927018 22 121
12 121175689 15 63
13 31035263 3 15
13 39263732 15 79
13 103346734 12 71
14 50089059 27 188
14 72055850 14 61
14 105833576 3 41
15 41476469 39 171
15 54305343 10 55
15 54305345 10 55
15 54305353 8 54
15 54306737 7 54
15 73615982 11 41
15 74631655 9 39
15 101013181 50 132
16 11272395 32 80
16 30002225 29 74
16 70416750 10 38
17 7578479 17 45
17 10258010 14 47
17 21319068 4 75
17 34233504 15 48
17 40315334 3 32
17 67183994 9 72
18 580874 5 60
18 56587130 3 34
18 65180368 13 183
18 73000701 6 7
19 15905665 6 54
19 18241414 6 26
19 37210230 5 72
19 49656677 3 39
20 1286056 7 37
20 30659485 33 117
20 31395665 65 295
20 52779388 9 113
21 27852690 20 133
21 46067140 11 65
22 31685280 3 28
