chromosome_index position alt_count ref_count
1 79392754 25 46
1 101198155 37 51
1 150131759 5 7
1 152328212 210 339
1 182544690 28 42
1 240656344 43 68
2 20403920 45 98
2 77746149 14 12
2 179498031 73 109
2 196720560 146 232
2 209007511 76 113
2 234360660 44 72
2 234652378 119 212
2 238303658 37 53
3 124632412 18 43
3 156978935 47 78
3 168838969 25 39
4 1824793 45 60
4 146435947 26 40
5 3599597 43 72
5 41058282 13 23
5 55178899 36 71
5 73048961 13 21
5 80382758 37 67
5 121799290 14 18
5 140755693 51 98
6 1961060 73 110
6 26463544 50 76
6 32188296 45 96
6 41002808 4 72
6 63989815 15 17
7 34978935 38 98
7 43990260 22 79
7 44608558 75 210
7 55221822 2258 113
7 111634282 35 84
7 142655048 17 44
7 144015372 11 74
7 150269789 54 116
8 11414294 30 43
8 55538303 24 33
8 87081703 12 21
8 121238908 23 40
8 139895346 4 7
9 93606246 10 17
10 89624305 43 28
10 95070355 45 18
10 112262482 43 20
11 686996 9 51
11 17531254 18 27
11 30033223 41 52
11 48266712 60 90
11 48286042 31 39
11 49598093 8 18
11 75898143 33 38
12 9246146 23 24
12 132466657 102 193
13 20716908 22 48
14 24109024 35 44
14 42356700 48 67
14 44975176 41 82
14 45583422 22 37
14 74969480 60 95
14 88652407 21 20
14 97326941 14 22
14 105222095 16 25
14 106311716 27 35
15 23932258 10 15
16 2282496 15 20
16 31405625 18 46
16 87678021 41 54
17 2600045 18 28
17 6348675 45 45
17 10297737 30 40
17 19316707 21 28
17 40695945 8 9
17 56355470 37 69
17 56402928 26 28
17 58511145 15 26
17 68171691 74 108
17 76991223 17 28
17 78354716 144 250
17 79526328 11 13
18 346546 35 44
18 54424326 86 141
18 61449685 35 79
19 5831234 14 27
19 6312225 41 104
19 9204448 66 184
19 11890886 21 79
19 21366713 33 88
19 31040141 34 80
19 43570705 58 172
19 49000820 5 19
19 50393077 20 53
19 51175329 17 39
19 54074900 187 497
20 4837591 46 72
