chromosome_index position alt_count ref_count
1 71512775 3 16
1 158618390 161 230
2 8888046 74 157
2 217559180 19 43
4 126239079 32 61
7 43547694 81 194
7 143701562 71 123
9 140329519 17 39
12 40037597 4 16
12 78452818 85 150
13 53313233 85 37
15 40754336 11 35
15 59144164 35 58
15 72543581 113 197
15 101567901 22 23
16 4432474 16 14
16 67203755 5 7
16 67244108 10 10
17 41879177 87 311
17 42170825 5 22
17 80007685 8 21
19 7987598 14 21
19 8389609 4 22
19 18538731 57 86
19 19625639 22 34
20 13052938 102 161
