chromosome_index position alt_count ref_count
1 809763 42 65
1 12169629 44 10
1 35370218 64 120
1 43775063 25 54
1 45484944 34 52
1 70501901 30 69
1 71477911 41 77
1 71477912 40 74
1 79392725 24 43
1 112308719 5 127
1 152283455 106 611
1 152329104 31 256
1 152329376 48 488
1 156377704 6 23
1 158324317 30 79
1 175048581 16 3
1 181726082 68 317
1 183253135 38 202
1 186024787 27 148
1 186060048 31 102
1 196311337 52 80
1 196796126 21 151
1 196797212 43 55
1 196927034 26 138
1 197159959 18 27
1 200569554 118 150
1 205814505 38 185
1 216369967 28 127
1 216372990 59 80
1 218607762 8 39
1 224444779 20 58
1 225590925 11 39
1 237666672 19 74
1 237841399 14 31
1 247836046 16 47
1 248402431 76 195
2 27560307 11 35
2 50724791 36 70
2 62106082 21 21
2 68480181 8 21
2 74689328 41 71
2 99778961 24 62
2 107050724 40 132
2 125521689 52 101
2 167284375 14 39
2 167297957 18 23
2 168101280 19 29
2 168114459 21 39
2 169659047 5 8
2 169780314 21 41
2 176945351 11 11
2 179391989 12 25
2 179466402 38 120
2 179500379 10 10
2 179522877 31 73
2 179583663 9 15
2 179595679 112 230
2 179604391 52 100
2 179640745 92 179
2 179640748 92 181
2 179643981 34 59
2 198968559 14 26
2 210517892 14 29
2 210561456 23 32
2 215797379 16 21
2 215840651 19 55
2 223773616 35 107
2 225796292 8 20
2 229890475 36 84
2 234652384 119 186
3 3886560 31 119
3 8775516 15 10
3 26751365 22 79
3 37365440 15 60
3 41266113 16 71
3 41268778 17 138
3 51673938 6 18
3 126194495 8 15
3 132319585 33 195
3 140281094 16 41
3 164758792 44 109
3 167240189 29 44
3 195515821 6 23
4 20255569 37 80
4 115891689 12 30
4 118005450 67 101
4 122301756 5 14
4 128626767 54 95
4 155250772 25 17
4 156717663 13 7
5 1073883 25 45
5 31313505 41 88
5 43412389 4 26
5 44310564 13 25
5 110710585 27 19
5 127873078 16 11
5 140432474 27 21
5 141244931 47 23
5 158588590 13 14
5 161277869 36 29
5 161324259 57 45
6 24502805 19 42
6 29080491 29 98
6 36982750 19 69
6 44119697 17 39
6 55360220 18 76
6 55639011 36 160
6 69666638 38 183
6 72011128 180 634
6 72957723 40 166
6 75818831 27 106
6 100369098 35 123
6 117047700 27 100
6 123653049 4 10
6 133827363 14 21
6 144178565 72 148
6 145157547 51 147
6 152639292 49 146
6 161966430 13 45
7 18806774 4 26
7 21516783 19 53
7 31617987 4 70
7 32909492 10 101
7 32909937 16 89
7 38505774 8 46
7 51111178 48 121
7 64863616 9 13
7 73011970 3 35
7 77789342 37 79
7 81335016 10 21
7 82387933 90 181
7 82582534 77 137
7 88963087 12 21
7 104681366 16 37
7 113518368 22 66
7 120446741 13 31
7 137170147 13 10
7 143510053 17 91
8 2077170 28 100
8 2857642 32 96
8 25702017 11 33
8 35606063 43 180
8 38135877 10 53
8 39091556 3 12
8 48647875 13 356
8 49831428 53 231
8 52321405 11 35
8 70970953 31 99
8 72964896 64 202
8 76456063 12 37
8 106813376 173 266
8 113243805 70 317
8 113563095 34 54
8 113662404 34 163
8 118174111 28 105
8 120886012 4 23
8 139715560 23 109
9 8341911 30 137
9 15971891 42 15
9 34517452 28 92
9 74319525 18 55
9 101818614 39 67
9 106864469 12 25
9 113243533 6 16
9 120474967 32 66
9 124535628 3 7
9 129158013 31 53
9 129455843 47 25
9 135277625 19 50
10 13698746 25 25
10 31810641 23 48
10 31815887 18 18
10 32323763 9 42
10 53667323 52 74
10 71868938 20 38
10 75391755 20 35
10 79770279 35 47
10 82369292 45 79
10 87362286 10 35
10 117026287 35 73
10 124273782 21 191
10 125528097 38 79
10 134579334 31 63
11 3661431 48 46
11 3716775 128 105
11 5021135 18 45
11 7982281 60 92
11 22294501 55 97
11 30516921 36 46
11 43284628 5 27
11 49170270 18 37
11 55541616 53 75
11 56058469 33 78
11 56113852 74 148
11 57244310 3 34
11 82645281 36 45
11 83177774 44 92
11 89768415 8 12
11 89774338 30 70
11 89891405 33 95
11 94113910 18 47
11 100920697 14 29
11 107518203 23 47
11 124179779 33 48
12 13103044 21 14
12 43771298 35 45
12 56211464 31 63
12 56532198 25 18
12 56863084 59 151
12 57588239 55 138
12 77423789 43 82
12 78362351 32 51
12 97098562 7 10
12 118673381 25 51
13 35735957 9 22
13 46357648 31 42
13 61987191 56 81
13 84453706 17 36
13 84455053 29 50
13 96443303 25 42
13 110822922 6 11
14 23634555 13 25
14 23816789 16 37
14 45432289 42 99
14 75296047 27 67
14 79117589 42 154
15 22382782 46 92
15 25320988 10 22
15 33916158 13 328
15 34157482 7 30
15 83933195 24 50
15 100537680 10 50
16 21995670 136 105
16 26147171 103 92
16 31336626 12 51
16 49313480 20 50
16 58572769 30 88
16 65016134 34 94
16 67063330 8 16
17 4995828 14 50
17 7918766 11 27
17 26666522 9 17
17 37618685 28 41
17 38433367 41 103
17 41832885 17 25
17 46262095 259 250
17 73831582 16 2
17 76394412 71 226
18 8113616 36 63
18 8824700 9 15
18 25532149 38 67
18 25593870 18 24
18 30093154 9 11
19 3433553 12 38
19 3938712 9 30
19 9492522 24 38
19 12061363 5 28
19 14730285 13 146
19 18054554 7 16
19 19356206 29 55
19 22942268 15 32
19 31040160 21 74
19 37579980 28 99
19 39233129 17 46
19 39233131 14 45
19 41269579 13 208
19 42181400 18 139
19 43372508 36 228
19 47424393 80 124
19 50840306 23 80
19 51021951 18 51
19 53669151 71 262
19 53669240 68 277
19 53912969 22 142
19 54496071 21 51
19 54866947 45 170
19 56918453 17 61
19 57066167 19 102
20 3578562 70 174
20 8755266 47 108
20 10030351 41 120
20 13140736 33 103
20 21687603 23 82
20 31021453 51 265
20 44587966 27 73
20 44596236 51 82
20 61939894 3 15
20 62851193 11 37
21 11039362 22 264
21 28327188 38 19
21 30927571 50 135
21 38390197 21 41
21 39755499 57 48
22 25251628 18 45
22 36623750 49 114
22 41670686 45 79
