chromosome_index position alt_count ref_count
1 115221096 45 70
1 155449241 35 60
1 177937026 22 32
1 216595556 32 57
1 228564891 5 8
1 238048807 32 57
2 25674485 7 8
2 74007043 29 68
2 102483026 25 62
2 174131422 10 7
2 192261188 86 114
3 21792472 7 56
3 67570993 8 166
3 95374099 13 26
3 141497201 31 60
3 149093335 28 36
4 73184402 30 42
4 78804480 22 47
4 96090460 78 105
4 164054388 36 42
4 183574978 35 44
5 21751807 18 107
5 145393517 85 122
6 124979424 39 77
6 155743923 48 132
6 161134138 60 117
7 35242129 6 31
7 44560418 21 119
7 81594957 18 185
7 88965893 6 166
7 100680859 81 169
7 115590932 13 65
9 18928734 4 82
9 21971029 14 11
9 111659518 46 85
10 30336587 56 33
11 4904033 37 73
11 5565836 7 91
11 5730417 42 93
11 58978683 10 93
11 71260048 75 144
11 116732043 41 75
11 117985628 4 11
11 121037459 18 51
12 10132026 20 28
12 53590523 8 21
12 81545555 12 25
12 109609642 7 53
12 117904983 14 19
13 77459429 6 22
14 63447809 21 48
14 94052956 28 45
14 94933658 32 35
15 21071319 6 26
15 38239874 15 114
16 2812739 5 114
16 3614990 4 21
17 440383 16 32
17 38062400 50 81
17 48156217 60 124
17 48776813 78 82
17 55027963 77 111
17 66981088 51 83
18 42529847 22 31
18 43310353 35 69
19 7965735 36 84
19 9072143 65 186
19 58511157 46 102
22 21272527 3 33
22 30413988 52 89
22 32626981 3 39
22 40814904 32 45
22 41790269 26 48
