chromosome_index position alt_count ref_count
1 18809173 14 29
1 27440680 30 42
1 82434955 48 126
1 157105467 44 71
1 232538163 23 28
2 160050870 26 47
2 209113112 21 60
2 219846970 8 6
2 231150502 56 88
3 85984926 59 88
5 40955639 4 95
5 125885898 23 64
6 84799071 44 60
7 48335325 45 94
8 72946552 26 36
8 87443690 23 74
9 21332937 9 18
9 138379182 62 54
13 36049234 38 86
14 19562088 17 3
14 24787720 27 61
15 72172772 47 105
15 101425495 19 42
16 69726213 44 87
17 19246507 4 10
17 56342147 34 48
18 48703396 6 91
19 1481915 9 17
19 58453810 52 96
20 23017075 47 55
22 16279207 18 292
22 41252652 10 6
