chromosome_index	start_position	end_position	major_cn	minor_cn	total_cn
1	61735	2450394	3	2	5
1	2452554	7019816	3	3	6
1	7027607	25583341	3	2	5
1	25593128	27970068	2	1	3
1	27970674	46331423	2	2	4
1	46339858	65187870	2	1	3
1	65187899	69158966	2	2	4
1	69161230	73881181	2	0	2
1	73893264	121482979	2	2	4
1	144007049	152140260	4	0	4
1	152140291	175714750	4	2	6
1	175717468	179112145	4	4	8
1	179112165	201138142	4	2	6
1	201138428	225637606	3	2	5
1	225649159	226858872	4	3	7
1	226859676	244503418	3	2	5
1	244503720	244614097	1	0	1
1	244622250	249224388	3	2	5
2	12784	66912860	2	2	4
2	66915457	67174159	5	3	8
2	67175630	128058991	3	2	5
2	128068398	128364138	2	1	3
2	128366451	128908297	3	2	5
2	128911080	129223378	5	2	7
2	129225645	158663327	2	2	4
2	158667217	174934775	5	2	7
2	174937813	184153601	5	4	9
2	184155975	188129111	5	2	7
2	188129593	195837995	4	2	6
2	195841000	215310735	2	1	3
2	215311702	243089456	2	0	2
3	60345	58232659	2	2	4
3	58236640	68725751	5	2	7
3	68732028	74287430	2	2	4
3	74292108	86129150	2	0	2
3	86135372	105104373	2	2	4
3	105104807	106142880	8	2	10
3	106143051	107850867	8	4	12
3	107851173	113620624	6	4	10
3	113623051	114144703	10	4	14
3	114144733	122398478	6	4	10
3	122398813	131623412	4	2	6
3	131623828	159168960	4	0	4
3	159169301	178982720	11	0	11
3	178982782	187475080	6	0	6
3	187475189	197896118	4	0	4
4	12281	94380	2	0	2
4	101821	296383	4	0	4
4	297932	337189	6	0	6
4	337195	2931555	8	0	8
4	2943412	3897744	8	4	12
4	3900852	5316735	4	4	8
4	5319786	5996104	5	0	5
4	5996256	8379048	5	5	10
4	8380605	19696331	4	0	4
4	19696628	24734106	2	0	2
4	24735737	36083780	2	2	4
4	36084289	52698636	2	0	2
4	52698757	53725023	4	2	6
4	53726099	55843036	2	2	4
4	55843059	56132020	4	2	6
4	56133417	71928159	2	2	4
4	71928918	72447638	2	0	2
4	72452556	73805148	2	2	4
4	73808507	75820560	2	0	2
4	75835551	76100655	4	2	6
4	76101022	77364467	2	0	2
4	77364746	80317724	4	2	6
4	80317772	82560470	2	2	4
4	82564162	83705284	6	2	8
4	83708008	83717968	7	1	8
4	83727363	191027923	2	0	2
5	15532	30421536	3	2	5
5	30422292	54662820	2	2	4
5	54664854	136040147	2	0	2
5	136040759	168442189	3	0	3
5	168443696	180790320	2	2	4
6	149661	24716221	3	3	6
6	24721667	45707504	2	0	2
6	45707856	51875890	2	2	4
6	51876267	52698340	4	2	6
6	52703396	64965801	2	2	4
6	64967888	67511962	3	2	5
6	67512682	74842771	3	0	3
6	74842932	171051005	4	0	4
7	43259	4298551	2	0	2
7	4307216	4667647	5	0	5
7	4670081	8872996	2	0	2
7	8873083	34516640	3	0	3
7	34517270	38959266	2	0	2
7	38959842	130636537	2	2	4
7	130640611	159127004	5	2	7
8	31254	7254341	3	1	4
8	7255048	10568983	2	1	3
8	10575715	11877195	3	1	4
8	11881859	26772274	2	1	3
8	26773730	111935961	2	2	4
8	111942759	146298155	3	3	6
9	46587	97447430	2	2	4
9	97452823	97647327	5	2	7
9	97647792	125182606	2	2	4
9	125182654	134272595	2	0	2
9	134275384	141091394	3	2	5
10	72759	8922435	3	2	5
10	8923056	42897648	2	2	4
10	42897971	46072885	3	2	5
10	46074186	75741762	3	1	4
10	75743162	94112742	3	0	3
10	94116233	94269010	6	0	6
10	94272913	135221772	3	0	3
10	135224372	135506704	1	0	1
11	198572	5843785	2	0	2
11	5844353	7565694	4	0	4
11	7567605	31010962	2	0	2
11	31011448	65117683	2	1	3
11	65118997	88444878	3	2	5
11	88445270	90880675	7	2	9
11	90881158	100271469	3	3	6
11	100271571	112968262	2	1	3
11	112969997	114327700	2	0	2
11	114328285	126041204	3	2	5
11	126042206	134944770	3	3	6
12	150442	254128	2	0	2
12	256220	2330299	6	0	6
12	2335796	2820040	2	0	2
12	2821076	2831379	6	1	7
12	2831481	3410572	7	0	7
12	3411438	3952152	2	0	2
12	3955141	4493393	5	0	5
12	4493826	5074935	2	0	2
12	5075793	5225411	6	0	6
12	5235862	5310351	2	0	2
12	5311695	5755327	6	0	6
12	5757234	5825447	2	0	2
12	5825679	7899934	6	0	6
12	7900184	9823220	7	0	7
12	9823553	13927710	10	0	10
12	13927896	14609973	7	0	7
12	14612629	16372544	10	0	10
12	16372859	19101669	11	0	11
12	19103960	26843210	11	3	14
12	26843626	43164112	3	2	5
12	43164129	99412327	3	0	3
12	99414994	114732945	6	0	6
12	114733284	119587953	5	0	5
12	119592931	126083512	3	0	3
12	126088466	128719711	3	2	5
12	128721243	128950705	6	2	8
12	128952138	130474184	3	2	5
12	130474465	130503282	6	2	8
12	130505966	130536712	8	3	11
12	130539794	131158930	3	2	5
12	131159243	133257849	5	2	7
12	133262242	133778189	2	0	2
13	19026949	115108397	4	0	4
14	19002124	22405392	2	2	4
14	22408760	23161035	3	2	5
14	23164828	51342019	2	2	4
14	51342476	51452041	4	2	6
14	51455056	79335580	2	2	4
14	79342968	107285437	2	0	2
15	20016328	78054242	2	0	2
15	78063092	102469040	6	0	6
16	60777	12039684	2	1	3
16	12039828	12046995	1	0	1
16	12047513	77766852	2	1	3
16	77771652	90287535	1	0	1
17	526	4162429	2	0	2
17	4163031	5005748	4	0	4
17	5023926	25347132	2	0	2
17	25348839	25799268	4	0	4
17	25803654	81049726	2	0	2
18	48133	41267168	2	2	4
18	41273365	64994954	2	0	2
18	64996116	65351590	0	0	0
18	65357337	78015057	2	0	2
19	90910	47499748	2	0	2
19	47510134	59097854	3	2	5
20	61305	8505149	4	2	6
20	8511887	14671485	2	2	4
20	14672177	14924259	4	2	6
20	14932896	57850935	2	2	4
20	57851962	62956153	3	2	5
21	10736871	48096957	2	0	2
22	16052528	51234455	2	0	2
