chromosome_index	start_position	end_position	major_cn	minor_cn	total_cn
1	61735	48479075	1	1	2
1	48479525	99269392	2	1	3
1	99284894	109729327	1	0	1
1	109734541	111466363	2	1	3
1	111467963	120689060	1	0	1
1	120691121	121482979	2	1	3
1	144007049	193858832	4	0	4
1	193859137	195560193	9	4	13
1	195560840	201600858	4	4	8
1	201602009	218477059	4	2	6
1	218479659	244774511	4	0	4
1	244777718	245418165	8	0	8
1	245418431	249224388	4	0	4
2	12784	84907261	3	2	5
2	84907368	96895632	2	2	4
2	96898809	99228499	6	2	8
2	99230532	113099902	2	1	3
2	113101911	119984756	4	1	5
2	119985983	120232804	5	5	10
2	120232872	122289548	4	4	8
2	122292408	243089456	4	1	5
3	60345	79585885	2	0	2
3	79586304	79605999	6	2	8
3	79609821	86168194	2	0	2
3	86169768	86790381	5	2	7
3	86794501	88577909	2	0	2
3	88578044	90364925	5	2	7
3	90365233	197896118	2	2	4
4	12281	1373551	2	2	4
4	1380848	10142410	2	1	3
4	10142561	11352199	2	2	4
4	11353935	13190309	2	1	3
4	13194047	17143346	2	2	4
4	17143562	22299914	3	2	5
4	22300272	29712346	2	1	3
4	29713047	49057912	1	1	2
4	49061141	87882107	2	1	3
4	87884646	88098148	1	0	1
4	88104426	191027923	2	1	3
5	15532	70826531	2	1	3
5	70827174	180790320	2	0	2
6	149661	37725420	2	1	3
6	37726077	40313456	2	2	4
6	40313843	41898564	2	1	3
6	41902055	62033224	2	2	4
6	62036311	171051005	2	1	3
7	43259	51869423	2	2	4
7	51869850	52586703	5	2	7
7	52594373	54051365	3	2	5
7	54051501	159127004	2	2	4
8	31254	2508608	2	1	3
8	2509106	6031188	2	2	4
8	6031585	33673156	2	1	3
8	33674570	50980320	2	2	4
8	50988661	57775276	5	1	6
8	57775837	68129767	5	2	7
8	68135123	68843763	5	4	9
8	68847337	69641752	5	2	7
8	69642540	70606487	5	1	6
8	70607015	146298155	5	2	7
9	46587	141091394	2	0	2
10	72759	1978344	1	1	2
10	1983341	34942935	2	1	3
10	34943040	35267810	1	0	1
10	35269357	37054524	7	2	9
10	37055036	37221112	4	2	6
10	37221127	82473065	2	1	3
10	82476615	134769351	2	2	4
10	134773713	135506704	3	1	4
11	198572	134944770	2	1	3
12	150442	24864887	3	1	4
12	24871963	26685574	3	2	5
12	26686885	33288958	3	1	4
12	33290657	34787976	3	2	5
12	34796128	45371013	2	0	2
12	45371383	57987209	2	1	3
12	57989043	58558341	3	2	5
12	58560426	65294413	2	1	3
12	65295038	65466003	4	2	6
12	65468251	66536240	3	2	5
12	66536621	69215785	2	1	3
12	69215801	69961051	3	2	5
12	69963366	71529728	2	1	3
12	71530221	73198747	2	2	4
12	73199925	130299327	2	1	3
12	130299682	131327760	2	2	4
12	131329404	133778189	2	1	3
13	19026949	115108397	2	2	4
14	19002124	107285437	2	2	4
15	20016328	102469040	2	1	3
16	60777	5120305	2	1	3
16	5122359	35283226	2	2	4
16	46463782	83863934	2	1	3
16	83864458	90287535	1	1	2
17	526	10054325	4	0	4
17	10054798	21387657	5	1	6
17	21390044	27905549	5	2	7
17	27906836	60644677	4	2	6
17	60657307	64864895	5	2	7
17	64866456	81049726	3	2	5
18	48133	29711986	2	2	4
18	29714840	57323879	2	0	2
18	57324336	78015057	3	0	3
19	90910	14384935	1	0	1
19	14385020	19946939	2	0	2
19	19949209	27747993	3	0	3
19	27751675	29352099	4	2	6
19	29352388	33364628	2	2	4
19	33365292	34612047	3	1	4
19	34613276	37014170	4	1	5
19	37015887	38647921	6	3	9
19	38648071	49136515	3	3	6
19	49143607	59097854	4	0	4
20	61305	564026	2	1	3
20	565077	30326380	2	0	2
20	30326818	62956153	2	2	4
21	10736871	20620593	2	0	2
21	20627347	22111707	1	0	1
21	22117103	29499279	2	0	2
21	29502532	36912104	3	0	3
21	36912528	37133457	1	0	1
21	37133502	48096957	2	0	2
22	16052528	51234455	2	2	4
