chromosome_index position alt_count ref_count
1 1233424 4 15
1 9030997 11 51
1 12854440 16 177
1 24669504 18 73
1 34042979 7 32
1 90058454 9 28
1 90180288 4 16
1 110086752 5 20
1 152284143 78 250
1 152324606 27 98
1 158262412 8 11
1 200378016 5 20
1 210334256 8 40
1 216850654 4 43
1 228246882 5 14
1 236723047 12 30
1 247752194 20 48
2 27717235 6 12
2 85276556 10 29
2 179605766 18 72
2 219251895 11 46
3 37555268 11 15
3 38640419 15 70
3 49412905 16 34
3 54604065 18 38
3 78684982 9 29
3 89528554 4 10
3 113652378 9 33
3 113955522 13 26
3 123376108 6 31
3 142840282 13 57
4 24558017 7 27
4 38777160 3 17
4 73156747 4 20
4 85661555 5 25
4 87643423 8 33
4 100544029 12 27
4 123336638 15 47
4 126238415 14 25
4 126370752 3 35
4 155157788 5 22
5 14681649 12 19
5 88018596 13 33
5 115298413 6 23
5 140203412 13 49
5 140256720 42 94
5 140558894 23 201
5 140580096 16 79
5 140789552 5 25
5 158630531 16 21
5 176797932 4 16
5 180166621 6 13
6 42625808 67 54
6 83767606 3 17
6 102074313 5 92
7 95034618 7 11
7 126883319 5 10
7 137237196 10 40
8 88365898 4 18
8 88885868 9 54
8 104898169 5 40
9 12821406 21 54
10 13234491 11 24
10 17276765 7 22
10 18789768 7 26
10 76789439 15 39
10 81052021 16 62
10 99126349 15 66
10 121658153 22 58
11 1263878 33 93
11 3249928 10 40
11 5528945 11 27
11 30032974 11 27
11 44069816 25 60
11 48510618 7 33
11 124620670 5 24
12 9840550 11 36
12 31820774 5 13
12 48371127 11 47
12 50185782 4 18
12 56482341 30 102
12 91348279 7 21
12 102147160 3 22
12 107712922 4 7
12 108589694 18 60
12 108912824 4 20
12 118490136 8 33
12 131438988 3 23
13 48986434 7 32
13 92345752 6 25
14 30135292 16 48
15 54586259 14 48
16 1817631 11 12
16 49671764 11 46
16 68849586 27 22
16 70989374 12 24
17 4720037 29 83
17 11666890 9 12
17 33267619 3 17
17 56448391 11 17
17 70732808 5 47
18 7117677 7 26
18 19427012 5 26
18 21739566 12 31
18 50912418 5 10
19 375955 12 28
19 9070919 5 24
19 13192536 7 23
19 19756753 32 110
19 20844314 3 24
19 22364350 3 8
19 37441098 4 29
19 39281495 5 19
19 42489213 4 14
19 46307639 10 24
19 50868895 3 6
19 53686190 10 29
19 54656241 21 72
20 58440688 7 23
21 11098713 17 116
21 15872912 6 28
21 32119521 13 46
21 46058077 8 43
21 47539015 5 8
