chromosome_index position alt_count ref_count
1 74834720 4 36
1 175048764 11 10
2 170667377 21 47
2 179569078 21 141
2 179641669 8 59
2 209113112 23 42
2 242039161 13 89
4 47427857 17 50
4 80327819 28 79
5 131329917 9 13
6 29080500 4 58
6 32188188 7 141
6 117593660 16 221
7 49977166 39 88
7 57188855 6 59
7 122635637 16 52
8 37698983 4 24
9 119139910 15 31
9 138588581 5 66
10 134521843 7 32
11 116719848 7 65
14 23652141 61 142
15 28903832 18 36
15 34042447 4 23
16 837118 5 13
16 68398674 6 51
17 7577138 22 6
17 18220403 4 92
20 25436318 57 145
20 25436402 69 218
