chromosome_index	start_position	end_position	major_cn	minor_cn	total_cn
1	1	182499	1.0	1.0	2.0
1	182500	807500	1.0	1.0	2.0
1	807501	12821074	1.0	1.0	2.0
1	12821075	34573999	1.0	1.0	2.0
1	34574000	34574604	1.0	1.0	2.0
1	34574605	40399727	1.0	1.0	2.0
1	40399728	40401990	1.0	1.0	2.0
1	40401991	121499999	1.0	1.0	2.0
1	121500000	128899999	1.0	1.0	2.0
1	128900000	195232883	1.0	1.0	2.0
1	195232884	197675334	1.0	1.0	2.0
1	197675335	247249600	1.0	1.0	2.0
1	247249601	249250620	1.0	1.0	2.0
2	22500	90499999	1.0	1.0	2.0
2	90500000	96799999	1.0	1.0	2.0
2	96800000	233191520	1.0	1.0	2.0
2	233191521	233304980	1.0	1.0	2.0
2	233304981	242985695	1.0	1.0	2.0
3	100074	6373115	1.0	1.0	2.0
3	6373116	30382831	1.0	1.0	2.0
3	30382832	37019096	1.0	1.0	2.0
3	37019097	37019814	1.0	1.0	2.0
3	37019815	37020839	1.0	1.0	2.0
3	37020840	37225500	1.0	0.0	1.0
3	37225501	87899999	1.0	1.0	2.0
3	87900000	93899999	1.0	1.0	2.0
3	93900000	197707680	1.0	1.0	2.0
4	77204	77863	1.0	1.0	2.0
4	77864	78173	1.0	1.0	2.0
4	78174	2381022	2.0	1.0	3.0
4	2381023	25565010	1.0	1.0	2.0
4	25565011	25566574	1.0	1.0	2.0
4	25566575	48199999	1.0	1.0	2.0
4	48200000	52699999	1.0	1.0	2.0
4	52700000	59859369	1.0	1.0	2.0
4	59859370	60099690	1.0	1.0	2.0
4	60099691	94962898	1.0	1.0	2.0
4	94962899	95566457	1.0	1.0	2.0
4	95566458	173306211	1.0	1.0	2.0
4	173306212	186201895	1.0	1.0	2.0
4	186201896	190818873	1.0	0.0	1.0
5	22500	46099999	1.0	1.0	2.0
5	46100000	50699999	1.0	1.0	2.0
5	50700000	62829551	1.0	1.0	2.0
5	62829552	67639464	1.0	1.0	2.0
5	67639465	180689978	1.0	1.0	2.0
6	39681	207500	1.0	0.0	1.0
6	207501	8601645	1.0	0.0	1.0
6	8601646	8631979	1.0	0.0	1.0
6	8631980	10827561	4.0	1.0	5.0
6	10827562	10850677	1.0	0.0	1.0
6	10850678	11084240	2.0	0.0	2.0
6	11084241	11092172	2.0	1.0	3.0
6	11092173	11508946	1.0	1.0	2.0
6	11508947	13644379	1.0	0.0	1.0
6	13644380	13645256	1.0	0.0	1.0
6	13645257	13664238	1.0	0.0	1.0
6	13664239	19258603	1.0	0.0	1.0
6	19258604	27744835	1.0	0.0	1.0
6	27744836	34922675	1.0	1.0	2.0
6	34922676	35604669	1.0	1.0	2.0
6	35604670	57269997	1.0	1.0	2.0
6	57269998	58086802	1.0	0.0	1.0
6	58086803	58699999	1.0	1.0	2.0
6	63300000	63482689	2.0	1.0	3.0
6	63482690	63487523	2.0	1.0	3.0
6	63487524	63650250	2.0	1.0	3.0
6	63650251	64338822	1.0	0.0	1.0
6	64338823	66287583	1.0	0.0	1.0
6	66287584	66547587	1.0	1.0	2.0
6	66547588	66769511	2.0	1.0	3.0
6	66769512	66772059	2.0	1.0	3.0
6	66772060	66776004	1.0	1.0	2.0
6	66776005	67690062	1.0	1.0	2.0
6	67690063	88220853	1.0	0.0	1.0
6	88220854	88222176	1.0	0.0	1.0
6	88222177	158121040	1.0	0.0	1.0
6	158121041	159224034	1.0	1.0	2.0
6	159224035	159239115	1.0	1.0	2.0
6	159239116	170899934	1.0	1.0	2.0
7	40386	32692543	1.0	1.0	2.0
7	32692544	32695553	1.0	1.0	2.0
7	32695554	32695987	1.0	0.0	1.0
7	32695988	34442724	1.0	0.0	1.0
7	34442725	37824201	1.0	1.0	2.0
7	37824202	38154774	1.0	0.0	1.0
7	38154775	38245946	1.0	1.0	2.0
7	38245947	38254153	1.0	0.0	1.0
7	38254154	38342939	1.0	0.0	1.0
7	38342940	40214154	1.0	1.0	2.0
7	40214155	40257939	1.0	1.0	2.0
7	40257940	40260217	1.0	1.0	2.0
7	40260218	40349612	1.0	1.0	2.0
7	40349613	40738561	1.0	1.0	2.0
7	40738562	41453325	1.0	1.0	2.0
7	41453326	41469552	1.0	1.0	2.0
7	41469553	41469708	1.0	1.0	2.0
7	41469709	41479307	1.0	1.0	2.0
7	41479308	42170137	1.0	1.0	2.0
7	42170138	42942745	1.0	1.0	2.0
7	42942746	42996869	1.0	1.0	2.0
7	42996870	47168711	1.0	1.0	2.0
7	47168712	47858663	1.0	1.0	2.0
7	47858664	51902540	1.0	1.0	2.0
7	51902541	56679244	1.0	1.0	2.0
7	56679245	56679682	1.0	1.0	2.0
7	56679683	56714993	1.0	1.0	2.0
7	56714994	56772390	1.0	1.0	2.0
7	56772391	57999999	1.0	1.0	2.0
7	61969202	63040809	1.0	0.0	1.0
7	63040810	64655218	1.0	0.0	1.0
7	64655219	64705745	1.0	0.0	1.0
7	64705746	64749552	1.0	1.0	2.0
7	64749553	64750325	1.0	1.0	2.0
7	64750326	64974448	1.0	0.0	1.0
7	64974449	69886477	1.0	1.0	2.0
7	69886478	70207490	1.0	0.0	1.0
7	70207491	70863526	1.0	1.0	2.0
7	70863527	70863933	1.0	1.0	2.0
7	70863934	71370424	1.0	1.0	2.0
7	71370425	71370869	1.0	1.0	2.0
7	71370870	71375301	1.0	1.0	2.0
7	71375302	71388988	1.0	1.0	2.0
7	71388989	71399102	1.0	1.0	2.0
7	71399103	73769531	1.0	1.0	2.0
7	73769532	75753460	1.0	1.0	2.0
7	75753461	75886090	1.0	1.0	2.0
7	75886091	76213128	1.0	1.0	2.0
7	76213129	76222122	1.0	1.0	2.0
7	76222123	76225615	2.0	1.0	3.0
7	76225616	76711720	2.0	1.0	3.0
7	76711721	76713729	2.0	1.0	3.0
7	76713730	77077345	1.0	1.0	2.0
7	77077346	78834283	1.0	0.0	1.0
7	78834284	80427559	1.0	1.0	2.0
7	80427560	85484862	1.0	0.0	1.0
7	85484863	85594787	1.0	1.0	2.0
7	85594788	88136040	1.0	0.0	1.0
7	88136041	88825597	1.0	1.0	2.0
7	88825598	89004976	1.0	0.0	1.0
7	89004977	89636266	1.0	1.0	2.0
7	89636267	90411899	1.0	0.0	1.0
7	90411900	91357789	1.0	1.0	2.0
7	91357790	91842605	1.0	1.0	2.0
7	91842606	92873275	1.0	1.0	2.0
7	92873276	93821782	1.0	1.0	2.0
7	93821783	94244261	1.0	1.0	2.0
7	94244262	94439183	1.0	0.0	1.0
7	94439184	95441674	1.0	0.0	1.0
7	95441675	96274604	1.0	1.0	2.0
7	96274605	96547096	1.0	1.0	2.0
7	96547097	96588431	2.0	1.0	3.0
7	96588432	97491051	2.0	1.0	3.0
7	97491052	97609181	1.0	1.0	2.0
7	97609182	97940479	2.0	1.0	3.0
7	97940480	97945217	2.0	1.0	3.0
7	97945218	98332165	2.0	1.0	3.0
7	98332166	98359818	1.0	1.0	2.0
7	98359819	98437999	1.0	1.0	2.0
7	98438000	98595791	2.0	1.0	3.0
7	98595792	98619544	1.0	1.0	2.0
7	98619545	99078504	2.0	1.0	3.0
7	99078505	99568977	2.0	1.0	3.0
7	99568978	99689934	2.0	1.0	3.0
7	99689935	100826493	3.0	1.0	4.0
7	100826494	100828538	3.0	1.0	4.0
7	100828539	100829236	3.0	1.0	4.0
7	100829237	101779887	3.0	1.0	4.0
7	101779888	102578511	2.0	1.0	3.0
7	102578512	130994525	1.0	0.0	1.0
7	130994526	131494468	2.0	1.0	3.0
7	131494469	131580002	2.0	1.0	3.0
7	131580003	134347497	1.0	1.0	2.0
7	134347498	134511457	1.0	1.0	2.0
7	134511458	135756745	4.0	2.0	6.0
7	135756746	135859089	1.0	1.0	2.0
7	135859090	135949843	1.0	1.0	2.0
7	135949844	136596111	1.0	0.0	1.0
7	136596112	136876894	1.0	0.0	1.0
7	136876895	137365065	1.0	1.0	2.0
7	137365066	138349022	1.0	1.0	2.0
7	138349023	138695136	1.0	1.0	2.0
7	138695137	142842500	1.0	1.0	2.0
7	142842501	145579342	1.0	0.0	1.0
7	145579343	146457218	1.0	1.0	2.0
7	146457219	147210131	1.0	0.0	1.0
7	147210132	147215019	1.0	1.0	2.0
7	147215020	147303967	1.0	1.0	2.0
7	147303968	147814992	1.0	0.0	1.0
7	147814993	148378223	1.0	0.0	1.0
7	148378224	151802878	1.0	1.0	2.0
7	151802879	151883122	1.0	1.0	2.0
7	151883123	151884493	1.0	1.0	2.0
7	151884494	151888133	1.0	1.0	2.0
7	151888134	151914003	1.0	1.0	2.0
7	151914004	151936556	1.0	1.0	2.0
7	151936557	151944006	1.0	0.0	1.0
7	151944007	152886423	1.0	0.0	1.0
7	152886424	154144016	1.0	0.0	1.0
7	154144017	154842514	1.0	1.0	2.0
7	154842515	155254597	1.0	1.0	2.0
7	155254598	155655326	4.0	2.0	6.0
7	155655327	155994182	2.0	1.0	3.0
7	155994183	156094690	2.0	1.0	3.0
7	156094691	156373039	1.0	1.0	2.0
7	156373040	156373083	2.0	2.0	4.0
7	156373084	157280100	1.0	1.0	2.0
7	157280101	157284135	1.0	1.0	2.0
7	157284136	157295739	1.0	1.0	2.0
7	157295740	157295909	1.0	1.0	2.0
7	157295910	157408925	1.0	1.0	2.0
7	157408926	157439881	1.0	1.0	2.0
7	157439882	157517818	1.0	1.0	2.0
7	157517819	157570449	1.0	1.0	2.0
7	157570450	158138488	1.0	1.0	2.0
7	158138489	158139010	1.0	1.0	2.0
7	158139011	158410031	1.0	1.0	2.0
7	158410032	158821400	1.0	1.0	2.0
8	10001	165303	2.0	1.0	3.0
8	165304	168275	2.0	1.0	3.0
8	168276	199204	3.0	1.0	4.0
8	199205	203750	3.0	1.0	4.0
8	203751	212609	2.0	1.0	3.0
8	212610	319364	3.0	1.0	4.0
8	319365	330480	2.0	1.0	3.0
8	330481	499876	3.0	1.0	4.0
8	499877	2189984	2.0	1.0	3.0
8	2189985	2296399	2.0	0.0	2.0
8	2296400	2303875	2.0	1.0	3.0
8	2303876	2590638	2.0	1.0	3.0
8	2590639	3798402	1.0	1.0	2.0
8	3798403	3935770	2.0	1.0	3.0
8	3935771	5384000	1.0	1.0	2.0
8	5384001	5792951	1.0	0.0	1.0
8	5792952	5795536	1.0	0.0	1.0
8	5795537	6198522	3.0	0.0	3.0
8	6198523	6206916	3.0	0.0	3.0
8	6206917	6259657	3.0	0.0	3.0
8	6259658	6263531	2.0	0.0	2.0
8	6263532	7252987	3.0	0.0	3.0
8	7252988	8158533	3.0	1.0	4.0
8	8158534	8160901	3.0	1.0	4.0
8	8160902	9289043	3.0	1.0	4.0
8	9289044	10150609	2.0	0.0	2.0
8	10150610	10289666	3.0	1.0	4.0
8	10289667	12483963	2.0	1.0	3.0
8	12483964	12720906	1.0	1.0	2.0
8	12720907	13266495	1.0	0.0	1.0
8	13266496	15311634	0.0	0.0	0.0
8	15311635	24989799	1.0	0.0	1.0
8	24989800	43099999	1.0	1.0	2.0
8	43100000	48099999	1.0	1.0	2.0
8	48100000	57956001	1.0	1.0	2.0
8	57956002	63834591	1.0	0.0	1.0
8	63834592	128214599	1.0	1.0	2.0
8	128214600	128404242	1.0	1.0	2.0
8	128404243	137737316	1.0	1.0	2.0
8	137737317	146280074	1.0	1.0	2.0
8	146280075	146284581	1.0	0.0	1.0
9	47500	21974824	1.0	0.0	1.0
9	21974825	22661893	0.0	0.0	0.0
9	22661894	38315111	1.0	0.0	1.0
9	38315112	38692691	1.0	0.0	1.0
9	38692692	38733270	1.0	0.0	1.0
9	38733271	39029402	1.0	0.0	1.0
9	39029403	47299999	1.0	1.0	2.0
9	47300000	50699999	1.0	1.0	2.0
9	50700000	140273200	1.0	1.0	2.0
10	94426	13897967	1.0	1.0	2.0
10	13897968	13900617	1.0	1.0	2.0
10	13900618	30337808	1.0	1.0	2.0
10	30337809	37999999	1.0	1.0	2.0
10	38000000	42299999	1.0	1.0	2.0
10	42300000	74382416	1.0	1.0	2.0
10	74382417	74477886	1.0	1.0	2.0
10	74477887	135389924	1.0	1.0	2.0
11	20721	199152	1.0	1.0	2.0
11	199153	51599999	1.0	1.0	2.0
11	51600000	55699999	1.0	1.0	2.0
11	55700000	134946194	1.0	1.0	2.0
12	110107	215516	2.0	1.0	3.0
12	215517	2049025	2.0	1.0	3.0
12	2049026	2943693	3.0	1.0	4.0
12	2943694	2947653	2.0	1.0	3.0
12	2947654	2947776	2.0	1.0	3.0
12	2947777	2947946	2.0	1.0	3.0
12	2947947	3016140	3.0	1.0	4.0
12	3016141	3025794	2.0	1.0	3.0
12	3025795	4146998	3.0	1.0	4.0
12	4146999	4148217	3.0	1.0	4.0
12	4148218	4488421	3.0	1.0	4.0
12	4488422	4491989	2.0	1.0	3.0
12	4491990	4492360	2.0	1.0	3.0
12	4492361	4496024	2.0	1.0	3.0
12	4496025	4498284	3.0	1.0	4.0
12	4498285	4543540	2.0	1.0	3.0
12	4543541	4617593	2.0	1.0	3.0
12	4617594	4789796	2.0	1.0	3.0
12	4789797	7077576	1.0	1.0	2.0
12	7077577	7081463	1.0	0.0	1.0
12	7081464	7081538	1.0	0.0	1.0
12	7081539	7082036	1.0	0.0	1.0
12	7082037	15128790	1.0	0.0	1.0
12	15128791	22807811	1.0	0.0	1.0
12	22807812	33299999	1.0	1.0	2.0
12	33300000	38199999	1.0	1.0	2.0
12	38200000	114608458	1.0	1.0	2.0
12	114608459	116338636	1.0	0.0	1.0
12	116338637	116387566	1.0	1.0	2.0
12	116387567	132412690	1.0	0.0	1.0
12	132412691	132446609	1.0	0.0	1.0
12	132446610	133851894	1.0	0.0	1.0
13	1	16299999	1.0	1.0	2.0
13	16300000	19499999	1.0	1.0	2.0
13	19500000	28675729	1.0	1.0	2.0
13	28675730	28920455	1.0	1.0	2.0
13	28920456	31341491	1.0	1.0	2.0
13	31341492	36783491	1.0	1.0	2.0
13	36783492	114142800	1.0	1.0	2.0
13	114142801	115169877	1.0	1.0	2.0
14	1	16099999	1.0	1.0	2.0
14	16100000	19099999	1.0	1.0	2.0
14	19100000	20432547	1.0	1.0	2.0
14	20432548	106368400	1.0	1.0	2.0
15	1	15799999	3.0	0.0	3.0
15	20700000	21934844	1.0	0.0	1.0
15	21934845	21960340	1.0	0.0	1.0
15	21960341	22575002	1.0	0.0	1.0
15	22575003	23887646	1.0	1.0	2.0
15	23887647	23890177	1.0	1.0	2.0
15	23890178	26452102	1.0	1.0	2.0
15	26452103	28370388	1.0	1.0	2.0
15	28370389	30555423	1.0	0.0	1.0
15	30555424	30561496	1.0	0.0	1.0
15	30561497	31766544	1.0	1.0	2.0
15	31766545	31768495	1.0	1.0	2.0
15	31768496	31768983	1.0	1.0	2.0
15	31768984	31772288	1.0	1.0	2.0
15	31772289	31786603	1.0	1.0	2.0
15	31786604	31789790	1.0	1.0	2.0
15	31789791	34002623	1.0	1.0	2.0
15	34002624	34006092	1.0	1.0	2.0
15	34006093	34275367	1.0	1.0	2.0
15	34275368	36919981	1.0	0.0	1.0
15	36919982	38915035	1.0	1.0	2.0
15	38915036	38917025	1.0	1.0	2.0
15	38917026	54437953	1.0	1.0	2.0
15	54437954	54441093	1.0	1.0	2.0
15	54441094	55779302	1.0	1.0	2.0
15	55779303	55791122	1.0	1.0	2.0
15	55791123	57838645	1.0	1.0	2.0
15	57838646	58010479	1.0	0.0	1.0
15	58010480	58014520	1.0	0.0	1.0
15	58014521	58503563	1.0	1.0	2.0
15	58503564	58503631	1.0	1.0	2.0
15	58503632	58503734	1.0	1.0	2.0
15	58503735	58512359	1.0	0.0	1.0
15	58512360	58513601	1.0	0.0	1.0
15	58513602	58517824	1.0	0.0	1.0
15	58517825	58524033	1.0	0.0	1.0
15	58524034	59179412	1.0	0.0	1.0
15	59179413	59226389	1.0	1.0	2.0
15	59226390	59228941	1.0	1.0	2.0
15	59228942	59246280	1.0	1.0	2.0
15	59246281	59253975	1.0	1.0	2.0
15	59253976	59821597	1.0	1.0	2.0
15	59821598	69691613	1.0	0.0	1.0
15	69691614	75246896	1.0	1.0	2.0
15	75246897	75249254	1.0	1.0	2.0
15	75249255	75264752	1.0	1.0	2.0
15	75264753	75267288	1.0	1.0	2.0
15	75267289	75272070	1.0	1.0	2.0
15	75272071	75274176	1.0	1.0	2.0
15	75274177	75595860	1.0	1.0	2.0
15	75595861	75604433	1.0	1.0	2.0
15	75604434	75741121	1.0	1.0	2.0
15	75741122	75743528	1.0	1.0	2.0
15	75743529	75750115	1.0	1.0	2.0
15	75750116	75755198	1.0	1.0	2.0
15	75755199	76749056	1.0	1.0	2.0
15	76749057	76751313	1.0	1.0	2.0
15	76751314	78050581	1.0	1.0	2.0
15	78050582	78076429	1.0	0.0	1.0
15	78076430	78076836	1.0	0.0	1.0
15	78076837	79165055	1.0	1.0	2.0
15	79165056	79170922	3.0	1.0	4.0
15	79170923	79303427	1.0	1.0	2.0
15	79303428	79982273	1.0	0.0	1.0
15	79982274	80177605	1.0	1.0	2.0
15	80177606	80183522	1.0	1.0	2.0
15	80183523	81299982	1.0	1.0	2.0
15	81299983	81312345	1.0	0.0	1.0
15	81312346	81315581	1.0	1.0	2.0
15	81315582	81315955	1.0	1.0	2.0
15	81315956	81328701	1.0	1.0	2.0
15	81328702	81332179	1.0	1.0	2.0
15	81332180	81350359	1.0	1.0	2.0
15	81350360	81352767	1.0	1.0	2.0
15	81352768	81366237	1.0	1.0	2.0
15	81366238	81369652	1.0	1.0	2.0
15	81369653	81513650	1.0	1.0	2.0
15	81513651	81531108	1.0	0.0	1.0
15	81531109	81535111	1.0	0.0	1.0
15	81535112	81535717	1.0	0.0	1.0
15	81535718	81537054	1.0	0.0	1.0
15	81537055	81568228	1.0	0.0	1.0
15	81568229	81786258	1.0	1.0	2.0
15	81786259	81786682	1.0	1.0	2.0
15	81786683	81792420	1.0	1.0	2.0
15	81792421	82557887	1.0	0.0	1.0
15	82557888	102506222	1.0	1.0	2.0
16	94080	34599999	1.0	1.0	2.0
16	34600000	38599999	1.0	1.0	2.0
16	38600000	78354567	1.0	1.0	2.0
16	78354568	78422064	1.0	1.0	2.0
16	78422065	78721759	1.0	1.0	2.0
16	78721760	78842730	1.0	1.0	2.0
16	78842731	88827200	1.0	1.0	2.0
16	88827201	90354752	1.0	1.0	2.0
17	7	18412247	1.0	0.0	1.0
17	18412248	22199999	1.0	0.0	1.0
17	25800000	27956333	1.0	1.0	2.0
17	27956334	77129900	1.0	1.0	2.0
17	77129901	77889580	1.0	1.0	2.0
17	77889581	78295789	2.0	1.0	3.0
17	78295790	78297662	1.0	1.0	2.0
17	78297663	80361107	1.0	1.0	2.0
18	27500	125370	1.0	1.0	2.0
18	125371	15399999	2.0	0.0	2.0
18	15400000	18999999	2.0	0.0	2.0
18	19000000	27762647	2.0	0.0	2.0
18	27762648	27765434	2.0	1.0	3.0
18	27765435	27769388	2.0	1.0	3.0
18	27769389	29885708	2.0	0.0	2.0
18	29885709	32048202	0.0	0.0	0.0
18	32048203	39604534	1.0	1.0	2.0
18	39604535	40066725	2.0	0.0	2.0
18	40066726	47720582	1.0	1.0	2.0
18	47720583	47804101	1.0	0.0	1.0
18	47804102	48159894	2.0	0.0	2.0
18	48159895	50390891	0.0	0.0	0.0
18	50390892	50400390	0.0	0.0	0.0
18	50400391	50437506	0.0	0.0	0.0
18	50437507	50993154	0.0	0.0	0.0
18	50993155	51045552	2.0	0.0	2.0
18	51045553	51047100	2.0	0.0	2.0
18	51047101	51102162	2.0	0.0	2.0
18	51102163	51116780	2.0	0.0	2.0
18	51116781	51116855	2.0	0.0	2.0
18	51116856	51127077	2.0	0.0	2.0
18	51127078	53950009	2.0	0.0	2.0
18	53950010	54697460	2.0	0.0	2.0
18	54697461	54701234	2.0	1.0	3.0
18	54701235	55270000	2.0	1.0	3.0
18	55270001	56017817	2.0	1.0	3.0
18	56017818	56366693	2.0	1.0	3.0
18	56366694	57038933	1.0	1.0	2.0
18	57038934	57467893	2.0	1.0	3.0
18	57467894	57891524	1.0	1.0	2.0
18	57891525	57894105	2.0	0.0	2.0
18	57894106	68687706	2.0	0.0	2.0
18	68687707	68735243	2.0	0.0	2.0
18	68735244	68735386	2.0	0.0	2.0
18	68735387	69898532	2.0	0.0	2.0
18	69898533	69905634	4.0	2.0	6.0
18	69905635	69965313	4.0	2.0	6.0
18	69965314	69966514	4.0	2.0	6.0
18	69966515	70137604	2.0	0.0	2.0
18	70137605	70191681	2.0	1.0	3.0
18	70191682	71780922	2.0	0.0	2.0
18	71780923	71805417	2.0	1.0	3.0
18	71805418	71809074	2.0	0.0	2.0
18	71809075	73156419	1.0	1.0	2.0
18	73156420	74272201	3.0	2.0	5.0
18	74272202	74274552	4.0	2.0	6.0
18	74274553	74442500	4.0	2.0	6.0
18	74442501	74528487	4.0	2.0	6.0
18	74528488	74543816	4.0	1.0	5.0
18	74543817	74797897	4.0	2.0	6.0
18	74797898	74808029	4.0	2.0	6.0
18	74808030	75219925	4.0	2.0	6.0
18	75219926	75376241	4.0	2.0	6.0
18	75376242	77815100	2.0	1.0	3.0
18	77815101	77818009	1.0	0.0	1.0
19	102500	245630	1.0	1.0	2.0
19	245631	24399999	1.0	1.0	2.0
19	24400000	28599999	1.0	1.0	2.0
19	28600000	59128982	1.0	1.0	2.0
20	41082	18627130	1.0	0.0	1.0
20	18627131	25599999	1.0	1.0	2.0
20	25600000	29399999	1.0	1.0	2.0
20	29400000	62432500	1.0	1.0	2.0
21	10900000	14491018	1.0	0.0	1.0
21	14491019	15273816	0.0	0.0	0.0
21	15273817	15651666	1.0	0.0	1.0
21	15651667	24156718	1.0	1.0	2.0
21	24156719	24164982	1.0	1.0	2.0
21	24164983	27536265	1.0	1.0	2.0
21	27536266	27537567	1.0	1.0	2.0
21	27537568	27537642	1.0	1.0	2.0
21	27537643	27578414	1.0	1.0	2.0
21	27578415	27581963	1.0	1.0	2.0
21	27581964	27941222	1.0	1.0	2.0
21	27941223	27945498	1.0	1.0	2.0
21	27945499	27945618	1.0	1.0	2.0
21	27945619	27945632	1.0	1.0	2.0
21	27945633	27953492	1.0	1.0	2.0
21	27953493	27960344	1.0	1.0	2.0
21	27960345	28293007	1.0	1.0	2.0
21	28293008	28679425	1.0	0.0	1.0
21	28679426	33043481	1.0	0.0	1.0
21	33043482	33044629	1.0	0.0	1.0
21	33044630	33103642	1.0	0.0	1.0
21	33103643	33296606	1.0	1.0	2.0
21	33296607	33308654	1.0	1.0	2.0
21	33308655	33311833	1.0	1.0	2.0
21	33311834	33721548	1.0	1.0	2.0
21	33721549	33728803	1.0	1.0	2.0
21	33728804	36037551	1.0	1.0	2.0
21	36037552	36040372	1.0	1.0	2.0
21	36040373	36062327	1.0	1.0	2.0
21	36062328	36067584	1.0	1.0	2.0
21	36067585	36068740	1.0	1.0	2.0
21	36068741	36071234	1.0	1.0	2.0
21	36071235	36201194	1.0	1.0	2.0
21	36201195	36207933	3.0	1.0	4.0
21	36207934	36210106	1.0	1.0	2.0
21	36210107	36215409	1.0	1.0	2.0
21	36215410	36216096	1.0	1.0	2.0
21	36216097	36221586	1.0	1.0	2.0
21	36221587	36221856	1.0	1.0	2.0
21	36221857	36636313	1.0	1.0	2.0
21	36636314	36647731	1.0	1.0	2.0
21	36647732	36649098	1.0	0.0	1.0
21	36649099	36650995	1.0	1.0	2.0
21	36650996	36651979	1.0	1.0	2.0
21	36651980	36663478	1.0	1.0	2.0
21	36663479	36664645	1.0	1.0	2.0
21	36664646	36667808	1.0	1.0	2.0
21	36667809	36804455	1.0	1.0	2.0
21	36804456	36806629	1.0	1.0	2.0
21	36806630	36818298	1.0	1.0	2.0
21	36818299	36822993	1.0	1.0	2.0
21	36822994	36824378	1.0	1.0	2.0
21	36824379	37218747	1.0	1.0	2.0
21	37218748	37218816	1.0	1.0	2.0
21	37218817	37510672	1.0	0.0	1.0
21	37510673	37677519	1.0	0.0	1.0
21	37677520	37685287	1.0	1.0	2.0
21	37685288	37689468	1.0	0.0	1.0
21	37689469	37692911	1.0	0.0	1.0
21	37692912	37695527	1.0	0.0	1.0
21	37695528	37706924	1.0	0.0	1.0
21	37706925	41176266	1.0	1.0	2.0
21	41176267	42294115	1.0	1.0	2.0
21	42294116	42334955	1.0	0.0	1.0
21	42334956	42335057	1.0	0.0	1.0
21	42335058	46944200	1.0	0.0	1.0
21	46944201	48129894	1.0	0.0	1.0
22	1	12199999	1.0	0.0	1.0
22	12200000	17899999	1.0	0.0	1.0
22	17900000	29065764	1.0	0.0	1.0
22	29065765	29065974	1.0	0.0	1.0
22	29065975	49691400	1.0	0.0	1.0
22	49691401	51304565	1.0	0.0	1.0
