chromosome_index	start_position	end_position	major_cn	minor_cn	total_cn
1	810286	15557874	2.0	1.0	3.0
1	15557875	15591317	2.0	1.0	3.0
1	15591318	28076692	2.0	1.0	3.0
1	28076693	28080016	2.0	1.0	3.0
1	28080017	28207111	2.0	1.0	3.0
1	28207112	28209138	2.0	1.0	3.0
1	28209139	46504463	2.0	1.0	3.0
1	46504464	47190287	2.0	2.0	4.0
1	47190288	54723497	2.0	1.0	3.0
1	54723498	56089269	3.0	1.0	4.0
1	56089270	56137714	3.0	1.0	4.0
1	56137715	56764348	2.0	0.0	2.0
1	56764349	62677757	2.0	1.0	3.0
1	62677758	62836407	3.0	1.0	4.0
1	62836408	82325047	2.0	1.0	3.0
1	82325048	82362284	2.0	1.0	3.0
1	82362285	102056093	2.0	1.0	3.0
1	102056094	102064798	2.0	1.0	3.0
1	102064799	103509581	2.0	1.0	3.0
1	103509582	103559091	2.0	1.0	3.0
1	103559092	109349306	2.0	1.0	3.0
1	109349307	113340164	2.0	0.0	2.0
1	113340165	113389932	2.0	0.0	2.0
1	113389933	113430487	2.0	0.0	2.0
1	113430488	113520584	11.0	2.0	13.0
1	113520585	113521419	10.0	1.0	11.0
1	113521420	113529735	10.0	1.0	11.0
1	113530128	113597333	3.0	0.0	3.0
1	113597334	115009796	3.0	0.0	3.0
1	115009797	115018194	3.0	0.0	3.0
1	115018195	115184622	3.0	0.0	3.0
1	115184623	115346070	3.0	0.0	3.0
1	115346071	117157643	2.0	0.0	2.0
1	117157644	117279190	3.0	0.0	3.0
1	117279191	117385037	2.0	0.0	2.0
1	117385038	119045205	4.0	0.0	4.0
1	119045206	121499999	2.0	0.0	2.0
1	121500000	128899999	2.0	0.0	2.0
1	128900000	142966938	2.0	0.0	2.0
1	142966939	146577405	4.0	2.0	6.0
1	146577406	151643739	4.0	2.0	6.0
1	151643740	151977760	5.0	3.0	8.0
1	151977761	152025810	5.0	3.0	8.0
1	152025811	161820080	6.0	2.0	8.0
1	161820081	161825346	5.0	2.0	7.0
1	161825347	161856104	15.0	2.0	17.0
1	161856105	162180998	5.0	2.0	7.0
1	162180999	162183253	7.0	1.0	8.0
1	162183254	162183724	5.0	2.0	7.0
1	162183725	162855338	6.0	2.0	8.0
1	162855339	163131430	7.0	1.0	8.0
1	163131431	163691311	6.0	2.0	8.0
1	163691312	166522968	2.0	1.0	3.0
1	166522969	166546963	4.0	1.0	5.0
1	166546964	168012649	6.0	2.0	8.0
1	168012650	168029979	6.0	2.0	8.0
1	168029980	169096664	6.0	2.0	8.0
1	169096665	169322421	4.0	2.0	6.0
1	169322422	169489331	5.0	2.0	7.0
1	169489332	169797500	5.0	2.0	7.0
1	169797501	169904042	15.0	2.0	17.0
1	169904043	175575771	15.0	2.0	17.0
1	175575772	175575900	15.0	2.0	17.0
1	175575901	175845900	15.0	2.0	17.0
1	175845901	176332461	15.0	2.0	17.0
1	176332462	176372487	1.0	1.0	2.0
1	176372488	178498147	2.0	0.0	2.0
1	178498148	178706010	3.0	0.0	3.0
1	178706011	187832740	2.0	0.0	2.0
1	187832741	187864335	2.0	0.0	2.0
1	187864336	201296895	2.0	0.0	2.0
1	201296896	201490157	3.0	0.0	3.0
1	201490158	214563724	2.0	0.0	2.0
1	214563725	214606697	1.0	0.0	1.0
1	214606698	218853711	1.0	0.0	1.0
1	218853712	218902412	0.0	0.0	0.0
1	218902413	218946151	3.0	0.0	3.0
1	218946152	220459926	3.0	0.0	3.0
1	220459927	220508284	3.0	0.0	3.0
1	220508285	221477471	3.0	0.0	3.0
1	221477472	221527470	3.0	0.0	3.0
1	221527471	223601889	1.0	0.0	1.0
1	223601890	224245197	2.0	0.0	2.0
1	224245198	225054044	1.0	0.0	1.0
1	225054045	225275337	2.0	0.0	2.0
1	225275338	225838605	4.0	0.0	4.0
1	225838606	226327161	2.0	0.0	2.0
1	226327162	226382099	3.0	0.0	3.0
1	226382100	226384027	4.0	1.0	5.0
1	226384028	228124289	2.0	0.0	2.0
1	228124290	228124582	2.0	0.0	2.0
1	228124583	228128516	2.0	2.0	4.0
1	228128517	228216155	2.0	2.0	4.0
1	228216156	228290502	2.0	2.0	4.0
1	228290503	229988462	2.0	2.0	4.0
1	229988463	230635478	6.0	2.0	8.0
1	230635479	230674331	5.0	3.0	8.0
1	230674332	230869214	6.0	3.0	9.0
1	230869215	231530364	2.0	2.0	4.0
1	231530365	231544308	2.0	2.0	4.0
1	231544309	234157671	2.0	2.0	4.0
1	234157672	234203618	5.0	2.0	7.0
1	234203619	235382071	5.0	2.0	7.0
1	235382072	235427788	3.0	3.0	6.0
1	235427789	235627499	2.0	2.0	4.0
1	235627500	242935640	2.0	2.0	4.0
1	242935641	243330717	2.0	2.0	4.0
1	243330718	244586484	5.0	2.0	7.0
1	244586485	249159944	3.0	3.0	6.0
2	27075	57543	2.0	1.0	3.0
2	57544	20024111	2.0	1.0	3.0
2	20024112	20461859	2.0	2.0	4.0
2	20461860	20510039	2.0	1.0	3.0
2	20510040	24977499	2.0	1.0	3.0
2	24977500	24988823	3.0	2.0	5.0
2	24988824	31329649	3.0	1.0	4.0
2	31329650	31362670	5.0	1.0	6.0
2	31362671	31676862	4.0	1.0	5.0
2	31676863	31720996	4.0	1.0	5.0
2	31720997	33184445	3.0	1.0	4.0
2	33184446	33220161	5.0	1.0	6.0
2	33220162	34941588	3.0	1.0	4.0
2	34941589	34941801	3.0	1.0	4.0
2	34941802	39044784	3.0	1.0	4.0
2	39044785	39889400	2.0	1.0	3.0
2	39889401	40835756	3.0	1.0	4.0
2	40835757	63406641	3.0	0.0	3.0
2	63406642	63664744	3.0	0.0	3.0
2	63664745	85356830	3.0	0.0	3.0
2	85356831	85366574	4.0	1.0	5.0
2	85366575	90499999	3.0	0.0	3.0
2	90500000	96799999	3.0	0.0	3.0
2	96800000	139551591	3.0	0.0	3.0
2	139551592	139556803	3.0	0.0	3.0
2	139556804	139949389	3.0	0.0	3.0
2	139949390	148741656	2.0	0.0	2.0
2	148741657	148930836	2.0	0.0	2.0
2	148930837	161059703	3.0	0.0	3.0
2	161059704	161059943	3.0	0.0	3.0
2	161059944	176993238	3.0	0.0	3.0
2	176993239	177054689	3.0	0.0	3.0
2	177054690	187247622	3.0	0.0	3.0
2	187247623	187260103	3.0	0.0	3.0
2	187260104	187507018	4.0	0.0	4.0
2	187507019	187520244	4.0	0.0	4.0
2	187520245	188488356	4.0	0.0	4.0
2	188488357	190181017	3.0	0.0	3.0
2	190181018	190641826	4.0	0.0	4.0
2	190641827	205561322	3.0	0.0	3.0
2	205561323	205664770	3.0	0.0	3.0
2	205664771	206167373	2.0	0.0	2.0
2	206167374	213093991	3.0	0.0	3.0
2	213093992	213236789	2.0	0.0	2.0
2	213236790	242962109	3.0	0.0	3.0
3	60596	210034	2.0	0.0	2.0
3	210035	294375	3.0	1.0	4.0
3	294376	1139884	3.0	1.0	4.0
3	1139885	1986507	3.0	1.0	4.0
3	1986508	2817065	3.0	1.0	4.0
3	2817066	4723441	4.0	1.0	5.0
3	4723442	5373030	5.0	1.0	6.0
3	5373031	5390066	5.0	1.0	6.0
3	5390067	5630380	5.0	1.0	6.0
3	5630381	5672560	5.0	1.0	6.0
3	5672561	5867536	3.0	0.0	3.0
3	5867537	6219996	3.0	0.0	3.0
3	6219997	23507623	4.0	1.0	5.0
3	23507624	23531039	5.0	1.0	6.0
3	23531040	23712273	5.0	1.0	6.0
3	23712274	23760983	4.0	1.0	5.0
3	23760984	23766985	4.0	1.0	5.0
3	23766986	24734958	4.0	1.0	5.0
3	24734959	26661716	4.0	1.0	5.0
3	26661717	30281547	3.0	1.0	4.0
3	30281548	32247009	2.0	1.0	3.0
3	32247010	32250976	1.0	0.0	1.0
3	32250977	35098150	2.0	1.0	3.0
3	35098151	35267835	2.0	1.0	3.0
3	35267836	43220490	2.0	1.0	3.0
3	43220491	43221165	2.0	1.0	3.0
3	43221166	49867639	2.0	1.0	3.0
3	49867640	50671925	2.0	2.0	4.0
3	50671926	79583795	2.0	1.0	3.0
3	79583796	79768333	2.0	1.0	3.0
3	79768334	79794310	2.0	1.0	3.0
3	79794311	79914889	2.0	1.0	3.0
3	79914890	82236119	2.0	1.0	3.0
3	82236120	85083084	3.0	1.0	4.0
3	85083085	85125799	2.0	2.0	4.0
3	85125800	85248769	6.0	1.0	7.0
3	85248770	85250232	6.0	1.0	7.0
3	85250233	85560301	6.0	1.0	7.0
3	85560302	87899999	3.0	1.0	4.0
3	93900000	129017032	2.0	1.0	3.0
3	129017033	145846832	4.0	1.0	5.0
3	145846833	148724293	4.0	2.0	6.0
3	148724294	148733878	4.0	2.0	6.0
3	148733879	152703982	15.0	2.0	17.0
3	152703983	152802695	19.0	1.0	20.0
3	152802696	153775542	15.0	2.0	17.0
3	153775543	154125468	15.0	2.0	17.0
3	154125469	156173344	15.0	2.0	17.0
3	156173345	163255618	7.0	2.0	9.0
3	163255619	163387371	7.0	2.0	9.0
3	163387372	163394224	6.0	2.0	8.0
3	163394225	165378606	6.0	2.0	8.0
3	165378607	166503120	7.0	2.0	9.0
3	166503121	191158011	5.0	2.0	7.0
3	191158012	191165159	4.0	2.0	6.0
3	191165160	192451835	5.0	2.0	7.0
3	192451836	192885387	5.0	2.0	7.0
3	192885388	192932003	6.0	2.0	8.0
3	192932004	193178984	5.0	2.0	7.0
3	193178985	193785863	7.0	2.0	9.0
3	193785864	193824809	6.0	2.0	8.0
3	193824810	196863072	4.0	2.0	6.0
3	196863073	196863092	4.0	2.0	6.0
3	196863093	196990526	4.0	2.0	6.0
3	196990527	197464811	4.0	2.0	6.0
3	197464812	197743220	4.0	2.0	6.0
3	197743221	197744783	7.0	3.0	10.0
4	74474	20426834	1.0	1.0	2.0
4	20426835	20598157	1.0	1.0	2.0
4	20598158	47064682	1.0	1.0	2.0
4	47064683	48199999	2.0	1.0	3.0
4	52700000	56384611	2.0	2.0	4.0
4	56384612	59556126	2.0	0.0	2.0
4	59556127	86568886	2.0	0.0	2.0
4	86568887	86603355	2.0	0.0	2.0
4	86603356	89375348	2.0	0.0	2.0
4	89375349	89708333	3.0	0.0	3.0
4	89708334	92490133	2.0	0.0	2.0
4	92490134	92523555	2.0	0.0	2.0
4	92523556	124616355	2.0	0.0	2.0
4	124616356	125509979	3.0	0.0	3.0
4	125509980	125659935	5.0	0.0	5.0
4	125659936	137210348	2.0	0.0	2.0
4	137210349	137211468	2.0	0.0	2.0
4	137211469	137214011	5.0	2.0	7.0
4	137214012	137404042	2.0	0.0	2.0
4	137404043	155754850	2.0	0.0	2.0
4	155754851	155756042	2.0	0.0	2.0
4	155756043	157992757	2.0	0.0	2.0
4	157992758	158109748	2.0	0.0	2.0
4	158109749	162096942	2.0	0.0	2.0
4	162096943	162128919	3.0	3.0	6.0
4	162128920	163960132	2.0	0.0	2.0
4	163960133	165622661	2.0	0.0	2.0
4	165622662	165659274	15.0	2.0	17.0
4	165659275	165790447	2.0	0.0	2.0
4	165790448	184601061	2.0	0.0	2.0
4	184601062	184610338	2.0	0.0	2.0
4	184610339	191154275	3.0	0.0	3.0
5	50017	1568361	1.0	1.0	2.0
5	1568362	2069535	2.0	1.0	3.0
5	2069536	17747640	1.0	1.0	2.0
5	17747641	23462893	1.0	1.0	2.0
5	23462894	23712944	1.0	1.0	2.0
5	23712945	24225353	1.0	1.0	2.0
5	24225354	24243219	1.0	1.0	2.0
5	24243220	24279723	1.0	1.0	2.0
5	24279724	26628593	1.0	1.0	2.0
5	26628594	26767500	2.0	1.0	3.0
5	26767501	26884933	2.0	1.0	3.0
5	26884934	27272980	2.0	1.0	3.0
5	27272981	34843031	2.0	1.0	3.0
5	34843032	36269134	3.0	1.0	4.0
5	36269135	44295557	2.0	1.0	3.0
5	44295558	44302529	2.0	1.0	3.0
5	44302530	46099999	1.0	1.0	2.0
5	50700000	58593450	2.0	1.0	3.0
5	58593451	59452142	2.0	0.0	2.0
5	59452143	59469952	3.0	0.0	3.0
5	59469953	59799870	3.0	0.0	3.0
5	59799871	59841188	3.0	0.0	3.0
5	59841189	65024937	2.0	0.0	2.0
5	65024938	65033117	4.0	0.0	4.0
5	65033118	65033140	2.0	0.0	2.0
5	65033141	65053449	2.0	0.0	2.0
5	65053450	72711263	2.0	0.0	2.0
5	72711264	72968151	2.0	0.0	2.0
5	72968152	73199005	2.0	0.0	2.0
5	73199006	73199526	2.0	0.0	2.0
5	73199527	73240970	2.0	0.0	2.0
5	73240971	94093321	2.0	1.0	3.0
5	94093322	94098429	2.0	1.0	3.0
5	94098430	106866052	2.0	1.0	3.0
5	106866053	106956956	1.0	1.0	2.0
5	106956957	116660001	2.0	1.0	3.0
5	116660002	117562652	1.0	1.0	2.0
5	117562653	118292979	2.0	1.0	3.0
5	118292980	130740554	2.0	1.0	3.0
5	130740555	130926583	2.0	0.0	2.0
5	130926584	131367781	2.0	1.0	3.0
5	131367782	131557079	3.0	1.0	4.0
5	131557080	132858189	2.0	1.0	3.0
5	132858190	132859218	2.0	1.0	3.0
5	132859219	138301512	2.0	1.0	3.0
5	138301513	138302669	2.0	1.0	3.0
5	138302670	140196276	2.0	1.0	3.0
5	140196277	140861126	2.0	1.0	3.0
5	140861127	162881718	2.0	1.0	3.0
5	162881719	162975921	2.0	1.0	3.0
5	162975922	162992719	2.0	1.0	3.0
5	162992720	163419406	2.0	1.0	3.0
5	163419407	163517175	2.0	1.0	3.0
5	163517176	164240658	2.0	1.0	3.0
5	164240659	164256049	2.0	1.0	3.0
5	164256050	180712169	2.0	1.0	3.0
6	242501	528567	3.0	2.0	5.0
6	528568	13931707	2.0	1.0	3.0
6	13931708	14067892	3.0	1.0	4.0
6	14067893	15519597	2.0	1.0	3.0
6	15519598	15614777	1.0	1.0	2.0
6	15614778	18221054	2.0	1.0	3.0
6	18221055	18420806	2.0	1.0	3.0
6	18420807	26135500	2.0	1.0	3.0
6	26135501	26207720	1.0	1.0	2.0
6	26207721	26280100	2.0	1.0	3.0
6	26280101	27106161	2.0	1.0	3.0
6	27106162	27106494	2.0	1.0	3.0
6	27106495	27106512	2.0	1.0	3.0
6	27106513	30560785	2.0	1.0	3.0
6	30560786	31278628	3.0	1.0	4.0
6	31278629	31335377	4.0	0.0	4.0
6	31335378	33481580	2.0	1.0	3.0
6	33481581	33864782	3.0	1.0	4.0
6	33864783	42067702	2.0	1.0	3.0
6	42067703	42157548	2.0	1.0	3.0
6	42157549	49171882	2.0	1.0	3.0
6	49171883	49218271	4.0	2.0	6.0
6	49218272	50048338	4.0	2.0	6.0
6	50048339	50670030	1.0	1.0	2.0
6	50670031	50871134	2.0	2.0	4.0
6	50871135	50904504	2.0	2.0	4.0
6	50904505	51659397	2.0	2.0	4.0
6	51659398	56597938	2.0	2.0	4.0
6	56597939	57021324	2.0	1.0	3.0
6	57021325	58699999	2.0	2.0	4.0
6	58700000	63999998	2.0	2.0	4.0
6	63999999	64433483	2.0	2.0	4.0
6	64433484	64490599	2.0	2.0	4.0
6	64490600	65220932	2.0	2.0	4.0
6	65220933	65226256	2.0	2.0	4.0
6	65226257	66170534	2.0	2.0	4.0
6	66170535	66209881	2.0	2.0	4.0
6	66209882	70036575	2.0	2.0	4.0
6	70036576	71170440	2.0	2.0	4.0
6	71170441	74051965	2.0	2.0	4.0
6	74051966	74120926	2.0	2.0	4.0
6	74120927	74233603	2.0	2.0	4.0
6	74233604	74294626	2.0	0.0	2.0
6	74294627	74343617	2.0	2.0	4.0
6	74343618	74348308	2.0	0.0	2.0
6	74348309	76030288	2.0	0.0	2.0
6	76030289	76093021	3.0	0.0	3.0
6	76093022	76136294	3.0	0.0	3.0
6	76136295	76146761	3.0	0.0	3.0
6	76146762	76324809	3.0	0.0	3.0
6	76324810	76328239	2.0	0.0	2.0
6	76328240	79565002	2.0	0.0	2.0
6	79565003	79613066	2.0	0.0	2.0
6	79613067	79747815	4.0	0.0	4.0
6	79747816	92978572	1.0	0.0	1.0
6	92978573	94481673	1.0	1.0	2.0
6	94481674	94539999	3.0	1.0	4.0
6	94540000	94661894	3.0	1.0	4.0
6	94661895	94685439	2.0	1.0	3.0
6	94685440	94727070	1.0	1.0	2.0
6	94727071	94731491	3.0	2.0	5.0
6	94731492	94767360	3.0	2.0	5.0
6	94767361	94769343	3.0	2.0	5.0
6	94769344	97368177	3.0	2.0	5.0
6	97368178	97453746	3.0	2.0	5.0
6	97453747	99489640	3.0	2.0	5.0
6	99489641	99491257	3.0	2.0	5.0
6	99491258	99924252	3.0	2.0	5.0
6	99924253	100028751	3.0	2.0	5.0
6	100028752	100359732	3.0	3.0	6.0
6	100359733	100922766	3.0	3.0	6.0
6	100922767	101518827	3.0	3.0	6.0
6	101518828	101538940	85.0	2.0	87.0
6	101538941	101591645	85.0	2.0	87.0
6	101591646	101610584	85.0	2.0	87.0
6	101610585	101618957	85.0	2.0	87.0
6	101618958	101727936	85.0	2.0	87.0
6	101727937	101740350	85.0	2.0	87.0
6	101740351	102132999	85.0	2.0	87.0
6	102133000	102136530	85.0	2.0	87.0
6	102136531	102145050	85.0	2.0	87.0
6	102145051	102150680	85.0	2.0	87.0
6	102150681	102189432	183.0	1.0	184.0
6	102189433	103022147	56.0	1.0	57.0
6	103022148	103031470	56.0	1.0	57.0
6	103031471	104668487	56.0	1.0	57.0
6	104668488	104717892	56.0	1.0	57.0
6	104717893	104805292	56.0	1.0	57.0
6	104805293	104980780	60.0	2.0	62.0
6	104980781	104992761	60.0	2.0	62.0
6	104992762	104996680	60.0	2.0	62.0
6	104996681	105023138	60.0	2.0	62.0
6	105023139	105506845	60.0	2.0	62.0
6	105506846	105628753	60.0	2.0	62.0
6	105628754	105687069	51.0	2.0	53.0
6	105687070	105687200	51.0	2.0	53.0
6	105687201	106044633	51.0	2.0	53.0
6	106044634	107167396	42.0	2.0	44.0
6	107167397	107170547	42.0	2.0	44.0
6	107170548	107641616	42.0	2.0	44.0
6	107641617	107655375	42.0	2.0	44.0
6	107655376	107673163	51.0	2.0	53.0
6	107673164	107674191	51.0	2.0	53.0
6	107674192	107744403	51.0	2.0	53.0
6	107744404	107751942	51.0	2.0	53.0
6	107751943	108015290	51.0	2.0	53.0
6	108015291	108241382	75.0	1.0	76.0
6	108241383	108251640	75.0	1.0	76.0
6	108251641	108299506	27.0	2.0	29.0
6	108299507	108602986	27.0	2.0	29.0
6	108602987	109324778	27.0	2.0	29.0
6	109324779	109374884	27.0	2.0	29.0
6	109374885	112174948	23.0	2.0	25.0
6	112174949	112188711	21.0	1.0	22.0
6	112188712	112516237	21.0	1.0	22.0
6	112516238	113500987	16.0	1.0	17.0
6	113500988	113545937	4.0	2.0	6.0
6	113545938	114167063	2.0	1.0	3.0
6	114167064	114167589	2.0	2.0	4.0
6	114167590	114245399	2.0	2.0	4.0
6	114245400	114539717	5.0	1.0	6.0
6	114539718	114587500	2.0	2.0	4.0
6	114587501	115038652	2.0	1.0	3.0
6	115038653	115117060	5.0	1.0	6.0
6	115117061	115160090	7.0	2.0	9.0
6	115160091	115304052	22.0	1.0	23.0
6	115304053	115335002	22.0	1.0	23.0
6	115335003	115352129	22.0	1.0	23.0
6	115352130	115471515	19.0	2.0	21.0
6	115471516	115792813	19.0	2.0	21.0
6	115792814	116198722	6.0	1.0	7.0
6	116198723	116367326	26.0	1.0	27.0
6	116367327	117865792	20.0	2.0	22.0
6	117865793	117915791	20.0	2.0	22.0
6	117915792	118250321	16.0	1.0	17.0
6	118250322	118325854	6.0	2.0	8.0
6	118325855	118892831	15.0	1.0	16.0
6	118892832	118930081	15.0	1.0	16.0
6	118930082	120003167	2.0	2.0	4.0
6	120003168	120022571	2.0	1.0	3.0
6	120022572	120072570	2.0	2.0	4.0
6	120072571	121361904	4.0	2.0	6.0
6	121361905	122851087	5.0	2.0	7.0
6	122851088	123392295	6.0	2.0	8.0
6	123392296	123569275	6.0	2.0	8.0
6	123569276	124201133	6.0	2.0	8.0
6	124201134	124290254	6.0	1.0	7.0
6	124290255	124818807	6.0	1.0	7.0
6	124818808	124868806	7.0	1.0	8.0
6	124868807	124875510	4.0	2.0	6.0
6	124875511	125349629	4.0	2.0	6.0
6	125349630	125364798	4.0	2.0	6.0
6	125364799	125490032	4.0	2.0	6.0
6	125490033	125816161	4.0	2.0	6.0
6	125816162	125819144	4.0	1.0	5.0
6	125819145	127493114	4.0	2.0	6.0
6	127493115	128600329	6.0	2.0	8.0
6	128600330	128600521	6.0	2.0	8.0
6	128600522	128703266	6.0	2.0	8.0
6	128703267	129194621	2.0	2.0	4.0
6	129194622	135890639	2.0	2.0	4.0
6	135890640	135925348	3.0	1.0	4.0
6	135925349	135925715	2.0	2.0	4.0
6	135925716	135926441	2.0	2.0	4.0
6	135926442	138042362	2.0	2.0	4.0
6	138042363	142163536	2.0	1.0	3.0
6	142163537	143502587	2.0	2.0	4.0
6	143502588	143504189	2.0	1.0	3.0
6	143504190	143510786	2.0	1.0	3.0
6	143510787	165663109	2.0	1.0	3.0
6	165663110	165755521	3.0	1.0	4.0
6	165755522	170915316	2.0	1.0	3.0
7	40386	18797499	2.0	0.0	2.0
7	18797500	18837499	1.0	0.0	1.0
7	18837500	32930670	2.0	0.0	2.0
7	32930671	35250436	3.0	0.0	3.0
7	35250437	35400900	4.0	0.0	4.0
7	35400901	36469383	4.0	0.0	4.0
7	36469384	37266924	4.0	0.0	4.0
7	37266925	40164829	3.0	0.0	3.0
7	40164830	40223200	3.0	0.0	3.0
7	40223201	42544894	3.0	0.0	3.0
7	42544895	42615973	1.0	0.0	1.0
7	42615974	50069970	3.0	0.0	3.0
7	50069971	50605297	3.0	0.0	3.0
7	50605298	52480263	2.0	0.0	2.0
7	52480264	52969749	1.0	0.0	1.0
7	52969750	52975045	2.0	1.0	3.0
7	52975046	52976380	2.0	1.0	3.0
7	52976381	56164987	2.0	1.0	3.0
7	56164988	57241426	8.0	3.0	11.0
7	61700000	66676166	2.0	0.0	2.0
7	66676167	69047738	2.0	0.0	2.0
7	69047739	69059589	2.0	0.0	2.0
7	69059590	70734842	2.0	0.0	2.0
7	70734843	70863284	3.0	0.0	3.0
7	70863285	83669729	2.0	0.0	2.0
7	83669730	83755560	2.0	0.0	2.0
7	83755561	94998578	2.0	0.0	2.0
7	94998579	96038852	3.0	0.0	3.0
7	96038853	96040664	3.0	0.0	3.0
7	96040665	96289665	3.0	0.0	3.0
7	96289666	96289965	3.0	0.0	3.0
7	96289966	101056490	3.0	0.0	3.0
7	101056491	110821133	5.0	0.0	5.0
7	110821134	111033010	4.0	0.0	4.0
7	111033011	111582350	6.0	0.0	6.0
7	111582351	114496752	5.0	0.0	5.0
7	114496753	125376806	7.0	0.0	7.0
7	125376807	125378195	7.0	0.0	7.0
7	125378196	127478120	7.0	0.0	7.0
7	127478121	127507991	5.0	0.0	5.0
7	127507992	130795466	5.0	0.0	5.0
7	130795467	130896743	7.0	0.0	7.0
7	130896744	130897047	5.0	0.0	5.0
7	130897048	130997138	5.0	0.0	5.0
7	130997139	131070201	5.0	0.0	5.0
7	131070202	131112387	5.0	0.0	5.0
7	131112388	132650137	5.0	0.0	5.0
7	132650138	133390626	6.0	0.0	6.0
7	133390627	134881562	6.0	0.0	6.0
7	134881563	135338081	16.0	0.0	16.0
7	135338082	135338312	16.0	0.0	16.0
7	135338313	140428747	8.0	0.0	8.0
7	140428748	140452942	7.0	0.0	7.0
7	140452943	140910763	15.0	0.0	15.0
7	140910764	140933717	15.0	0.0	15.0
7	140933718	146016607	5.0	0.0	5.0
7	146016608	146182895	4.0	0.0	4.0
7	146182896	150469892	5.0	0.0	5.0
7	150469893	159138662	2.0	0.0	2.0
8	173683	1001580	2.0	0.0	2.0
8	1001581	1001615	2.0	0.0	2.0
8	1001616	1015775	2.0	0.0	2.0
8	1015776	1015795	2.0	0.0	2.0
8	1015796	2862189	2.0	0.0	2.0
8	2862190	3830002	2.0	0.0	2.0
8	3830003	14479091	2.0	0.0	2.0
8	14479092	24822015	2.0	0.0	2.0
8	24822016	25539996	2.0	0.0	2.0
8	25539997	25712596	1.0	0.0	1.0
8	25712597	25718701	1.0	0.0	1.0
8	25718702	38820008	1.0	0.0	1.0
8	38820009	39018949	2.0	0.0	2.0
8	39018950	39091208	2.0	0.0	2.0
8	39091209	39866476	2.0	0.0	2.0
8	39866477	39867281	22.0	2.0	24.0
8	39867282	39883185	24.0	2.0	26.0
8	39883186	41008545	24.0	2.0	26.0
8	41008546	41010769	24.0	2.0	26.0
8	41010770	41560633	24.0	2.0	26.0
8	41560634	41722516	40.0	2.0	42.0
8	41722517	41871435	34.0	2.0	36.0
8	41871436	41871525	34.0	2.0	36.0
8	41871526	41906857	34.0	2.0	36.0
8	41906858	41907400	34.0	2.0	36.0
8	41907401	42014161	34.0	2.0	36.0
8	42014162	42027440	21.0	2.0	23.0
8	42027441	42197819	21.0	2.0	23.0
8	42197820	42198730	21.0	2.0	23.0
8	42198731	42200282	21.0	2.0	23.0
8	42200283	42200569	21.0	2.0	23.0
8	42200570	42338263	21.0	2.0	23.0
8	42338264	42338874	29.0	2.0	31.0
8	42338875	42586880	29.0	2.0	31.0
8	42586881	43099999	29.0	2.0	31.0
8	48100000	48498401	2.0	2.0	4.0
8	48498402	48513564	2.0	2.0	4.0
8	48513565	48908155	3.0	2.0	5.0
8	48908156	49911359	2.0	1.0	3.0
8	49911360	50856620	2.0	0.0	2.0
8	50856621	51977782	2.0	1.0	3.0
8	51977783	56252279	3.0	1.0	4.0
8	56252280	58974098	3.0	1.0	4.0
8	58974099	59262322	2.0	1.0	3.0
8	59262323	59364401	2.0	1.0	3.0
8	59364402	59750464	2.0	1.0	3.0
8	59750465	59852364	3.0	1.0	4.0
8	59852365	62095104	3.0	1.0	4.0
8	62095105	62163243	2.0	1.0	3.0
8	62163244	62755373	2.0	1.0	3.0
8	62755374	62800465	3.0	1.0	4.0
8	62800466	62849908	3.0	1.0	4.0
8	62849909	63606104	3.0	1.0	4.0
8	63606105	63974948	2.0	1.0	3.0
8	63974949	64209625	2.0	1.0	3.0
8	64209626	67102591	2.0	1.0	3.0
8	67102592	67149317	2.0	1.0	3.0
8	67149318	68392584	3.0	1.0	4.0
8	68392585	68738268	4.0	1.0	5.0
8	68738269	68822500	3.0	1.0	4.0
8	68822501	68932514	3.0	1.0	4.0
8	68932515	72858853	2.0	1.0	3.0
8	72858854	84193241	2.0	1.0	3.0
8	84193242	84198415	2.0	1.0	3.0
8	84198416	90497876	2.0	1.0	3.0
8	90497877	90655675	2.0	0.0	2.0
8	90655676	91056719	2.0	1.0	3.0
8	91056720	91148791	2.0	1.0	3.0
8	91148792	93838937	2.0	1.0	3.0
8	93838938	94109911	2.0	1.0	3.0
8	94109912	96091987	3.0	1.0	4.0
8	96091988	96779904	2.0	1.0	3.0
8	96779905	96809987	2.0	0.0	2.0
8	96809988	111400114	2.0	1.0	3.0
8	111400115	111406395	2.0	1.0	3.0
8	111406396	111756726	2.0	1.0	3.0
8	111756727	111756973	2.0	1.0	3.0
8	111756974	111764474	4.0	1.0	5.0
8	111764475	111813961	4.0	1.0	5.0
8	111813962	111888805	4.0	1.0	5.0
8	111888806	119468909	2.0	1.0	3.0
8	119468910	119934625	3.0	1.0	4.0
8	119934626	120211721	2.0	1.0	3.0
8	120211722	124766126	3.0	1.0	4.0
8	124766127	124766213	2.0	1.0	3.0
8	124766214	124770809	2.0	1.0	3.0
8	124770810	124770849	2.0	1.0	3.0
8	124770850	124771007	2.0	1.0	3.0
8	124771008	124801572	3.0	1.0	4.0
8	124801573	126280422	5.0	1.0	6.0
8	126280423	126305012	1.0	1.0	2.0
8	126305013	126305132	1.0	1.0	2.0
8	126305133	126305346	1.0	1.0	2.0
8	126305347	126308571	1.0	1.0	2.0
8	126308572	127109497	1.0	1.0	2.0
8	127109498	127139783	5.0	0.0	5.0
8	127139784	128975373	2.0	1.0	3.0
8	128975374	129361706	3.0	1.0	4.0
8	129361707	129363599	3.0	0.0	3.0
8	129363600	129671690	3.0	0.0	3.0
8	129671691	129793293	3.0	1.0	4.0
8	129793294	129833677	2.0	1.0	3.0
8	129833678	133279181	2.0	1.0	3.0
8	133279182	133281877	5.0	0.0	5.0
8	133281878	134178942	2.0	1.0	3.0
8	134178943	134247797	3.0	1.0	4.0
8	134247798	135055472	2.0	1.0	3.0
8	135055473	135055688	2.0	1.0	3.0
8	135055689	135056167	2.0	1.0	3.0
8	135056168	135061665	2.0	1.0	3.0
8	135061666	135061747	2.0	1.0	3.0
8	135061748	135061760	2.0	1.0	3.0
8	135061761	135061929	2.0	1.0	3.0
8	135061930	135061988	2.0	1.0	3.0
8	135061989	135062264	2.0	1.0	3.0
8	135062265	135062520	2.0	1.0	3.0
8	135062521	135072806	2.0	1.0	3.0
8	135072807	135073017	2.0	1.0	3.0
8	135073018	135073425	2.0	1.0	3.0
8	135073426	135075266	2.0	0.0	2.0
8	135075267	135075408	2.0	0.0	2.0
8	135075409	137687984	2.0	0.0	2.0
8	137687985	137688462	2.0	0.0	2.0
8	137688463	137688511	2.0	1.0	3.0
8	137688512	137688597	2.0	1.0	3.0
8	137688598	137815974	2.0	1.0	3.0
8	137815975	137819305	5.0	1.0	6.0
8	137819306	137819316	5.0	1.0	6.0
8	137819317	137819630	5.0	1.0	6.0
8	137819631	138332347	5.0	1.0	6.0
8	138332348	138334384	5.0	1.0	6.0
8	138334385	138629340	5.0	1.0	6.0
8	138629341	138629553	4.0	0.0	4.0
8	138629554	138630005	1.0	0.0	1.0
8	138630006	146364021	2.0	1.0	3.0
9	47500	230268	1.0	1.0	2.0
9	230269	28588998	1.0	1.0	2.0
9	28588999	28667300	2.0	2.0	4.0
9	28667301	30485608	2.0	2.0	4.0
9	30485609	30620773	2.0	2.0	4.0
9	30620774	33639955	1.0	1.0	2.0
9	33639956	33717995	1.0	0.0	1.0
9	33717996	43667499	1.0	1.0	2.0
9	43667500	47299999	2.0	1.0	3.0
9	47300000	50699999	2.0	1.0	3.0
9	50700000	66799971	2.0	1.0	3.0
9	66799972	73843279	2.0	1.0	3.0
9	73843280	73887642	2.0	1.0	3.0
9	73887643	75511832	3.0	1.0	4.0
9	75511833	75561831	2.0	1.0	3.0
9	75561832	82604729	2.0	1.0	3.0
9	82604730	82771430	2.0	1.0	3.0
9	82771431	82808350	2.0	1.0	3.0
9	82808351	82832769	2.0	1.0	3.0
9	82832770	135153158	2.0	1.0	3.0
9	135153159	135185213	1.0	1.0	2.0
9	135185214	136671765	2.0	1.0	3.0
9	136671766	136891206	3.0	1.0	4.0
9	136891207	141213430	2.0	1.0	3.0
10	148410	1942646	18.0	1.0	19.0
10	1942647	2039891	18.0	1.0	19.0
10	2039892	2109501	5.0	1.0	6.0
10	2109502	2279044	15.0	1.0	16.0
10	2279045	2446163	15.0	1.0	16.0
10	2446164	2560014	7.0	1.0	8.0
10	2560015	2637200	3.0	1.0	4.0
10	2637201	18724524	4.0	1.0	5.0
10	18724525	19297070	5.0	1.0	6.0
10	19297071	19695491	4.0	1.0	5.0
10	19695492	19749702	5.0	1.0	6.0
10	19749703	19862499	5.0	1.0	6.0
10	19862500	29999975	3.0	1.0	4.0
10	29999976	30002506	3.0	1.0	4.0
10	30002507	30016513	3.0	1.0	4.0
10	30016514	30588202	4.0	1.0	5.0
10	30588203	37999999	1.0	1.0	2.0
10	42445516	43898198	2.0	1.0	3.0
10	43898199	48115388	1.0	1.0	2.0
10	48115389	48346350	1.0	0.0	1.0
10	48346351	57772855	1.0	0.0	1.0
10	57772856	59008132	2.0	1.0	3.0
10	59008133	59083067	2.0	1.0	3.0
10	59083068	59109986	3.0	1.0	4.0
10	59109987	59475274	3.0	1.0	4.0
10	59475275	61229712	1.0	1.0	2.0
10	61229713	61450676	2.0	1.0	3.0
10	61450677	61452751	2.0	1.0	3.0
10	61452752	61627238	2.0	2.0	4.0
10	61627239	89497711	2.0	1.0	3.0
10	89497712	89748185	2.0	1.0	3.0
10	89748186	93809747	2.0	1.0	3.0
10	93809748	94278584	2.0	1.0	3.0
10	94278585	101180898	1.0	1.0	2.0
10	101180899	101551492	2.0	1.0	3.0
10	101551493	104877377	1.0	1.0	2.0
10	104877378	105082593	1.0	1.0	2.0
10	105082594	130147569	1.0	1.0	2.0
10	130147570	130248290	2.0	1.0	3.0
10	130248291	133203924	1.0	1.0	2.0
10	133203925	133265281	2.0	2.0	4.0
10	133265282	135534746	1.0	1.0	2.0
11	202072	901957	2.0	0.0	2.0
11	901958	935031	2.0	0.0	2.0
11	935032	8288973	2.0	0.0	2.0
11	8288974	8392790	1.0	0.0	1.0
11	8392791	16467211	2.0	0.0	2.0
11	16467212	16654463	1.0	0.0	1.0
11	16654464	21859965	2.0	0.0	2.0
11	21859966	21993214	3.0	0.0	3.0
11	21993215	37979039	3.0	0.0	3.0
11	37979040	40550041	3.0	0.0	3.0
11	40550042	41910814	3.0	1.0	4.0
11	41910815	43850017	3.0	1.0	4.0
11	43850018	44247500	4.0	1.0	5.0
11	44247501	44305298	4.0	1.0	5.0
11	44305299	45808584	3.0	1.0	4.0
11	45808585	46539738	2.0	0.0	2.0
11	46539739	47246860	2.0	0.0	2.0
11	47246861	48943153	3.0	0.0	3.0
11	48943154	51577499	3.0	0.0	3.0
11	55700000	62450011	2.0	1.0	3.0
11	62450012	62619703	2.0	2.0	4.0
11	62619704	74099930	2.0	1.0	3.0
11	74099931	74100085	2.0	1.0	3.0
11	74100086	74100118	2.0	1.0	3.0
11	74100119	74100408	2.0	1.0	3.0
11	74100409	74101227	2.0	1.0	3.0
11	74101228	74101799	2.0	1.0	3.0
11	74101800	74101994	2.0	1.0	3.0
11	74101995	74122863	2.0	1.0	3.0
11	74122864	74125310	3.0	2.0	5.0
11	74125311	74125350	3.0	2.0	5.0
11	74125351	74125580	2.0	2.0	4.0
11	74125581	74731773	2.0	2.0	4.0
11	74731774	74732451	2.0	2.0	4.0
11	74732452	74732715	2.0	0.0	2.0
11	74732716	74733164	2.0	0.0	2.0
11	74733165	74753553	2.0	0.0	2.0
11	74753554	74753595	2.0	0.0	2.0
11	74753596	74753975	2.0	0.0	2.0
11	74753976	84108836	2.0	0.0	2.0
11	84108837	85477950	3.0	0.0	3.0
11	85477951	134379336	2.0	0.0	2.0
11	134379337	134566417	3.0	0.0	3.0
12	110107	1493298	3.0	0.0	3.0
12	1493299	2034186	3.0	0.0	3.0
12	2034187	2157955	3.0	3.0	6.0
12	2157956	2379162	3.0	0.0	3.0
12	2379163	2387860	3.0	0.0	3.0
12	2387861	2654616	3.0	0.0	3.0
12	2654617	2847868	3.0	0.0	3.0
12	2847869	4370085	3.0	0.0	3.0
12	4370086	4462954	3.0	0.0	3.0
12	4462955	16615035	3.0	0.0	3.0
12	16615036	16732001	23.0	4.0	27.0
12	16732002	16761452	3.0	1.0	4.0
12	16761453	19551538	3.0	0.0	3.0
12	19551539	26945673	3.0	0.0	3.0
12	26945674	26988686	3.0	1.0	4.0
12	26988687	27721707	3.0	1.0	4.0
12	27721708	29397216	3.0	0.0	3.0
12	29397217	29486909	3.0	1.0	4.0
12	29486910	33299999	2.0	0.0	2.0
12	38200000	38473705	3.0	0.0	3.0
12	38473706	44638662	3.0	0.0	3.0
12	44638663	44644194	3.0	0.0	3.0
12	44644195	50690980	3.0	0.0	3.0
12	50690981	50712578	4.0	0.0	4.0
12	50712579	50717955	3.0	0.0	3.0
12	50717956	50739117	3.0	0.0	3.0
12	50739118	50759567	3.0	0.0	3.0
12	50759568	53629540	3.0	0.0	3.0
12	53629541	54712307	3.0	2.0	5.0
12	54712308	61700353	3.0	1.0	4.0
12	61700354	61703043	3.0	0.0	3.0
12	61703044	61704124	3.0	0.0	3.0
12	61704125	62202007	3.0	0.0	3.0
12	62202008	62297461	3.0	0.0	3.0
12	62297462	72023221	3.0	0.0	3.0
12	72023222	73194709	4.0	1.0	5.0
12	73194710	90241505	3.0	0.0	3.0
12	90241506	90289650	5.0	0.0	5.0
12	90289651	90307500	5.0	0.0	5.0
12	90307501	90515091	4.0	0.0	4.0
12	90515092	90521055	4.0	0.0	4.0
12	90521056	90531007	4.0	0.0	4.0
12	90531008	99630163	3.0	0.0	3.0
12	99630164	99706785	3.0	0.0	3.0
12	99706786	99801090	2.0	0.0	2.0
12	99801091	99955675	2.0	0.0	2.0
12	99955676	106865631	3.0	0.0	3.0
12	106865632	106925296	3.0	0.0	3.0
12	106925297	106959658	3.0	0.0	3.0
12	106959659	106964669	3.0	0.0	3.0
12	106964670	118297379	3.0	0.0	3.0
12	118297380	118448644	4.0	0.0	4.0
12	118448645	120312434	3.0	0.0	3.0
12	120312435	122603762	2.0	0.0	2.0
12	122603763	127052653	3.0	0.0	3.0
12	127052654	127166549	5.0	0.0	5.0
12	127166550	133851894	3.0	0.0	3.0
13	1	16299999	4.0	1.0	5.0
13	16300000	19499999	4.0	1.0	5.0
13	19500000	23097457	4.0	1.0	5.0
13	23097458	23355066	2.0	1.0	3.0
13	23355067	23467589	2.0	1.0	3.0
13	23467590	23469804	3.0	1.0	4.0
13	23469805	50631947	3.0	1.0	4.0
13	50631948	50639718	2.0	1.0	3.0
13	50639719	60345894	2.0	1.0	3.0
13	60345895	60418574	2.0	1.0	3.0
13	60418575	63912821	2.0	1.0	3.0
13	63912822	63937499	4.0	1.0	5.0
13	63937500	64260532	4.0	1.0	5.0
13	64260533	64486115	4.0	1.0	5.0
13	64486116	64640410	2.0	1.0	3.0
13	64640411	82593546	2.0	0.0	2.0
13	82593547	83445683	2.0	1.0	3.0
13	83445684	84933528	2.0	2.0	4.0
13	84933529	85241735	2.0	2.0	4.0
13	85241736	85278719	2.0	2.0	4.0
13	85278720	91757603	2.0	1.0	3.0
13	91757604	91906560	2.0	2.0	4.0
13	91906561	97474075	2.0	1.0	3.0
13	97474076	97647588	2.0	1.0	3.0
13	97647589	110800960	2.0	2.0	4.0
13	110800961	110850960	2.0	2.0	4.0
13	110850961	110916843	5.0	3.0	8.0
13	110916844	110940218	3.0	1.0	4.0
13	110940219	110963734	3.0	2.0	5.0
13	110963735	110964346	2.0	2.0	4.0
13	110964347	111056453	2.0	2.0	4.0
13	111056454	111160660	2.0	2.0	4.0
13	111160661	111287590	5.0	3.0	8.0
13	111287591	111332499	3.0	3.0	6.0
13	111332500	113978517	2.0	2.0	4.0
13	113978518	114208286	3.0	3.0	6.0
13	114208287	114620962	3.0	2.0	5.0
14	1	16099999	2.0	1.0	3.0
14	16100000	19099999	2.0	1.0	3.0
14	19100000	28172229	2.0	1.0	3.0
14	28172230	28172280	2.0	1.0	3.0
14	28172281	32429564	2.0	1.0	3.0
14	32429565	32595094	1.0	1.0	2.0
14	32595095	37429189	2.0	1.0	3.0
14	37429190	37528882	3.0	1.0	4.0
14	37528883	39705134	2.0	1.0	3.0
14	39705135	40082382	2.0	0.0	2.0
14	40082383	49590956	2.0	1.0	3.0
14	49590957	49732500	2.0	1.0	3.0
14	49732501	50912533	2.0	2.0	4.0
14	50912534	51261757	4.0	2.0	6.0
14	51261758	51731308	5.0	2.0	7.0
14	51731309	93212910	2.0	1.0	3.0
14	93212911	93244903	1.0	1.0	2.0
14	93244904	93273802	1.0	1.0	2.0
14	93273803	107138120	2.0	1.0	3.0
15	1	15799999	4.0	2.0	6.0
15	20700000	22868348	2.0	2.0	4.0
15	22868349	24373218	2.0	2.0	4.0
15	24373219	24609525	2.0	2.0	4.0
15	24609526	24851357	3.0	1.0	4.0
15	24851358	33337492	4.0	2.0	6.0
15	33337493	33379276	16.0	2.0	18.0
15	33379277	36260237	16.0	2.0	18.0
15	36260238	36588415	16.0	2.0	18.0
15	36588416	44798969	2.0	0.0	2.0
15	44798970	97900010	2.0	1.0	3.0
15	97900011	97965021	2.0	1.0	3.0
15	97965022	99230545	2.0	1.0	3.0
15	99230546	99351646	1.0	1.0	2.0
15	99351647	102349919	2.0	1.0	3.0
16	85149	3181242	2.0	1.0	3.0
16	3181243	3184382	2.0	1.0	3.0
16	3184383	32609063	2.0	1.0	3.0
16	32609064	34480373	2.0	1.0	3.0
16	34480374	34549243	2.0	1.0	3.0
16	34549244	34599999	2.0	1.0	3.0
16	38600000	70760015	2.0	0.0	2.0
16	70760016	70829229	3.0	0.0	3.0
16	70829230	84163129	2.0	0.0	2.0
16	84163130	84186403	4.0	0.0	4.0
16	84186404	84392202	4.0	0.0	4.0
16	84392203	84633563	4.0	0.0	4.0
16	84633564	84640736	3.0	0.0	3.0
16	84640737	85173843	2.0	0.0	2.0
16	85173844	85201687	3.0	0.0	3.0
16	85201688	85201714	3.0	0.0	3.0
16	85201715	86466145	3.0	0.0	3.0
16	86466146	86483696	4.0	0.0	4.0
16	86483697	86590530	4.0	0.0	4.0
16	86590531	89379705	2.0	0.0	2.0
16	89379706	89506111	1.0	0.0	1.0
17	7	6570158	3.0	0.0	3.0
17	6570159	6577069	3.0	0.0	3.0
17	6577070	8454635	4.0	0.0	4.0
17	8454636	9589302	3.0	0.0	3.0
17	9589303	9589547	3.0	0.0	3.0
17	9589548	9823900	3.0	0.0	3.0
17	9823901	10038631	2.0	0.0	2.0
17	10038632	18466691	3.0	0.0	3.0
17	18466692	22199999	3.0	0.0	3.0
17	22200000	25799999	3.0	0.0	3.0
17	25800000	44297499	3.0	0.0	3.0
17	44297500	46078258	3.0	0.0	3.0
17	46078259	46087769	3.0	0.0	3.0
17	46087770	46620016	3.0	0.0	3.0
17	46620017	46620297	3.0	0.0	3.0
17	46620298	49106703	3.0	0.0	3.0
17	49106704	49331446	4.0	0.0	4.0
17	49331447	55675933	3.0	0.0	3.0
17	55675934	55922435	4.0	0.0	4.0
17	55922436	61762860	3.0	0.0	3.0
17	61762861	62323517	4.0	0.0	4.0
17	62323518	76457124	3.0	0.0	3.0
17	76457125	76463174	3.0	0.0	3.0
17	76463175	79615291	3.0	0.0	3.0
17	79615292	79796836	4.0	0.0	4.0
17	79796837	81195209	5.0	0.0	5.0
18	34468	168242	2.0	2.0	4.0
18	168243	3340757	2.0	2.0	4.0
18	3340758	3697559	2.0	2.0	4.0
18	3697560	7579895	2.0	2.0	4.0
18	7579896	7644664	3.0	1.0	4.0
18	7644665	15399999	2.0	2.0	4.0
18	15400000	18999999	2.0	2.0	4.0
18	19000000	23425752	2.0	2.0	4.0
18	23425753	28787631	4.0	2.0	6.0
18	28787632	28842030	6.0	2.0	8.0
18	28842031	28890717	4.0	2.0	6.0
18	28890718	30574042	4.0	2.0	6.0
18	30574043	34091813	2.0	2.0	4.0
18	34091814	34121514	2.0	0.0	2.0
18	34121515	60626297	2.0	0.0	2.0
18	60626298	60650778	2.0	0.0	2.0
18	60650779	60994652	3.0	0.0	3.0
18	60994653	75896032	2.0	0.0	2.0
18	75896033	75909775	2.0	0.0	2.0
18	75909776	78077247	3.0	0.0	3.0
19	102500	280711	2.0	0.0	2.0
19	280712	1161813	2.0	0.0	2.0
19	1161814	1182543	2.0	0.0	2.0
19	1182544	7794125	2.0	0.0	2.0
19	7794126	10284751	6.0	2.0	8.0
19	10284752	10284997	6.0	2.0	8.0
19	10284998	10662912	6.0	2.0	8.0
19	10662913	10825417	6.0	2.0	8.0
19	10825418	11218091	15.0	1.0	16.0
19	11218092	11511358	6.0	2.0	8.0
19	11511359	12841365	6.0	2.0	8.0
19	12841366	12842098	6.0	2.0	8.0
19	12842099	17293778	6.0	2.0	8.0
19	17293779	17590922	6.0	2.0	8.0
19	17590923	19238135	6.0	2.0	8.0
19	19238136	19511606	6.0	1.0	7.0
19	19511607	19874648	6.0	2.0	8.0
19	19874649	19913506	6.0	2.0	8.0
19	19913507	20501182	6.0	2.0	8.0
19	20501183	20768734	3.0	1.0	4.0
19	20768735	20904059	6.0	2.0	8.0
19	20904060	20911004	6.0	2.0	8.0
19	20911005	21116088	6.0	2.0	8.0
19	21116089	24305916	6.0	2.0	8.0
19	28600000	35752916	2.0	1.0	3.0
19	35752917	36673226	1.0	1.0	2.0
19	36673227	37557361	3.0	1.0	4.0
19	37557362	37579976	3.0	1.0	4.0
19	37579977	39818870	1.0	1.0	2.0
19	39818871	42935059	2.0	1.0	3.0
19	42935060	42960631	2.0	1.0	3.0
19	42960632	43243021	2.0	1.0	3.0
19	43243022	43727303	2.0	1.0	3.0
19	43727304	43739848	2.0	1.0	3.0
19	43739849	43781776	2.0	1.0	3.0
19	43781777	45584258	3.0	2.0	5.0
19	45584259	45667163	2.0	1.0	3.0
19	45667164	52707097	2.0	1.0	3.0
19	52707098	52830671	1.0	1.0	2.0
19	52830672	53384343	2.0	1.0	3.0
19	53384344	53501744	3.0	3.0	6.0
19	53501745	55459563	2.0	1.0	3.0
19	55459564	55465165	2.0	1.0	3.0
19	55465166	56316523	2.0	1.0	3.0
19	56316524	56442579	3.0	1.0	4.0
19	56442580	56442800	7.0	1.0	8.0
19	56442801	57229394	5.0	1.0	6.0
19	57229395	57249553	5.0	1.0	6.0
19	57249554	58677893	5.0	1.0	6.0
20	108496	4519926	4.0	1.0	5.0
20	4519927	7795431	4.0	1.0	5.0
20	7795432	7822500	4.0	1.0	5.0
20	7822501	7963659	4.0	1.0	5.0
20	7963660	8062873	4.0	1.0	5.0
20	8062874	11525996	4.0	1.0	5.0
20	11525997	15699391	4.0	1.0	5.0
20	15699392	15978855	3.0	1.0	4.0
20	15978856	17503615	4.0	1.0	5.0
20	17503616	17523867	4.0	1.0	5.0
20	17523868	21934347	5.0	1.0	6.0
20	21934348	25599999	4.0	1.0	5.0
20	29455049	29627499	4.0	3.0	7.0
20	29627500	29865370	3.0	3.0	6.0
20	29865371	30174498	2.0	2.0	4.0
20	30174499	30583329	2.0	2.0	4.0
20	30583330	30593558	4.0	3.0	7.0
20	30593559	30604329	4.0	3.0	7.0
20	30604330	32075767	2.0	1.0	3.0
20	32075768	32075978	4.0	1.0	5.0
20	32077501	48222500	3.0	1.0	4.0
20	48222501	63025519	4.0	1.0	5.0
21	10900000	15291231	3.0	1.0	4.0
21	15291232	16210275	3.0	2.0	5.0
21	16210276	16260275	3.0	2.0	5.0
21	16260276	17269175	2.0	2.0	4.0
21	17269176	20877499	4.0	2.0	6.0
21	20877500	23480003	2.0	0.0	2.0
21	23480004	24506210	2.0	0.0	2.0
21	24506211	24638946	1.0	0.0	1.0
21	24638947	28320294	2.0	0.0	2.0
21	28320295	31639991	2.0	0.0	2.0
21	31639992	31825534	4.0	2.0	6.0
21	31825535	32161681	4.0	2.0	6.0
21	32161682	33969096	2.0	2.0	4.0
21	33969097	34370200	3.0	2.0	5.0
21	34370201	36907100	2.0	2.0	4.0
21	36907101	48129894	2.0	0.0	2.0
22	1	12199999	3.0	2.0	5.0
22	17900000	19301359	2.0	1.0	3.0
22	19301360	19341482	2.0	1.0	3.0
22	19341483	29464644	2.0	1.0	3.0
22	29464645	29482499	2.0	1.0	3.0
22	29482500	29874266	1.0	0.0	1.0
22	29874267	30107643	2.0	1.0	3.0
22	30107644	30114246	4.0	1.0	5.0
22	30114247	35410284	4.0	1.0	5.0
22	35410285	35443340	4.0	1.0	5.0
22	35443341	36418375	5.0	1.0	6.0
22	36418376	43393971	3.0	1.0	4.0
22	43393972	43933035	4.0	1.0	5.0
22	43933036	46615999	3.0	1.0	4.0
22	46616000	47651711	2.0	1.0	3.0
22	47651712	47674923	3.0	1.0	4.0
22	47674924	48217500	2.0	1.0	3.0
22	48217501	49486589	1.0	0.0	1.0
22	49486590	51089438	2.0	0.0	2.0
