chromosome_index	start_position	end_position	major_cn	minor_cn	total_cn
1	10001	822352	1.0	1.0	2.0
1	822353	13212499	1.0	1.0	2.0
1	13212500	121499999	1.0	1.0	2.0
1	121500000	128899999	1.0	1.0	2.0
1	128900000	144897499	1.0	1.0	2.0
1	144897500	147349973	1.0	1.0	2.0
1	147349974	153042124	1.0	1.0	2.0
1	153042125	157495407	1.0	1.0	2.0
1	157495408	157522778	2.0	1.0	3.0
1	157522779	192750419	2.0	1.0	3.0
1	192750420	193721883	2.0	1.0	3.0
1	193721884	193806883	2.0	1.0	3.0
1	193806884	194063102	2.0	1.0	3.0
1	194063103	194449845	2.0	1.0	3.0
1	194449846	194454383	2.0	1.0	3.0
1	194454384	194654826	2.0	1.0	3.0
1	194654827	194952518	2.0	1.0	3.0
1	194952519	194982992	2.0	1.0	3.0
1	194982993	195696494	2.0	1.0	3.0
1	195696495	195698822	2.0	1.0	3.0
1	195698823	229940010	2.0	1.0	3.0
1	229940011	230070946	2.0	1.0	3.0
1	230070947	230072825	2.0	1.0	3.0
1	230072826	249250620	2.0	1.0	3.0
2	38938	162876	1.0	1.0	2.0
2	162877	90499999	1.0	1.0	2.0
2	90500000	96799999	1.0	1.0	2.0
2	96800000	138060009	1.0	1.0	2.0
2	138060010	138291723	1.0	1.0	2.0
2	138291724	138299707	1.0	1.0	2.0
2	138299708	138344680	1.0	1.0	2.0
2	138344681	176135478	1.0	1.0	2.0
2	176135479	176137078	1.0	1.0	2.0
2	176137079	184113096	1.0	1.0	2.0
2	184113097	184114740	1.0	1.0	2.0
2	184114741	223752754	1.0	1.0	2.0
2	223752755	224262346	1.0	1.0	2.0
2	224262347	224292820	1.0	1.0	2.0
2	224292821	224656859	1.0	1.0	2.0
2	224656860	224660208	1.0	1.0	2.0
2	224660209	243018400	1.0	1.0	2.0
3	66164	75930080	1.0	1.0	2.0
3	75930081	83232474	1.0	1.0	2.0
3	83232475	83234591	1.0	1.0	2.0
3	83234592	87899999	1.0	1.0	2.0
3	87900000	93899999	1.0	1.0	2.0
3	93900000	100848912	1.0	1.0	2.0
3	100848913	100984206	1.0	1.0	2.0
3	100984207	100986308	1.0	1.0	2.0
3	100986309	117532818	1.0	1.0	2.0
3	117532819	117534371	1.0	1.0	2.0
3	117534372	158249547	1.0	1.0	2.0
3	158249548	158252928	1.0	1.0	2.0
3	158252929	158670662	1.0	1.0	2.0
3	158670663	162927852	1.0	1.0	2.0
3	162927853	162930276	1.0	1.0	2.0
3	162930277	197822500	1.0	1.0	2.0
4	60236	28826252	1.0	1.0	2.0
4	28826253	29014447	1.0	1.0	2.0
4	29014448	29016500	1.0	1.0	2.0
4	29016501	29135221	1.0	1.0	2.0
4	29135222	36885119	1.0	1.0	2.0
4	36885120	36886990	1.0	1.0	2.0
4	36886991	48199999	1.0	1.0	2.0
4	48200000	52699999	1.0	1.0	2.0
4	52700000	79869551	1.0	1.0	2.0
4	79869552	79872290	1.0	1.0	2.0
4	79872291	96776131	1.0	1.0	2.0
4	96776132	96894546	1.0	1.0	2.0
4	96894547	98093315	1.0	1.0	2.0
4	98093316	98095314	1.0	1.0	2.0
4	98095315	128359745	1.0	1.0	2.0
4	128359746	128538793	1.0	1.0	2.0
4	128538794	128540388	1.0	1.0	2.0
4	128540389	133807366	1.0	1.0	2.0
4	133807367	133958291	1.0	1.0	2.0
4	133958292	134097997	1.0	1.0	2.0
4	134097998	134197139	1.0	1.0	2.0
4	134197140	159645559	1.0	1.0	2.0
4	159645560	159647456	1.0	1.0	2.0
4	159647457	163217696	1.0	1.0	2.0
4	163217697	163228037	1.0	1.0	2.0
4	163228038	163364920	1.0	1.0	2.0
4	163364921	163366673	1.0	1.0	2.0
4	163366674	190790811	1.0	1.0	2.0
5	22500	46099999	1.0	1.0	2.0
5	46100000	50699999	1.0	1.0	2.0
5	50700000	89866299	1.0	1.0	2.0
5	89866300	89868190	1.0	1.0	2.0
5	89868191	90582217	1.0	1.0	2.0
5	90582218	149738117	1.0	1.0	2.0
5	149738118	149740474	1.0	1.0	2.0
5	149740475	165343703	1.0	1.0	2.0
5	165343704	169597425	1.0	1.0	2.0
5	169597426	169668020	1.0	1.0	2.0
5	169668021	170040010	1.0	1.0	2.0
5	170040011	180689978	1.0	1.0	2.0
6	202331	58699999	1.0	1.0	2.0
6	58700000	63299999	1.0	1.0	2.0
6	63300000	114989065	1.0	1.0	2.0
6	114989066	114992410	1.0	1.0	2.0
6	114992411	170860359	1.0	1.0	2.0
7	40386	25649151	1.0	1.0	2.0
7	25649152	25793256	1.0	1.0	2.0
7	25793257	49632598	1.0	1.0	2.0
7	49632599	49635143	1.0	1.0	2.0
7	49635144	57999999	1.0	1.0	2.0
7	58000000	61699999	1.0	1.0	2.0
7	61700000	63477551	1.0	1.0	2.0
7	63477552	63527550	1.0	1.0	2.0
7	63527551	63530224	1.0	1.0	2.0
7	63530225	158584146	1.0	1.0	2.0
8	189138	2084352	1.0	1.0	2.0
8	2084353	43099999	1.0	1.0	2.0
8	43100000	48099999	1.0	1.0	2.0
8	48100000	105053647	1.0	1.0	2.0
8	105053648	105055257	1.0	1.0	2.0
8	105055258	129660285	1.0	1.0	2.0
8	129660286	129663606	1.0	1.0	2.0
8	129663607	129930443	1.0	1.0	2.0
8	129930444	138250826	1.0	1.0	2.0
8	138250827	138390258	1.0	1.0	2.0
8	138390259	140590015	1.0	1.0	2.0
8	140590016	146364021	1.0	1.0	2.0
9	85966	215922	1.0	1.0	2.0
9	215923	45114229	1.0	1.0	2.0
9	45114230	47299999	1.0	1.0	2.0
9	47300000	50699999	1.0	1.0	2.0
9	50700000	128898917	1.0	1.0	2.0
9	128898918	128900811	1.0	1.0	2.0
9	128900812	141213430	1.0	1.0	2.0
10	130013	329187	2.0	1.0	3.0
10	329188	1862883	1.0	1.0	2.0
10	1862884	1944452	1.0	1.0	2.0
10	1944453	2104956	2.0	1.0	3.0
10	2104957	2144955	2.0	1.0	3.0
10	2144956	2255744	2.0	1.0	3.0
10	2255745	24066142	2.0	1.0	3.0
10	24066143	24069537	2.0	1.0	3.0
10	24069538	36349576	2.0	1.0	3.0
10	36349577	36490163	2.0	1.0	3.0
10	36490164	37618071	1.0	1.0	2.0
10	37618072	37624342	1.0	1.0	2.0
10	37624343	37999999	2.0	1.0	3.0
10	42982501	44217745	1.0	1.0	2.0
10	44217746	135237679	3.0	0.0	3.0
10	135237680	135389924	3.0	0.0	3.0
11	202072	39101667	1.0	1.0	2.0
11	39101668	39106321	1.0	1.0	2.0
11	39106322	50493738	1.0	1.0	2.0
11	50493739	51599999	1.0	1.0	2.0
11	51600000	55699999	1.0	1.0	2.0
11	55700000	78923050	1.0	1.0	2.0
11	78923051	78964395	1.0	1.0	2.0
11	78964396	81571816	1.0	1.0	2.0
11	81571817	81880563	1.0	1.0	2.0
11	81880564	82009261	1.0	1.0	2.0
11	82009262	82011771	1.0	1.0	2.0
11	82011772	96111207	1.0	1.0	2.0
11	96111208	96112984	1.0	1.0	2.0
11	96112985	96212080	1.0	1.0	2.0
11	96212081	135006515	1.0	1.0	2.0
12	139093	33299999	1.0	1.0	2.0
12	33300000	38199999	1.0	1.0	2.0
12	38200000	66451370	1.0	1.0	2.0
12	66451371	68117500	1.0	1.0	2.0
12	68117501	68215230	1.0	1.0	2.0
12	68215231	87026626	1.0	1.0	2.0
12	87026627	87341590	1.0	1.0	2.0
12	87341591	87343279	1.0	1.0	2.0
12	87343280	91044245	1.0	1.0	2.0
12	91044246	91047802	1.0	1.0	2.0
12	91047803	133851894	1.0	1.0	2.0
13	1	16299999	1.0	1.0	2.0
13	16300000	19499999	1.0	1.0	2.0
13	19500000	64894162	1.0	1.0	2.0
13	64894163	64897452	1.0	1.0	2.0
13	64897453	82363642	1.0	1.0	2.0
13	82363643	82365226	1.0	1.0	2.0
13	82365227	82759308	1.0	1.0	2.0
13	82759309	82867808	1.0	1.0	2.0
13	82867809	83002616	1.0	1.0	2.0
13	83002617	83150771	1.0	1.0	2.0
13	83150772	93602146	1.0	1.0	2.0
13	93602147	93604643	1.0	1.0	2.0
13	93604644	96576569	1.0	1.0	2.0
13	96576570	96578704	1.0	1.0	2.0
13	96578705	114986609	1.0	1.0	2.0
14	1	16099999	1.0	1.0	2.0
14	16100000	19099999	1.0	1.0	2.0
14	19100000	20375050	1.0	1.0	2.0
14	20375051	107349539	1.0	1.0	2.0
15	1	15799999	1.0	1.0	2.0
15	15800000	20699999	1.0	1.0	2.0
15	20700000	102376739	1.0	1.0	2.0
16	87321	34599999	1.0	1.0	2.0
16	34600000	38599999	1.0	1.0	2.0
16	38600000	90155637	1.0	1.0	2.0
17	7	22199999	1.0	1.0	2.0
17	22200000	25799999	1.0	1.0	2.0
17	25800000	81195209	1.0	1.0	2.0
18	63284	117139	1.0	1.0	2.0
18	117140	259902	1.0	1.0	2.0
18	259903	15399999	1.0	1.0	2.0
18	15400000	18999999	1.0	1.0	2.0
18	19000000	54507598	1.0	1.0	2.0
18	54507599	54516933	1.0	1.0	2.0
18	54516934	54919807	1.0	1.0	2.0
18	54919808	54984087	1.0	1.0	2.0
18	54984088	63133891	1.0	1.0	2.0
18	63133892	63135666	1.0	1.0	2.0
18	63135667	78077247	1.0	1.0	2.0
19	295228	24399999	1.0	1.0	2.0
19	24400000	28599999	1.0	1.0	2.0
19	28600000	59039998	1.0	1.0	2.0
20	82776	106656	1.0	1.0	2.0
20	106657	237500	1.0	1.0	2.0
20	237501	25599999	1.0	1.0	2.0
20	25600000	29559164	1.0	1.0	2.0
20	29559165	63025519	1.0	1.0	2.0
21	10900000	15273231	1.0	1.0	2.0
21	15273232	48129894	1.0	1.0	2.0
22	1	12199999	1.0	1.0	2.0
22	12200000	17899999	1.0	1.0	2.0
22	17900000	29066143	1.0	1.0	2.0
22	29066144	51304565	1.0	1.0	2.0
