chromosome_index position alt_count ref_count
1 27210723 23 51
1 156499903 12 17
1 206669699 5 3
2 125547610 9 37
2 131796570 24 30
3 93617309 11 254
3 165504044 199 357
3 178936082 68 154
4 144360988 130 270
5 140710391 49 102
5 140788500 36 82
5 176860631 46 94
6 105198288 114 108
7 8099816 102 207
8 81399482 3 15
11 1977619 8 10
12 49525157 9 17
12 56082679 4 60
12 121712041 10 11
13 96529583 95 213
15 25947227 45 71
15 43814174 29 59
15 72192139 53 105
16 3611738 59 45
18 13059100 71 94
18 61390554 65 141
19 12175583 5 52
19 42599576 9 44
19 55264067 17 306
21 45999779 63 133
