chromosome_index position alt_count ref_count
1 152191766 37 83
1 177936856 7 66
1 247588165 11 30
2 26426943 167 341
2 84784902 45 109
2 85843529 3 31
2 209113112 20 48
2 222301821 34 58
3 98251295 8 64
3 134277174 9 36
3 178917478 33 40
5 112770050 4 68
5 140306487 13 63
6 26271605 4 68
6 144835787 11 113
7 56084931 39 32
7 79842082 4 81
9 131479035 17 160
10 5260731 6 25
10 7679258 61 125
11 12883803 6 57
11 55339694 47 89
11 102649942 5 113
11 111229622 18 31
12 7526163 10 328
12 8976368 75 124
13 24858319 19 12
15 50769066 31 71
15 56969820 9 34
16 23695207 55 523
17 59668211 82 203
19 35504508 26 24
19 42791828 35 51
19 42796879 6 82
19 52955082 4 20
