chromosome_index position alt_count ref_count
1 6253009 30 50
1 7837252 8 32
1 7980927 25 83
1 10711033 5 20
1 11317043 7 17
1 15767060 6 21
1 16257381 4 37
1 18023862 14 42
1 18809873 5 29
1 21231412 8 68
1 26507084 22 46
1 26688387 13 36
1 27426990 60 151
1 27736695 3 21
1 28527726 22 52
1 33248017 5 69
1 33402877 6 39
1 33799745 8 68
1 36479616 15 93
1 40307398 28 190
1 40307399 28 191
1 41236337 10 41
1 43855557 8 13
1 43904693 27 65
1 45292945 28 48
1 54060312 14 36
1 71318529 39 120
1 84668480 10 29
1 92446921 3 24
1 93826215 14 17
1 95710055 8 65
1 100155067 14 28
1 104162178 10 65
1 104202982 12 65
1 110201639 104 287
1 111663232 5 27
1 118523903 25 50
1 145115842 13 195
1 145416734 5 24
1 152129337 15 131
1 152188321 25 1412
1 153065972 41 70
1 153346314 25 42
1 157488500 12 35
1 158390374 42 68
1 158627317 8 114
1 158746540 25 70
1 158908910 11 42
1 159505705 14 88
1 160260356 16 53
1 161068482 6 26
1 165218847 4 19
1 168153290 6 42
1 169842890 17 31
1 175086161 27 63
1 175365764 8 39
1 180907803 4 39
1 180907804 4 41
1 181702080 25 82
1 183515287 27 44
1 185878583 11 43
1 186043930 21 34
1 186375275 22 46
1 196887394 14 49
1 196973942 19 45
1 197030924 17 29
1 198672472 37 138
1 202457679 3 7
1 202911260 5 52
1 204511992 33 46
1 205027169 9 21
1 205027170 7 21
1 209961817 25 60
1 222919965 9 39
1 226180625 15 35
1 226411643 3 23
1 226829796 69 133
1 228432259 23 94
1 228432260 23 94
1 237729900 13 47
1 237791261 11 30
1 238050087 34 51
1 245848836 9 48
1 247150761 4 14
1 248023993 6 29
1 248487278 92 224
2 16769383 11 22
2 21228752 6 31
2 21239448 8 46
2 24300518 10 47
2 25973054 55 139
2 27282176 13 121
2 27373088 26 71
2 32476005 18 42
2 32476006 18 42
2 43984263 6 36
2 44549970 24 67
2 50699436 3 10
2 54880844 7 50
2 64327545 22 63
2 68274371 7 31
2 69045040 3 18
2 74362670 5 53
2 84800642 8 58
2 89339753 25 114
2 101009849 11 72
2 107459978 17 170
2 108626906 4 50
2 113420624 22 58
2 125660611 4 10
2 128867249 9 65
2 136569980 23 55
2 136575445 27 62
2 137928454 11 20
2 138169367 20 43
2 138169368 20 41
2 141607745 6 42
2 152382559 35 154
2 152419175 4 10
2 158412723 8 16
2 165551675 24 58
2 166003454 15 100
2 179398154 14 36
2 179427855 38 117
2 179433511 7 39
2 179449483 31 184
2 179538385 7 26
2 179598099 12 67
2 189898825 5 55
2 197002303 6 60
2 198508932 12 39
2 208841442 7 11
2 212530049 8 36
2 212989568 5 30
2 218954061 3 22
2 219449406 15 109
2 222301209 13 51
2 228883076 8 55
2 233349916 8 26
2 241685279 3 20
3 1418728 13 68
3 2928815 3 36
3 9711175 8 34
3 13383561 6 43
3 36873661 12 82
3 38138100 15 67
3 38738864 3 44
3 38798333 10 86
3 42264480 22 41
3 42727451 21 111
3 44611958 9 16
3 47374755 3 28
3 52263740 8 47
3 52811620 7 41
3 56657115 4 43
3 57282366 6 47
3 65342558 6 74
3 78666819 6 56
3 108380723 6 18
3 108568024 8 39
3 111958764 6 23
3 111958765 6 23
3 112299604 4 40
3 112300032 11 62
3 114058043 6 63
3 121151191 10 51
3 121345544 28 104
3 128707645 7 19
3 130717162 13 50
3 133336016 8 33
3 133485236 35 102
3 133485237 35 102
3 136573686 22 107
3 141497056 14 30
3 141497057 14 30
3 142681053 19 116
3 154042090 8 52
3 167414821 21 49
3 184105217 15 31
3 189612120 10 73
3 194790815 17 32
3 195516131 12 52
4 289909 6 59
4 1807634 23 71
4 6865107 14 29
4 7714457 7 24
4 10445280 11 40
4 13616159 17 38
4 37592683 7 16
4 40776320 24 41
4 42415028 4 17
4 44691374 17 49
4 46930495 6 49
4 47571147 8 29
4 48032152 3 15
4 52860648 8 35
4 71472389 14 38
4 71701973 14 43
4 77116903 10 35
4 84234394 5 38
4 85672726 25 65
4 90857733 9 33
4 93511326 9 58
4 94316852 8 66
4 95206159 5 30
4 95508169 5 13
4 96075805 7 19
4 96075806 7 19
4 114276687 6 32
4 121702361 11 61
4 122722487 9 14
4 122853753 13 34
4 126238178 7 16
4 126370307 24 51
4 140810355 8 42
4 156135589 6 22
4 159092156 14 59
4 169143026 3 22
4 176622896 10 52
4 183600831 19 50
4 184368027 7 34
4 187524991 7 14
4 189026387 20 103
5 32053956 8 44
5 35955855 13 63
5 41149399 50 123
5 72183972 12 64
5 82838004 5 64
5 87492144 5 29
5 89949514 3 18
5 90012538 7 25
5 94275871 22 68
5 96512941 16 30
5 102342683 10 26
5 110459516 4 45
5 127671160 16 125
5 134782166 11 40
5 140202739 24 97
5 140476542 19 160
5 140720848 49 95
5 140750624 17 53
5 145631424 53 143
5 145631425 54 143
5 147488380 9 73
5 147889227 10 31
5 147889228 10 32
5 150080542 6 53
5 151166205 26 63
5 151166206 26 63
5 154394142 25 56
5 156590199 8 37
5 156592873 9 50
5 167882394 22 106
5 169805786 15 40
5 176309036 28 81
6 12123937 19 33
6 13185043 23 103
6 17850625 7 22
6 26413320 4 11
6 30128214 20 38
6 31130407 13 51
6 31600510 29 77
6 31926872 10 14
6 31948483 19 58
6 32139098 21 90
6 35423924 7 43
6 35922986 14 42
6 36269778 11 44
6 38758136 16 46
6 41162268 5 20
6 46826784 9 62
6 46976810 9 35
6 56819251 11 17
6 56819252 11 17
6 63995572 11 33
6 70040442 13 38
6 71003879 24 100
6 73821101 19 52
6 73919583 4 8
6 74227972 9 32
6 84862782 7 28
6 84862783 7 28
6 88854774 11 26
6 102069868 6 35
6 107070704 4 10
6 109481892 13 18
6 117609578 5 11
6 117718148 15 76
6 130475993 10 25
6 130762727 7 48
6 146708083 18 84
6 148861632 5 15
6 152642893 19 31
6 158541472 14 76
6 160526076 5 20
6 161551978 5 25
6 168352615 10 47
6 170627863 47 137
7 5569190 10 37
7 23830533 9 26
7 32209435 10 41
7 44804987 10 39
7 45753582 12 33
7 64864851 3 9
7 72987747 32 63
7 72987748 31 63
7 73932595 4 33
7 73932596 4 33
7 81591769 5 7
7 81591770 5 7
7 82582407 22 82
7 82764646 11 41
7 84628811 16 43
7 86416042 20 53
7 87060865 8 83
7 100225925 10 52
7 100678595 55 202
7 100683425 57 203
7 117307056 7 29
7 122338255 14 97
7 126173043 12 36
7 128040226 34 94
7 137271876 20 59
7 138968652 21 40
7 140301735 33 101
7 140453136 9 45
7 141734624 8 30
7 142099508 7 76
7 144097313 17 56
7 147674957 6 52
7 149502620 7 57
7 149515023 11 42
7 155090268 4 9
7 158325469 27 81
8 6782433 11 26
8 20038380 8 25
8 20072466 21 73
8 22475940 33 127
8 22938900 4 21
8 24250784 5 27
8 24810395 13 33
8 30702583 19 87
8 30706277 18 50
8 33371044 9 66
8 49833813 29 95
8 55541273 21 56
8 57079269 28 84
8 57080774 13 35
8 73480448 8 87
8 74917117 11 23
8 98991178 9 29
8 120774820 5 20
8 124094997 8 34
8 125047526 11 44
8 125061968 15 59
8 139691909 14 79
8 144239646 4 15
8 144944414 4 17
8 144946505 18 89
9 14842327 16 57
9 21971111 11 17
9 23704986 23 39
9 32633044 26 60
9 34343217 41 71
9 35870205 7 14
9 79862172 12 26
9 84607231 13 30
9 91686137 8 19
9 101904856 13 33
9 114476878 13 13
9 125681195 15 31
9 130947941 4 40
9 140001789 27 51
9 140001791 27 53
9 140100160 14 19
9 140100161 14 19
9 140772636 4 14
10 1230943 15 17
10 15639266 15 40
10 26241146 9 13
10 45941245 4 8
10 50952732 18 21
10 55700682 3 19
10 61831043 13 41
10 61831044 14 39
10 61835340 9 31
10 72100374 11 25
10 82329938 18 42
10 106976856 10 38
10 121212236 8 24
10 129537091 4 9
11 400005 3 13
11 1096334 6 26
11 1718720 59 152
11 4703870 4 24
11 4929481 14 81
11 5080314 3 21
11 5841871 27 55
11 5878756 19 57
11 6191051 4 26
11 7618866 3 8
11 7960392 13 44
11 10540570 6 16
11 17537831 6 5
11 20112483 5 29
11 20112485 5 30
11 21250989 5 29
11 26620532 6 22
11 32438053 50 292
11 32953892 8 31
11 34156132 13 38
11 34184278 14 40
11 34485777 12 70
11 40135956 4 34
11 43427388 18 63
11 43427389 18 63
11 45671831 11 52
11 46884198 7 77
11 48346880 34 186
11 48510647 20 71
11 55062969 9 25
11 55433486 17 40
11 56000423 14 31
11 59620489 12 104
11 59620490 12 104
11 59940566 30 99
11 62384058 9 48
11 62747348 8 55
11 62782218 34 162
11 63487923 8 27
11 63487924 9 26
11 63883877 10 21
11 63883878 10 22
11 64023076 5 38
11 64622857 12 51
11 65486682 11 20
11 66113976 40 112
11 66192177 9 115
11 67767143 4 10
11 67926251 12 73
11 67926252 12 73
11 69978066 4 15
11 82536106 5 27
11 93088625 8 37
11 103908354 16 89
11 104819285 8 17
11 105924856 7 18
11 111590639 5 37
11 118986926 13 21
11 124012337 20 51
11 128680623 4 44
11 129785672 34 76
11 132399018 5 38
11 132399019 5 37
12 9009814 33 77
12 13906319 15 58
12 15262099 25 112
12 18499676 7 50
12 18499677 7 50
12 18872381 7 24
12 18891609 7 49
12 22796732 15 41
12 29908761 10 21
12 32136376 12 43
12 39980086 11 40
12 46316926 8 44
12 48739252 8 36
12 49425644 3 29
12 51853752 24 98
12 52754584 12 40
12 52960824 36 76
12 54348980 4 16
12 54686568 6 33
12 55421006 18 92
12 57860100 23 94
12 57922304 8 67
12 64041132 7 49
12 68551724 7 71
12 80014972 14 88
12 80732899 18 43
12 92814806 81 213
12 95228785 5 16
12 102590799 5 34
12 121746388 21 71
12 124288315 5 35
12 124421922 7 61
12 126138492 6 36
12 132688134 24 44
12 132688163 11 70
13 19999087 5 12
13 29008254 9 44
13 33628324 27 120
13 33634925 16 49
13 35770194 6 41
13 42264381 5 50
13 42875398 5 28
13 50586194 15 42
13 76395371 8 21
13 97485123 22 52
13 108882071 22 40
13 114531652 17 48
14 20295949 18 154
14 21161793 20 44
14 31535349 10 18
14 38723753 5 71
14 45693277 14 32
14 52905928 8 17
14 58056015 10 35
14 63174573 17 58
14 63179367 4 7
14 68248219 6 50
14 70263783 11 62
14 76330135 20 70
14 77576282 18 35
14 93117951 17 82
14 93760709 4 37
14 94395531 6 36
14 96772020 3 44
14 105418833 77 271
14 105418834 77 266
14 106236190 28 154
14 106691941 12 88
14 106963009 47 101
15 31294199 35 94
15 31294201 36 94
15 34376473 8 17
15 34649405 10 38
15 40398134 13 34
15 41772897 11 16
15 45388239 9 35
15 45658338 6 47
15 48808503 13 81
15 52416749 19 37
15 52611301 4 48
15 54916089 10 27
15 56958729 4 38
15 62209576 3 38
15 63991031 4 22
15 64791500 4 6
15 67528372 17 45
15 72968607 3 16
15 74178913 3 34
15 74178914 3 34
15 75341549 9 30
15 76523697 11 18
15 84651504 9 39
15 89402035 3 20
15 100215612 6 49
15 100692836 7 60
16 624599 4 7
16 1250392 6 14
16 1250393 7 14
16 1259342 9 30
16 2156471 7 16
16 2257215 29 113
16 2882181 22 71
16 3454589 22 104
16 3454590 21 105
16 10273945 9 87
16 18602531 9 48
16 19195320 41 108
16 19490826 42 122
16 19547658 22 85
16 19567048 10 37
16 20430781 7 18
16 27460701 5 9
16 27781295 31 134
16 30035639 6 9
16 30198152 6 48
16 30567174 8 18
16 30974848 34 67
16 50813875 18 44
16 53476659 8 26
16 53686783 9 37
16 56598995 22 77
16 61687550 23 54
16 66946460 11 31
16 70534965 8 33
16 70557415 9 35
16 70557416 9 36
16 71663315 13 47
16 71663316 13 46
16 75563587 24 62
16 77398203 7 44
16 84270451 25 56
16 84270452 25 55
16 88876198 5 45
16 89704650 15 25
17 2601589 9 14
17 5085329 38 164
17 5463050 61 182
17 6329165 13 22
17 6663903 9 28
17 7195347 19 48
17 7228266 28 113
17 7722072 15 51
17 9632391 5 27
17 10323480 27 74
17 10348605 26 81
17 11513721 11 26
17 16049688 9 62
17 18167550 14 35
17 26800805 5 26
17 27010017 5 17
17 29553544 23 72
17 33769300 11 23
17 34261727 10 17
17 34862940 12 56
17 39038877 10 49
17 39596955 16 55
17 39596993 10 63
17 41003741 7 26
17 47921434 29 178
17 48655766 27 62
17 60005217 7 95
17 60351222 55 181
17 61623078 16 80
17 61958248 9 61
17 62781357 3 16
17 67249754 18 47
17 74097455 25 60
17 74732963 19 52
17 74771116 63 140
17 79094702 4 5
17 79419746 5 13
17 81042776 20 54
18 6264003 4 54
18 19345796 20 55
18 19996371 16 45
18 21125066 10 40
18 21328004 8 46
18 25572674 18 60
18 28576762 14 46
18 28598708 14 44
18 28714649 12 12
18 29340365 23 61
18 31324832 25 41
18 43216976 77 239
18 43479502 12 33
18 44268882 5 31
18 44268883 5 30
18 44585982 36 100
18 52265336 17 76
18 52942858 29 100
18 60986008 3 14
18 60986009 3 13
18 72343410 13 34
18 76753570 4 8
19 571510 11 34
19 853268 5 12
19 1785615 7 34
19 1785616 6 34
19 1828138 15 77
19 3759811 10 29
19 4207943 5 5
19 6147644 27 117
19 6147645 26 114
19 6227094 10 44
19 6227095 10 45
19 6713197 16 33
19 7806027 11 26
19 9065994 19 61
19 9066578 31 99
19 9083882 5 19
19 9237290 33 70
19 9272036 14 41
19 10224938 16 82
19 10398498 25 109
19 11304351 13 33
19 11892470 12 30
19 12767424 12 94
19 15536360 5 33
19 15839057 18 81
19 16799018 91 324
19 17654374 4 42
19 18376911 21 60
19 21240381 8 31
19 22940532 7 27
19 30935695 17 46
19 33991859 42 94
19 35996873 25 103
19 40398306 14 61
19 40885670 5 15
19 41630625 9 31
19 41919965 17 72
19 44891161 18 37
19 45175893 14 46
19 46347328 19 68
19 47230774 3 23
19 47870327 12 30
19 47870341 8 33
19 47870342 8 32
19 48250288 16 32
19 48382302 25 112
19 49224060 30 229
19 49714803 29 85
19 50148380 3 22
19 50360315 59 221
19 50411602 23 106
19 52520388 11 23
19 52869134 16 60
19 53432307 18 77
19 53856783 10 10
19 54312879 3 32
19 54649535 16 31
19 55365471 8 21
19 55494764 19 31
19 56041171 14 41
19 56515201 14 57
19 57670630 17 57
19 58564905 10 43
19 58564906 10 45
20 1145691 9 101
20 1286517 8 5
20 2638719 11 25
20 3653274 8 42
20 15210680 8 27
20 23065708 8 31
20 36641225 18 68
20 37464744 13 29
20 40042035 8 32
20 42788274 9 16
20 43752462 13 49
20 43836757 31 53
20 44472223 10 19
20 46305285 3 5
20 55949909 4 13
20 57599791 5 58
20 62193515 7 12
20 62193516 7 12
20 62370125 9 28
20 62595446 45 102
21 10862636 33 383
21 10921986 17 64
21 27372498 3 29
21 34003978 7 20
21 34003979 8 21
21 39086790 9 62
21 43274688 11 62
21 47664722 15 32
21 47686994 11 7
22 26166122 26 28
22 26849097 19 14
22 30857429 21 32
22 32589092 33 48
22 38374047 4 5
22 42606724 23 40
22 46657456 20 16
22 50727260 16 19
