chromosome_index position alt_count ref_count
1 27679806 152 70
2 74688571 110 151
2 220356570 91 415
2 240969561 4 11
3 36778802 127 83
3 128879877 17 23
4 47939508 15 154
5 140176343 8 40
5 140188134 37 56
5 140201395 138 254
7 813834 12 100
7 143806765 455 1270
8 101153439 213 110
8 142228979 91 36
9 139272115 28 64
11 6478178 21 29
11 130275565 9 134
12 416921 30 304
12 49948152 37 48
12 111801037 18 24
16 30783415 5 28
16 55363034 8 130
19 12903156 9 13
19 46357474 159 233
20 61436313 36 2
22 16287739 11 18
22 24236621 43 78
