chromosome_index	start_position	end_position	major_cn	minor_cn	total_cn
1	10001	21179974	2.0	1.0	3.0
1	21179975	21236788	4.0	1.0	5.0
1	21236789	22858934	2.0	1.0	3.0
1	22858935	23247133	3.0	1.0	4.0
1	23247134	49278941	2.0	1.0	3.0
1	49278942	49316314	2.0	1.0	3.0
1	49316315	66537651	2.0	1.0	3.0
1	66537652	66540339	1.0	1.0	2.0
1	66540340	73863898	2.0	1.0	3.0
1	73863899	74047445	3.0	1.0	4.0
1	74047446	74111744	3.0	2.0	5.0
1	74111745	80954258	2.0	1.0	3.0
1	80954259	80955324	2.0	1.0	3.0
1	80955325	97540409	2.0	1.0	3.0
1	97540410	97669492	4.0	1.0	5.0
1	97669493	108744942	2.0	1.0	3.0
1	108744943	108846657	3.0	0.0	3.0
1	108846658	109910402	4.0	3.0	7.0
1	109910403	119322928	3.0	3.0	6.0
1	119322929	119808191	3.0	2.0	5.0
1	119808192	119911465	2.0	2.0	4.0
1	119911466	121499999	2.0	2.0	4.0
1	121500000	128899999	2.0	2.0	4.0
1	128900000	143645108	2.0	2.0	4.0
1	143645109	152370118	4.0	2.0	6.0
1	152370119	152443093	3.0	2.0	5.0
1	152443094	153279980	3.0	2.0	5.0
1	153279981	153397860	4.0	1.0	5.0
1	153397861	154797955	4.0	1.0	5.0
1	154797956	155358514	3.0	2.0	5.0
1	155358515	169080629	3.0	2.0	5.0
1	169080630	169208429	4.0	1.0	5.0
1	169208430	195909580	4.0	2.0	6.0
1	195909581	220753825	3.0	2.0	5.0
1	220753826	220907018	1.0	1.0	2.0
1	220907019	221316558	2.0	2.0	4.0
1	221316559	221318419	2.0	2.0	4.0
1	221318420	246555328	2.0	2.0	4.0
1	246555329	246644362	3.0	0.0	3.0
1	246644363	247247500	3.0	2.0	5.0
1	247247501	249250620	3.0	2.0	5.0
2	20016	13042492	2.0	0.0	2.0
2	13042493	13050126	3.0	1.0	4.0
2	13050127	47343338	3.0	1.0	4.0
2	47343339	47425102	2.0	2.0	4.0
2	47425103	51329970	3.0	1.0	4.0
2	51329971	51574117	4.0	3.0	7.0
2	51574118	51762311	3.0	3.0	6.0
2	51762312	60690524	4.0	3.0	7.0
2	60690525	62772950	5.0	3.0	8.0
2	62772951	62798831	17.0	2.0	19.0
2	62798832	62812952	4.0	4.0	8.0
2	62812953	66232183	2.0	2.0	4.0
2	66232184	66233660	5.0	3.0	8.0
2	66233661	67413428	5.0	3.0	8.0
2	67413429	82979859	2.0	2.0	4.0
2	82979860	90499999	2.0	2.0	4.0
2	90500000	97369518	2.0	2.0	4.0
2	97369519	99095389	2.0	2.0	4.0
2	99095390	122009040	2.0	2.0	4.0
2	122009041	122018246	2.0	1.0	3.0
2	122018247	122479444	2.0	1.0	3.0
2	122479445	145527502	2.0	1.0	3.0
2	145527503	150628692	2.0	2.0	4.0
2	150628693	150629814	2.0	2.0	4.0
2	150629815	151454478	2.0	2.0	4.0
2	151454479	151508618	3.0	3.0	6.0
2	151508619	152364586	2.0	2.0	4.0
2	152364587	160363458	2.0	2.0	4.0
2	160363459	205122111	2.0	2.0	4.0
2	205122112	205122150	2.0	2.0	4.0
2	205122151	208263314	2.0	2.0	4.0
2	208263315	208263773	2.0	2.0	4.0
2	208263774	242852391	2.0	2.0	4.0
2	242852392	242949968	2.0	1.0	3.0
3	100074	380467	4.0	0.0	4.0
3	380468	3877343	4.0	0.0	4.0
3	3877344	3878929	4.0	0.0	4.0
3	3878930	22770507	4.0	0.0	4.0
3	22770508	22772768	4.0	0.0	4.0
3	22772769	26868072	4.0	0.0	4.0
3	26868073	29074116	4.0	0.0	4.0
3	29074117	60303433	3.0	1.0	4.0
3	60303434	60372046	2.0	0.0	2.0
3	60372047	60663197	0.0	0.0	0.0
3	60663198	60668148	7.0	1.0	8.0
3	60668149	60693753	2.0	1.0	3.0
3	60693754	60706910	8.0	1.0	9.0
3	60706911	60714201	15.0	1.0	16.0
3	60714202	60717941	15.0	1.0	16.0
3	60717942	73659247	3.0	3.0	6.0
3	73659248	73660026	3.0	3.0	6.0
3	73660027	76010930	3.0	3.0	6.0
3	76010931	76057296	3.0	3.0	6.0
3	76057297	81090485	3.0	3.0	6.0
3	81090486	84268579	4.0	3.0	7.0
3	84268580	84269428	3.0	3.0	6.0
3	84269429	87899999	3.0	2.0	5.0
3	94290868	94812833	2.0	2.0	4.0
3	94812834	94828922	3.0	2.0	5.0
3	94828923	103712318	2.0	2.0	4.0
3	103712319	118431617	2.0	2.0	4.0
3	118431618	118432565	2.0	2.0	4.0
3	118432566	123591654	2.0	2.0	4.0
3	123591655	137695205	2.0	2.0	4.0
3	137695206	138319547	2.0	1.0	3.0
3	138319548	141401835	2.0	2.0	4.0
3	141401836	141406473	5.0	2.0	7.0
3	141406474	141570001	5.0	2.0	7.0
3	141570002	156446452	2.0	2.0	4.0
3	156446453	156452499	2.0	2.0	4.0
3	156452500	161834700	4.0	2.0	6.0
3	161834701	162643494	2.0	2.0	4.0
3	162643495	162643928	3.0	2.0	5.0
3	162643929	162650674	3.0	2.0	5.0
3	162650675	162650808	3.0	2.0	5.0
3	162650809	162651908	3.0	2.0	5.0
3	162651909	162710282	3.0	2.0	5.0
3	162710283	162710996	4.0	3.0	7.0
3	162710997	163391718	3.0	2.0	5.0
3	163391719	163392796	3.0	2.0	5.0
3	163392797	168507152	3.0	2.0	5.0
3	168507153	168507165	3.0	2.0	5.0
3	168507166	182472105	3.0	2.0	5.0
3	182472106	182473299	3.0	2.0	5.0
3	182473300	184420081	3.0	2.0	5.0
3	184420082	191034007	2.0	2.0	4.0
3	191034008	197847500	2.0	1.0	3.0
4	11870	41553	9.0	8.0	17.0
4	41554	48199999	3.0	0.0	3.0
4	48200000	52699999	3.0	0.0	3.0
4	52700000	62986158	3.0	0.0	3.0
4	62986159	69374101	3.0	0.0	3.0
4	69374102	108861733	2.0	0.0	2.0
4	108861734	110252878	3.0	1.0	4.0
4	110252879	112549360	3.0	1.0	4.0
4	112549361	143860003	2.0	1.0	3.0
4	143860004	150057556	3.0	1.0	4.0
4	150057557	150060378	3.0	1.0	4.0
4	150060379	157163808	3.0	1.0	4.0
4	157163809	157165773	3.0	1.0	4.0
4	157165774	160359842	3.0	1.0	4.0
4	160359843	160360715	3.0	1.0	4.0
4	160360716	161963843	3.0	1.0	4.0
4	161963844	162107438	2.0	2.0	4.0
4	162107439	162227874	3.0	1.0	4.0
4	162227875	167230024	3.0	1.0	4.0
4	167230025	177481253	2.0	1.0	3.0
4	177481254	177548499	2.0	1.0	3.0
4	177548500	180814789	2.0	1.0	3.0
4	180814790	180816189	2.0	1.0	3.0
4	180816190	188865090	2.0	1.0	3.0
4	188865091	188866407	2.0	1.0	3.0
4	188866408	190790246	2.0	1.0	3.0
5	22500	13038599	3.0	1.0	4.0
5	13038600	13038867	3.0	1.0	4.0
5	13038868	18796737	3.0	1.0	4.0
5	18796738	23758799	2.0	1.0	3.0
5	23758800	23831651	2.0	1.0	3.0
5	23831652	25313049	1.0	1.0	2.0
5	25313050	26547786	3.0	2.0	5.0
5	26547787	26549630	3.0	1.0	4.0
5	26549631	26900040	3.0	2.0	5.0
5	26900041	28404275	3.0	3.0	6.0
5	28404276	28406095	2.0	2.0	4.0
5	28406096	32859881	4.0	3.0	7.0
5	32859882	32862989	3.0	3.0	6.0
5	32862990	34942158	4.0	4.0	8.0
5	34942159	35794863	4.0	2.0	6.0
5	35794864	35856468	4.0	2.0	6.0
5	35856469	43593472	3.0	2.0	5.0
5	43593473	43651672	3.0	3.0	6.0
5	43651673	46099999	3.0	2.0	5.0
5	50700000	103283693	1.0	1.0	2.0
5	103283694	114285190	2.0	1.0	3.0
5	114285191	114380583	2.0	1.0	3.0
5	114380584	130813053	2.0	1.0	3.0
5	130813054	130844963	2.0	2.0	4.0
5	130844964	163002881	2.0	1.0	3.0
5	163002882	165739524	3.0	2.0	5.0
5	165739525	165741711	3.0	2.0	5.0
5	165741712	180714439	3.0	2.0	5.0
6	39681	209158	3.0	2.0	5.0
6	209159	1016695	3.0	2.0	5.0
6	1016696	1171155	3.0	2.0	5.0
6	1171156	3543015	3.0	2.0	5.0
6	3543016	7059778	2.0	2.0	4.0
6	7059779	7061753	2.0	2.0	4.0
6	7061754	9859043	2.0	2.0	4.0
6	9859044	14284099	2.0	2.0	4.0
6	14284100	14285118	2.0	2.0	4.0
6	14285119	18740621	2.0	2.0	4.0
6	18740622	18748604	2.0	2.0	4.0
6	18748605	18804979	2.0	2.0	4.0
6	18804980	18808575	3.0	2.0	5.0
6	18808576	18858557	2.0	2.0	4.0
6	18858558	19017894	2.0	2.0	4.0
6	19017895	19035766	3.0	2.0	5.0
6	19035767	19036185	3.0	2.0	5.0
6	19036186	19406561	2.0	2.0	4.0
6	19406562	20743746	2.0	2.0	4.0
6	20743747	20747927	2.0	2.0	4.0
6	20747928	20751351	2.0	2.0	4.0
6	20751352	20798402	2.0	2.0	4.0
6	20798403	20805153	2.0	2.0	4.0
6	20805154	20836270	2.0	2.0	4.0
6	20836271	20902966	2.0	2.0	4.0
6	20902967	21004546	2.0	2.0	4.0
6	21004547	21421266	2.0	2.0	4.0
6	21421267	23484245	2.0	2.0	4.0
6	23484246	23486289	2.0	2.0	4.0
6	23486290	23507306	2.0	2.0	4.0
6	23507307	26641071	2.0	2.0	4.0
6	26641072	40077219	3.0	2.0	5.0
6	40077220	40114432	4.0	2.0	6.0
6	40114433	40127351	3.0	2.0	5.0
6	40127352	40170450	3.0	2.0	5.0
6	40170451	50287833	3.0	2.0	5.0
6	50287834	50867813	3.0	2.0	5.0
6	50867814	54492145	3.0	2.0	5.0
6	54492146	54492946	3.0	2.0	5.0
6	54492947	54509121	3.0	2.0	5.0
6	54509122	54650857	5.0	3.0	8.0
6	54650858	58699999	4.0	2.0	6.0
6	63300000	64467095	2.0	2.0	4.0
6	64467096	69479940	2.0	0.0	2.0
6	69479941	86538997	2.0	1.0	3.0
6	86538998	86540351	2.0	0.0	2.0
6	86540352	87206722	2.0	1.0	3.0
6	87206723	112887748	2.0	1.0	3.0
6	112887749	112888833	3.0	1.0	4.0
6	112888834	125337752	3.0	1.0	4.0
6	125337753	142221393	4.0	1.0	5.0
6	142221394	163218186	3.0	1.0	4.0
6	163218187	163272661	3.0	1.0	4.0
6	163272662	163542584	3.0	1.0	4.0
6	163542585	163546812	3.0	1.0	4.0
6	163546813	170921585	3.0	1.0	4.0
7	40386	3126258	3.0	2.0	5.0
7	3126259	14678457	3.0	2.0	5.0
7	14678458	14681328	3.0	2.0	5.0
7	14681329	21894138	3.0	2.0	5.0
7	21894139	21895866	3.0	2.0	5.0
7	21895867	32396296	3.0	2.0	5.0
7	32396297	32703468	4.0	1.0	5.0
7	32703469	32704691	4.0	2.0	6.0
7	32704692	41286277	4.0	2.0	6.0
7	41286278	41289654	4.0	2.0	6.0
7	41289655	41983296	4.0	2.0	6.0
7	41983297	41984979	3.0	2.0	5.0
7	41984980	57999999	3.0	2.0	5.0
7	61700000	66636141	2.0	2.0	4.0
7	66636142	66637079	3.0	2.0	5.0
7	66637080	68604261	2.0	1.0	3.0
7	68604262	75764532	3.0	1.0	4.0
7	75764533	75765977	3.0	1.0	4.0
7	75765978	83862826	3.0	1.0	4.0
7	83862827	83863066	3.0	1.0	4.0
7	83863067	83863379	3.0	1.0	4.0
7	83863380	88336555	3.0	1.0	4.0
7	88336556	88337671	3.0	1.0	4.0
7	88337672	89419846	3.0	1.0	4.0
7	89419847	110438278	2.0	1.0	3.0
7	110438279	110441363	1.0	0.0	1.0
7	110441364	110475426	1.0	0.0	1.0
7	110475427	110504749	2.0	0.0	2.0
7	110504750	126306870	2.0	1.0	3.0
7	126306871	126311233	2.0	1.0	3.0
7	126311234	126314804	2.0	1.0	3.0
7	126314805	126314970	2.0	1.0	3.0
7	126314971	146802421	2.0	1.0	3.0
7	146802422	157436324	2.0	2.0	4.0
7	157436325	157589031	1.0	1.0	2.0
7	157589032	158821400	2.0	2.0	4.0
8	10001	156503	1.0	0.0	1.0
8	156504	1677125	1.0	1.0	2.0
8	1677126	2109946	2.0	1.0	3.0
8	2109947	8132842	4.0	1.0	5.0
8	8132843	9100959	2.0	1.0	3.0
8	9100960	9101613	2.0	1.0	3.0
8	9101614	10739944	5.0	1.0	6.0
8	10739945	11202239	5.0	5.0	10.0
8	11202240	11621918	20.0	5.0	25.0
8	11621919	11895511	5.0	5.0	10.0
8	11895512	13697640	5.0	2.0	7.0
8	13697641	14647139	5.0	2.0	7.0
8	14647140	14647481	6.0	3.0	9.0
8	14647482	14648235	5.0	1.0	6.0
8	14648236	14648322	5.0	1.0	6.0
8	14648323	14655065	5.0	1.0	6.0
8	14655066	21007352	5.0	1.0	6.0
8	21007353	21012763	2.0	1.0	3.0
8	21012764	21012779	2.0	1.0	3.0
8	21012780	30211111	2.0	1.0	3.0
8	30211112	30742226	2.0	2.0	4.0
8	30742227	32363598	2.0	2.0	4.0
8	32363599	32376925	2.0	2.0	4.0
8	32376926	32378593	7.0	1.0	8.0
8	32378594	33792590	7.0	1.0	8.0
8	33792591	33843298	5.0	5.0	10.0
8	33843299	34012297	6.0	5.0	11.0
8	34012298	34224432	6.0	5.0	11.0
8	34224433	34342295	5.0	5.0	10.0
8	34342296	36466328	6.0	2.0	8.0
8	36466329	36911752	14.0	1.0	15.0
8	36911753	36912005	14.0	1.0	15.0
8	36912006	36912732	14.0	1.0	15.0
8	36912733	37250912	14.0	1.0	15.0
8	37250913	38138511	7.0	2.0	9.0
8	38138512	39115402	4.0	2.0	6.0
8	39115403	39296624	4.0	4.0	8.0
8	39296625	39406443	4.0	4.0	8.0
8	39406444	39639721	4.0	2.0	6.0
8	39639722	39640036	4.0	3.0	7.0
8	39640037	39640049	4.0	3.0	7.0
8	39640050	39640538	4.0	3.0	7.0
8	39640539	39640844	4.0	3.0	7.0
8	39640845	39640858	4.0	3.0	7.0
8	39640859	39641846	4.0	3.0	7.0
8	39641847	41189591	5.0	1.0	6.0
8	41189592	41190503	6.0	2.0	8.0
8	41190504	43099999	31.0	1.0	32.0
8	48100000	54030570	2.0	2.0	4.0
8	54030571	54032122	2.0	2.0	4.0
8	54032123	61254575	2.0	2.0	4.0
8	61254576	61254604	2.0	2.0	4.0
8	61254605	62851279	2.0	2.0	4.0
8	62851280	63677599	4.0	2.0	6.0
8	63677600	63685900	6.0	1.0	7.0
8	63685901	64723300	6.0	1.0	7.0
8	64723301	64723507	6.0	1.0	7.0
8	64723508	64796830	6.0	1.0	7.0
8	64796831	64799197	14.0	3.0	17.0
8	64799198	64799650	14.0	3.0	17.0
8	64799651	64800244	14.0	3.0	17.0
8	64800245	64802492	14.0	3.0	17.0
8	64802493	64804602	20.0	1.0	21.0
8	64804603	65459979	20.0	1.0	21.0
8	65459980	84405080	3.0	3.0	6.0
8	84405081	85525410	6.0	3.0	9.0
8	85525411	85779974	2.0	2.0	4.0
8	85779975	86420553	6.0	3.0	9.0
8	86420554	87908165	3.0	3.0	6.0
8	87908166	88231777	2.0	2.0	4.0
8	88231778	88233087	2.0	2.0	4.0
8	88233088	88470141	2.0	2.0	4.0
8	88470142	88502744	3.0	3.0	6.0
8	88502745	89491156	3.0	3.0	6.0
8	89491157	92974268	2.0	1.0	3.0
8	92974269	93706549	3.0	3.0	6.0
8	93706550	96960770	3.0	3.0	6.0
8	96960771	96962395	3.0	3.0	6.0
8	96962396	103195804	3.0	3.0	6.0
8	103195805	103197678	2.0	2.0	4.0
8	103197679	105808939	3.0	3.0	6.0
8	105808940	105809712	2.0	2.0	4.0
8	105809713	107631813	3.0	3.0	6.0
8	107631814	108870823	3.0	1.0	4.0
8	108870824	111725041	3.0	3.0	6.0
8	111725042	117422225	2.0	1.0	3.0
8	117422226	117952991	3.0	3.0	6.0
8	117952992	118134195	4.0	3.0	7.0
8	118134196	118671806	3.0	3.0	6.0
8	118671807	118673553	18.0	1.0	19.0
8	118673554	118886436	18.0	1.0	19.0
8	118886437	119215630	25.0	2.0	27.0
8	119215631	119293956	5.0	2.0	7.0
8	119293957	119538883	5.0	2.0	7.0
8	119538884	119967550	6.0	2.0	8.0
8	119967551	120254526	5.0	2.0	7.0
8	120254527	120509353	5.0	2.0	7.0
8	120509354	120551095	5.0	2.0	7.0
8	120551096	120552247	5.0	2.0	7.0
8	120552248	120642293	5.0	2.0	7.0
8	120642294	120642399	7.0	4.0	11.0
8	120642400	120658518	6.0	2.0	8.0
8	120658519	120862773	6.0	2.0	8.0
8	120862774	121102211	6.0	2.0	8.0
8	121102212	121109023	5.0	1.0	6.0
8	121109024	121139149	5.0	1.0	6.0
8	121139150	126662913	2.0	2.0	4.0
8	126662914	126817410	6.0	2.0	8.0
8	126817411	128681504	19.0	2.0	21.0
8	128681505	129269029	19.0	2.0	21.0
8	129269030	131314370	15.0	2.0	17.0
8	131314371	132348644	4.0	2.0	6.0
8	132348645	132350494	3.0	2.0	5.0
8	132350495	132712197	3.0	2.0	5.0
8	132712198	132997684	4.0	0.0	4.0
8	132997685	137791697	4.0	2.0	6.0
8	137791698	137797027	3.0	2.0	5.0
8	137797028	141288430	1.0	1.0	2.0
8	141288431	141555926	3.0	3.0	6.0
8	141555927	146364021	2.0	2.0	4.0
9	47500	229148	2.0	0.0	2.0
9	229149	9960061	2.0	0.0	2.0
9	9960062	9962214	2.0	0.0	2.0
9	9962215	10828769	2.0	0.0	2.0
9	10828770	10840741	1.0	0.0	1.0
9	10840742	11002037	2.0	0.0	2.0
9	11002038	11003258	2.0	0.0	2.0
9	11003259	17253288	2.0	0.0	2.0
9	17253289	21753497	3.0	0.0	3.0
9	21753498	21755136	1.0	0.0	1.0
9	21755137	21758029	2.0	0.0	2.0
9	21758030	22303145	2.0	0.0	2.0
9	22303146	22487348	3.0	0.0	3.0
9	22487349	22943652	3.0	0.0	3.0
9	22943653	22946963	1.0	1.0	2.0
9	22946964	26134787	2.0	1.0	3.0
9	26134788	26177204	2.0	1.0	3.0
9	26177205	26936411	2.0	1.0	3.0
9	26936412	27373220	1.0	1.0	2.0
9	27373221	27437323	1.0	1.0	2.0
9	27437324	27439317	1.0	1.0	2.0
9	27439318	27708973	1.0	1.0	2.0
9	27708974	27709357	1.0	1.0	2.0
9	27709358	27715719	1.0	1.0	2.0
9	27715720	44905596	2.0	2.0	4.0
9	44905597	45377499	2.0	2.0	4.0
9	45377500	47299999	3.0	0.0	3.0
9	47300000	50699999	3.0	0.0	3.0
9	50700000	68838479	3.0	0.0	3.0
9	68838480	75515586	3.0	2.0	5.0
9	75515587	75515925	3.0	2.0	5.0
9	75515926	76776909	3.0	2.0	5.0
9	76776910	76780218	3.0	2.0	5.0
9	76780219	95299441	3.0	2.0	5.0
9	95299442	95327265	3.0	3.0	6.0
9	95327266	111565692	2.0	2.0	4.0
9	111565693	111566007	2.0	2.0	4.0
9	111566008	111566034	2.0	2.0	4.0
9	111566035	111566345	2.0	2.0	4.0
9	111566346	111566376	2.0	2.0	4.0
9	111566377	111566917	2.0	2.0	4.0
9	111566918	111566960	2.0	2.0	4.0
9	111566961	111567431	2.0	2.0	4.0
9	111567432	122139619	2.0	2.0	4.0
9	122139620	122140863	2.0	2.0	4.0
9	122140864	140274200	2.0	2.0	4.0
9	140274201	140390951	4.0	3.0	7.0
9	140390952	141019790	3.0	3.0	6.0
10	94426	37999999	2.0	2.0	4.0
10	42300000	45754976	3.0	3.0	6.0
10	45754977	55925818	3.0	2.0	5.0
10	55925819	57306609	3.0	2.0	5.0
10	57306610	64827581	3.0	2.0	5.0
10	64827582	65616419	3.0	1.0	4.0
10	65616420	67766439	2.0	2.0	4.0
10	67766440	67768772	2.0	2.0	4.0
10	67768773	68214931	3.0	2.0	5.0
10	68214932	68215878	3.0	2.0	5.0
10	68215879	116584645	3.0	2.0	5.0
10	116584646	116842933	3.0	0.0	3.0
10	116842934	135534746	2.0	2.0	4.0
11	20721	196943	4.0	0.0	4.0
11	196944	5446473	5.0	1.0	6.0
11	5446474	5561915	5.0	3.0	8.0
11	5561916	5585743	5.0	1.0	6.0
11	5585744	7018337	5.0	1.0	6.0
11	7018338	7019335	5.0	1.0	6.0
11	7019336	21802623	5.0	1.0	6.0
11	21802624	21805243	5.0	1.0	6.0
11	21805244	25239674	5.0	1.0	6.0
11	25239675	25239783	5.0	1.0	6.0
11	25239784	35405049	4.0	1.0	5.0
11	35405050	40964567	4.0	1.0	5.0
11	40964568	42725676	4.0	0.0	4.0
11	42725677	44280314	4.0	1.0	5.0
11	44280315	44281463	8.0	1.0	9.0
11	44281464	44887248	8.0	1.0	9.0
11	44887249	45003311	15.0	1.0	16.0
11	45003312	45636360	8.0	1.0	9.0
11	45636361	45636430	8.0	1.0	9.0
11	45636431	46530790	15.0	1.0	16.0
11	46530791	46533156	15.0	3.0	18.0
11	46533157	46966043	15.0	3.0	18.0
11	46966044	48747533	15.0	2.0	17.0
11	48747534	48749217	8.0	3.0	11.0
11	48749218	50528599	15.0	1.0	16.0
11	50528600	50534564	6.0	1.0	7.0
11	50534565	50776377	6.0	1.0	7.0
11	55700000	61125527	3.0	2.0	5.0
11	61125528	61127371	3.0	1.0	4.0
11	61127372	64047455	3.0	1.0	4.0
11	64047456	64114267	2.0	1.0	3.0
11	64114268	68646758	3.0	1.0	4.0
11	68646759	71570992	15.0	1.0	16.0
11	71570993	75205775	6.0	1.0	7.0
11	75205776	90927265	5.0	0.0	5.0
11	90927266	91035068	7.0	0.0	7.0
11	91035069	98285559	6.0	0.0	6.0
11	98285560	98286593	5.0	0.0	5.0
11	98286594	99133281	5.0	0.0	5.0
11	99133282	99134362	5.0	0.0	5.0
11	99134363	111094228	6.0	0.0	6.0
11	111094229	111543823	4.0	0.0	4.0
11	111543824	127026534	5.0	0.0	5.0
11	127026535	127029282	4.0	0.0	4.0
11	127029283	134402200	4.0	0.0	4.0
12	110107	33299999	3.0	3.0	6.0
12	38200000	40957287	3.0	1.0	4.0
12	40957288	41027792	3.0	1.0	4.0
12	41027793	41749779	3.0	1.0	4.0
12	41749780	41749819	3.0	1.0	4.0
12	41749820	50000386	3.0	1.0	4.0
12	50000387	60964527	3.0	2.0	5.0
12	60964528	60965851	2.0	2.0	4.0
12	60965852	60967066	3.0	1.0	4.0
12	60967067	60968481	3.0	2.0	5.0
12	60968482	66451371	3.0	2.0	5.0
12	66451372	68515921	3.0	2.0	5.0
12	68515922	68516433	3.0	2.0	5.0
12	68516434	68524086	3.0	2.0	5.0
12	68524087	68525304	3.0	2.0	5.0
12	68525305	68994273	3.0	2.0	5.0
12	68994274	74443546	3.0	1.0	4.0
12	74443547	119108382	3.0	1.0	4.0
12	119108383	128685627	3.0	2.0	5.0
12	128685628	128687767	2.0	2.0	4.0
12	128687768	132349400	3.0	2.0	5.0
12	132349401	133851894	3.0	2.0	5.0
13	16300000	20108916	2.0	2.0	4.0
13	20108917	20117331	2.0	2.0	4.0
13	20117332	23352908	2.0	2.0	4.0
13	23352909	23355422	2.0	2.0	4.0
13	23355423	26544700	3.0	2.0	5.0
13	26544701	29838467	5.0	2.0	7.0
13	29838468	39167528	6.0	2.0	8.0
13	39167529	41350978	6.0	2.0	8.0
13	41350979	42299958	15.0	2.0	17.0
13	42299959	48794950	6.0	2.0	8.0
13	48794951	54486647	6.0	2.0	8.0
13	54486648	54487632	5.0	2.0	7.0
13	54487633	55314582	5.0	2.0	7.0
13	55314583	55377726	5.0	2.0	7.0
13	55377727	55412349	5.0	2.0	7.0
13	55412350	57310007	5.0	2.0	7.0
13	57310008	96895050	2.0	1.0	3.0
13	96895051	102225289	2.0	1.0	3.0
13	102225290	114176360	1.0	1.0	2.0
14	16100000	19099999	3.0	0.0	3.0
14	19100000	20375050	2.0	2.0	4.0
14	20375051	40563322	2.0	2.0	4.0
14	40563323	40564938	2.0	2.0	4.0
14	40564939	41587097	2.0	2.0	4.0
14	41587098	42157443	2.0	2.0	4.0
14	42157444	44774393	2.0	2.0	4.0
14	44774394	44775417	2.0	2.0	4.0
14	44775418	59220401	2.0	1.0	3.0
14	59220402	59220513	2.0	2.0	4.0
14	59220514	59220627	2.0	2.0	4.0
14	59220628	59221037	2.0	2.0	4.0
14	59221038	71210587	2.0	2.0	4.0
14	71210588	97914913	2.0	2.0	4.0
14	97914914	97917976	2.0	2.0	4.0
14	97917977	103836764	2.0	2.0	4.0
14	103836765	103853978	2.0	2.0	4.0
14	103853979	106368400	2.0	2.0	4.0
15	15800000	20699999	4.0	0.0	4.0
15	20700000	22590135	4.0	0.0	4.0
15	22590136	23249130	2.0	0.0	2.0
15	23249131	26580600	2.0	1.0	3.0
15	26580601	29223567	3.0	1.0	4.0
15	29223568	42334899	2.0	1.0	3.0
15	42334900	42421727	2.0	1.0	3.0
15	42421728	63446050	3.0	1.0	4.0
15	63446051	63449692	2.0	1.0	3.0
15	63449693	87419987	2.0	1.0	3.0
15	87419988	87423432	2.0	1.0	3.0
15	87423433	100338800	2.0	1.0	3.0
15	100338801	102531391	3.0	1.0	4.0
16	94080	3067121	4.0	2.0	6.0
16	3067122	20642500	3.0	2.0	5.0
16	20642501	22048461	3.0	2.0	5.0
16	22048462	22102829	3.0	2.0	5.0
16	22102830	22137591	3.0	2.0	5.0
16	22137592	26925715	2.0	2.0	4.0
16	26925716	26977173	3.0	3.0	6.0
16	26977174	32502396	2.0	2.0	4.0
16	32502397	32503672	2.0	2.0	4.0
16	32503673	34599999	2.0	2.0	4.0
16	34600000	38599999	2.0	2.0	4.0
16	38600000	46447499	2.0	2.0	4.0
16	46447500	48833446	2.0	1.0	3.0
16	48833447	64630125	2.0	1.0	3.0
16	64630126	67739237	2.0	2.0	4.0
16	67739238	73413667	2.0	2.0	4.0
16	73413668	78468085	2.0	1.0	3.0
16	78468086	78548712	0.0	0.0	0.0
16	78548713	78585396	0.0	0.0	0.0
16	78585397	78662482	0.0	0.0	0.0
16	78662483	78666933	1.0	0.0	1.0
16	78666934	78779405	1.0	0.0	1.0
16	78779406	88827200	2.0	1.0	3.0
16	88827201	90354752	2.0	1.0	3.0
17	1869	618593	2.0	2.0	4.0
17	618594	619584	2.0	2.0	4.0
17	619585	12163698	2.0	2.0	4.0
17	12163699	12257691	2.0	2.0	4.0
17	12257692	16757756	2.0	1.0	3.0
17	16757757	16917880	4.0	1.0	5.0
17	16917881	17616215	3.0	1.0	4.0
17	17616216	19630268	3.0	0.0	3.0
17	19630269	19672500	4.0	0.0	4.0
17	19672501	20434391	7.0	0.0	7.0
17	20434392	22199999	2.0	0.0	2.0
17	25800000	68960304	3.0	1.0	4.0
17	68960305	68961168	3.0	1.0	4.0
17	68961169	78774600	3.0	1.0	4.0
17	78774601	81195209	3.0	1.0	4.0
18	49032	1033612	3.0	0.0	3.0
18	1033613	9040039	2.0	0.0	2.0
18	9040040	14508764	2.0	1.0	3.0
18	19000000	22873245	2.0	2.0	4.0
18	22873246	25159869	2.0	2.0	4.0
18	25159870	26389596	4.0	1.0	5.0
18	26389597	68356182	1.0	1.0	2.0
18	68356183	76117000	1.0	1.0	2.0
18	76117001	78077247	1.0	1.0	2.0
19	108847	7790562	2.0	2.0	4.0
19	7790563	7938434	2.0	2.0	4.0
19	7938435	13847025	2.0	2.0	4.0
19	13847026	13994979	3.0	2.0	5.0
19	13994980	19626666	2.0	2.0	4.0
19	19626667	21205530	4.0	2.0	6.0
19	21205531	24399999	3.0	2.0	5.0
19	28600000	47507935	2.0	2.0	4.0
19	47507936	47698988	2.0	2.0	4.0
19	47698989	54590727	2.0	2.0	4.0
19	54590728	54794651	2.0	2.0	4.0
19	54794652	59128982	2.0	2.0	4.0
20	32012	8080538	2.0	2.0	4.0
20	8080539	8155780	4.0	1.0	5.0
20	8155781	25599999	2.0	2.0	4.0
20	25600000	29452500	2.0	2.0	4.0
20	29452501	29804689	2.0	2.0	4.0
20	29804690	35066357	3.0	3.0	6.0
20	35066358	42008956	3.0	3.0	6.0
20	42008957	50525815	4.0	3.0	7.0
20	50525816	61519478	3.0	3.0	6.0
20	61519479	61550756	2.0	2.0	4.0
20	61550757	62432500	3.0	3.0	6.0
20	62432501	62859988	3.0	3.0	6.0
21	10900000	15277500	2.0	2.0	4.0
21	15277501	16433657	3.0	2.0	5.0
21	16433658	18433575	3.0	1.0	4.0
21	18433576	28325182	2.0	1.0	3.0
21	28325183	32300070	2.0	2.0	4.0
21	32300071	36183329	3.0	1.0	4.0
21	36183330	36267526	0.0	0.0	0.0
21	36267527	38513884	4.0	1.0	5.0
21	38513885	44103519	2.0	2.0	4.0
21	44103520	44280112	2.0	2.0	4.0
21	44280113	46937500	1.0	1.0	2.0
21	46937501	48129894	1.0	1.0	2.0
22	12200000	17899999	2.0	2.0	4.0
22	17900000	19029125	2.0	2.0	4.0
22	19029126	23172884	2.0	2.0	4.0
22	23172885	23251642	2.0	2.0	4.0
22	23251643	27929464	2.0	1.0	3.0
22	27929465	27931728	2.0	1.0	3.0
22	27931729	29065600	2.0	1.0	3.0
22	29065601	29065763	2.0	1.0	3.0
22	29065764	29065870	2.0	1.0	3.0
22	29065871	29065884	2.0	1.0	3.0
22	29065885	29065926	2.0	1.0	3.0
22	29065927	29275709	2.0	1.0	3.0
22	29275710	29386168	2.0	0.0	2.0
22	29386169	35393402	2.0	1.0	3.0
22	35393403	44649048	2.0	2.0	4.0
22	44649049	49532594	2.0	1.0	3.0
22	49532595	49687500	3.0	0.0	3.0
22	49687501	51304565	3.0	0.0	3.0
