chromosome_index	start_position	end_position	major_cn	minor_cn	total_cn
1	61735	16363940	1	0	1
1	16368133	16575030	0	0	0
1	16579070	25367538	1	0	1
1	25369238	78908562	1	1	2
1	78912081	80146951	1	0	1
1	80147007	115348775	1	1	2
1	115350861	121482979	1	0	1
1	144007049	224538940	1	1	2
1	224539014	224713674	1	0	1
1	224714066	249224388	1	1	2
2	12784	216374344	1	1	2
2	216377846	217350091	1	0	1
2	217352253	225685073	1	1	2
2	225687002	225966319	1	0	1
2	225970249	231990100	1	1	2
2	231995093	234845427	1	0	1
2	234846401	243089456	1	1	2
3	60345	33747113	1	1	2
3	33751018	34451304	1	0	1
3	34462474	77888534	1	1	2
3	77889237	79344782	1	0	1
3	79352745	151349435	1	1	2
3	151354682	151417821	1	0	1
3	151419239	158475836	1	1	2
3	158479713	161665046	1	0	1
3	161666875	197896118	1	1	2
4	12281	76481051	1	1	2
4	76481575	78240303	1	0	1
4	78243186	165667039	1	1	2
4	165671686	167429130	1	0	1
4	167438688	191027923	1	1	2
5	15532	40976117	1	1	2
5	40976335	41295509	1	0	1
5	41298664	180790320	1	1	2
6	149661	117356931	1	1	2
6	117357115	117855967	1	0	1
6	117857488	150975832	1	1	2
6	150977514	151855125	1	0	1
6	151855708	171051005	1	1	2
7	43259	65920427	1	1	2
7	65927241	68870512	1	0	1
7	68872414	159127004	1	1	2
8	31254	12549227	1	1	2
8	12550682	14974052	1	0	1
8	14975597	26025660	1	1	2
8	26032240	26594051	1	0	1
8	26600080	28036634	1	1	2
8	28037057	28535241	1	0	1
8	28535638	31239862	1	1	2
8	31248541	34568526	1	0	1
8	34568706	108644707	1	1	2
8	108645257	108884297	1	0	1
8	108887821	109018364	1	1	2
8	109020122	109177202	1	0	1
8	109188724	146298155	1	1	2
9	46587	510700	2	1	3
9	510862	29005539	1	1	2
9	29007582	29761970	1	0	1
9	29762016	32348846	1	1	2
9	32349944	32959425	1	0	1
9	32967267	125602102	1	1	2
9	125603080	126689101	1	0	1
9	126689150	133279972	1	1	2
9	133280762	134108078	1	0	1
9	134108420	141091394	1	1	2
10	72759	12582689	1	0	1
10	12582713	12629368	0	0	0
10	12629955	89493149	1	0	1
10	89493239	89774638	0	0	0
10	89778333	135506704	1	0	1
11	198572	26592828	1	1	2
11	26593342	29813949	1	0	1
11	29814400	39236666	1	1	2
11	39241677	39309289	1	0	1
11	39318949	134944770	1	1	2
12	150442	99218915	1	1	2
12	99221332	100127878	1	0	1
12	100134466	133778189	1	1	2
13	19026949	56519745	1	1	2
13	56520698	83719759	1	0	1
13	83725308	115108397	1	1	2
14	19002124	88020008	1	1	2
14	88034823	89523166	1	0	1
14	89525772	103879187	1	1	2
14	103879673	105988038	1	0	1
14	106000231	107285437	1	1	2
15	20016328	37544962	1	1	2
15	37547041	58568264	1	0	1
15	58575256	73674292	1	1	2
15	73682708	76281504	1	0	1
15	76286368	95642710	1	1	2
15	95643396	96049676	1	0	1
15	96052260	96977763	0	0	0
15	96979002	97878269	1	0	1
15	97890297	102469040	1	1	2
16	60777	12733019	1	1	2
16	12734368	12871639	1	0	1
16	12872980	65680917	1	1	2
16	65680955	65731801	1	0	1
16	65732916	90287535	1	1	2
17	526	29846334	1	1	2
17	29848904	30862064	1	0	1
17	30864699	50642289	1	1	2
17	50642682	52060663	1	0	1
17	52061153	69781564	1	1	2
17	69783856	70390452	1	0	1
17	70392822	81049726	1	1	2
18	48133	7316904	1	1	2
18	7317926	9282142	1	0	1
18	9283948	19437763	1	1	2
18	19442298	21402298	1	0	1
18	21406709	47401999	1	1	2
18	47402185	50052729	1	0	1
18	50058481	52530018	1	1	2
18	52533038	53643688	1	0	1
18	53651096	78015057	1	1	2
19	90910	4380665	1	1	2
19	4384674	5045387	1	0	1
19	5046070	42601312	1	1	2
19	42602041	44037167	1	0	1
19	44038461	59097854	1	1	2
20	61305	22650661	1	1	2
20	22656203	23291140	1	0	1
20	23291773	62956153	1	1	2
21	10736871	48096957	1	1	2
22	16052528	51234455	1	1	2
