chromosome_index position alt_count ref_count
1 55622657 41 271
1 85648743 67 317
1 146696569 45 193
1 153177408 25 90
1 154744736 18 57
1 171244561 40 205
1 176993851 11 37
1 186415580 32 125
2 1677555 44 163
2 54483389 3 46
2 68361814 32 94
2 80097056 21 131
2 175612767 7 33
2 183731161 8 33
2 200213434 60 219
2 200826508 30 123
3 33887039 22 79
3 44488853 16 53
3 69928509 23 62
3 197238941 34 150
4 22437012 25 123
4 25258214 39 128
4 81952663 7 35
4 151511932 37 100
5 14751238 18 117
5 24593660 8 46
5 64867889 51 150
5 100147426 9 19
5 176827583 5 27
6 3850568 8 44
6 29079901 68 376
6 51524031 53 200
6 161152232 31 117
7 17836399 16 52
7 64166913 16 54
7 82595363 12 573
7 100401094 5 12
7 139281488 49 169
7 150034457 25 68
8 42317465 11 74
8 75737252 4 19
9 116303802 12 43
9 119204736 45 207
10 37520504 7 33
10 71392632 9 71
10 91162071 39 171
10 133961472 3 20
11 803579 5 30
11 1087470 16 80
11 11470318 11 38
11 18736130 30 94
11 57077445 74 313
11 57373959 46 203
11 62760819 19 75
12 48442848 43 153
12 52793886 24 100
12 57437906 23 101
12 85546098 16 125
12 111290728 20 85
13 29608253 15 74
13 33332255 15 39
14 64988623 37 161
15 51758414 28 161
15 75013623 14 90
15 78572439 19 102
15 90039695 28 196
16 2288520 8 33
17 7417116 69 260
17 7630455 48 141
17 58282987 28 173
19 8429515 4 17
19 8997497 21 84
19 33882216 4 37
19 45857991 31 172
19 57839655 14 73
20 43835668 31 104
20 43835669 32 101
20 44402954 3 19
21 30442608 14 79
22 41566499 31 128
