chromosome_index position alt_count ref_count
1 27057796 54 76
1 34112409 19 28
1 152734236 82 160
1 197072417 135 248
1 228470802 23 31
2 5839877 98 88
2 21250703 22 161
2 24933967 50 114
2 24933969 49 114
2 37873459 25 58
2 42990345 22 50
2 54028912 14 218
2 99012480 16 167
2 128754003 35 43
2 179456607 86 63
2 211512767 58 206
2 241463442 22 61
3 49212314 16 16
3 50608539 5 33
3 69986987 31 51
3 195610182 13 18
4 55565910 33 83
4 147561811 19 33
5 156922 14 35
5 37243146 31 506
5 140536175 10 10
5 149915419 22 8
5 154191114 78 104
6 28297346 80 92
6 30458944 56 107
6 152510503 28 68
7 78150858 294 231
7 141646059 18 92
8 39695695 9 71
8 71039198 40 208
8 136619256 23 281
8 142204197 32 207
9 35616514 4 19
9 101908873 143 258
10 50863174 22 49
10 64573219 28 54
10 100193828 12 20
11 36424868 56 69
11 57003977 19 15
11 64677173 3 33
11 68204451 13 38
11 78387403 3 21
12 27915891 50 810
12 40959526 17 93
12 48723199 27 35
12 50501386 8 104
12 52883744 151 235
12 52960828 26 163
12 77423895 14 38
12 77423896 15 37
12 109972419 16 37
13 38320195 11 302
13 101707798 193 148
15 29091076 7 13
15 63419630 92 218
15 72643365 3 13
15 91510295 31 42
16 2260149 16 37
16 10788330 3 20
16 11217633 24 31
16 25143807 49 72
16 29127484 143 208
16 30667615 4 11
16 50707334 27 38
16 67914712 3 37
16 80667007 21 136
17 7577120 36 13
17 48598490 19 37
17 72363635 33 72
18 67508546 32 21
19 37369888 14 24
19 42398552 3 28
19 50957408 24 52
19 55880192 35 37
20 2321117 24 16
20 4781697 87 66
20 6096691 32 78
20 34214013 24 6
20 41419986 14 186
20 45874939 87 814
20 53266996 269 74
20 60892034 5 38
21 22664431 74 171
22 30163484 14 23
22 40283798 23 47
22 43606062 4 32
22 46658052 9 141
