chromosome_index position alt_count ref_count
1 11596541 5 38
1 11851278 8 87
1 12785715 28 143
1 13475226 5 31
1 26584166 34 242
1 40705333 47 79
1 44878227 11 166
1 84650783 17 152
1 92467670 7 66
1 153661701 54 102
1 155300220 6 78
1 158617463 15 114
1 159409696 30 283
1 171956837 15 236
1 178269224 9 99
1 186038897 10 22
1 201058563 9 24
1 207135614 13 115
1 216138706 49 192
1 248551739 15 135
2 27293108 33 114
2 48809617 14 61
2 97427431 8 76
2 128476972 16 128
2 132021412 18 133
2 166179794 8 58
2 168108240 9 62
2 179247957 6 42
2 179534986 3 15
2 179644744 18 144
2 220379473 7 80
2 238274401 9 99
2 241666280 4 29
3 9804849 8 67
3 11340313 13 164
3 15046076 6 51
3 15292720 25 163
3 32932136 9 88
3 37366613 8 56
3 46063301 11 104
3 100494156 6 34
3 101051685 15 95
3 101051696 10 81
3 101062680 8 67
3 184045790 20 162
4 6043885 17 55
4 39921961 16 66
4 46979471 8 80
4 68919748 22 124
4 109088797 35 119
4 155156977 33 135
4 169108527 8 73
5 23509147 21 58
5 33637846 28 68
5 35921154 6 94
5 80083395 29 175
5 80409671 12 70
5 94353092 22 154
5 96332176 8 66
5 98236677 16 149
5 160033905 9 132
5 176721760 10 63
5 176941765 28 119
6 26468104 4 43
6 32026099 9 20
6 37605066 5 8
6 44116537 9 92
6 111680134 11 98
6 152777106 37 162
7 19184940 7 51
7 42949301 15 124
7 72658360 14 67
7 83035322 13 154
7 100285026 18 152
7 100684635 49 349
7 103014763 5 13
8 3256965 8 126
8 19192368 8 70
8 19700363 72 164
8 24358384 21 226
8 59407090 31 113
8 65509449 8 99
8 106800943 14 160
8 108334272 38 130
8 144995359 8 98
9 35546783 9 127
9 79952416 13 123
9 87482253 30 132
9 107568522 7 97
9 119488112 41 146
9 123714914 3 19
9 127619662 13 90
10 7327660 8 24
10 18789832 8 68
10 18789833 9 67
10 18795432 7 80
10 21097588 24 203
10 72291092 15 100
10 95441348 6 27
10 102748498 23 130
10 115341635 23 239
10 115341702 20 200
11 4510935 40 204
11 6265440 6 67
11 8752389 15 63
11 26552850 27 154
11 58978631 23 117
11 60164004 8 25
11 70506018 5 50
11 111594234 6 161
11 113222820 10 59
11 123813599 18 141
12 10271125 18 148
12 40745528 5 48
12 41966968 23 195
12 49168189 9 75
12 50344542 7 103
12 54651321 12 154
12 55420235 13 52
12 55846327 17 217
12 56120706 20 197
12 81719569 6 34
12 110943579 3 25
13 40293448 16 54
13 46287709 9 59
14 20443925 71 280
14 21840168 24 99
14 64443311 46 158
14 79117586 35 134
14 95081072 39 83
14 106539268 9 132
15 40675071 7 24
15 48051998 11 173
15 66797765 10 87
15 72533830 11 75
15 77064249 19 137
15 85341579 12 148
15 101434165 33 233
16 3533574 9 38
16 7568390 13 85
16 28975126 10 60
16 53529186 11 91
16 89349184 25 86
17 7579312 20 60
17 19687104 16 77
17 33749727 11 82
17 48244954 5 43
17 72578366 8 62
18 10680265 28 179
18 31432850 23 80
19 8976841 35 47
19 8976844 36 44
19 10230359 6 38
19 11979776 3 9
19 17628610 11 108
19 19378459 4 27
19 23159255 9 70
19 40827891 6 30
19 41063307 4 43
19 43421880 25 215
19 45406290 5 42
19 56466423 67 291
20 472990 4 76
20 3683946 10 107
20 16348116 22 172
20 43251555 22 148
20 46254223 9 102
20 57829420 14 65
21 31812843 25 105
22 17072656 22 150
22 20759891 4 18
22 24095278 8 41
22 42458845 13 141
