chromosome_index	start_position	end_position	major_cn	minor_cn	total_cn
1	61735	4877968	1	1	2
1	4878871	6952326	1	0	1
1	6955333	13375968	1	1	2
1	13376017	19171923	1	0	1
1	19173614	249224388	1	1	2
2	12784	240637715	1	1	2
2	240638241	243089456	1	0	1
3	60345	187184085	1	1	2
3	187190184	195422289	1	0	1
3	195422291	197896118	1	1	2
4	12281	52780652	1	1	2
4	52784254	53454784	4	1	5
4	53456375	54493964	1	1	2
4	54494995	55545229	4	1	5
4	55545273	191027923	1	1	2
5	15532	45905997	1	1	2
5	45906794	46099780	2	2	4
5	46101857	56819519	1	1	2
5	56822331	56983855	1	0	1
5	56986160	57160008	2	1	3
5	57161140	57604512	1	0	1
5	57607955	123624770	1	1	2
5	123626271	124492464	1	0	1
5	124497798	180790320	1	1	2
6	149661	154755663	1	1	2
6	154755681	170229963	1	0	1
6	170230182	171051005	1	1	2
7	43259	16219765	2	1	3
7	16220143	23639381	1	1	2
7	23642266	48970617	2	1	3
7	48976047	50542927	1	1	2
7	50545093	50652038	21	1	22
7	50654841	53946260	2	1	3
7	53950393	54846114	10	1	11
7	54846618	55100034	25	0	25
7	55102668	55225441	9	1	10
7	55225629	55324148	26	1	27
7	55324319	55378485	21	1	22
7	55387788	55504629	2	0	2
7	55506734	55661506	23	1	24
7	55661857	55676770	31	1	32
7	55680064	61839702	1	1	2
7	61839770	159127004	2	1	3
8	31254	146298155	1	1	2
9	46587	18009020	1	1	2
9	18009624	21787262	1	0	1
9	21787848	22009960	0	0	0
9	22011392	23219125	1	0	1
9	23219435	121945334	1	1	2
9	121946510	123609093	1	0	1
9	123610288	125100872	1	1	2
9	125102594	125361779	1	0	1
9	125362759	131346479	1	1	2
9	131346796	132425014	1	0	1
9	132425233	135313868	1	1	2
9	135316195	137638779	1	0	1
9	137640690	140738306	1	1	2
9	140745134	141091394	1	0	1
10	72759	135506704	1	0	1
11	198572	50472902	1	1	2
11	50473218	51267021	3	3	6
11	51267672	79863593	1	1	2
11	79863662	80069660	1	0	1
11	80072819	134944770	1	1	2
12	150442	133778189	1	1	2
13	19026949	115108397	1	1	2
14	19002124	107285437	1	1	2
15	20016328	102469040	1	1	2
16	60777	90287535	1	1	2
17	526	81049726	1	1	2
18	48133	78015057	1	1	2
19	90910	59097854	1	1	2
20	61305	62956153	2	1	3
21	10736871	48096957	1	1	2
22	16052528	51234455	1	0	1
