chromosome_index position alt_count ref_count
1 12023642 11 33
1 36024726 61 63
1 38423723 10 4
1 109969034 6 44
1 113212621 57 57
1 180794056 15 90
1 237670087 24 56
2 11738866 17 47
2 21229489 13 43
2 84518479 8 4
2 90139377 58 170
2 96259887 7 154
2 99012595 47 30
2 152659706 42 119
2 168108386 13 34
2 169847362 21 23
2 219305556 35 41
2 228882606 13 33
2 239161897 4 40
2 242758404 6 17
3 108117574 13 27
3 127831762 9 45
3 141497429 18 45
3 154055628 56 49
4 39905761 30 21
4 46066470 80 209
4 55946235 42 43
4 103518690 7 14
4 106603913 55 47
5 19747162 50 49
5 127744387 97 150
6 7231437 12 30
6 32163286 6 47
6 139134461 13 69
6 160114202 4 12
6 170102922 13 20
7 6797425 19 145
7 44555486 50 20
7 47849010 4 23
7 82451998 19 12
7 114619638 15 126
8 24157559 15 5
8 61654307 28 85
8 100883103 68 256
8 133734323 283 367
8 143763524 8 31
9 124065340 10 26
10 18289660 28 29
10 35897239 3 14
10 49447719 19 22
11 64507504 3 33
11 89069106 113 97
12 50190423 4 14
12 57923201 6 3
13 107187315 10 47
14 53245074 9 162
15 43924421 31 22
16 16139804 12 79
16 46782159 8 10
16 74708937 48 68
17 2290484 11 20
17 7145698 7 28
17 39383271 67 55
17 72741729 12 5
17 73914085 11 24
17 76887017 21 18
18 8143692 20 53
19 808555 6 83
19 4653210 6 114
19 6472968 7 26
19 12540714 4 12
19 35449077 72 90
20 62659867 13 25
21 37736428 32 49
22 50968105 23 29
