chromosome_index position alt_count ref_count
1 27056307 23 34
1 148004489 7 175
1 197396917 21 35
2 24103532 7 12
2 49195904 19 63
2 68882446 28 54
2 73518784 11 41
2 89459411 23 46
2 174774563 4 11
2 179437059 11 35
2 238289959 48 104
3 9801424 45 129
3 11302362 3 11
3 38791573 22 29
3 41266137 14 40
3 43381980 22 48
3 49693126 19 105
3 112998136 17 34
3 123021953 17 37
3 157213089 46 121
3 183515839 11 38
4 119059263 46 99
6 56376110 3 12
6 159190399 3 30
7 44797075 3 26
8 38314896 9 16
8 61765656 14 43
8 100523686 33 39
9 119976967 13 29
9 125140786 7 109
9 132084686 15 42
9 132637634 9 18
9 140136447 13 21
10 70192040 35 104
11 67770551 8 23
12 29670381 25 75
12 45105123 26 59
12 57572723 20 66
14 67746041 12 53
14 91691087 3 32
15 39880808 11 35
16 10274214 6 27
16 12662416 10 37
16 12798545 37 80
16 20996705 11 31
16 23716365 24 42
16 30078933 34 68
16 84035515 10 22
17 37785471 43 71
17 40257096 8 73
19 10080323 4 19
19 43922333 25 64
19 50391047 7 12
20 45808545 11 35
20 56137755 15 24
