chromosome_index position alt_count ref_count
1 1119299 21 129
1 16462239 14 39
1 28203208 24 19
1 28203209 24 19
1 31907080 16 51
1 41483566 27 19
1 52255041 13 33
1 53362113 10 14
1 100634081 9 11
1 103540306 4 6
1 150940347 13 38
1 151260637 7 42
1 154471659 16 25
1 155912596 6 32
1 156911178 22 41
1 157666124 24 47
1 158581149 5 45
1 159176168 58 302
1 168250309 3 30
1 173569277 10 20
1 175113680 6 33
1 177247798 74 110
1 196946713 10 17
1 196946714 10 18
1 196973833 8 82
1 198677298 11 20
1 201845276 7 11
1 203155726 37 110
1 214170806 19 42
1 235403669 8 25
1 237955438 5 8
1 247654537 10 30
1 247654670 21 51
1 247752248 32 68
1 247902476 63 155
1 248224555 26 67
1 248756730 22 7
2 44036863 3 25
2 44101080 224 86
2 85578126 36 35
2 89399563 111 70
2 113940955 15 46
2 120223373 30 61
2 125547637 17 37
2 131803680 15 41
2 137928323 3 30
2 149868147 8 43
2 150427598 23 38
2 152512926 29 81
2 157332720 18 43
2 163256779 26 56
2 179424577 44 79
2 179467275 3 6
2 179640236 12 25
2 185803247 17 70
2 196834814 6 28
2 207174509 4 21
2 208576829 8 23
2 208631653 18 83
2 211471460 10 35
2 212652838 6 18
2 220494019 7 31
2 224746698 87 164
2 231282312 26 39
2 233273236 37 103
2 235950263 23 44
2 238249680 25 190
3 2908599 36 12
3 11348489 125 55
3 44491113 12 9
3 48423472 36 35
3 73112085 11 28
3 89259535 40 159
3 96706757 22 63
3 97888301 31 39
3 102189311 7 29
3 122964766 28 157
3 134670862 78 125
3 147113933 51 69
3 160285800 6 15
3 164906085 31 127
3 167033541 3 30
3 171320998 25 36
3 180381776 8 31
3 183996305 43 83
4 2082709 39 56
4 4199505 22 25
4 49040136 34 49
4 52861804 32 33
4 67142579 21 36
4 70921228 10 9
5 881282 42 34
5 5473841 3 31
5 9052083 3 31
5 21975475 18 65
5 24487976 20 116
5 24498607 21 85
5 33448824 129 49
5 35965975 36 24
5 36039683 115 47
5 36039684 115 47
5 36117856 4 50
5 37063931 31 10
5 41051089 14 8
5 41159327 54 16
5 41159328 53 15
5 140188209 30 45
5 140188520 28 45
5 140203140 42 42
5 140347989 22 29
5 153181952 37 51
5 153181953 37 53
5 155935614 5 11
5 155935615 5 11
5 158585615 3 32
6 2678582 22 71
6 26104300 25 63
6 28293923 94 307
6 31742377 38 31
6 33423599 22 63
6 46656399 46 113
6 47846558 13 65
6 51913356 34 46
6 56880084 41 97
6 56880086 42 100
6 66063361 10 18
6 70639410 9 36
6 74123418 11 23
6 89388069 5 12
6 94120852 11 45
6 102503293 15 36
6 108224074 33 71
6 137113262 4 8
6 144811281 12 39
6 146126097 6 99
6 157529019 20 77
6 167786676 8 19
7 2472344 34 30
7 73008189 23 39
7 82545739 33 185
7 82579853 5 30
7 86415915 31 50
7 86468703 42 82
7 88963414 4 22
7 91727434 3 11
7 100452310 21 67
7 100482442 15 43
7 107571930 10 56
7 117385900 13 34
7 123092901 5 25
7 131825548 16 82
7 138601961 3 27
7 140301583 20 50
7 142448532 23 20
7 151944985 9 95
8 3265440 6 9
8 15588184 4 11
8 17920728 58 362
8 39626935 7 55
8 70515469 26 144
8 88296948 3 11
8 95547198 32 71
8 95547200 32 72
8 95655623 15 27
8 109796622 17 50
8 109796953 25 53
8 132956992 3 11
8 139163573 15 38
8 139163770 17 43
8 140743263 6 22
8 144992921 17 31
8 144992922 17 32
8 145557219 10 15
9 21971060 33 37
9 33366712 11 22
9 82333773 26 66
9 84532880 4 10
9 115805072 7 33
9 117240878 17 13
10 17632412 22 38
10 22676871 7 15
10 24885808 7 18
10 26513569 13 20
10 26589801 31 55
10 26781327 25 30
10 81146184 6 24
10 101802194 16 43
10 102748023 26 43
10 112839249 5 13
10 129845668 14 12
10 135165985 4 24
11 14825509 8 22
11 14825510 8 22
11 15197551 3 10
11 20065629 20 51
11 22398165 7 43
11 36614913 10 33
11 44639753 24 97
11 44640701 70 43
11 46419110 18 37
11 48328133 21 36
11 55587726 28 31
11 55606919 6 50
11 55927595 7 78
11 56086139 19 30
11 56128027 24 80
11 56258688 18 63
11 56344633 15 31
11 66626528 32 125
11 71249543 20 307
11 82868483 12 49
11 88781084 6 14
11 89224492 10 3
11 120099841 26 24
11 123900634 21 41
12 19506924 17 16
12 21919140 6 17
12 22680692 22 38
12 29446300 8 63
12 29596310 28 74
12 32755213 18 74
12 49374976 14 20
12 57629558 18 52
12 78452822 19 25
12 99640551 38 110
12 106831557 8 13
12 115120817 8 21
12 130892285 93 247
13 39263874 18 29
13 97638925 3 10
13 109459148 11 9
13 113516813 8 18
14 20216370 19 44
14 20216371 19 44
14 21490240 32 24
14 30046596 22 32
14 39787163 15 12
14 45700438 11 31
14 53570512 9 10
14 69387836 14 32
14 70883738 30 39
14 101200563 66 44
14 105207568 22 18
14 107083245 69 87
15 43552431 5 38
15 50535061 4 26
15 63031670 16 35
15 65157589 5 38
15 72302779 9 34
15 72668248 22 89
15 84373180 39 102
16 1818873 8 15
16 28596272 9 20
16 28948616 4 23
16 28975064 9 64
16 30409115 40 63
16 31422476 17 151
16 31926705 10 82
16 89256789 12 13
17 7578280 21 28
17 10351332 40 46
17 10408217 22 49
17 33807116 9 9
17 38928281 42 105
17 60043993 12 21
17 61611621 89 41
17 66871486 23 31
18 7949266 24 26
18 14542746 14 120
18 14851784 10 20
19 5229332 5 5
19 11448113 20 23
19 13084374 32 36
19 15490605 3 8
19 21607743 6 15
19 22154509 19 29
19 35802830 5 5
19 42482333 22 14
19 43349430 16 194
19 45574114 5 29
19 48636295 37 123
19 49174177 4 10
19 51729309 9 11
19 55142962 41 42
19 55693192 36 41
19 56410189 35 25
19 56443476 25 46
20 398484 9 51
20 3804835 20 40
20 21143023 12 19
20 29966177 13 217
20 52192596 24 27
20 57244413 19 20
21 10914404 3 13
21 11047552 14 233
21 16338355 4 15
21 31768892 5 36
21 46086450 30 37
22 19965505 18 138
22 19967667 14 108
22 22162119 38 23
22 35659850 29 20
22 46688737 47 42
