chromosome_index position alt_count ref_count
1 12331121 4 53
1 41228713 8 11
1 43912750 3 33
1 55058224 13 57
1 93680428 3 28
1 151149264 8 89
1 151774040 10 56
1 176661264 11 79
1 196918742 9 22
1 204978741 7 52
1 213147325 5 62
1 228467143 4 38
2 27480853 13 46
2 32422829 22 78
2 60688312 4 40
2 96689170 5 49
2 101096979 13 53
2 152534283 45 174
2 160825846 8 44
3 49688471 9 55
4 101386581 16 53
4 107170083 6 20
5 19721469 23 72
5 58270507 31 144
5 71016344 6 8
5 85578522 23 45
5 141334957 12 37
6 26156599 17 102
6 41753268 4 29
6 121401926 5 44
6 155450592 9 35
7 30485828 13 152
7 92987685 7 55
8 2796121 5 19
8 8185602 30 144
8 53452412 3 54
8 144997709 3 25
9 21974684 54 147
9 27949442 12 55
9 96418259 3 18
9 108097866 9 84
10 17202307 4 16
10 45498926 14 55
10 82126492 32 123
10 96350210 12 54
10 98917439 13 56
10 129839235 5 25
11 27395209 17 25
11 59245249 24 69
11 130275560 5 87
12 64456755 7 29
12 109696115 9 34
12 116408480 11 48
13 24876816 29 106
13 99449739 4 18
14 61201602 6 66
14 75469994 8 23
15 80181637 11 61
15 90168446 8 60
16 1537325 9 47
16 77325275 25 243
17 7577539 12 35
17 72791738 11 31
17 73774633 14 57
18 56171233 8 117
19 3526259 6 19
19 58983227 22 68
20 6758934 5 41
21 42647622 7 15
