chromosome_index position alt_count ref_count
1 1273368 3 7
1 1391224 16 45
1 6133813 27 106
1 6155592 19 52
1 6526178 3 6
1 6586794 43 105
1 7887206 6 25
1 8073377 29 94
1 8384421 28 74
1 11721303 28 67
1 11983154 15 49
1 12854133 79 360
1 12979866 12 86
1 16353885 47 107
1 17266410 7 64
1 17296397 11 37
1 17739593 16 39
1 19199189 5 5
1 21042056 25 67
1 21144032 18 56
1 22307651 35 110
1 22921766 7 39
1 23420350 29 85
1 23637164 34 142
1 26142208 43 105
1 26189347 29 56
1 26349777 8 24
1 27434310 7 8
1 27700903 15 65
1 32196882 7 16
1 32259485 47 183
1 34006158 34 106
1 36298081 25 62
1 36939205 16 28
1 36941175 17 48
1 38005790 51 131
1 39916832 17 59
1 40432551 38 101
1 40701552 35 79
1 40981204 11 44
1 40981278 14 68
1 43632543 31 83
1 43805701 20 62
1 44085828 42 94
1 45232789 31 126
1 52956403 18 55
1 54395743 50 105
1 57340725 14 16
1 57602255 14 59
1 60073511 29 101
1 62593659 21 62
1 62718789 30 98
1 62734158 14 45
1 64606046 20 84
1 65243601 56 189
1 65849883 39 149
1 68947132 11 44
1 70385429 9 16
1 70541817 19 62
1 75036790 29 93
1 75036891 52 147
1 75672193 8 23
1 75684269 41 110
1 77620097 15 35
1 77759493 22 70
1 79383371 9 44
1 84867636 4 10
1 86919105 14 75
1 89279243 24 81
1 90049959 14 36
1 92441951 20 72
1 94018055 27 67
1 94502905 27 70
1 95709926 25 92
1 100950120 8 27
1 101190441 15 34
1 103347304 12 56
1 103381204 39 118
1 103428316 21 64
1 103444657 16 61
1 103444981 16 61
1 109824326 6 137
1 109856652 7 55
1 110087015 7 22
1 110255680 7 22
1 111147092 21 47
1 111441877 3 18
1 113197267 55 171
1 115220052 27 94
1 118623765 50 141
1 119427626 11 30
1 119965138 16 47
1 143767487 80 564
1 144871797 89 180
1 145281564 30 302
1 149871789 18 52
1 149915643 17 26
1 149943093 58 81
1 150325549 18 28
1 150958880 24 47
1 151070370 57 116
1 152057894 122 272
1 152058212 107 195
1 152083673 46 78
1 152193146 60 91
1 152286978 72 226
1 152382453 116 242
1 152732350 147 264
1 153303198 32 69
1 153391800 36 50
1 153791379 62 106
1 154574229 58 155
1 154904862 29 55
1 155642415 37 63
1 156288776 29 68
1 156553228 6 14
1 156642011 32 72
1 156823971 26 57
1 156907135 36 70
1 156928544 23 37
1 158262530 44 107
1 158725183 28 73
1 158817656 58 116
1 159176115 177 403
1 159684305 30 61
1 160519720 26 65
1 161130856 52 63
1 161143466 60 154
1 161161322 30 164
1 161561180 24 84
1 161561181 25 84
1 161680596 27 68
1 167793991 91 229
1 168012380 14 22
1 169511512 74 151
1 170695457 41 76
1 171086461 66 84
1 171810835 6 6
1 173010461 21 44
1 173545879 17 55
1 175355325 35 56
1 178414797 39 84
1 179599950 51 104
1 179983075 59 85
1 180047715 12 37
1 180886163 34 67
1 186157125 36 122
1 186276374 54 131
1 186312594 49 89
1 186925314 38 50
1 190129813 63 129
1 197160934 32 59
1 197403947 52 130
1 200842988 21 21
1 200946404 74 146
1 202573743 16 37
1 203037726 9 9
1 203186086 64 155
1 204943341 18 43
1 205033820 32 198
1 207753697 92 178
1 209799241 16 19
1 209933636 20 39
1 209965773 21 45
1 210334354 53 112
1 210948806 47 98
1 211840304 4 5
1 212799154 18 39
1 214556843 47 72
1 215844504 78 178
1 215844505 80 177
1 215847647 72 166
1 215847895 43 114
1 215848719 57 119
1 215953204 51 96
1 216144085 48 155
1 216737693 31 128
1 220440882 20 61
1 221053252 7 14
1 223168310 85 193
1 223176710 68 105
1 223285332 71 148
1 226173192 44 116
1 226175617 58 114
1 226555963 63 92
1 229568343 42 60
1 229770871 40 65
1 231829612 38 78
1 236590723 19 81
1 236767425 43 68
1 237580371 16 49
1 237729917 38 71
1 237758948 19 39
1 237813349 87 182
1 237837496 24 38
1 237947642 36 75
1 237972324 118 230
1 238053840 25 66
1 238053887 17 58
1 240070879 43 120
1 242052766 21 110
1 242052767 22 111
1 242052787 30 127
1 244579333 37 96
1 246810488 69 179
1 246929399 70 175
1 247615153 72 130
1 247694937 30 72
1 247902391 60 163
1 247978123 29 69
1 248004856 19 30
1 248028214 4 12
1 248039289 27 85
1 248129078 139 274
1 248224876 30 118
1 248436847 51 180
1 248616772 39 28
1 248637345 55 207
1 248737365 36 242
1 248738021 36 141
2 1893231 13 71
2 11735431 29 47
2 14774610 3 13
2 15613423 19 56
2 15757435 89 127
2 17698070 3 39
2 17699345 43 85
2 17954485 31 35
2 18745242 65 119
2 20508288 46 136
2 21229324 51 130
2 21233860 78 102
2 26699040 10 36
2 26712555 28 34
2 27424659 31 36
2 27556624 71 261
2 27700124 63 270
2 27800909 33 72
2 31483649 29 106
2 33498804 8 68
2 37215788 44 47
2 39251238 14 82
2 40401970 26 130
2 43804212 16 23
2 43937155 42 237
2 50724472 40 57
2 64083466 67 189
2 69771660 23 46
2 70187792 30 90
2 79878772 26 39
2 85875944 69 292
2 86297336 31 35
2 88879056 29 168
2 89117917 4 13
2 90198920 100 144
2 90248953 66 98
2 96780674 5 25
2 96781401 11 42
2 98377352 22 104
2 98409345 15 30
2 100343538 18 64
2 100910719 36 55
2 101604630 49 179
2 103040825 25 113
2 108608580 24 107
2 109400452 3 15
2 110015230 9 23
2 114257000 22 83
2 114512771 12 61
2 120369312 26 49
2 125261959 20 42
2 125504814 20 24
2 128380938 5 22
2 128389280 5 23
2 128477377 32 109
2 130832735 38 135
2 130897166 13 23
2 131520578 31 45
2 132233725 24 19
2 132258077 39 50
2 133540837 16 66
2 133547683 16 33
2 135308166 32 57
2 135741288 55 75
2 139428622 10 56
2 139428799 10 38
2 141253291 8 59
2 141571229 35 89
2 144899607 25 47
2 152404000 3 17
2 155115539 15 86
2 155711481 41 174
2 158142595 40 79
2 159028705 26 123
2 160304783 23 132
2 160741801 75 145
2 165349409 4 9
2 166027021 60 62
2 166245798 29 136
2 166848855 33 156
2 167301326 11 15
2 168100283 24 90
2 168104217 28 42
2 168105195 49 77
2 168726221 15 77
2 170103263 70 276
2 175437023 35 99
2 176965022 16 36
2 178494019 10 8
2 179431400 145 205
2 179434750 20 71
2 179437167 20 55
2 179439252 54 241
2 179486603 15 63
2 179585181 35 139
2 179605898 28 132
2 179611228 18 73
2 179640772 55 217
2 179644907 27 106
2 179658139 130 194
2 182409456 47 54
2 185802585 27 61
2 186678561 32 42
2 187521118 97 142
2 198650719 9 35
2 201438624 55 80
2 201515773 33 122
2 202074132 66 106
2 207172542 18 50
2 207625738 80 100
2 212248595 47 208
2 212295689 34 142
2 215884167 24 107
2 218925643 11 14
2 219694976 14 37
2 219870807 8 68
2 220161834 22 28
2 220285300 35 31
2 220357413 19 56
2 220422698 6 18
2 220494051 18 17
2 220500081 29 68
2 228860331 26 99
2 228882714 46 153
2 228883481 60 262
2 230223351 20 86
2 233323623 9 16
2 233396137 34 66
2 237272468 86 81
2 238233378 12 42
2 238243328 23 53
2 239990258 34 63
2 241468696 17 54
2 241528825 99 142
2 242066238 60 100
3 2908472 111 101
3 7456800 62 49
3 12867024 11 5
3 14964614 39 39
3 28454649 59 64
3 30032588 35 24
3 33877570 96 97
3 38271889 89 57
3 38603979 18 12
3 38616872 9 4
3 38639229 33 29
3 38888717 86 82
3 39167842 68 57
3 45458977 97 61
3 47742767 53 47
3 51978871 23 20
3 52356484 13 15
3 52544007 57 46
3 52855104 103 75
3 58131689 75 66
3 64138884 99 99
3 87027808 45 36
3 87027868 28 22
3 97677934 44 26
3 98109766 278 189
3 107097325 88 56
3 107524370 31 19
3 111426998 161 73
3 112546014 32 19
3 112738520 17 14
3 113673034 129 96
3 116163925 12 14
3 120941900 112 87
3 123452850 85 44
3 124201667 73 56
3 125266342 79 44
3 126916273 5 3
3 140282882 126 74
3 146323087 13 21
3 147128169 6 36
3 148459207 129 137
3 148552407 18 121
3 150931184 120 134
3 151463429 21 168
3 155199359 14 91
3 158519984 11 6
3 158980335 61 74
3 161147365 99 60
3 164777795 111 84
3 167750452 74 56
3 170802911 5 27
3 172835288 215 128
3 180702357 8 4
3 186954175 74 48
3 190366198 168 87
4 437772 38 90
4 1018329 4 62
4 1018425 7 45
4 4419021 10 117
4 5564592 40 85
4 5800437 3 11
4 8229084 7 27
4 9452106 4 46
4 10076976 3 23
4 13338343 23 19
4 15995679 38 76
4 17528607 23 50
4 20618799 23 65
4 20620619 27 65
4 23814395 31 124
4 39868592 7 24
4 40121773 39 94
4 40245257 11 38
4 44450284 5 11
4 44626800 5 15
4 54248489 30 59
4 55974023 7 131
4 57181465 4 26
4 62845285 16 261
4 66213856 38 77
4 66270123 11 45
4 66270124 11 45
4 69403350 24 82
4 70079792 12 56
4 72897664 18 36
4 74010501 7 53
4 74310718 4 49
4 74447946 3 39
4 76794303 24 46
4 79393426 9 33
4 81207575 44 114
4 81967120 11 186
4 83375922 40 99
4 94006212 19 66
4 94693642 18 53
4 94693643 18 52
4 100205627 6 58
4 100443678 26 44
4 100518257 46 106
4 100738012 5 6
4 104064497 48 87
4 109670424 9 63
4 110221759 26 56
4 110402874 18 142
4 111397698 15 115
4 119609096 12 46
4 125592529 12 102
4 129127647 11 79
4 141832266 13 57
4 143029265 6 48
4 155158210 30 64
4 177650717 24 57
5 344045 17 26
5 1201812 6 31
5 5242188 35 103
5 7707951 52 95
5 7709399 26 80
5 7766797 31 103
5 7773087 138 238
5 7870910 33 88
5 9052120 15 38
5 9063065 31 94
5 9237981 32 138
5 10405729 58 121
5 10464985 42 139
5 10464986 40 141
5 13770872 40 48
5 15500645 23 39
5 15500690 29 111
5 15928149 12 36
5 16067764 25 121
5 16465451 95 177
5 19571932 27 103
5 19721511 52 161
5 23509607 106 257
5 23522877 15 93
5 23526523 31 72
5 32010568 32 77
5 32010569 31 77
5 32088501 7 226
5 32774923 72 145
5 33624406 33 80
5 33649685 60 105
5 33881520 90 192
5 35692818 23 148
5 35871231 44 93
5 37815898 80 179
5 41019108 6 70
5 41160347 88 194
5 41160349 86 189
5 41186221 56 84
5 42808330 16 122
5 43675646 36 142
5 45262788 60 167
5 52235523 38 34
5 54456978 46 47
5 56777566 64 59
5 56778020 51 54
5 63256357 141 173
5 63256358 139 175
5 70308644 78 175
5 71752345 103 104
5 73136487 14 13
5 74706902 37 40
5 76707522 53 39
5 78379182 50 53
5 80388701 78 68
5 81608492 118 121
5 90025522 15 24
5 94022349 107 100
5 96064905 25 39
5 101748803 44 48
5 101755672 30 46
5 102423699 34 101
5 110835665 38 80
5 118729115 49 29
5 122726941 122 90
5 127671679 19 21
5 128302173 19 24
5 134364975 55 63
5 137542257 57 42
5 140166549 48 41
5 140166551 49 40
5 140167336 57 62
5 140175926 55 49
5 140188024 87 101
5 140202727 53 57
5 140214357 100 106
5 140358567 39 38
5 140474267 13 5
5 140594417 85 101
5 140720414 47 41
5 140731432 44 54
5 140774289 23 23
5 140787817 5 7
5 140799700 25 38
5 143853639 59 68
5 149245768 32 34
5 149502665 66 67
5 149677244 25 46
5 156589937 141 114
5 158621832 59 43
5 170222299 127 103
5 175111071 45 31
5 175111388 19 25
5 175533576 110 191
5 176893795 127 132
5 177419911 22 26
5 178554976 70 77
6 1391171 8 4
6 10749441 93 62
6 17688803 177 93
6 25769301 86 55
6 26020907 62 29
6 26225524 66 23
6 26501971 31 15
6 28056811 44 22
6 29054515 60 29
6 29574167 146 97
6 29627378 76 19
6 29633931 174 85
6 30859793 185 75
6 31749688 203 100
6 31760824 39 22
6 32944196 96 52
6 35108619 33 4
6 35923176 113 58
6 36884283 106 63
6 41177360 9 4
6 41774093 7 3
6 49814308 68 67
6 51771113 50 49
6 54806171 28 38
6 70071070 35 31
6 70082331 15 18
6 76712652 20 21
6 80881107 13 18
6 84290221 62 57
6 89967387 6 12
6 106553194 45 44
6 106960405 7 9
6 111587213 26 35
6 112041170 35 36
6 112382385 59 52
6 112462013 43 52
6 112486416 61 60
6 117858346 115 86
6 121769158 42 38
6 129674447 64 61
6 132014756 75 82
6 132021917 9 10
6 136599464 67 319
6 136600970 9 125
6 142723805 12 23
6 143082622 144 121
6 146875734 34 95
6 147124676 58 62
6 151939118 44 77
6 158093997 8 4
6 160494403 32 35
6 167184401 62 54
6 169648981 35 29
7 883097 63 245
7 1532691 18 58
7 1539521 4 19
7 1539889 6 7
7 5103661 41 37
7 5754762 142 223
7 6624666 10 54
7 7571510 13 75
7 11209131 5 8
7 14622750 16 32
7 15458244 15 44
7 15458245 15 44
7 16705107 30 54
7 18914114 5 18
7 21639426 14 17
7 23309634 79 152
7 23309696 54 91
7 23792389 23 96
7 23802424 68 105
7 23808706 43 136
7 26235514 37 60
7 27135534 81 97
7 27196050 17 126
7 29126100 25 105
7 30544212 36 72
7 31011577 16 124
7 34014336 65 110
7 34091578 52 83
7 34118635 83 123
7 34698023 21 84
7 38424479 27 71
7 41729316 48 76
7 42005297 26 90
7 44804560 31 71
7 44874045 19 27
7 45223153 6 4
7 48318020 36 60
7 48451964 10 18
7 50530992 6 30
7 53103778 19 24
7 55269425 38 154
7 57529414 22 45
7 73279936 153 211
7 73818244 46 69
7 74211637 8 30
7 77210755 20 95
7 77814960 30 112
7 80374286 85 109
7 82538238 40 79
7 82544515 3 29
7 82595101 25 104
7 83590949 60 124
7 86416245 29 87
7 87370833 25 40
7 88964054 34 72
7 90613556 46 144
7 91867069 14 72
7 92848547 46 53
7 95775920 92 189
7 96650126 29 45
7 99459374 62 92
7 99668855 89 108
7 99701305 53 166
7 99757738 25 97
7 99971923 70 124
7 100033915 9 17
7 100358100 27 74
7 100676657 94 226
7 100677014 90 216
7 100815508 8 26
7 101801838 23 55
7 103207056 30 58
7 106509447 22 106
7 107418651 7 18
7 108142935 16 52
7 111508203 6 36
7 111509627 10 51
7 117432359 29 136
7 119915167 23 65
7 121716431 13 26
7 121738556 10 52
7 121738574 14 37
7 121773664 35 82
7 122342063 7 35
7 126173635 20 39
7 127253566 22 87
7 129091497 30 46
7 129093116 22 70
7 135261844 22 63
7 135312824 51 126
7 136700561 18 84
7 137075965 29 122
7 137206685 14 55
7 139826556 31 82
7 141420746 60 170
7 141736022 15 13
7 142032258 7 10
7 142168565 27 93
7 142510429 10 21
7 143053572 7 23
7 143632509 106 271
7 143701517 21 52
7 147600693 16 40
7 147600694 16 39
7 148801268 16 30
7 148801269 16 29
7 148921516 7 32
7 150174527 25 93
7 150217668 20 58
7 150417247 26 101
8 1514000 5 11
8 3087562 11 32
8 10466885 4 10
8 14022118 21 36
8 17541903 42 91
8 22049654 11 25
8 24324400 36 71
8 25364168 39 55
8 26627827 40 69
8 30700887 54 110
8 30703577 46 92
8 36788571 35 51
8 39602352 43 69
8 48649848 7 11
8 52322096 9 38
8 53076624 48 60
8 53092721 116 179
8 67064773 24 60
8 67064781 23 67
8 72755880 10 50
8 73479991 32 147
8 77764403 11 67
8 77895457 67 80
8 77895459 68 82
8 82606632 37 182
8 87153719 42 106
8 87226572 11 10
8 87229835 40 144
8 87235208 74 113
8 87755878 49 86
8 89053926 50 67
8 89128775 14 87
8 89128850 50 195
8 92007857 16 68
8 92406201 59 108
8 99961435 58 90
8 99963899 6 31
8 103324640 64 85
8 105264107 28 29
8 110569170 24 59
8 113332171 32 173
8 113353715 21 80
8 119936778 42 413
8 120744199 102 130
8 124408531 16 35
8 124659171 136 195
8 131955658 8 76
8 132002665 50 219
8 133182664 17 69
8 133196528 27 131
8 133961037 54 251
8 139144863 17 286
8 141034035 33 145
8 141582932 47 66
8 143559664 10 11
8 143695373 5 22
8 143960516 15 72
8 144240339 19 37
8 144644650 8 32
8 144657373 6 19
9 1056414 94 61
9 3277416 119 62
9 7011847 32 35
9 8497241 22 22
9 14307058 94 52
9 15848936 24 21
9 17487026 50 42
9 18950896 114 71
9 32631522 226 132
9 34493299 84 47
9 35091903 60 36
9 37512501 94 56
9 43624970 241 189
9 43885067 17 16
9 70177163 10 81
9 73235224 54 202
9 73240205 11 45
9 73426110 15 28
9 74828854 18 65
9 74970881 15 57
9 77442862 12 46
9 77563085 27 90
9 79320494 20 58
9 82187680 12 33
9 82323695 6 22
9 84608354 65 184
9 86503502 17 45
9 86893173 13 37
9 91150625 5 28
9 94495406 4 7
9 95099822 41 126
9 99285911 28 112
9 100692380 71 289
9 101747923 28 35
9 101777769 29 31
9 101829241 70 81
9 102609735 69 131
9 104432717 59 75
9 105767109 33 49
9 107266977 45 52
9 107576438 19 93
9 107618158 24 35
9 111899755 27 125
9 113170526 26 54
9 113192679 14 32
9 113194802 60 98
9 114289897 40 103
9 115652195 20 76
9 115806140 102 218
9 117228590 64 84
9 120053605 11 45
9 125148949 33 129
9 125273890 60 251
9 125330086 10 40
9 126125141 36 154
9 130213652 14 15
9 131087483 12 60
9 131094561 14 29
9 134106048 38 67
9 134165440 13 23
9 134183627 3 17
9 134396836 14 86
9 135862794 28 53
9 135906463 6 17
9 136304491 34 155
9 137593147 5 34
9 139741707 9 12
9 139909925 6 6
9 140100357 3 21
9 140846807 33 50
9 140991014 17 97
10 1405316 4 17
10 1405856 16 18
10 1421339 11 51
10 6506291 203 288
10 7608323 22 33
10 8116083 7 7
10 14867509 84 118
10 16893320 28 96
10 16930512 28 145
10 17362871 38 163
10 26446322 53 92
10 26790169 4 24
10 26830589 15 66
10 27475597 12 14
10 27702954 11 53
10 38345566 15 15
10 45473174 27 51
10 48429028 6 6
10 49633232 6 16
10 50530616 8 15
10 55780053 43 206
10 56287599 27 135
10 60556226 46 84
10 64159503 25 42
10 69908183 26 104
10 70412277 41 65
10 72358511 48 61
10 73464784 37 100
10 76603051 62 60
10 78943265 22 50
10 82185667 33 130
10 82369182 28 96
10 82369183 29 95
10 88123739 22 86
10 88423458 7 12
10 91486107 5 7
10 94381142 47 65
10 95892039 52 73
10 97135751 16 101
10 97607164 55 54
10 99025697 27 102
10 99025847 54 70
10 102256950 52 58
10 105036977 14 35
10 105178383 22 51
10 105178384 22 51
10 105648830 42 119
10 105971806 21 99
10 106121841 20 78
10 106159223 11 63
10 108337107 32 120
10 108439016 63 88
10 108589406 66 117
10 115350405 23 81
10 116361718 19 71
10 117154178 35 47
10 118236770 6 16
10 119044377 72 101
10 120514286 13 74
10 121286930 28 39
10 122348813 46 180
10 127426970 58 110
10 128830580 4 5
10 131967730 44 51
10 134016258 23 109
10 134660783 76 94
10 135102436 17 80
11 3661139 46 45
11 4510584 21 28
11 4567167 76 76
11 4674143 61 32
11 5152960 43 40
11 5290708 53 66
11 5862226 61 56
11 6007816 20 18
11 6500011 23 20
11 6898600 64 45
11 6913008 26 38
11 7960899 43 56
11 11985863 12 9
11 17450148 38 51
11 17741293 22 29
11 19209755 78 90
11 20177907 14 27
11 20515791 104 84
11 20940811 50 37
11 22301327 12 22
11 27148882 50 84
11 30033380 24 89
11 30516883 39 72
11 30953472 30 37
11 32119896 33 75
11 32460663 12 17
11 33612940 45 81
11 36597797 71 92
11 40137179 16 124
11 46911596 31 146
11 47357557 10 14
11 47469657 12 75
11 47711888 114 165
11 47744565 4 6
11 47800632 29 29
11 55038309 23 80
11 55405873 127 73
11 55541387 105 158
11 55607085 41 46
11 55761264 44 73
11 55761943 30 34
11 55798057 17 93
11 55904716 27 105
11 55944330 47 187
11 56043850 63 237
11 56057656 95 149
11 56230508 22 113
11 56409760 18 114
11 56468339 27 205
11 57003959 20 41
11 57099251 29 34
11 57995616 35 33
11 58979250 67 81
11 59828757 33 136
11 61645001 13 50
11 62290294 91 236
11 62591750 36 116
11 64453121 49 119
11 65113402 33 138
11 65338992 31 115
11 65397058 7 26
11 65714655 6 11
11 66083426 16 51
11 66083757 11 30
11 66444332 82 222
11 67223588 16 34
11 69514229 37 79
11 70332401 15 75
11 70332942 17 47
11 71184686 24 88
11 71277026 42 137
11 74047787 28 59
11 77091007 24 80
11 78467872 6 42
11 82536103 16 37
11 83585492 26 64
11 85630407 49 116
11 89028510 9 53
11 89028511 11 53
11 89424086 25 71
11 89896533 60 193
11 92088254 13 34
11 92534453 12 35
11 92564924 5 17
11 92577660 3 14
11 95595495 18 58
11 100933286 59 217
11 100933287 60 216
11 100999141 3 14
11 102477371 13 47
11 103908673 22 54
11 104034758 3 8
11 104776272 10 53
11 107966404 32 138
11 108047022 21 74
11 108168091 14 51
11 113857310 27 93
11 113857737 14 49
11 113860256 34 98
11 114121265 26 41
11 116701610 6 35
11 117031909 37 103
11 117647604 11 37
11 118403633 34 82
11 118983091 22 47
11 119148970 34 96
11 119243748 34 112
11 119535975 7 26
11 120352171 24 57
11 121430366 18 55
11 123900904 31 123
11 124189528 17 48
11 124757010 9 42
11 124766560 11 26
11 130058447 42 118
11 132527091 32 95
12 250438 35 157
12 1995152 27 26
12 5154071 144 226
12 5603961 60 88
12 6125732 43 75
12 6438776 5 35
12 6645907 100 145
12 7023263 61 88
12 8629926 68 230
12 9356370 43 129
12 9845509 26 71
12 9875205 101 145
12 10978682 62 74
12 13526185 80 237
12 14840956 69 134
12 14949838 73 158
12 15823797 84 133
12 16516939 111 139
12 18892099 247 149
12 20522893 41 152
12 21331906 272 192
12 21643203 75 310
12 22487129 31 124
12 26750058 275 227
12 26807026 31 148
12 27829480 190 122
12 29423493 97 53
12 29628067 11 29
12 29648348 46 191
12 31236942 90 300
12 40740726 27 38
12 41327336 81 99
12 47178371 48 55
12 49431527 6 10
12 52828050 13 9
12 55795096 71 62
12 56030896 72 45
12 57346753 67 77
12 58126641 233 191
12 59268065 90 68
12 62261207 53 38
12 69962853 54 42
12 72372758 90 68
12 78400815 47 52
12 85255331 45 57
12 85677442 35 34
12 85677506 36 42
12 92814818 252 242
12 99225845 9 2
12 102046932 40 40
12 103310894 38 33
12 104089513 55 36
12 105583577 39 24
12 106477667 40 41
12 108169386 7 3
12 110450962 53 40
12 111099059 35 23
12 111350900 62 69
12 111744741 72 58
12 112743916 25 31
12 120586073 42 71
12 124311314 68 63
12 124352552 30 18
12 125900111 81 86
13 20025324 55 56
13 23915357 47 117
13 25275055 55 46
13 26153025 14 50
13 29608120 20 20
13 32367141 41 39
13 36429699 9 1
13 42161739 52 45
13 46563198 29 38
13 52439998 92 79
13 52439999 91 78
13 52952431 100 100
13 61102614 82 61
13 67205431 62 56
13 76432084 43 59
13 77835401 74 73
13 86369386 46 37
13 88329802 28 27
13 99116047 28 46
13 101735197 50 57
13 110815855 19 31
14 20692744 45 181
14 20768879 85 173
14 20845477 12 50
14 21469569 50 129
14 21831008 69 127
14 22102631 12 32
14 22217467 41 166
14 23871779 52 205
14 24112405 51 285
14 24656300 106 369
14 24731488 26 64
14 24772360 33 94
14 24836417 12 29
14 24898088 5 15
14 28734244 19 21
14 32560672 76 253
14 33290637 30 120
14 36987175 6 16
14 42355819 8 48
14 42356171 46 87
14 44974026 34 44
14 45645258 48 70
14 47120699 14 74
14 50909507 31 70
14 51378992 95 160
14 55004942 37 76
14 60193658 4 17
14 62462806 29 67
14 63749907 42 60
14 68290268 34 84
14 70634430 40 58
14 70634971 23 47
14 70713178 51 111
14 70925091 71 126
14 71215569 35 138
14 71479701 55 79
14 72138213 52 143
14 72205015 47 62
14 74180434 23 32
14 74443726 43 80
14 75330491 14 97
14 77732943 15 81
14 79434664 12 95
14 81956810 22 87
14 88478168 18 65
14 88652436 6 27
14 88654339 49 110
14 92953010 12 51
14 93686750 45 143
14 95033367 42 66
14 96777530 108 156
14 101350989 19 18
14 102510221 29 42
14 104472878 22 36
14 105409082 125 165
14 105414415 122 153
14 106174975 8 59
14 106725472 36 299
14 106815966 35 133
14 106829886 13 45
15 20488860 26 98
15 22867508 52 51
15 23889233 12 84
15 25334980 9 21
15 25453293 58 304
15 25457009 149 185
15 25467533 35 183
15 26806217 55 79
15 27271968 5 42
15 28234752 14 48
15 29092244 13 19
15 31355396 24 88
15 33927967 9 22
15 33927968 9 23
15 33928020 4 12
15 33952004 12 29
15 34023743 22 29
15 34080547 76 121
15 34109111 15 14
15 35082705 33 149
15 38765759 36 52
15 40751488 7 68
15 43237376 4 5
15 43568620 17 81
15 44890865 63 88
15 45398789 51 170
15 45401780 59 84
15 48056929 14 80
15 50581845 23 84
15 51503227 32 81
15 51757049 69 88
15 54527271 24 60
15 55970146 56 67
15 63922665 78 272
15 69011060 11 53
15 69018240 29 71
15 71256238 38 69
15 72324912 24 79
15 74425228 28 110
15 74912388 24 130
15 75499670 24 73
15 75968836 84 102
15 75979665 34 142
15 75982632 10 54
15 76566836 16 39
15 77907420 19 68
15 79277507 72 91
15 88476298 20 35
15 88669594 48 57
15 88679775 20 44
15 89198880 4 13
15 90258209 4 29
15 91185216 47 81
15 92663793 53 233
15 93480847 6 33
15 94913349 36 52
15 99926293 212 328
15 100332063 11 52
15 101554532 108 160
15 102462434 157 345
16 705883 3 8
16 1400989 30 19
16 1537889 37 261
16 4415025 6 7
16 4815616 70 43
16 24902286 95 84
16 28507281 5 9
16 28507282 5 9
16 31405625 26 118
16 49670164 29 23
16 50745311 70 75
16 51175911 76 44
16 54966530 70 47
16 57608958 30 30
16 58001179 22 35
16 58031855 38 39
16 64982541 13 21
16 66432414 33 41
16 67322176 97 76
16 70501323 14 11
16 72188115 129 97
16 74386055 69 114
16 76569445 33 32
16 77331277 70 69
16 81078197 150 121
16 83999007 30 16
16 84014711 96 76
16 84027924 19 30
16 84228669 25 30
16 86602427 21 25
17 1382019 51 41
17 3119405 61 39
17 4644069 21 15
17 6021442 32 23
17 6373627 18 12
17 7578440 37 37
17 7909797 20 23
17 7979605 17 22
17 10405209 24 25
17 10417424 47 48
17 10541398 69 66
17 11556254 47 50
17 11572399 87 68
17 16842928 30 29
17 17697397 84 60
17 17698714 11 8
17 18541193 35 54
17 19091449 46 318
17 25967675 37 132
17 26695591 29 102
17 26920005 50 151
17 26960074 17 62
17 27251019 5 24
17 27425375 12 27
17 28543169 31 69
17 28614917 40 56
17 28889927 23 102
17 29281555 62 108
17 29685528 13 53
17 29685530 14 54
17 30348860 42 124
17 30632392 23 98
17 30815061 15 46
17 32953342 5 13
17 33679275 4 16
17 34311434 21 60
17 34858937 52 128
17 34951410 14 44
17 34964213 48 116
17 36453216 19 59
17 37187556 10 42
17 37369250 36 91
17 37687206 13 39
17 37762558 4 12
17 38975445 14 43
17 39296319 9 40
17 39394593 30 67
17 39643257 25 93
17 39888337 25 51
17 40997010 7 44
17 41006721 6 44
17 41931263 24 89
17 42328875 20 76
17 43138679 3 21
17 45369703 32 82
17 47484217 15 30
17 51900394 7 30
17 56270165 6 7
17 56276470 15 59
17 57094780 25 93
17 58556611 17 53
17 58711239 14 52
17 60483852 12 37
17 60778954 21 41
17 61611394 44 106
17 61611395 45 106
17 61950631 21 116
17 61958388 78 255
17 62050198 7 17
17 62050199 7 17
17 66913532 58 173
17 66982353 45 109
17 66982354 44 105
17 67012471 34 111
17 67013838 86 246
17 68171898 31 78
17 73949611 14 66
17 77043891 33 102
17 78318559 61 132
17 78321522 33 76
17 79250894 22 54
17 79671382 6 34
17 79911102 3 13
17 80040803 12 48
17 80136436 12 27
17 80136437 11 27
17 80963008 18 49
18 334952 14 21
18 9517070 11 5
18 10696074 79 114
18 12358935 7 36
18 14524910 39 52
18 14542973 123 240
18 14752917 4 20
18 14763841 5 18
18 14782614 20 26
18 14808578 10 52
18 19116018 63 177
18 21437827 34 295
18 21892062 95 98
18 22057556 23 15
18 25589781 20 56
18 31314344 12 18
18 42533143 12 39
18 58039646 5 7
18 60527717 13 25
18 61231353 26 74
18 63489423 16 38
18 70209051 4 15
18 70532460 9 26
18 77170980 5 24
19 425194 25 13
19 746411 3 19
19 1783259 9 6
19 2413830 37 38
19 2834576 32 20
19 2877357 51 36
19 4298101 51 52
19 6853990 94 87
19 7762180 39 31
19 9012814 86 70
19 9045689 29 30
19 9046271 31 27
19 9046272 32 26
19 9072189 86 92
19 9072904 39 41
19 9076689 66 44
19 9087693 37 47
19 9324727 55 34
19 9873983 97 63
19 10335161 32 23
19 10445845 71 65
19 11280498 13 10
19 11978459 73 67
19 12061333 19 12
19 12848436 13 16
19 14574703 17 21
19 14876506 39 140
19 15997053 182 185
19 16060490 83 77
19 17370465 139 88
19 17438608 48 47
19 18474268 19 20
19 19613322 44 47
19 19758456 15 16
19 20236179 10 20
19 22154164 19 29
19 22363556 34 96
19 22375821 42 48
19 23159425 25 25
19 30505793 62 143
19 30936088 56 115
19 32955672 44 84
19 33167781 7 5
19 33623155 49 145
19 35617781 13 32
19 35835768 31 125
19 36113796 60 81
19 36214714 5 16
19 36352130 15 9
19 36505092 25 69
19 37488271 3 8
19 37579991 53 104
19 37676857 37 117
19 38160624 91 65
19 38161015 89 67
19 38991614 18 17
19 39362466 47 35
19 41930389 44 141
19 42396400 46 255
19 42600276 15 21
19 43414914 70 246
19 43433662 109 475
19 43575854 67 299
19 43757755 78 41
19 44065074 112 175
19 44352080 18 104
19 44732500 7 10
19 45822880 44 173
19 46094288 30 49
19 46328429 64 66
19 46332347 59 77
19 46663911 55 278
19 46914865 37 147
19 47858496 100 128
19 48547117 28 32
19 49622256 35 63
19 50209485 4 14
19 50266502 40 129
19 50964956 3 34
19 51361523 32 49
19 51770668 29 163
19 51883415 15 13
19 52003232 36 109
19 52004701 68 164
19 52132608 43 88
19 52148737 22 143
19 52272532 19 97
19 52570198 16 41
19 52938435 22 36
19 53086575 13 65
19 53269553 86 151
19 53385191 111 170
19 53572005 59 102
19 53643511 22 70
19 53792943 129 168
19 53793364 77 117
19 53912734 31 54
19 53958872 43 229
19 53995065 21 44
19 53995209 18 39
19 54301541 48 61
19 54307228 20 39
19 54313686 50 204
19 54377184 33 109
19 54418756 22 48
19 54695431 10 29
19 54744935 10 137
19 54823819 24 41
19 54848414 15 30
19 55179429 50 103
19 55281271 10 50
19 55315366 87 123
19 56047494 8 42
19 56443408 22 106
19 56466446 79 94
19 56487655 52 60
19 57086048 20 73
19 57175464 5 26
19 57642468 15 22
19 57646928 62 141
19 57868780 11 37
19 58003603 64 87
19 58420355 62 85
19 58549597 7 7
19 58565188 36 56
19 58578318 36 66
19 58639119 5 11
19 58639368 59 215
20 170231 73 85
20 377002 33 26
20 2375200 10 7
20 2398085 27 13
20 2641176 67 46
20 2774982 33 32
20 2775967 46 31
20 3233244 76 71
20 3660146 11 13
20 3759136 16 9
20 3802836 37 33
20 5283322 91 100
20 23424651 17 21
20 23433221 49 37
20 30070204 66 41
20 31368124 31 29
20 31828181 117 129
20 33585348 8 5
20 35635932 35 41
20 42242569 41 38
20 42885970 23 23
20 44506325 37 31
20 44645004 22 28
20 44671797 91 73
20 44685005 18 11
20 45702822 69 48
20 46294641 49 53
20 47444245 14 6
20 49221208 28 30
20 50401059 65 71
20 50769287 25 42
20 51872902 25 39
20 55943782 24 109
20 57035882 44 47
20 57599252 27 79
20 57611616 43 173
20 57767530 16 66
20 57768676 21 92
20 58330353 16 59
20 58342374 34 94
20 60318840 8 25
20 60427941 96 364
20 61522319 41 128
20 62192805 110 202
20 62196727 5 12
21 17191131 46 244
21 19713783 101 93
21 28305220 28 17
21 31768661 55 40
21 31986182 87 57
21 32639255 32 32
21 33331214 122 68
21 33840109 44 31
21 35468733 60 57
21 41385199 50 37
21 41684139 46 47
21 41711138 55 42
21 41741060 71 46
21 43528457 11 9
21 45679433 74 43
22 16287481 64 276
22 17071693 6 12
22 17446085 36 29
22 17619154 29 32
22 23406114 31 21
22 25308718 9 18
22 26706681 90 73
22 30070892 4 6
22 30659938 97 63
22 31724897 15 32
22 32555175 42 52
22 37966599 99 91
22 42486953 7 12
22 43599942 10 10
22 44564566 22 25
22 46085626 64 49
22 46704301 133 113
22 47507500 26 27
22 50216964 90 81
22 50470358 21 21
22 50547090 63 60
22 51160523 7 7
