chromosome_index position alt_count ref_count
1 34102110 4 51
1 34663022 17 5
1 86921221 6 5
1 111890377 46 14
1 117127430 4 45
1 150432636 53 24
1 152276877 155 466
1 152648879 17 37
1 156347124 128 113
1 157491042 4 59
1 157767584 16 10
1 158815391 8 40
1 160784474 6 55
1 165638241 35 110
1 169349838 5 135
1 200801970 39 82
1 201777624 5 69
1 202126875 42 142
1 204587364 13 94
1 241031947 34 72
1 248402551 10 78
2 44539829 53 39
2 56420577 3 48
2 64863742 23 91
2 65480902 49 373
2 65480953 19 197
2 65480985 7 136
2 66670100 29 433
2 73518876 36 30
2 86831479 127 188
2 116497356 10 85
2 162891801 7 52
2 163134033 10 12
2 167322424 9 19
2 179401757 23 31
2 179433982 128 158
2 180311380 52 70
2 197008350 15 109
2 205986322 24 198
2 220412389 55 10
2 223917644 69 17
2 242793182 25 3
3 1414584 10 60
3 113627872 13 92
3 147113825 171 94
3 155611419 10 111
3 158289180 5 72
3 164772985 11 256
3 182597411 27 426
3 186256484 22 276
4 22440014 22 11
4 70707779 29 10
4 71555131 34 10
4 73979549 100 27
4 100470454 78 14
4 118005461 17 108
4 120422408 3 21
4 128807754 27 8
4 149356518 8 96
4 166254725 25 8
5 639257 32 32
5 639258 32 31
5 7869301 47 108
5 16935980 6 6
5 23526767 25 126
5 24593546 43 85
5 49699263 9 45
5 54941616 4 14
5 67588927 30 15
5 131309007 18 98
5 131411468 44 102
5 140202503 21 152
5 140589932 48 157
5 140740646 5 12
5 141243704 15 52
5 143587044 34 134
5 179192604 37 41
6 345870 7 53
6 31827440 20 2
6 34507026 105 30
6 56480813 85 54
6 99323539 5 76
6 107390748 5 38
6 129959667 4 97
6 165711530 42 14
7 909005 29 291
7 4780605 34 55
7 11209087 6 11
7 15652207 62 69
7 38475918 9 57
7 39503821 162 201
7 40039065 47 133
7 63721220 42 37
7 86493726 20 35
7 126883339 8 18
7 133933810 65 90
7 139168195 7 16
7 142334690 32 75
8 25899691 38 9
8 35453077 62 19
8 41583387 22 10
8 59727953 22 55
8 85441620 6 10
8 106801068 81 35
8 125107241 14 54
8 136554941 11 74
9 21974760 9 6
9 23701398 34 133
9 33265140 36 96
9 100881444 6 41
9 122001020 24 24
9 130742296 38 84
9 137630639 26 65
9 138642021 8 35
10 93991 7 41
10 27537838 16 60
10 33495257 6 45
10 37506675 7 20
10 42831746 7 3
10 56106238 55 15
10 71021013 15 13
10 96269922 34 16
10 96269923 34 16
10 118321015 31 15
10 120450867 28 95
11 6472598 19 90
11 17190373 14 91
11 22294470 27 157
11 36516574 9 84
11 51515801 11 112
11 57958846 10 47
11 59271520 23 86
11 85435104 16 183
11 94602508 9 9
11 99715931 55 31
11 132527024 35 14
12 4627241 27 35
12 9001428 126 157
12 41966511 10 91
12 56553498 25 68
12 64587770 21 201
12 76449930 5 21
12 81110983 5 16
12 81536955 9 61
12 110930970 7 36
12 122439496 30 74
12 124220121 34 93
12 126068453 89 192
12 133291505 4 86
13 29600556 40 61
13 60453416 31 58
13 107822961 7 43
14 70990127 105 18
14 94088299 63 49
14 106829703 79 76
15 23445341 4 23
15 41245820 49 12
15 93007679 14 4
15 101427914 16 45
16 3107373 7 123
16 22142525 9 30
16 22926932 15 42
16 29675036 28 230
16 57597069 76 106
16 67219044 6 80
16 68847249 7 160
17 2227483 43 137
17 16722608 6 56
17 26942110 200 353
17 27207543 51 53
17 27208938 30 61
17 34236345 11 81
17 39038873 52 91
17 48183261 12 29
17 57297938 82 96
17 61841436 40 65
17 61972816 76 67
17 72739304 26 207
18 3188903 43 111
18 29056036 15 90
18 70209096 11 8
19 9059280 9 161
19 9922084 12 110
19 9960291 20 50
19 10602767 267 66
19 10794147 12 144
19 11558569 9 19
19 17688865 10 101
19 22018903 7 78
19 42864963 5 7
19 49183518 14 26
19 52825050 8 89
19 53571701 15 164
19 55526235 35 67
19 56113497 75 92
19 56696640 16 61
19 57335785 50 71
19 57910309 5 84
20 19662597 45 46
20 29633898 16 84
20 48456127 8 63
21 11039127 12 286
21 22790889 22 83
21 34635260 71 42
21 37692592 4 8
21 41719699 41 236
21 45110187 19 22
22 43986007 41 102
22 50664559 28 261
22 50688070 28 27
