chromosome_index	start_position	end_position	major_cn	minor_cn	total_cn
1	61735	35902835	1	0	1
1	35905076	45448266	2	1	3
1	45451599	249224388	1	1	2
2	12784	63993230	3	0	3
2	63998863	177411756	2	0	2
2	177412729	178154839	0	0	0
2	178160931	187407732	2	0	2
2	187416202	187504217	0	0	0
2	187508542	187646633	2	1	3
2	187649864	243089456	2	0	2
3	60345	197896118	1	1	2
4	12281	11179573	1	0	1
4	11182041	60637611	1	1	2
4	60637958	191027923	1	0	1
5	15532	180790320	1	1	2
6	149661	171051005	1	1	2
7	43259	76216384	3	1	4
7	76216621	97511361	1	0	1
7	97520686	97758990	4	1	5
7	97760204	99142621	8	1	9
7	99146965	99545309	1	0	1
7	99548855	100606862	6	1	7
7	100613357	159127004	1	0	1
8	31254	6440743	2	0	2
8	6443139	10369331	4	0	4
8	10371261	12532787	11	0	11
8	12539529	73796847	1	0	1
8	73798495	119173787	1	1	2
8	119179671	119428764	1	0	1
8	119428923	146298155	1	1	2
9	46587	20110165	1	0	1
9	20110315	20270743	0	0	0
9	20275354	21035672	1	0	1
9	21036539	21959051	0	0	0
9	21963430	26411166	1	0	1
9	26411487	135950895	1	1	2
9	135952396	141091394	1	0	1
10	72759	57828379	1	0	1
10	57829534	60919754	2	1	3
10	60920512	61384326	4	1	5
10	61384541	63937963	6	1	7
10	63940256	66996835	1	1	2
10	66999718	74544189	2	1	3
10	74544247	77697323	3	1	4
10	77698806	124149583	1	1	2
10	124152273	133754172	1	0	1
10	133754185	135506704	3	1	4
11	198572	59417158	1	1	2
11	59417171	61086387	2	1	3
11	61088479	61758572	1	1	2
11	61759293	87344634	2	1	3
11	87344821	134944770	1	0	1
12	150442	18621279	1	1	2
12	18628197	18664486	9	8	17
12	18681102	18695161	14	3	17
12	18695229	19269694	1	0	1
12	19269865	20626438	13	1	14
12	20626443	24299073	17	0	17
12	24299156	25386734	34	0	34
12	25386944	26474949	28	0	28
12	26476562	26637498	2	1	3
12	26637999	133778189	1	1	2
13	19026949	115108397	1	1	2
14	19002124	103754258	1	1	2
14	103757289	107285437	1	0	1
15	20016328	38214292	1	0	1
15	38217037	39394206	0	0	0
15	39394917	46800075	1	0	1
15	46802298	80931695	1	1	2
15	80932690	102469040	3	1	4
16	60777	26048209	1	1	2
16	26051293	26353082	1	0	1
16	26353144	35283226	1	1	2
16	46463782	90287535	1	0	1
17	526	81049726	1	1	2
18	48133	78015057	1	0	1
19	90910	59097854	1	1	2
20	61305	14915051	1	0	1
20	14917048	15015441	0	0	0
20	15016266	18910869	1	0	1
20	18911346	62956153	1	1	2
21	10736871	48096957	1	1	2
22	16052528	51234455	1	0	1
