chromosome_index	start_position	end_position	major_cn	minor_cn	total_cn
1	61735	243013666	1	1	2
1	243017513	243048740	3	0	3
1	243049874	244516312	3	1	4
1	244516754	246209058	2	1	3
1	246212192	249224388	1	0	1
2	12784	28529342	1	0	1
2	28535061	29173443	2	0	2
2	29174410	39611764	1	0	1
2	39614629	40318880	4	1	5
2	40319530	41933740	2	1	3
2	41934802	133136760	1	1	2
2	133140598	133450409	2	1	3
2	133450597	243089456	1	1	2
3	60345	93519478	1	0	1
3	93520016	147268599	2	1	3
3	147269277	148552991	1	1	2
3	148553560	154103089	2	1	3
3	154103311	157923926	3	1	4
3	157930511	158526435	1	1	2
3	158529030	175920567	2	1	3
3	175920620	189098727	3	1	4
3	189101901	193333438	4	1	5
3	193333892	197896118	3	1	4
4	12281	191027923	1	1	2
5	15532	180790320	1	1	2
6	149661	57418636	2	0	2
6	57418848	58140442	2	2	4
6	58142081	61886440	2	0	2
6	61930020	63197437	2	2	4
6	63199731	98472753	2	1	3
6	98473874	101280306	4	1	5
6	101282296	109758678	3	1	4
6	109763714	171051005	2	1	3
7	43259	159127004	1	1	2
8	31254	38369493	1	0	1
8	38369901	40321685	1	1	2
8	40323821	46912027	1	0	1
8	46912314	46933036	3	0	3
8	46936616	94252213	3	1	4
8	94254054	95508721	2	1	3
8	95516480	146298155	3	1	4
9	46587	714971	0	0	0
9	716570	21592386	8	0	8
9	21601242	22057230	0	0	0
9	22064465	23737353	8	0	8
9	23737408	25577555	6	0	6
9	25577639	26457170	11	0	11
9	26457404	27073942	7	0	7
9	27074233	37548713	3	0	3
9	37549677	37789033	5	0	5
9	37789175	38009544	10	0	10
9	38009663	47217176	1	0	1
9	65616971	71185915	2	1	3
9	71186182	141091394	2	2	4
10	72759	39076221	1	0	1
10	42433540	135506704	1	1	2
11	198572	84481457	1	1	2
11	84483089	84801333	3	1	4
11	84801438	134944770	1	1	2
12	150442	18813177	2	1	3
12	18815154	131281161	1	1	2
12	131286695	133778189	1	0	1
13	19026949	115108397	1	1	2
14	19002124	107285437	2	1	3
15	20016328	71556576	1	1	2
15	71566588	71872351	1	0	1
15	71872419	102469040	1	1	2
16	60777	90287535	1	1	2
17	526	15800503	2	0	2
17	15800563	42486973	1	1	2
17	42486973	45830194	2	1	3
17	45830942	58614843	1	1	2
17	58621454	59863113	1	0	1
17	59863615	62223150	2	1	3
17	62228796	67864052	3	1	4
17	67864323	68589451	2	1	3
17	68591432	74066491	3	1	4
17	74067099	74418176	2	1	3
17	74421977	77331647	1	1	2
17	77332721	77402241	3	1	4
17	77403564	81049726	1	1	2
18	48133	4771290	4	1	5
18	4771373	8289839	5	1	6
18	8290747	19365539	4	1	5
18	19367837	19994358	1	0	1
18	19999151	20700799	4	1	5
18	20704003	69363767	1	0	1
18	69363966	77385879	2	0	2
18	77385977	77708992	4	0	4
18	77713432	77877360	14	0	14
18	77877718	78015057	0	0	0
19	90910	59097854	1	1	2
20	61305	62956153	1	1	2
21	10736871	15459754	1	0	1
21	15463956	36198151	1	1	2
21	36202440	36357861	1	0	1
21	36358077	48096957	1	1	2
22	16052528	46127282	1	1	2
22	46136861	50091359	2	1	3
22	50091725	50510258	6	1	7
22	50523417	51234455	1	0	1
