chromosome_index position alt_count ref_count
1 40235710 4 14
1 89523745 12 131
1 158817523 35 67
1 186304588 78 167
1 227172603 7 58
2 79350284 58 83
2 89339762 89 231
2 113785410 9 24
2 192711703 16 30
2 203630190 25 78
2 219647024 16 22
3 57543003 28 27
3 98073612 21 13
3 169802155 31 60
4 42403365 6 94
5 96506986 48 75
5 154275748 14 187
5 179745809 4 70
6 32006951 43 29
6 76640790 57 93
6 149699405 32 49
7 102824522 45 80
7 134645312 64 114
9 123239714 104 199
10 108427518 24 65
11 67371673 8 31
11 67371715 19 64
11 124967604 53 19
12 344336 5 89
14 47120968 5 54
15 100331916 11 32
16 10989579 16 215
16 24567190 47 157
17 40947026 15 367
17 43592232 7 16
19 11727643 77 118
20 57485882 5 119
20 60882826 34 18
22 32754237 12 105
22 37707034 7 36
