chromosome_index position alt_count ref_count
1 40758427 5 10
1 46715706 56 124
1 111731864 50 371
1 111824312 57 99
1 116228133 18 34
1 152277058 331 494
1 152732963 48 56
1 153431448 78 850
1 154401730 12 86
1 196695774 319 435
1 248402474 381 491
1 248845472 89 129
2 11911635 5 33
2 101192906 8 98
2 102984461 33 331
2 114691906 659 1547
2 167055541 15 159
3 38991814 13 7
3 52855094 5 8
3 56766248 7 7
3 170216489 85 103
4 68494795 12 41
4 102751122 178 292
4 152022144 103 149
5 5239350 356 113
5 35727842 9 97
5 150405002 62 80
5 158250187 101 154
5 179150743 141 194
6 26184353 123 169
6 27218878 26 69
6 149730732 107 175
7 23793941 465 1115
7 55210023 108 4537
7 55240690 133 972
7 55259524 902 1063
7 55269042 79 3308
7 55269049 71 3027
7 91936874 58 172
7 107414387 14 376
7 130364095 18 354
8 6360568 61 58
9 97349616 8 151
9 131403095 24 48
10 13541789 9 137
10 72289750 38 14
10 122648684 31 301
11 6413252 140 83
11 7818319 22 335
11 56185444 127 120
11 62747053 22 46
11 73789595 19 366
11 74914472 21 26
11 94340605 44 193
11 118272396 8 31
11 125618812 5 12
12 4919648 8 7
12 7522098 25 36
12 42707695 52 88
12 51752037 20 611
12 56295898 24 43
12 112087750 12 400
12 113906006 6 6
13 23914000 95 124
14 23342583 15 39
15 33936694 58 83
15 44028598 12 18
15 52611521 157 135
16 24581112 36 39
17 5487151 9 24
17 7909711 14 31
17 7909795 12 15
17 62750198 15 678
17 80577000 28 57
18 7011437 25 56
18 10675257 77 229
18 77119411 14 122
18 77119418 10 115
18 77119426 9 104
19 9204518 426 468
19 9204668 70 89
19 14674829 37 44
19 22575673 6 82
19 56244660 81 85
19 58197871 83 258
20 1559047 210 31
20 33162974 113 179
22 23404066 3 51
