chromosome_index	position	alt_count	ref_count
1	1058137	5.0	20.0
1	2795260	3.0	13.0
1	3397476	7.0	20.0
1	5449425	6.0	16.0
1	7959987	8.0	33.0
1	8188533	3.0	21.0
1	10757427	5.0	15.0
1	12288393	13.0	29.0
1	14874997	2.0	18.0
1	15674336	4.0	21.0
1	15801025	6.0	20.0
1	16754645	9.0	27.0
1	17563272	10.0	18.0
1	20112878	6.0	19.0
1	22311169	7.0	18.0
1	23113235	4.0	24.0
1	27063353	6.0	12.0
1	27515627	6.0	20.0
1	28042914	5.0	38.0
1	28429702	5.0	33.0
1	30226712	8.0	24.0
1	31937275	6.0	26.0
1	34402804	5.0	31.0
1	34942945	9.0	35.0
1	36193456	14.0	25.0
1	38260355	12.0	13.0
1	40480433	10.0	31.0
1	41184251	4.0	36.0
1	45664286	9.0	27.0
1	47316332	5.0	35.0
1	49089440	10.0	28.0
1	50565955	11.0	27.0
1	52012056	8.0	31.0
1	56025632	14.0	29.0
1	56522732	19.0	10.0
1	59024807	12.0	17.0
1	59156534	9.0	26.0
1	59648623	7.0	23.0
1	63152498	8.0	20.0
1	67224034	7.0	22.0
1	68066717	7.0	22.0
1	72664902	2.0	28.0
1	72977033	4.0	33.0
1	75397555	9.0	34.0
1	76640306	10.0	32.0
1	77293599	13.0	31.0
1	79689427	7.0	31.0
1	81251364	12.0	45.0
1	81490366	11.0	47.0
1	84175473	7.0	40.0
1	85446542	9.0	28.0
1	86348752	14.0	31.0
1	87395850	3.0	39.0
1	88832942	10.0	30.0
1	91622409	6.0	27.0
1	91674401	12.0	25.0
1	92588344	7.0	25.0
1	95102823	6.0	15.0
1	97985325	18.0	45.0
1	98750042	8.0	29.0
1	101881479	15.0	34.0
1	102766383	8.0	10.0
1	103779408	3.0	18.0
1	105519924	13.0	42.0
1	107583409	6.0	29.0
1	109421508	7.0	29.0
1	111932168	3.0	25.0
1	113314971	6.0	22.0
1	113952110	8.0	26.0
1	117361481	12.0	27.0
1	117488626	7.0	27.0
1	120212501	3.0	36.0
1	145529654	6.0	8.0
1	149278478	9.0	105.0
1	154500518	3.0	36.0
1	155136907	4.0	16.0
1	156370320	7.0	22.0
1	161047333	11.0	23.0
1	164659575	5.0	20.0
1	164922650	4.0	28.0
1	169539363	12.0	40.0
1	170460118	9.0	36.0
1	170636186	6.0	26.0
1	170862584	9.0	31.0
1	172851925	15.0	36.0
1	175796229	6.0	19.0
1	176786133	4.0	28.0
1	179525095	6.0	33.0
1	180629642	7.0	37.0
1	181027290	10.0	30.0
1	188098099	7.0	23.0
1	190446299	8.0	23.0
1	191944935	13.0	25.0
1	192338467	15.0	29.0
1	192366508	12.0	31.0
1	193427268	12.0	33.0
1	194031669	8.0	22.0
1	194063619	7.0	21.0
1	194593388	4.0	40.0
1	195987565	10.0	26.0
1	197556704	14.0	30.0
1	197618384	15.0	29.0
1	197667932	12.0	38.0
1	199903335	5.0	22.0
1	202905159	8.0	29.0
1	203753698	8.0	22.0
1	204998018	18.0	26.0
1	207626100	11.0	36.0
1	208203485	8.0	20.0
1	208776043	7.0	31.0
1	209734474	17.0	24.0
1	210260230	9.0	38.0
1	211635985	16.0	35.0
1	213348372	13.0	24.0
1	213994354	9.0	34.0
1	217737381	6.0	4.0
1	218993085	10.0	30.0
1	219738600	10.0	32.0
1	220352375	9.0	30.0
1	221175873	10.0	39.0
1	221638593	9.0	32.0
1	230301972	5.0	39.0
1	234574201	11.0	36.0
1	235874176	4.0	39.0
1	236079313	9.0	19.0
1	237615148	8.0	45.0
1	237952916	16.0	33.0
1	238175990	7.0	34.0
1	239411572	5.0	55.0
1	240502093	11.0	35.0
1	241905356	13.0	30.0
1	246338456	14.0	25.0
10	121695	8.0	30.0
10	2805605	8.0	36.0
10	5305804	12.0	26.0
10	6270449	5.0	20.0
10	7291042	3.0	19.0
10	8671366	8.0	54.0
10	10131613	9.0	26.0
10	10782411	12.0	26.0
10	13097636	10.0	34.0
10	13635440	8.0	24.0
10	16650836	10.0	20.0
10	17456341	9.0	36.0
10	20203930	11.0	35.0
10	24171160	10.0	25.0
10	24785486	14.0	41.0
10	27185824	8.0	26.0
10	29008702	12.0	27.0
10	29016881	1.0	25.0
10	29323788	5.0	23.0
10	33764624	6.0	23.0
10	35333614	12.0	26.0
10	38181448	10.0	25.0
10	44769918	10.0	25.0
10	46170357	11.0	29.0
10	50282073	6.0	34.0
10	53017109	4.0	24.0
10	53695465	8.0	33.0
10	54327235	7.0	37.0
10	54707054	10.0	24.0
10	55084899	9.0	26.0
10	56943898	5.0	30.0
10	57752832	13.0	34.0
10	58485392	12.0	18.0
10	58672173	10.0	28.0
10	58878224	11.0	33.0
10	59054001	18.0	43.0
10	63976061	14.0	32.0
10	64469329	10.0	20.0
10	64720557	7.0	26.0
10	65301179	17.0	29.0
10	68049573	10.0	34.0
10	68384541	8.0	27.0
10	69527020	12.0	26.0
10	72764931	6.0	23.0
10	76037361	13.0	21.0
10	76542561	5.0	43.0
10	77798395	7.0	28.0
10	78009226	6.0	28.0
10	83929659	9.0	50.0
10	84823254	11.0	23.0
10	84937202	4.0	22.0
10	88566707	9.0	23.0
10	89524127	9.0	33.0
10	91587539	8.0	33.0
10	91791957	8.0	25.0
10	92206105	11.0	25.0
10	93506173	12.0	17.0
10	94385396	10.0	16.0
10	99872225	9.0	22.0
10	102070360	5.0	32.0
10	102852027	8.0	31.0
10	103907646	4.0	26.0
10	110369225	11.0	29.0
10	112326026	3.0	9.0
10	116180010	9.0	20.0
10	117323270	6.0	45.0
10	119740028	3.0	21.0
10	119890335	13.0	25.0
10	124397930	3.0	25.0
10	127100673	7.0	21.0
10	127962235	12.0	23.0
10	128532270	3.0	22.0
10	129158626	3.0	18.0
10	129302343	5.0	32.0
10	129407681	9.0	24.0
11	4889477	6.0	20.0
11	5513927	10.0	15.0
11	11056496	9.0	25.0
11	12317534	11.0	17.0
11	17219112	4.0	30.0
11	17340027	8.0	16.0
11	18431356	7.0	20.0
11	18992030	10.0	15.0
11	20693324	10.0	16.0
11	21313172	7.0	18.0
11	21578328	16.0	25.0
11	21852537	5.0	17.0
11	25465980	11.0	15.0
11	27357397	8.0	17.0
11	30578240	5.0	27.0
11	35829257	10.0	19.0
11	37520641	6.0	27.0
11	37791768	9.0	22.0
11	39311205	4.0	26.0
11	42331258	11.0	24.0
11	45557323	7.0	22.0
11	46884816	5.0	16.0
11	48568354	12.0	29.0
11	48727269	16.0	19.0
11	51192745	8.0	22.0
11	55995529	13.0	9.0
11	55995561	14.0	10.0
11	56513016	8.0	18.0
11	56827301	10.0	28.0
11	57890270	9.0	20.0
11	66092475	4.0	11.0
11	69580158	7.0	15.0
11	69690522	10.0	14.0
11	70519487	11.0	12.0
11	70534393	3.0	11.0
11	75394457	14.0	18.0
11	79372175	10.0	18.0
11	84389388	6.0	30.0
11	85465214	4.0	20.0
11	86455895	9.0	26.0
11	87020307	11.0	26.0
11	88064107	10.0	18.0
11	89018021	4.0	17.0
11	89344865	14.0	17.0
11	92695357	6.0	20.0
11	100572406	9.0	18.0
11	105004841	5.0	22.0
11	111510435	9.0	19.0
11	112169932	5.0	31.0
11	114904326	13.0	20.0
11	115264222	6.0	21.0
11	118677230	13.0	7.0
11	118744798	5.0	20.0
11	122484490	3.0	23.0
11	126413988	6.0	8.0
11	127925146	11.0	35.0
11	129540850	6.0	21.0
12	490811	6.0	30.0
12	1105364	5.0	27.0
12	1903601	17.0	26.0
12	3277083	10.0	31.0
12	4830093	5.0	28.0
12	5062818	5.0	39.0
12	8931685	10.0	52.0
12	10283666	12.0	27.0
12	11405267	12.0	25.0
12	13684192	7.0	32.0
12	13715263	11.0	35.0
12	17071126	22.0	34.0
12	19511364	11.0	38.0
12	19580947	5.0	27.0
12	19621142	15.0	27.0
12	21479044	5.0	40.0
12	23032616	28.0	29.0
12	26385771	10.0	34.0
12	27281677	26.0	24.0
12	27919158	6.0	27.0
12	33089280	5.0	22.0
12	34405055	3.0	34.0
12	38228944	13.0	36.0
12	38478940	4.0	25.0
12	39291797	11.0	39.0
12	40614837	4.0	25.0
12	41345379	10.0	34.0
12	41769245	6.0	37.0
12	41970378	12.0	35.0
12	42688531	9.0	24.0
12	43971740	11.0	41.0
12	44280593	10.0	24.0
12	45940045	14.0	23.0
12	47494608	4.0	28.0
12	47541469	6.0	32.0
12	49250493	4.0	27.0
12	56715726	12.0	30.0
12	57367825	9.0	8.0
12	59913639	4.0	26.0
12	59984588	6.0	27.0
12	60831965	4.0	37.0
12	61497481	9.0	32.0
12	63765549	5.0	37.0
12	64260966	9.0	16.0
12	65817029	4.0	20.0
12	66956832	7.0	20.0
12	68454720	8.0	26.0
12	72279228	9.0	31.0
12	75106380	13.0	28.0
12	77839940	7.0	36.0
12	78347108	7.0	45.0
12	84558608	11.0	28.0
12	85594097	14.0	36.0
12	85748354	4.0	26.0
12	86736167	9.0	23.0
12	87015836	7.0	33.0
12	97710302	5.0	36.0
12	98639562	11.0	34.0
12	101875779	3.0	15.0
12	108260985	10.0	22.0
12	108809956	4.0	31.0
12	113025330	11.0	30.0
12	114041440	5.0	31.0
12	115074505	3.0	41.0
12	115180136	3.0	31.0
12	118943066	3.0	46.0
12	119670836	10.0	25.0
12	120519325	5.0	30.0
12	120798295	17.0	18.0
12	121945209	5.0	31.0
12	122370785	9.0	28.0
12	128084566	9.0	34.0
12	129705070	10.0	35.0
13	20780208	8.0	43.0
13	21867837	6.0	41.0
13	23367416	10.0	31.0
13	24413807	10.0	52.0
13	28484875	5.0	56.0
13	29332724	12.0	40.0
13	33173979	6.0	36.0
13	34382806	4.0	47.0
13	40670694	5.0	33.0
13	41049224	7.0	28.0
13	42784120	11.0	29.0
13	46527662	8.0	38.0
13	47100556	10.0	29.0
13	53286224	10.0	33.0
13	53824157	22.0	30.0
13	54184098	7.0	48.0
13	55164202	6.0	32.0
13	55275373	7.0	30.0
13	55887590	14.0	50.0
13	58567098	22.0	41.0
13	59093052	8.0	36.0
13	59960730	5.0	18.0
13	61354068	7.0	37.0
13	61387560	10.0	40.0
13	61583204	8.0	30.0
13	62676845	9.0	46.0
13	62728850	12.0	29.0
13	63930690	12.0	43.0
13	64928663	6.0	24.0
13	65106278	6.0	49.0
13	65900103	7.0	57.0
13	67157374	7.0	42.0
13	67231618	7.0	34.0
13	74541094	6.0	50.0
13	75464779	11.0	38.0
13	78915534	10.0	32.0
13	79456268	10.0	51.0
13	79480564	8.0	39.0
13	79494694	10.0	34.0
13	79631127	18.0	26.0
13	82053559	34.0	17.0
13	82053608	30.0	25.0
13	82216792	5.0	36.0
13	83515488	8.0	49.0
13	83559253	9.0	45.0
13	83807001	8.0	40.0
13	83904985	12.0	41.0
13	84052486	6.0	53.0
13	84562225	16.0	28.0
13	84810097	6.0	47.0
13	84845623	11.0	43.0
13	84858903	13.0	44.0
13	84916899	6.0	44.0
13	85241164	25.0	35.0
13	85827032	4.0	46.0
13	86755801	8.0	41.0
13	86984029	8.0	29.0
13	88073154	4.0	33.0
13	88816364	7.0	41.0
13	89109482	7.0	40.0
13	96100396	5.0	35.0
13	97266781	4.0	47.0
13	97874479	6.0	38.0
13	102704111	9.0	34.0
13	103984958	1.0	41.0
13	104122431	5.0	44.0
13	104651628	7.0	32.0
13	105897722	7.0	45.0
13	105934747	6.0	33.0
13	106547692	7.0	36.0
13	107071618	9.0	44.0
13	108845697	8.0	42.0
13	110092433	8.0	27.0
13	110850598	7.0	45.0
13	112043377	5.0	28.0
13	112209496	8.0	51.0
13	114952142	11.0	26.0
14	20291308	11.0	44.0
14	22328855	8.0	41.0
14	24032425	6.0	27.0
14	24928693	6.0	19.0
14	25170165	13.0	32.0
14	25871350	8.0	22.0
14	26235704	8.0	26.0
14	27365853	15.0	25.0
14	28344632	10.0	44.0
14	30626171	3.0	21.0
14	33807597	17.0	24.0
14	34254023	9.0	18.0
14	34542566	9.0	26.0
14	38456550	7.0	29.0
14	38727499	6.0	24.0
14	40257724	13.0	30.0
14	44769395	9.0	44.0
14	46103210	14.0	34.0
14	47003058	9.0	38.0
14	47109251	10.0	26.0
14	47434378	6.0	21.0
14	51534991	8.0	33.0
14	58354204	13.0	29.0
14	60528660	9.0	29.0
14	60646704	3.0	35.0
14	62171788	8.0	25.0
14	62227954	11.0	21.0
14	63995099	11.0	25.0
14	64315503	11.0	33.0
14	66691848	6.0	17.0
14	67964352	3.0	29.0
14	69839493	6.0	27.0
14	70699209	12.0	37.0
14	80280553	11.0	36.0
14	82351845	6.0	29.0
14	85715124	9.0	23.0
14	86594013	12.0	35.0
14	92364616	4.0	18.0
14	93023931	3.0	18.0
14	93179259	7.0	15.0
14	93229571	6.0	22.0
14	94693476	6.0	22.0
14	96132773	5.0	21.0
14	96300027	7.0	25.0
14	98843278	10.0	23.0
15	20444455	12.0	49.0
15	20481907	6.0	86.0
15	20609815	11.0	125.0
15	22334568	5.0	56.0
15	24865783	8.0	27.0
15	24955171	8.0	38.0
15	28980521	12.0	24.0
15	29006572	6.0	40.0
15	33949955	5.0	35.0
15	34883703	7.0	27.0
15	35343369	12.0	20.0
15	36178855	8.0	22.0
15	36304611	11.0	24.0
15	36690871	8.0	25.0
15	40244804	6.0	39.0
15	43422010	4.0	25.0
15	46509426	6.0	36.0
15	47559678	7.0	39.0
15	48418464	10.0	28.0
15	48426710	5.0	31.0
15	49659142	7.0	27.0
15	50964907	4.0	23.0
15	51440980	5.0	31.0
15	53936730	9.0	33.0
15	55005210	4.0	20.0
15	56243393	7.0	30.0
15	56631553	14.0	11.0
15	56932393	9.0	25.0
15	58746212	11.0	22.0
15	61426479	7.0	23.0
15	61877020	11.0	35.0
15	61899488	5.0	19.0
15	63408029	10.0	28.0
15	63575134	16.0	31.0
15	66040673	10.0	36.0
15	67408997	7.0	22.0
15	68650382	7.0	23.0
15	74080456	6.0	30.0
15	75259517	6.0	19.0
15	79893870	9.0	23.0
15	81984226	7.0	14.0
15	88051150	10.0	21.0
15	88801391	5.0	30.0
15	89311898	6.0	27.0
15	89618802	7.0	32.0
15	92326690	17.0	16.0
15	94103467	4.0	18.0
15	96344461	12.0	36.0
15	97235619	14.0	25.0
15	99161331	5.0	6.0
15	100523345	7.0	17.0
16	10007188	9.0	40.0
16	10825882	6.0	17.0
16	10914297	2.0	9.0
16	13333762	9.0	20.0
16	14350523	5.0	24.0
16	17038086	8.0	34.0
16	20931140	8.0	28.0
16	23276231	5.0	31.0
16	24272197	3.0	28.0
16	24291734	11.0	26.0
16	25047278	6.0	34.0
16	26077993	9.0	18.0
16	26781367	15.0	32.0
16	29773799	5.0	14.0
16	30084127	8.0	23.0
16	31707826	9.0	27.0
16	32529895	12.0	113.0
16	33347142	8.0	43.0
16	34408775	4.0	31.0
16	34583467	11.0	32.0
16	34603088	15.0	25.0
16	34608411	12.0	31.0
16	35115261	12.0	42.0
16	35128630	7.0	18.0
16	50029065	6.0	23.0
16	50774037	9.0	27.0
16	51715133	11.0	22.0
16	54323852	4.0	32.0
16	54329912	7.0	12.0
16	55639343	5.0	26.0
16	55887613	5.0	27.0
16	57369829	13.0	24.0
16	57572095	11.0	29.0
16	59936926	14.0	35.0
16	61350339	8.0	22.0
16	61801545	9.0	30.0
16	62367120	9.0	34.0
16	62566025	17.0	28.0
16	64227881	8.0	27.0
16	67220629	5.0	20.0
16	67240276	9.0	24.0
16	68386164	3.0	11.0
16	69507280	4.0	28.0
16	75774735	7.0	22.0
16	76672185	13.0	37.0
16	78276724	5.0	24.0
16	79231071	5.0	37.0
16	79511499	10.0	34.0
16	80486762	4.0	33.0
16	81895365	11.0	15.0
16	82979374	10.0	30.0
16	84977859	3.0	24.0
16	86059894	4.0	17.0
16	86260938	9.0	20.0
16	86782760	7.0	20.0
17	1215052	10.0	35.0
17	7868848	15.0	42.0
17	7915474	9.0	16.0
17	9839443	3.0	32.0
17	10345550	12.0	36.0
17	10967778	8.0	28.0
17	15081760	8.0	42.0
17	16193692	7.0	34.0
17	27633615	7.0	30.0
17	30496196	22.0	39.0
17	31955955	11.0	26.0
17	33144043	3.0	34.0
17	33911946	7.0	39.0
17	35740596	9.0	39.0
17	36843284	8.0	27.0
17	39665073	7.0	27.0
17	39868611	10.0	16.0
17	42808136	9.0	48.0
17	44025044	5.0	27.0
17	45345560	11.0	34.0
17	50320878	8.0	42.0
17	51218499	10.0	43.0
17	51908106	13.0	36.0
17	52111739	6.0	40.0
17	59720465	12.0	46.0
17	63973015	4.0	35.0
17	68745434	8.0	36.0
17	70858277	6.0	40.0
17	72811699	7.0	35.0
17	73326828	4.0	44.0
17	74005291	5.0	30.0
17	76996608	5.0	25.0
17	78917922	7.0	31.0
17	80951071	8.0	55.0
18	2647183	9.0	30.0
18	4174941	7.0	20.0
18	4786963	13.0	35.0
18	5768883	4.0	37.0
18	5783540	8.0	23.0
18	7216687	16.0	42.0
18	8503544	3.0	32.0
18	9382715	5.0	18.0
18	10844731	5.0	17.0
18	12638916	8.0	36.0
18	18806921	8.0	21.0
18	18958615	6.0	30.0
18	21955486	9.0	40.0
18	22686010	3.0	34.0
18	23028315	11.0	25.0
18	24157896	10.0	27.0
18	25429876	13.0	43.0
18	27488990	10.0	42.0
18	28600530	6.0	51.0
18	29113383	22.0	18.0
18	30213817	8.0	37.0
18	30691184	23.0	39.0
18	36392539	11.0	44.0
18	37624687	7.0	39.0
18	37855046	10.0	41.0
18	41462811	11.0	32.0
18	43693618	5.0	58.0
18	44065085	5.0	26.0
18	46612497	11.0	44.0
18	48969914	28.0	18.0
18	49008324	9.0	43.0
18	50620321	8.0	41.0
18	53656516	10.0	45.0
18	54478662	30.0	21.0
18	58309317	13.0	45.0
18	58847237	11.0	38.0
18	58935838	14.0	35.0
18	59232580	5.0	48.0
18	59785340	4.0	52.0
18	62506569	4.0	53.0
18	62511614	7.0	41.0
18	64369346	11.0	37.0
18	72018223	4.0	43.0
18	72028521	6.0	19.0
18	72457570	8.0	42.0
18	73052162	22.0	37.0
18	73868177	5.0	35.0
18	75260683	8.0	40.0
19	739163	3.0	20.0
19	5103275	4.0	16.0
19	6322190	7.0	33.0
19	6783592	6.0	24.0
19	8130467	14.0	9.0
19	9298870	9.0	35.0
19	10202669	4.0	24.0
19	11853346	11.0	31.0
19	13676120	9.0	29.0
19	15337320	8.0	23.0
19	15858662	8.0	20.0
19	19634380	8.0	18.0
19	20418662	9.0	31.0
19	22711583	8.0	30.0
19	23221836	5.0	24.0
19	23705030	12.0	24.0
19	23705122	6.0	31.0
19	24207842	14.0	31.0
19	28192698	13.0	20.0
19	29434956	9.0	24.0
19	29530932	4.0	31.0
19	30478813	4.0	16.0
19	43772288	4.0	17.0
19	46515122	4.0	21.0
19	48063402	13.0	28.0
19	48761413	12.0	30.0
19	50065482	11.0	27.0
19	51698936	12.0	27.0
19	51945121	5.0	29.0
19	52265378	5.0	13.0
19	52363830	7.0	35.0
19	54888894	6.0	30.0
19	55571226	11.0	24.0
19	55798936	5.0	19.0
19	56525048	8.0	17.0
19	57860284	6.0	34.0
19	58751281	3.0	13.0
2	854128	2.0	31.0
2	6518415	12.0	26.0
2	8544310	6.0	20.0
2	9169829	5.0	29.0
2	9896777	6.0	33.0
2	10747956	6.0	24.0
2	13200701	12.0	35.0
2	14370212	11.0	37.0
2	16425589	7.0	32.0
2	20359735	9.0	38.0
2	21042882	10.0	28.0
2	25196188	5.0	32.0
2	25794320	9.0	40.0
2	28783794	14.0	27.0
2	29197488	6.0	11.0
2	32819255	13.0	29.0
2	32988624	4.0	39.0
2	33987520	14.0	35.0
2	34419997	11.0	30.0
2	34742235	15.0	37.0
2	34754486	8.0	25.0
2	34925730	9.0	31.0
2	37022513	11.0	19.0
2	37197782	9.0	17.0
2	46024129	4.0	35.0
2	46151567	9.0	28.0
2	49076395	8.0	31.0
2	49967722	10.0	27.0
2	51693373	12.0	31.0
2	53316416	12.0	38.0
2	56014825	13.0	39.0
2	56039170	5.0	27.0
2	56778717	11.0	33.0
2	61046401	8.0	20.0
2	61613797	12.0	22.0
2	61838174	14.0	44.0
2	63134207	5.0	40.0
2	65759307	15.0	20.0
2	66932598	7.0	23.0
2	69854266	9.0	18.0
2	71877247	3.0	36.0
2	73305434	6.0	18.0
2	74570242	29.0	7.0
2	74909393	26.0	6.0
2	77730452	15.0	26.0
2	78670378	10.0	32.0
2	80147896	12.0	36.0
2	80252529	8.0	21.0
2	80533997	9.0	16.0
2	80888684	15.0	28.0
2	81279822	9.0	21.0
2	82988765	12.0	32.0
2	83810114	11.0	24.0
2	85915376	15.0	42.0
2	85929538	7.0	32.0
2	88608403	10.0	24.0
2	89888419	23.0	61.0
2	95452789	6.0	17.0
2	96314638	4.0	18.0
2	96688164	6.0	20.0
2	101244367	8.0	18.0
2	101365836	3.0	8.0
2	103111115	11.0	26.0
2	104037382	7.0	22.0
2	106558972	5.0	29.0
2	106770865	10.0	32.0
2	109075499	4.0	48.0
2	112255366	5.0	24.0
2	112438007	7.0	20.0
2	115660286	11.0	33.0
2	116186244	12.0	33.0
2	116468381	17.0	39.0
2	117298859	12.0	26.0
2	120080610	13.0	15.0
2	120603033	7.0	25.0
2	126058110	15.0	39.0
2	127942550	7.0	26.0
2	128171952	27.0	7.0
2	129888070	9.0	28.0
2	130670488	7.0	20.0
2	132757579	8.0	26.0
2	133327827	5.0	27.0
2	133964140	12.0	34.0
2	134612128	10.0	40.0
2	134688654	17.0	15.0
2	139877346	7.0	21.0
2	140626106	11.0	22.0
2	140852602	14.0	37.0
2	142051566	10.0	30.0
2	143573151	11.0	28.0
2	145513424	11.0	28.0
2	148896693	6.0	27.0
2	149493098	15.0	32.0
2	149611811	4.0	39.0
2	154476040	11.0	31.0
2	155335156	3.0	29.0
2	157506329	18.0	20.0
2	160057720	5.0	21.0
2	164065673	13.0	16.0
2	164708548	9.0	17.0
2	167904046	13.0	17.0
2	168360264	9.0	24.0
2	169043116	11.0	17.0
2	171350786	10.0	21.0
2	173372220	4.0	17.0
2	181030688	9.0	24.0
2	191522982	4.0	31.0
2	192037669	11.0	16.0
2	192061868	12.0	19.0
2	195120003	9.0	20.0
2	199237490	8.0	19.0
2	200628497	13.0	17.0
2	201386058	5.0	23.0
2	201593026	11.0	13.0
2	201808738	9.0	27.0
2	205195003	5.0	15.0
2	213273061	3.0	15.0
2	214330454	3.0	17.0
2	214861279	7.0	14.0
2	218286828	18.0	23.0
2	222070954	13.0	19.0
2	224941838	5.0	11.0
2	226321434	13.0	14.0
2	227230506	7.0	22.0
2	230778709	12.0	17.0
2	231163422	9.0	18.0
2	237052909	7.0	16.0
2	240406349	12.0	18.0
2	240629787	10.0	12.0
2	241547833	11.0	15.0
2	242601174	4.0	25.0
20	2343186	7.0	13.0
20	2761077	11.0	22.0
20	3214704	4.0	11.0
20	4299679	5.0	20.0
20	8253591	13.0	19.0
20	8922281	12.0	21.0
20	9456651	6.0	22.0
20	13680885	9.0	12.0
20	14486594	10.0	18.0
20	14790271	10.0	25.0
20	16645614	12.0	22.0
20	19390717	13.0	7.0
20	22728460	11.0	18.0
20	24852202	15.0	10.0
20	24925377	13.0	19.0
20	29484150	8.0	28.0
20	34784824	6.0	29.0
20	35137522	20.0	15.0
20	37345048	6.0	21.0
20	38793842	6.0	27.0
20	40266705	10.0	24.0
20	40413700	18.0	18.0
20	40791142	12.0	29.0
20	40877386	8.0	22.0
20	41966423	6.0	26.0
20	42522195	4.0	32.0
20	44496969	13.0	27.0
20	45334154	10.0	42.0
20	45595901	9.0	16.0
20	49483428	6.0	22.0
20	49510165	7.0	16.0
20	53551673	7.0	20.0
20	53616845	7.0	31.0
20	55620325	7.0	9.0
20	57939510	12.0	22.0
20	58541884	10.0	30.0
20	60918975	8.0	19.0
20	62594820	7.0	13.0
21	10401795	10.0	149.0
21	10423813	10.0	116.0
21	10486758	10.0	151.0
21	10575773	10.0	101.0
21	10892417	10.0	117.0
21	17670839	12.0	23.0
21	19789868	9.0	32.0
21	21275874	12.0	25.0
21	23037894	5.0	54.0
21	23271108	4.0	42.0
21	23329333	8.0	32.0
21	23701128	5.0	35.0
21	27120398	5.0	33.0
21	27555247	9.0	28.0
21	27597677	11.0	32.0
21	34343591	6.0	13.0
21	35795655	10.0	21.0
21	36376540	7.0	38.0
21	39490120	6.0	30.0
21	40374462	6.0	30.0
21	42676783	10.0	22.0
21	44388962	5.0	29.0
21	44826140	9.0	42.0
21	48023103	7.0	17.0
21	48069565	6.0	28.0
22	16477970	8.0	13.0
22	17637656	5.0	24.0
22	20283942	5.0	13.0
22	20861006	9.0	29.0
22	22697835	5.0	29.0
22	23082014	14.0	35.0
22	24516314	9.0	31.0
22	25717018	4.0	39.0
22	27528831	13.0	30.0
22	33353118	10.0	22.0
22	34249919	8.0	30.0
22	36243413	8.0	39.0
22	36740271	5.0	24.0
22	38511710	3.0	27.0
22	39201296	9.0	33.0
22	41265202	11.0	41.0
22	43566479	8.0	29.0
22	47438935	2.0	27.0
22	47460563	5.0	33.0
22	49395245	6.0	31.0
22	50925201	4.0	34.0
22	50948958	6.0	20.0
3	1234807	6.0	30.0
3	1921380	4.0	19.0
3	2994195	17.0	27.0
3	3296423	5.0	21.0
3	5279964	3.0	26.0
3	6630113	10.0	34.0
3	17720882	5.0	32.0
3	19201049	6.0	27.0
3	20867379	5.0	30.0
3	23161681	10.0	43.0
3	25206071	13.0	20.0
3	26004160	11.0	15.0
3	27778184	13.0	34.0
3	28952907	11.0	33.0
3	33356542	9.0	44.0
3	34229577	9.0	43.0
3	35960343	10.0	28.0
3	37366489	15.0	24.0
3	39754325	7.0	25.0
3	41202714	10.0	30.0
3	42968864	3.0	24.0
3	43925718	6.0	16.0
3	45277273	10.0	28.0
3	50134561	5.0	28.0
3	50201724	6.0	13.0
3	50861714	9.0	22.0
3	51765852	9.0	19.0
3	51841485	3.0	38.0
3	54213290	11.0	24.0
3	55132563	3.0	28.0
3	56916342	8.0	37.0
3	57371693	10.0	27.0
3	59436139	7.0	26.0
3	64101486	8.0	32.0
3	64799623	5.0	19.0
3	66877101	10.0	29.0
3	69183556	9.0	21.0
3	72634958	11.0	25.0
3	74590126	10.0	31.0
3	75014318	11.0	33.0
3	75700379	6.0	9.0
3	79469524	11.0	32.0
3	80311448	5.0	35.0
3	80617070	10.0	39.0
3	83981400	9.0	29.0
3	84432854	4.0	49.0
3	84913843	11.0	27.0
3	85336990	7.0	28.0
3	86423881	9.0	35.0
3	86522315	10.0	30.0
3	87679240	6.0	28.0
3	94102784	11.0	30.0
3	95584972	10.0	24.0
3	95816887	5.0	35.0
3	98289318	8.0	24.0
3	99268272	4.0	48.0
3	101706660	7.0	24.0
3	102180173	7.0	37.0
3	104975993	16.0	27.0
3	105245649	13.0	37.0
3	106949653	13.0	22.0
3	107868234	5.0	26.0
3	108946163	7.0	28.0
3	109380980	8.0	41.0
3	110046158	11.0	40.0
3	110648756	11.0	23.0
3	112640105	8.0	21.0
3	114858635	12.0	38.0
3	118756896	13.0	31.0
3	119302814	8.0	17.0
3	121028390	15.0	26.0
3	124614298	7.0	24.0
3	125075619	10.0	20.0
3	125709264	5.0	16.0
3	126470539	15.0	15.0
3	126680093	6.0	20.0
3	135992525	5.0	15.0
3	141665598	9.0	11.0
3	144130318	3.0	23.0
3	145243341	6.0	20.0
3	145322937	3.0	20.0
3	151304080	8.0	14.0
3	151877619	10.0	26.0
3	155076921	7.0	22.0
3	155163332	8.0	16.0
3	158912856	4.0	12.0
3	159081310	10.0	13.0
3	159292971	8.0	15.0
3	160887395	15.0	18.0
3	161369019	14.0	19.0
3	162109315	8.0	18.0
3	164356375	7.0	17.0
3	166833584	6.0	17.0
3	167071930	8.0	21.0
3	168799899	13.0	13.0
3	171440419	4.0	29.0
3	172553947	17.0	18.0
3	174724659	14.0	24.0
3	176215402	4.0	18.0
3	179268027	9.0	16.0
3	179922209	10.0	23.0
3	183646826	6.0	15.0
3	184391136	3.0	11.0
3	185567449	9.0	10.0
3	189500101	7.0	14.0
3	189723250	4.0	32.0
3	193626675	10.0	18.0
3	195243196	9.0	24.0
4	2777234	4.0	27.0
4	9706159	8.0	24.0
4	10362445	5.0	23.0
4	12266413	5.0	32.0
4	14252587	3.0	35.0
4	16226615	10.0	25.0
4	16999195	10.0	33.0
4	17933239	7.0	33.0
4	20625043	8.0	34.0
4	26163380	11.0	29.0
4	26372713	10.0	19.0
4	26597588	13.0	17.0
4	28273818	12.0	26.0
4	29258601	13.0	33.0
4	32864419	9.0	41.0
4	33436504	15.0	27.0
4	33769541	11.0	42.0
4	36842269	15.0	38.0
4	38262234	11.0	25.0
4	38920355	8.0	19.0
4	39631228	5.0	22.0
4	42908220	11.0	24.0
4	42908224	13.0	27.0
4	45347925	14.0	24.0
4	46249565	12.0	30.0
4	48726162	10.0	27.0
4	53191791	4.0	22.0
4	55561327	11.0	32.0
4	56428601	6.0	23.0
4	60240912	8.0	25.0
4	62570137	9.0	28.0
4	62965392	9.0	31.0
4	63105414	21.0	14.0
4	66612697	4.0	28.0
4	68429003	4.0	27.0
4	69830591	14.0	26.0
4	70979227	10.0	31.0
4	71972868	7.0	35.0
4	72587698	8.0	25.0
4	74597306	7.0	19.0
4	74850115	11.0	26.0
4	75653874	15.0	28.0
4	76543224	8.0	21.0
4	76548165	11.0	29.0
4	78887418	4.0	31.0
4	84341420	10.0	19.0
4	85513402	4.0	29.0
4	86539245	9.0	35.0
4	89094708	8.0	24.0
4	90528434	4.0	43.0
4	98759688	6.0	29.0
4	102275960	10.0	36.0
4	104353218	6.0	25.0
4	105057018	12.0	36.0
4	105544406	9.0	26.0
4	107188533	5.0	35.0
4	109235761	15.0	28.0
4	113913443	7.0	14.0
4	114518871	5.0	22.0
4	115014257	14.0	38.0
4	116048146	13.0	32.0
4	116172458	9.0	31.0
4	116320452	13.0	25.0
4	117662949	10.0	40.0
4	127919038	14.0	27.0
4	130288935	10.0	41.0
4	132583938	12.0	35.0
4	133685218	3.0	26.0
4	133957682	8.0	33.0
4	135687412	11.0	26.0
4	142907323	3.0	37.0
4	143530633	11.0	36.0
4	149216808	16.0	32.0
4	156309358	4.0	25.0
4	158678886	5.0	30.0
4	160421141	13.0	31.0
4	161025581	13.0	34.0
4	161806991	7.0	30.0
4	162525253	11.0	39.0
4	163013823	6.0	24.0
4	163025531	10.0	17.0
4	163799382	4.0	31.0
4	164026527	6.0	25.0
4	164659197	9.0	28.0
4	165126449	11.0	35.0
4	166839848	4.0	27.0
4	168755321	16.0	15.0
4	171893219	2.0	35.0
4	172859262	5.0	29.0
4	173387139	11.0	36.0
4	173753123	11.0	28.0
4	174764382	6.0	36.0
4	176053855	8.0	33.0
4	176068195	5.0	27.0
4	176201748	9.0	32.0
4	177667597	14.0	35.0
4	178222099	11.0	29.0
4	178488787	10.0	25.0
4	180233497	7.0	25.0
4	180770147	3.0	30.0
4	182744383	14.0	24.0
4	186871151	2.0	14.0
4	189567639	10.0	29.0
4	189751382	8.0	31.0
5	345696	4.0	9.0
5	704997	7.0	17.0
5	2154240	4.0	13.0
5	3342560	3.0	18.0
5	3818974	9.0	18.0
5	4034088	9.0	18.0
5	4646774	12.0	24.0
5	12941584	4.0	20.0
5	15583880	10.0	17.0
5	16025895	8.0	17.0
5	20906584	7.0	8.0
5	24746326	4.0	24.0
5	24767745	10.0	25.0
5	27178447	7.0	19.0
5	29491317	5.0	19.0
5	32193145	9.0	15.0
5	32254382	9.0	26.0
5	33147583	13.0	21.0
5	35693926	7.0	38.0
5	37698887	4.0	18.0
5	39280876	9.0	28.0
5	40274477	5.0	29.0
5	40389548	11.0	22.0
5	40597806	8.0	21.0
5	40866189	7.0	36.0
5	42709756	9.0	33.0
5	43019324	15.0	30.0
5	44607136	9.0	36.0
5	44737302	16.0	21.0
5	46144325	7.0	36.0
5	46330899	10.0	40.0
5	49446352	15.0	29.0
5	50084172	12.0	23.0
5	50355170	7.0	30.0
5	52633800	4.0	24.0
5	55392934	9.0	21.0
5	55563784	3.0	34.0
5	56618553	8.0	28.0
5	56739927	13.0	26.0
5	57144919	11.0	36.0
5	62354517	13.0	19.0
5	62488980	4.0	29.0
5	68354895	9.0	35.0
5	73711465	21.0	12.0
5	75097101	10.0	36.0
5	75937466	5.0	30.0
5	76795416	8.0	37.0
5	77104730	9.0	35.0
5	77849797	11.0	26.0
5	79764448	12.0	47.0
5	81706482	7.0	28.0
5	85194803	6.0	29.0
5	85468680	15.0	20.0
5	87895566	7.0	25.0
5	89088268	21.0	34.0
5	89829805	3.0	33.0
5	90604109	15.0	26.0
5	92665745	8.0	23.0
5	92732332	4.0	21.0
5	92940757	12.0	31.0
5	94493899	4.0	41.0
5	95542720	11.0	34.0
5	96127398	8.0	32.0
5	99854613	13.0	31.0
5	100832407	12.0	35.0
5	100836550	9.0	29.0
5	101850755	4.0	33.0
5	102757774	10.0	22.0
5	109651287	7.0	26.0
5	111836195	7.0	21.0
5	116300303	7.0	34.0
5	118793426	8.0	37.0
5	119940574	7.0	34.0
5	120618778	8.0	30.0
5	120683561	11.0	46.0
5	121234876	15.0	36.0
5	121695392	9.0	41.0
5	121859892	9.0	32.0
5	122927006	12.0	39.0
5	124293068	10.0	34.0
5	128644049	8.0	27.0
5	130349081	21.0	21.0
5	131262192	9.0	33.0
5	132045951	11.0	30.0
5	133680277	6.0	30.0
5	135948490	6.0	37.0
5	141412887	10.0	25.0
5	142135113	5.0	22.0
5	142993921	5.0	28.0
5	147202934	4.0	23.0
5	149477139	9.0	24.0
5	154830802	12.0	17.0
5	155290706	7.0	23.0
5	157273528	4.0	28.0
5	158048250	12.0	14.0
5	159062334	3.0	24.0
5	160236404	17.0	13.0
5	160252816	13.0	9.0
5	160545588	9.0	4.0
5	161044096	4.0	17.0
5	162629361	6.0	13.0
5	166986904	4.0	19.0
5	170263313	5.0	13.0
5	176597465	2.0	5.0
5	177517642	4.0	7.0
5	179893440	16.0	9.0
6	607242	8.0	31.0
6	2742064	9.0	37.0
6	3205951	6.0	28.0
6	13567201	11.0	29.0
6	17579543	7.0	27.0
6	18630711	11.0	26.0
6	18821154	16.0	28.0
6	20874920	10.0	28.0
6	22773164	6.0	29.0
6	24183366	7.0	25.0
6	24696675	12.0	33.0
6	27186873	7.0	23.0
6	27450801	10.0	33.0
6	32223150	4.0	13.0
6	33571865	8.0	22.0
6	34121385	3.0	16.0
6	34954424	5.0	24.0
6	42916151	7.0	29.0
6	45662241	8.0	33.0
6	48009562	5.0	34.0
6	53073781	6.0	15.0
6	53869318	8.0	33.0
6	54740804	11.0	27.0
6	58339708	5.0	16.0
6	65293231	4.0	35.0
6	66668035	7.0	30.0
6	67184987	13.0	31.0
6	70350014	10.0	24.0
6	71580311	10.0	42.0
6	71879601	8.0	30.0
6	73047843	10.0	29.0
6	73638641	14.0	21.0
6	75322783	7.0	31.0
6	75335627	7.0	23.0
6	77647163	15.0	39.0
6	77822140	10.0	37.0
6	79209282	8.0	26.0
6	80791030	6.0	23.0
6	81955945	12.0	31.0
6	82492186	8.0	25.0
6	83786566	5.0	25.0
6	85169550	10.0	41.0
6	87690091	5.0	16.0
6	87776285	8.0	27.0
6	87985695	4.0	53.0
6	90030333	7.0	39.0
6	91653649	5.0	40.0
6	92295835	7.0	40.0
6	92996835	24.0	30.0
6	93538023	9.0	27.0
6	93878224	8.0	42.0
6	104125102	7.0	40.0
6	111980202	6.0	36.0
6	112245098	8.0	31.0
6	113330486	6.0	48.0
6	114914697	24.0	26.0
6	115032185	11.0	42.0
6	118066290	4.0	49.0
6	119758730	9.0	28.0
6	121769383	6.0	44.0
6	121842854	5.0	24.0
6	121958620	19.0	39.0
6	122714787	7.0	60.0
6	124549672	28.0	32.0
6	124652095	16.0	30.0
6	124902311	12.0	32.0
6	126487942	12.0	39.0
6	128338429	20.0	58.0
6	128914420	5.0	46.0
6	132933107	10.0	54.0
6	133117618	4.0	25.0
6	135320020	19.0	58.0
6	136371970	8.0	47.0
6	138241271	6.0	43.0
6	140380881	11.0	50.0
6	141423935	21.0	41.0
6	142392099	4.0	32.0
6	145083106	10.0	51.0
6	145478332	6.0	43.0
6	145791914	20.0	64.0
6	145924528	13.0	43.0
6	148622191	18.0	29.0
6	149445742	8.0	48.0
6	149694186	18.0	70.0
6	150374813	13.0	23.0
6	150959728	13.0	48.0
6	152304857	19.0	29.0
6	154115564	2.0	51.0
6	154939705	5.0	43.0
6	155131818	11.0	62.0
6	156126519	19.0	31.0
6	156190587	25.0	49.0
6	156361863	23.0	39.0
6	160450775	5.0	48.0
6	161031467	11.0	48.0
6	161088703	9.0	39.0
6	162777012	12.0	58.0
6	162974696	4.0	37.0
6	164550714	14.0	45.0
6	166156364	10.0	25.0
6	167865602	21.0	54.0
6	169168550	25.0	39.0
7	4091921	9.0	27.0
7	4534186	9.0	51.0
7	7814097	9.0	50.0
7	11705300	18.0	41.0
7	14625212	9.0	70.0
7	14853681	8.0	61.0
7	19197078	14.0	33.0
7	19953811	6.0	53.0
7	20618293	7.0	54.0
7	21249782	10.0	44.0
7	21996071	8.0	34.0
7	22273683	7.0	38.0
7	22643324	16.0	33.0
7	29272265	9.0	42.0
7	29420676	18.0	33.0
7	30363849	12.0	39.0
7	31989323	11.0	65.0
7	32177534	9.0	54.0
7	32812833	10.0	56.0
7	34779590	8.0	39.0
7	35295650	5.0	47.0
7	35307277	8.0	46.0
7	36314861	10.0	60.0
7	39077279	7.0	54.0
7	40578602	7.0	34.0
7	41156624	14.0	68.0
7	45125366	6.0	34.0
7	48143224	6.0	42.0
7	52206266	6.0	44.0
7	53062786	16.0	67.0
7	54562064	6.0	52.0
7	54844249	9.0	34.0
7	54994351	15.0	44.0
7	55615469	7.0	18.0
7	56240143	8.0	48.0
7	56396950	9.0	42.0
7	56432099	5.0	22.0
7	56531088	10.0	45.0
7	57489515	11.0	50.0
7	57754601	5.0	80.0
7	61987089	6.0	47.0
7	62224424	13.0	52.0
7	62834274	10.0	55.0
7	63016164	7.0	57.0
7	63493469	9.0	48.0
7	63511664	9.0	63.0
7	66078749	10.0	25.0
7	67480472	10.0	43.0
7	69024733	12.0	57.0
7	70197158	10.0	58.0
7	71673060	11.0	47.0
7	73700520	3.0	37.0
7	77127680	12.0	49.0
7	77552018	14.0	57.0
7	80758721	8.0	35.0
7	82267804	19.0	34.0
7	83539181	10.0	53.0
7	85245888	12.0	51.0
7	87365211	13.0	59.0
7	87892033	30.0	24.0
7	88374656	15.0	50.0
7	93786811	5.0	47.0
7	96983717	10.0	57.0
7	98393779	8.0	36.0
7	99574040	9.0	29.0
7	100468681	4.0	45.0
7	103231966	13.0	56.0
7	104213773	8.0	31.0
7	106868140	6.0	46.0
7	107816463	11.0	45.0
7	108972598	6.0	47.0
7	109356195	16.0	49.0
7	109816451	11.0	53.0
7	109945263	10.0	51.0
7	112026392	12.0	48.0
7	115960991	3.0	39.0
7	116875977	13.0	61.0
7	121020081	7.0	44.0
7	121810950	11.0	52.0
7	121932206	15.0	63.0
7	127062152	10.0	41.0
7	128001964	4.0	15.0
7	131270062	10.0	18.0
7	131804954	9.0	38.0
7	132422508	10.0	29.0
7	135221108	6.0	64.0
7	138728507	7.0	56.0
7	139954056	10.0	44.0
7	140414830	6.0	45.0
7	141703418	8.0	53.0
7	142132905	9.0	43.0
7	142546846	12.0	47.0
7	143784064	9.0	51.0
7	144854152	11.0	39.0
7	147545838	7.0	32.0
7	147708095	6.0	34.0
7	150198834	7.0	42.0
7	150327336	8.0	31.0
7	152669215	9.0	28.0
7	152682294	4.0	41.0
7	153812434	7.0	41.0
7	155815772	8.0	23.0
7	155944568	10.0	41.0
7	157162102	5.0	43.0
7	157234772	5.0	6.0
7	157234783	4.0	7.0
7	157550550	9.0	22.0
7	158607198	8.0	38.0
8	1005657	8.0	18.0
8	2076025	3.0	18.0
8	4399846	14.0	18.0
8	9835606	10.0	16.0
8	10709617	6.0	8.0
8	11438457	6.0	14.0
8	11631127	9.0	17.0
8	14065612	11.0	26.0
8	14243943	5.0	34.0
8	15030127	5.0	16.0
8	16872531	5.0	11.0
8	17355457	8.0	19.0
8	18109726	13.0	20.0
8	18491957	10.0	19.0
8	18925526	4.0	17.0
8	20583120	5.0	18.0
8	20853300	13.0	22.0
8	23811690	10.0	20.0
8	28148715	9.0	20.0
8	28442355	13.0	19.0
8	29961789	7.0	22.0
8	30220059	9.0	15.0
8	36450633	14.0	21.0
8	36866575	10.0	25.0
8	39610560	7.0	17.0
8	40242679	12.0	18.0
8	43418396	11.0	12.0
8	43531119	11.0	19.0
8	50608002	5.0	22.0
8	53583792	13.0	16.0
8	54821058	4.0	13.0
8	57250261	9.0	26.0
8	58252198	10.0	15.0
8	58859192	11.0	20.0
8	64681348	9.0	23.0
8	74868119	15.0	28.0
8	83868909	3.0	33.0
8	84871365	5.0	33.0
8	90406122	10.0	16.0
8	95160313	11.0	15.0
8	101221170	7.0	12.0
8	103160253	15.0	23.0
8	107853490	4.0	16.0
8	110804670	8.0	17.0
8	111932005	13.0	16.0
8	112146981	6.0	14.0
8	114510769	9.0	16.0
8	115700534	16.0	15.0
8	123111064	8.0	21.0
8	127181374	9.0	12.0
8	129070186	12.0	16.0
8	129931930	9.0	19.0
8	130220256	6.0	22.0
8	133910676	9.0	14.0
8	134178033	13.0	7.0
8	135716833	8.0	21.0
8	137232007	14.0	22.0
8	137702573	3.0	19.0
8	141360498	8.0	12.0
8	142859545	5.0	13.0
9	2195859	10.0	40.0
9	2646505	10.0	29.0
9	3578454	10.0	43.0
9	3731334	11.0	30.0
9	5577601	11.0	33.0
9	6065321	7.0	43.0
9	6383082	10.0	40.0
9	10039691	5.0	58.0
9	10845922	7.0	28.0
9	11508559	9.0	52.0
9	14607394	12.0	33.0
9	15551035	8.0	48.0
9	21287805	10.0	46.0
9	23509178	11.0	31.0
9	23974226	7.0	39.0
9	25226561	8.0	39.0
9	28743339	7.0	22.0
9	28860115	10.0	53.0
9	30883508	12.0	37.0
9	31819453	7.0	26.0
9	32951584	6.0	26.0
9	33934062	9.0	34.0
9	37292189	7.0	38.0
9	37769238	5.0	26.0
9	38727024	5.0	32.0
9	69810729	10.0	91.0
9	73841459	12.0	55.0
9	76011155	13.0	39.0
9	77251137	4.0	44.0
9	78224155	10.0	44.0
9	78799404	34.0	16.0
9	79172251	16.0	31.0
9	85558315	8.0	47.0
9	86343475	12.0	52.0
9	87278375	11.0	47.0
9	87365601	6.0	35.0
9	90337224	6.0	26.0
9	90622970	7.0	34.0
9	91808143	6.0	47.0
9	93405959	11.0	37.0
9	93528943	9.0	30.0
9	94000317	9.0	33.0
9	94445651	19.0	24.0
9	94738192	6.0	32.0
9	99144047	6.0	38.0
9	100020750	10.0	38.0
9	100824970	13.0	42.0
9	102014083	6.0	28.0
9	105392974	11.0	32.0
9	106116180	11.0	49.0
9	107816663	11.0	22.0
9	114515976	7.0	42.0
9	115534510	14.0	23.0
9	118465589	13.0	54.0
9	121851461	9.0	21.0
9	122150797	12.0	48.0
9	123164274	6.0	23.0
9	123293687	4.0	28.0
9	125365160	5.0	39.0
9	127783022	19.0	45.0
9	128874241	6.0	33.0
9	129262424	3.0	16.0
9	129581044	10.0	32.0
9	130640023	4.0	13.0
9	130841608	10.0	32.0
9	131956917	6.0	29.0
9	134246666	6.0	29.0
9	136140454	9.0	36.0
9	138184882	7.0	26.0
9	138532392	6.0	33.0
X	658953	6.0	32.0
X	780650	7.0	19.0
X	4043356	10.0	5.0
X	4490284	9.0	9.0
X	5344328	3.0	18.0
X	6426016	14.0	9.0
X	12688613	10.0	8.0
X	13121959	9.0	15.0
X	23994679	8.0	7.0
X	24049189	14.0	15.0
X	29830682	8.0	14.0
X	31681067	9.0	12.0
X	33165552	3.0	16.0
X	33899990	6.0	5.0
X	33969923	11.0	18.0
X	34949135	8.0	9.0
X	38038271	9.0	5.0
X	38785347	12.0	15.0
X	53744326	9.0	5.0
X	55808118	3.0	16.0
X	56732058	7.0	6.0
X	58486112	14.0	8.0
X	58502167	16.0	12.0
X	61791940	12.0	9.0
X	64004671	10.0	9.0
X	69873407	4.0	30.0
X	73737322	14.0	7.0
X	76188205	8.0	9.0
X	77731101	15.0	12.0
X	78845018	17.0	8.0
X	79373114	6.0	6.0
X	82611714	12.0	16.0
X	84062467	10.0	9.0
X	84416118	11.0	14.0
X	84626212	5.0	7.0
X	86246172	9.0	7.0
X	86314926	6.0	15.0
X	87617150	3.0	17.0
X	87899996	14.0	4.0
X	94687562	15.0	10.0
X	94880329	12.0	9.0
X	99477289	10.0	13.0
X	102410318	10.0	7.0
X	102767400	7.0	11.0
X	103069285	15.0	9.0
X	105472407	10.0	9.0
X	112910301	10.0	11.0
X	113130477	3.0	12.0
X	120411125	15.0	14.0
X	128220766	9.0	7.0
X	139922843	4.0	13.0
X	142685913	13.0	4.0
X	143398148	15.0	12.0
X	146488603	7.0	13.0
X	153893403	7.0	5.0
Y	2932927	8.0	31.0
Y	5222591	6.0	10.0
Y	13408110	12.0	6.0
Y	13531509	10.0	8.0
Y	14427465	8.0	9.0
Y	16581861	11.0	5.0
Y	17903039	6.0	6.0
Y	18638334	11.0	5.0
Y	18749731	14.0	5.0
Y	21960448	5.0	14.0
Y	21997836	14.0	11.0
Y	23895151	4.0	26.0
