chromosome_index	position	alt_count	ref_count
1	7022876	9.0	12.0
1	10789187	3.0	23.0
1	14840575	3.0	23.0
1	25518801	4.0	46.0
1	27186745	6.0	27.0
1	29182060	10.0	32.0
1	30033213	17.0	47.0
1	30359285	7.0	44.0
1	31724133	11.0	34.0
1	31948683	11.0	44.0
1	34973135	5.0	43.0
1	35632417	3.0	26.0
1	39713289	11.0	40.0
1	40434201	4.0	71.0
1	43346172	4.0	36.0
1	49807410	7.0	38.0
1	51700610	5.0	43.0
1	53792878	15.0	42.0
1	53976749	8.0	51.0
1	57767355	5.0	53.0
1	58751101	9.0	49.0
1	60662290	5.0	32.0
1	63378714	8.0	43.0
1	64574017	5.0	34.0
1	66742594	10.0	54.0
1	70560031	5.0	35.0
1	71710756	7.0	52.0
1	72041722	4.0	36.0
1	73512620	4.0	49.0
1	74848121	6.0	50.0
1	77184745	6.0	37.0
1	77184773	5.0	34.0
1	84211678	14.0	41.0
1	84795767	4.0	38.0
1	84918754	5.0	41.0
1	88298437	8.0	23.0
1	89187220	10.0	34.0
1	90466102	6.0	42.0
1	90648510	5.0	46.0
1	92183158	7.0	37.0
1	94547507	5.0	69.0
1	96808274	8.0	44.0
1	99341695	4.0	42.0
1	99616648	8.0	46.0
1	101235912	4.0	41.0
1	105071045	5.0	41.0
1	105137921	4.0	36.0
1	105687877	12.0	44.0
1	106405453	5.0	38.0
1	110329293	5.0	49.0
1	116445328	10.0	48.0
1	116452010	3.0	38.0
1	148571311	8.0	65.0
1	151288639	4.0	36.0
1	151408392	5.0	43.0
1	151825970	14.0	43.0
1	157797926	4.0	52.0
1	158604187	9.0	41.0
1	160529622	17.0	47.0
1	160639851	4.0	38.0
1	160844072	3.0	43.0
1	166119150	9.0	31.0
1	166552981	15.0	43.0
1	166610161	6.0	56.0
1	166773629	8.0	49.0
1	169029415	8.0	45.0
1	170146773	3.0	40.0
1	172106218	4.0	60.0
1	172464971	6.0	47.0
1	172703999	26.0	41.0
1	172742747	7.0	53.0
1	175095533	9.0	30.0
1	175402889	4.0	48.0
1	175738016	6.0	47.0
1	177883292	7.0	41.0
1	177993345	8.0	36.0
1	178817788	14.0	45.0
1	181269001	7.0	55.0
1	181554580	3.0	38.0
1	182185793	17.0	54.0
1	183450876	3.0	43.0
1	183516765	9.0	48.0
1	184925847	16.0	37.0
1	186195779	2.0	36.0
1	189292065	5.0	46.0
1	190787425	7.0	52.0
1	191222681	8.0	53.0
1	194488917	4.0	45.0
1	194650091	4.0	42.0
1	195426684	4.0	55.0
1	195480124	4.0	32.0
1	197151849	6.0	49.0
1	198211585	7.0	26.0
1	199048135	4.0	55.0
1	200379005	4.0	46.0
1	202849952	6.0	34.0
1	207099138	13.0	44.0
1	211139977	5.0	53.0
1	216649886	13.0	48.0
1	216855381	4.0	60.0
1	218730150	7.0	48.0
1	218927495	10.0	49.0
1	221421954	20.0	29.0
1	223152520	4.0	27.0
1	223461332	4.0	33.0
1	224851496	5.0	54.0
1	225097624	4.0	54.0
1	227128511	4.0	42.0
1	227128512	4.0	42.0
1	227906970	6.0	52.0
1	233517596	4.0	51.0
1	236781259	4.0	39.0
1	237714518	11.0	46.0
1	244636627	7.0	45.0
1	244928476	11.0	48.0
1	247778024	5.0	46.0
1	247996104	17.0	47.0
10	2074370	3.0	30.0
10	8514421	5.0	38.0
10	8723300	8.0	35.0
10	9451037	6.0	54.0
10	10097514	8.0	33.0
10	11542487	4.0	54.0
10	14009703	4.0	37.0
10	19601819	4.0	47.0
10	21680360	5.0	37.0
10	22385234	6.0	39.0
10	24443962	11.0	29.0
10	25677219	4.0	36.0
10	25684874	4.0	33.0
10	26797052	4.0	45.0
10	26896521	11.0	38.0
10	27471199	6.0	25.0
10	28316465	6.0	43.0
10	30100583	7.0	55.0
10	32082440	4.0	40.0
10	35886518	4.0	44.0
10	38813098	3.0	28.0
10	42399884	5.0	12.0
10	42442368	7.0	39.0
10	44155741	4.0	54.0
10	44238955	7.0	23.0
10	44500126	7.0	30.0
10	44759733	7.0	52.0
10	44929850	5.0	41.0
10	45842052	4.0	28.0
10	48412124	5.0	33.0
10	48438614	6.0	45.0
10	49752471	6.0	52.0
10	50028887	4.0	38.0
10	52800865	3.0	39.0
10	55748980	5.0	52.0
10	56617190	6.0	31.0
10	57483176	4.0	43.0
10	63896103	4.0	31.0
10	64806619	4.0	32.0
10	66801417	8.0	46.0
10	67578430	7.0	37.0
10	69497955	7.0	27.0
10	76874896	4.0	52.0
10	78523465	6.0	39.0
10	78523466	5.0	39.0
10	78977178	5.0	39.0
10	80087333	8.0	42.0
10	83414730	5.0	53.0
10	84711771	6.0	36.0
10	85973494	5.0	31.0
10	86843192	6.0	46.0
10	87314159	6.0	49.0
10	87719899	12.0	45.0
10	89071099	5.0	33.0
10	93527306	4.0	32.0
10	96983092	4.0	36.0
10	99565908	7.0	35.0
10	102804283	6.0	38.0
10	105575152	8.0	28.0
10	106863454	5.0	31.0
10	107904183	8.0	41.0
10	110033453	8.0	36.0
10	113851982	4.0	44.0
10	117155751	6.0	35.0
10	126614737	5.0	34.0
10	127443455	7.0	44.0
10	128040645	5.0	55.0
10	130218672	7.0	47.0
10	130379699	5.0	42.0
10	130779271	4.0	43.0
10	131629168	9.0	36.0
10	132245175	5.0	51.0
11	1744035	6.0	51.0
11	5093643	6.0	28.0
11	5358019	10.0	43.0
11	6358659	10.0	33.0
11	6891647	4.0	43.0
11	8762471	7.0	38.0
11	17523213	6.0	45.0
11	21800204	4.0	52.0
11	21810717	3.0	35.0
11	22066113	10.0	45.0
11	22115761	9.0	41.0
11	22938944	6.0	51.0
11	23082974	12.0	32.0
11	24187456	4.0	50.0
11	26453931	8.0	48.0
11	31866499	6.0	39.0
11	32105832	5.0	47.0
11	32144317	11.0	37.0
11	32357281	5.0	47.0
11	33186769	5.0	45.0
11	34820379	9.0	34.0
11	36974723	5.0	55.0
11	37234792	5.0	60.0
11	37245254	4.0	49.0
11	37276228	7.0	37.0
11	37584958	3.0	26.0
11	42383067	3.0	43.0
11	47531852	3.0	31.0
11	48103660	6.0	38.0
11	48568616	6.0	41.0
11	48866461	6.0	43.0
11	51542907	6.0	44.0
11	55289485	6.0	52.0
11	55772212	5.0	27.0
11	56199148	5.0	34.0
11	60131635	8.0	40.0
11	61423940	3.0	16.0
11	62623415	5.0	29.0
11	64026500	5.0	41.0
11	64417867	4.0	40.0
11	65637663	6.0	37.0
11	70317314	5.0	50.0
11	73881593	6.0	40.0
11	78804104	9.0	46.0
11	81408603	5.0	43.0
11	81783139	4.0	39.0
11	83187443	8.0	43.0
11	88710816	6.0	38.0
11	89816793	8.0	37.0
11	90985312	3.0	34.0
11	91023223	10.0	36.0
11	93918381	7.0	54.0
11	94966172	4.0	49.0
11	96219032	9.0	41.0
11	97647198	5.0	38.0
11	97901917	5.0	39.0
11	97988922	9.0	30.0
11	98161799	6.0	48.0
11	98585822	4.0	46.0
11	98837366	3.0	33.0
11	99304652	4.0	33.0
11	99576268	8.0	37.0
11	99814442	4.0	54.0
11	100435496	10.0	42.0
11	106368208	7.0	34.0
11	107007160	7.0	44.0
11	107613358	4.0	52.0
11	109173407	7.0	41.0
11	109173427	4.0	38.0
11	109262936	6.0	47.0
11	111586317	5.0	34.0
11	112607498	3.0	44.0
11	113519643	7.0	38.0
11	114166240	10.0	46.0
11	114367535	6.0	43.0
11	114427815	3.0	35.0
11	116552267	4.0	42.0
11	121853449	6.0	50.0
11	123973149	5.0	43.0
11	124079504	6.0	51.0
11	124292704	5.0	36.0
11	124471650	6.0	45.0
11	125196404	5.0	49.0
11	127886908	4.0	46.0
11	129688173	9.0	54.0
11	130517955	9.0	27.0
11	131505711	4.0	44.0
11	131906352	6.0	37.0
11	132990857	3.0	37.0
12	5705615	6.0	36.0
12	5845958	6.0	49.0
12	8062279	7.0	63.0
12	8163243	6.0	54.0
12	11162250	5.0	50.0
12	13882765	3.0	26.0
12	16440338	5.0	54.0
12	18536598	7.0	37.0
12	18896229	4.0	42.0
12	20222956	7.0	50.0
12	20969619	4.0	46.0
12	23364371	4.0	42.0
12	23422471	7.0	51.0
12	24105854	6.0	51.0
12	24458672	3.0	27.0
12	25197382	3.0	36.0
12	25230856	8.0	40.0
12	25963334	4.0	37.0
12	30469049	8.0	44.0
12	31108295	9.0	41.0
12	32615116	4.0	40.0
12	33272801	4.0	27.0
12	37862630	15.0	33.0
12	39601296	6.0	47.0
12	40276141	5.0	38.0
12	41230523	10.0	50.0
12	44194826	4.0	56.0
12	49913588	7.0	25.0
12	53052918	4.0	42.0
12	53214374	7.0	33.0
12	55227287	6.0	54.0
12	55514310	4.0	49.0
12	57058215	13.0	36.0
12	62350635	8.0	30.0
12	69453578	4.0	43.0
12	69906257	8.0	46.0
12	70236685	6.0	41.0
12	73169056	4.0	42.0
12	73856023	10.0	39.0
12	74923365	4.0	35.0
12	78320172	5.0	56.0
12	79129980	6.0	46.0
12	82111903	3.0	39.0
12	83593531	3.0	40.0
12	84103330	5.0	47.0
12	87040107	4.0	49.0
12	89585582	8.0	38.0
12	92067362	4.0	66.0
12	93907752	5.0	42.0
12	94940031	7.0	51.0
12	95792087	4.0	36.0
12	99815199	4.0	29.0
12	100441671	11.0	35.0
12	101130280	4.0	28.0
12	103264621	10.0	44.0
12	103641512	11.0	44.0
12	103734617	4.0	47.0
12	105092772	6.0	69.0
12	106935655	7.0	34.0
12	108307138	4.0	39.0
12	108422133	5.0	23.0
12	111985627	6.0	20.0
12	113030369	5.0	39.0
12	114349700	4.0	57.0
12	115455442	8.0	41.0
12	115823163	4.0	43.0
12	115982913	5.0	50.0
12	116053772	3.0	40.0
12	116743362	4.0	31.0
12	116995637	4.0	59.0
12	117714580	3.0	26.0
12	118847975	9.0	48.0
12	119301799	3.0	39.0
12	124969277	5.0	44.0
12	126174244	4.0	30.0
12	128924190	6.0	44.0
12	129243881	7.0	29.0
12	129529546	9.0	29.0
12	129835001	4.0	42.0
12	129875252	9.0	32.0
13	22578019	4.0	62.0
13	23370367	4.0	38.0
13	23470228	6.0	43.0
13	23470445	3.0	42.0
13	23470812	4.0	40.0
13	23747505	5.0	38.0
13	24407855	7.0	41.0
13	25168867	4.0	40.0
13	25849067	6.0	20.0
13	26171951	6.0	43.0
13	35845922	4.0	39.0
13	38564763	7.0	32.0
13	47050001	8.0	44.0
13	55059045	3.0	29.0
13	55734437	3.0	36.0
13	61516696	3.0	39.0
13	64529332	6.0	31.0
13	66478897	8.0	43.0
13	68266755	5.0	29.0
13	68870803	4.0	43.0
13	75848492	5.0	60.0
13	77943783	6.0	46.0
13	78321214	3.0	39.0
13	79303889	7.0	33.0
13	79825233	3.0	36.0
13	82182255	4.0	42.0
13	85302114	5.0	28.0
13	85520482	5.0	43.0
13	86485570	4.0	38.0
13	89881963	8.0	43.0
13	91057016	5.0	48.0
13	92641340	5.0	34.0
13	95866997	6.0	49.0
13	98781081	4.0	41.0
13	100775479	4.0	46.0
13	101639515	3.0	38.0
13	101666001	4.0	31.0
13	102396693	9.0	55.0
13	103602304	10.0	34.0
13	104548035	10.0	54.0
13	104809993	14.0	39.0
13	106146775	7.0	38.0
13	106705765	4.0	45.0
13	108796378	7.0	38.0
13	109314564	4.0	43.0
13	109954127	4.0	41.0
13	110307721	5.0	41.0
13	110479258	5.0	60.0
13	112895706	4.0	44.0
14	26729371	4.0	29.0
14	29534929	5.0	45.0
14	30691561	5.0	50.0
14	31569325	3.0	37.0
14	32752681	4.0	44.0
14	36850719	14.0	24.0
14	38116524	7.0	26.0
14	38395483	15.0	35.0
14	41071091	10.0	30.0
14	42382316	4.0	41.0
14	43432364	14.0	37.0
14	43782890	4.0	40.0
14	43893830	6.0	34.0
14	44346870	9.0	28.0
14	44987175	6.0	30.0
14	44999683	9.0	25.0
14	45253922	5.0	34.0
14	48980011	9.0	30.0
14	49314944	5.0	40.0
14	56500684	11.0	31.0
14	58473352	5.0	23.0
14	58640445	9.0	29.0
14	59615357	3.0	39.0
14	61185782	5.0	41.0
14	64056745	5.0	34.0
14	67694013	10.0	25.0
14	72554094	5.0	49.0
14	73502992	6.0	34.0
14	75530316	3.0	25.0
14	77550445	3.0	31.0
14	78896164	6.0	45.0
14	85212703	5.0	45.0
14	85404245	3.0	30.0
14	87743172	5.0	31.0
14	90564426	5.0	26.0
14	90929035	6.0	40.0
14	94141593	9.0	38.0
14	96757364	5.0	34.0
14	100223830	7.0	30.0
14	101284009	4.0	32.0
14	102357034	9.0	38.0
14	103530654	3.0	43.0
14	106799046	6.0	45.0
15	24205067	7.0	32.0
15	24472913	17.0	37.0
15	24802106	12.0	41.0
15	25714604	8.0	59.0
15	25816037	5.0	29.0
15	29355217	14.0	31.0
15	29444234	4.0	53.0
15	31128864	9.0	35.0
15	31614587	12.0	29.0
15	32154894	8.0	37.0
15	38977333	4.0	36.0
15	39229325	12.0	25.0
15	43501403	8.0	34.0
15	47069629	13.0	51.0
15	47108086	5.0	40.0
15	48036517	3.0	33.0
15	50923850	4.0	35.0
15	52993776	3.0	43.0
15	53130949	7.0	42.0
15	55521093	5.0	47.0
15	57873872	8.0	29.0
15	57972312	6.0	35.0
15	60312981	4.0	47.0
15	60529449	9.0	28.0
15	66922037	7.0	39.0
15	76710254	4.0	27.0
15	81450453	4.0	44.0
15	84373906	4.0	37.0
15	86536900	13.0	36.0
15	88794146	8.0	71.0
15	91145476	4.0	42.0
15	91970168	4.0	41.0
15	97531023	11.0	27.0
15	97583381	8.0	43.0
15	102354066	4.0	36.0
16	1529852	4.0	31.0
16	2354178	6.0	35.0
16	3259203	6.0	26.0
16	4527087	3.0	45.0
16	6435897	11.0	44.0
16	7202713	9.0	36.0
16	9054863	4.0	46.0
16	11355800	5.0	31.0
16	12534937	3.0	27.0
16	14079947	6.0	41.0
16	14427036	4.0	32.0
16	15703027	4.0	42.0
16	19171036	8.0	32.0
16	19675002	6.0	22.0
16	20659052	5.0	48.0
16	24889389	4.0	45.0
16	25040576	7.0	29.0
16	26103991	6.0	37.0
16	26411877	9.0	32.0
16	26894507	9.0	43.0
16	26918178	4.0	38.0
16	29141468	5.0	46.0
16	29842102	5.0	39.0
16	33856325	3.0	41.0
16	33943489	6.0	41.0
16	34546151	4.0	47.0
16	34550349	4.0	44.0
16	34699745	14.0	43.0
16	46522913	4.0	48.0
16	46665578	8.0	55.0
16	48849072	5.0	48.0
16	52455047	4.0	41.0
16	54992084	3.0	40.0
16	55033678	9.0	43.0
16	59026936	6.0	39.0
16	59174067	4.0	41.0
16	60522823	4.0	41.0
16	61018287	9.0	42.0
16	65031569	5.0	33.0
16	65327836	4.0	37.0
16	65580644	9.0	44.0
16	71432903	3.0	17.0
16	73104290	7.0	33.0
16	73190299	3.0	34.0
16	76956615	5.0	52.0
16	78229478	4.0	32.0
16	86085937	5.0	51.0
16	86343674	3.0	40.0
16	86539273	5.0	53.0
16	88759223	5.0	50.0
17	3253189	8.0	51.0
17	3384090	5.0	50.0
17	3605446	5.0	37.0
17	8083636	3.0	30.0
17	8737141	9.0	49.0
17	11041036	5.0	47.0
17	12755963	5.0	37.0
17	13094321	5.0	42.0
17	15130495	4.0	39.0
17	17804441	3.0	38.0
17	18590200	10.0	39.0
17	19383838	4.0	36.0
17	25372987	7.0	32.0
17	27640370	12.0	41.0
17	31110102	5.0	50.0
17	35166450	8.0	44.0
17	35224386	4.0	46.0
17	35761874	5.0	32.0
17	36027418	11.0	25.0
17	37019896	4.0	18.0
17	39206220	7.0	22.0
17	45158936	5.0	37.0
17	49026748	8.0	39.0
17	50092302	9.0	47.0
17	50738870	8.0	32.0
17	51592105	5.0	44.0
17	51592133	5.0	56.0
17	53881764	4.0	46.0
17	58463085	4.0	25.0
17	58850284	12.0	47.0
17	60911042	10.0	37.0
17	66469798	4.0	25.0
17	69016772	14.0	41.0
17	69750329	13.0	43.0
17	71400422	4.0	35.0
17	77356560	5.0	55.0
17	77646823	5.0	42.0
17	79617097	6.0	38.0
17	80173597	1.0	32.0
17	80565891	4.0	38.0
18	4502231	10.0	43.0
18	4947872	6.0	28.0
18	8383147	10.0	39.0
18	13857221	4.0	42.0
18	18658226	3.0	28.0
18	21566182	5.0	41.0
18	25967935	9.0	34.0
18	27615804	7.0	38.0
18	28586486	6.0	44.0
18	30122827	4.0	29.0
18	30226834	10.0	36.0
18	30316927	7.0	40.0
18	30412657	5.0	14.0
18	30594040	5.0	54.0
18	30960353	4.0	52.0
18	32461038	9.0	44.0
18	35814383	4.0	39.0
18	40671482	6.0	37.0
18	43323096	5.0	50.0
18	44487354	3.0	45.0
18	45478849	3.0	38.0
18	48593803	6.0	33.0
18	50407263	7.0	41.0
18	50787882	4.0	33.0
18	51101434	4.0	48.0
18	51911607	3.0	43.0
18	52259703	6.0	58.0
18	59864891	5.0	50.0
18	59881791	6.0	33.0
18	60962141	5.0	43.0
18	61822278	11.0	40.0
18	63265648	9.0	46.0
18	67648906	4.0	37.0
18	68640413	6.0	53.0
18	68835350	8.0	37.0
18	69737925	4.0	45.0
18	70492605	6.0	65.0
18	70770871	10.0	50.0
18	71143991	8.0	42.0
18	71565314	7.0	45.0
18	71857589	2.0	46.0
19	3328210	5.0	38.0
19	4149167	6.0	43.0
19	6104015	7.0	55.0
19	8475168	6.0	39.0
19	8816145	3.0	43.0
19	8915159	4.0	50.0
19	9862095	5.0	36.0
19	11523365	7.0	34.0
19	11950705	5.0	63.0
19	12699107	4.0	43.0
19	14874011	8.0	43.0
19	15443777	12.0	48.0
19	16557196	9.0	51.0
19	17467096	8.0	38.0
19	18736501	3.0	42.0
19	20024599	7.0	50.0
19	20501689	8.0	46.0
19	21177899	4.0	58.0
19	21421081	5.0	36.0
19	22790777	15.0	49.0
19	23472866	7.0	42.0
19	24450993	4.0	38.0
19	27797183	5.0	53.0
19	28612041	9.0	45.0
19	29585241	12.0	67.0
19	29859627	7.0	47.0
19	30415960	4.0	47.0
19	31370616	11.0	44.0
19	33907064	14.0	47.0
19	35921259	7.0	38.0
19	38340370	4.0	35.0
19	41831106	5.0	47.0
19	41989722	4.0	43.0
19	43076493	6.0	37.0
19	50430217	7.0	57.0
19	51283018	10.0	46.0
19	54096518	7.0	28.0
19	54596976	7.0	41.0
19	54929550	7.0	66.0
19	55462179	4.0	39.0
19	55485450	4.0	40.0
19	56369313	4.0	46.0
19	56561443	7.0	27.0
2	3999370	3.0	43.0
2	8723720	7.0	38.0
2	8833584	2.0	41.0
2	10154823	14.0	36.0
2	11861985	6.0	49.0
2	17780094	7.0	45.0
2	21974665	6.0	37.0
2	23845649	5.0	44.0
2	25118340	10.0	47.0
2	26264952	4.0	33.0
2	30684979	5.0	51.0
2	30684980	5.0	52.0
2	35568664	4.0	38.0
2	39691524	2.0	21.0
2	41942364	8.0	31.0
2	45155348	12.0	47.0
2	46581107	9.0	56.0
2	47461172	8.0	48.0
2	52475864	9.0	42.0
2	52533401	5.0	36.0
2	52544120	10.0	39.0
2	53532823	10.0	43.0
2	55481966	4.0	31.0
2	55506693	3.0	34.0
2	57206761	8.0	35.0
2	57450096	3.0	33.0
2	57661655	9.0	41.0
2	57739952	9.0	35.0
2	57834865	7.0	31.0
2	58685779	5.0	43.0
2	62423204	10.0	10.0
2	63115603	7.0	36.0
2	64742569	6.0	44.0
2	68915595	6.0	59.0
2	74010700	8.0	38.0
2	74848635	11.0	41.0
2	75803889	5.0	37.0
2	76008131	6.0	35.0
2	78080367	7.0	67.0
2	79803934	3.0	36.0
2	81592741	11.0	40.0
2	81634941	5.0	44.0
2	81642555	8.0	41.0
2	81695964	6.0	46.0
2	84327942	4.0	38.0
2	89325724	5.0	50.0
2	97472778	5.0	45.0
2	100998355	8.0	38.0
2	105918934	5.0	50.0
2	107316470	6.0	40.0
2	108040732	12.0	50.0
2	108795518	11.0	33.0
2	109789003	4.0	41.0
2	113556658	3.0	31.0
2	114600082	5.0	23.0
2	117051037	8.0	45.0
2	118445284	3.0	41.0
2	118488891	9.0	34.0
2	122588836	3.0	34.0
2	123699718	5.0	43.0
2	124439914	4.0	31.0
2	125144123	5.0	32.0
2	126544593	7.0	31.0
2	127576507	5.0	42.0
2	130231257	5.0	41.0
2	131047951	4.0	59.0
2	133022693	5.0	41.0
2	134233491	14.0	47.0
2	136123882	4.0	56.0
2	138890184	6.0	40.0
2	141474961	4.0	48.0
2	145127723	14.0	30.0
2	145157345	6.0	47.0
2	145562477	4.0	44.0
2	146753935	4.0	25.0
2	146969478	8.0	35.0
2	147978294	5.0	33.0
2	153497947	13.0	42.0
2	156403122	4.0	62.0
2	158585881	4.0	47.0
2	161390811	7.0	53.0
2	162908594	11.0	30.0
2	163511798	9.0	48.0
2	165368654	5.0	48.0
2	167986424	8.0	29.0
2	170234574	3.0	34.0
2	170889355	6.0	30.0
2	173919995	3.0	44.0
2	175958875	3.0	40.0
2	176253213	6.0	54.0
2	181089253	8.0	58.0
2	181582078	8.0	41.0
2	181945603	9.0	36.0
2	187779104	7.0	36.0
2	190397037	3.0	44.0
2	190766379	5.0	44.0
2	193155991	4.0	31.0
2	193528261	3.0	33.0
2	193726791	7.0	44.0
2	194761541	10.0	51.0
2	195809715	6.0	41.0
2	197401678	5.0	46.0
2	197747936	7.0	50.0
2	197889023	6.0	40.0
2	200710620	7.0	40.0
2	203218846	7.0	41.0
2	203225146	5.0	34.0
2	205711881	5.0	38.0
2	208260997	3.0	34.0
2	209757000	5.0	36.0
2	210126177	12.0	37.0
2	212175028	3.0	40.0
2	213335763	7.0	33.0
2	215144026	8.0	38.0
2	216217833	5.0	36.0
2	219876033	4.0	29.0
2	221055633	11.0	39.0
2	221916854	3.0	38.0
2	223865577	4.0	29.0
2	223898887	7.0	43.0
2	229452813	5.0	24.0
2	229469124	5.0	54.0
2	229723719	5.0	36.0
2	230264462	5.0	31.0
2	231104511	5.0	46.0
2	231459509	4.0	37.0
2	231936496	4.0	38.0
2	232546924	5.0	37.0
2	234604518	6.0	48.0
2	237209588	6.0	62.0
2	237858163	13.0	51.0
2	238209842	9.0	36.0
2	239670127	9.0	42.0
2	241172993	2.0	14.0
2	241543946	5.0	46.0
20	339178	4.0	61.0
20	1053203	15.0	53.0
20	1624641	10.0	42.0
20	7001240	5.0	51.0
20	7649950	11.0	53.0
20	7821087	11.0	54.0
20	8731668	8.0	45.0
20	12169792	7.0	58.0
20	13852438	4.0	55.0
20	15004006	4.0	49.0
20	15057889	8.0	49.0
20	15189723	7.0	42.0
20	15785551	11.0	42.0
20	17422504	5.0	42.0
20	20728721	13.0	51.0
20	20854658	10.0	61.0
20	20858571	7.0	48.0
20	22754399	4.0	42.0
20	23445254	4.0	58.0
20	23515268	4.0	64.0
20	24038580	6.0	46.0
20	24331477	4.0	48.0
20	24696115	4.0	59.0
20	24812101	5.0	61.0
20	26245437	7.0	36.0
20	29556066	4.0	44.0
20	29903085	9.0	47.0
20	30263219	4.0	44.0
20	30987063	11.0	57.0
20	33568298	10.0	49.0
20	34434250	6.0	36.0
20	34853116	13.0	47.0
20	39708768	5.0	59.0
20	40551820	7.0	49.0
20	41762396	6.0	25.0
20	42523276	4.0	23.0
20	43969006	6.0	52.0
20	45747247	4.0	43.0
20	45996387	8.0	49.0
20	47227634	5.0	44.0
20	48894203	8.0	40.0
20	49836636	9.0	54.0
20	52981804	6.0	56.0
20	53711464	6.0	30.0
20	54182539	9.0	55.0
20	57624538	4.0	53.0
20	59500306	5.0	69.0
20	60489044	4.0	55.0
20	60771767	4.0	56.0
20	61153245	6.0	41.0
20	62065029	7.0	56.0
20	62432294	7.0	39.0
21	10805271	13.0	109.0
21	10990333	9.0	78.0
21	15475386	7.0	35.0
21	17747042	8.0	44.0
21	18210964	4.0	58.0
21	21673550	9.0	39.0
21	21673555	7.0	37.0
21	23567902	21.0	50.0
21	23698027	12.0	52.0
21	23901706	10.0	46.0
21	24146688	8.0	52.0
21	24681674	6.0	39.0
21	25520810	9.0	50.0
21	26295553	6.0	50.0
21	26406490	8.0	45.0
21	26852509	5.0	38.0
21	32144851	11.0	59.0
21	32925518	4.0	55.0
21	36510276	7.0	41.0
21	38130738	4.0	40.0
21	39611815	7.0	57.0
21	40940954	5.0	36.0
21	44884690	8.0	56.0
21	46069774	8.0	50.0
21	46593883	4.0	44.0
22	16289656	7.0	35.0
22	17437462	6.0	50.0
22	22277771	4.0	45.0
22	28210533	12.0	42.0
22	30101206	10.0	48.0
22	32578830	6.0	49.0
22	34431930	4.0	55.0
22	36727780	5.0	61.0
22	41479101	6.0	31.0
22	43652696	5.0	57.0
22	45969931	4.0	38.0
22	47658336	5.0	59.0
22	47658347	4.0	61.0
22	47780807	4.0	55.0
22	48559187	3.0	19.0
3	1330873	22.0	32.0
3	1648567	6.0	32.0
3	1919181	7.0	37.0
3	5605896	2.0	29.0
3	9210463	10.0	43.0
3	15482437	3.0	33.0
3	15646135	5.0	51.0
3	17975648	8.0	46.0
3	17997639	4.0	41.0
3	19257567	8.0	41.0
3	22447983	4.0	46.0
3	28927253	3.0	36.0
3	29709661	5.0	57.0
3	29834839	8.0	46.0
3	31321965	8.0	45.0
3	33578122	9.0	33.0
3	33681855	4.0	40.0
3	34186214	4.0	45.0
3	35274717	3.0	35.0
3	36401602	6.0	45.0
3	39155204	14.0	42.0
3	41483112	4.0	43.0
3	42062852	7.0	48.0
3	46986587	9.0	40.0
3	50904572	6.0	41.0
3	56901383	7.0	37.0
3	67440841	5.0	39.0
3	67938653	4.0	36.0
3	68886879	5.0	50.0
3	69186951	6.0	33.0
3	74168558	4.0	36.0
3	79198986	4.0	32.0
3	79510054	5.0	45.0
3	80296910	4.0	38.0
3	80329900	4.0	42.0
3	80549977	8.0	40.0
3	81588792	3.0	46.0
3	82010575	5.0	33.0
3	82547589	5.0	37.0
3	83997375	11.0	51.0
3	86297283	5.0	34.0
3	87562164	5.0	48.0
3	88379894	18.0	34.0
3	88421629	4.0	61.0
3	93906245	10.0	34.0
3	94816236	4.0	42.0
3	95542003	10.0	42.0
3	96888283	10.0	48.0
3	98024570	5.0	55.0
3	101120351	5.0	44.0
3	101426405	3.0	23.0
3	101751755	11.0	58.0
3	103908348	9.0	51.0
3	108253016	8.0	40.0
3	110376184	12.0	40.0
3	111083438	9.0	39.0
3	114603158	8.0	66.0
3	118163644	10.0	29.0
3	118821381	5.0	42.0
3	119335187	14.0	35.0
3	119392234	22.0	44.0
3	120900604	10.0	30.0
3	125473358	8.0	37.0
3	125655382	3.0	39.0
3	130753138	13.0	33.0
3	130761721	8.0	26.0
3	132002269	4.0	33.0
3	132830533	3.0	42.0
3	135611648	4.0	40.0
3	135667853	4.0	41.0
3	136236785	10.0	46.0
3	137341719	11.0	52.0
3	137410717	4.0	43.0
3	138103902	6.0	45.0
3	139265607	4.0	40.0
3	144432504	10.0	31.0
3	144577412	4.0	50.0
3	145356612	4.0	38.0
3	145494083	5.0	39.0
3	146797954	4.0	37.0
3	154173536	10.0	39.0
3	154173664	4.0	57.0
3	154459337	5.0	40.0
3	154800560	13.0	47.0
3	158873084	10.0	32.0
3	159023181	5.0	52.0
3	159401936	4.0	38.0
3	161624108	7.0	45.0
3	162690171	8.0	39.0
3	162697670	8.0	42.0
3	163033713	6.0	47.0
3	163064404	4.0	30.0
3	163084171	4.0	55.0
3	164069319	7.0	42.0
3	165889416	6.0	45.0
3	166932206	9.0	43.0
3	169382652	12.0	36.0
3	170937834	15.0	35.0
3	171193132	7.0	51.0
3	174295697	9.0	57.0
3	175278763	4.0	55.0
3	175339058	5.0	61.0
3	176917237	5.0	37.0
3	177506987	18.0	33.0
3	179582716	4.0	24.0
3	180292921	5.0	33.0
3	180549585	5.0	50.0
3	183507504	5.0	27.0
3	183614017	9.0	36.0
3	185525461	5.0	41.0
3	186349275	5.0	35.0
3	187761609	13.0	44.0
3	191030171	11.0	38.0
3	191122166	13.0	43.0
3	191384014	6.0	41.0
3	191389000	9.0	35.0
3	192053506	3.0	31.0
3	192053507	3.0	31.0
3	194220614	4.0	33.0
3	196836567	4.0	35.0
3	197797737	8.0	39.0
4	286617	8.0	26.0
4	3971930	3.0	45.0
4	6015547	4.0	37.0
4	6991820	5.0	51.0
4	8899945	5.0	46.0
4	11783260	9.0	40.0
4	11994744	12.0	44.0
4	13420471	6.0	38.0
4	14652779	4.0	27.0
4	14906936	4.0	42.0
4	15161861	4.0	31.0
4	19665636	6.0	53.0
4	20910220	5.0	44.0
4	23371056	5.0	39.0
4	24160308	3.0	30.0
4	25295409	4.0	44.0
4	27375298	5.0	32.0
4	27714251	7.0	29.0
4	28242456	6.0	36.0
4	29515159	4.0	38.0
4	30222689	5.0	32.0
4	32501907	8.0	27.0
4	32641411	9.0	34.0
4	33024003	7.0	31.0
4	33158403	8.0	34.0
4	34484988	6.0	43.0
4	35349415	4.0	44.0
4	36951734	8.0	42.0
4	38072696	5.0	53.0
4	39012211	9.0	37.0
4	40934167	4.0	31.0
4	44752357	5.0	50.0
4	44849725	7.0	48.0
4	55866619	5.0	34.0
4	56862068	3.0	31.0
4	56955756	8.0	31.0
4	58975429	4.0	46.0
4	60561539	4.0	32.0
4	60685224	5.0	31.0
4	63523632	7.0	35.0
4	65222810	11.0	50.0
4	65338716	4.0	48.0
4	67701275	14.0	48.0
4	67938580	8.0	42.0
4	75195103	3.0	45.0
4	75937659	12.0	45.0
4	77093729	6.0	42.0
4	82145945	6.0	38.0
4	85689909	9.0	39.0
4	92849923	8.0	42.0
4	94778656	3.0	42.0
4	97391622	6.0	51.0
4	98179857	5.0	15.0
4	98308202	4.0	53.0
4	101249519	7.0	56.0
4	105117264	5.0	37.0
4	105277479	6.0	46.0
4	105359005	8.0	35.0
4	105965183	7.0	48.0
4	106881607	5.0	38.0
4	107787803	4.0	41.0
4	109269654	4.0	42.0
4	110744560	5.0	41.0
4	110944768	4.0	50.0
4	112097891	7.0	31.0
4	116520935	3.0	34.0
4	116559071	6.0	43.0
4	117873569	10.0	52.0
4	118486972	3.0	40.0
4	120090422	6.0	50.0
4	121671553	6.0	27.0
4	122348936	3.0	34.0
4	127155080	9.0	44.0
4	128415655	5.0	57.0
4	131939147	3.0	33.0
4	132897217	5.0	30.0
4	133209229	6.0	49.0
4	135882190	6.0	38.0
4	136278868	6.0	33.0
4	136390705	6.0	38.0
4	137481329	6.0	40.0
4	141333999	4.0	49.0
4	144001230	5.0	43.0
4	144668152	5.0	45.0
4	149843654	5.0	45.0
4	151576872	8.0	45.0
4	152660022	3.0	37.0
4	153003865	8.0	27.0
4	153813978	8.0	42.0
4	154347113	6.0	36.0
4	156370770	6.0	36.0
4	158612669	3.0	20.0
4	158898454	5.0	35.0
4	161237116	6.0	41.0
4	161893588	6.0	33.0
4	162473303	5.0	44.0
4	162599252	7.0	40.0
4	164339770	5.0	43.0
4	168551108	10.0	42.0
4	171581388	3.0	27.0
4	172090777	9.0	37.0
4	172685658	6.0	45.0
4	173173047	8.0	34.0
4	173214543	4.0	36.0
4	173579162	3.0	29.0
4	174773195	5.0	35.0
4	175392006	4.0	36.0
4	178054926	4.0	46.0
4	178300741	4.0	40.0
4	179872910	6.0	36.0
4	180325678	5.0	32.0
4	180538566	13.0	44.0
4	183069359	6.0	46.0
4	187610996	5.0	44.0
4	189278271	4.0	40.0
4	189424601	5.0	27.0
4	190257716	6.0	54.0
4	190797943	7.0	43.0
5	568308	4.0	36.0
5	1295228	12.0	55.0
5	1323766	7.0	42.0
5	3090749	8.0	36.0
5	3962312	8.0	39.0
5	4479273	4.0	46.0
5	6018650	8.0	51.0
5	6578030	5.0	74.0
5	8012968	7.0	50.0
5	10037961	7.0	49.0
5	10109223	5.0	56.0
5	11608185	9.0	56.0
5	11643489	4.0	34.0
5	11793202	6.0	67.0
5	12504699	5.0	48.0
5	12558153	16.0	47.0
5	13208987	8.0	38.0
5	14348146	9.0	38.0
5	14559920	8.0	34.0
5	16541034	6.0	43.0
5	17340039	6.0	53.0
5	18822218	10.0	42.0
5	19698841	4.0	54.0
5	20003971	9.0	35.0
5	20655955	5.0	51.0
5	21218869	6.0	48.0
5	21264413	6.0	34.0
5	21393182	9.0	35.0
5	21731018	6.0	66.0
5	22244240	9.0	41.0
5	22686202	6.0	52.0
5	23563058	7.0	55.0
5	24967263	6.0	52.0
5	25392949	5.0	55.0
5	25803935	4.0	46.0
5	26771741	5.0	40.0
5	26783234	8.0	57.0
5	27817246	8.0	44.0
5	28425404	5.0	45.0
5	28638711	5.0	38.0
5	29491416	5.0	49.0
5	29503923	7.0	51.0
5	29595175	8.0	39.0
5	30137040	6.0	39.0
5	30221846	6.0	56.0
5	30529391	2.0	42.0
5	30763532	4.0	39.0
5	32493084	7.0	48.0
5	36528232	8.0	47.0
5	37112456	7.0	51.0
5	38181827	8.0	36.0
5	39357431	9.0	66.0
5	41910900	4.0	49.0
5	44856869	10.0	40.0
5	45703497	13.0	31.0
5	45704976	4.0	46.0
5	45985691	5.0	70.0
5	46116805	4.0	42.0
5	50252147	4.0	40.0
5	51235921	4.0	44.0
5	51361224	5.0	42.0
5	52763574	8.0	33.0
5	56052574	5.0	32.0
5	59835164	4.0	57.0
5	63341445	4.0	56.0
5	63359550	8.0	31.0
5	63547158	8.0	40.0
5	63973024	4.0	38.0
5	63991403	3.0	40.0
5	64282154	4.0	41.0
5	65874786	4.0	52.0
5	67825188	16.0	33.0
5	68339808	4.0	43.0
5	71594861	3.0	35.0
5	73308244	6.0	47.0
5	74887166	5.0	61.0
5	75713759	6.0	39.0
5	76095341	3.0	17.0
5	77137680	4.0	45.0
5	77346323	9.0	46.0
5	78093477	20.0	33.0
5	79430587	6.0	38.0
5	80655260	4.0	37.0
5	81194767	7.0	41.0
5	84340961	4.0	33.0
5	84449670	5.0	30.0
5	85908696	4.0	55.0
5	86826060	7.0	43.0
5	94523395	3.0	31.0
5	95861867	4.0	43.0
5	96303246	4.0	41.0
5	97578080	3.0	38.0
5	98266390	8.0	39.0
5	98501989	11.0	40.0
5	98992003	3.0	38.0
5	100660936	4.0	43.0
5	104005744	7.0	46.0
5	104175807	4.0	53.0
5	105511109	7.0	47.0
5	107683790	7.0	40.0
5	108376829	10.0	48.0
5	109222145	4.0	53.0
5	110455169	5.0	42.0
5	111588508	3.0	33.0
5	111824088	5.0	48.0
5	111926441	4.0	40.0
5	113665474	6.0	34.0
5	116615128	4.0	56.0
5	116872431	8.0	50.0
5	120452082	11.0	40.0
5	123213976	11.0	48.0
5	123697519	3.0	30.0
5	124059500	12.0	42.0
5	125512108	5.0	47.0
5	125813733	7.0	41.0
5	127848139	5.0	50.0
5	128201884	4.0	39.0
5	129953275	9.0	42.0
5	130370723	5.0	57.0
5	131375471	8.0	54.0
5	131978840	4.0	37.0
5	138048274	5.0	40.0
5	140929706	4.0	39.0
5	142228284	12.0	40.0
5	142985636	5.0	46.0
5	143267266	9.0	50.0
5	145641329	4.0	30.0
5	150223360	4.0	37.0
5	150289916	7.0	43.0
5	152074370	4.0	53.0
5	152646006	6.0	44.0
5	154709860	4.0	39.0
5	154709870	4.0	36.0
5	158512994	9.0	41.0
5	160345922	4.0	33.0
5	161175036	4.0	47.0
5	161611936	8.0	33.0
5	162189715	5.0	38.0
5	162451404	9.0	45.0
5	163183156	8.0	44.0
5	163183332	7.0	45.0
5	163194376	6.0	50.0
5	163429184	5.0	56.0
5	163658039	4.0	56.0
5	164484851	4.0	43.0
5	165121072	4.0	49.0
5	167829954	6.0	46.0
5	169383766	6.0	56.0
5	170233411	4.0	41.0
5	173477073	5.0	40.0
5	176332658	5.0	35.0
5	176678148	7.0	36.0
5	178914651	4.0	35.0
5	179854716	4.0	54.0
6	4034136	7.0	45.0
6	5915574	7.0	49.0
6	5949790	5.0	47.0
6	7009201	4.0	42.0
6	9247168	3.0	38.0
6	10139235	3.0	31.0
6	11961573	4.0	46.0
6	13982099	9.0	63.0
6	14787111	9.0	51.0
6	21837003	5.0	55.0
6	23867535	6.0	62.0
6	25934781	5.0	47.0
6	26392491	5.0	42.0
6	26482130	5.0	47.0
6	26562268	5.0	38.0
6	27527688	4.0	62.0
6	27612095	4.0	44.0
6	28478977	5.0	56.0
6	29819753	4.0	49.0
6	30354806	5.0	53.0
6	31109258	7.0	25.0
6	31320582	6.0	44.0
6	32786397	7.0	43.0
6	35822159	5.0	52.0
6	40960691	8.0	52.0
6	42205633	7.0	54.0
6	45511705	5.0	56.0
6	46662174	5.0	43.0
6	48132252	5.0	48.0
6	49611916	5.0	41.0
6	50382998	5.0	42.0
6	50611027	8.0	41.0
6	51193225	4.0	48.0
6	52172967	5.0	53.0
6	53299489	6.0	44.0
6	55493383	4.0	32.0
6	55696581	5.0	38.0
6	58347302	6.0	35.0
6	63859835	4.0	41.0
6	63918723	5.0	47.0
6	63962989	6.0	47.0
6	64343103	8.0	47.0
6	66090694	8.0	65.0
6	67443533	6.0	54.0
6	67627120	7.0	43.0
6	68235778	10.0	48.0
6	68505916	5.0	44.0
6	68749225	9.0	56.0
6	68810781	4.0	59.0
6	69844799	6.0	38.0
6	70220172	4.0	54.0
6	70409172	9.0	54.0
6	71071827	5.0	39.0
6	71466157	6.0	58.0
6	71661375	4.0	61.0
6	72086668	7.0	52.0
6	73245517	9.0	42.0
6	73945528	6.0	28.0
6	76886456	3.0	31.0
6	79381185	4.0	43.0
6	80130646	4.0	51.0
6	83653379	6.0	50.0
6	84911499	7.0	52.0
6	87229625	4.0	34.0
6	90213334	5.0	55.0
6	90648854	7.0	50.0
6	92329266	6.0	49.0
6	93548081	11.0	35.0
6	94807809	4.0	55.0
6	95055516	14.0	45.0
6	96630920	4.0	37.0
6	96794945	9.0	45.0
6	99436673	5.0	39.0
6	99758682	7.0	33.0
6	103320883	4.0	44.0
6	103796422	9.0	44.0
6	105323655	3.0	30.0
6	106248812	5.0	58.0
6	106798310	5.0	47.0
6	107138573	6.0	60.0
6	110401905	8.0	35.0
6	112930373	8.0	44.0
6	112930375	8.0	45.0
6	113068734	6.0	44.0
6	113242240	11.0	44.0
6	116161844	5.0	39.0
6	117698335	6.0	41.0
6	118202105	8.0	40.0
6	123525097	8.0	43.0
6	124520764	5.0	43.0
6	124921509	4.0	47.0
6	125507281	9.0	38.0
6	127738724	4.0	42.0
6	133518688	4.0	53.0
6	135604872	8.0	39.0
6	136780543	6.0	37.0
6	137096948	5.0	37.0
6	140101216	7.0	32.0
6	140147395	4.0	38.0
6	141171451	8.0	49.0
6	152573291	5.0	50.0
6	153263877	8.0	52.0
6	153953518	5.0	44.0
6	154357843	4.0	48.0
6	155460925	4.0	37.0
6	156285327	6.0	47.0
6	164135362	7.0	33.0
6	164773320	4.0	56.0
6	165066487	8.0	49.0
6	165662019	5.0	53.0
6	166283730	8.0	77.0
7	1262292	4.0	29.0
7	3190577	2.0	32.0
7	5869739	4.0	49.0
7	7131645	4.0	62.0
7	8527153	5.0	51.0
7	9804203	4.0	51.0
7	10013932	4.0	48.0
7	11561377	6.0	41.0
7	11827547	4.0	49.0
7	12011245	5.0	63.0
7	12373078	6.0	68.0
7	12835140	4.0	35.0
7	14625095	9.0	42.0
7	14881754	12.0	57.0
7	14974780	12.0	44.0
7	16155064	8.0	37.0
7	18411493	6.0	32.0
7	20978218	3.0	34.0
7	21004784	10.0	40.0
7	23304003	7.0	55.0
7	23838568	3.0	41.0
7	24391563	7.0	68.0
7	28090576	6.0	45.0
7	30286386	6.0	52.0
7	31399971	4.0	40.0
7	33082346	9.0	35.0
7	35328242	5.0	65.0
7	37627098	9.0	64.0
7	38504034	5.0	44.0
7	39229765	8.0	51.0
7	39412719	6.0	46.0
7	40454004	10.0	31.0
7	40611699	6.0	38.0
7	44332252	4.0	70.0
7	45098789	5.0	55.0
7	51497189	14.0	46.0
7	51934415	10.0	43.0
7	53692126	3.0	40.0
7	53699773	4.0	52.0
7	54258331	3.0	41.0
7	57509873	7.0	25.0
7	57575158	7.0	55.0
7	57739529	8.0	39.0
7	62006662	6.0	38.0
7	62964891	6.0	43.0
7	63595896	5.0	48.0
7	63722486	5.0	48.0
7	64494533	8.0	31.0
7	66423111	4.0	48.0
7	66847479	3.0	27.0
7	67709792	5.0	47.0
7	68090755	4.0	46.0
7	69209551	7.0	42.0
7	69239301	5.0	56.0
7	71435006	4.0	39.0
7	75785383	9.0	34.0
7	78175565	8.0	46.0
7	79096454	4.0	39.0
7	80415830	7.0	68.0
7	81905473	9.0	57.0
7	82867744	4.0	39.0
7	83952882	5.0	50.0
7	84747868	5.0	62.0
7	85141968	3.0	22.0
7	86126205	8.0	62.0
7	88151833	5.0	83.0
7	89072596	7.0	68.0
7	90895264	11.0	59.0
7	95012794	7.0	60.0
7	96012654	3.0	28.0
7	96741040	4.0	58.0
7	96830561	4.0	52.0
7	97602803	10.0	21.0
7	98976560	3.0	26.0
7	100927657	13.0	38.0
7	102281894	9.0	51.0
7	103598961	5.0	52.0
7	104075475	7.0	56.0
7	109038657	9.0	33.0
7	109556012	13.0	50.0
7	109678287	12.0	63.0
7	109756830	8.0	39.0
7	111040813	4.0	43.0
7	113360373	4.0	53.0
7	114268261	4.0	45.0
7	115362649	4.0	61.0
7	116085873	6.0	49.0
7	118711868	17.0	57.0
7	118778801	7.0	42.0
7	119164200	6.0	41.0
7	120150179	8.0	60.0
7	120491039	6.0	49.0
7	122151614	8.0	50.0
7	122752464	4.0	39.0
7	125425074	6.0	51.0
7	125506026	18.0	38.0
7	125958772	3.0	38.0
7	126370743	17.0	50.0
7	126767585	12.0	45.0
7	127621658	6.0	51.0
7	127630500	10.0	46.0
7	128161485	4.0	48.0
7	131963987	4.0	59.0
7	132938490	6.0	45.0
7	136244906	8.0	44.0
7	136283665	4.0	47.0
7	137344165	6.0	64.0
7	137501986	4.0	46.0
7	139468873	10.0	41.0
7	140811338	11.0	37.0
7	141236987	6.0	33.0
7	145382206	5.0	61.0
7	145599100	6.0	32.0
7	146218772	6.0	57.0
7	146554083	5.0	38.0
7	147324970	7.0	46.0
7	148996011	4.0	50.0
7	149089515	8.0	39.0
7	149608735	11.0	47.0
7	152830672	6.0	54.0
7	153505602	5.0	41.0
7	153634327	6.0	56.0
7	153864628	4.0	45.0
7	154902482	4.0	37.0
7	155834800	4.0	57.0
7	155966849	9.0	57.0
7	156054606	6.0	93.0
7	156709182	7.0	47.0
7	157175056	11.0	50.0
7	157369329	9.0	70.0
7	157506668	5.0	71.0
7	157915488	9.0	48.0
7	158102234	6.0	56.0
8	324745	8.0	44.0
8	740864	4.0	48.0
8	4764359	3.0	41.0
8	6136207	7.0	61.0
8	8669520	8.0	45.0
8	12003267	5.0	62.0
8	12878879	5.0	53.0
8	13233924	9.0	48.0
8	14741622	5.0	34.0
8	14977816	6.0	56.0
8	15947172	7.0	45.0
8	16855860	4.0	54.0
8	18187393	4.0	56.0
8	25375261	10.0	38.0
8	26963012	5.0	44.0
8	28365015	7.0	44.0
8	29277800	8.0	58.0
8	29439444	5.0	51.0
8	31291720	5.0	46.0
8	31467560	5.0	48.0
8	32204206	8.0	38.0
8	32604628	8.0	48.0
8	33535366	7.0	24.0
8	33699193	5.0	54.0
8	34143787	4.0	47.0
8	34384799	3.0	59.0
8	34439408	6.0	39.0
8	35238162	11.0	44.0
8	35442926	11.0	44.0
8	35788240	4.0	57.0
8	35807130	3.0	39.0
8	39567648	6.0	50.0
8	39584041	5.0	51.0
8	42619867	5.0	50.0
8	43301311	4.0	39.0
8	51482943	3.0	21.0
8	52828112	6.0	37.0
8	53453163	6.0	35.0
8	54001211	11.0	52.0
8	55200595	7.0	43.0
8	55562555	5.0	69.0
8	56622083	6.0	42.0
8	57040640	6.0	47.0
8	59150659	4.0	54.0
8	59196924	5.0	48.0
8	59853908	7.0	37.0
8	60248776	7.0	35.0
8	60473946	5.0	40.0
8	62479651	4.0	41.0
8	64322105	6.0	39.0
8	64576060	12.0	54.0
8	64999898	2.0	50.0
8	65298661	7.0	61.0
8	67050876	7.0	59.0
8	67174679	6.0	68.0
8	68787902	5.0	56.0
8	68825502	5.0	52.0
8	68853715	5.0	37.0
8	69016875	4.0	51.0
8	71171117	4.0	45.0
8	72281640	5.0	51.0
8	75185904	10.0	58.0
8	75332853	8.0	45.0
8	75332968	7.0	68.0
8	76643066	10.0	35.0
8	77041557	4.0	48.0
8	78930483	5.0	40.0
8	79870287	5.0	58.0
8	79926513	6.0	60.0
8	80831054	3.0	40.0
8	81631972	10.0	46.0
8	81900693	4.0	55.0
8	83977268	4.0	58.0
8	84038712	4.0	66.0
8	84823741	7.0	37.0
8	85750685	7.0	53.0
8	87465255	7.0	53.0
8	90677188	4.0	43.0
8	91823047	5.0	35.0
8	92948050	4.0	50.0
8	93127371	11.0	38.0
8	93128747	5.0	50.0
8	93592864	5.0	46.0
8	94478662	5.0	34.0
8	97098526	3.0	42.0
8	97493958	3.0	44.0
8	99564497	5.0	54.0
8	104639735	9.0	39.0
8	105056790	9.0	35.0
8	105435949	9.0	43.0
8	106290977	8.0	56.0
8	107143726	6.0	45.0
8	107415126	5.0	58.0
8	107682034	4.0	44.0
8	107785249	11.0	48.0
8	108235879	7.0	48.0
8	109620146	8.0	59.0
8	109809275	7.0	48.0
8	110764709	9.0	54.0
8	111378241	4.0	64.0
8	113229556	7.0	43.0
8	113557741	6.0	17.0
8	114114825	4.0	52.0
8	115472903	5.0	53.0
8	117527365	6.0	42.0
8	118002424	11.0	46.0
8	119764272	4.0	52.0
8	119938448	12.0	38.0
8	120435964	11.0	57.0
8	122197086	6.0	50.0
8	122766940	8.0	53.0
8	123556821	8.0	50.0
8	123959419	8.0	54.0
8	125512600	6.0	41.0
8	126201780	5.0	40.0
8	126759675	6.0	33.0
8	129231347	7.0	42.0
8	129822738	4.0	58.0
8	131155014	8.0	42.0
8	131620457	5.0	46.0
8	131621273	9.0	46.0
8	133132155	4.0	47.0
8	135999195	5.0	59.0
8	137556281	10.0	46.0
8	137890452	8.0	44.0
8	137890455	8.0	46.0
8	138214638	4.0	48.0
8	138598257	7.0	52.0
8	138713752	5.0	51.0
8	138956243	5.0	47.0
8	139328692	4.0	36.0
8	139560524	6.0	64.0
8	139875137	4.0	44.0
8	140282497	11.0	35.0
8	140332838	5.0	69.0
8	141297043	4.0	46.0
8	143123142	5.0	52.0
8	143644389	10.0	38.0
8	143938848	9.0	41.0
8	144228060	7.0	51.0
8	145833959	4.0	75.0
8	145898005	9.0	40.0
8	146297206	5.0	37.0
9	4557172	12.0	34.0
9	15464215	10.0	24.0
9	21844453	6.0	36.0
9	21844664	3.0	43.0
9	22345533	8.0	25.0
9	23935286	5.0	25.0
9	25660782	7.0	28.0
9	26323500	9.0	34.0
9	29735386	5.0	58.0
9	30640701	5.0	26.0
9	30640760	4.0	36.0
9	32718397	12.0	28.0
9	36501709	13.0	29.0
9	66529864	7.0	117.0
9	68299144	12.0	36.0
9	71900873	8.0	46.0
9	73249960	8.0	43.0
9	73451490	6.0	39.0
9	77804589	4.0	36.0
9	78709188	12.0	39.0
9	81332172	4.0	48.0
9	82109098	7.0	39.0
9	83383942	5.0	57.0
9	89487825	4.0	43.0
9	92123923	9.0	43.0
9	93223790	6.0	35.0
9	93818215	7.0	53.0
9	93818216	7.0	53.0
9	95681689	7.0	30.0
9	100309857	5.0	24.0
9	100743850	6.0	44.0
9	103430119	6.0	39.0
9	104481278	5.0	36.0
9	105178543	4.0	38.0
9	105995823	7.0	26.0
9	106496778	11.0	47.0
9	107050810	4.0	29.0
9	119664546	2.0	28.0
9	126806384	6.0	29.0
9	136352637	4.0	50.0
9	141053162	6.0	35.0
X	443282	3.0	45.0
X	675374	6.0	31.0
X	1433060	2.0	30.0
X	1967630	4.0	50.0
X	2541250	8.0	49.0
X	2641701	5.0	42.0
X	8414874	5.0	12.0
X	9208195	6.0	23.0
X	12840671	3.0	25.0
X	13212019	7.0	8.0
X	17231421	4.0	32.0
X	20731130	4.0	22.0
X	21857719	3.0	14.0
X	27359558	4.0	18.0
X	29516386	4.0	11.0
X	30347518	8.0	22.0
X	31164282	3.0	16.0
X	31948401	8.0	18.0
X	32579356	5.0	18.0
X	34132223	4.0	26.0
X	36674340	4.0	26.0
X	39391242	3.0	24.0
X	41597518	4.0	20.0
X	41610366	7.0	19.0
X	43817691	6.0	22.0
X	44169267	8.0	20.0
X	44316146	7.0	16.0
X	44451537	6.0	15.0
X	45274160	8.0	17.0
X	46050201	4.0	15.0
X	46996148	6.0	25.0
X	48819819	4.0	24.0
X	51505267	7.0	19.0
X	61970072	7.0	15.0
X	63526906	5.0	21.0
X	66307401	3.0	31.0
X	66986591	10.0	19.0
X	67049874	6.0	24.0
X	68467398	9.0	22.0
X	68715892	3.0	22.0
X	70497715	5.0	16.0
X	73844275	3.0	24.0
X	74340447	5.0	17.0
X	77048783	3.0	21.0
X	77463546	5.0	14.0
X	78146503	4.0	11.0
X	78442657	4.0	29.0
X	78525239	5.0	21.0
X	78981204	8.0	19.0
X	79828862	3.0	20.0
X	81396227	5.0	22.0
X	82347111	5.0	34.0
X	82999892	13.0	13.0
X	83299782	7.0	25.0
X	85780711	4.0	16.0
X	85968576	3.0	18.0
X	87593192	4.0	19.0
X	88265078	4.0	31.0
X	92882083	3.0	28.0
X	93298901	6.0	20.0
X	93741071	4.0	16.0
X	97677908	10.0	13.0
X	104122179	4.0	28.0
X	112003085	5.0	29.0
X	118029449	7.0	14.0
X	120960154	5.0	26.0
X	123969978	7.0	20.0
X	125280565	6.0	20.0
X	131230345	4.0	22.0
X	132072299	3.0	27.0
X	136138893	4.0	25.0
X	136897334	7.0	17.0
X	137489934	9.0	19.0
X	137679848	5.0	18.0
X	139538546	3.0	18.0
X	141664703	7.0	12.0
X	141892591	8.0	16.0
X	142189000	12.0	12.0
X	142234136	5.0	15.0
X	142653092	3.0	22.0
X	143021023	3.0	19.0
X	145265042	9.0	15.0
X	145801942	3.0	22.0
X	146316203	5.0	15.0
X	150825768	3.0	33.0
X	153599380	4.0	34.0
X	153882405	3.0	21.0
X	155154752	11.0	42.0
Y	3455232	10.0	21.0
Y	4257800	5.0	21.0
Y	4275476	5.0	26.0
Y	4319049	5.0	30.0
Y	6971901	4.0	20.0
Y	8195329	4.0	31.0
Y	9446130	5.0	15.0
Y	13671680	7.0	29.0
Y	13981656	8.0	20.0
Y	14281643	3.0	27.0
Y	14310891	2.0	33.0
Y	15193223	7.0	105.0
Y	17297495	3.0	17.0
Y	18059851	3.0	28.0
Y	21561245	4.0	21.0
Y	21992157	6.0	19.0
Y	23194848	3.0	10.0
Y	23423083	5.0	22.0
Y	23971417	8.0	19.0
Y	28723680	9.0	30.0
