chromosome_index position alt_count ref_count
1 3511980 36 67
1 3751620 4 31
1 19464498 25 40
1 24080614 40 69
1 31479871 112 215
1 43828621 55 77
1 100680458 28 45
1 109807126 62 103
1 111862962 28 43
1 114308975 66 99
1 152276023 237 439
1 171527271 30 50
1 174987712 32 49
1 175355248 29 64
1 182856426 52 72
1 192128419 18 56
1 224804814 96 174
1 232649814 91 143
1 236702385 23 45
2 33768640 16 18
2 37129786 83 118
2 37873747 83 196
2 96592980 27 60
2 97428005 67 119
2 179599140 73 142
2 182543429 5 8
2 197889959 36 61
2 203848266 30 56
3 38316610 98 184
3 48266893 73 128
3 51897303 11 154
3 56779418 73 140
3 62317065 52 81
3 98309567 20 59
3 146167110 80 122
3 182789038 27 93
4 76529105 42 62
4 123202841 53 96
5 7878202 19 38
5 31515239 59 104
5 98192299 26 15
5 121799288 8 3
5 140741729 41 23
5 180030377 15 25
6 20548882 54 83
6 33156195 49 79
6 71003975 68 127
6 90660214 38 58
6 105776878 32 52
7 73790824 8 11
7 83631283 20 50
7 95818645 19 27
7 141764248 9 7
7 151254193 26 41
8 10466983 15 42
8 86180770 59 94
8 91072373 37 67
8 132982859 47 115
9 2810352 20 63
9 33798069 46 104
9 92007357 36 89
9 102730748 4 47
9 116840551 3 29
9 133759486 90 124
9 134019822 146 294
10 6258717 39 140
10 6258718 39 138
10 6258719 39 136
10 13653627 38 60
10 16941136 39 56
10 115365937 22 51
10 115365938 22 53
10 115365939 22 52
11 58978386 53 113
11 63885635 50 75
11 65835795 3 17
11 66325226 4 33
11 66617172 25 63
11 113288847 16 43
11 133816079 9 32
12 10541382 43 58
12 12318144 73 124
12 29469910 128 197
12 40758851 30 58
12 44149046 3 27
12 45803213 55 99
12 53203234 38 114
13 52548876 20 44
13 115022697 48 100
14 20944804 7 15
14 24612672 34 72
14 24709984 32 100
14 65008125 42 103
14 65008173 50 127
14 70991146 65 84
14 74959964 4 16
14 77844646 45 72
14 79423648 59 100
14 95903278 61 73
14 101012903 40 73
15 28431846 25 39
15 35274327 59 91
15 40758294 93 134
15 51790750 15 26
15 52498142 17 25
15 74327953 37 84
15 101887839 6 15
16 338194 42 112
16 4864623 16 42
16 15133833 93 166
16 28880661 31 54
16 28925762 10 34
16 30566419 7 7
16 30775599 11 24
16 31340556 9 15
16 47684490 36 71
16 68953020 10 17
17 5353590 102 169
17 7796703 4 27
17 8077025 6 6
17 18150014 9 22
17 36487272 3 34
17 46688052 6 6
17 65134124 66 122
17 65134125 67 117
17 71197359 66 117
17 74277019 10 28
19 7585576 14 24
19 13039366 18 11
19 35250173 67 97
19 35250175 67 98
19 42863080 3 25
19 46029471 15 10
19 49360678 4 23
19 56200303 3 13
19 56370219 77 100
20 50407897 40 73
22 38328888 30 41
22 50688998 12 16
