chromosome_index position alt_count ref_count
2 204305685 24 217
2 231368925 6 140
2 242626069 4 18
3 52420237 10 60
4 47427733 9 190
5 304319 4 19
5 140531282 17 561
5 140537079 101 293
5 140563584 85 384
6 28057219 31 74
7 114299484 29 105
8 117783946 21 94
9 115962194 13 35
9 136508616 37 145
10 75139867 53 455
10 101373523 18 71
11 13443342 13 75
12 47472525 33 146
16 4780010 44 393
16 20952769 153 494
17 19641485 18 71
17 46136011 40 126
17 63049844 26 113
18 13826202 10 283
19 6822285 4 25
19 15073138 33 126
19 33077770 25 101
20 2688616 8 18
