chromosome_index	position	alt_count	ref_count
1	2954538	9.0	9.0
1	3502183	5.0	36.0
1	4146391	8.0	6.0
1	4896679	10.0	10.0
1	5395836	12.0	7.0
1	5593995	9.0	16.0
1	8440635	4.0	13.0
1	13794392	3.0	18.0
1	14156490	5.0	10.0
1	14405510	10.0	7.0
1	15363920	7.0	9.0
1	16890488	9.0	53.0
1	16931824	22.0	92.0
1	18381241	12.0	11.0
1	20318575	12.0	14.0
1	22449957	3.0	16.0
1	22871874	8.0	13.0
1	24451732	15.0	8.0
1	25259920	3.0	13.0
1	34771572	9.0	12.0
1	36497595	20.0	19.0
1	36879839	13.0	19.0
1	36968791	17.0	23.0
1	38998897	5.0	10.0
1	40007566	12.0	24.0
1	40685696	13.0	18.0
1	42546873	12.0	12.0
1	43057356	6.0	27.0
1	46173387	11.0	11.0
1	49828850	19.0	19.0
1	49986736	11.0	13.0
1	53569121	8.0	1.0
1	56184516	12.0	19.0
1	58070929	21.0	18.0
1	58182863	14.0	16.0
1	59378651	16.0	22.0
1	59847892	7.0	16.0
1	60758758	14.0	16.0
1	60886007	18.0	19.0
1	60996410	4.0	32.0
1	62862186	12.0	8.0
1	63696398	14.0	17.0
1	64784098	12.0	12.0
1	68807823	10.0	16.0
1	69592154	16.0	17.0
1	70015732	9.0	16.0
1	70082666	23.0	17.0
1	70504364	11.0	14.0
1	71493379	14.0	12.0
1	71529462	25.0	22.0
1	72269270	22.0	18.0
1	72272457	11.0	17.0
1	72968772	13.0	19.0
1	74179629	12.0	22.0
1	74952781	14.0	23.0
1	75491147	17.0	18.0
1	79413956	14.0	28.0
1	79890484	16.0	20.0
1	81111185	13.0	22.0
1	82005606	12.0	34.0
1	82667639	4.0	29.0
1	83558322	11.0	20.0
1	88627710	29.0	21.0
1	89305690	19.0	11.0
1	90512511	12.0	12.0
1	90692119	12.0	24.0
1	92411094	11.0	8.0
1	92493313	10.0	12.0
1	95888879	16.0	20.0
1	96542036	16.0	11.0
1	97875267	22.0	8.0
1	98256154	23.0	21.0
1	98870045	16.0	20.0
1	99400506	16.0	10.0
1	99575715	23.0	22.0
1	101154485	9.0	26.0
1	102695668	9.0	6.0
1	103007165	14.0	12.0
1	103557236	16.0	27.0
1	103619721	19.0	27.0
1	106149688	19.0	19.0
1	106612409	27.0	24.0
1	107209160	17.0	21.0
1	108210084	16.0	25.0
1	110398288	11.0	13.0
1	113157189	19.0	20.0
1	115530009	10.0	15.0
1	117672818	14.0	14.0
1	119744618	14.0	18.0
1	119886296	11.0	14.0
1	146863131	9.0	8.0
1	150600862	13.0	14.0
1	156343437	16.0	4.0
1	156985444	8.0	14.0
1	157180810	8.0	29.0
1	159180696	14.0	21.0
1	159667988	31.0	28.0
1	162824098	13.0	24.0
1	163026439	17.0	24.0
1	163970137	19.0	13.0
1	164852421	16.0	14.0
1	168422920	7.0	24.0
1	171759464	15.0	15.0
1	173899943	15.0	16.0
1	174823387	20.0	33.0
1	175983106	15.0	25.0
1	176372750	17.0	18.0
1	176525739	9.0	12.0
1	177414447	15.0	26.0
1	177860234	7.0	13.0
1	177860235	7.0	13.0
1	185854496	10.0	29.0
1	186261846	9.0	18.0
1	186648808	22.0	15.0
1	186780155	7.0	26.0
1	187337238	14.0	27.0
1	188979476	24.0	16.0
1	189070650	16.0	28.0
1	189579257	14.0	20.0
1	190376878	4.0	49.0
1	190889225	20.0	29.0
1	190908926	3.0	29.0
1	191319636	17.0	20.0
1	191421525	21.0	24.0
1	191560257	18.0	22.0
1	191616780	19.0	22.0
1	191919269	19.0	14.0
1	193300988	15.0	19.0
1	194475752	19.0	20.0
1	194714987	16.0	15.0
1	194963797	18.0	14.0
1	195085742	14.0	26.0
1	195430117	18.0	20.0
1	195775543	20.0	18.0
1	198479663	16.0	11.0
1	200658486	4.0	6.0
1	203983915	7.0	19.0
1	204910109	19.0	29.0
1	206852957	12.0	21.0
1	208405465	8.0	15.0
1	209515675	12.0	15.0
1	210448309	20.0	20.0
1	211137584	19.0	21.0
1	211401710	8.0	20.0
1	212305905	17.0	17.0
1	212697357	11.0	10.0
1	213493708	16.0	25.0
1	215012864	9.0	12.0
1	215498059	12.0	12.0
1	215795948	21.0	21.0
1	216461857	20.0	33.0
1	216782978	26.0	19.0
1	217072566	20.0	11.0
1	217592917	15.0	16.0
1	218098711	3.0	14.0
1	219046139	5.0	24.0
1	219465065	13.0	21.0
1	219897346	16.0	13.0
1	221205459	11.0	27.0
1	223015195	20.0	21.0
1	223409434	24.0	19.0
1	223432707	5.0	20.0
1	225387208	21.0	15.0
1	230829776	10.0	16.0
1	234042825	16.0	15.0
1	236213228	8.0	10.0
1	237488610	18.0	19.0
1	237526721	12.0	24.0
1	237534435	18.0	13.0
1	238227971	15.0	27.0
1	238420811	10.0	17.0
1	238650169	11.0	18.0
1	238774547	18.0	15.0
1	239193956	6.0	15.0
1	239264692	10.0	17.0
1	239292308	18.0	18.0
1	239673355	18.0	6.0
1	239693912	14.0	17.0
1	240613404	19.0	15.0
1	241620142	21.0	23.0
1	242486156	22.0	19.0
1	245689701	15.0	23.0
1	247781084	4.0	13.0
10	2766761	14.0	17.0
10	2943763	19.0	20.0
10	3923796	11.0	12.0
10	4753488	11.0	15.0
10	6368212	10.0	11.0
10	6562609	15.0	7.0
10	8146524	18.0	11.0
10	8346899	8.0	13.0
10	8623272	13.0	13.0
10	8809465	9.0	20.0
10	10359634	24.0	27.0
10	13733816	7.0	10.0
10	15749095	9.0	6.0
10	17308122	10.0	9.0
10	18454051	22.0	17.0
10	18521685	10.0	14.0
10	19355578	22.0	23.0
10	19535358	11.0	7.0
10	19616091	19.0	29.0
10	19743612	7.0	13.0
10	20437669	11.0	16.0
10	20647693	9.0	14.0
10	20698294	12.0	22.0
10	21578678	4.0	20.0
10	21747703	25.0	22.0
10	24345920	13.0	24.0
10	28069163	16.0	20.0
10	32170818	22.0	11.0
10	33675491	4.0	31.0
10	34188540	12.0	26.0
10	35011362	17.0	23.0
10	36910108	4.0	26.0
10	37885855	8.0	16.0
10	38387641	16.0	20.0
10	44923565	17.0	5.0
10	51542421	7.0	11.0
10	52918934	9.0	29.0
10	53966579	8.0	13.0
10	54254105	14.0	16.0
10	56084359	7.0	18.0
10	56509699	17.0	23.0
10	56772805	17.0	21.0
10	57433334	19.0	18.0
10	57619061	17.0	19.0
10	57652643	33.0	24.0
10	57796373	16.0	12.0
10	59155547	12.0	19.0
10	62464090	20.0	8.0
10	62991287	22.0	26.0
10	63710848	6.0	21.0
10	63710849	6.0	21.0
10	65699143	5.0	28.0
10	66105308	9.0	28.0
10	66604544	18.0	19.0
10	66696198	30.0	19.0
10	66924863	29.0	18.0
10	67048870	12.0	11.0
10	67595265	3.0	36.0
10	67613124	13.0	25.0
10	67722138	3.0	9.0
10	70982096	17.0	17.0
10	74191641	23.0	25.0
10	78389631	21.0	19.0
10	79422304	14.0	8.0
10	83535926	24.0	18.0
10	83849554	12.0	19.0
10	84065711	25.0	23.0
10	84709320	18.0	13.0
10	86523152	10.0	13.0
10	87745130	11.0	12.0
10	94441442	4.0	32.0
10	95843691	8.0	23.0
10	99439900	9.0	7.0
10	104550935	11.0	5.0
10	106556987	22.0	15.0
10	107154148	14.0	20.0
10	107252419	16.0	11.0
10	107601080	21.0	24.0
10	107808191	13.0	17.0
10	107929490	16.0	25.0
10	107970460	13.0	19.0
10	108101278	12.0	25.0
10	109002379	13.0	24.0
10	109106289	20.0	27.0
10	109823816	18.0	16.0
10	112835021	14.0	16.0
10	114651315	15.0	13.0
10	115819286	13.0	13.0
10	116944497	10.0	26.0
10	117465105	17.0	30.0
10	117513874	16.0	18.0
10	118892124	6.0	9.0
10	119283499	12.0	11.0
10	119688490	15.0	9.0
10	122064900	15.0	27.0
10	122857330	13.0	25.0
10	122857331	13.0	24.0
10	122859913	13.0	19.0
10	124981165	10.0	11.0
10	125540756	20.0	8.0
10	130242951	16.0	27.0
10	130528861	19.0	21.0
10	131109805	10.0	10.0
10	131935596	7.0	5.0
10	133823055	31.0	19.0
11	4820619	1.0	19.0
11	7075761	19.0	20.0
11	9768522	12.0	16.0
11	13344036	17.0	10.0
11	15426103	17.0	23.0
11	15996080	5.0	5.0
11	17248745	5.0	22.0
11	18522440	10.0	25.0
11	21936224	17.0	20.0
11	22682563	14.0	17.0
11	23367939	13.0	18.0
11	23501519	14.0	12.0
11	23905907	9.0	8.0
11	24049395	18.0	20.0
11	24089538	17.0	23.0
11	24498499	13.0	18.0
11	24600131	14.0	12.0
11	24636226	22.0	14.0
11	25431551	11.0	13.0
11	26009633	3.0	25.0
11	28725488	16.0	23.0
11	29044552	15.0	25.0
11	29162643	20.0	18.0
11	30548785	8.0	7.0
11	30563070	20.0	16.0
11	32292744	18.0	29.0
11	34316447	14.0	6.0
11	34925353	6.0	12.0
11	36809862	19.0	15.0
11	37146303	15.0	19.0
11	37374777	22.0	16.0
11	37831995	14.0	16.0
11	38366647	18.0	17.0
11	38378476	21.0	38.0
11	40181893	18.0	14.0
11	40196801	26.0	23.0
11	40257209	12.0	19.0
11	40327915	15.0	17.0
11	40855388	21.0	20.0
11	41720152	15.0	14.0
11	42430180	20.0	19.0
11	42731104	16.0	13.0
11	46286185	8.0	6.0
11	47483310	7.0	5.0
11	47987969	15.0	12.0
11	49561614	4.0	26.0
11	49961533	19.0	18.0
11	50031254	14.0	6.0
11	50263959	24.0	13.0
11	50454425	6.0	26.0
11	50577699	17.0	23.0
11	55735607	14.0	23.0
11	56199646	15.0	32.0
11	56310329	5.0	15.0
11	57679955	16.0	11.0
11	58803955	9.0	14.0
11	60945718	9.0	13.0
11	62245289	5.0	6.0
11	64162898	17.0	12.0
11	67501592	4.0	19.0
11	70418234	3.0	10.0
11	73717216	6.0	3.0
11	79602323	15.0	23.0
11	79939735	21.0	15.0
11	80621491	3.0	16.0
11	80682679	9.0	14.0
11	80770896	15.0	15.0
11	81186150	17.0	16.0
11	81412229	7.0	16.0
11	82038215	10.0	19.0
11	83927585	22.0	16.0
11	84013833	15.0	24.0
11	85964767	12.0	21.0
11	86289550	12.0	14.0
11	88414806	11.0	17.0
11	89451471	13.0	13.0
11	90017909	14.0	19.0
11	90091517	24.0	17.0
11	90295183	26.0	13.0
11	90641060	16.0	26.0
11	91053712	17.0	27.0
11	91206758	14.0	20.0
11	91334532	10.0	11.0
11	91999438	16.0	13.0
11	92969078	8.0	7.0
11	95005743	13.0	14.0
11	95774939	13.0	12.0
11	96488575	10.0	21.0
11	96954405	24.0	23.0
11	97826197	20.0	28.0
11	98754954	19.0	17.0
11	98867716	8.0	11.0
11	98881892	15.0	19.0
11	99853405	8.0	12.0
11	107652383	17.0	11.0
11	110474337	27.0	22.0
11	114136510	9.0	20.0
11	115514515	8.0	7.0
11	116039193	4.0	27.0
11	116942476	7.0	10.0
11	117766135	20.0	33.0
11	120823356	7.0	9.0
11	120842900	4.0	11.0
11	121830718	13.0	12.0
11	124157569	23.0	23.0
11	126213538	4.0	5.0
11	126576519	25.0	22.0
11	127347921	26.0	24.0
11	132050965	16.0	15.0
11	132161397	21.0	23.0
11	132491201	21.0	14.0
11	133136240	18.0	15.0
11	134004924	11.0	16.0
12	570640	8.0	10.0
12	3567223	9.0	6.0
12	4945604	10.0	11.0
12	7648735	23.0	14.0
12	8111658	7.0	15.0
12	15196537	19.0	28.0
12	15565110	8.0	28.0
12	16585001	5.0	33.0
12	18393314	21.0	16.0
12	19703491	21.0	24.0
12	20092343	21.0	18.0
12	20818405	21.0	31.0
12	21265046	21.0	13.0
12	23017983	22.0	32.0
12	23284342	4.0	42.0
12	23680294	14.0	19.0
12	23751270	17.0	19.0
12	24278066	11.0	18.0
12	28225608	16.0	14.0
12	28974531	18.0	14.0
12	29141929	15.0	19.0
12	29526691	16.0	17.0
12	29552982	22.0	16.0
12	32950823	10.0	11.0
12	33537284	14.0	19.0
12	34295680	9.0	10.0
12	38590312	9.0	17.0
12	39303878	17.0	18.0
12	39549567	20.0	11.0
12	39630818	10.0	14.0
12	45483341	14.0	26.0
12	48159428	6.0	7.0
12	51084603	22.0	11.0
12	52076009	7.0	38.0
12	52692355	15.0	22.0
12	53286400	12.0	17.0
12	58764801	13.0	13.0
12	58807297	15.0	17.0
12	58813147	14.0	13.0
12	59408676	10.0	16.0
12	59408682	10.0	17.0
12	59408747	13.0	22.0
12	59899540	20.0	23.0
12	60273032	13.0	16.0
12	60640148	22.0	13.0
12	61578848	5.0	9.0
12	62258326	11.0	22.0
12	66073184	20.0	20.0
12	67845192	4.0	9.0
12	69648406	18.0	11.0
12	69906467	10.0	15.0
12	70787045	6.0	12.0
12	71736316	8.0	16.0
12	72693854	24.0	15.0
12	74544969	18.0	21.0
12	77645986	3.0	27.0
12	78907791	14.0	16.0
12	79088807	15.0	30.0
12	79467019	13.0	17.0
12	80412793	18.0	17.0
12	81826824	21.0	22.0
12	82585094	18.0	21.0
12	82994021	15.0	23.0
12	83007703	22.0	23.0
12	83479599	10.0	20.0
12	84125048	10.0	17.0
12	84980707	14.0	22.0
12	86506401	10.0	27.0
12	86652028	13.0	21.0
12	86708943	10.0	14.0
12	87074291	10.0	22.0
12	87626579	12.0	17.0
12	87988181	22.0	16.0
12	89649847	18.0	9.0
12	90170305	13.0	29.0
12	91158950	10.0	13.0
12	92277159	20.0	29.0
12	92780483	17.0	9.0
12	92864305	19.0	16.0
12	94063810	12.0	19.0
12	94278185	14.0	10.0
12	97610278	12.0	20.0
12	100465993	26.0	20.0
12	100466155	18.0	17.0
12	102688379	9.0	22.0
12	105465266	8.0	9.0
12	107157354	17.0	26.0
12	107363510	13.0	10.0
12	107952502	10.0	11.0
12	111448371	14.0	7.0
12	112263756	16.0	16.0
12	112690607	4.0	18.0
12	115008600	8.0	17.0
12	115093418	8.0	8.0
12	118666787	11.0	22.0
12	124429316	4.0	29.0
12	127830504	9.0	13.0
12	129286544	10.0	13.0
12	129587068	8.0	15.0
12	130113033	11.0	9.0
12	130195903	10.0	15.0
12	131391702	9.0	14.0
12	131826169	6.0	4.0
13	22039158	21.0	13.0
13	22402117	11.0	11.0
13	23084979	23.0	19.0
13	23687719	11.0	17.0
13	26504164	4.0	3.0
13	26703732	14.0	16.0
13	27220330	4.0	27.0
13	27401621	10.0	8.0
13	27617833	8.0	21.0
13	27617872	13.0	21.0
13	28841804	11.0	9.0
13	29625206	10.0	13.0
13	30564681	12.0	10.0
13	34792765	22.0	25.0
13	35084345	17.0	18.0
13	35890048	27.0	23.0
13	36486846	9.0	8.0
13	37496328	11.0	23.0
13	39434551	20.0	8.0
13	42958214	14.0	23.0
13	45037811	13.0	18.0
13	45759663	17.0	20.0
13	46299443	16.0	13.0
13	46883270	6.0	16.0
13	46951368	11.0	19.0
13	47862608	16.0	18.0
13	53262929	23.0	22.0
13	54030501	12.0	10.0
13	54513519	10.0	11.0
13	54723439	21.0	22.0
13	54755767	15.0	11.0
13	55599885	3.0	24.0
13	55664093	12.0	15.0
13	55765161	16.0	30.0
13	55804056	15.0	19.0
13	55823671	27.0	24.0
13	56150943	11.0	20.0
13	56247564	24.0	22.0
13	56277352	22.0	20.0
13	57026212	18.0	17.0
13	57492931	12.0	18.0
13	58734780	4.0	47.0
13	59489092	22.0	17.0
13	59549499	27.0	16.0
13	59634073	20.0	32.0
13	59764145	11.0	15.0
13	59786367	8.0	14.0
13	60575045	15.0	13.0
13	61698092	20.0	20.0
13	61952691	23.0	19.0
13	62079760	14.0	21.0
13	62144013	17.0	19.0
13	62499375	9.0	12.0
13	62826561	13.0	15.0
13	62991066	14.0	10.0
13	63008830	13.0	25.0
13	63028676	9.0	12.0
13	63121664	17.0	32.0
13	64124806	23.0	15.0
13	65560408	10.0	16.0
13	65613524	13.0	18.0
13	67953699	15.0	13.0
13	68128466	20.0	23.0
13	69541547	16.0	13.0
13	69599275	7.0	31.0
13	70714294	3.0	37.0
13	72922165	19.0	16.0
13	73068924	31.0	17.0
13	75664642	18.0	12.0
13	76532835	20.0	21.0
13	76755336	20.0	29.0
13	78035403	8.0	23.0
13	79539698	4.0	30.0
13	81934938	18.0	19.0
13	82103746	15.0	16.0
13	83257861	21.0	16.0
13	83351509	23.0	22.0
13	84187463	7.0	5.0
13	84197183	8.0	32.0
13	84747731	23.0	18.0
13	84773795	4.0	29.0
13	85059124	20.0	30.0
13	85373548	15.0	29.0
13	85625135	9.0	16.0
13	85724804	23.0	28.0
13	85768698	15.0	16.0
13	86241428	18.0	27.0
13	86991234	26.0	23.0
13	87181354	8.0	19.0
13	87829380	21.0	21.0
13	87891941	13.0	19.0
13	88123413	4.0	40.0
13	89133958	13.0	16.0
13	90103744	12.0	12.0
13	90196730	14.0	27.0
13	91664134	14.0	21.0
13	92294663	9.0	26.0
13	92294664	9.0	25.0
13	93134632	10.0	14.0
13	93169716	8.0	7.0
13	93259892	14.0	28.0
13	94080426	10.0	15.0
13	94609650	18.0	14.0
13	94973033	16.0	16.0
13	95434156	12.0	19.0
13	95921801	19.0	16.0
13	96155734	22.0	12.0
13	96254816	12.0	17.0
13	98218277	19.0	15.0
13	100603002	8.0	5.0
13	102395434	12.0	28.0
13	102641364	8.0	15.0
13	103201077	19.0	15.0
13	104638109	17.0	24.0
13	105250237	18.0	15.0
13	105298787	22.0	23.0
13	105758525	15.0	19.0
13	106209900	12.0	14.0
13	107294654	18.0	16.0
13	110307460	13.0	16.0
13	110392724	10.0	18.0
13	112893719	11.0	5.0
13	113052694	4.0	18.0
13	113921632	11.0	11.0
14	21277259	14.0	16.0
14	27172812	22.0	20.0
14	27603682	19.0	25.0
14	27743858	20.0	18.0
14	27784279	20.0	23.0
14	27906464	28.0	15.0
14	28385977	27.0	27.0
14	28476308	17.0	15.0
14	28683891	19.0	23.0
14	29457490	16.0	31.0
14	29642366	14.0	15.0
14	37129836	9.0	7.0
14	37450135	15.0	29.0
14	37715564	19.0	17.0
14	40948990	29.0	24.0
14	41868908	12.0	18.0
14	44176694	30.0	28.0
14	47036277	20.0	18.0
14	47966041	13.0	16.0
14	48086447	6.0	7.0
14	48684158	28.0	17.0
14	49368021	14.0	17.0
14	49466399	5.0	29.0
14	51807942	17.0	10.0
14	55685825	12.0	16.0
14	57503880	16.0	16.0
14	57798630	12.0	12.0
14	60347681	12.0	12.0
14	63230303	16.0	15.0
14	64724923	11.0	9.0
14	65664983	4.0	17.0
14	72426549	12.0	9.0
14	74901973	6.0	9.0
14	74920413	14.0	14.0
14	79461036	5.0	42.0
14	79643523	18.0	13.0
14	79824010	24.0	20.0
14	80038744	21.0	22.0
14	80802894	10.0	11.0
14	81370794	16.0	18.0
14	83462540	22.0	19.0
14	83599447	18.0	23.0
14	84261064	14.0	22.0
14	84538658	16.0	14.0
14	84714385	21.0	21.0
14	85089484	3.0	27.0
14	85176340	18.0	14.0
14	85460726	22.0	15.0
14	85593258	13.0	21.0
14	86651622	10.0	12.0
14	87663288	12.0	12.0
14	89583115	3.0	25.0
14	93318972	7.0	15.0
14	94202437	16.0	20.0
14	95119481	14.0	14.0
14	97472401	13.0	8.0
14	97493169	20.0	29.0
14	97939900	12.0	18.0
14	100878072	13.0	8.0
14	101358683	5.0	11.0
14	103239287	5.0	6.0
14	104435459	10.0	22.0
14	106327312	5.0	5.0
14	106327402	6.0	9.0
14	106327461	9.0	5.0
14	106327472	9.0	3.0
14	106328795	16.0	7.0
14	106328993	10.0	18.0
14	106329089	12.0	3.0
14	106329116	3.0	5.0
14	106329180	2.0	3.0
14	106329181	2.0	3.0
14	106329215	4.0	5.0
14	106382169	13.0	1.0
14	106994066	5.0	4.0
14	106994576	25.0	14.0
14	106994633	14.0	13.0
14	107169812	11.0	29.0
15	20460792	11.0	56.0
15	24251628	11.0	18.0
15	25425211	8.0	6.0
15	25732247	17.0	13.0
15	25786905	12.0	3.0
15	26318214	21.0	20.0
15	26866690	6.0	15.0
15	27480949	17.0	14.0
15	27917720	10.0	8.0
15	30951444	16.0	34.0
15	31149883	11.0	18.0
15	33544983	14.0	22.0
15	36458706	31.0	19.0
15	37761443	5.0	12.0
15	38195583	4.0	34.0
15	39838392	22.0	21.0
15	42231958	7.0	15.0
15	44176630	3.0	21.0
15	47381524	15.0	14.0
15	47431339	18.0	15.0
15	50826145	4.0	18.0
15	50883365	3.0	26.0
15	52658864	13.0	14.0
15	54137270	15.0	14.0
15	54227648	16.0	20.0
15	54409368	11.0	18.0
15	55112086	18.0	13.0
15	55606562	13.0	14.0
15	57623944	11.0	6.0
15	58790534	17.0	9.0
15	60039604	10.0	18.0
15	60055463	19.0	19.0
15	60862941	24.0	12.0
15	61898736	20.0	18.0
15	62213615	14.0	19.0
15	69313948	11.0	10.0
15	71918959	20.0	15.0
15	72227368	18.0	21.0
15	73668978	4.0	19.0
15	76296739	10.0	14.0
15	77797353	7.0	15.0
15	79985296	7.0	7.0
15	82345477	8.0	11.0
15	84017283	16.0	20.0
15	91464015	20.0	8.0
15	94233714	13.0	9.0
15	94750902	17.0	16.0
15	97523511	17.0	21.0
15	97523561	12.0	17.0
15	98281131	9.0	22.0
15	99789191	18.0	15.0
15	102319795	10.0	10.0
16	557057	3.0	7.0
16	3836066	13.0	18.0
16	6484132	8.0	15.0
16	7229465	3.0	29.0
16	10669982	3.0	25.0
16	12244535	12.0	9.0
16	13888039	16.0	11.0
16	19489635	13.0	13.0
16	20981411	10.0	17.0
16	21194411	10.0	8.0
16	21300381	12.0	22.0
16	27901182	3.0	25.0
16	29853855	3.0	17.0
16	32006696	9.0	22.0
16	32502435	11.0	53.0
16	34691899	18.0	14.0
16	35030454	11.0	7.0
16	35171402	15.0	21.0
16	35229917	13.0	21.0
16	50230796	7.0	7.0
16	52633856	8.0	24.0
16	53444897	9.0	7.0
16	54762466	17.0	18.0
16	55085750	7.0	8.0
16	56465766	15.0	16.0
16	60512588	24.0	24.0
16	60649932	13.0	29.0
16	61129737	15.0	15.0
16	61140614	9.0	27.0
16	61704842	14.0	14.0
16	61962564	10.0	18.0
16	62007418	13.0	7.0
16	62433693	21.0	21.0
16	62798912	22.0	24.0
16	62983712	4.0	27.0
16	63384974	12.0	11.0
16	63889685	13.0	24.0
16	64565299	18.0	16.0
16	64772825	7.0	13.0
16	65225394	18.0	21.0
16	65262775	16.0	16.0
16	67857994	10.0	10.0
16	68683782	10.0	9.0
16	72809589	10.0	17.0
16	76271815	12.0	13.0
16	77651005	13.0	27.0
16	78830195	19.0	15.0
16	79977636	22.0	19.0
16	81850626	8.0	16.0
16	84840028	6.0	5.0
16	85562179	8.0	15.0
16	86558625	8.0	14.0
17	1114396	10.0	8.0
17	3191040	8.0	17.0
17	3378719	22.0	25.0
17	4664753	3.0	29.0
17	6373276	14.0	7.0
17	10343767	27.0	18.0
17	10528932	14.0	14.0
17	10914765	11.0	8.0
17	13001261	12.0	13.0
17	13769390	13.0	24.0
17	15955203	4.0	8.0
17	21428696	17.0	17.0
17	21717536	12.0	20.0
17	26097997	5.0	8.0
17	29221610	11.0	23.0
17	35226303	10.0	9.0
17	39277702	5.0	15.0
17	42043929	15.0	16.0
17	43661498	9.0	28.0
17	43842735	4.0	13.0
17	43842746	3.0	11.0
17	43842758	4.0	11.0
17	43842774	3.0	10.0
17	43873622	7.0	9.0
17	48838720	16.0	13.0
17	50195527	23.0	13.0
17	50299999	20.0	22.0
17	50545028	7.0	24.0
17	51196989	15.0	13.0
17	51317905	15.0	19.0
17	51366744	22.0	16.0
17	51506599	18.0	16.0
17	51621500	17.0	18.0
17	52672841	11.0	10.0
17	53746223	14.0	22.0
17	53982148	14.0	15.0
17	54011561	15.0	19.0
17	54502139	19.0	19.0
17	55971465	10.0	6.0
17	56343409	10.0	18.0
17	59944260	18.0	26.0
17	59944291	23.0	25.0
17	60896551	7.0	19.0
17	66736222	13.0	21.0
17	66883626	14.0	16.0
17	68016304	17.0	18.0
17	69572280	12.0	11.0
17	70408549	3.0	7.0
17	73580634	13.0	5.0
17	73588186	6.0	7.0
17	74240809	9.0	10.0
18	3548815	8.0	13.0
18	5774715	12.0	16.0
18	6567649	21.0	18.0
18	6786192	11.0	27.0
18	7915415	13.0	23.0
18	20624568	11.0	16.0
18	25586971	9.0	17.0
18	26497809	15.0	18.0
18	26644969	32.0	16.0
18	26694847	5.0	34.0
18	26705893	15.0	19.0
18	28536118	15.0	14.0
18	30915339	14.0	34.0
18	31535646	17.0	21.0
18	31655006	24.0	23.0
18	33990624	15.0	18.0
18	35245052	14.0	23.0
18	35563466	11.0	10.0
18	36368797	24.0	20.0
18	36471273	21.0	21.0
18	36658156	17.0	14.0
18	37053692	7.0	8.0
18	37502681	18.0	22.0
18	37591637	9.0	17.0
18	37731309	18.0	11.0
18	37740231	16.0	18.0
18	37781794	14.0	23.0
18	38588268	17.0	18.0
18	39477470	18.0	14.0
18	41010099	7.0	10.0
18	45851190	5.0	13.0
18	49673284	16.0	14.0
18	49965362	18.0	21.0
18	50792633	11.0	26.0
18	52652772	11.0	6.0
18	54962691	11.0	20.0
18	57066337	15.0	24.0
18	62103885	12.0	8.0
18	62832297	23.0	19.0
18	63091022	19.0	9.0
18	63094106	19.0	12.0
18	63094859	16.0	23.0
18	63361371	12.0	19.0
18	63857182	14.0	24.0
18	64033094	14.0	23.0
18	65029278	31.0	21.0
18	65374441	10.0	16.0
18	65745846	24.0	20.0
18	66248233	7.0	9.0
18	69164869	12.0	23.0
18	69481633	15.0	21.0
18	70751619	12.0	14.0
18	73741713	25.0	29.0
18	73950626	8.0	15.0
18	76044085	19.0	18.0
18	76364184	17.0	16.0
19	1689020	6.0	7.0
19	2863810	4.0	13.0
19	3610860	5.0	5.0
19	4868234	5.0	6.0
19	14878584	8.0	8.0
19	16921697	26.0	20.0
19	20479527	12.0	18.0
19	21955298	9.0	10.0
19	22094726	18.0	11.0
19	22414057	22.0	21.0
19	27793119	12.0	19.0
19	31183393	14.0	16.0
19	33525258	3.0	22.0
19	37741122	21.0	15.0
19	37918042	13.0	20.0
19	38972561	9.0	11.0
19	39730717	11.0	20.0
19	42535321	5.0	16.0
19	43066392	8.0	12.0
19	47965653	10.0	8.0
19	50420819	15.0	6.0
19	52471852	5.0	11.0
19	52853099	9.0	8.0
19	53017947	11.0	13.0
19	53726514	1.0	2.0
19	54149777	3.0	5.0
19	54736194	4.0	42.0
2	1461561	11.0	17.0
2	2304417	23.0	12.0
2	2483892	28.0	14.0
2	3951835	12.0	16.0
2	4409550	18.0	20.0
2	4814551	11.0	19.0
2	4843743	12.0	19.0
2	5140167	15.0	23.0
2	5297753	20.0	12.0
2	5552099	17.0	15.0
2	6353116	9.0	14.0
2	8564589	15.0	13.0
2	9488986	14.0	5.0
2	10214235	5.0	7.0
2	10505441	7.0	11.0
2	12282368	15.0	9.0
2	13491177	22.0	21.0
2	14034469	20.0	18.0
2	14036194	24.0	22.0
2	14778727	19.0	26.0
2	14813576	14.0	18.0
2	14814371	4.0	8.0
2	16032377	23.0	19.0
2	17375666	14.0	11.0
2	18999928	13.0	8.0
2	21819995	14.0	13.0
2	23551146	13.0	13.0
2	28170681	20.0	24.0
2	31963369	13.0	19.0
2	31963468	9.0	18.0
2	31963511	12.0	17.0
2	31963585	6.0	23.0
2	31963586	7.0	23.0
2	33681770	13.0	17.0
2	40167922	12.0	19.0
2	40507156	8.0	25.0
2	40573659	18.0	16.0
2	41304243	11.0	17.0
2	42930694	16.0	21.0
2	44487800	11.0	20.0
2	49191623	8.0	21.0
2	49957072	24.0	28.0
2	50091954	23.0	23.0
2	50131359	6.0	44.0
2	50251368	11.0	15.0
2	50380803	18.0	16.0
2	50755250	17.0	24.0
2	51682758	12.0	14.0
2	51869801	15.0	9.0
2	52160902	13.0	14.0
2	53143051	3.0	28.0
2	53881499	20.0	25.0
2	54381166	19.0	10.0
2	56996024	12.0	21.0
2	57569395	16.0	19.0
2	58900135	17.0	10.0
2	62586081	20.0	12.0
2	66064380	7.0	22.0
2	67097802	12.0	10.0
2	69549507	15.0	22.0
2	70313546	3.0	6.0
2	70372682	8.0	12.0
2	70950200	14.0	10.0
2	71856453	7.0	18.0
2	76536794	4.0	27.0
2	76689048	12.0	10.0
2	77216161	14.0	22.0
2	77346292	12.0	11.0
2	78002584	19.0	34.0
2	78023771	17.0	14.0
2	78225131	20.0	18.0
2	78252163	20.0	16.0
2	78389913	25.0	17.0
2	78643496	20.0	10.0
2	79155650	23.0	14.0
2	79635427	10.0	18.0
2	79964421	4.0	10.0
2	80561402	15.0	13.0
2	81138065	15.0	26.0
2	81207627	22.0	26.0
2	81820438	20.0	15.0
2	82181338	6.0	33.0
2	82746255	10.0	31.0
2	82882818	5.0	32.0
2	82896991	13.0	22.0
2	83030122	11.0	9.0
2	83195494	18.0	19.0
2	83751556	6.0	35.0
2	83814354	17.0	23.0
2	89160139	11.0	15.0
2	89160172	9.0	10.0
2	89160230	15.0	14.0
2	89160326	11.0	12.0
2	89160490	12.0	15.0
2	89160603	4.0	14.0
2	89160623	4.0	15.0
2	89160643	1.0	12.0
2	89160682	3.0	12.0
2	89160808	7.0	16.0
2	89160809	7.0	15.0
2	89160846	9.0	16.0
2	89160885	8.0	17.0
2	89160961	12.0	15.0
2	89160978	14.0	13.0
2	89161159	4.0	18.0
2	89161184	3.0	18.0
2	89161327	1.0	10.0
2	89161342	2.0	8.0
2	89161391	6.0	5.0
2	89164849	13.0	2.0
2	89399542	1.0	10.0
2	89399547	2.0	11.0
2	89399554	2.0	11.0
2	89873467	21.0	37.0
2	90176050	22.0	12.0
2	95621324	6.0	35.0
2	98907120	17.0	23.0
2	101348539	8.0	15.0
2	101545629	10.0	19.0
2	104046547	9.0	14.0
2	105947086	12.0	8.0
2	107299533	14.0	30.0
2	107592806	8.0	19.0
2	109118177	14.0	15.0
2	109551900	8.0	15.0
2	109827902	6.0	8.0
2	113899126	6.0	15.0
2	115820484	13.0	22.0
2	115971521	18.0	21.0
2	116668880	12.0	16.0
2	116786136	16.0	12.0
2	116951960	9.0	11.0
2	117042106	5.0	25.0
2	117885503	3.0	29.0
2	118592692	7.0	8.0
2	120598958	20.0	23.0
2	121395178	14.0	4.0
2	122121442	4.0	13.0
2	122121461	4.0	13.0
2	122121478	4.0	14.0
2	122556264	7.0	16.0
2	123942429	10.0	22.0
2	124051546	22.0	16.0
2	124720836	16.0	24.0
2	124950879	32.0	23.0
2	125432302	3.0	15.0
2	125530717	14.0	12.0
2	125678194	6.0	24.0
2	126802951	14.0	20.0
2	129774307	13.0	12.0
2	132474168	17.0	23.0
2	133565530	4.0	27.0
2	133565539	5.0	29.0
2	134125157	12.0	16.0
2	135740749	12.0	12.0
2	135965943	23.0	26.0
2	136192564	15.0	16.0
2	136965816	12.0	24.0
2	137233048	20.0	18.0
2	139156058	13.0	22.0
2	140316011	11.0	23.0
2	140490723	21.0	20.0
2	141613677	16.0	29.0
2	141624584	16.0	24.0
2	141698981	13.0	22.0
2	141798390	24.0	21.0
2	141825690	16.0	17.0
2	142457043	10.0	22.0
2	143325744	8.0	18.0
2	146954897	21.0	27.0
2	147314329	11.0	15.0
2	148720857	15.0	6.0
2	151337383	16.0	14.0
2	151337642	9.0	15.0
2	151422960	17.0	13.0
2	151641534	14.0	16.0
2	154481002	7.0	12.0
2	154697079	17.0	21.0
2	154962349	18.0	23.0
2	156118062	15.0	21.0
2	156247780	11.0	26.0
2	156918699	7.0	15.0
2	156946564	8.0	23.0
2	158093203	25.0	17.0
2	159702178	19.0	11.0
2	159855362	11.0	15.0
2	161169482	12.0	32.0
2	161572749	20.0	20.0
2	164202092	16.0	18.0
2	164614216	9.0	17.0
2	165239234	17.0	23.0
2	166187766	14.0	22.0
2	166353776	12.0	15.0
2	166908974	13.0	29.0
2	167152370	10.0	22.0
2	168220292	20.0	17.0
2	168220464	6.0	10.0
2	169955546	12.0	12.0
2	170223763	12.0	20.0
2	171394137	9.0	13.0
2	171558124	18.0	16.0
2	172277464	4.0	42.0
2	173532049	13.0	10.0
2	178754205	24.0	12.0
2	180308452	8.0	16.0
2	180308458	8.0	16.0
2	182075849	15.0	24.0
2	185023167	12.0	19.0
2	185129617	21.0	18.0
2	185160343	18.0	10.0
2	185475590	24.0	22.0
2	187662786	20.0	14.0
2	188799989	5.0	9.0
2	189662155	21.0	13.0
2	190114444	10.0	21.0
2	190151023	4.0	38.0
2	194824806	18.0	17.0
2	195612221	28.0	20.0
2	195807659	8.0	34.0
2	196111436	18.0	20.0
2	199001201	19.0	19.0
2	200244968	8.0	13.0
2	200603260	13.0	16.0
2	200783848	12.0	12.0
2	204492149	25.0	14.0
2	205463086	24.0	17.0
2	205630537	14.0	16.0
2	208222490	14.0	24.0
2	210644363	9.0	17.0
2	211189974	15.0	19.0
2	212482056	18.0	18.0
2	212942146	15.0	15.0
2	217944439	8.0	9.0
2	218199048	11.0	14.0
2	221458414	14.0	13.0
2	221864983	16.0	17.0
2	222057939	18.0	22.0
2	223152411	5.0	49.0
2	223621749	12.0	11.0
2	223993632	21.0	21.0
2	224236094	7.0	24.0
2	225709373	9.0	13.0
2	226465183	11.0	16.0
2	226711455	13.0	21.0
2	228319961	14.0	19.0
2	228335789	6.0	17.0
2	229249547	24.0	19.0
2	230523380	20.0	15.0
2	232323914	16.0	17.0
2	237419535	9.0	13.0
2	237762695	4.0	12.0
2	237908967	15.0	7.0
2	240631629	14.0	17.0
2	241204819	9.0	20.0
2	241316080	3.0	14.0
20	467800	12.0	14.0
20	467801	12.0	14.0
20	475752	12.0	15.0
20	3939812	12.0	17.0
20	6423986	17.0	19.0
20	6953710	14.0	18.0
20	7017332	11.0	17.0
20	7691856	7.0	24.0
20	7807290	7.0	8.0
20	7972996	14.0	20.0
20	8450110	11.0	14.0
20	8458701	24.0	29.0
20	8902254	21.0	23.0
20	9096921	30.0	23.0
20	9908630	11.0	10.0
20	10891353	16.0	19.0
20	12594236	14.0	26.0
20	12723965	14.0	19.0
20	12957588	16.0	21.0
20	13020160	18.0	18.0
20	13336170	19.0	12.0
20	13936254	12.0	22.0
20	14961600	9.0	15.0
20	21591275	13.0	13.0
20	23646310	13.0	18.0
20	24167238	20.0	22.0
20	31563864	11.0	14.0
20	32037942	15.0	14.0
20	37333513	14.0	14.0
20	37511260	15.0	15.0
20	39537208	10.0	15.0
20	39616386	5.0	7.0
20	40179770	25.0	15.0
20	40302267	9.0	9.0
20	43560921	7.0	20.0
20	44410073	11.0	8.0
20	44719859	22.0	20.0
20	46453088	5.0	16.0
20	48285289	5.0	7.0
20	49551879	26.0	23.0
20	50070456	24.0	19.0
20	51100922	21.0	21.0
20	53829253	18.0	32.0
20	54643914	13.0	18.0
20	54797760	18.0	12.0
20	57908412	4.0	9.0
20	58859291	10.0	14.0
20	59440167	28.0	24.0
21	10850099	11.0	66.0
21	10852246	14.0	61.0
21	16773952	13.0	15.0
21	16795598	12.0	18.0
21	17907120	11.0	9.0
21	17916888	5.0	7.0
21	18792177	11.0	15.0
21	20360773	3.0	17.0
21	20634395	13.0	23.0
21	20830502	21.0	23.0
21	21118137	15.0	15.0
21	21264107	5.0	12.0
21	21528131	4.0	22.0
21	21652300	16.0	17.0
21	22039783	22.0	12.0
21	22317879	21.0	15.0
21	22906838	4.0	38.0
21	23960649	17.0	23.0
21	25133951	17.0	22.0
21	27573832	31.0	29.0
21	27897805	10.0	16.0
21	28212379	3.0	20.0
21	28746695	4.0	26.0
21	28812725	14.0	14.0
21	29059582	26.0	23.0
21	29330507	4.0	11.0
21	29508726	12.0	20.0
21	32435189	20.0	15.0
21	33404335	10.0	15.0
21	37702006	15.0	17.0
21	39073618	8.0	6.0
21	39120154	14.0	13.0
21	40040128	9.0	10.0
21	40067352	9.0	11.0
21	43762682	9.0	7.0
21	46630071	12.0	7.0
22	19066599	15.0	22.0
22	23196974	12.0	8.0
22	23227991	16.0	20.0
22	23231005	11.0	8.0
22	23231047	13.0	8.0
22	29643983	7.0	10.0
22	30631922	18.0	13.0
22	33134935	16.0	15.0
22	34393099	19.0	17.0
22	36079193	23.0	24.0
22	39413735	5.0	5.0
22	45911776	6.0	12.0
22	47929431	9.0	9.0
22	49219788	9.0	12.0
22	50681011	10.0	11.0
3	1557663	8.0	17.0
3	2040890	29.0	29.0
3	2044588	24.0	28.0
3	5771014	10.0	21.0
3	6004474	18.0	12.0
3	6671204	13.0	16.0
3	7620274	11.0	14.0
3	7665358	5.0	22.0
3	11409280	10.0	20.0
3	13890767	9.0	11.0
3	14764155	15.0	13.0
3	15032632	14.0	23.0
3	18935218	32.0	29.0
3	21094750	9.0	22.0
3	21874019	24.0	12.0
3	21974440	20.0	17.0
3	21995009	10.0	26.0
3	25063808	12.0	33.0
3	25070179	15.0	18.0
3	25707049	8.0	9.0
3	25785841	11.0	20.0
3	25785842	11.0	21.0
3	26311601	19.0	18.0
3	26944844	22.0	19.0
3	27167891	14.0	30.0
3	28620067	15.0	17.0
3	28659677	15.0	20.0
3	28841814	11.0	19.0
3	29041074	3.0	34.0
3	31315552	19.0	16.0
3	33977064	3.0	13.0
3	35422572	21.0	22.0
3	35576005	16.0	26.0
3	35869423	14.0	17.0
3	36036238	15.0	20.0
3	36238254	16.0	27.0
3	36275648	9.0	39.0
3	40378888	10.0	16.0
3	40454094	15.0	19.0
3	44869154	21.0	20.0
3	45101690	7.0	8.0
3	45793307	15.0	21.0
3	46027900	3.0	6.0
3	49929805	4.0	13.0
3	50408204	9.0	3.0
3	50992497	18.0	25.0
3	53284263	8.0	14.0
3	54331785	8.0	14.0
3	55458596	10.0	9.0
3	55788755	18.0	11.0
3	56170357	10.0	15.0
3	56607274	25.0	25.0
3	60082764	7.0	5.0
3	60082773	11.0	6.0
3	60843981	19.0	14.0
3	61271541	17.0	17.0
3	61825420	18.0	27.0
3	62469471	3.0	27.0
3	62903135	11.0	22.0
3	64009589	11.0	11.0
3	65055981	13.0	20.0
3	65250656	14.0	12.0
3	66596805	6.0	13.0
3	66855525	11.0	13.0
3	69225182	12.0	10.0
3	73815836	23.0	17.0
3	74097498	14.0	26.0
3	74522737	8.0	23.0
3	74578098	3.0	29.0
3	75520967	14.0	16.0
3	76101016	19.0	26.0
3	76337955	17.0	16.0
3	76376966	14.0	19.0
3	76460963	11.0	10.0
3	76504102	25.0	24.0
3	76506437	22.0	15.0
3	76598088	18.0	16.0
3	76631786	24.0	22.0
3	77080580	14.0	24.0
3	77080681	16.0	18.0
3	77819365	20.0	27.0
3	78101455	18.0	12.0
3	78101547	18.0	16.0
3	78277842	3.0	37.0
3	78690228	17.0	19.0
3	78913470	18.0	28.0
3	78977829	9.0	13.0
3	79001311	4.0	28.0
3	79303545	11.0	28.0
3	80026937	16.0	16.0
3	80314512	13.0	21.0
3	80662116	19.0	16.0
3	80716701	18.0	17.0
3	80841505	21.0	24.0
3	81170305	22.0	27.0
3	81208237	22.0	29.0
3	81241080	31.0	13.0
3	81247276	11.0	23.0
3	81261658	10.0	31.0
3	81934039	19.0	12.0
3	83741572	15.0	13.0
3	83864138	13.0	17.0
3	83890087	3.0	23.0
3	84126587	15.0	19.0
3	84277675	15.0	17.0
3	84892625	21.0	22.0
3	85032786	17.0	17.0
3	85192776	14.0	20.0
3	85851681	25.0	14.0
3	85971535	22.0	21.0
3	86590072	14.0	12.0
3	86947013	16.0	5.0
3	87335210	22.0	34.0
3	87865463	25.0	19.0
3	88351599	17.0	23.0
3	89560802	15.0	22.0
3	90398573	3.0	39.0
3	94179860	13.0	26.0
3	94405929	13.0	21.0
3	94562201	8.0	27.0
3	95773515	23.0	24.0
3	96026118	20.0	20.0
3	96382343	5.0	41.0
3	97280077	18.0	16.0
3	97608258	8.0	20.0
3	98661928	7.0	19.0
3	104058679	21.0	29.0
3	106680602	20.0	23.0
3	109197458	15.0	22.0
3	109347359	9.0	11.0
3	109949038	14.0	12.0
3	109990635	13.0	15.0
3	110320508	10.0	27.0
3	110908243	3.0	27.0
3	113081324	13.0	18.0
3	116519820	24.0	22.0
3	116870917	14.0	13.0
3	117477386	21.0	16.0
3	117543273	18.0	16.0
3	117668716	15.0	22.0
3	123474383	12.0	24.0
3	124523367	3.0	15.0
3	125951928	15.0	15.0
3	127452641	7.0	11.0
3	128933836	10.0	12.0
3	131082018	21.0	18.0
3	131758631	19.0	21.0
3	132453859	21.0	25.0
3	132961530	12.0	14.0
3	134141784	5.0	5.0
3	135711314	9.0	43.0
3	137802172	5.0	13.0
3	139290633	11.0	9.0
3	139510718	10.0	17.0
3	139814154	16.0	14.0
3	140126084	12.0	17.0
3	142594088	13.0	14.0
3	144591736	15.0	24.0
3	144780031	13.0	21.0
3	144918673	20.0	28.0
3	145100234	25.0	24.0
3	145215914	24.0	17.0
3	145711804	9.0	11.0
3	145871651	12.0	19.0
3	147150941	15.0	21.0
3	147416107	13.0	25.0
3	147508352	19.0	22.0
3	147857238	18.0	13.0
3	148239666	15.0	23.0
3	149859489	16.0	13.0
3	150613609	16.0	23.0
3	151396712	16.0	20.0
3	154199025	9.0	11.0
3	155536647	16.0	10.0
3	159359597	23.0	26.0
3	160242284	15.0	16.0
3	161971295	24.0	19.0
3	162018628	14.0	15.0
3	162111786	10.0	13.0
3	162876647	20.0	24.0
3	162946303	18.0	18.0
3	163096579	20.0	19.0
3	163312065	20.0	25.0
3	163380252	27.0	15.0
3	163822741	17.0	10.0
3	164036500	15.0	15.0
3	164186857	15.0	25.0
3	164243891	21.0	17.0
3	164318891	10.0	17.0
3	164603487	11.0	14.0
3	165056334	4.0	15.0
3	165255507	17.0	21.0
3	165273260	17.0	16.0
3	166244198	29.0	18.0
3	166290831	16.0	15.0
3	166859760	10.0	8.0
3	166887388	10.0	23.0
3	168264596	5.0	10.0
3	168424203	10.0	17.0
3	169489732	10.0	17.0
3	170700071	14.0	22.0
3	173526456	22.0	16.0
3	174148467	7.0	7.0
3	174678878	20.0	22.0
3	174877855	4.0	9.0
3	175416709	18.0	15.0
3	177944302	10.0	27.0
3	178463158	8.0	9.0
3	178940743	15.0	20.0
3	181007033	13.0	19.0
3	181134226	20.0	26.0
3	181515216	17.0	23.0
3	183818324	4.0	11.0
3	184327437	7.0	19.0
3	187462676	14.0	6.0
3	187858737	16.0	17.0
3	187858909	8.0	12.0
3	188419529	12.0	10.0
3	189694114	7.0	12.0
3	189911335	20.0	17.0
3	191530391	17.0	21.0
3	191539404	28.0	28.0
3	194631272	10.0	10.0
3	195184694	10.0	12.0
4	2542911	3.0	11.0
4	5116715	14.0	9.0
4	7120402	4.0	23.0
4	8138035	10.0	10.0
4	8637646	4.0	11.0
4	12319750	12.0	18.0
4	12814539	20.0	23.0
4	13492347	12.0	28.0
4	17306240	11.0	27.0
4	19056685	10.0	15.0
4	19321164	18.0	20.0
4	19742252	12.0	13.0
4	19800165	14.0	14.0
4	20556347	18.0	24.0
4	20835240	12.0	15.0
4	21521950	16.0	27.0
4	22012535	12.0	18.0
4	22412944	13.0	12.0
4	22615038	15.0	26.0
4	22699857	13.0	13.0
4	22800799	20.0	17.0
4	23463996	13.0	10.0
4	23932138	17.0	22.0
4	29173491	18.0	17.0
4	29274818	14.0	10.0
4	29384892	17.0	26.0
4	29640506	17.0	12.0
4	30112872	16.0	20.0
4	30451051	18.0	26.0
4	30760152	20.0	17.0
4	31705063	17.0	19.0
4	31893555	13.0	16.0
4	32089035	14.0	14.0
4	32210324	12.0	17.0
4	32329613	12.0	12.0
4	32912074	5.0	25.0
4	33165036	21.0	25.0
4	33628129	15.0	11.0
4	33744081	8.0	8.0
4	33777124	19.0	11.0
4	33894943	21.0	24.0
4	34802897	15.0	17.0
4	34900690	25.0	20.0
4	40678853	6.0	20.0
4	41561831	12.0	19.0
4	43459107	21.0	23.0
4	43530362	25.0	16.0
4	43870962	4.0	30.0
4	43951819	15.0	27.0
4	44056331	23.0	13.0
4	44227564	20.0	20.0
4	45240907	19.0	13.0
4	45389896	16.0	16.0
4	45395807	12.0	21.0
4	45967235	17.0	19.0
4	46345311	20.0	25.0
4	46547684	18.0	16.0
4	47063308	18.0	16.0
4	47183683	16.0	16.0
4	53108438	24.0	15.0
4	53230435	16.0	10.0
4	54406875	16.0	21.0
4	57212769	17.0	18.0
4	58801421	15.0	9.0
4	58805865	14.0	30.0
4	59276236	11.0	18.0
4	60245384	10.0	22.0
4	60480094	23.0	30.0
4	60832476	28.0	15.0
4	61304233	4.0	46.0
4	61416389	20.0	22.0
4	61545609	3.0	13.0
4	61666526	8.0	15.0
4	61736024	25.0	15.0
4	61901448	15.0	13.0
4	61909403	16.0	14.0
4	62319405	14.0	14.0
4	62357482	22.0	17.0
4	62537219	23.0	24.0
4	62863383	20.0	17.0
4	63481814	13.0	26.0
4	63866509	15.0	21.0
4	63961071	14.0	47.0
4	65158921	19.0	23.0
4	65294859	11.0	11.0
4	65434943	5.0	17.0
4	65458914	15.0	15.0
4	65488761	6.0	12.0
4	65494883	20.0	26.0
4	65495924	10.0	12.0
4	65500969	13.0	12.0
4	65516093	20.0	17.0
4	66036827	11.0	14.0
4	66068329	16.0	16.0
4	66678707	6.0	19.0
4	66722140	18.0	27.0
4	67171150	20.0	17.0
4	67542261	14.0	22.0
4	67983224	4.0	20.0
4	68236227	19.0	16.0
4	69645573	15.0	27.0
4	69913423	26.0	24.0
4	69915121	20.0	27.0
4	70599160	11.0	14.0
4	70847721	15.0	23.0
4	71140784	27.0	19.0
4	71816067	10.0	14.0
4	72606214	16.0	25.0
4	73129437	13.0	20.0
4	75721944	14.0	22.0
4	79051710	16.0	15.0
4	79337744	11.0	11.0
4	84926925	13.0	24.0
4	86415267	11.0	30.0
4	87165084	6.0	17.0
4	88827974	28.0	29.0
4	91057151	21.0	23.0
4	91504950	20.0	19.0
4	91840486	11.0	23.0
4	91850424	20.0	26.0
4	92069116	18.0	22.0
4	92079437	23.0	25.0
4	92166288	14.0	22.0
4	92266192	17.0	19.0
4	92451197	12.0	18.0
4	92703990	6.0	14.0
4	93157534	18.0	15.0
4	93356389	13.0	17.0
4	93390271	18.0	35.0
4	93612257	17.0	11.0
4	93713523	10.0	20.0
4	93902680	14.0	21.0
4	93922553	10.0	25.0
4	94644070	16.0	24.0
4	97011566	19.0	14.0
4	97101833	13.0	11.0
4	97439590	4.0	22.0
4	97894571	15.0	14.0
4	101809403	32.0	31.0
4	102954044	20.0	13.0
4	107990477	13.0	21.0
4	108468493	9.0	10.0
4	110684931	14.0	27.0
4	111458736	10.0	20.0
4	112068101	14.0	28.0
4	112278795	5.0	34.0
4	112801927	14.0	24.0
4	113850844	17.0	17.0
4	113873281	14.0	21.0
4	113937776	11.0	13.0
4	114046073	8.0	20.0
4	115210592	13.0	11.0
4	115867331	12.0	14.0
4	116493683	14.0	24.0
4	117623510	14.0	25.0
4	118038021	13.0	16.0
4	121598219	13.0	19.0
4	122154825	10.0	22.0
4	123458892	28.0	26.0
4	123491816	19.0	20.0
4	125385370	10.0	8.0
4	125642107	20.0	24.0
4	126273920	3.0	16.0
4	126342866	19.0	18.0
4	126481362	12.0	21.0
4	126516743	14.0	15.0
4	127087789	15.0	23.0
4	127555407	14.0	23.0
4	127570383	13.0	36.0
4	127579418	16.0	33.0
4	130209877	9.0	20.0
4	130399809	16.0	19.0
4	131407428	13.0	16.0
4	131592028	21.0	27.0
4	132076232	9.0	24.0
4	132162290	13.0	20.0
4	132349468	24.0	14.0
4	132417239	10.0	11.0
4	132438447	17.0	9.0
4	133359077	20.0	21.0
4	133982681	14.0	13.0
4	134062611	24.0	24.0
4	134201723	28.0	22.0
4	134524245	16.0	19.0
4	134818996	16.0	29.0
4	135270172	20.0	27.0
4	135405711	15.0	18.0
4	135813504	11.0	18.0
4	135814439	17.0	17.0
4	135847144	11.0	16.0
4	135909322	15.0	9.0
4	135937026	24.0	15.0
4	135942440	18.0	13.0
4	136053325	11.0	19.0
4	136200086	18.0	17.0
4	136328849	6.0	29.0
4	136694900	18.0	11.0
4	136852818	18.0	17.0
4	136932654	15.0	21.0
4	137057427	7.0	15.0
4	137225765	3.0	26.0
4	137861593	14.0	14.0
4	138246594	20.0	23.0
4	138374244	10.0	8.0
4	138924340	24.0	22.0
4	143283105	20.0	25.0
4	143599335	12.0	21.0
4	146161580	5.0	30.0
4	147008862	18.0	25.0
4	148829884	24.0	26.0
4	150820738	26.0	18.0
4	151371244	19.0	18.0
4	152450686	3.0	17.0
4	152687681	13.0	11.0
4	155350248	22.0	13.0
4	155699726	11.0	24.0
4	155820471	17.0	10.0
4	155920290	19.0	19.0
4	156749512	15.0	15.0
4	156779987	24.0	24.0
4	156783839	10.0	21.0
4	156979286	10.0	14.0
4	157198328	19.0	13.0
4	157566317	6.0	8.0
4	157801301	8.0	25.0
4	158255781	14.0	21.0
4	158455395	15.0	19.0
4	158779411	8.0	21.0
4	158844521	4.0	22.0
4	158844534	7.0	22.0
4	159528216	16.0	23.0
4	160313722	9.0	12.0
4	160759044	19.0	22.0
4	161284226	3.0	20.0
4	161429217	11.0	27.0
4	161590971	4.0	38.0
4	161681669	16.0	20.0
4	162007091	3.0	30.0
4	162421832	21.0	22.0
4	162731522	18.0	19.0
4	162766292	14.0	17.0
4	162766313	14.0	14.0
4	164251312	13.0	22.0
4	165157037	15.0	20.0
4	165405934	24.0	20.0
4	167774376	9.0	21.0
4	168098796	24.0	10.0
4	168128978	19.0	21.0
4	169556944	11.0	11.0
4	169906487	4.0	34.0
4	171326046	19.0	14.0
4	171330565	6.0	10.0
4	171508963	14.0	12.0
4	171858634	10.0	17.0
4	171941431	7.0	37.0
4	171982389	3.0	26.0
4	172314838	11.0	16.0
4	173823160	20.0	21.0
4	175646795	5.0	8.0
4	175857168	15.0	10.0
4	179581975	24.0	21.0
4	179619177	20.0	19.0
4	179717997	23.0	26.0
4	180184591	24.0	19.0
4	180949065	15.0	27.0
4	181274322	5.0	35.0
4	181352013	12.0	6.0
4	181858498	21.0	15.0
4	182008578	11.0	14.0
4	182083467	19.0	16.0
4	182244091	16.0	17.0
4	182393161	10.0	15.0
4	182675215	4.0	38.0
4	182723147	18.0	5.0
4	184649930	10.0	9.0
4	185398496	3.0	20.0
4	187675031	11.0	10.0
4	188129482	11.0	14.0
4	189731407	18.0	26.0
4	189801254	13.0	25.0
5	913685	17.0	10.0
5	1274611	4.0	1.0
5	2224225	12.0	14.0
5	3360060	13.0	12.0
5	3546977	11.0	13.0
5	3557670	9.0	11.0
5	4039706	8.0	8.0
5	4566114	10.0	15.0
5	4720082	22.0	18.0
5	5113424	3.0	36.0
5	7066077	15.0	16.0
5	7549985	19.0	19.0
5	7812302	15.0	13.0
5	8240955	7.0	32.0
5	9150078	9.0	22.0
5	11608125	21.0	21.0
5	11762499	15.0	18.0
5	12713857	17.0	19.0
5	12733751	22.0	28.0
5	12789748	14.0	20.0
5	13236264	17.0	16.0
5	15061902	10.0	13.0
5	16068137	14.0	18.0
5	16270616	17.0	19.0
5	17097164	9.0	5.0
5	17784277	16.0	32.0
5	19315664	13.0	9.0
5	19708074	7.0	15.0
5	19874047	8.0	8.0
5	20655591	14.0	18.0
5	22660808	23.0	13.0
5	22992935	19.0	12.0
5	23889456	18.0	23.0
5	24360010	14.0	22.0
5	24499171	13.0	11.0
5	24595062	15.0	26.0
5	24779776	11.0	21.0
5	24994738	12.0	24.0
5	25165560	19.0	11.0
5	25185596	19.0	23.0
5	25204301	26.0	25.0
5	25928081	14.0	23.0
5	25928174	23.0	31.0
5	26358285	17.0	16.0
5	27169749	24.0	20.0
5	27395232	14.0	18.0
5	27431357	14.0	16.0
5	27984832	14.0	14.0
5	29251725	17.0	20.0
5	29563129	22.0	24.0
5	30262983	17.0	20.0
5	30614764	20.0	26.0
5	30672243	12.0	21.0
5	35760827	2.0	19.0
5	39417602	13.0	21.0
5	43039487	18.0	18.0
5	45322475	23.0	24.0
5	45816444	20.0	18.0
5	46296135	17.0	24.0
5	46355685	16.0	12.0
5	51017377	3.0	11.0
5	51251813	19.0	16.0
5	51470322	14.0	19.0
5	51597195	24.0	20.0
5	52384793	4.0	25.0
5	55456509	13.0	8.0
5	58451907	8.0	12.0
5	60115802	13.0	16.0
5	62603301	17.0	22.0
5	62604228	20.0	19.0
5	62823581	12.0	9.0
5	65295167	18.0	20.0
5	66668663	18.0	19.0
5	67331963	8.0	20.0
5	67507650	7.0	9.0
5	75613324	10.0	10.0
5	76111604	9.0	6.0
5	79169242	8.0	13.0
5	81174839	21.0	10.0
5	82293582	11.0	14.0
5	82815120	15.0	16.0
5	83331805	17.0	28.0
5	83542514	18.0	17.0
5	83660227	13.0	7.0
5	83754811	21.0	33.0
5	84249888	16.0	8.0
5	84537126	6.0	18.0
5	85527966	16.0	15.0
5	87114594	31.0	18.0
5	87696466	14.0	20.0
5	88913154	17.0	10.0
5	90146903	7.0	8.0
5	91377957	17.0	13.0
5	92459860	13.0	21.0
5	92687441	7.0	2.0
5	97188980	17.0	19.0
5	99432500	17.0	20.0
5	103623053	22.0	15.0
5	103893781	10.0	13.0
5	105227234	9.0	16.0
5	105239674	4.0	28.0
5	105241469	20.0	14.0
5	105377879	14.0	15.0
5	105574661	14.0	13.0
5	105715241	7.0	10.0
5	105928110	18.0	15.0
5	106464527	21.0	18.0
5	108784545	13.0	14.0
5	112544191	5.0	17.0
5	113612549	14.0	17.0
5	113613443	13.0	17.0
5	113790163	13.0	15.0
5	116034650	17.0	19.0
5	116272216	19.0	20.0
5	116400679	17.0	17.0
5	116553836	15.0	12.0
5	117170574	21.0	25.0
5	117735571	17.0	11.0
5	119140901	18.0	22.0
5	120956624	17.0	18.0
5	121098343	8.0	9.0
5	121155009	15.0	25.0
5	124917453	14.0	18.0
5	128044096	21.0	15.0
5	130426606	15.0	27.0
5	134520125	11.0	11.0
5	135891379	10.0	8.0
5	136153536	12.0	12.0
5	136674792	11.0	14.0
5	138883363	9.0	13.0
5	141769042	8.0	8.0
5	142755628	28.0	22.0
5	144537093	12.0	12.0
5	147979946	9.0	15.0
5	150361737	13.0	20.0
5	155912321	4.0	32.0
5	158411626	10.0	12.0
5	160407458	4.0	26.0
5	160624360	13.0	11.0
5	160716169	16.0	21.0
5	161425177	18.0	17.0
5	162068515	23.0	18.0
5	162158069	15.0	8.0
5	162559152	18.0	14.0
5	164725973	12.0	20.0
5	164955387	3.0	21.0
5	165087949	11.0	7.0
5	165677735	19.0	18.0
5	165751672	14.0	16.0
5	169517751	18.0	22.0
5	172514726	5.0	19.0
5	172523031	8.0	13.0
5	177695964	6.0	9.0
6	5699623	10.0	10.0
6	5817314	7.0	12.0
6	7465960	25.0	14.0
6	8880876	10.0	11.0
6	9396083	20.0	22.0
6	10300069	11.0	5.0
6	10889944	12.0	24.0
6	15477670	14.0	18.0
6	15477671	14.0	18.0
6	20613074	24.0	18.0
6	22605611	28.0	18.0
6	23021343	22.0	18.0
6	23053012	20.0	16.0
6	23229865	17.0	9.0
6	24237113	16.0	10.0
6	26158806	4.0	7.0
6	27569768	4.0	8.0
6	27797382	14.0	9.0
6	28707907	20.0	19.0
6	28737173	10.0	26.0
6	32929853	24.0	18.0
6	35853234	10.0	26.0
6	37890424	26.0	14.0
6	39481246	21.0	16.0
6	42206087	19.0	20.0
6	42452383	13.0	21.0
6	43584432	4.0	28.0
6	46650059	24.0	23.0
6	49302183	12.0	13.0
6	49583549	14.0	13.0
6	49674156	16.0	36.0
6	50466743	16.0	13.0
6	50487121	13.0	13.0
6	51145610	10.0	9.0
6	51979939	14.0	12.0
6	53292026	3.0	30.0
6	54073252	6.0	10.0
6	54972659	9.0	16.0
6	54991085	9.0	14.0
6	55083681	10.0	27.0
6	55519202	23.0	24.0
6	56692410	15.0	18.0
6	58200859	8.0	35.0
6	63057821	22.0	23.0
6	63283864	13.0	18.0
6	66178950	21.0	21.0
6	66674849	17.0	11.0
6	66704268	22.0	18.0
6	67245182	4.0	28.0
6	67258375	25.0	20.0
6	67704588	24.0	21.0
6	68207162	13.0	24.0
6	68239206	11.0	7.0
6	69405125	16.0	12.0
6	69792805	18.0	17.0
6	70453627	6.0	34.0
6	72421075	8.0	8.0
6	72583151	12.0	12.0
6	73053392	12.0	13.0
6	74869181	4.0	33.0
6	76741786	21.0	19.0
6	78337962	12.0	13.0
6	79860743	15.0	16.0
6	80427592	4.0	27.0
6	80812484	7.0	16.0
6	81638915	8.0	33.0
6	82287353	24.0	19.0
6	83125243	10.0	17.0
6	85376794	21.0	21.0
6	86324472	13.0	12.0
6	91965464	6.0	10.0
6	92134848	15.0	20.0
6	92439956	22.0	20.0
6	92464624	15.0	23.0
6	92952128	19.0	29.0
6	93919571	13.0	19.0
6	94093853	17.0	17.0
6	94397195	21.0	14.0
6	94787801	21.0	17.0
6	95176533	15.0	12.0
6	95212375	21.0	22.0
6	95444446	28.0	26.0
6	95917207	22.0	11.0
6	96055174	21.0	14.0
6	96427303	21.0	10.0
6	97314337	21.0	10.0
6	98014154	18.0	25.0
6	98981891	16.0	18.0
6	101137225	19.0	25.0
6	103196237	21.0	16.0
6	104547561	24.0	21.0
6	105459830	4.0	24.0
6	112755151	13.0	15.0
6	115463007	14.0	12.0
6	118078777	12.0	21.0
6	120301276	25.0	22.0
6	121860467	15.0	15.0
6	123573320	31.0	28.0
6	123853464	23.0	25.0
6	125117607	13.0	12.0
6	125194890	26.0	19.0
6	127560609	11.0	20.0
6	128122829	6.0	8.0
6	128552804	8.0	24.0
6	130920298	20.0	18.0
6	132042287	4.0	35.0
6	133943388	18.0	13.0
6	135363908	3.0	6.0
6	137762372	10.0	19.0
6	139231075	16.0	13.0
6	139231178	12.0	11.0
6	142396578	16.0	31.0
6	145820796	15.0	27.0
6	147608905	14.0	10.0
6	152036293	13.0	15.0
6	152816930	13.0	11.0
6	155903110	12.0	18.0
6	157744229	4.0	8.0
6	159238544	10.0	8.0
6	159238548	10.0	7.0
6	161327755	12.0	14.0
6	161529168	8.0	18.0
6	161794509	8.0	11.0
6	163462017	14.0	10.0
6	163551296	11.0	14.0
6	164362609	8.0	11.0
6	165014112	21.0	20.0
6	165299652	27.0	19.0
6	165331509	23.0	17.0
7	2870177	4.0	12.0
7	3367243	15.0	18.0
7	6367926	8.0	7.0
7	9305585	15.0	14.0
7	10118662	15.0	14.0
7	12920752	23.0	25.0
7	13795020	11.0	9.0
7	13833381	11.0	15.0
7	14264591	5.0	27.0
7	14501368	12.0	17.0
7	14574838	12.0	15.0
7	14726090	17.0	16.0
7	14835796	10.0	16.0
7	15346358	24.0	13.0
7	17769302	11.0	8.0
7	19696859	11.0	23.0
7	20269047	12.0	19.0
7	21574428	16.0	16.0
7	25762091	16.0	21.0
7	25939701	12.0	8.0
7	28371587	21.0	21.0
7	29219804	19.0	21.0
7	31379464	13.0	25.0
7	33607812	16.0	22.0
7	33659871	11.0	21.0
7	34630907	20.0	12.0
7	34829039	19.0	16.0
7	35387295	19.0	13.0
7	36272209	13.0	21.0
7	39006139	14.0	11.0
7	40751113	19.0	17.0
7	42047233	13.0	34.0
7	45319362	14.0	14.0
7	45735759	9.0	4.0
7	49291606	10.0	37.0
7	49315123	10.0	21.0
7	49548937	19.0	29.0
7	51034316	10.0	17.0
7	51076608	6.0	17.0
7	51553274	9.0	9.0
7	52625881	8.0	11.0
7	53311309	14.0	15.0
7	53590839	17.0	22.0
7	53715200	17.0	16.0
7	53787659	12.0	13.0
7	53862677	5.0	3.0
7	54477495	16.0	18.0
7	54620141	19.0	17.0
7	56589032	14.0	23.0
7	56844369	12.0	13.0
7	58011012	23.0	16.0
7	62729169	9.0	19.0
7	62957466	12.0	5.0
7	63304406	4.0	3.0
7	65985361	15.0	16.0
7	67387461	9.0	14.0
7	67556458	4.0	27.0
7	68001592	18.0	16.0
7	68549844	11.0	12.0
7	69183996	7.0	17.0
7	69636688	11.0	14.0
7	71647478	18.0	17.0
7	77060546	5.0	8.0
7	79076634	12.0	28.0
7	79479639	18.0	24.0
7	79832790	18.0	27.0
7	79903187	17.0	27.0
7	79988835	16.0	17.0
7	80200080	15.0	25.0
7	80257320	25.0	29.0
7	80705340	4.0	39.0
7	80750613	3.0	31.0
7	81028534	6.0	26.0
7	81044972	19.0	25.0
7	81080031	10.0	20.0
7	81252927	20.0	15.0
7	81425653	14.0	33.0
7	81976608	14.0	20.0
7	83238075	15.0	26.0
7	83238076	15.0	26.0
7	83547019	21.0	27.0
7	83560028	17.0	23.0
7	83757285	19.0	29.0
7	84170383	19.0	15.0
7	84196201	11.0	27.0
7	84408485	23.0	23.0
7	84612323	19.0	25.0
7	85018745	20.0	27.0
7	85716471	24.0	25.0
7	88475543	17.0	19.0
7	90149910	14.0	15.0
7	90883348	15.0	12.0
7	91422744	17.0	19.0
7	92350270	10.0	14.0
7	93122900	9.0	22.0
7	93416777	21.0	13.0
7	94799767	23.0	25.0
7	94930581	11.0	16.0
7	97035375	13.0	12.0
7	97072067	6.0	10.0
7	97326721	11.0	26.0
7	105354947	17.0	11.0
7	108826278	18.0	24.0
7	109076292	25.0	16.0
7	109233511	11.0	17.0
7	109425819	13.0	9.0
7	109763289	6.0	8.0
7	114242206	15.0	29.0
7	114373780	3.0	28.0
7	116124061	18.0	18.0
7	119101078	13.0	23.0
7	119367883	9.0	12.0
7	119856977	22.0	22.0
7	120058086	18.0	21.0
7	120358752	16.0	15.0
7	120701025	7.0	15.0
7	120762212	5.0	13.0
7	121624897	14.0	8.0
7	121985012	19.0	18.0
7	122689754	7.0	18.0
7	124714080	15.0	6.0
7	124851651	17.0	23.0
7	125254676	4.0	39.0
7	125450345	15.0	22.0
7	127117927	5.0	20.0
7	133423123	11.0	23.0
7	134063684	13.0	13.0
7	134534569	14.0	14.0
7	136050519	11.0	23.0
7	136253829	11.0	14.0
7	142002683	11.0	14.0
7	145374863	22.0	19.0
7	145763041	14.0	9.0
7	146151329	24.0	16.0
7	146399501	23.0	22.0
7	147149670	15.0	21.0
7	147455112	14.0	22.0
7	148049865	6.0	15.0
7	152805765	3.0	14.0
7	153573687	13.0	18.0
7	153647721	9.0	11.0
7	153670146	10.0	21.0
7	154054742	18.0	15.0
7	154086051	20.0	14.0
8	1035654	22.0	22.0
8	2160385	13.0	10.0
8	2530593	10.0	11.0
8	3518282	7.0	14.0
8	4228227	18.0	24.0
8	4407599	11.0	6.0
8	4544763	6.0	19.0
8	4562223	12.0	18.0
8	8883198	19.0	17.0
8	9809413	3.0	32.0
8	10864762	12.0	11.0
8	12418278	21.0	82.0
8	13487352	14.0	18.0
8	13587212	7.0	18.0
8	14158214	14.0	16.0
8	15172737	17.0	14.0
8	15427031	21.0	21.0
8	15919766	20.0	19.0
8	15957385	14.0	11.0
8	16103657	19.0	18.0
8	16378513	9.0	40.0
8	17108823	23.0	15.0
8	17387957	3.0	10.0
8	17992778	14.0	15.0
8	19573387	10.0	14.0
8	20757062	16.0	25.0
8	23678234	16.0	21.0
8	23727410	5.0	25.0
8	26715407	15.0	25.0
8	28031756	8.0	20.0
8	29248926	15.0	10.0
8	33668193	7.0	13.0
8	33947289	10.0	21.0
8	34069017	15.0	18.0
8	34754243	25.0	21.0
8	35306176	18.0	14.0
8	35616274	22.0	23.0
8	35649085	21.0	9.0
8	35913262	23.0	23.0
8	36442889	15.0	24.0
8	36568193	12.0	13.0
8	40500283	16.0	20.0
8	40674107	9.0	11.0
8	40780749	11.0	16.0
8	41644519	9.0	18.0
8	50409588	19.0	27.0
8	50802231	12.0	14.0
8	51578160	8.0	20.0
8	53728572	15.0	5.0
8	54317640	17.0	16.0
8	55765493	16.0	14.0
8	58143077	16.0	13.0
8	58584475	9.0	11.0
8	58910927	15.0	17.0
8	59370031	12.0	12.0
8	65110656	7.0	16.0
8	65254339	14.0	13.0
8	65365354	14.0	20.0
8	66144717	14.0	16.0
8	67580092	12.0	11.0
8	68790518	15.0	22.0
8	70428389	13.0	22.0
8	70467132	14.0	10.0
8	74351955	11.0	11.0
8	74375418	21.0	25.0
8	75154315	17.0	18.0
8	76828611	13.0	19.0
8	77111781	19.0	22.0
8	77779482	26.0	33.0
8	78668475	14.0	32.0
8	79456639	12.0	26.0
8	81844874	11.0	16.0
8	82503842	7.0	12.0
8	83431738	24.0	30.0
8	83490533	23.0	10.0
8	83667366	17.0	17.0
8	83937719	15.0	28.0
8	83947804	21.0	20.0
8	84189583	26.0	20.0
8	84337466	16.0	21.0
8	85507629	18.0	13.0
8	85591043	14.0	20.0
8	85741777	12.0	13.0
8	87687255	9.0	22.0
8	88070857	11.0	14.0
8	88412017	10.0	14.0
8	89440648	14.0	21.0
8	89830455	14.0	13.0
8	90588769	15.0	18.0
8	90920899	11.0	13.0
8	90921055	21.0	12.0
8	90921205	7.0	7.0
8	90921214	4.0	7.0
8	90921382	10.0	21.0
8	90921407	10.0	13.0
8	90921437	10.0	12.0
8	95038665	5.0	5.0
8	96523769	14.0	19.0
8	97034906	17.0	11.0
8	99252180	16.0	28.0
8	101580704	17.0	9.0
8	102970087	13.0	14.0
8	107377794	21.0	21.0
8	107628013	10.0	23.0
8	107968557	22.0	20.0
8	110072321	13.0	23.0
8	111432579	17.0	14.0
8	111916199	13.0	23.0
8	111916200	12.0	23.0
8	111916254	9.0	23.0
8	112090472	25.0	24.0
8	112168823	25.0	26.0
8	113749904	16.0	12.0
8	113832182	15.0	22.0
8	113920750	24.0	23.0
8	114798556	10.0	39.0
8	115569573	20.0	19.0
8	117366576	10.0	15.0
8	120698399	12.0	39.0
8	122613249	10.0	16.0
8	122717827	17.0	23.0
8	123405736	10.0	21.0
8	123421961	14.0	22.0
8	124724052	11.0	9.0
8	125868711	12.0	15.0
8	127923045	11.0	13.0
8	130640051	13.0	15.0
8	133884495	4.0	10.0
8	134883207	3.0	14.0
8	135797678	16.0	23.0
8	137064918	7.0	6.0
8	137380773	25.0	20.0
8	138464858	17.0	12.0
8	139113837	13.0	15.0
8	139472891	15.0	17.0
8	139896327	10.0	15.0
8	143168592	12.0	20.0
8	145181096	14.0	16.0
8	145989315	6.0	13.0
9	636532	11.0	13.0
9	870578	11.0	7.0
9	2261515	9.0	9.0
9	7383998	15.0	16.0
9	8142411	10.0	14.0
9	8254359	3.0	29.0
9	8827451	3.0	14.0
9	9175612	5.0	10.0
9	11188338	4.0	21.0
9	11189885	26.0	15.0
9	11515334	14.0	18.0
9	11596674	17.0	14.0
9	11833428	21.0	19.0
9	11838263	13.0	8.0
9	12100388	16.0	17.0
9	12175638	10.0	14.0
9	12218291	25.0	14.0
9	12528938	5.0	44.0
9	12624183	14.0	13.0
9	12668284	16.0	20.0
9	13062532	23.0	16.0
9	13675673	11.0	12.0
9	13764902	9.0	29.0
9	13971690	14.0	17.0
9	14200312	13.0	22.0
9	15831010	7.0	10.0
9	16056008	16.0	18.0
9	16751239	9.0	17.0
9	17573044	25.0	18.0
9	17916629	18.0	21.0
9	18904675	9.0	4.0
9	19557514	9.0	12.0
9	22318566	17.0	2.0
9	23375438	10.0	1.0
9	24379804	3.0	16.0
9	24516008	9.0	12.0
9	26034559	22.0	17.0
9	26705723	6.0	26.0
9	28049064	16.0	27.0
9	28095092	10.0	15.0
9	28469090	4.0	38.0
9	28783400	17.0	23.0
9	29311134	25.0	24.0
9	29703116	17.0	20.0
9	30301508	8.0	17.0
9	33103660	3.0	11.0
9	34791590	10.0	23.0
9	36276034	3.0	24.0
9	36371902	11.0	16.0
9	37289899	19.0	21.0
9	75840203	21.0	10.0
9	76216197	7.0	13.0
9	76576155	21.0	22.0
9	77024108	24.0	24.0
9	77757595	8.0	22.0
9	78536152	21.0	16.0
9	78651956	4.0	41.0
9	78904488	7.0	9.0
9	80689038	14.0	13.0
9	83588956	17.0	13.0
9	85203189	12.0	13.0
9	85301975	14.0	16.0
9	86552163	13.0	16.0
9	87802737	25.0	21.0
9	87902862	18.0	23.0
9	90094821	7.0	11.0
9	90900744	18.0	17.0
9	92819374	12.0	13.0
9	98005462	9.0	15.0
9	99822564	16.0	18.0
9	100645768	17.0	30.0
9	103201157	26.0	13.0
9	104608264	9.0	8.0
9	105170537	8.0	15.0
9	105534444	10.0	24.0
9	105627051	13.0	29.0
9	105645411	13.0	10.0
9	106157525	13.0	19.0
9	106822800	16.0	35.0
9	109037306	15.0	8.0
9	110364952	13.0	6.0
9	111303606	16.0	5.0
9	115397800	10.0	14.0
9	119126950	20.0	17.0
9	120565908	20.0	14.0
9	120985934	19.0	14.0
9	122419549	13.0	20.0
9	122454128	4.0	8.0
9	122480196	24.0	17.0
9	122657117	20.0	13.0
9	123652110	24.0	10.0
9	129061460	8.0	15.0
9	130182601	7.0	6.0
9	133452276	4.0	5.0
9	133875868	16.0	12.0
9	136880963	14.0	19.0
9	140842454	7.0	12.0
X	899953	14.0	11.0
X	6376111	5.0	11.0
X	9537135	3.0	6.0
X	13299483	7.0	1.0
X	15209072	15.0	1.0
X	24454688	13.0	3.0
X	28036140	19.0	1.0
X	32791155	11.0	4.0
X	33646198	20.0	6.0
X	35201920	14.0	3.0
X	38273184	3.0	3.0
X	62138286	15.0	9.0
X	74823621	9.0	1.0
X	79295893	25.0	1.0
X	79422176	18.0	4.0
X	79595371	20.0	1.0
X	80871886	15.0	4.0
X	81702556	14.0	4.0
X	81893592	19.0	1.0
X	82388262	17.0	1.0
X	82952915	10.0	5.0
X	85612848	3.0	10.0
X	86326559	5.0	10.0
X	86442186	10.0	3.0
X	87158928	3.0	10.0
X	93128815	14.0	1.0
X	94150478	4.0	8.0
X	107533972	13.0	1.0
X	107987770	11.0	1.0
X	109973867	12.0	2.0
X	126786469	11.0	5.0
X	142749505	3.0	14.0
X	142975119	3.0	16.0
X	143734748	15.0	2.0
X	144012263	12.0	5.0
X	146639569	3.0	15.0
X	148108420	9.0	4.0
Y	18693135	18.0	3.0
