chromosome_index position alt_count ref_count
1 9658629 75 149
1 10420986 6 109
1 28149042 6 5
1 32560492 15 27
1 110607426 45 71
1 145441173 20 46
1 155308132 13 97
1 196879470 84 120
1 206318340 19 29
2 27301793 4 6
2 74707970 39 68
2 85554322 36 45
2 114670788 91 172
2 174987981 8 22
2 178977240 26 49
2 192227007 44 72
2 197183634 3 36
3 13860792 41 62
3 15457058 8 11
3 44777999 82 81
3 121289566 219 152
3 164783068 125 107
4 69056912 23 30
4 119674015 44 62
4 186324652 27 32
5 16711299 54 104
5 72857114 27 46
5 79854309 32 51
5 140890952 13 11
6 62390941 8 68
6 162864397 26 35
6 162864398 25 37
7 1733084 13 111
7 44091488 42 31
7 47342974 47 50
7 48390271 33 41
8 30651547 26 269
8 96167020 11 65
8 144997632 73 95
9 71144606 27 38
9 95784642 12 16
9 101546300 13 21
9 101552742 60 91
9 131669737 18 22
9 131669746 16 21
9 139656704 92 112
9 139656705 91 112
9 139694196 53 76
10 21785735 9 62
11 3380399 31 32
11 36511217 6 13
11 67800585 50 79
11 86125892 60 104
12 42854000 44 59
12 54403214 29 45
13 32907282 95 134
14 67389401 4 51
14 78184510 32 51
15 74315345 13 32
16 15110996 36 93
16 74491772 61 37
16 81965133 8 102
17 33288575 21 38
17 42476063 26 29
17 45299172 17 36
17 56621619 6 6
17 65916183 24 47
17 74449137 22 23
19 6760717 27 42
19 49316726 19 46
19 52663822 14 30
20 20226857 61 137
21 30505724 18 21
22 22024222 33 35
