chromosome_index position alt_count ref_count
1 3322165 11 49
1 19234917 5 24
1 36039221 28 120
1 77634995 17 44
1 100336320 24 145
1 176833520 8 38
1 176905304 48 11
1 209800759 16 63
2 1480893 19 32
2 70314938 12 58
2 97476037 36 25
2 189910626 14 40
3 62518689 23 64
5 140517176 22 69
8 22035454 3 33
8 75926225 33 50
9 117311 61 144
9 107528649 18 26
10 27529362 11 16
10 105830198 14 37
11 61914264 6 16
12 48172891 16 40
12 72936131 15 33
12 107281664 11 45
12 121458801 9 41
12 131453600 8 94
13 21751742 22 86
13 23908241 13 32
14 24436612 6 9
16 15761228 20 43
16 70934913 16 20
18 43328369 17 52
18 61233876 44 45
19 10476192 14 51
19 12298146 6 46
19 13915818 7 21
19 14991737 15 56
19 54722253 16 41
20 8721001 11 30
20 50140037 15 67
20 58449065 27 143
22 24654012 6 17
22 49147540 19 22
