chromosome_index position alt_count ref_count
1 42047712 15 135
1 79002587 12 10
1 117156472 4 64
1 151400654 14 142
1 210970949 42 79
1 226923900 7 6
1 248039460 198 682
2 31596748 10 19
2 206641244 58 180
2 209036792 51 136
2 219896026 25 26
2 237489738 16 179
2 238275911 19 62
3 19190163 23 17
3 49042397 11 18
3 52847339 7 25
3 109046678 121 128
3 183665282 10 17
4 52938174 65 100
5 10973561 142 24
5 21459667 8 25
5 93217310 5 79
5 145849168 136 147
6 29142126 9 270
7 44804967 9 6
7 156447365 22 25
7 156518149 67 110
8 33455057 12 42
8 106813849 13 201
9 35067954 58 72
9 111640961 57 158
9 112200512 9 111
10 50531574 8 153
10 90694884 57 106
10 100017747 19 16
10 106916976 15 145
10 127738188 88 150
11 1651411 14 8
11 18764903 5 42
11 113860325 8 104
11 129734658 5 73
12 57532259 26 334
12 80626807 27 41
12 88548118 31 57
12 88548119 31 57
12 88548120 32 59
12 104335447 31 41
13 27847274 4 65
14 50092195 5 8
14 96777596 9 206
15 44951447 93 107
15 50540483 35 43
15 64792020 36 42
15 65739200 11 144
15 70972006 10 21
16 67132731 5 109
17 7577105 49 17
17 10369863 9 100
17 65734086 169 38
18 33785064 56 106
19 11462734 27 41
19 37005639 13 172
19 39898420 31 36
19 59082390 3 23
20 44590803 3 48
20 46319008 17 24
20 48257193 8 169
22 17450977 18 91
22 26892055 161 235
22 29954897 34 44
22 38120731 8 137
22 38620794 4 26
