chromosome_index	start_position	end_position	major_cn	minor_cn	total_cn
1	1	12938464	1.0	1.0	2.0
1	12938465	19294523	1.0	1.0	2.0
1	19294524	19509786	2.0	1.0	3.0
1	19509787	62955034	1.0	1.0	2.0
1	62955035	63074552	1.0	0.0	1.0
1	63074553	121499999	1.0	1.0	2.0
1	121500000	128899999	1.0	1.0	2.0
1	128900000	143467938	1.0	1.0	2.0
1	143467939	143969969	1.0	1.0	2.0
1	143969970	149704400	1.0	1.0	2.0
1	149704401	160005602	1.0	1.0	2.0
1	160005603	247247500	1.0	1.0	2.0
1	247247501	249250620	1.0	1.0	2.0
2	20016	52785001	1.0	0.0	1.0
2	52785002	87620802	1.0	0.0	1.0
2	87620803	89179989	2.0	1.0	3.0
2	89179990	89322700	2.0	1.0	3.0
2	89322701	90499999	1.0	1.0	2.0
2	90500000	96799999	1.0	1.0	2.0
2	96800000	243199372	1.0	1.0	2.0
3	67500	65172025	1.0	1.0	2.0
3	65172026	65177644	1.0	0.0	1.0
3	65177645	87899999	1.0	1.0	2.0
3	87900000	93899999	1.0	1.0	2.0
3	93900000	157660495	1.0	1.0	2.0
3	157660496	157708585	2.0	1.0	3.0
3	157708586	198022429	1.0	1.0	2.0
4	27500	74472	1.0	1.0	2.0
4	74473	48199999	1.0	1.0	2.0
4	48200000	52699999	1.0	1.0	2.0
4	52700000	66966191	1.0	1.0	2.0
4	66966192	67100498	1.0	1.0	2.0
4	67100499	191154275	1.0	1.0	2.0
5	22500	46099999	1.0	1.0	2.0
5	46100000	50699999	1.0	1.0	2.0
5	50700000	86630290	1.0	1.0	2.0
5	86630291	86636569	1.0	1.0	2.0
5	86636570	177233548	1.0	1.0	2.0
5	177233549	180712500	1.0	0.0	1.0
6	39681	212499	1.0	1.0	2.0
6	212500	3138856	1.0	1.0	2.0
6	3138857	7419433	1.0	0.0	1.0
6	7419434	14875851	1.0	1.0	2.0
6	14875852	16551014	1.0	0.0	1.0
6	16551015	16675969	1.0	1.0	2.0
6	16675970	16750002	1.0	0.0	1.0
6	16750003	20823537	1.0	1.0	2.0
6	20823538	27476616	1.0	0.0	1.0
6	27476617	36013118	1.0	1.0	2.0
6	36013119	36013425	1.0	0.0	1.0
6	36013426	36013956	1.0	0.0	1.0
6	36013957	36021237	1.0	0.0	1.0
6	36021238	37235694	1.0	0.0	1.0
6	37235695	37950365	1.0	0.0	1.0
6	37950366	45969197	1.0	1.0	2.0
6	45969198	47472038	1.0	0.0	1.0
6	47472039	53408943	1.0	0.0	1.0
6	53408944	56424648	1.0	1.0	2.0
6	56424649	56424829	1.0	0.0	1.0
6	56424830	56437708	1.0	0.0	1.0
6	56437709	58699999	1.0	0.0	1.0
6	58700000	63299999	1.0	0.0	1.0
6	63300000	74005492	1.0	0.0	1.0
6	74005493	74404993	1.0	0.0	1.0
6	74404994	77140847	1.0	0.0	1.0
6	77140848	85523234	1.0	1.0	2.0
6	85523235	88737736	1.0	0.0	1.0
6	88737737	88751466	1.0	1.0	2.0
6	88751467	88751837	1.0	1.0	2.0
6	88751838	94224932	1.0	1.0	2.0
6	94224933	94664445	1.0	0.0	1.0
6	94664446	98346061	1.0	0.0	1.0
6	98346062	98348846	1.0	0.0	1.0
6	98348847	98641556	1.0	0.0	1.0
6	98641557	99570801	1.0	0.0	1.0
6	99570802	100724530	1.0	1.0	2.0
6	100724531	102083049	1.0	0.0	1.0
6	102083050	133092003	1.0	1.0	2.0
6	133092004	141984966	1.0	0.0	1.0
6	141984967	143640128	1.0	1.0	2.0
6	143640129	144817623	2.0	1.0	3.0
6	144817624	144820346	4.0	1.0	5.0
6	144820347	144840404	6.0	1.0	7.0
6	144840405	144842222	6.0	1.0	7.0
6	144842223	145170276	4.0	1.0	5.0
6	145170277	145171378	4.0	1.0	5.0
6	145171379	148279754	1.0	0.0	1.0
6	148279755	148349576	0.0	0.0	0.0
6	148349577	167419759	1.0	0.0	1.0
6	167419760	167420023	1.0	0.0	1.0
6	167420024	170852561	1.0	0.0	1.0
7	40386	57999999	1.0	1.0	2.0
7	58000000	61699999	1.0	1.0	2.0
7	61700000	70478608	1.0	1.0	2.0
7	70478609	118316232	2.0	1.0	3.0
7	118316233	158817500	1.0	1.0	2.0
8	181564	189655	1.0	1.0	2.0
8	189656	43099999	1.0	1.0	2.0
8	43100000	48099999	1.0	1.0	2.0
8	48100000	146364021	1.0	1.0	2.0
9	47500	238610	1.0	0.0	1.0
9	238611	44249924	1.0	0.0	1.0
9	44249925	47299999	1.0	0.0	1.0
9	47300000	50699999	1.0	0.0	1.0
9	50700000	69935652	1.0	0.0	1.0
9	69935653	140273200	1.0	0.0	1.0
10	96595	37999999	1.0	1.0	2.0
10	38000000	42299999	1.0	1.0	2.0
10	42300000	135063260	1.0	1.0	2.0
10	135063261	135389924	1.0	0.0	1.0
11	20721	200288	1.0	0.0	1.0
11	200289	2734689	1.0	0.0	1.0
11	2734690	10222831	1.0	0.0	1.0
11	10222832	10238694	1.0	1.0	2.0
11	10238695	19388702	1.0	1.0	2.0
11	19388703	19601095	1.0	0.0	1.0
11	19601096	27493682	1.0	1.0	2.0
11	27493683	36668363	1.0	0.0	1.0
11	36668364	36687449	1.0	1.0	2.0
11	36687450	42694945	1.0	0.0	1.0
11	42694946	44579220	1.0	0.0	1.0
11	44579221	47877682	1.0	1.0	2.0
11	47877683	51599999	1.0	0.0	1.0
11	51600000	55699999	1.0	0.0	1.0
11	55700000	57697499	1.0	0.0	1.0
11	57697500	57708813	1.0	1.0	2.0
11	57708814	58550646	1.0	0.0	1.0
11	58550647	59282405	1.0	1.0	2.0
11	59282406	60066820	1.0	0.0	1.0
11	60066821	73698310	1.0	1.0	2.0
11	73698311	118186758	1.0	0.0	1.0
11	118186759	118213520	1.0	0.0	1.0
11	118213521	118217177	1.0	1.0	2.0
11	118217178	134452200	1.0	1.0	2.0
12	110107	33299999	1.0	1.0	2.0
12	33300000	38199999	1.0	1.0	2.0
12	38200000	132349400	1.0	1.0	2.0
12	132349401	133851894	1.0	1.0	2.0
13	1	16299999	3.0	0.0	3.0
13	16300000	19499999	3.0	0.0	3.0
13	19500000	114142800	3.0	0.0	3.0
13	114142801	115169877	3.0	0.0	3.0
14	1	16099999	1.0	1.0	2.0
14	16100000	19099999	1.0	1.0	2.0
14	19100000	77985323	1.0	1.0	2.0
14	77985324	106368400	1.0	1.0	2.0
15	1	15799999	1.0	0.0	1.0
15	15800000	20699999	1.0	0.0	1.0
15	20700000	22541601	1.0	0.0	1.0
15	22541602	24339013	1.0	0.0	1.0
15	24339014	24573965	1.0	0.0	1.0
15	24573966	24787499	1.0	0.0	1.0
15	24787500	100094631	1.0	0.0	1.0
15	100094632	100338800	1.0	0.0	1.0
15	100338801	102531391	1.0	0.0	1.0
16	94036	34599999	1.0	1.0	2.0
16	34600000	38599999	1.0	1.0	2.0
16	38600000	78387499	1.0	1.0	2.0
16	78387500	78910829	1.0	1.0	2.0
16	78910830	78934047	1.0	0.0	1.0
16	78934048	88827200	1.0	1.0	2.0
16	88827201	90354752	1.0	1.0	2.0
17	1665	20522643	1.0	0.0	1.0
17	20522644	20523873	1.0	0.0	1.0
17	20523874	20526032	2.0	0.0	2.0
17	20526033	22199999	1.0	1.0	2.0
17	22200000	25799999	1.0	1.0	2.0
17	25800000	53051568	1.0	1.0	2.0
17	53051569	78774600	1.0	0.0	1.0
17	78774601	81195209	1.0	0.0	1.0
18	27500	14274976	2.0	0.0	2.0
18	14274977	15399999	1.0	0.0	1.0
18	19000000	20818982	3.0	2.0	5.0
18	20818983	23752770	3.0	1.0	4.0
18	23752771	25715184	5.0	1.0	6.0
18	25715185	26839355	5.0	1.0	6.0
18	26839356	44237063	1.0	0.0	1.0
18	44237064	48549454	1.0	0.0	1.0
18	48549455	48550310	1.0	0.0	1.0
18	48550311	48554429	1.0	0.0	1.0
18	48554430	48808908	1.0	0.0	1.0
18	48808909	48813449	1.0	0.0	1.0
18	48813450	48913809	1.0	0.0	1.0
18	48913810	48955946	1.0	0.0	1.0
18	48955947	48958425	0.0	0.0	0.0
18	48958426	50902876	0.0	0.0	0.0
18	50902877	61033262	1.0	0.0	1.0
18	61033263	61033937	1.0	0.0	1.0
18	61033938	61154512	1.0	0.0	1.0
18	61154513	61180261	5.0	0.0	5.0
18	61180262	68701576	1.0	0.0	1.0
18	68701577	69489500	1.0	0.0	1.0
18	69489501	69529189	1.0	0.0	1.0
18	69529190	70210075	1.0	0.0	1.0
18	70210076	71960610	3.0	1.0	4.0
18	71960611	75203221	1.0	0.0	1.0
18	75203222	76117000	3.0	1.0	4.0
18	76117001	78077247	2.0	1.0	3.0
19	102500	24399999	1.0	1.0	2.0
19	24400000	28599999	1.0	1.0	2.0
19	28600000	59128982	1.0	1.0	2.0
20	29234	25599999	1.0	1.0	2.0
20	25600000	29399999	1.0	1.0	2.0
20	29400000	62432500	1.0	1.0	2.0
21	10803202	14299999	1.0	1.0	2.0
21	14300000	46937500	1.0	1.0	2.0
21	46937501	48129894	1.0	1.0	2.0
22	1	12199999	1.0	1.0	2.0
22	12200000	17899999	1.0	1.0	2.0
22	17900000	49687500	1.0	1.0	2.0
22	49687501	51304565	1.0	1.0	2.0
