chromosome_index position alt_count ref_count
1 6659244 8 21
1 14149651 6 9
1 44468564 9 139
1 65321246 13 20
1 144917523 72 430
1 152080088 34 89
1 197098362 4 70
1 227381560 51 22
1 247694935 47 49
2 31360975 14 30
2 55544785 71 78
2 84784904 13 125
2 107057822 14 55
2 121554994 5 91
2 136548244 12 17
2 141533779 6 56
2 160737660 7 101
2 169791708 90 82
2 179544759 18 30
2 238274541 44 67
3 44488829 18 24
3 136240142 4 77
3 138409894 120 131
3 178936082 20 20
4 1803568 5 15
4 2664713 24 41
4 77661963 10 17
4 100264199 13 175
4 114279219 19 16
4 121957767 76 100
5 2749825 26 31
5 34824421 54 62
5 36117954 12 16
5 71492489 16 18
5 79743932 17 22
5 150922708 53 42
6 99729291 6 65
6 154743711 45 71
7 20721129 22 39
7 91851243 5 67
7 112723735 34 43
7 138943300 36 50
9 39103886 11 7
9 84547450 19 7
9 90254576 59 22
9 113219584 21 3
9 135211731 21 9
10 3150904 12 70
10 76735805 30 58
10 105184743 35 41
11 11373820 29 46
11 47494774 4 36
11 58391603 18 26
11 69456203 28 38
11 108119657 6 13
11 108218086 27 37
11 118344314 30 33
12 54109606 16 30
13 111870217 12 13
14 55618519 19 32
14 55618613 18 26
14 94517585 47 52
14 102814993 10 14
15 22332489 48 133
15 69003961 13 16
16 50746101 30 42
16 57463056 12 15
16 69973022 8 4
16 71957242 33 57
16 75675615 51 58
16 84690536 59 63
16 84690923 15 36
16 87921640 12 17
16 88717388 5 3
17 7556777 37 56
17 18700977 43 81
17 27031749 3 47
17 33689974 67 128
17 41143632 17 20
17 47699369 24 31
17 53797988 26 38
17 55078337 34 42
17 77707410 18 19
18 34839202 23 32
19 18778648 29 27
19 48374738 28 38
19 56736197 3 60
20 60881287 3 57
21 10920138 20 120
21 10971325 8 35
21 37618336 41 41
22 44892883 10 8
22 46794520 8 48
