chromosome_index	position	alt_count	ref_count
1	934062	3.0	40.0
1	2767760	9.0	53.0
1	4191337	15.0	53.0
1	4224705	11.0	45.0
1	4239199	9.0	45.0
1	4288135	16.0	43.0
1	4377186	11.0	48.0
1	4794937	11.0	44.0
1	4797555	11.0	34.0
1	4928980	7.0	67.0
1	4968849	4.0	56.0
1	6476134	8.0	42.0
1	6694575	10.0	46.0
1	7259459	14.0	44.0
1	8072911	14.0	50.0
1	9154638	12.0	42.0
1	11909377	11.0	66.0
1	12716055	14.0	58.0
1	13211938	7.0	79.0
1	14470340	8.0	37.0
1	16410530	10.0	42.0
1	17051786	7.0	150.0
1	17411860	11.0	45.0
1	17865294	15.0	59.0
1	18152586	20.0	58.0
1	18286816	7.0	29.0
1	18562903	13.0	58.0
1	18884422	8.0	55.0
1	19044830	19.0	35.0
1	19438501	5.0	47.0
1	21804957	18.0	42.0
1	23598464	13.0	49.0
1	24077879	11.0	41.0
1	24858747	12.0	55.0
1	27327466	20.0	54.0
1	29465079	3.0	25.0
1	31814115	18.0	69.0
1	34317727	13.0	47.0
1	35235785	14.0	31.0
1	35308130	15.0	51.0
1	35412115	14.0	51.0
1	35529550	15.0	58.0
1	37479212	10.0	37.0
1	37691165	14.0	43.0
1	38934141	9.0	61.0
1	41866274	22.0	59.0
1	42774295	14.0	63.0
1	42930168	17.0	48.0
1	45074713	11.0	51.0
1	47445905	19.0	56.0
1	47591181	20.0	49.0
1	49619945	13.0	57.0
1	49872252	15.0	47.0
1	49929598	17.0	53.0
1	52582497	10.0	57.0
1	55869121	8.0	61.0
1	56125957	10.0	63.0
1	56157726	6.0	52.0
1	57285414	23.0	45.0
1	57720857	14.0	55.0
1	58190586	12.0	65.0
1	61458326	19.0	57.0
1	63043530	16.0	53.0
1	63052875	19.0	50.0
1	63501868	21.0	50.0
1	66707479	19.0	56.0
1	69074939	6.0	57.0
1	69810448	15.0	60.0
1	70021948	15.0	39.0
1	70036705	18.0	62.0
1	70551293	19.0	44.0
1	70565068	7.0	28.0
1	71211317	14.0	46.0
1	72022227	24.0	54.0
1	72230814	8.0	46.0
1	72303410	21.0	66.0
1	73222341	14.0	59.0
1	73359497	14.0	55.0
1	73423958	11.0	48.0
1	73669541	19.0	46.0
1	75408345	16.0	44.0
1	75816100	13.0	47.0
1	75929584	14.0	47.0
1	75985534	6.0	55.0
1	76896649	17.0	54.0
1	76956727	13.0	53.0
1	77314276	4.0	68.0
1	77685804	5.0	81.0
1	80549421	9.0	42.0
1	80872984	6.0	51.0
1	81465270	18.0	64.0
1	81689638	9.0	49.0
1	83283129	16.0	61.0
1	86258388	15.0	52.0
1	86262710	15.0	37.0
1	86976711	17.0	48.0
1	87630103	23.0	57.0
1	88228330	19.0	48.0
1	89195826	6.0	30.0
1	91212816	20.0	59.0
1	92203337	14.0	45.0
1	93250331	13.0	45.0
1	96743901	7.0	44.0
1	96999530	13.0	36.0
1	97027740	9.0	55.0
1	97726733	13.0	56.0
1	98124972	15.0	54.0
1	98819169	14.0	71.0
1	99671537	15.0	56.0
1	100842829	13.0	56.0
1	101151856	16.0	62.0
1	102766537	17.0	56.0
1	102973801	11.0	54.0
1	103151786	12.0	39.0
1	103170541	14.0	42.0
1	103606353	14.0	54.0
1	104423534	8.0	64.0
1	104430016	15.0	56.0
1	104633156	10.0	62.0
1	104633240	13.0	66.0
1	104773962	4.0	72.0
1	104927066	9.0	54.0
1	104939863	17.0	30.0
1	105115982	11.0	67.0
1	105168619	13.0	58.0
1	105505070	7.0	59.0
1	105878837	3.0	26.0
1	106415371	13.0	52.0
1	106419279	19.0	54.0
1	106544347	14.0	52.0
1	106678959	13.0	74.0
1	107311255	14.0	62.0
1	108031627	13.0	46.0
1	112139554	9.0	53.0
1	113129292	11.0	59.0
1	113830923	11.0	24.0
1	115309344	12.0	39.0
1	115602238	25.0	72.0
1	116570407	3.0	39.0
1	117226748	12.0	43.0
1	118977904	19.0	60.0
1	119480043	16.0	64.0
1	120181579	20.0	65.0
1	121280528	15.0	54.0
1	121428831	7.0	49.0
1	142598741	8.0	131.0
1	142629646	14.0	173.0
1	144865373	18.0	96.0
1	150683250	17.0	54.0
1	151230035	18.0	63.0
1	153135432	17.0	50.0
1	157715392	16.0	52.0
1	158054947	16.0	61.0
1	158736037	13.0	41.0
1	159972004	15.0	64.0
1	160658882	15.0	57.0
1	162112843	17.0	48.0
1	164235746	13.0	64.0
1	165276112	4.0	55.0
1	167519764	9.0	45.0
1	168260669	11.0	49.0
1	168582575	10.0	57.0
1	170685234	16.0	54.0
1	171010222	17.0	49.0
1	173798614	13.0	55.0
1	176086554	12.0	48.0
1	176304420	5.0	56.0
1	176647545	14.0	48.0
1	177030497	10.0	56.0
1	177523769	9.0	58.0
1	177696212	7.0	44.0
1	181016208	10.0	40.0
1	181333392	9.0	47.0
1	181432584	10.0	57.0
1	182512818	12.0	60.0
1	182733318	18.0	61.0
1	184338583	11.0	59.0
1	184450765	12.0	53.0
1	185495646	15.0	56.0
1	187060863	22.0	65.0
1	187560478	14.0	63.0
1	187610086	16.0	55.0
1	188426027	15.0	54.0
1	188438450	18.0	48.0
1	188707675	7.0	65.0
1	188870101	12.0	54.0
1	189000979	3.0	22.0
1	189196262	21.0	52.0
1	189498641	25.0	55.0
1	189617104	4.0	67.0
1	189757869	18.0	53.0
1	190342476	10.0	61.0
1	190464578	14.0	55.0
1	190810061	7.0	38.0
1	191188273	10.0	41.0
1	191233023	15.0	61.0
1	191374290	11.0	54.0
1	191411823	10.0	54.0
1	191433557	4.0	53.0
1	191477518	11.0	57.0
1	191542222	17.0	68.0
1	191699098	12.0	68.0
1	191912622	11.0	58.0
1	191946139	16.0	60.0
1	192409685	16.0	52.0
1	192447864	9.0	48.0
1	193528889	12.0	51.0
1	193924812	11.0	58.0
1	194093447	19.0	50.0
1	194540145	14.0	70.0
1	194578037	14.0	49.0
1	194580434	13.0	55.0
1	194782946	16.0	55.0
1	195015954	18.0	54.0
1	195296023	17.0	55.0
1	195598834	13.0	62.0
1	196221157	10.0	69.0
1	196423506	15.0	60.0
1	197025931	20.0	58.0
1	198021616	11.0	49.0
1	198955438	12.0	71.0
1	199324249	18.0	44.0
1	201044189	9.0	45.0
1	202560893	9.0	37.0
1	206935369	9.0	45.0
1	207013104	7.0	50.0
1	208013720	10.0	54.0
1	208627097	15.0	66.0
1	208678488	17.0	54.0
1	209105236	15.0	57.0
1	209105511	19.0	41.0
1	209330086	11.0	37.0
1	210311081	14.0	33.0
1	210996378	6.0	50.0
1	210997566	4.0	58.0
1	213220349	10.0	55.0
1	213712871	17.0	45.0
1	213748171	15.0	32.0
1	215302791	11.0	51.0
1	216266844	8.0	47.0
1	219133248	16.0	53.0
1	219819397	23.0	68.0
1	220591632	12.0	56.0
1	221123428	26.0	46.0
1	222295800	22.0	57.0
1	222406474	19.0	55.0
1	222508401	17.0	64.0
1	223840536	12.0	47.0
1	224470240	18.0	59.0
1	226402876	16.0	57.0
1	227501906	16.0	64.0
1	229594887	13.0	68.0
1	232443492	15.0	51.0
1	232929213	14.0	64.0
1	233843043	10.0	55.0
1	233986672	20.0	52.0
1	235703572	16.0	56.0
1	235869551	17.0	44.0
1	237211633	12.0	39.0
1	237384403	19.0	47.0
1	237474858	15.0	48.0
1	237779203	11.0	40.0
1	238263826	5.0	28.0
1	239481425	3.0	72.0
1	240215606	18.0	64.0
1	240329799	15.0	50.0
1	240504698	14.0	54.0
1	240614433	12.0	37.0
1	240853364	7.0	45.0
1	240970709	14.0	32.0
1	241426182	12.0	54.0
1	241968162	3.0	35.0
1	243772301	8.0	37.0
1	243801234	14.0	46.0
1	244074216	13.0	51.0
1	244213186	7.0	41.0
1	244243169	12.0	47.0
1	245758806	12.0	46.0
1	245950357	8.0	57.0
1	248409941	15.0	69.0
1	248821982	10.0	25.0
10	826958	23.0	53.0
10	1021008	10.0	48.0
10	1233751	10.0	40.0
10	1707936	9.0	42.0
10	2165672	15.0	68.0
10	2194954	16.0	61.0
10	2452915	15.0	43.0
10	3153380	14.0	51.0
10	3409165	16.0	33.0
10	3537535	4.0	62.0
10	3981475	8.0	58.0
10	4309071	18.0	59.0
10	6864829	14.0	46.0
10	6935508	17.0	38.0
10	6935655	10.0	44.0
10	7005245	17.0	53.0
10	7186662	7.0	58.0
10	7382694	18.0	59.0
10	7471500	7.0	41.0
10	7546930	13.0	44.0
10	7658727	14.0	54.0
10	7708911	7.0	16.0
10	8162621	15.0	57.0
10	9079107	14.0	53.0
10	10122642	18.0	45.0
10	10343449	19.0	38.0
10	10436988	6.0	60.0
10	10563980	12.0	47.0
10	10722055	13.0	50.0
10	10722056	13.0	50.0
10	10890035	11.0	45.0
10	11273283	21.0	65.0
10	11654993	10.0	39.0
10	12412556	15.0	49.0
10	13265174	10.0	43.0
10	13650877	10.0	39.0
10	13668035	15.0	53.0
10	13815649	12.0	39.0
10	14013393	17.0	44.0
10	14063092	12.0	42.0
10	14297642	18.0	54.0
10	14403567	12.0	61.0
10	15472610	14.0	55.0
10	16763844	16.0	69.0
10	17430460	12.0	60.0
10	18445837	11.0	31.0
10	18504712	16.0	35.0
10	18714552	14.0	41.0
10	18784763	8.0	62.0
10	19169908	11.0	44.0
10	19196548	9.0	55.0
10	19350168	15.0	53.0
10	19360223	11.0	39.0
10	19425257	12.0	45.0
10	19808298	16.0	70.0
10	19959721	11.0	56.0
10	20052439	14.0	45.0
10	20343067	7.0	40.0
10	20462127	8.0	53.0
10	20703119	12.0	65.0
10	20743421	9.0	50.0
10	21861883	19.0	70.0
10	22010252	14.0	57.0
10	22656213	12.0	57.0
10	26191984	14.0	53.0
10	27030031	10.0	47.0
10	28980778	11.0	34.0
10	30220249	17.0	62.0
10	32571328	10.0	46.0
10	32742287	5.0	63.0
10	33847521	13.0	48.0
10	34277498	5.0	32.0
10	34332020	12.0	39.0
10	34728324	10.0	68.0
10	35298420	14.0	29.0
10	35754237	10.0	36.0
10	36496127	17.0	55.0
10	36773308	20.0	46.0
10	37210719	12.0	52.0
10	37421807	8.0	37.0
10	37736299	4.0	56.0
10	39137773	14.0	51.0
10	42429725	12.0	53.0
10	42449404	12.0	39.0
10	45242722	18.0	42.0
10	47019270	11.0	125.0
10	52398531	22.0	48.0
10	53348751	15.0	42.0
10	55009488	17.0	46.0
10	55859311	8.0	35.0
10	56099194	17.0	39.0
10	57007577	12.0	40.0
10	57329970	13.0	52.0
10	57345553	14.0	42.0
10	57352388	10.0	29.0
10	58425678	18.0	49.0
10	58538164	13.0	36.0
10	58610967	8.0	51.0
10	61231343	9.0	30.0
10	64689117	11.0	22.0
10	65555031	17.0	46.0
10	67093220	15.0	38.0
10	67343248	11.0	34.0
10	69289713	14.0	27.0
10	69507043	16.0	42.0
10	69581175	17.0	43.0
10	70955914	18.0	32.0
10	72005843	14.0	31.0
10	76810303	15.0	33.0
10	82542855	20.0	43.0
10	83126220	14.0	28.0
10	83241751	10.0	34.0
10	83262305	12.0	41.0
10	83398961	11.0	40.0
10	84254159	11.0	32.0
10	85246951	5.0	48.0
10	85899159	6.0	29.0
10	85899162	6.0	29.0
10	86623095	9.0	45.0
10	87027582	11.0	40.0
10	87052439	12.0	33.0
10	91899073	9.0	38.0
10	92282272	6.0	42.0
10	94252861	17.0	41.0
10	98247715	8.0	43.0
10	99391587	6.0	46.0
10	99920614	15.0	38.0
10	100266984	16.0	39.0
10	100643275	10.0	35.0
10	102362246	16.0	36.0
10	105469331	24.0	36.0
10	106831053	10.0	42.0
10	106942380	20.0	34.0
10	107181135	10.0	42.0
10	107581368	4.0	56.0
10	108933480	16.0	43.0
10	109633981	12.0	43.0
10	110774046	16.0	49.0
10	110996495	17.0	35.0
10	113441040	9.0	45.0
10	114045931	10.0	34.0
10	114713882	16.0	42.0
10	117816317	11.0	37.0
10	117922200	12.0	32.0
10	118897916	12.0	33.0
10	119456030	10.0	42.0
10	121269351	11.0	30.0
10	128059074	14.0	36.0
10	128475133	8.0	35.0
10	130707082	10.0	41.0
10	130759911	19.0	32.0
10	130950946	14.0	38.0
10	132029669	8.0	27.0
10	132494535	10.0	31.0
10	132866600	11.0	32.0
10	133441191	6.0	38.0
10	133508577	11.0	41.0
10	133514848	5.0	32.0
10	133619845	13.0	47.0
10	135125325	8.0	37.0
10	135234929	21.0	25.0
11	1364768	3.0	30.0
11	3864220	20.0	40.0
11	4748943	18.0	38.0
11	10377497	8.0	37.0
11	10962446	17.0	37.0
11	12442341	17.0	34.0
11	16604984	11.0	29.0
11	17566827	12.0	38.0
11	21262990	11.0	27.0
11	21281556	24.0	46.0
11	21648477	14.0	48.0
11	22099817	16.0	30.0
11	24294338	6.0	52.0
11	24294933	3.0	34.0
11	24295378	5.0	44.0
11	27241009	14.0	30.0
11	27971122	10.0	48.0
11	29316651	20.0	36.0
11	29594170	21.0	33.0
11	31328202	17.0	38.0
11	31824240	8.0	32.0
11	32510161	8.0	33.0
11	33110444	8.0	53.0
11	34032862	14.0	52.0
11	35441637	16.0	47.0
11	35793193	9.0	41.0
11	36823210	10.0	43.0
11	37975540	12.0	70.0
11	38646549	16.0	54.0
11	39719618	15.0	54.0
11	39798433	7.0	43.0
11	40237971	10.0	57.0
11	40316406	14.0	61.0
11	40378378	18.0	73.0
11	40518351	18.0	43.0
11	41045584	10.0	60.0
11	41165072	13.0	45.0
11	41375395	11.0	49.0
11	41509467	17.0	52.0
11	41578339	14.0	37.0
11	41721770	14.0	52.0
11	41847591	13.0	40.0
11	42310749	13.0	55.0
11	42376213	13.0	50.0
11	43171696	18.0	57.0
11	45522570	17.0	54.0
11	47378591	11.0	53.0
11	47425007	9.0	41.0
11	47621782	15.0	35.0
11	48050681	14.0	61.0
11	48050682	14.0	62.0
11	48884311	15.0	56.0
11	49046986	6.0	64.0
11	49162654	22.0	53.0
11	49162669	21.0	57.0
11	49208589	16.0	48.0
11	49234651	18.0	57.0
11	49508636	23.0	52.0
11	49869076	13.0	48.0
11	49869920	11.0	60.0
11	50361924	17.0	55.0
11	50629821	16.0	57.0
11	50777962	11.0	51.0
11	51337450	11.0	42.0
11	51371087	11.0	58.0
11	51380916	13.0	54.0
11	51571602	12.0	53.0
11	54800333	8.0	58.0
11	55305510	13.0	43.0
11	55342830	8.0	66.0
11	55400195	18.0	70.0
11	55731534	9.0	73.0
11	55855637	12.0	53.0
11	56017291	21.0	63.0
11	56214515	10.0	57.0
11	56508386	14.0	48.0
11	57137288	15.0	62.0
11	57801802	10.0	52.0
11	58280713	16.0	54.0
11	58645728	23.0	41.0
11	59466379	17.0	52.0
11	61082996	14.0	58.0
11	62581995	9.0	37.0
11	63096112	9.0	45.0
11	64189529	13.0	36.0
11	64944709	5.0	42.0
11	65880846	9.0	50.0
11	67825859	18.0	55.0
11	68812993	11.0	33.0
11	69560095	15.0	42.0
11	70012976	9.0	46.0
11	70352583	13.0	54.0
11	71222440	15.0	54.0
11	71617610	10.0	44.0
11	72252112	16.0	64.0
11	75322033	11.0	47.0
11	75493177	11.0	48.0
11	78408448	14.0	52.0
11	78596767	11.0	52.0
11	79109579	15.0	59.0
11	79225520	18.0	61.0
11	79273505	11.0	52.0
11	79563033	15.0	48.0
11	80990208	10.0	53.0
11	81454881	7.0	42.0
11	81617015	16.0	42.0
11	81740690	6.0	42.0
11	81790896	23.0	71.0
11	81936437	14.0	54.0
11	82154368	12.0	49.0
11	82892987	9.0	34.0
11	83326360	11.0	43.0
11	83590042	20.0	46.0
11	84009334	4.0	64.0
11	84200572	6.0	53.0
11	84982820	11.0	39.0
11	85246457	20.0	51.0
11	85942854	9.0	44.0
11	87093548	11.0	63.0
11	87278210	5.0	67.0
11	87623209	18.0	53.0
11	88450786	14.0	58.0
11	88706007	13.0	40.0
11	88773972	12.0	55.0
11	89123093	23.0	61.0
11	89146505	3.0	45.0
11	89416163	21.0	47.0
11	89851261	13.0	45.0
11	90358280	11.0	48.0
11	90844635	17.0	58.0
11	91058883	6.0	65.0
11	91304396	13.0	49.0
11	92146562	13.0	61.0
11	92707699	11.0	41.0
11	94230754	4.0	74.0
11	95064552	14.0	52.0
11	96614318	15.0	50.0
11	96733521	18.0	56.0
11	97113052	17.0	60.0
11	97404098	11.0	66.0
11	97502549	14.0	52.0
11	97533341	12.0	57.0
11	97722921	11.0	58.0
11	97743950	17.0	56.0
11	98076016	8.0	44.0
11	98272583	18.0	48.0
11	98366969	12.0	59.0
11	98422662	11.0	46.0
11	98508605	5.0	55.0
11	98597850	13.0	43.0
11	98608082	10.0	51.0
11	98710364	15.0	61.0
11	99174339	17.0	50.0
11	99568774	18.0	45.0
11	99808309	14.0	45.0
11	99977789	13.0	52.0
11	101520768	9.0	57.0
11	101997110	11.0	48.0
11	102231502	7.0	39.0
11	102509153	15.0	40.0
11	102760300	12.0	61.0
11	103670671	11.0	52.0
11	103729384	18.0	49.0
11	103764306	13.0	53.0
11	104409313	18.0	65.0
11	104491475	12.0	64.0
11	105090438	9.0	50.0
11	105882776	11.0	57.0
11	107010095	10.0	38.0
11	107448289	15.0	43.0
11	109289423	14.0	50.0
11	110400902	17.0	60.0
11	110906117	19.0	53.0
11	112475175	8.0	44.0
11	112488162	9.0	45.0
11	112834186	1.0	20.0
11	112950861	13.0	52.0
11	114052599	14.0	42.0
11	114493742	16.0	39.0
11	114604052	11.0	46.0
11	114706139	15.0	45.0
11	115829545	11.0	41.0
11	115956874	14.0	35.0
11	117440812	13.0	41.0
11	118130209	8.0	59.0
11	118538707	19.0	36.0
11	119882863	8.0	50.0
11	120057790	23.0	47.0
11	122171886	14.0	55.0
11	123447192	12.0	49.0
11	123737623	7.0	49.0
11	124039738	13.0	56.0
11	124401468	20.0	36.0
11	124890438	14.0	59.0
11	125197789	13.0	36.0
11	126984342	9.0	50.0
11	127027345	12.0	49.0
11	127318321	19.0	45.0
11	130954996	9.0	28.0
11	131017779	12.0	36.0
11	131478704	15.0	47.0
11	132427722	9.0	66.0
11	132477575	12.0	56.0
11	133164459	14.0	51.0
11	133629395	21.0	51.0
12	2257456	16.0	38.0
12	3203356	11.0	47.0
12	3690457	13.0	51.0
12	5004750	9.0	51.0
12	5355098	17.0	52.0
12	8419132	4.0	66.0
12	8762064	13.0	39.0
12	10403358	10.0	60.0
12	10989733	12.0	46.0
12	13527834	11.0	52.0
12	14326565	12.0	54.0
12	16029312	13.0	48.0
12	17063656	11.0	49.0
12	17494907	24.0	61.0
12	17651210	16.0	58.0
12	20705145	6.0	38.0
12	20850982	20.0	55.0
12	21823535	12.0	63.0
12	22201896	11.0	56.0
12	23562570	12.0	50.0
12	24045039	10.0	71.0
12	24220067	16.0	55.0
12	24276825	14.0	45.0
12	24531538	4.0	57.0
12	24595386	13.0	55.0
12	25199939	17.0	47.0
12	25398284	19.0	52.0
12	26572044	13.0	55.0
12	28009661	17.0	59.0
12	28678367	19.0	51.0
12	28778627	18.0	40.0
12	29799461	13.0	62.0
12	29973486	18.0	54.0
12	33104466	16.0	61.0
12	33737919	15.0	49.0
12	33969545	10.0	48.0
12	34335295	15.0	55.0
12	34434771	11.0	46.0
12	34475635	14.0	46.0
12	38427437	8.0	58.0
12	38551355	10.0	48.0
12	38828821	19.0	49.0
12	39373358	12.0	52.0
12	39434454	9.0	52.0
12	39626291	14.0	48.0
12	40971072	10.0	74.0
12	41044157	15.0	65.0
12	41145162	23.0	64.0
12	41501796	15.0	48.0
12	41618469	21.0	47.0
12	41895880	9.0	26.0
12	41899247	12.0	28.0
12	43768726	14.0	37.0
12	47769117	10.0	40.0
12	53356353	20.0	41.0
12	57633952	14.0	35.0
12	58521208	13.0	24.0
12	58931596	13.0	37.0
12	60364586	16.0	34.0
12	61164081	24.0	47.0
12	63435914	10.0	40.0
12	65787351	5.0	23.0
12	66434663	16.0	41.0
12	68568803	9.0	40.0
12	71158032	11.0	43.0
12	73830141	20.0	46.0
12	74401181	15.0	45.0
12	75325947	17.0	32.0
12	77899790	9.0	39.0
12	78254364	13.0	42.0
12	79491129	24.0	26.0
12	80748026	5.0	53.0
12	81298583	16.0	43.0
12	82860382	20.0	44.0
12	84725457	17.0	31.0
12	84948428	4.0	45.0
12	86680312	22.0	38.0
12	86868279	8.0	36.0
12	87106027	15.0	42.0
12	91226513	14.0	40.0
12	92486304	14.0	30.0
12	95016572	16.0	27.0
12	98605468	18.0	42.0
12	99288572	17.0	33.0
12	99549842	17.0	40.0
12	100310284	8.0	36.0
12	100738510	10.0	40.0
12	101555982	17.0	37.0
12	103755868	8.0	44.0
12	109192698	12.0	27.0
12	112221257	17.0	31.0
12	112367471	4.0	28.0
12	113755592	15.0	39.0
12	114707731	11.0	30.0
12	115061782	15.0	32.0
12	118637277	9.0	33.0
12	119180034	13.0	33.0
12	122201055	8.0	27.0
12	123157968	5.0	30.0
12	124127728	10.0	37.0
12	124416946	20.0	44.0
12	125216653	16.0	27.0
12	126870566	16.0	31.0
12	126995520	11.0	40.0
12	128901301	20.0	43.0
12	129884833	9.0	33.0
12	129956826	13.0	42.0
12	130178417	17.0	33.0
12	131259406	15.0	35.0
12	131386876	4.0	37.0
12	131462053	14.0	37.0
12	132846428	13.0	31.0
13	19512795	14.0	42.0
13	19740776	12.0	45.0
13	19793373	14.0	51.0
13	21704167	7.0	28.0
13	21714581	8.0	36.0
13	22976565	13.0	47.0
13	23199477	8.0	38.0
13	23244587	1.0	57.0
13	23244588	1.0	56.0
13	23244589	1.0	56.0
13	23279085	8.0	52.0
13	23446960	8.0	64.0
13	23757989	11.0	48.0
13	24062080	13.0	42.0
13	25713795	7.0	36.0
13	25869763	14.0	53.0
13	26109083	16.0	54.0
13	27279823	13.0	45.0
13	29192339	14.0	36.0
13	29209547	10.0	51.0
13	29672443	14.0	77.0
13	29859135	17.0	54.0
13	31546463	12.0	64.0
13	31628678	10.0	28.0
13	32066774	16.0	55.0
13	32067314	9.0	39.0
13	32282934	5.0	55.0
13	34281610	12.0	45.0
13	34520681	18.0	66.0
13	34831769	19.0	46.0
13	35471209	13.0	54.0
13	36001854	9.0	33.0
13	37189997	12.0	45.0
13	37874565	12.0	59.0
13	38473348	16.0	72.0
13	38654060	17.0	56.0
13	39729921	7.0	44.0
13	39880712	18.0	49.0
13	39991802	10.0	39.0
13	40111672	14.0	49.0
13	40365285	19.0	63.0
13	45068874	18.0	51.0
13	45493174	18.0	49.0
13	47769479	16.0	51.0
13	48029706	11.0	44.0
13	48385625	21.0	42.0
13	50235541	16.0	54.0
13	50976035	9.0	53.0
13	52998094	11.0	55.0
13	53203975	11.0	58.0
13	53868068	13.0	53.0
13	53988132	10.0	50.0
13	54099081	10.0	47.0
13	54130939	9.0	66.0
13	54199560	13.0	28.0
13	54855672	11.0	56.0
13	55481943	12.0	68.0
13	55538763	18.0	50.0
13	55816997	11.0	50.0
13	55857402	7.0	41.0
13	55934327	6.0	45.0
13	55947421	17.0	61.0
13	55963613	23.0	65.0
13	56696931	15.0	60.0
13	56958063	14.0	60.0
13	56978315	12.0	44.0
13	57340650	17.0	49.0
13	57456217	8.0	46.0
13	57492931	16.0	55.0
13	57791089	11.0	43.0
13	58531860	16.0	52.0
13	60232778	15.0	43.0
13	62414056	4.0	93.0
13	63862382	14.0	48.0
13	64499910	14.0	56.0
13	64601107	9.0	44.0
13	64606879	5.0	63.0
13	64849917	10.0	60.0
13	64974620	15.0	60.0
13	65114921	15.0	68.0
13	65120597	17.0	62.0
13	65126103	9.0	33.0
13	65222830	14.0	53.0
13	65368135	22.0	70.0
13	65492476	9.0	59.0
13	65782832	14.0	64.0
13	65806694	16.0	55.0
13	66269403	10.0	62.0
13	66355159	17.0	42.0
13	66515556	16.0	56.0
13	66644354	18.0	63.0
13	66677449	9.0	56.0
13	66899546	17.0	49.0
13	66945033	21.0	61.0
13	67196922	10.0	51.0
13	67239521	15.0	62.0
13	67295184	13.0	67.0
13	67882221	16.0	44.0
13	68129652	8.0	49.0
13	68399411	7.0	62.0
13	68425413	12.0	73.0
13	68440020	14.0	59.0
13	68440021	14.0	59.0
13	68637169	5.0	64.0
13	69438065	14.0	56.0
13	69480542	9.0	56.0
13	69546335	10.0	60.0
13	69644650	14.0	74.0
13	69722656	17.0	57.0
13	70977969	6.0	46.0
13	71227716	10.0	50.0
13	71844824	18.0	48.0
13	73441444	13.0	43.0
13	74662794	14.0	44.0
13	80362888	14.0	54.0
13	80916569	11.0	40.0
13	81072929	17.0	70.0
13	81801835	19.0	61.0
13	82968014	11.0	63.0
13	82998143	13.0	51.0
13	83246631	8.0	53.0
13	83471654	21.0	63.0
13	83669279	13.0	61.0
13	84114091	12.0	43.0
13	84179186	14.0	36.0
13	84424715	14.0	59.0
13	84759613	12.0	44.0
13	84900037	13.0	57.0
13	85082587	15.0	62.0
13	85149061	16.0	41.0
13	85733347	12.0	26.0
13	86083467	11.0	72.0
13	87308522	14.0	55.0
13	87390144	23.0	55.0
13	87478850	15.0	57.0
13	87589928	13.0	73.0
13	87608030	14.0	59.0
13	87813816	22.0	53.0
13	88244398	9.0	43.0
13	88382351	15.0	39.0
13	88820715	14.0	73.0
13	88834479	12.0	57.0
13	89370347	14.0	28.0
13	89381487	15.0	57.0
13	90082125	13.0	49.0
13	90887123	14.0	53.0
13	91057700	14.0	36.0
13	91402568	15.0	43.0
13	91845015	15.0	45.0
13	91945640	8.0	30.0
13	91982155	10.0	66.0
13	92479061	15.0	65.0
13	92578431	8.0	28.0
13	94103266	15.0	52.0
13	94113254	15.0	45.0
13	94128118	15.0	60.0
13	94227204	13.0	49.0
13	94534360	21.0	68.0
13	94768957	13.0	68.0
13	95669521	18.0	48.0
13	97309011	17.0	58.0
13	97981769	12.0	42.0
13	98626477	15.0	51.0
13	98707034	8.0	38.0
13	98911726	12.0	36.0
13	99638146	18.0	51.0
13	101509637	17.0	56.0
13	101932029	5.0	16.0
13	102008366	15.0	63.0
13	102475552	11.0	43.0
13	102834565	14.0	47.0
13	104351321	19.0	41.0
13	104658953	12.0	48.0
13	106331575	15.0	49.0
13	107736754	23.0	52.0
13	109294165	11.0	56.0
13	109299318	10.0	55.0
13	109487057	20.0	65.0
13	109637854	11.0	63.0
13	110624122	12.0	59.0
13	111704965	6.0	38.0
13	112240479	9.0	35.0
13	114636798	15.0	57.0
13	114941405	13.0	65.0
14	20195303	15.0	48.0
14	21561415	7.0	45.0
14	24696698	19.0	55.0
14	25138738	11.0	62.0
14	25764448	8.0	43.0
14	26448016	12.0	49.0
14	27036721	8.0	38.0
14	27141885	16.0	52.0
14	27992209	11.0	75.0
14	28412988	13.0	55.0
14	28532118	13.0	44.0
14	28956617	8.0	50.0
14	29287483	20.0	50.0
14	29332338	14.0	64.0
14	29798409	16.0	60.0
14	30239316	10.0	59.0
14	30994095	14.0	47.0
14	33305820	17.0	57.0
14	33491646	14.0	38.0
14	33657838	18.0	56.0
14	35989430	10.0	51.0
14	36525700	12.0	48.0
14	38095568	17.0	44.0
14	39179373	12.0	46.0
14	40696625	16.0	72.0
14	40834879	17.0	52.0
14	40930081	13.0	44.0
14	41142616	12.0	47.0
14	41281928	19.0	40.0
14	41821344	16.0	44.0
14	42308156	19.0	53.0
14	42661180	16.0	55.0
14	42750666	15.0	46.0
14	42872075	16.0	43.0
14	42913299	14.0	55.0
14	42972030	7.0	50.0
14	43015137	11.0	59.0
14	43099956	16.0	57.0
14	43219875	14.0	66.0
14	43365920	12.0	48.0
14	43664351	19.0	36.0
14	43999306	7.0	59.0
14	44303854	16.0	61.0
14	44578708	12.0	56.0
14	45134758	12.0	41.0
14	45241693	15.0	51.0
14	46118269	7.0	56.0
14	46447673	12.0	38.0
14	46898865	9.0	47.0
14	46919134	12.0	62.0
14	46973264	7.0	52.0
14	46992580	18.0	56.0
14	47317354	5.0	61.0
14	47711706	11.0	39.0
14	47998465	23.0	57.0
14	48114506	9.0	50.0
14	48232150	19.0	44.0
14	48255350	13.0	42.0
14	48851640	19.0	66.0
14	48992636	14.0	51.0
14	49244471	17.0	29.0
14	49818297	11.0	50.0
14	51097944	6.0	48.0
14	52789706	11.0	50.0
14	55089721	13.0	49.0
14	56146530	15.0	53.0
14	57817576	7.0	58.0
14	58064996	6.0	59.0
14	58310136	16.0	44.0
14	59279955	11.0	45.0
14	61688260	7.0	39.0
14	62738137	13.0	32.0
14	63089680	15.0	32.0
14	66101784	12.0	48.0
14	67655807	17.0	50.0
14	72914560	11.0	42.0
14	73558859	17.0	49.0
14	73603188	12.0	42.0
14	75896425	18.0	48.0
14	76855828	16.0	54.0
14	77963590	12.0	33.0
14	78274233	7.0	47.0
14	78675277	11.0	48.0
14	79668924	7.0	31.0
14	80168274	17.0	47.0
14	80340621	17.0	46.0
14	80616865	15.0	46.0
14	81524746	11.0	69.0
14	81791277	9.0	54.0
14	82486277	15.0	51.0
14	82867896	6.0	65.0
14	83053915	18.0	41.0
14	83149271	13.0	41.0
14	83394681	13.0	59.0
14	83888950	6.0	53.0
14	83894484	13.0	45.0
14	84082102	19.0	48.0
14	86302240	7.0	46.0
14	87536553	14.0	51.0
14	87615775	12.0	54.0
14	87688695	11.0	30.0
14	88126317	6.0	47.0
14	88758076	5.0	42.0
14	90666058	12.0	33.0
14	90790535	10.0	41.0
14	90917698	11.0	34.0
14	92898423	11.0	49.0
14	92959998	6.0	40.0
14	93364707	16.0	52.0
14	95089922	9.0	45.0
14	97207304	20.0	51.0
14	97908498	14.0	55.0
14	98034035	17.0	45.0
14	98338939	4.0	57.0
14	100693110	5.0	39.0
14	101208814	10.0	46.0
14	101708856	6.0	46.0
14	102086275	12.0	31.0
14	103160863	9.0	45.0
14	103693313	11.0	34.0
14	104069550	11.0	40.0
14	104678530	10.0	50.0
14	104781705	7.0	51.0
14	105293377	10.0	36.0
14	106173739	9.0	75.0
14	106231508	5.0	36.0
14	106310110	11.0	39.0
15	20403180	11.0	173.0
15	20459439	10.0	200.0
15	21151812	17.0	144.0
15	21183177	12.0	211.0
15	22157044	14.0	55.0
15	22302909	5.0	57.0
15	22345993	13.0	135.0
15	22423103	13.0	110.0
15	22547188	7.0	76.0
15	22814239	9.0	30.0
15	23998656	16.0	41.0
15	24133832	19.0	50.0
15	24259296	6.0	26.0
15	24358430	14.0	59.0
15	25150380	16.0	45.0
15	25403257	13.0	57.0
15	25492341	18.0	51.0
15	25593094	23.0	51.0
15	25782017	16.0	56.0
15	25896919	6.0	37.0
15	25934871	7.0	59.0
15	26027869	8.0	61.0
15	26173820	21.0	66.0
15	26658437	9.0	46.0
15	26695081	16.0	52.0
15	26789700	14.0	40.0
15	26987765	19.0	41.0
15	26987766	19.0	41.0
15	27118970	7.0	51.0
15	27494291	12.0	49.0
15	27622361	14.0	40.0
15	27732947	19.0	39.0
15	27905981	4.0	36.0
15	28041481	14.0	45.0
15	28193832	9.0	38.0
15	32551820	13.0	71.0
15	33552051	29.0	61.0
15	33564682	14.0	68.0
15	33951405	16.0	47.0
15	34914660	20.0	61.0
15	35491880	19.0	52.0
15	37714554	9.0	48.0
15	38072181	13.0	66.0
15	38516367	14.0	45.0
15	39270772	12.0	49.0
15	39785042	13.0	44.0
15	40667031	16.0	49.0
15	40780112	10.0	37.0
15	43222909	22.0	70.0
15	44615157	12.0	49.0
15	45090462	17.0	63.0
15	45171016	17.0	61.0
15	46883938	15.0	62.0
15	47219925	16.0	56.0
15	47266491	12.0	57.0
15	48500724	14.0	48.0
15	48581112	17.0	40.0
15	48750058	11.0	44.0
15	49516573	14.0	43.0
15	50213581	11.0	60.0
15	50430305	16.0	36.0
15	50944873	13.0	61.0
15	54844005	4.0	69.0
15	54872655	8.0	55.0
15	54893049	15.0	66.0
15	56183975	17.0	62.0
15	59505432	6.0	40.0
15	60391811	21.0	40.0
15	62551431	9.0	35.0
15	63393923	11.0	45.0
15	65033747	11.0	48.0
15	65144640	6.0	45.0
15	68909418	15.0	43.0
15	69996946	17.0	56.0
15	72494862	19.0	53.0
15	73406920	17.0	58.0
15	74697675	16.0	34.0
15	76781089	5.0	16.0
15	78358178	5.0	45.0
15	79050175	17.0	51.0
15	79270593	12.0	23.0
15	79590884	15.0	74.0
15	79914367	21.0	72.0
15	82325517	9.0	42.0
15	82367487	14.0	38.0
15	83614960	13.0	65.0
15	84163595	11.0	66.0
15	84605961	14.0	65.0
15	84668641	18.0	62.0
15	84718899	13.0	52.0
15	86940980	15.0	53.0
15	87489763	11.0	46.0
15	87895511	12.0	53.0
15	87999306	14.0	52.0
15	88063632	8.0	43.0
15	88137560	4.0	56.0
15	88695070	8.0	42.0
15	89292538	14.0	46.0
15	89321516	10.0	57.0
15	89518553	10.0	46.0
15	92361643	11.0	64.0
15	92778435	11.0	49.0
15	92836901	30.0	61.0
15	94000284	12.0	55.0
15	94106535	21.0	56.0
15	94122978	16.0	52.0
15	94145978	13.0	50.0
15	94328342	8.0	61.0
15	95304376	12.0	48.0
15	95310137	10.0	52.0
15	95397678	11.0	54.0
15	95422326	16.0	56.0
15	95852548	5.0	48.0
15	96287755	11.0	63.0
15	96659631	9.0	41.0
15	97233972	14.0	56.0
15	97363084	16.0	54.0
15	97462916	9.0	54.0
15	97627469	16.0	51.0
15	98030805	16.0	54.0
15	98144379	15.0	38.0
15	98818602	18.0	59.0
15	98832159	25.0	58.0
15	100922674	9.0	53.0
15	101324107	10.0	35.0
16	70758	12.0	86.0
16	556766	11.0	66.0
16	1709722	11.0	40.0
16	3304310	11.0	41.0
16	3368605	14.0	48.0
16	4633686	13.0	60.0
16	5488083	12.0	63.0
16	5607907	13.0	64.0
16	5761282	16.0	53.0
16	6435748	15.0	47.0
16	6487297	8.0	58.0
16	6589692	7.0	53.0
16	7140938	13.0	45.0
16	7194353	17.0	45.0
16	7277290	18.0	39.0
16	7661870	14.0	42.0
16	7699429	13.0	46.0
16	8162082	5.0	59.0
16	9733598	16.0	66.0
16	11250536	9.0	46.0
16	12875475	10.0	44.0
16	13329849	13.0	53.0
16	13472948	12.0	39.0
16	13474809	12.0	37.0
16	13949413	9.0	51.0
16	16261898	11.0	48.0
16	17008511	13.0	58.0
16	17875475	7.0	49.0
16	18182842	6.0	36.0
16	18297685	16.0	39.0
16	18786714	15.0	57.0
16	18962609	11.0	48.0
16	19529912	15.0	37.0
16	20547337	9.0	50.0
16	22600096	16.0	123.0
16	22647957	7.0	105.0
16	24245175	5.0	35.0
16	24451116	9.0	63.0
16	24490965	14.0	37.0
16	24505732	20.0	58.0
16	24653585	14.0	48.0
16	25458182	16.0	59.0
16	25502159	18.0	63.0
16	25584221	13.0	35.0
16	26040490	9.0	46.0
16	26104080	4.0	50.0
16	26447966	16.0	60.0
16	26924881	18.0	38.0
16	26971251	7.0	31.0
16	27607724	14.0	41.0
16	28858245	8.0	70.0
16	28896325	14.0	45.0
16	29009138	13.0	33.0
16	31682365	14.0	53.0
16	31715626	12.0	47.0
16	32077178	7.0	65.0
16	32444593	10.0	140.0
16	32654343	17.0	124.0
16	32975900	7.0	21.0
16	33612660	12.0	112.0
16	33640543	16.0	104.0
16	33927719	15.0	46.0
16	34255160	18.0	49.0
16	34406101	8.0	60.0
16	34801037	17.0	63.0
16	35090978	6.0	52.0
16	47092074	12.0	47.0
16	47514016	14.0	58.0
16	48096430	17.0	49.0
16	48478952	14.0	44.0
16	48702315	10.0	36.0
16	48929618	20.0	50.0
16	49681386	13.0	59.0
16	50816581	15.0	60.0
16	50955253	14.0	64.0
16	51003667	11.0	47.0
16	51673878	12.0	44.0
16	51707565	18.0	50.0
16	52671934	9.0	25.0
16	52892415	14.0	48.0
16	54299584	12.0	49.0
16	56353293	14.0	48.0
16	56560243	12.0	35.0
16	57936641	19.0	45.0
16	58046963	10.0	36.0
16	60008658	19.0	58.0
16	60928228	15.0	69.0
16	61063555	11.0	64.0
16	61141658	13.0	61.0
16	61246115	13.0	52.0
16	61254968	20.0	55.0
16	61284794	12.0	39.0
16	61388627	8.0	48.0
16	61432827	18.0	53.0
16	61571722	10.0	41.0
16	61876362	10.0	35.0
16	61918525	12.0	53.0
16	62270790	19.0	58.0
16	62554581	11.0	62.0
16	62733674	11.0	54.0
16	63239694	9.0	44.0
16	63739872	9.0	58.0
16	63740467	17.0	48.0
16	63766928	12.0	46.0
16	63802329	15.0	63.0
16	64060688	11.0	46.0
16	64060734	16.0	52.0
16	64810493	15.0	56.0
16	64810494	15.0	55.0
16	64907722	13.0	58.0
16	64953695	15.0	55.0
16	65964356	15.0	72.0
16	66129657	14.0	75.0
16	69227462	19.0	50.0
16	70459236	12.0	41.0
16	71430307	18.0	42.0
16	74028389	11.0	53.0
16	74176690	11.0	63.0
16	74408193	6.0	55.0
16	76053580	16.0	60.0
16	76059501	16.0	46.0
16	76502302	16.0	48.0
16	76511041	12.0	49.0
16	76610172	11.0	48.0
16	77530473	17.0	50.0
16	77583524	11.0	63.0
16	77822572	8.0	34.0
16	77851922	14.0	50.0
16	77981123	9.0	54.0
16	78273058	9.0	42.0
16	78289405	9.0	76.0
16	78614711	15.0	49.0
16	78638036	5.0	86.0
16	79050220	12.0	49.0
16	79111256	12.0	53.0
16	80597170	13.0	49.0
16	81153998	13.0	34.0
16	81296453	9.0	39.0
16	81731636	11.0	39.0
16	82599266	14.0	53.0
16	82775480	11.0	61.0
16	82791203	15.0	52.0
16	84545812	16.0	61.0
16	85768876	16.0	43.0
16	86266299	19.0	50.0
16	87080394	5.0	51.0
16	88133922	11.0	48.0
16	88182162	16.0	61.0
16	88258547	14.0	38.0
16	88756080	18.0	41.0
16	88963979	7.0	41.0
16	90091417	12.0	49.0
17	2130865	15.0	35.0
17	4688587	15.0	40.0
17	7577094	8.0	24.0
17	9803020	8.0	33.0
17	9905877	10.0	29.0
17	10000724	4.0	35.0
17	10244932	4.0	26.0
17	10468667	10.0	25.0
17	10532510	14.0	27.0
17	10832561	4.0	58.0
17	11091099	18.0	26.0
17	11091116	15.0	29.0
17	11091447	17.0	43.0
17	14192619	5.0	63.0
17	14876452	13.0	40.0
17	15210136	8.0	45.0
17	16972456	8.0	86.0
17	17087646	8.0	36.0
17	20463585	10.0	49.0
17	21918239	12.0	46.0
17	22067453	10.0	55.0
17	22221449	11.0	43.0
17	22237292	7.0	45.0
17	25348419	14.0	56.0
17	25409512	20.0	51.0
17	26879135	15.0	29.0
17	29233378	13.0	41.0
17	29260664	15.0	47.0
17	29798919	9.0	35.0
17	30042427	14.0	41.0
17	30533123	17.0	58.0
17	30719167	6.0	26.0
17	31317034	10.0	42.0
17	31484103	17.0	59.0
17	31564756	13.0	60.0
17	31967628	11.0	54.0
17	32027386	11.0	60.0
17	32095553	14.0	45.0
17	32123608	8.0	44.0
17	33221635	14.0	46.0
17	33236212	14.0	49.0
17	33416314	9.0	24.0
17	34044494	13.0	54.0
17	35646472	13.0	58.0
17	36891209	4.0	53.0
17	39502888	10.0	30.0
17	42168352	11.0	49.0
17	45369577	11.0	49.0
17	45821886	5.0	41.0
17	47639220	4.0	59.0
17	48160956	9.0	44.0
17	48373835	16.0	52.0
17	50164151	6.0	55.0
17	50552676	14.0	39.0
17	51461126	15.0	35.0
17	51566707	8.0	33.0
17	51593516	26.0	45.0
17	52076944	11.0	47.0
17	52917713	10.0	40.0
17	55797681	20.0	28.0
17	58021706	19.0	39.0
17	58206707	12.0	44.0
17	63965820	16.0	36.0
17	66450648	10.0	33.0
17	67891076	21.0	45.0
17	68063305	10.0	37.0
17	68398562	4.0	58.0
17	72391863	14.0	39.0
17	72824234	10.0	31.0
17	73473698	12.0	44.0
17	74145825	10.0	31.0
17	76129726	13.0	31.0
17	78930604	9.0	28.0
17	80004241	6.0	29.0
18	332726	9.0	31.0
18	4477365	8.0	28.0
18	4733096	7.0	39.0
18	5051708	17.0	49.0
18	5320187	9.0	42.0
18	5397591	12.0	28.0
18	5612596	11.0	39.0
18	6828215	8.0	30.0
18	7137743	10.0	40.0
18	7468683	14.0	34.0
18	7847942	9.0	43.0
18	18527834	18.0	44.0
18	18794649	3.0	23.0
18	18794653	3.0	25.0
18	18794702	1.0	38.0
18	18794737	3.0	51.0
18	19107880	14.0	47.0
18	22952153	13.0	42.0
18	23336963	19.0	46.0
18	23544803	14.0	36.0
18	24834110	19.0	43.0
18	24893718	18.0	36.0
18	25475029	16.0	33.0
18	26138769	20.0	35.0
18	26512291	12.0	29.0
18	27585160	13.0	40.0
18	27585204	18.0	55.0
18	28305279	15.0	38.0
18	30722504	16.0	28.0
18	30722511	16.0	26.0
18	30747957	9.0	42.0
18	31223824	18.0	48.0
18	35393300	9.0	39.0
18	35546321	12.0	39.0
18	36190637	7.0	51.0
18	37714817	19.0	35.0
18	38154241	4.0	59.0
18	38485422	12.0	36.0
18	39636823	13.0	35.0
18	41859562	11.0	47.0
18	44384220	14.0	33.0
18	45104018	13.0	23.0
18	45855975	20.0	30.0
18	48577171	17.0	35.0
18	48901990	14.0	45.0
18	48901998	13.0	44.0
18	48915635	15.0	39.0
18	49203048	13.0	40.0
18	50215585	18.0	47.0
18	50501594	17.0	26.0
18	50666327	15.0	39.0
18	51711729	13.0	47.0
18	53164465	12.0	48.0
18	54846926	17.0	37.0
18	56953122	14.0	38.0
18	58922196	15.0	37.0
18	61584939	13.0	38.0
18	61963503	12.0	29.0
18	61965900	10.0	34.0
18	62055474	8.0	35.0
18	62641848	5.0	43.0
18	62654328	14.0	46.0
18	63027329	17.0	27.0
18	63262568	9.0	36.0
18	65401614	6.0	49.0
18	65871887	9.0	46.0
18	66525925	15.0	32.0
18	67622085	5.0	37.0
18	68084392	16.0	32.0
18	68490265	15.0	44.0
18	69075914	7.0	46.0
18	73791858	10.0	22.0
18	74143946	4.0	54.0
18	74418756	23.0	42.0
18	74708705	15.0	27.0
18	75255599	9.0	32.0
18	75863266	14.0	41.0
18	75913506	8.0	34.0
18	76180959	12.0	39.0
18	76437947	15.0	26.0
18	76482593	11.0	44.0
18	76566722	15.0	43.0
18	76651262	13.0	33.0
19	597390	23.0	49.0
19	604894	6.0	7.0
19	613530	10.0	27.0
19	694334	15.0	37.0
19	1044616	11.0	47.0
19	1092801	15.0	37.0
19	2285577	14.0	43.0
19	2487831	8.0	45.0
19	6751669	11.0	53.0
19	9871864	16.0	53.0
19	10594518	14.0	50.0
19	13682183	8.0	24.0
19	16160770	17.0	54.0
19	17162104	12.0	52.0
19	18249797	11.0	47.0
19	18315621	14.0	53.0
19	18524935	10.0	49.0
19	18889585	21.0	51.0
19	19243479	11.0	48.0
19	19628506	12.0	43.0
19	20133349	14.0	46.0
19	20234789	15.0	54.0
19	21034340	17.0	58.0
19	21790224	4.0	50.0
19	22614670	12.0	52.0
19	22690795	16.0	47.0
19	22796310	13.0	52.0
19	22959719	14.0	60.0
19	23013480	7.0	48.0
19	23651841	16.0	47.0
19	24557646	13.0	149.0
19	27923479	14.0	57.0
19	28125938	15.0	44.0
19	28475822	10.0	51.0
19	28636479	13.0	31.0
19	28707458	14.0	50.0
19	28913857	10.0	49.0
19	29019809	14.0	42.0
19	29310112	12.0	54.0
19	29807482	14.0	35.0
19	29864212	13.0	53.0
19	30048712	29.0	56.0
19	30746701	15.0	65.0
19	30871355	9.0	47.0
19	31006457	10.0	52.0
19	31599128	8.0	60.0
19	31765728	12.0	47.0
19	31825549	4.0	54.0
19	31917604	14.0	41.0
19	32276400	10.0	53.0
19	32830408	12.0	52.0
19	33645220	16.0	49.0
19	35068867	5.0	39.0
19	36524067	6.0	50.0
19	36757081	17.0	33.0
19	38211008	14.0	50.0
19	41844117	17.0	44.0
19	43067965	12.0	63.0
19	43234681	12.0	49.0
19	44861955	12.0	59.0
19	45400555	11.0	61.0
19	45426931	8.0	51.0
19	51643375	7.0	39.0
19	52216446	16.0	67.0
19	52590024	11.0	44.0
19	53082138	12.0	44.0
19	53155246	16.0	48.0
19	54395015	7.0	48.0
19	55188602	8.0	40.0
19	56737110	10.0	56.0
19	58063264	6.0	38.0
19	59080341	10.0	36.0
2	59565	14.0	54.0
2	737664	7.0	69.0
2	1474537	15.0	50.0
2	1876130	16.0	47.0
2	1995753	10.0	48.0
2	2017428	15.0	55.0
2	2680273	19.0	45.0
2	3198127	8.0	43.0
2	3718268	13.0	47.0
2	4585506	18.0	64.0
2	4621363	12.0	53.0
2	4745232	14.0	43.0
2	4839290	20.0	44.0
2	4858606	11.0	62.0
2	5120203	10.0	45.0
2	5236172	9.0	41.0
2	5511265	13.0	46.0
2	5832029	7.0	31.0
2	6009742	12.0	42.0
2	7270124	11.0	44.0
2	7885684	4.0	65.0
2	7969933	9.0	54.0
2	10784711	13.0	48.0
2	12343846	5.0	49.0
2	12796659	6.0	31.0
2	14480084	16.0	44.0
2	14715117	18.0	44.0
2	16948330	5.0	52.0
2	17069703	15.0	62.0
2	17753425	11.0	60.0
2	17828823	14.0	65.0
2	18158708	13.0	50.0
2	18170109	10.0	56.0
2	18894752	6.0	64.0
2	19556460	13.0	44.0
2	20030044	8.0	45.0
2	20151084	18.0	54.0
2	20741337	12.0	34.0
2	22035431	8.0	50.0
2	22626577	11.0	55.0
2	22741335	15.0	48.0
2	22904548	17.0	63.0
2	22905575	10.0	47.0
2	22967215	16.0	54.0
2	24645761	15.0	50.0
2	26447226	18.0	63.0
2	26971611	7.0	56.0
2	27169042	6.0	51.0
2	27833902	11.0	49.0
2	31212654	12.0	24.0
2	31356006	14.0	52.0
2	31986770	9.0	63.0
2	32039391	9.0	52.0
2	32559687	10.0	41.0
2	32857043	12.0	44.0
2	33381189	17.0	57.0
2	33758649	18.0	46.0
2	34191366	15.0	66.0
2	34262538	18.0	68.0
2	36044250	15.0	46.0
2	36230969	16.0	48.0
2	36911864	14.0	52.0
2	38157806	10.0	53.0
2	39614300	21.0	51.0
2	40555788	14.0	49.0
2	41106668	12.0	67.0
2	41198906	15.0	43.0
2	41224171	20.0	58.0
2	41935290	9.0	49.0
2	42086295	20.0	66.0
2	42389900	13.0	42.0
2	43023378	25.0	61.0
2	43455077	20.0	46.0
2	44570299	18.0	65.0
2	45106054	8.0	28.0
2	47866671	14.0	51.0
2	48048228	15.0	57.0
2	49043641	4.0	64.0
2	49584793	9.0	45.0
2	49636819	9.0	47.0
2	50292463	10.0	50.0
2	50554041	17.0	53.0
2	51415417	14.0	50.0
2	51530744	18.0	53.0
2	51799424	15.0	68.0
2	51895416	8.0	49.0
2	52089405	14.0	73.0
2	52241270	11.0	40.0
2	52307707	12.0	50.0
2	52548537	16.0	61.0
2	53107390	16.0	62.0
2	53833506	12.0	31.0
2	54231115	11.0	63.0
2	55287261	10.0	58.0
2	57546542	17.0	68.0
2	58751526	9.0	36.0
2	59678913	14.0	49.0
2	59806942	9.0	48.0
2	60049524	14.0	43.0
2	61065286	12.0	26.0
2	62683828	7.0	33.0
2	63448661	17.0	47.0
2	63594201	21.0	62.0
2	64496364	21.0	65.0
2	65108831	12.0	60.0
2	66056751	13.0	42.0
2	66160349	14.0	48.0
2	66198918	12.0	46.0
2	66633818	15.0	62.0
2	66923325	13.0	67.0
2	67489861	12.0	53.0
2	70117210	6.0	60.0
2	70919018	15.0	46.0
2	71855472	15.0	55.0
2	73461388	9.0	55.0
2	73810134	20.0	47.0
2	73859059	10.0	59.0
2	75889396	18.0	70.0
2	76572032	14.0	65.0
2	76596523	9.0	54.0
2	76784483	24.0	57.0
2	77062415	19.0	52.0
2	77501219	11.0	46.0
2	77750797	13.0	40.0
2	77766460	15.0	66.0
2	77770930	13.0	59.0
2	78244724	16.0	64.0
2	78517346	14.0	55.0
2	78771794	15.0	62.0
2	78775886	12.0	54.0
2	78939935	13.0	57.0
2	79658750	17.0	55.0
2	79942846	15.0	59.0
2	80583225	23.0	65.0
2	81527905	16.0	70.0
2	82022565	11.0	39.0
2	82261503	12.0	62.0
2	82978280	17.0	66.0
2	83281901	15.0	44.0
2	83572005	14.0	49.0
2	83614851	12.0	52.0
2	83907561	20.0	53.0
2	85962243	14.0	42.0
2	86098921	16.0	53.0
2	88507601	20.0	55.0
2	88650672	13.0	53.0
2	89159059	13.0	44.0
2	91847120	10.0	165.0
2	91924543	17.0	128.0
2	92241178	5.0	109.0
2	92241179	5.0	105.0
2	96866558	19.0	48.0
2	97516924	19.0	38.0
2	98271333	19.0	41.0
2	101665290	18.0	64.0
2	103802109	18.0	55.0
2	103958440	12.0	55.0
2	104019998	10.0	33.0
2	104498455	13.0	49.0
2	104870122	13.0	50.0
2	104975172	23.0	55.0
2	105292232	10.0	40.0
2	105768108	12.0	52.0
2	105976597	8.0	59.0
2	107403753	11.0	47.0
2	107858081	14.0	51.0
2	112356337	15.0	44.0
2	116739983	20.0	42.0
2	116775993	15.0	60.0
2	117828612	14.0	43.0
2	119337643	13.0	50.0
2	119545214	12.0	44.0
2	120493840	10.0	53.0
2	122631438	9.0	50.0
2	122878984	17.0	42.0
2	123170396	12.0	62.0
2	123276106	15.0	48.0
2	123647196	9.0	53.0
2	124025710	15.0	66.0
2	124606761	12.0	38.0
2	124961740	9.0	56.0
2	125276423	5.0	33.0
2	125426471	9.0	41.0
2	125934168	7.0	46.0
2	126010273	10.0	50.0
2	127071893	11.0	50.0
2	127408833	11.0	58.0
2	127626820	20.0	40.0
2	128538030	13.0	53.0
2	129255943	13.0	29.0
2	129326743	15.0	33.0
2	129450607	14.0	38.0
2	130053248	12.0	65.0
2	130092114	14.0	38.0
2	130213481	19.0	58.0
2	130648967	11.0	46.0
2	130717684	15.0	42.0
2	130730659	16.0	54.0
2	132287405	13.0	46.0
2	134206795	9.0	48.0
2	136573684	15.0	46.0
2	136806429	15.0	66.0
2	137463985	12.0	47.0
2	137574583	9.0	49.0
2	137597126	12.0	63.0
2	138168819	10.0	52.0
2	138226965	12.0	66.0
2	138288852	16.0	56.0
2	139827947	13.0	33.0
2	140271595	19.0	57.0
2	140305873	8.0	50.0
2	140498890	18.0	46.0
2	140573970	16.0	48.0
2	140643224	14.0	50.0
2	140734798	12.0	45.0
2	140996297	8.0	55.0
2	141073529	14.0	55.0
2	141123641	11.0	54.0
2	141207929	17.0	70.0
2	141431674	8.0	45.0
2	141463382	15.0	51.0
2	141793692	13.0	58.0
2	141898973	18.0	51.0
2	142000478	9.0	44.0
2	142819113	10.0	51.0
2	143206963	14.0	50.0
2	143245634	9.0	58.0
2	143378633	9.0	53.0
2	144165716	9.0	49.0
2	144354317	18.0	62.0
2	145503175	13.0	52.0
2	145582262	20.0	72.0
2	145635635	14.0	52.0
2	147540114	15.0	52.0
2	148091735	7.0	54.0
2	148638704	11.0	41.0
2	149258525	18.0	54.0
2	149953345	15.0	62.0
2	149953346	14.0	64.0
2	150940681	10.0	36.0
2	151278181	14.0	49.0
2	152012230	10.0	46.0
2	152197016	8.0	40.0
2	153841075	19.0	67.0
2	154079453	12.0	44.0
2	154207789	14.0	58.0
2	154611088	10.0	62.0
2	155215203	14.0	52.0
2	155285981	9.0	49.0
2	155388703	13.0	73.0
2	155527150	14.0	64.0
2	156965293	13.0	51.0
2	157097317	13.0	55.0
2	157686939	23.0	60.0
2	158933712	15.0	54.0
2	159002271	12.0	47.0
2	159705427	6.0	51.0
2	162336061	13.0	48.0
2	162546132	14.0	52.0
2	163064075	18.0	41.0
2	163818692	14.0	44.0
2	164129551	11.0	57.0
2	164742933	22.0	61.0
2	164913469	10.0	41.0
2	166600296	16.0	56.0
2	169120916	9.0	50.0
2	171485518	7.0	32.0
2	171608105	21.0	65.0
2	172100511	15.0	56.0
2	173277725	13.0	40.0
2	174112855	14.0	57.0
2	174114062	11.0	61.0
2	174132202	7.0	61.0
2	174678888	14.0	62.0
2	176199427	18.0	51.0
2	176353739	17.0	67.0
2	176414794	13.0	52.0
2	176688734	20.0	61.0
2	177059426	14.0	44.0
2	177206533	15.0	66.0
2	177311093	17.0	42.0
2	178600312	11.0	55.0
2	178685102	27.0	64.0
2	179065591	9.0	42.0
2	180740543	23.0	51.0
2	181377185	16.0	67.0
2	181455920	14.0	62.0
2	183361133	10.0	53.0
2	183627269	14.0	48.0
2	184283058	20.0	52.0
2	184461702	12.0	50.0
2	184482945	12.0	60.0
2	184549306	16.0	56.0
2	184551099	11.0	72.0
2	185452213	12.0	57.0
2	185799182	17.0	66.0
2	186022549	10.0	68.0
2	186550795	13.0	57.0
2	187187065	15.0	49.0
2	188104133	20.0	49.0
2	188137518	16.0	64.0
2	189010134	16.0	66.0
2	189739342	19.0	84.0
2	191137542	10.0	42.0
2	193239421	17.0	54.0
2	193705612	12.0	53.0
2	193926523	11.0	61.0
2	194240955	9.0	47.0
2	194501101	12.0	61.0
2	194893886	12.0	38.0
2	194998355	17.0	42.0
2	195058490	12.0	58.0
2	195264957	18.0	43.0
2	195452920	12.0	58.0
2	195465508	12.0	55.0
2	195561895	17.0	53.0
2	195895025	4.0	30.0
2	196050266	10.0	61.0
2	198836819	13.0	57.0
2	199411454	8.0	50.0
2	199421947	18.0	56.0
2	200504464	13.0	74.0
2	201407012	16.0	68.0
2	204995121	9.0	51.0
2	206196206	9.0	32.0
2	207558813	15.0	52.0
2	209943943	6.0	36.0
2	210426121	13.0	48.0
2	210644912	14.0	49.0
2	210746753	6.0	37.0
2	211110109	7.0	71.0
2	211912669	16.0	69.0
2	211950994	13.0	53.0
2	212063189	11.0	37.0
2	212264430	15.0	63.0
2	212759816	11.0	53.0
2	212976449	8.0	39.0
2	214070502	9.0	47.0
2	214469338	22.0	62.0
2	216003736	13.0	44.0
2	216563046	11.0	52.0
2	216862617	23.0	47.0
2	217760163	14.0	51.0
2	220649219	16.0	38.0
2	221786270	23.0	52.0
2	222601383	8.0	48.0
2	223753661	13.0	53.0
2	225645637	13.0	43.0
2	225928263	7.0	69.0
2	225949324	12.0	59.0
2	226318433	12.0	36.0
2	226798725	18.0	51.0
2	229019796	9.0	50.0
2	231031714	8.0	51.0
2	231453632	11.0	69.0
2	231742691	11.0	38.0
2	231855608	7.0	45.0
2	232047630	2.0	58.0
2	232544911	8.0	50.0
2	235508264	16.0	59.0
2	236778751	9.0	49.0
2	238530941	4.0	65.0
2	240273982	7.0	49.0
2	240444419	9.0	56.0
2	240599569	8.0	50.0
2	241070815	9.0	56.0
2	241324934	5.0	24.0
2	242342743	13.0	38.0
2	242535285	7.0	42.0
2	242926039	10.0	50.0
20	633227	5.0	64.0
20	2428241	13.0	41.0
20	2931831	11.0	46.0
20	3167527	13.0	69.0
20	4159150	19.0	58.0
20	4639478	18.0	58.0
20	4720635	10.0	57.0
20	5010135	13.0	55.0
20	5142420	16.0	51.0
20	5273492	18.0	47.0
20	6954950	19.0	55.0
20	7320365	13.0	39.0
20	7656937	11.0	51.0
20	9388938	18.0	61.0
20	10912779	15.0	52.0
20	11507802	8.0	44.0
20	11824875	15.0	48.0
20	11998052	13.0	51.0
20	13239389	14.0	44.0
20	13423505	17.0	57.0
20	13525783	13.0	58.0
20	13610626	21.0	62.0
20	14596100	15.0	45.0
20	15281532	15.0	66.0
20	16986704	16.0	57.0
20	17171464	10.0	50.0
20	17682143	4.0	48.0
20	18960789	14.0	43.0
20	19103920	18.0	50.0
20	19344756	15.0	43.0
20	20953536	7.0	46.0
20	21390585	7.0	45.0
20	21482048	13.0	53.0
20	21925924	16.0	48.0
20	22380333	19.0	56.0
20	23065792	9.0	42.0
20	23935203	12.0	50.0
20	24253613	9.0	45.0
20	30545469	7.0	31.0
20	31122557	5.0	44.0
20	31288090	9.0	59.0
20	31696693	11.0	53.0
20	35414293	9.0	40.0
20	35527043	19.0	51.0
20	35623418	11.0	47.0
20	36144128	15.0	45.0
20	37538779	13.0	42.0
20	38073541	14.0	60.0
20	38463447	13.0	47.0
20	38525078	17.0	48.0
20	38729377	21.0	52.0
20	40609043	21.0	57.0
20	41053511	12.0	57.0
20	41780440	13.0	56.0
20	42491975	5.0	43.0
20	44513147	6.0	19.0
20	46839256	13.0	34.0
20	46955043	13.0	38.0
20	49226304	14.0	35.0
20	50058562	14.0	63.0
20	50511228	6.0	55.0
20	50743992	15.0	34.0
20	51182862	14.0	59.0
20	51224888	16.0	54.0
20	51651330	9.0	52.0
20	51710260	16.0	58.0
20	52004635	21.0	40.0
20	53408322	17.0	54.0
20	53758881	5.0	17.0
20	53909301	14.0	58.0
20	54564973	15.0	38.0
20	55308468	21.0	51.0
20	55378320	17.0	50.0
20	55393930	7.0	42.0
20	55421125	14.0	64.0
20	55436812	14.0	48.0
20	55529786	8.0	38.0
20	56137755	16.0	46.0
20	56849974	14.0	59.0
20	57031854	11.0	43.0
20	58351423	12.0	56.0
20	59040251	14.0	77.0
20	59198192	15.0	57.0
20	59343519	14.0	61.0
20	59416775	11.0	67.0
20	59562912	5.0	66.0
20	59562913	5.0	66.0
20	59565923	5.0	55.0
20	59604645	14.0	44.0
20	59717432	12.0	62.0
20	59757239	14.0	49.0
20	60020094	15.0	67.0
20	60448703	11.0	32.0
20	60685013	8.0	45.0
20	62303933	14.0	40.0
21	10619270	21.0	96.0
21	10717853	18.0	211.0
21	10900434	5.0	114.0
21	11043168	8.0	333.0
21	11078532	7.0	186.0
21	17608919	16.0	50.0
21	19127245	18.0	32.0
21	19514765	18.0	38.0
21	20814281	20.0	36.0
21	21365830	13.0	54.0
21	21424063	15.0	43.0
21	21717528	19.0	29.0
21	22006282	14.0	34.0
21	22319769	16.0	45.0
21	22399337	11.0	36.0
21	22508842	2.0	12.0
21	22651952	10.0	34.0
21	23115009	18.0	41.0
21	23156421	14.0	28.0
21	23217973	13.0	30.0
21	23379337	14.0	39.0
21	23392790	15.0	36.0
21	23628238	13.0	52.0
21	23720130	8.0	28.0
21	23953701	16.0	23.0
21	24004720	18.0	40.0
21	25552011	16.0	36.0
21	26108027	14.0	26.0
21	26409001	18.0	39.0
21	26491376	11.0	40.0
21	26994642	12.0	39.0
21	27583349	9.0	30.0
21	27917842	11.0	29.0
21	29018395	20.0	48.0
21	29337970	18.0	32.0
21	31564371	10.0	25.0
21	31738688	4.0	36.0
21	32136994	13.0	55.0
21	32551530	10.0	34.0
21	33984291	7.0	41.0
21	41068469	18.0	43.0
21	43993602	5.0	41.0
21	44075217	8.0	30.0
21	45336821	10.0	30.0
21	46033941	10.0	23.0
21	47019991	9.0	25.0
21	47410804	9.0	18.0
21	47618893	12.0	35.0
22	19320006	11.0	55.0
22	19690069	16.0	27.0
22	20264720	12.0	35.0
22	22553624	7.0	32.0
22	23804628	8.0	19.0
22	24902011	7.0	30.0
22	28012223	12.0	28.0
22	29512087	10.0	31.0
22	33423598	10.0	52.0
22	33978790	12.0	47.0
22	35347720	12.0	45.0
22	37329347	13.0	32.0
22	38300496	15.0	44.0
22	44436916	11.0	29.0
22	46983352	9.0	24.0
22	47903575	18.0	49.0
22	47990491	7.0	39.0
22	48214436	8.0	26.0
22	48673875	7.0	19.0
22	49007078	7.0	31.0
22	49841707	20.0	45.0
22	50981551	17.0	38.0
3	840610	15.0	43.0
3	1584748	14.0	36.0
3	1844611	18.0	32.0
3	2095794	13.0	38.0
3	2388416	11.0	48.0
3	2685940	13.0	47.0
3	6462367	14.0	29.0
3	12894365	10.0	23.0
3	13131531	11.0	30.0
3	13491693	7.0	30.0
3	18690973	8.0	40.0
3	22004789	12.0	37.0
3	22348232	20.0	46.0
3	22451964	18.0	31.0
3	22761266	15.0	36.0
3	24406769	16.0	42.0
3	26308592	13.0	27.0
3	33296731	14.0	22.0
3	34210412	15.0	38.0
3	34515423	10.0	45.0
3	34882389	22.0	46.0
3	36247226	7.0	30.0
3	38930216	18.0	47.0
3	39158042	16.0	38.0
3	39346036	9.0	41.0
3	44285342	14.0	49.0
3	46530306	9.0	25.0
3	46605749	15.0	30.0
3	49442528	8.0	20.0
3	54196252	20.0	31.0
3	57740248	19.0	40.0
3	58636602	14.0	35.0
3	59897538	5.0	39.0
3	61047450	7.0	40.0
3	63013521	13.0	40.0
3	63164343	15.0	26.0
3	64823258	14.0	42.0
3	67567967	11.0	33.0
3	68977691	14.0	45.0
3	70925278	13.0	32.0
3	74112619	15.0	38.0
3	75192908	16.0	41.0
3	79033156	22.0	36.0
3	79116292	16.0	49.0
3	79203908	19.0	44.0
3	81255443	18.0	30.0
3	81274650	15.0	38.0
3	82859263	11.0	37.0
3	83452358	20.0	44.0
3	83544511	18.0	47.0
3	83992406	19.0	39.0
3	86142456	17.0	35.0
3	86838744	14.0	44.0
3	87204440	15.0	36.0
3	88799987	8.0	33.0
3	89453329	14.0	57.0
3	95563042	12.0	45.0
3	96011423	22.0	44.0
3	96011473	13.0	43.0
3	96181037	17.0	40.0
3	97222538	12.0	39.0
3	97266756	11.0	37.0
3	97333386	5.0	25.0
3	98950872	15.0	35.0
3	99056961	16.0	45.0
3	99477456	15.0	34.0
3	100903649	17.0	33.0
3	100906701	10.0	25.0
3	102448129	9.0	40.0
3	103643508	14.0	47.0
3	103643509	14.0	47.0
3	103712061	12.0	26.0
3	103847149	14.0	42.0
3	104356681	12.0	46.0
3	106824997	16.0	31.0
3	108224542	14.0	34.0
3	109758875	16.0	37.0
3	109924640	9.0	38.0
3	110165397	15.0	54.0
3	112200418	4.0	42.0
3	114151635	15.0	49.0
3	114919403	8.0	43.0
3	116309994	10.0	41.0
3	116974939	19.0	52.0
3	117033702	20.0	41.0
3	117364343	17.0	29.0
3	117447550	11.0	43.0
3	120910143	4.0	45.0
3	126298701	5.0	47.0
3	127108544	7.0	36.0
3	127459908	16.0	34.0
3	136305347	17.0	47.0
3	137401830	13.0	39.0
3	138107720	11.0	25.0
3	144034481	16.0	40.0
3	144584390	17.0	44.0
3	145133540	11.0	34.0
3	147628900	19.0	66.0
3	154528257	4.0	64.0
3	159122043	15.0	42.0
3	161386158	6.0	58.0
3	162032405	13.0	35.0
3	162696831	10.0	44.0
3	163722746	9.0	39.0
3	163776887	9.0	40.0
3	164541695	19.0	34.0
3	165241531	23.0	49.0
3	165468950	17.0	33.0
3	165602481	14.0	43.0
3	166469196	19.0	46.0
3	169864711	8.0	25.0
3	170387988	7.0	33.0
3	171329234	15.0	36.0
3	173023477	10.0	25.0
3	173079181	17.0	43.0
3	176976470	6.0	24.0
3	178134208	17.0	39.0
3	179580408	18.0	43.0
3	180248120	13.0	31.0
3	180442625	17.0	33.0
3	181015746	9.0	37.0
3	181311738	13.0	39.0
3	183779588	10.0	36.0
3	185815645	21.0	34.0
3	186753014	18.0	49.0
3	186954521	16.0	29.0
3	189568423	20.0	42.0
3	190438341	12.0	42.0
3	191663789	18.0	42.0
3	192218938	7.0	42.0
3	193933029	9.0	33.0
3	197309460	10.0	19.0
4	72662	11.0	53.0
4	263487	13.0	36.0
4	1811688	12.0	46.0
4	2267539	9.0	43.0
4	2442568	15.0	37.0
4	3504421	6.0	54.0
4	5514677	19.0	39.0
4	5773032	6.0	45.0
4	5801848	11.0	42.0
4	6333289	10.0	57.0
4	6610936	4.0	50.0
4	6732674	22.0	41.0
4	8756892	12.0	32.0
4	12078929	13.0	39.0
4	12174875	8.0	38.0
4	12212026	15.0	50.0
4	12557464	6.0	54.0
4	12658468	9.0	28.0
4	13116217	14.0	64.0
4	13315065	21.0	45.0
4	14112861	13.0	51.0
4	14298781	11.0	44.0
4	15307390	16.0	53.0
4	17119301	11.0	47.0
4	18720938	10.0	55.0
4	19201202	13.0	38.0
4	19659208	14.0	48.0
4	19705393	14.0	41.0
4	19833390	20.0	60.0
4	19944975	10.0	46.0
4	20065707	7.0	36.0
4	20299026	9.0	53.0
4	20571711	11.0	51.0
4	20693144	3.0	44.0
4	20848749	11.0	59.0
4	20860660	18.0	39.0
4	21212499	12.0	54.0
4	21372332	12.0	29.0
4	21680879	12.0	68.0
4	22574676	12.0	56.0
4	26678298	5.0	31.0
4	26855667	20.0	39.0
4	27441051	16.0	50.0
4	27539691	11.0	53.0
4	27626584	18.0	48.0
4	27811362	4.0	46.0
4	28533380	12.0	41.0
4	28658434	8.0	57.0
4	28720917	9.0	46.0
4	28886554	9.0	54.0
4	29037629	9.0	47.0
4	29044702	9.0	68.0
4	29054235	16.0	54.0
4	29100184	11.0	37.0
4	29138150	6.0	45.0
4	29243543	14.0	61.0
4	29548692	10.0	47.0
4	29709044	16.0	43.0
4	29776683	17.0	48.0
4	29786432	9.0	47.0
4	29917703	5.0	57.0
4	30095886	18.0	44.0
4	30159408	13.0	50.0
4	30572962	13.0	44.0
4	31616270	7.0	40.0
4	31696867	16.0	66.0
4	31911407	7.0	60.0
4	32039667	18.0	56.0
4	32082699	14.0	49.0
4	32582367	17.0	56.0
4	32735179	11.0	61.0
4	32875984	12.0	50.0
4	33072633	12.0	47.0
4	33133307	16.0	61.0
4	33446464	16.0	47.0
4	33469785	15.0	54.0
4	33496773	13.0	53.0
4	33757076	12.0	47.0
4	33913211	9.0	55.0
4	34122431	8.0	54.0
4	34490233	7.0	52.0
4	34568726	12.0	26.0
4	34673052	7.0	52.0
4	34889495	16.0	51.0
4	35040120	9.0	43.0
4	35500832	14.0	63.0
4	35900707	15.0	57.0
4	37353107	12.0	56.0
4	37671779	11.0	62.0
4	37973002	16.0	46.0
4	40425084	12.0	33.0
4	40843216	20.0	39.0
4	41251164	12.0	41.0
4	41895408	13.0	39.0
4	42511993	8.0	51.0
4	42719446	11.0	56.0
4	45369600	3.0	61.0
4	45608062	9.0	56.0
4	46745772	5.0	54.0
4	47078549	6.0	46.0
4	47235002	9.0	52.0
4	47504781	6.0	52.0
4	48276318	12.0	57.0
4	49562363	10.0	122.0
4	49578698	8.0	136.0
4	53103195	7.0	40.0
4	54427530	7.0	44.0
4	55687656	12.0	32.0
4	56454217	7.0	49.0
4	56844559	13.0	72.0
4	57075910	17.0	58.0
4	58552560	11.0	63.0
4	58740685	19.0	65.0
4	58801452	9.0	48.0
4	59011726	15.0	57.0
4	59084458	20.0	55.0
4	59391877	17.0	51.0
4	59705425	12.0	64.0
4	59872965	13.0	30.0
4	59940898	13.0	53.0
4	60105390	10.0	61.0
4	60884309	9.0	58.0
4	63736753	10.0	66.0
4	63885295	16.0	45.0
4	63963160	14.0	48.0
4	64443136	12.0	60.0
4	65140757	16.0	59.0
4	65297914	17.0	57.0
4	65393164	13.0	53.0
4	65798233	7.0	53.0
4	65850994	8.0	43.0
4	65952395	14.0	46.0
4	65973520	17.0	44.0
4	66050765	18.0	52.0
4	66363647	12.0	60.0
4	66418512	11.0	53.0
4	66907385	8.0	60.0
4	66913533	10.0	50.0
4	67015473	19.0	46.0
4	67018611	25.0	61.0
4	67616093	13.0	43.0
4	67634163	16.0	55.0
4	68225283	12.0	57.0
4	69167943	9.0	49.0
4	69238145	12.0	38.0
4	70075494	6.0	54.0
4	70757588	14.0	59.0
4	71384525	9.0	51.0
4	72076170	15.0	58.0
4	72368626	10.0	67.0
4	72980273	16.0	63.0
4	73418874	8.0	61.0
4	73739551	4.0	46.0
4	76256023	11.0	55.0
4	78867400	16.0	53.0
4	78867401	16.0	54.0
4	80878014	7.0	53.0
4	80990500	23.0	44.0
4	81219072	8.0	52.0
4	81911495	13.0	54.0
4	82655735	3.0	12.0
4	83413184	6.0	64.0
4	85162195	13.0	57.0
4	85895436	17.0	54.0
4	87775500	22.0	53.0
4	88281980	7.0	47.0
4	88440615	11.0	51.0
4	89353548	6.0	45.0
4	90090768	15.0	63.0
4	90500002	6.0	50.0
4	91491619	11.0	46.0
4	91498520	21.0	50.0
4	91865120	10.0	31.0
4	91948595	14.0	58.0
4	92345293	5.0	39.0
4	93198181	6.0	39.0
4	93400065	9.0	43.0
4	93961948	15.0	58.0
4	93969632	11.0	49.0
4	94247522	10.0	42.0
4	96084589	14.0	39.0
4	96109766	13.0	57.0
4	96257560	15.0	52.0
4	96630080	12.0	40.0
4	96791482	17.0	65.0
4	97146285	12.0	44.0
4	97345697	12.0	55.0
4	97432614	21.0	52.0
4	97466460	6.0	39.0
4	99734087	12.0	43.0
4	103313565	8.0	54.0
4	104236266	12.0	71.0
4	104257262	16.0	41.0
4	104471752	13.0	47.0
4	104532804	13.0	62.0
4	104819118	22.0	50.0
4	104962698	7.0	46.0
4	105261300	9.0	66.0
4	105509992	19.0	45.0
4	107545751	14.0	74.0
4	107782583	12.0	49.0
4	107807710	18.0	40.0
4	109093214	17.0	44.0
4	109265457	25.0	48.0
4	110150529	16.0	48.0
4	111228412	11.0	69.0
4	111542965	11.0	31.0
4	111545391	10.0	53.0
4	112741772	17.0	35.0
4	112881884	10.0	65.0
4	113940388	18.0	49.0
4	114186592	4.0	71.0
4	114392415	11.0	44.0
4	115373594	20.0	57.0
4	115826462	10.0	54.0
4	116311980	6.0	64.0
4	116761373	7.0	39.0
4	117209924	18.0	44.0
4	117427293	13.0	55.0
4	117918440	9.0	60.0
4	118145770	17.0	49.0
4	118213485	13.0	60.0
4	119199202	10.0	45.0
4	120732626	8.0	56.0
4	121097327	10.0	64.0
4	121122104	10.0	44.0
4	122444842	12.0	63.0
4	122925461	18.0	38.0
4	123348850	10.0	48.0
4	125339917	15.0	59.0
4	126325852	12.0	52.0
4	126805158	8.0	52.0
4	126887186	11.0	44.0
4	127476139	10.0	35.0
4	128238415	8.0	50.0
4	130264190	10.0	61.0
4	130292653	9.0	36.0
4	131182812	16.0	38.0
4	131199492	16.0	49.0
4	131239565	11.0	51.0
4	131670944	14.0	59.0
4	132243532	11.0	49.0
4	132386005	11.0	33.0
4	132517760	7.0	32.0
4	132602224	10.0	56.0
4	132981229	16.0	45.0
4	133410453	9.0	56.0
4	133656788	11.0	59.0
4	133757583	8.0	61.0
4	133888256	6.0	52.0
4	134202456	11.0	54.0
4	134316002	14.0	57.0
4	134316170	8.0	62.0
4	134344532	13.0	38.0
4	135316405	14.0	43.0
4	135704791	11.0	45.0
4	136205234	14.0	50.0
4	136299796	14.0	46.0
4	136726598	12.0	57.0
4	136827936	12.0	64.0
4	137011937	11.0	52.0
4	137042949	8.0	66.0
4	137049579	9.0	59.0
4	137314162	21.0	42.0
4	137380925	12.0	51.0
4	137588710	9.0	23.0
4	138075477	9.0	57.0
4	138103703	12.0	47.0
4	138119768	7.0	46.0
4	138623725	12.0	64.0
4	138623941	12.0	72.0
4	138623952	12.0	77.0
4	142003828	8.0	30.0
4	143375667	10.0	60.0
4	143398883	15.0	48.0
4	143428866	13.0	43.0
4	143725795	14.0	61.0
4	144972957	11.0	62.0
4	145702550	21.0	51.0
4	146546176	13.0	57.0
4	146827844	14.0	67.0
4	147000281	12.0	60.0
4	147644833	18.0	52.0
4	147654606	13.0	53.0
4	148804990	14.0	52.0
4	150592056	9.0	35.0
4	150664705	7.0	53.0
4	150762248	5.0	55.0
4	151485129	5.0	53.0
4	152840344	7.0	61.0
4	152872718	10.0	61.0
4	154343485	13.0	51.0
4	155290573	7.0	54.0
4	156084271	8.0	49.0
4	156420597	7.0	56.0
4	156494229	19.0	44.0
4	157390295	17.0	58.0
4	157390296	17.0	57.0
4	158113731	17.0	58.0
4	158173092	12.0	50.0
4	159514014	10.0	56.0
4	159748170	18.0	31.0
4	160380094	11.0	45.0
4	160527273	12.0	45.0
4	160783882	13.0	59.0
4	160905867	11.0	60.0
4	161153920	14.0	58.0
4	161271420	13.0	34.0
4	161291915	13.0	59.0
4	161355450	10.0	48.0
4	161404182	17.0	52.0
4	161419447	12.0	43.0
4	161477706	16.0	40.0
4	162287832	13.0	41.0
4	162459245	12.0	54.0
4	162533649	7.0	53.0
4	164253989	5.0	41.0
4	164420214	10.0	57.0
4	164616885	20.0	57.0
4	164987072	10.0	44.0
4	165942877	13.0	42.0
4	165966381	8.0	44.0
4	168260269	18.0	51.0
4	169421969	18.0	63.0
4	169476190	12.0	55.0
4	171244952	16.0	49.0
4	171397210	4.0	35.0
4	171458595	14.0	51.0
4	171642730	18.0	58.0
4	171738136	15.0	45.0
4	171897889	5.0	45.0
4	172117279	13.0	64.0
4	172149599	18.0	48.0
4	172563471	15.0	56.0
4	174163066	19.0	54.0
4	174753354	13.0	60.0
4	175955010	10.0	55.0
4	176545229	16.0	49.0
4	176800446	12.0	50.0
4	177746075	9.0	41.0
4	177763874	18.0	46.0
4	179452240	18.0	40.0
4	179576000	10.0	45.0
4	180300336	8.0	59.0
4	180381431	11.0	74.0
4	180548451	13.0	49.0
4	180561643	11.0	64.0
4	180828023	11.0	45.0
4	180895310	4.0	47.0
4	181039635	17.0	52.0
4	181182756	13.0	41.0
4	181248579	15.0	38.0
4	181550181	13.0	47.0
4	181921933	15.0	49.0
4	181967820	5.0	40.0
4	182270010	6.0	45.0
4	182291933	14.0	64.0
4	182653244	19.0	58.0
4	182688337	7.0	30.0
4	183037774	7.0	55.0
4	183056231	7.0	39.0
4	183173991	10.0	43.0
4	183185944	9.0	41.0
4	183275950	10.0	58.0
4	183547921	17.0	60.0
4	183653841	11.0	40.0
4	184560202	12.0	61.0
4	185147238	13.0	63.0
4	186176080	7.0	47.0
4	187016253	9.0	42.0
4	187274132	11.0	62.0
4	187783127	13.0	47.0
4	188249789	8.0	50.0
4	188594859	7.0	32.0
4	189237380	9.0	70.0
4	189418277	9.0	52.0
4	189686862	12.0	42.0
4	189756307	14.0	52.0
4	190275021	11.0	40.0
4	190370937	19.0	55.0
4	190447792	10.0	43.0
4	190486487	8.0	54.0
4	190595006	6.0	33.0
5	126694	7.0	46.0
5	1897136	14.0	46.0
5	2180960	16.0	45.0
5	2194630	19.0	44.0
5	2211997	12.0	55.0
5	2601183	10.0	45.0
5	2854432	20.0	43.0
5	3143714	20.0	66.0
5	3152935	9.0	51.0
5	3579693	14.0	55.0
5	3608911	13.0	53.0
5	3738977	12.0	38.0
5	4000956	5.0	50.0
5	4122545	8.0	55.0
5	4295618	14.0	43.0
5	4301216	16.0	66.0
5	4564499	15.0	52.0
5	4819719	17.0	57.0
5	5062234	12.0	55.0
5	5361817	5.0	74.0
5	5534284	8.0	44.0
5	5587629	8.0	53.0
5	5702406	13.0	48.0
5	5741046	9.0	54.0
5	5879397	11.0	50.0
5	6102274	14.0	40.0
5	6121749	17.0	53.0
5	6186290	10.0	57.0
5	6345103	12.0	37.0
5	6703584	9.0	46.0
5	7766424	13.0	50.0
5	8558681	20.0	55.0
5	8947339	14.0	42.0
5	9057540	9.0	39.0
5	9214015	5.0	45.0
5	10798286	12.0	52.0
5	10901752	1.0	39.0
5	11462421	6.0	58.0
5	11637822	18.0	63.0
5	11682026	14.0	58.0
5	11884032	16.0	61.0
5	12266259	10.0	33.0
5	12301429	6.0	65.0
5	12514190	15.0	49.0
5	12766543	11.0	45.0
5	13072378	18.0	64.0
5	13269475	10.0	54.0
5	13408036	14.0	41.0
5	15244633	14.0	57.0
5	16411233	14.0	52.0
5	17373431	8.0	59.0
5	17747019	14.0	47.0
5	17951214	16.0	55.0
5	19223898	11.0	52.0
5	19360256	16.0	66.0
5	19472144	13.0	63.0
5	20070621	5.0	60.0
5	20179698	13.0	37.0
5	20194450	15.0	55.0
5	20249553	9.0	26.0
5	20358322	23.0	59.0
5	20947696	15.0	57.0
5	21085009	8.0	41.0
5	21089866	9.0	52.0
5	21097292	16.0	71.0
5	21099981	15.0	60.0
5	21174967	11.0	31.0
5	21278113	14.0	64.0
5	21703253	14.0	45.0
5	22226301	14.0	39.0
5	22557348	17.0	61.0
5	23172435	14.0	51.0
5	23333145	13.0	64.0
5	23600040	17.0	52.0
5	23629313	14.0	50.0
5	23819180	12.0	40.0
5	23850627	15.0	64.0
5	24150366	11.0	54.0
5	24380873	17.0	49.0
5	24884782	12.0	48.0
5	24913746	15.0	64.0
5	25185284	6.0	48.0
5	26422188	11.0	65.0
5	26474581	16.0	58.0
5	26573029	15.0	47.0
5	26583572	12.0	63.0
5	26705943	10.0	49.0
5	26708500	11.0	57.0
5	26968142	12.0	65.0
5	27146983	7.0	46.0
5	27788661	17.0	58.0
5	28069971	26.0	52.0
5	28146360	14.0	61.0
5	28213140	11.0	67.0
5	28318099	14.0	66.0
5	28334899	13.0	61.0
5	28693480	20.0	62.0
5	28719993	14.0	58.0
5	29898026	13.0	60.0
5	29965574	17.0	67.0
5	30065061	18.0	46.0
5	30324853	15.0	50.0
5	30376608	15.0	57.0
5	30618758	11.0	49.0
5	31232075	11.0	37.0
5	33102522	13.0	58.0
5	33242139	7.0	42.0
5	33770537	10.0	50.0
5	33841257	8.0	38.0
5	35375450	9.0	55.0
5	36508502	10.0	52.0
5	37235915	13.0	41.0
5	38315899	15.0	61.0
5	38316206	4.0	54.0
5	38316473	13.0	42.0
5	38369564	11.0	60.0
5	39191153	17.0	63.0
5	39385960	12.0	51.0
5	39406679	15.0	52.0
5	39444938	12.0	66.0
5	41420654	9.0	49.0
5	42144348	11.0	62.0
5	44566094	14.0	47.0
5	44818611	15.0	69.0
5	45323191	13.0	58.0
5	45761920	8.0	47.0
5	45848126	10.0	43.0
5	46203348	9.0	56.0
5	49458088	17.0	49.0
5	50450277	21.0	69.0
5	50579092	13.0	42.0
5	51150626	11.0	51.0
5	51360237	13.0	60.0
5	51690601	23.0	60.0
5	52095963	12.0	40.0
5	55176816	5.0	33.0
5	57909492	19.0	57.0
5	57995950	12.0	59.0
5	59116385	8.0	52.0
5	61690677	20.0	43.0
5	63293888	18.0	48.0
5	65730938	13.0	45.0
5	65851145	12.0	49.0
5	66197994	14.0	58.0
5	67766803	17.0	56.0
5	68279626	18.0	53.0
5	71217986	14.0	38.0
5	72777340	14.0	57.0
5	73689761	15.0	49.0
5	77008793	8.0	54.0
5	77145882	9.0	49.0
5	77149950	26.0	64.0
5	78929313	10.0	34.0
5	79212002	13.0	58.0
5	79680336	18.0	43.0
5	79879362	16.0	49.0
5	80344917	5.0	50.0
5	80716007	21.0	52.0
5	82618276	11.0	51.0
5	83680652	4.0	29.0
5	83813341	11.0	64.0
5	84061579	8.0	42.0
5	84478361	8.0	36.0
5	84768113	10.0	59.0
5	85290044	12.0	52.0
5	85466182	4.0	52.0
5	86157129	15.0	50.0
5	86934285	9.0	46.0
5	87888908	12.0	45.0
5	87923245	14.0	68.0
5	88604479	17.0	57.0
5	90431647	12.0	59.0
5	90658174	15.0	44.0
5	91774972	16.0	59.0
5	91948625	10.0	45.0
5	92688536	19.0	31.0
5	92864193	18.0	44.0
5	93439923	10.0	48.0
5	94043336	11.0	53.0
5	94267483	12.0	57.0
5	95601087	6.0	85.0
5	97303775	15.0	56.0
5	97647869	15.0	57.0
5	97717713	18.0	58.0
5	98479489	16.0	63.0
5	98964149	10.0	41.0
5	99262625	21.0	61.0
5	99745923	9.0	41.0
5	100459083	11.0	55.0
5	100501293	16.0	47.0
5	100631575	16.0	75.0
5	100984639	8.0	39.0
5	101153337	12.0	55.0
5	101384764	7.0	52.0
5	101680934	16.0	70.0
5	101706454	12.0	53.0
5	102606807	10.0	54.0
5	102655215	21.0	58.0
5	103968832	18.0	68.0
5	104295817	10.0	54.0
5	104565640	9.0	56.0
5	104586659	11.0	48.0
5	105491496	12.0	29.0
5	106739890	16.0	60.0
5	107340543	23.0	60.0
5	107945814	12.0	55.0
5	109357458	7.0	68.0
5	109693687	4.0	73.0
5	110803294	12.0	47.0
5	112556859	22.0	55.0
5	113117445	8.0	51.0
5	113533864	14.0	53.0
5	114059006	26.0	43.0
5	114059846	18.0	52.0
5	114170115	24.0	56.0
5	115636402	4.0	49.0
5	115722882	19.0	55.0
5	115951385	5.0	50.0
5	116925825	20.0	58.0
5	117153030	15.0	45.0
5	117260761	13.0	50.0
5	117776582	9.0	49.0
5	119187793	14.0	43.0
5	119404622	11.0	49.0
5	119951539	14.0	46.0
5	120030107	12.0	40.0
5	120131487	10.0	58.0
5	122256796	8.0	78.0
5	124716819	10.0	42.0
5	125505770	21.0	48.0
5	127278614	17.0	58.0
5	127758540	20.0	60.0
5	128458174	23.0	55.0
5	128515357	11.0	43.0
5	128937491	13.0	53.0
5	129780941	12.0	54.0
5	129817028	18.0	59.0
5	130840168	17.0	53.0
5	131126945	14.0	67.0
5	134896040	22.0	39.0
5	135068592	16.0	45.0
5	135517310	18.0	39.0
5	136217918	14.0	53.0
5	137103600	11.0	45.0
5	137316673	16.0	41.0
5	138461637	11.0	48.0
5	138586967	15.0	58.0
5	138952679	13.0	50.0
5	139411667	4.0	61.0
5	140299596	16.0	50.0
5	140477563	11.0	52.0
5	140774118	12.0	32.0
5	143794220	11.0	63.0
5	143953390	18.0	49.0
5	144275060	15.0	55.0
5	144851733	14.0	59.0
5	145172329	20.0	55.0
5	145706426	14.0	41.0
5	146170523	9.0	42.0
5	147217328	9.0	35.0
5	147314137	6.0	18.0
5	148483921	16.0	52.0
5	149344550	10.0	53.0
5	149571016	8.0	39.0
5	151253873	16.0	59.0
5	151340073	12.0	54.0
5	152900254	15.0	65.0
5	153154562	12.0	52.0
5	153511441	16.0	53.0
5	155271215	10.0	44.0
5	155471497	8.0	54.0
5	155670951	8.0	55.0
5	155758285	18.0	53.0
5	155818722	12.0	56.0
5	156707530	13.0	42.0
5	156920322	12.0	52.0
5	157815728	12.0	42.0
5	158365724	9.0	50.0
5	158848604	11.0	44.0
5	158920657	17.0	61.0
5	160994851	12.0	49.0
5	161453108	22.0	66.0
5	161737997	17.0	44.0
5	161802681	17.0	61.0
5	161934853	4.0	74.0
5	162245897	16.0	62.0
5	162355404	21.0	59.0
5	163325479	17.0	52.0
5	164302179	7.0	48.0
5	164490096	14.0	53.0
5	165320490	11.0	41.0
5	165476063	7.0	49.0
5	165532279	12.0	55.0
5	165798372	19.0	50.0
5	165819553	10.0	37.0
5	165900693	11.0	65.0
5	165963680	12.0	43.0
5	166034102	14.0	51.0
5	166265068	11.0	61.0
5	166282403	18.0	51.0
5	166352774	18.0	59.0
5	166602541	10.0	53.0
5	166801467	15.0	61.0
5	166982421	9.0	48.0
5	167332124	19.0	61.0
5	168250050	9.0	47.0
5	169286038	22.0	44.0
5	169317577	20.0	45.0
5	169521434	14.0	41.0
5	169861643	8.0	50.0
5	170625697	11.0	51.0
5	171943556	21.0	51.0
5	172110736	9.0	34.0
5	172719064	10.0	53.0
5	173623643	16.0	39.0
5	173667419	11.0	50.0
5	174262855	14.0	33.0
5	174644243	19.0	48.0
5	174796440	11.0	52.0
5	174896242	9.0	55.0
5	177267437	4.0	28.0
5	177412542	10.0	34.0
5	177661848	16.0	50.0
5	178414817	11.0	52.0
5	178668902	13.0	47.0
5	179653668	16.0	60.0
5	179859184	14.0	40.0
6	286567	15.0	168.0
6	1518445	13.0	43.0
6	4990462	13.0	44.0
6	8545180	4.0	58.0
6	8639845	13.0	41.0
6	9209344	13.0	40.0
6	9339250	18.0	37.0
6	10429723	11.0	44.0
6	13201695	12.0	27.0
6	15852547	16.0	44.0
6	21338869	9.0	34.0
6	22222785	15.0	26.0
6	22242290	11.0	42.0
6	22526834	14.0	37.0
6	26492752	10.0	34.0
6	27734930	17.0	36.0
6	28716822	17.0	56.0
6	29396108	6.0	28.0
6	32974898	14.0	30.0
6	34404618	9.0	39.0
6	38178046	14.0	35.0
6	38178047	14.0	34.0
6	38388557	4.0	37.0
6	39554944	17.0	28.0
6	44905244	12.0	42.0
6	47880841	13.0	34.0
6	50586725	13.0	44.0
6	51390077	18.0	37.0
6	52117987	16.0	40.0
6	55352957	11.0	45.0
6	55467215	19.0	45.0
6	55920011	15.0	34.0
6	56804274	11.0	35.0
6	57616245	12.0	38.0
6	57877610	9.0	35.0
6	62693273	12.0	35.0
6	62736724	15.0	45.0
6	63707657	16.0	41.0
6	63740722	15.0	37.0
6	63831152	16.0	36.0
6	65573568	10.0	34.0
6	65795789	10.0	32.0
6	65987813	17.0	33.0
6	66597747	10.0	50.0
6	66883668	17.0	26.0
6	67751890	16.0	50.0
6	68130034	14.0	24.0
6	68800704	5.0	35.0
6	69106195	17.0	41.0
6	69222873	10.0	42.0
6	69592558	15.0	41.0
6	73289934	13.0	47.0
6	73739542	12.0	26.0
6	77702072	8.0	28.0
6	81016032	5.0	78.0
6	85183738	16.0	41.0
6	86954471	9.0	25.0
6	87023944	14.0	33.0
6	87878594	11.0	46.0
6	89018369	15.0	51.0
6	91915753	10.0	44.0
6	92297808	16.0	40.0
6	95585769	9.0	49.0
6	96528870	23.0	41.0
6	97187980	8.0	36.0
6	98757742	18.0	39.0
6	99035093	10.0	37.0
6	100220475	9.0	49.0
6	102536415	14.0	36.0
6	102866490	10.0	43.0
6	103538262	16.0	36.0
6	103777360	15.0	48.0
6	103791899	13.0	45.0
6	104166195	11.0	36.0
6	104890282	12.0	31.0
6	105095989	14.0	47.0
6	112522860	23.0	54.0
6	112948006	14.0	23.0
6	115629112	13.0	41.0
6	116207460	20.0	32.0
6	118352069	9.0	41.0
6	120508438	18.0	27.0
6	121895714	16.0	29.0
6	123911887	15.0	47.0
6	125666632	16.0	39.0
6	129111266	15.0	35.0
6	129183888	11.0	36.0
6	133860523	9.0	39.0
6	140225640	17.0	30.0
6	142035307	16.0	51.0
6	144588358	10.0	43.0
6	146223332	13.0	34.0
6	146433858	11.0	50.0
6	147293045	20.0	46.0
6	148629073	12.0	42.0
6	149390848	10.0	44.0
6	155053194	10.0	28.0
6	161088293	18.0	34.0
6	161225318	11.0	34.0
6	162942265	14.0	46.0
6	163640565	8.0	37.0
6	164127821	15.0	26.0
6	164591883	13.0	42.0
6	165119547	16.0	36.0
6	165119682	12.0	42.0
6	165185515	17.0	43.0
6	165236858	15.0	48.0
6	165582229	9.0	27.0
6	165909687	12.0	29.0
6	165919574	11.0	45.0
6	166952284	10.0	21.0
6	168978294	11.0	32.0
7	54921	11.0	47.0
7	1640077	7.0	39.0
7	1692808	14.0	57.0
7	1705862	10.0	38.0
7	1983178	11.0	60.0
7	2062152	14.0	45.0
7	4092146	7.0	55.0
7	6514533	9.0	62.0
7	7654902	13.0	44.0
7	8061392	10.0	79.0
7	8564119	7.0	49.0
7	8839434	16.0	39.0
7	8888355	22.0	42.0
7	9837427	8.0	52.0
7	10094541	14.0	51.0
7	10403407	6.0	39.0
7	10916683	5.0	69.0
7	11009815	17.0	40.0
7	13157892	20.0	63.0
7	14184149	8.0	52.0
7	14799545	8.0	60.0
7	14963395	10.0	42.0
7	15440720	20.0	62.0
7	15888146	21.0	48.0
7	16475035	13.0	55.0
7	18355461	5.0	66.0
7	19093356	15.0	43.0
7	19120610	20.0	56.0
7	19645386	16.0	49.0
7	20223803	10.0	55.0
7	20520612	10.0	47.0
7	23183061	12.0	67.0
7	23186858	11.0	53.0
7	23264253	14.0	49.0
7	23707466	14.0	42.0
7	24776943	19.0	60.0
7	25134232	10.0	73.0
7	25533594	13.0	61.0
7	26767564	16.0	45.0
7	27032272	17.0	61.0
7	28363710	12.0	55.0
7	29208350	13.0	57.0
7	29213293	16.0	48.0
7	31727124	7.0	39.0
7	31982804	17.0	56.0
7	32525446	15.0	45.0
7	33318546	15.0	55.0
7	33456155	15.0	40.0
7	37149362	15.0	44.0
7	37482706	17.0	47.0
7	38042158	19.0	54.0
7	38158127	16.0	53.0
7	39143373	15.0	47.0
7	39309719	4.0	44.0
7	40561902	13.0	49.0
7	40726993	4.0	55.0
7	40743874	14.0	48.0
7	40891204	8.0	61.0
7	40918550	14.0	39.0
7	41220070	21.0	55.0
7	41271446	11.0	39.0
7	41533189	12.0	70.0
7	41536134	14.0	46.0
7	41618697	5.0	61.0
7	42172905	14.0	46.0
7	42383602	9.0	52.0
7	42398113	13.0	59.0
7	42615827	10.0	54.0
7	43643894	14.0	55.0
7	44426170	17.0	50.0
7	45376335	9.0	48.0
7	46383671	18.0	57.0
7	46415247	14.0	51.0
7	46583770	9.0	62.0
7	46865239	2.0	33.0
7	46947619	14.0	45.0
7	48481100	12.0	79.0
7	48543128	20.0	55.0
7	49140682	10.0	46.0
7	49179743	17.0	60.0
7	49197688	4.0	67.0
7	49298668	14.0	58.0
7	49494619	5.0	25.0
7	49807982	9.0	62.0
7	51766330	14.0	54.0
7	52706910	8.0	54.0
7	52899792	22.0	63.0
7	52993648	17.0	40.0
7	53009557	12.0	58.0
7	53030996	4.0	63.0
7	53155533	11.0	40.0
7	53253713	13.0	45.0
7	53938096	9.0	43.0
7	53951309	12.0	59.0
7	54197901	19.0	68.0
7	54243521	19.0	48.0
7	54442169	20.0	44.0
7	55942529	4.0	23.0
7	56597373	4.0	62.0
7	57303540	9.0	49.0
7	57356156	15.0	58.0
7	57374850	21.0	51.0
7	57403200	15.0	49.0
7	57410358	10.0	34.0
7	61658739	11.0	44.0
7	61743353	15.0	51.0
7	62025886	21.0	60.0
7	62132640	10.0	46.0
7	62317855	12.0	61.0
7	62501478	9.0	45.0
7	62558801	7.0	31.0
7	62635724	5.0	27.0
7	62902597	12.0	17.0
7	63033470	7.0	82.0
7	63263449	12.0	44.0
7	63603443	19.0	47.0
7	64008593	14.0	70.0
7	65323499	17.0	41.0
7	66328385	18.0	52.0
7	66829989	9.0	35.0
7	66926925	10.0	47.0
7	67556573	20.0	59.0
7	67579374	20.0	69.0
7	67822973	13.0	36.0
7	68106980	19.0	65.0
7	68696195	16.0	53.0
7	69517922	14.0	47.0
7	70449792	8.0	77.0
7	70488924	13.0	36.0
7	70547760	11.0	41.0
7	70569906	15.0	56.0
7	71531665	8.0	44.0
7	71629460	11.0	60.0
7	72060579	17.0	51.0
7	73224212	5.0	37.0
7	74123935	11.0	59.0
7	75985550	8.0	51.0
7	77704203	18.0	46.0
7	77769454	15.0	51.0
7	78243359	18.0	60.0
7	78995670	11.0	58.0
7	79050967	11.0	68.0
7	79391143	13.0	50.0
7	79593561	10.0	70.0
7	80074926	17.0	60.0
7	81850148	11.0	36.0
7	82034042	14.0	47.0
7	82514556	18.0	40.0
7	83232017	13.0	53.0
7	85630751	21.0	59.0
7	85785481	15.0	55.0
7	87088998	18.0	66.0
7	87212842	6.0	59.0
7	87432624	18.0	54.0
7	87556176	15.0	59.0
7	88046434	12.0	50.0
7	88265680	8.0	57.0
7	88574365	20.0	64.0
7	88700106	10.0	54.0
7	88833151	20.0	51.0
7	92432703	21.0	39.0
7	93159011	11.0	65.0
7	93338895	21.0	68.0
7	93974040	12.0	49.0
7	94067014	1.0	63.0
7	94909102	14.0	54.0
7	96514023	10.0	59.0
7	96968272	15.0	46.0
7	97229458	18.0	50.0
7	98189836	12.0	39.0
7	100322197	16.0	48.0
7	103352179	14.0	43.0
7	103665567	8.0	47.0
7	103917421	11.0	37.0
7	104208564	16.0	60.0
7	104728158	16.0	39.0
7	105064903	8.0	39.0
7	108423648	14.0	37.0
7	108911163	17.0	38.0
7	108999613	21.0	54.0
7	109297726	9.0	38.0
7	109713142	12.0	44.0
7	110124672	10.0	40.0
7	112024571	8.0	31.0
7	113091621	3.0	35.0
7	113244775	18.0	46.0
7	113523496	20.0	34.0
7	116217091	15.0	41.0
7	118202414	16.0	37.0
7	118634802	14.0	61.0
7	118916664	17.0	51.0
7	119319035	14.0	36.0
7	120097714	13.0	33.0
7	122258528	20.0	37.0
7	122456347	12.0	35.0
7	123302482	11.0	42.0
7	123965340	17.0	40.0
7	124969627	9.0	45.0
7	125199684	21.0	57.0
7	125262129	13.0	40.0
7	125734526	11.0	42.0
7	125789543	6.0	29.0
7	126452761	9.0	38.0
7	127847937	12.0	31.0
7	129883459	10.0	46.0
7	131038271	7.0	47.0
7	132221813	17.0	40.0
7	132866751	16.0	47.0
7	135269143	14.0	55.0
7	136162341	19.0	55.0
7	136609270	15.0	59.0
7	136701845	20.0	46.0
7	136903992	13.0	56.0
7	137075240	11.0	45.0
7	137125067	12.0	49.0
7	137126122	5.0	24.0
7	137183905	26.0	45.0
7	138620423	15.0	54.0
7	141087235	8.0	42.0
7	141421328	14.0	51.0
7	145185923	11.0	44.0
7	145204980	20.0	58.0
7	145247801	4.0	66.0
7	145465778	9.0	71.0
7	145900154	17.0	33.0
7	145961366	15.0	48.0
7	146265907	8.0	34.0
7	147886835	8.0	39.0
7	149160052	24.0	61.0
7	149462790	14.0	45.0
7	152428999	16.0	67.0
7	152981426	11.0	52.0
7	153024832	10.0	42.0
7	153672418	11.0	57.0
7	153726238	11.0	49.0
7	153745209	7.0	35.0
7	154172068	11.0	68.0
7	154415717	14.0	37.0
7	154731351	19.0	75.0
7	155310508	20.0	48.0
7	155878711	11.0	74.0
7	156129930	11.0	53.0
7	157342895	12.0	42.0
7	157674091	15.0	46.0
7	157718356	4.0	59.0
7	158730174	6.0	56.0
7	159066278	8.0	40.0
8	794295	10.0	53.0
8	876980	8.0	45.0
8	951956	14.0	62.0
8	1308982	9.0	45.0
8	1553865	12.0	51.0
8	1615583	6.0	39.0
8	2860804	11.0	52.0
8	2922944	14.0	56.0
8	3250644	13.0	66.0
8	3483108	15.0	63.0
8	3513879	9.0	42.0
8	3629568	4.0	40.0
8	4032775	13.0	69.0
8	4498900	17.0	57.0
8	4686551	17.0	62.0
8	4868091	12.0	40.0
8	4999104	11.0	58.0
8	5194529	12.0	57.0
8	5277492	18.0	58.0
8	5296413	11.0	37.0
8	5387828	16.0	45.0
8	5763124	15.0	45.0
8	5883550	4.0	41.0
8	5938509	14.0	39.0
8	6416610	8.0	45.0
8	6471687	5.0	56.0
8	7333115	11.0	43.0
8	9105443	12.0	55.0
8	10780204	12.0	39.0
8	11547499	15.0	49.0
8	12881743	12.0	38.0
8	13059604	13.0	42.0
8	13093099	11.0	62.0
8	13329501	13.0	66.0
8	13411293	15.0	46.0
8	13522747	10.0	36.0
8	14168895	16.0	43.0
8	14206485	10.0	53.0
8	14247306	18.0	58.0
8	14256240	14.0	57.0
8	14578652	9.0	65.0
8	14732629	10.0	58.0
8	14928043	15.0	55.0
8	14999271	17.0	59.0
8	15293677	8.0	48.0
8	15386919	17.0	80.0
8	15847214	13.0	71.0
8	15876497	6.0	43.0
8	19075273	5.0	48.0
8	20460697	9.0	44.0
8	21048157	9.0	39.0
8	23627399	17.0	54.0
8	24374542	16.0	37.0
8	26556495	12.0	65.0
8	27050988	17.0	54.0
8	28577042	20.0	66.0
8	29166248	18.0	54.0
8	29532502	7.0	46.0
8	29959889	20.0	51.0
8	32207847	19.0	52.0
8	33653609	10.0	70.0
8	33693149	14.0	42.0
8	35239829	11.0	45.0
8	35250894	10.0	31.0
8	35643849	19.0	44.0
8	36113834	17.0	51.0
8	37123638	10.0	39.0
8	37647938	15.0	51.0
8	37851320	15.0	47.0
8	39441569	10.0	66.0
8	40109526	4.0	71.0
8	40184928	13.0	52.0
8	40763575	13.0	43.0
8	40979390	15.0	40.0
8	40995087	11.0	54.0
8	42039098	14.0	47.0
8	43445255	13.0	58.0
8	47207840	13.0	47.0
8	47451405	16.0	53.0
8	47564076	13.0	55.0
8	47600299	22.0	46.0
8	47616663	19.0	56.0
8	49378226	11.0	55.0
8	49660254	14.0	50.0
8	51289503	6.0	45.0
8	51586476	17.0	61.0
8	52014420	12.0	48.0
8	52173951	16.0	67.0
8	52194859	14.0	78.0
8	53010303	4.0	65.0
8	55562910	16.0	69.0
8	55572952	19.0	52.0
8	55602000	10.0	56.0
8	55618069	14.0	53.0
8	56460488	11.0	48.0
8	57603958	5.0	62.0
8	57697010	7.0	38.0
8	59221902	12.0	56.0
8	61742732	14.0	57.0
8	63505037	12.0	60.0
8	64508511	18.0	52.0
8	64508904	17.0	57.0
8	64696867	12.0	73.0
8	64836281	12.0	50.0
8	65139556	16.0	59.0
8	65186718	7.0	48.0
8	66112882	4.0	62.0
8	66599770	10.0	36.0
8	67618024	11.0	40.0
8	68815455	9.0	44.0
8	68890620	14.0	56.0
8	69468211	19.0	67.0
8	69671054	12.0	47.0
8	69765017	12.0	43.0
8	69910247	10.0	59.0
8	70116466	19.0	59.0
8	70816570	8.0	19.0
8	71855778	23.0	66.0
8	72919632	14.0	50.0
8	74899387	19.0	63.0
8	75219176	24.0	50.0
8	76360995	12.0	59.0
8	76856749	17.0	56.0
8	77377736	18.0	63.0
8	77532607	14.0	42.0
8	77629619	15.0	51.0
8	77639242	14.0	61.0
8	77976839	23.0	64.0
8	78062040	17.0	51.0
8	78154169	18.0	60.0
8	78226728	15.0	62.0
8	78807111	12.0	43.0
8	80446706	19.0	44.0
8	80916175	6.0	38.0
8	81278702	11.0	58.0
8	82185843	5.0	45.0
8	82738718	18.0	50.0
8	83366733	12.0	53.0
8	84395037	18.0	57.0
8	84558506	11.0	49.0
8	84624472	7.0	41.0
8	84658151	14.0	47.0
8	84810495	11.0	46.0
8	87953061	12.0	41.0
8	87956471	13.0	59.0
8	88182014	10.0	66.0
8	88191135	18.0	42.0
8	88218643	11.0	54.0
8	88489597	15.0	56.0
8	88966355	13.0	64.0
8	88983453	11.0	21.0
8	88999853	17.0	35.0
8	89074448	7.0	71.0
8	89407056	19.0	62.0
8	89734120	15.0	60.0
8	91125383	20.0	65.0
8	91719318	22.0	47.0
8	93279401	14.0	62.0
8	93324527	21.0	55.0
8	93855286	14.0	53.0
8	95160762	7.0	24.0
8	96708105	17.0	65.0
8	96944026	18.0	64.0
8	97403539	15.0	52.0
8	98034185	13.0	54.0
8	100637241	11.0	45.0
8	100992466	11.0	32.0
8	103271210	12.0	63.0
8	103384168	10.0	40.0
8	103933810	4.0	17.0
8	105112066	15.0	59.0
8	105294644	18.0	46.0
8	105631809	18.0	47.0
8	106224159	10.0	60.0
8	106856885	10.0	57.0
8	107543995	26.0	63.0
8	108264625	7.0	65.0
8	108268495	11.0	61.0
8	108353975	12.0	41.0
8	108400975	23.0	48.0
8	108731243	14.0	43.0
8	108752470	14.0	61.0
8	109093649	11.0	48.0
8	109095649	5.0	34.0
8	109690906	10.0	63.0
8	109820411	14.0	56.0
8	111206324	15.0	50.0
8	111344014	7.0	51.0
8	111394400	12.0	62.0
8	111728948	15.0	56.0
8	112041143	12.0	41.0
8	112521302	19.0	61.0
8	112597228	4.0	55.0
8	112710430	17.0	48.0
8	112817870	14.0	48.0
8	113023134	13.0	61.0
8	113040940	17.0	52.0
8	113480764	6.0	63.0
8	113542236	12.0	47.0
8	113803565	8.0	33.0
8	113864978	10.0	56.0
8	113886823	7.0	50.0
8	114023743	16.0	68.0
8	114768972	14.0	56.0
8	114777811	19.0	48.0
8	114777812	20.0	47.0
8	114851042	15.0	52.0
8	114958652	14.0	47.0
8	115009172	6.0	63.0
8	115267690	9.0	46.0
8	115453837	15.0	62.0
8	115500976	14.0	56.0
8	115504559	20.0	44.0
8	115761716	13.0	48.0
8	115779437	15.0	46.0
8	115863478	8.0	41.0
8	115917243	19.0	53.0
8	116174351	11.0	44.0
8	116424049	17.0	41.0
8	116879121	15.0	48.0
8	116911081	8.0	53.0
8	117020648	14.0	60.0
8	117362005	7.0	69.0
8	117622307	7.0	58.0
8	118302573	7.0	63.0
8	120160958	20.0	54.0
8	120894252	10.0	42.0
8	121192917	9.0	34.0
8	121635725	10.0	28.0
8	122718418	23.0	55.0
8	122721035	8.0	41.0
8	124188663	9.0	66.0
8	125416843	15.0	45.0
8	125637483	16.0	55.0
8	126778138	4.0	55.0
8	126916079	24.0	54.0
8	127096434	14.0	58.0
8	127228406	9.0	26.0
8	127257110	15.0	58.0
8	128102022	11.0	42.0
8	130110436	4.0	53.0
8	130567732	8.0	56.0
8	130567735	8.0	55.0
8	132972668	10.0	38.0
8	133451255	11.0	50.0
8	133559760	20.0	67.0
8	134705023	11.0	46.0
8	134705025	11.0	45.0
8	136703279	17.0	47.0
8	136722669	20.0	48.0
8	136900455	16.0	49.0
8	137450663	1.0	75.0
8	137560184	12.0	54.0
8	137590979	17.0	48.0
8	138000317	15.0	57.0
8	138344564	16.0	56.0
8	138443546	10.0	48.0
8	138815465	11.0	52.0
8	139452406	16.0	40.0
8	139773078	7.0	49.0
8	140015578	18.0	63.0
8	140803876	10.0	38.0
8	142135113	18.0	73.0
8	142892904	19.0	35.0
8	143081132	3.0	50.0
8	143468923	16.0	61.0
8	143956123	11.0	41.0
8	144222338	12.0	50.0
8	144398285	10.0	51.0
8	144692545	5.0	54.0
8	144817625	9.0	38.0
8	146011618	14.0	43.0
9	868152	13.0	34.0
9	1365474	5.0	42.0
9	1514000	9.0	41.0
9	1794863	10.0	31.0
9	3016452	13.0	39.0
9	3048022	18.0	35.0
9	3066644	21.0	48.0
9	4538916	15.0	40.0
9	6206928	20.0	45.0
9	6398949	12.0	40.0
9	6595415	7.0	31.0
9	11797340	6.0	39.0
9	11835193	11.0	33.0
9	12249021	14.0	41.0
9	12249690	16.0	36.0
9	12649907	17.0	54.0
9	16337597	14.0	38.0
9	16830166	21.0	39.0
9	18049715	12.0	38.0
9	18408793	7.0	40.0
9	20567010	18.0	36.0
9	24931339	11.0	41.0
9	25132056	15.0	57.0
9	26001221	11.0	32.0
9	27253077	4.0	46.0
9	28532257	11.0	42.0
9	32736032	14.0	36.0
9	33607084	20.0	42.0
9	36935185	12.0	37.0
9	38317212	20.0	31.0
9	39181774	13.0	33.0
9	68370956	5.0	19.0
9	69994815	14.0	34.0
9	71813531	11.0	28.0
9	73543560	10.0	31.0
9	75555020	3.0	37.0
9	76410789	10.0	32.0
9	77177330	17.0	37.0
9	77971517	8.0	25.0
9	79594466	14.0	45.0
9	81264081	10.0	43.0
9	81408046	9.0	45.0
9	81872617	16.0	34.0
9	82998910	13.0	34.0
9	83162205	11.0	34.0
9	90855448	13.0	33.0
9	98259852	8.0	36.0
9	98315153	3.0	35.0
9	103220911	12.0	31.0
9	105119132	13.0	31.0
9	105699417	11.0	35.0
9	106478536	9.0	29.0
9	106776509	15.0	27.0
9	107814781	14.0	22.0
9	109064104	13.0	33.0
9	109080148	13.0	41.0
9	109620659	15.0	38.0
9	114532033	17.0	33.0
9	116552592	8.0	41.0
9	117191584	16.0	36.0
9	118592987	21.0	38.0
9	119215375	13.0	27.0
9	119600179	11.0	40.0
9	119934221	5.0	50.0
9	120762253	17.0	36.0
9	122024678	15.0	44.0
9	122846011	11.0	33.0
9	124700411	8.0	27.0
9	125423918	14.0	49.0
9	126352154	16.0	25.0
9	127087197	12.0	32.0
9	127530315	18.0	33.0
9	129561284	8.0	33.0
9	130325766	13.0	37.0
9	133952640	8.0	32.0
9	136372577	9.0	32.0
9	137772462	17.0	34.0
9	137794658	14.0	43.0
9	137959099	3.0	10.0
9	138026434	16.0	39.0
X	166260	7.0	37.0
X	550059	11.0	43.0
X	728365	5.0	27.0
X	1025325	3.0	48.0
X	2014425	10.0	50.0
X	3649809	6.0	54.0
X	3905095	16.0	63.0
X	3980494	7.0	48.0
X	4232240	11.0	44.0
X	4259741	9.0	45.0
X	4508481	7.0	58.0
X	4678475	15.0	58.0
X	5068078	13.0	45.0
X	5254178	8.0	45.0
X	5269883	6.0	35.0
X	5373659	15.0	44.0
X	5424011	13.0	57.0
X	5820276	11.0	50.0
X	6282954	10.0	81.0
X	6472574	13.0	48.0
X	6675448	7.0	50.0
X	8673394	24.0	73.0
X	8922781	11.0	54.0
X	9255649	13.0	46.0
X	9538415	17.0	41.0
X	10305054	17.0	43.0
X	10694369	15.0	67.0
X	11105344	14.0	50.0
X	11222299	15.0	56.0
X	13510794	20.0	66.0
X	13611960	14.0	45.0
X	14548388	16.0	65.0
X	16254659	9.0	46.0
X	16272733	15.0	47.0
X	16998957	14.0	46.0
X	17452381	10.0	57.0
X	19860551	3.0	26.0
X	20508564	11.0	48.0
X	20605969	14.0	45.0
X	22754856	15.0	66.0
X	23199070	5.0	62.0
X	23352595	12.0	34.0
X	24255553	16.0	27.0
X	24372961	6.0	57.0
X	25466068	20.0	53.0
X	25582954	12.0	59.0
X	25916757	12.0	49.0
X	25924962	14.0	60.0
X	26269093	7.0	42.0
X	26371792	20.0	48.0
X	26467192	15.0	41.0
X	26538620	21.0	47.0
X	26593652	10.0	47.0
X	26764179	12.0	61.0
X	26990313	8.0	38.0
X	26990314	8.0	38.0
X	27058298	7.0	53.0
X	27091679	11.0	58.0
X	27453357	19.0	54.0
X	27468357	12.0	58.0
X	27641722	14.0	61.0
X	27808094	18.0	68.0
X	27844050	8.0	44.0
X	27892683	10.0	42.0
X	28000618	17.0	35.0
X	28531335	15.0	51.0
X	29149949	14.0	42.0
X	29736025	27.0	59.0
X	30005641	13.0	52.0
X	30029862	12.0	68.0
X	30158856	18.0	52.0
X	30269596	14.0	37.0
X	30360047	12.0	44.0
X	30739979	21.0	42.0
X	30792082	16.0	51.0
X	30808095	6.0	43.0
X	30975218	17.0	54.0
X	33231802	15.0	62.0
X	33318797	6.0	49.0
X	33973707	12.0	44.0
X	34112992	18.0	53.0
X	34226037	7.0	18.0
X	34862230	10.0	60.0
X	35895257	4.0	73.0
X	36457848	14.0	49.0
X	36908612	16.0	72.0
X	38039804	14.0	52.0
X	38305631	15.0	59.0
X	39529225	17.0	43.0
X	40207854	14.0	44.0
X	41122276	6.0	54.0
X	43117824	13.0	45.0
X	44567545	13.0	45.0
X	46821180	11.0	32.0
X	46958796	12.0	56.0
X	47110912	9.0	49.0
X	47355716	13.0	49.0
X	47556477	14.0	58.0
X	48178430	12.0	53.0
X	48336585	12.0	39.0
X	48690359	6.0	33.0
X	48815193	9.0	45.0
X	48821835	14.0	52.0
X	49400038	14.0	46.0
X	49628681	12.0	50.0
X	50062914	15.0	58.0
X	50440173	9.0	68.0
X	50552468	20.0	43.0
X	51103137	12.0	45.0
X	51178681	12.0	55.0
X	51437776	16.0	51.0
X	51711718	15.0	52.0
X	52685352	16.0	44.0
X	53108797	18.0	38.0
X	54904658	14.0	52.0
X	55061332	16.0	49.0
X	55470302	14.0	57.0
X	55627556	11.0	53.0
X	55664413	18.0	42.0
X	56339735	17.0	51.0
X	56494755	11.0	51.0
X	56522053	10.0	39.0
X	56956829	10.0	51.0
X	57667303	10.0	42.0
X	57999699	19.0	48.0
X	62012074	11.0	58.0
X	62147241	18.0	42.0
X	62170913	15.0	43.0
X	62235821	17.0	53.0
X	62245546	16.0	44.0
X	62974770	11.0	33.0
X	63397458	16.0	52.0
X	63927093	18.0	61.0
X	64559200	10.0	45.0
X	64605593	9.0	47.0
X	65083303	14.0	54.0
X	66026659	13.0	47.0
X	66649139	7.0	56.0
X	66823089	12.0	65.0
X	66999759	16.0	57.0
X	68099116	10.0	53.0
X	69119103	16.0	57.0
X	70094908	8.0	35.0
X	72285212	14.0	53.0
X	72559886	13.0	58.0
X	72746386	5.0	45.0
X	73325269	9.0	45.0
X	73362748	14.0	42.0
X	73547200	12.0	48.0
X	73588315	16.0	53.0
X	73751085	11.0	41.0
X	73817794	9.0	74.0
X	74672832	13.0	40.0
X	74699344	8.0	60.0
X	74851067	17.0	56.0
X	74987206	9.0	60.0
X	75228449	13.0	39.0
X	75426459	19.0	41.0
X	77034656	11.0	36.0
X	77152628	18.0	50.0
X	77689681	12.0	46.0
X	78474904	7.0	40.0
X	78936645	13.0	64.0
X	79013671	15.0	67.0
X	79282578	10.0	66.0
X	79326091	11.0	50.0
X	79725574	13.0	32.0
X	79768919	10.0	48.0
X	80576825	8.0	39.0
X	80910944	16.0	44.0
X	80910945	16.0	44.0
X	81236347	16.0	62.0
X	81571732	12.0	42.0
X	81697849	5.0	77.0
X	82176827	12.0	70.0
X	82341112	11.0	50.0
X	82401455	13.0	50.0
X	82573162	17.0	55.0
X	82610752	13.0	45.0
X	82763200	8.0	38.0
X	82811911	6.0	23.0
X	82886190	15.0	49.0
X	83083025	13.0	53.0
X	83261527	16.0	58.0
X	84770590	16.0	44.0
X	84981874	18.0	53.0
X	85072925	11.0	50.0
X	85241753	10.0	45.0
X	85516562	15.0	53.0
X	85521102	19.0	58.0
X	85583619	17.0	60.0
X	85628948	16.0	49.0
X	86133843	8.0	49.0
X	86294159	17.0	58.0
X	86820928	9.0	40.0
X	87046896	7.0	12.0
X	87367024	15.0	46.0
X	87691115	22.0	57.0
X	87816518	13.0	34.0
X	87823230	14.0	63.0
X	87827617	6.0	39.0
X	87827645	9.0	34.0
X	87950870	7.0	54.0
X	88228335	6.0	30.0
X	88379178	20.0	63.0
X	88807989	9.0	35.0
X	89193142	13.0	65.0
X	89350747	15.0	48.0
X	89421496	15.0	46.0
X	90167247	5.0	46.0
X	90541380	13.0	49.0
X	90652318	13.0	65.0
X	90652320	13.0	67.0
X	90726142	17.0	32.0
X	90921031	15.0	38.0
X	90989652	8.0	30.0
X	91881389	16.0	51.0
X	92436113	14.0	51.0
X	93160459	22.0	56.0
X	93257254	12.0	43.0
X	93609812	7.0	58.0
X	93761940	21.0	58.0
X	93880110	12.0	43.0
X	94117329	9.0	60.0
X	94251762	16.0	56.0
X	94387231	12.0	43.0
X	94528074	16.0	57.0
X	94591187	13.0	67.0
X	94661115	15.0	65.0
X	94869925	15.0	51.0
X	95190426	19.0	48.0
X	95261740	7.0	56.0
X	95501514	15.0	57.0
X	96227072	12.0	70.0
X	96569214	3.0	28.0
X	96826886	12.0	55.0
X	96833244	9.0	48.0
X	97848691	15.0	50.0
X	98229213	6.0	61.0
X	98251885	4.0	55.0
X	98363202	2.0	9.0
X	98555151	4.0	49.0
X	98621439	7.0	46.0
X	98782004	15.0	58.0
X	98946471	18.0	45.0
X	98970733	19.0	50.0
X	98996471	13.0	53.0
X	99445030	13.0	51.0
X	99572779	15.0	46.0
X	99645476	14.0	55.0
X	100453019	10.0	36.0
X	100588158	9.0	60.0
X	100860691	9.0	43.0
X	104847549	14.0	56.0
X	104929720	13.0	54.0
X	105236187	9.0	44.0
X	105239076	12.0	63.0
X	106232004	18.0	50.0
X	107677595	18.0	54.0
X	107978922	9.0	43.0
X	109114548	14.0	42.0
X	109126683	7.0	47.0
X	110422079	13.0	38.0
X	111177979	21.0	62.0
X	111488572	8.0	62.0
X	112219080	10.0	45.0
X	112572737	11.0	54.0
X	112572768	13.0	56.0
X	112740273	13.0	62.0
X	112953316	17.0	34.0
X	113662234	16.0	71.0
X	113989505	15.0	40.0
X	114141013	18.0	64.0
X	114339000	15.0	62.0
X	114778447	11.0	58.0
X	115067746	9.0	34.0
X	115544276	8.0	63.0
X	115899681	8.0	40.0
X	116014234	16.0	56.0
X	117163791	9.0	44.0
X	117247540	17.0	68.0
X	117697666	4.0	55.0
X	118092906	9.0	56.0
X	118207779	8.0	35.0
X	119122481	14.0	58.0
X	119251418	12.0	48.0
X	119755141	12.0	35.0
X	119939542	15.0	52.0
X	119947193	15.0	51.0
X	120255978	11.0	53.0
X	120412286	15.0	48.0
X	120564616	12.0	43.0
X	120979356	17.0	63.0
X	121068358	15.0	66.0
X	121083870	10.0	46.0
X	121406337	10.0	50.0
X	121910652	15.0	50.0
X	121989903	12.0	54.0
X	121991005	23.0	63.0
X	122813803	17.0	38.0
X	123014806	10.0	54.0
X	123583999	5.0	46.0
X	123789284	12.0	57.0
X	124244347	15.0	59.0
X	124736130	17.0	57.0
X	124764105	13.0	49.0
X	124947100	14.0	50.0
X	125065529	13.0	54.0
X	125326896	10.0	63.0
X	125491726	14.0	56.0
X	125676048	15.0	53.0
X	126155348	25.0	61.0
X	126204013	19.0	52.0
X	126262864	12.0	47.0
X	126479157	17.0	57.0
X	126517294	15.0	42.0
X	126517507	11.0	63.0
X	126757786	17.0	65.0
X	127238270	23.0	52.0
X	127368308	13.0	57.0
X	127840166	13.0	65.0
X	127849322	16.0	35.0
X	128366203	15.0	35.0
X	128502960	8.0	33.0
X	129013525	6.0	55.0
X	129049488	4.0	23.0
X	129363617	12.0	52.0
X	129541805	9.0	42.0
X	130488243	13.0	55.0
X	131040982	17.0	61.0
X	131065704	14.0	44.0
X	131080297	16.0	49.0
X	131157842	7.0	55.0
X	132783584	7.0	44.0
X	133378737	20.0	57.0
X	133389896	17.0	42.0
X	134312078	16.0	50.0
X	135120599	10.0	67.0
X	135643761	11.0	53.0
X	136893881	21.0	48.0
X	137055866	14.0	52.0
X	137517655	21.0	64.0
X	137522783	19.0	57.0
X	137919460	13.0	36.0
X	138303005	20.0	46.0
X	138453579	18.0	60.0
X	139007837	13.0	46.0
X	139441435	7.0	52.0
X	139463489	12.0	67.0
X	139535055	17.0	51.0
X	139699283	13.0	53.0
X	139793795	12.0	64.0
X	139968705	16.0	55.0
X	140044055	21.0	49.0
X	140238973	24.0	57.0
X	140285715	10.0	51.0
X	140729807	16.0	61.0
X	140786576	6.0	43.0
X	140871450	16.0	42.0
X	141463361	16.0	57.0
X	141633655	17.0	67.0
X	141663206	16.0	60.0
X	141901529	7.0	32.0
X	142247355	12.0	58.0
X	142600750	14.0	40.0
X	142944681	16.0	67.0
X	143494867	15.0	62.0
X	144334607	7.0	44.0
X	144437434	13.0	27.0
X	144780093	13.0	52.0
X	144853049	17.0	67.0
X	144882640	16.0	47.0
X	144941324	18.0	50.0
X	145111503	10.0	58.0
X	145326124	12.0	48.0
X	145559966	15.0	51.0
X	145924134	11.0	48.0
X	145945816	12.0	50.0
X	145959914	11.0	42.0
X	146115115	13.0	31.0
X	146277775	16.0	38.0
X	146763533	5.0	54.0
X	146781907	23.0	56.0
X	146992993	6.0	42.0
X	147040993	15.0	58.0
X	147375239	11.0	53.0
X	147537280	19.0	58.0
X	147882088	14.0	66.0
X	147882100	15.0	60.0
X	147942554	16.0	53.0
X	148037122	12.0	68.0
X	148037162	13.0	59.0
X	148357826	21.0	50.0
X	148984685	14.0	70.0
X	149111219	6.0	25.0
X	149904369	15.0	58.0
X	150056059	8.0	31.0
X	150080628	9.0	44.0
X	150120464	20.0	48.0
X	150681939	11.0	53.0
X	150681940	11.0	52.0
X	150791561	20.0	45.0
X	150982026	9.0	52.0
X	151014648	16.0	65.0
X	151080855	10.0	35.0
X	151117543	15.0	44.0
X	151387906	12.0	50.0
X	151423247	20.0	48.0
X	152777266	17.0	55.0
X	153055456	11.0	34.0
X	153140081	14.0	44.0
X	153775854	11.0	45.0
X	154272469	16.0	48.0
X	154487224	10.0	51.0
