chromosome_index	start_position	end_position	major_cn	minor_cn	total_cn
1	61735	71060331	1	1	2
1	71067053	74699123	2	0	2
1	74699730	121482979	1	1	2
1	144007049	234712612	4	1	5
1	234713383	235705622	4	0	4
1	235705673	249224388	4	1	5
2	12784	190479806	1	1	2
2	190479826	192279901	2	0	2
2	192281716	243089456	1	1	2
3	60345	197896118	1	1	2
4	12281	190698959	1	1	2
4	190699096	191027923	2	0	2
5	15532	129111303	1	1	2
5	129111396	131725207	2	0	2
5	131725329	180790320	1	1	2
6	149661	74664462	1	1	2
6	74667281	75651119	2	0	2
6	75653295	170757380	1	1	2
6	170760157	171051005	2	0	2
7	43259	159127004	1	1	2
8	31254	146298155	1	1	2
9	46587	141091394	1	1	2
10	72759	335511	2	0	2
10	336228	135506704	1	1	2
11	198572	58835178	1	1	2
11	58835194	60517887	2	0	2
11	60518787	134944770	1	1	2
12	150442	133778189	1	1	2
13	19026949	115108397	1	1	2
14	19002124	107285437	1	1	2
15	20016328	102469040	1	1	2
16	60777	35283226	2	1	3
16	46463782	70842097	1	0	1
16	70854381	71202797	2	0	2
16	71205194	90287535	1	0	1
17	526	81049726	1	1	2
18	48133	77565620	1	1	2
18	77573896	78015057	2	0	2
19	90910	59097854	1	1	2
20	61305	62956153	1	1	2
21	10736871	48096957	1	1	2
22	16052528	51234455	1	0	1
