chromosome_index position alt_count ref_count
1 11308080 16 126
1 12918928 11 89
1 17410262 11 84
1 19449430 14 59
1 22222444 6 36
1 28477276 4 44
1 31426788 15 113
1 39951479 16 17
1 41486066 7 57
1 67263820 11 81
1 74507107 20 172
1 76253183 26 72
1 86951077 18 75
1 99771542 6 47
1 102270473 13 51
1 111146095 28 115
1 114505013 12 51
1 152975939 7 22
1 158368884 25 102
1 158592830 55 275
1 159283954 5 24
1 164789369 6 89
1 169670773 4 11
1 173493226 12 55
1 180886014 34 164
1 182827319 16 89
1 197112663 28 148
1 200960046 12 49
1 203453067 20 110
1 212798394 16 74
1 215408346 7 43
1 216424377 10 55
1 218607527 26 127
1 226041437 2 10
1 229438646 15 84
1 235715385 35 287
1 235918893 62 277
1 240656261 3 14
1 248224588 14 120
1 248487473 37 192
2 11922600 9 49
2 15358906 16 88
2 26689581 5 31
2 37032694 11 77
2 46851311 22 102
2 48026966 6 132
2 71303832 3 16
2 71753445 30 162
2 89246973 15 86
2 89278502 8 74
2 89309479 26 95
2 102964500 5 71
2 108618444 11 54
2 113742478 14 67
2 113820090 6 38
2 113832335 18 101
2 130872806 10 86
2 130877748 13 97
2 131519959 5 15
2 133543133 15 96
2 133543134 15 96
2 141533673 11 103
2 153535966 5 22
2 162274296 12 84
2 175618297 18 87
2 178528660 14 53
2 182412572 30 193
2 187615876 20 137
2 187712478 12 97
2 187712479 11 97
2 189943287 27 161
2 203407114 11 64
2 207003314 14 108
2 210561275 8 71
2 219294032 7 77
2 219890775 7 47
2 219892628 11 30
2 225710297 19 82
2 231774831 15 87
2 231775406 3 46
2 238274635 18 105
2 239049495 5 30
3 26751340 9 43
3 44948497 6 66
3 98109906 52 87
3 131404802 14 30
3 150931005 24 57
3 151474791 30 43
3 183689508 18 39
3 196089416 49 109
4 22749245 27 121
4 42554575 12 74
4 46086071 4 11
4 66201737 9 47
4 68919562 6 17
4 69962328 17 104
4 139980359 24 108
4 155226379 6 29
4 159568062 11 96
4 178896990 19 86
4 190883020 23 254
5 908506 8 47
5 11364898 4 38
5 13786382 12 51
5 24509704 17 72
5 31294067 6 76
5 35753776 23 127
5 53815085 4 37
5 55168177 18 65
5 112214482 23 100
5 121187725 5 9
5 138713677 3 14
5 138994325 18 60
5 140537601 11 71
5 140537602 11 74
5 140753949 12 60
5 140767761 7 35
5 146017811 3 26
5 175716732 5 14
5 176026691 13 79
5 176887645 5 41
6 348145 12 140
6 7727541 3 15
6 33287401 31 68
6 36274107 32 136
6 43538667 43 105
6 49586929 16 53
6 53133856 21 37
6 74073549 8 29
6 87967002 11 16
6 136597526 39 511
7 2622283 4 16
7 20739552 6 32
7 27135409 9 46
7 56087349 5 35
7 56087351 5 35
7 57188426 4 31
7 64639799 9 72
7 82583854 11 45
7 83636733 38 73
7 88424136 36 142
7 91712731 14 60
7 92733294 56 151
7 94057003 29 77
7 97362026 22 64
7 97852406 3 13
7 99074071 9 33
7 101090977 3 7
7 102667916 14 83
7 107427872 31 165
7 107871486 4 57
7 113518073 34 231
7 123349179 22 49
7 124503540 53 123
7 124510993 14 93
7 129919383 23 65
7 132169704 31 67
7 135311040 27 83
7 142032319 7 13
7 142124244 27 173
7 142562114 43 329
7 143657537 19 46
7 143827061 42 186
7 148312477 17 127
7 148964255 4 36
7 150027589 39 177
7 157000138 25 209
8 2020568 6 19
8 2057201 9 36
8 10468155 4 43
8 19362786 6 52
8 27737266 5 16
8 36663793 5 21
8 52325734 14 44
8 113299383 24 88
8 139609156 76 210
8 144641996 5 26
9 5534764 8 64
9 8465644 10 83
9 12821419 28 148
9 37746166 15 71
9 78601129 16 75
9 79321909 5 50
9 79933209 17 93
9 100126312 7 32
9 102594968 12 39
9 102778708 10 52
9 117124771 3 8
9 122075577 24 74
9 130251778 3 8
9 135447819 13 36
9 137777622 6 43
9 138011774 4 35
9 138011775 3 36
9 140389498 11 46
10 93408 42 114
10 43608331 6 21
10 45877968 7 29
10 71392867 16 84
10 84745264 8 48
10 88681386 20 126
10 90768652 60 354
10 95351677 4 10
10 97583120 11 59
10 98778813 4 23
10 98799743 9 47
10 99144970 21 108
10 105794442 6 16
10 105952008 14 91
10 108448049 10 93
10 115383307 12 75
10 116698036 3 30
10 127530320 11 77
10 132891506 21 87
10 134664738 7 29
11 379988 7 45
11 1084795 3 7
11 5080580 6 12
11 5410856 21 93
11 5475122 22 112
11 5530683 19 88
11 5603032 26 134
11 5776693 15 144
11 17517185 25 133
11 18765712 24 129
11 26669345 12 61
11 30932927 5 10
11 35515796 16 66
11 44069676 5 50
11 46398736 6 24
11 55595244 31 216
11 55735507 9 56
11 55873077 38 199
11 57381888 8 52
11 60073661 13 92
11 65988115 6 51
11 67432013 8 33
11 74876920 26 126
11 87847169 19 98
11 88300971 7 28
11 89768762 9 73
11 111782353 4 9
11 114453728 7 179
11 118498623 13 34
11 121177914 6 169
11 123513202 15 36
11 126301280 3 10
12 10568380 7 58
12 15747894 9 73
12 20522824 4 25
12 21661496 12 91
12 25398284 7 21
12 29670372 12 96
12 41327516 28 124
12 45409971 6 13
12 45410014 3 44
12 45566945 7 51
12 52377917 4 25
12 53096691 10 110
12 57850274 15 85
12 66221815 8 39
12 68647059 5 42
12 75875626 29 183
12 85518290 30 203
12 95927532 21 83
12 96707200 4 48
12 97313900 14 106
12 103699904 9 49
12 108086637 7 77
12 113557022 13 37
12 113812724 13 60
12 123950105 10 40
12 130926762 5 46
13 25060347 12 70
13 26974649 20 135
13 38143960 23 80
13 44411448 6 73
13 44411449 6 75
13 44457980 21 86
13 49281193 15 65
13 52035123 5 23
13 70281875 19 70
13 88329776 4 26
13 114193696 11 52
13 115091623 16 63
14 20443947 23 131
14 24648811 10 52
14 42356224 6 70
14 47530708 9 61
14 51371123 26 90
14 58941420 10 40
14 71576295 6 28
15 22383396 12 63
15 24923779 8 108
15 25417793 10 128
15 25427385 4 11
15 25444453 5 25
15 26806081 38 176
15 34652348 4 92
15 40568142 6 71
15 42107526 9 35
15 63132786 4 19
15 65489472 7 59
15 88679799 3 30
16 17235204 13 48
16 17294435 22 141
16 20748556 13 83
16 28990742 18 80
16 30198005 5 16
16 30776605 10 39
16 31422734 24 196
16 51173276 9 22
16 69964119 12 54
16 70916661 9 41
16 76350316 9 29
16 76509915 6 59
16 77355074 14 111
16 89293777 15 94
17 6913416 8 21
17 7574034 6 17
17 10543658 6 67
17 11592948 13 76
17 11592949 13 79
17 16320923 4 21
17 18196026 10 53
17 34072004 10 33
17 39034618 7 62
17 41103887 7 32
17 42340241 16 92
17 42857163 4 33
17 42857179 3 22
17 45913760 9 28
17 57050271 15 66
17 58234889 23 143
17 60754845 3 22
17 61958500 49 251
17 74288678 9 53
17 74383634 5 59
18 9257679 12 46
18 29205560 22 65
18 43796479 6 41
18 47390574 15 48
18 59217255 4 32
18 70451042 32 107
18 77133995 3 45
19 3452574 30 128
19 3964952 6 50
19 7174600 6 46
19 9061893 22 91
19 9090511 20 76
19 12951814 7 75
19 22156079 6 22
19 38621383 10 41
19 38817960 10 49
19 39660361 10 32
19 39788642 6 53
19 41063082 7 26
19 49243435 7 54
19 51135639 7 39
19 51960764 5 15
19 52149086 10 50
19 52941035 4 35
19 53643937 20 148
19 54849250 9 51
19 55086241 25 85
19 55107774 15 66
19 55175419 27 186
19 55220481 3 10
19 55805585 16 82
19 56701647 17 100
19 57765064 6 30
19 57910758 8 46
19 58101972 5 38
19 58196642 19 107
20 1617081 10 42
20 3018722 16 77
20 9459613 5 24
20 42893134 6 36
20 47989564 4 37
20 57768948 11 66
20 62493424 3 14
20 62839561 20 92
21 32185358 18 54
22 19029328 5 53
22 40366981 10 36
