chromosome_index position alt_count ref_count
1 22150181 4 39
1 44035429 3 29
1 47325399 4 61
1 52940852 12 96
1 85331538 52 57
1 118657953 6 73
1 171765758 35 79
2 27850426 80 187
2 128941352 12 21
2 198361807 3 47
2 233349567 6 61
3 14220082 5 39
3 49083858 9 108
3 101090887 12 85
4 47560219 8 94
4 186295495 5 80
5 7520964 29 49
5 68470917 47 85
5 102519070 27 90
5 128994350 8 159
5 172590905 39 93
5 176316702 6 51
6 31948281 3 52
6 38790794 24 44
6 43305390 6 59
6 139264996 24 53
7 42011989 11 151
7 127983808 3 20
7 135614721 18 245
8 101075815 13 103
11 2482823 3 29
11 48328584 37 85
11 123811091 10 154
12 7984361 24 46
12 31632836 15 35
12 62104077 15 42
12 107083127 41 78
15 90631838 20 50
15 99678146 5 44
16 21982886 39 53
16 81015424 12 54
17 4905406 6 115
17 62291171 43 90
18 28651576 3 54
19 4446151 8 15
19 57803125 20 34
20 25187970 7 66
20 44569128 3 12
