chromosome_index position alt_count ref_count
1 151640951 42 69
1 152280155 140 120
1 196887466 34 89
1 231488995 24 47
1 244218559 21 44
2 71896841 25 51
2 95494763 70 123
2 120078765 17 29
2 135911420 4 61
2 209113112 21 42
3 150396333 19 46
3 186917640 28 16
4 6596402 9 23
6 152419955 13 17
6 159657261 14 17
7 100348461 17 21
10 44139389 3 6
10 103900609 38 40
11 55797924 18 50
11 116692097 7 169
12 10954500 23 21
12 98927458 28 44
14 20925577 61 24
15 23412171 30 39
15 66618626 8 67
16 21245084 52 84
17 7481180 21 47
17 18682011 47 100
17 44590392 9 75
17 60650604 9 11
19 17397249 18 22
19 17688023 7 18
19 19414811 75 97
19 41012265 15 8
21 46047639 147 225
