chromosome_index position alt_count ref_count
1 21795329 45 106
1 22816881 56 240
1 39318113 16 310
1 100606486 18 93
1 169510307 70 264
1 201924654 5 94
1 234565044 7 109
1 247320207 10 171
2 86359530 59 184
2 215657073 14 108
4 13605566 33 396
4 90743427 43 137
4 144336751 24 84
4 176622807 25 235
5 43619222 31 49
5 60183321 12 168
5 79770584 9 148
6 1313357 12 33
6 29054943 37 73
7 100211278 18 78
8 13948107 6 124
8 134034366 9 145
9 111618041 14 184
9 135602886 34 110
10 28878669 9 168
11 16876457 23 75
11 64013926 5 13
11 94704596 7 41
11 108170468 61 173
11 125850957 6 130
12 53012201 21 121
12 56142619 7 25
12 99223072 9 173
13 28840980 10 143
13 33110883 16 410
13 111862226 34 457
14 44973940 12 143
14 106054130 4 20
15 43552495 12 51
15 60741078 6 114
15 65157582 24 89
15 68642956 26 85
16 70818692 8 205
16 77387747 17 274
17 17699836 20 74
17 33802445 7 56
17 35836946 19 215
18 46906085 63 202
18 72345031 18 53
19 5456615 6 100
19 44833686 13 209
19 47278747 31 190
19 56459316 16 214
19 59057138 16 64
21 41414412 15 169
22 32044095 9 30
22 37770332 10 124
