chromosome_index	start_position	end_position	major_cn	minor_cn	total_cn
1	61735	27241972	1	0	1
1	27242009	28173005	2	0	2
1	28173397	70279152	1	1	2
1	70279562	103657436	2	1	3
1	103657530	191916186	1	1	2
1	191916599	201635798	2	1	3
1	201636888	205476026	1	0	1
1	205476189	205558402	2	0	2
1	205558675	221650248	1	0	1
1	221650813	221777857	0	0	0
1	221782505	225054819	1	0	1
1	225055688	249224388	2	1	3
2	12784	195434016	1	1	2
2	195434740	210484777	2	1	3
2	210485099	243089456	1	1	2
3	60345	140252962	1	1	2
3	140253692	153132078	1	0	1
3	153132547	161433305	1	1	2
3	161437835	197896118	2	1	3
4	12281	46141498	1	0	1
4	46163485	46251290	2	1	3
4	46252066	191027923	1	1	2
5	15532	89263500	1	1	2
5	89264692	126293438	2	1	3
5	126298272	174594633	1	1	2
5	174595046	180790320	2	1	3
6	149661	6479161	1	1	2
6	6480162	6560963	1	0	1
6	6565712	8207135	1	1	2
6	8207365	27669140	2	1	3
6	27669484	93068351	1	1	2
6	93070168	106698958	1	0	1
6	106700428	106797486	0	0	0
6	106798362	171051005	1	0	1
7	43259	7204021	1	0	1
7	7205187	121064507	1	1	2
7	121064526	124072213	1	0	1
7	124079220	127646946	1	1	2
7	127651600	138067644	2	1	3
7	138070070	150181610	1	1	2
7	150182338	159127004	1	0	1
8	31254	28338665	1	0	1
8	28343214	85468416	1	1	2
8	85468701	118594545	2	1	3
8	118594980	125231083	3	1	4
8	125233458	146298155	3	2	5
9	46587	915643	2	1	3
9	916141	3549665	1	1	2
9	3550086	3649097	1	0	1
9	3650174	90770124	1	1	2
9	90770447	141091394	1	0	1
10	72759	11429577	1	1	2
10	11429991	13743611	2	1	3
10	13746236	17423782	1	1	2
10	17428711	29389200	1	0	1
10	29389318	31047523	1	1	2
10	31048638	35470005	1	0	1
10	35473138	72012405	1	1	2
10	72013880	72159080	2	1	3
10	72162246	135506704	1	1	2
11	198572	19917040	1	0	1
11	19917145	65690206	1	1	2
11	65692760	88472034	2	1	3
11	88472070	132150766	1	1	2
11	132154309	134944770	2	1	3
12	150442	6987483	1	1	2
12	6992122	23404163	1	0	1
12	23405278	27851927	2	0	2
12	27852430	28376847	3	0	3
12	28381192	34481536	1	0	1
12	34482900	56865681	1	1	2
12	56871007	67935513	1	0	1
12	67936834	68152621	2	0	2
12	68153448	133778189	1	0	1
13	19026949	27290823	1	0	1
13	27290823	27398788	0	0	0
13	27399338	104801160	1	0	1
13	104804055	115108397	2	0	2
14	19002124	104838403	1	1	2
14	104843394	107285437	1	0	1
15	20016328	102469040	1	1	2
16	60777	3290543	2	1	3
16	3290929	50043855	1	1	2
16	50045839	90287535	1	0	1
17	526	29273978	1	0	1
17	29274341	79199282	2	0	2
17	79203956	81049726	1	0	1
18	48133	78015057	1	0	1
19	90910	5493157	1	0	1
19	5495197	40303755	1	1	2
19	40304434	59097854	1	0	1
20	61305	44763284	1	1	2
20	44765953	56203597	1	0	1
20	56205499	62956153	1	1	2
21	10736871	48096957	1	1	2
22	16052528	49758403	1	1	2
22	49758918	51234455	1	0	1
