chromosome_index position alt_count ref_count
1 161494361 4 13
1 196883633 7 42
1 247769058 42 247
2 70314991 13 147
2 74802628 21 129
2 77745507 6 46
2 86258669 7 111
2 87012950 9 113
2 144728277 5 70
2 166847955 7 82
2 166848603 29 240
2 202550763 24 170
2 219082140 3 35
3 146239809 4 76
4 57182368 4 38
4 79832743 9 89
4 128807640 10 61
5 151771813 7 140
6 24520658 13 180
6 24554806 17 193
6 28219717 14 148
6 30954571 30 288
6 49753654 7 82
6 52131414 33 346
6 133078617 6 53
6 149918211 4 76
7 42958888 8 36
7 126173323 12 65
7 127235881 19 82
7 142991832 10 47
8 20005520 6 52
8 88886101 11 68
8 134050863 16 142
8 139845379 8 62
9 117131 11 90
9 77359045 6 87
9 77359051 6 90
9 77377086 12 127
9 136650937 5 44
10 12191900 13 95
10 135197637 5 85
11 5373433 18 117
11 6499986 6 42
11 8132346 12 122
11 58602195 5 52
11 65977848 11 76
12 49485043 7 126
12 49958634 8 106
12 56428909 13 191
12 73056972 3 37
12 112451248 5 94
12 112893828 4 38
14 77845396 4 41
14 103596354 5 38
14 107113959 21 342
15 90170271 7 191
16 1503837 6 59
16 49764694 8 101
16 72822702 23 192
17 7578208 4 27
17 7701893 9 58
17 7701894 9 59
17 16343520 14 96
17 38792658 26 156
17 42635785 7 86
17 56355289 10 51
17 57652802 5 73
17 77757900 6 40
18 21644113 9 87
18 55319715 7 40
18 63481823 7 83
19 18649218 6 27
19 22939241 4 40
19 51729262 8 51
19 52618277 6 122
20 13055116 9 136
22 43716044 7 93
