chromosome_index position alt_count ref_count
1 10690182 6 4
1 154148652 125 144
1 161206281 50 115
2 55439915 52 54
2 198950756 73 71
2 219255987 62 75
2 220422920 14 28
3 45077083 41 53
3 50387203 101 271
3 137796433 119 128
3 138184241 6 11
4 25396471 56 97
4 70156391 47 357
5 13727709 36 58
5 67589138 23 64
5 79284349 25 29
5 96098123 14 17
5 175110351 180 247
6 24556864 31 64
6 33170112 109 127
6 94120845 87 109
6 146269445 49 16
7 37251095 42 67
7 55233109 1564 1974
7 70255710 31 77
7 100677039 246 652
7 144015574 56 329
7 144071850 19 82
8 43147808 82 110
9 2811564 16 180
9 86482718 49 101
10 123810032 38 4
10 133967449 65 16
11 47380512 6 6
11 89868837 36 34
11 92570936 42 62
11 124489539 89 127
12 7980269 32 43
12 8082458 28 206
12 107371855 53 75
12 108012011 34 61
12 117768962 39 44
14 23858709 88 109
14 33290999 48 75
14 100363606 49 48
15 53998200 53 8
16 1412529 50 47
16 1815961 10 15
17 3366028 68 122
17 7577094 46 60
17 7578396 47 78
17 46607715 40 47
19 10789305 79 122
19 14046616 15 28
19 56538455 10 4
19 56934399 71 70
20 2413386 10 40
20 51872260 73 109
22 40417570 49 40
22 46656782 46 105
