chromosome_index	position	alt_count	ref_count
1	836754	30.0	9.0
1	1663298	11.0	4.0
1	2046069	4.0	21.0
1	2255682	17.0	15.0
1	4456257	25.0	11.0
1	5134626	27.0	11.0
1	5293953	38.0	12.0
1	5450980	26.0	9.0
1	7182807	25.0	10.0
1	7445268	34.0	5.0
1	7693707	16.0	13.0
1	11008416	15.0	25.0
1	11449638	24.0	3.0
1	16381857	6.0	44.0
1	16430361	4.0	49.0
1	16450714	4.0	33.0
1	20699097	40.0	19.0
1	25454196	17.0	8.0
1	26010529	26.0	7.0
1	27195113	4.0	31.0
1	27760998	36.0	11.0
1	28227540	25.0	15.0
1	28871040	3.0	19.0
1	28990330	28.0	10.0
1	30034015	26.0	7.0
1	31491922	32.0	10.0
1	34382623	15.0	17.0
1	36367172	20.0	13.0
1	36711011	15.0	16.0
1	36918226	21.0	15.0
1	39002851	25.0	13.0
1	43646323	29.0	8.0
1	43714227	20.0	7.0
1	46244602	34.0	10.0
1	47293502	40.0	16.0
1	50415670	20.0	13.0
1	50703707	24.0	5.0
1	51328671	28.0	21.0
1	53898632	24.0	15.0
1	54782175	11.0	2.0
1	55099077	22.0	15.0
1	55358201	22.0	6.0
1	55642287	29.0	14.0
1	56405023	26.0	12.0
1	65654783	11.0	11.0
1	71135310	18.0	11.0
1	72382810	30.0	13.0
1	73147347	18.0	7.0
1	73216175	16.0	6.0
1	73296429	22.0	10.0
1	73306751	36.0	10.0
1	73771040	27.0	12.0
1	75599262	22.0	20.0
1	77507958	29.0	8.0
1	79026538	25.0	8.0
1	79246998	27.0	10.0
1	79247350	39.0	12.0
1	79545411	25.0	14.0
1	81656046	34.0	12.0
1	82956522	30.0	9.0
1	83439917	36.0	13.0
1	84033168	32.0	9.0
1	84497351	20.0	8.0
1	86458609	12.0	20.0
1	86755989	29.0	5.0
1	86915610	12.0	19.0
1	88844007	28.0	10.0
1	89651118	38.0	13.0
1	89923580	7.0	6.0
1	92816418	16.0	12.0
1	94019909	35.0	12.0
1	96041278	25.0	12.0
1	96275558	34.0	16.0
1	100779258	30.0	13.0
1	101145930	23.0	12.0
1	101583853	30.0	14.0
1	101734284	4.0	36.0
1	102291482	30.0	7.0
1	103239856	27.0	7.0
1	103389968	25.0	12.0
1	105146760	33.0	12.0
1	105153902	32.0	6.0
1	105154103	31.0	9.0
1	105430940	29.0	14.0
1	106043829	15.0	11.0
1	106455865	26.0	12.0
1	111944881	32.0	5.0
1	115630812	18.0	14.0
1	115661180	36.0	13.0
1	116351067	34.0	12.0
1	120297994	35.0	11.0
1	120696694	4.0	24.0
1	121450003	3.0	34.0
1	152115577	25.0	69.0
1	153130604	22.0	71.0
1	153408136	10.0	45.0
1	153546038	22.0	84.0
1	157806264	56.0	35.0
1	158087302	11.0	29.0
1	158316625	11.0	43.0
1	158480761	28.0	78.0
1	158785611	42.0	49.0
1	161378706	59.0	46.0
1	162757047	41.0	34.0
1	164447830	59.0	52.0
1	164534284	44.0	79.0
1	164563304	67.0	45.0
1	165144876	12.0	83.0
1	165429050	38.0	89.0
1	165561615	29.0	68.0
1	166234431	38.0	66.0
1	166957870	25.0	54.0
1	167247879	25.0	75.0
1	167684852	35.0	83.0
1	168628452	52.0	33.0
1	169524186	38.0	85.0
1	171847449	56.0	33.0
1	175334714	26.0	74.0
1	175691535	26.0	54.0
1	176202874	25.0	73.0
1	176593003	22.0	39.0
1	176722994	25.0	53.0
1	176903946	23.0	64.0
1	177160013	27.0	73.0
1	178660527	16.0	55.0
1	179501268	32.0	66.0
1	179646495	39.0	79.0
1	180389351	46.0	67.0
1	183891157	43.0	32.0
1	184294398	60.0	50.0
1	184800371	23.0	57.0
1	184911967	19.0	46.0
1	185331501	19.0	90.0
1	185764257	66.0	32.0
1	186005154	32.0	81.0
1	186027058	62.0	47.0
1	186112677	70.0	47.0
1	186133213	24.0	65.0
1	187131536	17.0	48.0
1	187621665	24.0	62.0
1	187624925	27.0	68.0
1	188381412	32.0	63.0
1	188957092	63.0	49.0
1	189018761	25.0	75.0
1	189778150	33.0	78.0
1	190152546	30.0	85.0
1	190396551	30.0	64.0
1	191068109	23.0	39.0
1	191166630	64.0	34.0
1	191316068	32.0	73.0
1	191335655	33.0	78.0
1	191969717	16.0	50.0
1	191997966	31.0	69.0
1	193561618	54.0	30.0
1	193715071	18.0	64.0
1	193862846	66.0	47.0
1	194227386	35.0	76.0
1	194671707	53.0	42.0
1	195015952	61.0	42.0
1	195213135	18.0	49.0
1	195582770	52.0	51.0
1	195798538	24.0	82.0
1	196011587	71.0	55.0
1	196593398	54.0	32.0
1	196613215	7.0	108.0
1	196685826	18.0	78.0
1	197026301	24.0	66.0
1	197300120	48.0	34.0
1	198723732	25.0	59.0
1	199206694	5.0	92.0
1	199462575	30.0	61.0
1	199508810	39.0	76.0
1	199552298	55.0	40.0
1	199977177	27.0	63.0
1	201531727	23.0	65.0
1	201882532	19.0	61.0
1	203548141	33.0	18.0
1	203562840	6.0	103.0
1	203729555	49.0	51.0
1	205074005	49.0	42.0
1	206215412	33.0	84.0
1	206789840	38.0	61.0
1	207820320	11.0	61.0
1	208030358	30.0	95.0
1	208548779	29.0	57.0
1	209176437	28.0	59.0
1	210597873	10.0	30.0
1	210677209	27.0	68.0
1	210936046	20.0	70.0
1	210980966	25.0	56.0
1	212449050	41.0	76.0
1	213137348	33.0	60.0
1	213590905	15.0	65.0
1	214084317	38.0	65.0
1	215758063	25.0	82.0
1	216526538	18.0	67.0
1	216594795	30.0	62.0
1	217312773	27.0	49.0
1	217398902	19.0	55.0
1	218105983	33.0	65.0
1	218662230	40.0	33.0
1	219838581	66.0	43.0
1	220791831	18.0	51.0
1	221672227	36.0	72.0
1	221720971	33.0	90.0
1	221759985	39.0	90.0
1	224696367	36.0	85.0
1	226647624	44.0	28.0
1	228615190	23.0	60.0
1	228615575	40.0	78.0
1	228631714	22.0	61.0
1	229145100	26.0	53.0
1	229621739	26.0	81.0
1	230984801	33.0	68.0
1	231057779	24.0	55.0
1	231617780	19.0	66.0
1	232549205	37.0	54.0
1	233039356	36.0	80.0
1	234021214	58.0	42.0
1	234943474	9.0	45.0
1	235800773	31.0	23.0
1	235857454	16.0	35.0
1	236413235	8.0	113.0
1	236689287	30.0	72.0
1	236857769	22.0	46.0
1	238457769	48.0	29.0
1	239002200	59.0	41.0
1	239406970	61.0	43.0
1	239602355	24.0	68.0
1	240153731	19.0	75.0
1	240208248	63.0	22.0
1	240501934	32.0	49.0
1	241673961	33.0	64.0
1	242036963	6.0	102.0
1	242044832	7.0	74.0
1	242397669	63.0	47.0
1	242811577	33.0	66.0
1	242936925	22.0	61.0
1	243040069	41.0	37.0
1	243101109	27.0	62.0
1	244280892	18.0	68.0
1	244406494	17.0	48.0
1	245320291	26.0	58.0
1	245325056	21.0	76.0
1	245962579	18.0	63.0
1	246088004	12.0	13.0
1	246398749	22.0	82.0
1	246711142	16.0	47.0
1	247600406	59.0	27.0
1	247622587	38.0	38.0
1	247952549	27.0	56.0
1	248565559	72.0	38.0
10	1627341	22.0	6.0
10	1911508	20.0	9.0
10	5276269	22.0	11.0
10	5602097	8.0	33.0
10	6211509	3.0	15.0
10	7537140	24.0	17.0
10	8159978	10.0	6.0
10	9173078	21.0	7.0
10	9278911	35.0	10.0
10	9597540	25.0	8.0
10	10081244	30.0	12.0
10	10551677	15.0	9.0
10	10925855	3.0	33.0
10	15312736	29.0	6.0
10	15616784	25.0	9.0
10	15694567	19.0	19.0
10	18381984	23.0	9.0
10	19684377	22.0	14.0
10	19961280	24.0	13.0
10	20133046	26.0	10.0
10	22597477	26.0	11.0
10	22939112	23.0	16.0
10	30062710	22.0	12.0
10	38515550	35.0	31.0
10	38776593	32.0	42.0
10	42600799	25.0	47.0
10	42766712	23.0	60.0
10	44790650	25.0	26.0
10	45014371	28.0	34.0
10	45146450	29.0	44.0
10	45630851	26.0	31.0
10	47044092	34.0	98.0
10	50404164	27.0	38.0
10	50775131	34.0	51.0
10	50940585	26.0	30.0
10	51784559	21.0	28.0
10	53298480	7.0	54.0
10	54673667	29.0	46.0
10	55226012	42.0	47.0
10	55227164	29.0	58.0
10	56179673	27.0	48.0
10	56205691	6.0	77.0
10	56292875	36.0	40.0
10	56354139	12.0	33.0
10	56379617	31.0	49.0
10	56533526	36.0	43.0
10	56566342	13.0	18.0
10	56728819	39.0	44.0
10	56816729	39.0	41.0
10	56822356	36.0	53.0
10	57455586	18.0	24.0
10	57610969	22.0	52.0
10	57625818	37.0	43.0
10	57659647	15.0	31.0
10	58063639	26.0	30.0
10	58462239	40.0	39.0
10	58748479	13.0	22.0
10	59005199	14.0	37.0
10	59175306	31.0	44.0
10	59953588	24.0	52.0
10	60525979	6.0	57.0
10	60937258	26.0	40.0
10	61139118	14.0	32.0
10	62287812	23.0	27.0
10	64723804	22.0	29.0
10	66140407	13.0	23.0
10	66160718	26.0	35.0
10	66373557	27.0	40.0
10	66565698	25.0	35.0
10	66661092	37.0	46.0
10	69259509	36.0	46.0
10	69442071	13.0	27.0
10	69480770	25.0	57.0
10	72020882	32.0	52.0
10	72739594	24.0	25.0
10	74233620	33.0	38.0
10	77270535	23.0	29.0
10	77310173	37.0	49.0
10	77760958	33.0	43.0
10	78281172	23.0	38.0
10	78746650	29.0	42.0
10	78834457	6.0	83.0
10	78854463	26.0	48.0
10	78917790	33.0	42.0
10	79039175	24.0	45.0
10	79206623	25.0	27.0
10	79245140	42.0	27.0
10	79662429	20.0	33.0
10	80214563	26.0	39.0
10	80310611	26.0	33.0
10	80685585	40.0	49.0
10	81221522	21.0	33.0
10	81343475	29.0	45.0
10	81404632	6.0	72.0
10	81836589	48.0	39.0
10	83076612	39.0	39.0
10	84326228	28.0	35.0
10	84391207	17.0	49.0
10	84661543	31.0	47.0
10	85691826	5.0	57.0
10	86527964	32.0	34.0
10	86664956	26.0	52.0
10	87880160	26.0	41.0
10	87888572	29.0	36.0
10	87967934	20.0	30.0
10	88492798	27.0	29.0
10	91175692	5.0	80.0
10	91983587	31.0	53.0
10	92141080	36.0	40.0
10	92185821	30.0	38.0
10	92526672	35.0	47.0
10	92659563	30.0	29.0
10	93415072	20.0	36.0
10	93694841	33.0	45.0
10	94115453	8.0	22.0
10	99115564	25.0	32.0
10	99336448	5.0	47.0
10	100536621	33.0	52.0
10	100909651	23.0	38.0
10	101412525	39.0	60.0
10	101693997	30.0	45.0
10	102259594	36.0	43.0
10	102355867	33.0	27.0
10	102561191	35.0	38.0
10	103158859	18.0	34.0
10	105065434	20.0	30.0
10	106045181	13.0	44.0
10	106567730	29.0	45.0
10	106568147	37.0	41.0
10	106568157	39.0	44.0
10	107488062	20.0	43.0
10	107844029	14.0	30.0
10	108668732	26.0	34.0
10	109710366	17.0	25.0
10	109897435	31.0	40.0
10	110001416	21.0	40.0
10	110001575	15.0	38.0
10	110172513	8.0	44.0
10	111219689	22.0	38.0
10	111335611	28.0	43.0
10	112453779	6.0	64.0
10	112842324	29.0	39.0
10	113016050	26.0	25.0
10	113998519	47.0	49.0
10	114781230	31.0	47.0
10	115088314	29.0	46.0
10	117236166	15.0	51.0
10	118740662	23.0	18.0
10	119961955	29.0	35.0
10	122436370	26.0	49.0
10	124181475	30.0	33.0
10	124246788	22.0	38.0
10	125038014	31.0	35.0
10	125098114	25.0	48.0
10	125273048	27.0	35.0
10	129059396	5.0	32.0
10	129299055	31.0	43.0
10	130035651	18.0	32.0
10	130070013	24.0	35.0
10	130459580	26.0	37.0
10	130511230	22.0	32.0
10	131122774	33.0	48.0
10	132213209	33.0	59.0
10	132424529	21.0	24.0
10	132523345	27.0	36.0
10	132664409	25.0	28.0
10	132735362	36.0	44.0
10	132814630	24.0	44.0
10	132820944	27.0	25.0
10	132928079	18.0	30.0
10	132982117	22.0	36.0
10	133351015	26.0	32.0
10	133621695	6.0	49.0
10	134838755	28.0	36.0
10	134942678	23.0	25.0
11	363657	8.0	27.0
11	914024	18.0	19.0
11	2036580	28.0	37.0
11	2055860	15.0	31.0
11	2473716	21.0	29.0
11	4832355	28.0	53.0
11	5159925	33.0	44.0
11	5343273	19.0	36.0
11	5425973	21.0	47.0
11	5984058	25.0	27.0
11	6016259	28.0	36.0
11	6335856	31.0	44.0
11	8153498	7.0	11.0
11	8168839	24.0	55.0
11	8726067	20.0	48.0
11	10361286	23.0	44.0
11	13413920	23.0	42.0
11	14803243	30.0	37.0
11	14857151	29.0	59.0
11	16304322	30.0	45.0
11	16541871	27.0	62.0
11	17516470	28.0	29.0
11	18462941	22.0	35.0
11	18699489	35.0	38.0
11	18922141	29.0	45.0
11	19004305	40.0	43.0
11	21418294	37.0	43.0
11	22456016	40.0	41.0
11	24079713	30.0	47.0
11	24267476	31.0	34.0
11	24436938	16.0	33.0
11	24644310	24.0	37.0
11	24714908	35.0	53.0
11	25096727	40.0	41.0
11	25313851	24.0	38.0
11	25339828	23.0	43.0
11	26903025	33.0	35.0
11	27812456	23.0	51.0
11	28164884	24.0	48.0
11	28259518	22.0	30.0
11	28449310	26.0	37.0
11	28804960	17.0	47.0
11	28885498	23.0	36.0
11	28997825	40.0	47.0
11	29313867	28.0	38.0
11	29807748	31.0	42.0
11	29898935	32.0	45.0
11	31521508	11.0	54.0
11	32759194	15.0	10.0
11	32812321	40.0	39.0
11	33361733	18.0	43.0
11	34516877	36.0	37.0
11	36097285	43.0	41.0
11	36205421	37.0	38.0
11	36892480	30.0	41.0
11	37334112	20.0	32.0
11	37514097	14.0	17.0
11	38692380	28.0	51.0
11	40063172	27.0	45.0
11	40534672	21.0	17.0
11	40881480	20.0	27.0
11	40923235	24.0	41.0
11	40930171	27.0	53.0
11	41372594	17.0	36.0
11	41493779	17.0	28.0
11	41499532	23.0	39.0
11	41606030	33.0	40.0
11	41950401	23.0	29.0
11	41953319	26.0	53.0
11	42222040	21.0	39.0
11	45552183	22.0	30.0
11	46970234	40.0	53.0
11	47781227	16.0	40.0
11	48852454	30.0	40.0
11	48886816	3.0	69.0
11	51472963	26.0	50.0
11	55075944	28.0	18.0
11	55611408	25.0	35.0
11	55963909	29.0	35.0
11	57405171	28.0	34.0
11	57658625	23.0	37.0
11	57800087	26.0	32.0
11	58132135	48.0	41.0
11	58265845	25.0	35.0
11	60252826	29.0	51.0
11	60549801	26.0	37.0
11	61622767	28.0	33.0
11	62940271	29.0	31.0
11	64967306	29.0	39.0
11	65683403	40.0	50.0
11	65822579	15.0	35.0
11	66341001	13.0	35.0
11	66357131	28.0	39.0
11	67034750	28.0	44.0
11	67207600	26.0	34.0
11	67863629	34.0	38.0
11	68612821	30.0	46.0
11	70185151	24.0	32.0
11	70701883	54.0	58.0
11	70728070	34.0	31.0
11	72517918	28.0	46.0
11	72760585	4.0	17.0
11	72800166	29.0	50.0
11	73349715	8.0	27.0
11	73502836	41.0	37.0
11	73698270	24.0	51.0
11	75108635	29.0	46.0
11	75775872	38.0	62.0
11	76248385	5.0	67.0
11	76984734	35.0	53.0
11	78555722	14.0	26.0
11	79219364	29.0	33.0
11	80862178	43.0	34.0
11	81139588	39.0	39.0
11	81251832	31.0	49.0
11	82288319	28.0	29.0
11	83253981	34.0	37.0
11	83499987	35.0	41.0
11	83679172	27.0	38.0
11	83771083	6.0	39.0
11	83920798	30.0	45.0
11	83931741	22.0	39.0
11	84390706	42.0	42.0
11	84703760	26.0	47.0
11	84745332	27.0	30.0
11	84890388	37.0	55.0
11	84945425	30.0	36.0
11	86450682	18.0	36.0
11	87926403	35.0	35.0
11	88429588	14.0	33.0
11	88920460	28.0	45.0
11	89007885	29.0	51.0
11	89397021	27.0	40.0
11	89693422	18.0	32.0
11	89876750	26.0	40.0
11	90324403	19.0	32.0
11	90436306	41.0	42.0
11	91383558	31.0	45.0
11	92244097	26.0	30.0
11	92555836	28.0	44.0
11	92641261	27.0	39.0
11	93432187	24.0	51.0
11	94917304	5.0	86.0
11	95821150	26.0	38.0
11	97647248	23.0	42.0
11	97816692	27.0	34.0
11	97857722	24.0	30.0
11	98008531	27.0	31.0
11	98047757	28.0	31.0
11	98474047	17.0	29.0
11	98511963	32.0	31.0
11	98555523	30.0	44.0
11	98995113	21.0	48.0
11	99173297	26.0	41.0
11	99232504	28.0	46.0
11	99440415	22.0	36.0
11	101094561	31.0	53.0
11	101178206	27.0	48.0
11	101430958	21.0	37.0
11	101590587	11.0	22.0
11	102512915	26.0	42.0
11	104749008	19.0	51.0
11	105416182	20.0	38.0
11	105910054	36.0	35.0
11	106311594	34.0	40.0
11	106331315	29.0	35.0
11	106454409	35.0	60.0
11	106589561	31.0	48.0
11	107811006	9.0	29.0
11	107941773	35.0	46.0
11	109394607	32.0	56.0
11	109554488	31.0	43.0
11	111287855	28.0	36.0
11	112087875	39.0	45.0
11	112184661	34.0	43.0
11	112484625	29.0	47.0
11	112962225	30.0	38.0
11	113354887	26.0	33.0
11	114457213	29.0	50.0
11	115430506	10.0	24.0
11	115463506	3.0	16.0
11	115629893	22.0	42.0
11	116004019	36.0	25.0
11	116392312	22.0	45.0
11	117473725	16.0	37.0
11	117869446	30.0	32.0
11	119939877	5.0	52.0
11	120038334	20.0	33.0
11	120422274	29.0	35.0
11	120476174	17.0	29.0
11	120594086	31.0	28.0
11	121403494	21.0	37.0
11	122277252	36.0	40.0
11	122603928	35.0	41.0
11	122852523	24.0	39.0
11	123300458	24.0	24.0
11	125141653	28.0	38.0
11	125328737	20.0	27.0
11	125696776	25.0	39.0
11	126621150	23.0	46.0
11	126940857	21.0	31.0
11	127203950	14.0	36.0
11	127255978	32.0	41.0
11	127387408	22.0	38.0
11	127702318	27.0	54.0
11	128772206	23.0	37.0
11	129758133	23.0	43.0
11	132549110	21.0	48.0
11	133201961	26.0	47.0
11	133285733	24.0	24.0
11	133693523	21.0	34.0
11	133969736	22.0	34.0
12	2488178	30.0	8.0
12	4017939	37.0	10.0
12	4237266	28.0	14.0
12	5224961	27.0	17.0
12	5682219	25.0	8.0
12	6413670	4.0	57.0
12	7010928	20.0	9.0
12	13005554	39.0	14.0
12	13017705	3.0	21.0
12	13542677	35.0	12.0
12	14438664	21.0	14.0
12	20239072	41.0	56.0
12	20480675	39.0	52.0
12	21376390	25.0	37.0
12	21535740	22.0	17.0
12	21539711	7.0	61.0
12	22054264	26.0	45.0
12	22080971	17.0	34.0
12	22302400	29.0	43.0
12	22449850	27.0	47.0
12	22554201	26.0	41.0
12	22556861	29.0	31.0
12	23956163	44.0	41.0
12	24157620	19.0	40.0
12	24395855	26.0	43.0
12	24434263	18.0	37.0
12	25073894	28.0	43.0
12	25120067	21.0	37.0
12	25398284	39.0	36.0
12	25748568	32.0	51.0
12	25918234	42.0	46.0
12	27581809	11.0	24.0
12	28199392	36.0	44.0
12	29937052	15.0	27.0
12	30086254	31.0	47.0
12	30134186	18.0	33.0
12	30313385	26.0	32.0
12	30769623	20.0	24.0
12	31378402	25.0	41.0
12	31992471	28.0	35.0
12	33117772	20.0	32.0
12	33784257	19.0	47.0
12	34132565	27.0	44.0
12	34190803	17.0	31.0
12	37972511	22.0	34.0
12	37996112	35.0	46.0
12	38176730	30.0	49.0
12	38923009	33.0	38.0
12	39353248	27.0	27.0
12	39549286	20.0	34.0
12	40316993	27.0	55.0
12	41251825	33.0	43.0
12	41619069	29.0	48.0
12	43803322	8.0	11.0
12	43807529	32.0	52.0
12	44370770	28.0	42.0
12	46025491	34.0	45.0
12	46462508	29.0	62.0
12	46612622	25.0	33.0
12	47733048	40.0	17.0
12	48279015	29.0	48.0
12	48746315	27.0	36.0
12	50537554	30.0	34.0
12	51659981	34.0	48.0
12	51799724	31.0	50.0
12	53264497	22.0	43.0
12	55362831	26.0	33.0
12	56264222	21.0	36.0
12	56400254	10.0	25.0
12	56901008	17.0	31.0
12	57678475	38.0	32.0
12	58142818	20.0	36.0
12	59082257	34.0	39.0
12	59263061	25.0	41.0
12	59374463	30.0	46.0
12	61482931	27.0	37.0
12	62457293	28.0	47.0
12	63099639	27.0	41.0
12	63886249	26.0	40.0
12	64309231	32.0	46.0
12	65551734	27.0	54.0
12	65829922	10.0	89.0
12	66454897	23.0	26.0
12	71826115	41.0	39.0
12	71829538	42.0	45.0
12	73365484	33.0	52.0
12	74236082	36.0	12.0
12	77389388	36.0	15.0
12	78254861	4.0	36.0
12	79000256	31.0	12.0
12	79180672	26.0	12.0
12	79712602	26.0	12.0
12	80409229	29.0	14.0
12	81289821	34.0	19.0
12	84280264	26.0	12.0
12	84518597	15.0	6.0
12	84519541	31.0	27.0
12	84607925	37.0	11.0
12	84784363	21.0	12.0
12	87011822	34.0	12.0
12	87318610	33.0	8.0
12	89842698	27.0	12.0
12	90357186	25.0	16.0
12	96873555	4.0	41.0
12	97571475	14.0	7.0
12	99333781	29.0	6.0
12	99851607	36.0	16.0
12	100225887	27.0	11.0
12	102514754	29.0	10.0
12	102913750	26.0	14.0
12	103688878	27.0	8.0
12	106037512	25.0	14.0
12	106985517	35.0	17.0
12	107175834	28.0	12.0
12	112357468	7.0	6.0
12	114356002	25.0	12.0
12	115417389	22.0	6.0
12	115637917	22.0	11.0
12	116633472	25.0	9.0
12	117749149	19.0	11.0
12	118661651	22.0	13.0
12	118946823	18.0	11.0
12	119089317	33.0	12.0
12	119722472	26.0	13.0
12	120590509	20.0	5.0
12	120659396	27.0	9.0
12	123363191	6.0	8.0
12	126191056	3.0	15.0
12	126917170	26.0	9.0
12	127734596	29.0	9.0
12	128197164	30.0	8.0
12	128534036	24.0	10.0
12	128678333	25.0	8.0
12	129463513	21.0	5.0
12	130671623	30.0	17.0
12	132680391	17.0	9.0
12	132903125	27.0	5.0
12	133305676	4.0	35.0
12	133816450	24.0	11.0
13	19325804	20.0	38.0
13	19524409	19.0	27.0
13	19723849	33.0	32.0
13	19841323	24.0	45.0
13	19961847	34.0	43.0
13	20254375	23.0	35.0
13	20561745	7.0	28.0
13	21814147	37.0	36.0
13	23027689	30.0	30.0
13	23142161	36.0	54.0
13	23510580	4.0	46.0
13	23763229	29.0	9.0
13	25776686	20.0	43.0
13	27105398	4.0	20.0
13	28423221	27.0	33.0
13	29492203	34.0	43.0
13	30414532	28.0	50.0
13	30887658	14.0	45.0
13	31774262	18.0	37.0
13	32581487	21.0	39.0
13	32651539	33.0	44.0
13	33353741	37.0	39.0
13	33714046	9.0	25.0
13	33877965	21.0	39.0
13	34284603	35.0	40.0
13	35392587	21.0	20.0
13	35560694	32.0	38.0
13	36875217	5.0	64.0
13	36911718	26.0	43.0
13	37679765	8.0	34.0
13	38222368	19.0	38.0
13	39038887	38.0	34.0
13	39202465	30.0	49.0
13	40081184	29.0	44.0
13	40172307	23.0	45.0
13	40457241	22.0	38.0
13	40583521	19.0	39.0
13	41071002	30.0	35.0
13	42419048	23.0	37.0
13	45890938	22.0	49.0
13	46872982	35.0	52.0
13	47156360	13.0	24.0
13	47335327	20.0	35.0
13	49113637	40.0	33.0
13	49411319	29.0	39.0
13	53313987	6.0	36.0
13	54681362	31.0	40.0
13	54928022	36.0	41.0
13	55332368	25.0	31.0
13	55396282	17.0	33.0
13	55551547	32.0	37.0
13	55623195	27.0	45.0
13	55790242	30.0	42.0
13	56627056	24.0	50.0
13	56655319	31.0	50.0
13	56869178	37.0	40.0
13	56947943	25.0	43.0
13	57004505	41.0	58.0
13	57164237	29.0	21.0
13	57367856	32.0	45.0
13	57648433	24.0	38.0
13	57965447	32.0	53.0
13	57984403	7.0	63.0
13	58089074	29.0	55.0
13	58117379	30.0	50.0
13	58282339	34.0	43.0
13	59044264	33.0	40.0
13	59070064	6.0	67.0
13	59294330	32.0	33.0
13	59556429	45.0	47.0
13	59885366	22.0	56.0
13	60452527	27.0	43.0
13	61339127	21.0	37.0
13	61390343	28.0	56.0
13	61561253	13.0	20.0
13	61830732	2.0	30.0
13	62219485	11.0	34.0
13	62261414	26.0	43.0
13	62264271	31.0	50.0
13	62358459	21.0	36.0
13	62368333	18.0	34.0
13	62897831	23.0	40.0
13	62998097	35.0	47.0
13	64136940	24.0	39.0
13	64137101	25.0	44.0
13	64210578	22.0	44.0
13	64567551	37.0	40.0
13	64823853	27.0	30.0
13	65391220	35.0	47.0
13	65391227	35.0	48.0
13	65407382	29.0	34.0
13	65681483	25.0	51.0
13	65949955	28.0	41.0
13	65955771	29.0	43.0
13	66017842	21.0	36.0
13	66017907	21.0	41.0
13	66017928	19.0	39.0
13	66193917	27.0	48.0
13	66347003	29.0	54.0
13	66976650	25.0	46.0
13	67586925	31.0	41.0
13	67847722	27.0	31.0
13	68398541	36.0	43.0
13	68673759	28.0	38.0
13	68858507	13.0	21.0
13	68973072	31.0	47.0
13	69001490	35.0	34.0
13	69061678	24.0	30.0
13	69206851	27.0	48.0
13	69591946	25.0	38.0
13	69710866	27.0	46.0
13	69954882	32.0	49.0
13	70128156	29.0	42.0
13	70760939	31.0	38.0
13	71349577	36.0	42.0
13	71392338	21.0	45.0
13	72925874	29.0	29.0
13	73295582	24.0	34.0
13	73295840	23.0	32.0
13	74065280	22.0	42.0
13	74068926	29.0	49.0
13	74884346	29.0	34.0
13	75188986	26.0	26.0
13	75764360	32.0	26.0
13	76643131	26.0	31.0
13	76877891	34.0	35.0
13	77398444	32.0	39.0
13	78548451	29.0	47.0
13	78639725	18.0	40.0
13	78888269	31.0	47.0
13	79547850	28.0	37.0
13	79607967	24.0	51.0
13	80520118	34.0	26.0
13	81030105	31.0	49.0
13	81213458	23.0	38.0
13	82949622	33.0	45.0
13	83266147	41.0	24.0
13	83303251	32.0	40.0
13	83457790	26.0	28.0
13	83487632	15.0	31.0
13	83651703	31.0	54.0
13	83664402	28.0	53.0
13	83700091	19.0	43.0
13	83876148	35.0	42.0
13	83964856	31.0	45.0
13	84058113	39.0	56.0
13	84069026	20.0	45.0
13	84091127	24.0	26.0
13	84501633	52.0	44.0
13	84604051	5.0	58.0
13	84699874	20.0	33.0
13	84783704	24.0	46.0
13	85329468	28.0	33.0
13	85378606	24.0	44.0
13	85472489	18.0	45.0
13	86342136	36.0	44.0
13	87172552	14.0	29.0
13	87283023	7.0	29.0
13	87413405	19.0	35.0
13	87635733	30.0	43.0
13	87637946	25.0	43.0
13	88041936	31.0	45.0
13	88206144	31.0	47.0
13	88220943	21.0	43.0
13	88525536	25.0	36.0
13	89075369	22.0	37.0
13	89192829	17.0	28.0
13	89462050	32.0	32.0
13	89535093	33.0	37.0
13	89535139	38.0	35.0
13	89760306	25.0	48.0
13	89828793	30.0	45.0
13	90095975	32.0	29.0
13	90816466	27.0	29.0
13	91088776	29.0	28.0
13	91092021	27.0	26.0
13	91428245	22.0	30.0
13	92526083	19.0	35.0
13	93550232	25.0	48.0
13	93655572	23.0	44.0
13	94074061	38.0	44.0
13	94174982	38.0	37.0
13	94506281	29.0	34.0
13	95043679	29.0	38.0
13	95088416	29.0	45.0
13	95906769	24.0	40.0
13	96015431	20.0	36.0
13	96923830	31.0	47.0
13	97061976	22.0	60.0
13	98642173	24.0	38.0
13	99525698	25.0	34.0
13	100070132	21.0	29.0
13	100234125	20.0	29.0
13	101186226	17.0	33.0
13	101737026	23.0	45.0
13	101741452	27.0	25.0
13	101957694	34.0	35.0
13	102236480	20.0	38.0
13	102434809	25.0	49.0
13	102914781	38.0	35.0
13	103365433	23.0	13.0
13	104112794	21.0	37.0
13	105583412	13.0	23.0
13	108369977	30.0	33.0
13	109186405	23.0	49.0
13	109746929	12.0	34.0
13	109793693	14.0	30.0
13	110386313	19.0	27.0
13	111188292	38.0	47.0
13	111937073	24.0	39.0
13	112138431	22.0	28.0
13	112242653	28.0	30.0
13	112566159	17.0	23.0
13	112740661	11.0	13.0
13	112755675	38.0	43.0
13	112773951	27.0	25.0
13	112895029	32.0	50.0
13	114456715	32.0	37.0
14	20369710	24.0	36.0
14	21293269	28.0	40.0
14	22221704	19.0	43.0
14	22858735	30.0	38.0
14	24875592	32.0	31.0
14	25922499	22.0	42.0
14	26019203	22.0	32.0
14	26079636	29.0	47.0
14	26259124	26.0	37.0
14	26361854	21.0	41.0
14	27006388	22.0	37.0
14	27177066	29.0	52.0
14	27501285	30.0	45.0
14	27759608	24.0	33.0
14	28218011	30.0	40.0
14	28469354	19.0	32.0
14	28846615	33.0	47.0
14	29283904	21.0	50.0
14	29309567	15.0	30.0
14	29462619	30.0	28.0
14	30009640	34.0	41.0
14	30666038	16.0	43.0
14	31476963	18.0	45.0
14	31933309	19.0	30.0
14	33310117	28.0	34.0
14	33377406	33.0	37.0
14	33794178	6.0	57.0
14	35071267	15.0	30.0
14	35183736	22.0	37.0
14	35476606	25.0	35.0
14	35619256	23.0	37.0
14	36359229	23.0	42.0
14	36593657	26.0	27.0
14	37944555	42.0	39.0
14	38849993	34.0	39.0
14	39435763	15.0	27.0
14	39910462	33.0	25.0
14	40239250	27.0	35.0
14	40250968	23.0	30.0
14	40418729	28.0	34.0
14	40759900	41.0	42.0
14	40912998	23.0	30.0
14	41447740	30.0	41.0
14	41513443	16.0	24.0
14	41706105	39.0	35.0
14	41718536	29.0	25.0
14	42586956	23.0	44.0
14	43610849	24.0	42.0
14	43838881	22.0	51.0
14	44006949	26.0	35.0
14	44509179	34.0	48.0
14	46225162	18.0	26.0
14	46576789	21.0	31.0
14	46628645	18.0	40.0
14	46782830	28.0	43.0
14	46931019	30.0	45.0
14	47792108	27.0	26.0
14	48213946	38.0	39.0
14	48697082	26.0	33.0
14	48986231	31.0	43.0
14	49736880	23.0	42.0
14	51690489	34.0	41.0
14	51764622	35.0	32.0
14	51928493	28.0	55.0
14	53999906	20.0	37.0
14	54674425	37.0	45.0
14	55465371	28.0	42.0
14	55583072	28.0	47.0
14	59305539	7.0	23.0
14	61144262	27.0	33.0
14	62671490	25.0	30.0
14	63204743	19.0	55.0
14	64916674	16.0	35.0
14	66601413	40.0	31.0
14	73091638	46.0	36.0
14	73376845	32.0	33.0
14	73900266	27.0	44.0
14	74741857	26.0	31.0
14	74830260	9.0	11.0
14	74907240	3.0	23.0
14	75053049	31.0	31.0
14	76825971	18.0	30.0
14	78253817	23.0	37.0
14	78611156	21.0	32.0
14	79260681	21.0	26.0
14	79477673	14.0	15.0
14	80389225	5.0	57.0
14	80667035	33.0	41.0
14	81129171	29.0	48.0
14	81226166	34.0	34.0
14	81278975	26.0	41.0
14	82409566	30.0	42.0
14	82823584	29.0	37.0
14	82951542	26.0	47.0
14	82976600	31.0	37.0
14	83298656	27.0	38.0
14	84732612	18.0	29.0
14	84847095	32.0	40.0
14	85132297	22.0	28.0
14	85565464	33.0	39.0
14	86230587	12.0	31.0
14	87917989	24.0	34.0
14	87991173	22.0	39.0
14	88116623	29.0	34.0
14	88445722	28.0	46.0
14	91720209	20.0	24.0
14	91953073	8.0	25.0
14	92482656	36.0	43.0
14	93123964	18.0	27.0
14	93341585	21.0	31.0
14	94585894	29.0	52.0
14	95247626	22.0	38.0
14	96268422	20.0	36.0
14	96293122	23.0	38.0
14	97766621	26.0	32.0
14	97960237	32.0	42.0
14	98607254	25.0	54.0
14	100022152	12.0	35.0
14	100201009	19.0	30.0
14	100424161	18.0	22.0
14	101363273	16.0	29.0
14	104897595	39.0	43.0
14	106167635	30.0	27.0
14	106283003	31.0	42.0
15	20021564	33.0	30.0
15	20063931	24.0	40.0
15	20482813	15.0	123.0
15	20848664	30.0	138.0
15	21259492	21.0	151.0
15	22345898	38.0	119.0
15	22391547	26.0	117.0
15	22396068	27.0	120.0
15	22475620	34.0	106.0
15	22565455	23.0	98.0
15	23640639	27.0	33.0
15	24191792	26.0	32.0
15	24233495	17.0	26.0
15	24302827	36.0	26.0
15	24746791	28.0	39.0
15	24761222	16.0	41.0
15	24784825	24.0	37.0
15	25444870	23.0	29.0
15	25494801	16.0	35.0
15	25792246	27.0	43.0
15	26130672	22.0	24.0
15	26368824	18.0	11.0
15	26524280	21.0	51.0
15	26672571	24.0	36.0
15	26725891	34.0	29.0
15	26884260	26.0	22.0
15	26941067	16.0	51.0
15	27024463	25.0	39.0
15	27178574	25.0	31.0
15	27215176	22.0	43.0
15	27225576	14.0	27.0
15	27317087	28.0	36.0
15	27584871	24.0	37.0
15	27634146	38.0	43.0
15	27636618	28.0	29.0
15	28004003	29.0	45.0
15	28029730	6.0	85.0
15	29578533	42.0	46.0
15	31069539	29.0	49.0
15	31410679	25.0	43.0
15	31684581	29.0	36.0
15	32206552	35.0	31.0
15	33486908	24.0	33.0
15	33633531	24.0	38.0
15	33826550	17.0	36.0
15	34228192	34.0	40.0
15	35171273	18.0	39.0
15	35288215	4.0	53.0
15	35690662	19.0	52.0
15	36121404	30.0	42.0
15	38151468	31.0	46.0
15	39108840	24.0	39.0
15	39237165	19.0	31.0
15	41127817	30.0	36.0
15	41434480	25.0	48.0
15	42628834	33.0	39.0
15	43076849	33.0	34.0
15	43359507	25.0	47.0
15	45938019	21.0	40.0
15	46054285	32.0	37.0
15	46658928	31.0	55.0
15	47149213	23.0	40.0
15	47476582	19.0	25.0
15	47541638	21.0	41.0
15	47701228	32.0	39.0
15	48167604	6.0	64.0
15	49117515	29.0	30.0
15	50090284	32.0	41.0
15	50335672	21.0	26.0
15	53816984	25.0	43.0
15	54058340	22.0	54.0
15	54640477	23.0	44.0
15	54709272	37.0	46.0
15	54925320	27.0	32.0
15	54956657	33.0	50.0
15	55382921	30.0	45.0
15	56916187	15.0	22.0
15	57004815	7.0	8.0
15	57346515	32.0	48.0
15	58084642	26.0	37.0
15	58190039	29.0	49.0
15	59103874	43.0	40.0
15	59502870	33.0	49.0
15	59626710	28.0	40.0
15	60116892	28.0	49.0
15	61209311	24.0	52.0
15	61514996	22.0	43.0
15	61917798	22.0	29.0
15	62824447	20.0	23.0
15	62949714	23.0	34.0
15	63039739	37.0	52.0
15	63340332	23.0	31.0
15	63668726	33.0	55.0
15	63913654	34.0	45.0
15	64137987	20.0	34.0
15	64546109	31.0	44.0
15	64971326	25.0	34.0
15	66729181	28.0	48.0
15	66849464	32.0	30.0
15	67061542	38.0	25.0
15	69148469	25.0	47.0
15	69199880	32.0	41.0
15	69753615	18.0	23.0
15	71163900	19.0	23.0
15	72741743	17.0	31.0
15	73763672	33.0	57.0
15	74548819	17.0	42.0
15	75502041	22.0	32.0
15	75719264	22.0	48.0
15	76998728	30.0	50.0
15	78044786	28.0	39.0
15	78547221	20.0	36.0
15	78637820	43.0	44.0
15	78784206	27.0	42.0
15	79152876	31.0	44.0
15	79962069	19.0	28.0
15	80820853	31.0	28.0
15	82151628	14.0	16.0
15	84263841	22.0	41.0
15	84412580	24.0	29.0
15	85513574	26.0	43.0
15	86454898	20.0	50.0
15	86587121	19.0	46.0
15	87401203	28.0	40.0
15	87481974	30.0	45.0
15	87897319	15.0	36.0
15	87978875	36.0	48.0
15	88420083	20.0	34.0
15	88560591	35.0	36.0
15	88720008	27.0	43.0
15	88788069	31.0	32.0
15	90783434	24.0	31.0
15	91381451	17.0	28.0
15	91557364	9.0	24.0
15	92218358	32.0	48.0
15	92308501	41.0	38.0
15	94147019	28.0	33.0
15	94300441	41.0	44.0
15	94747503	37.0	44.0
15	95215986	24.0	32.0
15	95618495	31.0	39.0
15	95638662	12.0	36.0
15	95638687	10.0	41.0
15	96957932	29.0	31.0
15	97557278	19.0	40.0
15	98064802	21.0	40.0
15	100872636	15.0	28.0
15	101113285	27.0	46.0
16	746647	9.0	12.0
16	4800383	23.0	33.0
16	4990100	30.0	29.0
16	5056985	13.0	35.0
16	5294645	27.0	34.0
16	5561197	25.0	32.0
16	5597472	7.0	35.0
16	5667206	32.0	56.0
16	5829778	27.0	37.0
16	5955758	31.0	36.0
16	6141768	26.0	31.0
16	6558827	27.0	30.0
16	7499427	15.0	23.0
16	7608039	20.0	40.0
16	8363642	40.0	37.0
16	8624691	26.0	42.0
16	10001410	23.0	32.0
16	10546268	28.0	33.0
16	11004621	21.0	46.0
16	13492136	17.0	25.0
16	13758440	36.0	37.0
16	14268822	28.0	38.0
16	17515992	28.0	45.0
16	17809482	14.0	17.0
16	17910298	27.0	55.0
16	18110816	31.0	39.0
16	19247856	30.0	62.0
16	19810189	10.0	26.0
16	20598736	22.0	43.0
16	20676754	38.0	48.0
16	20840234	12.0	21.0
16	20920203	36.0	32.0
16	22714421	34.0	40.0
16	22885900	19.0	38.0
16	22906758	26.0	35.0
16	23302026	32.0	30.0
16	23902376	20.0	27.0
16	24702352	19.0	27.0
16	24818285	10.0	37.0
16	26523818	28.0	38.0
16	29618649	19.0	28.0
16	29739262	21.0	42.0
16	30471982	32.0	30.0
16	31663476	14.0	18.0
16	31671925	24.0	42.0
16	32853952	31.0	65.0
16	33413058	6.0	130.0
16	33598346	34.0	116.0
16	33627473	16.0	71.0
16	34374462	21.0	35.0
16	34513877	23.0	51.0
16	34868819	29.0	48.0
16	35109147	20.0	45.0
16	35146608	21.0	45.0
16	46498315	49.0	35.0
16	47594797	40.0	45.0
16	48391789	18.0	51.0
16	48573417	24.0	29.0
16	49066567	32.0	54.0
16	49324677	27.0	49.0
16	49379830	24.0	54.0
16	51129596	27.0	39.0
16	51200000	23.0	29.0
16	51563515	25.0	29.0
16	52005572	31.0	44.0
16	54007434	31.0	36.0
16	55165430	27.0	30.0
16	55184825	26.0	47.0
16	56290986	15.0	38.0
16	57709277	22.0	49.0
16	58021493	26.0	34.0
16	58367809	9.0	11.0
16	58510648	26.0	54.0
16	58816631	25.0	52.0
16	58888174	28.0	36.0
16	59814214	29.0	36.0
16	60064938	26.0	32.0
16	60537497	5.0	55.0
16	60808337	15.0	27.0
16	61009169	27.0	45.0
16	61360556	31.0	31.0
16	61677099	23.0	35.0
16	62301812	30.0	31.0
16	62388086	31.0	40.0
16	62603704	32.0	37.0
16	63324138	12.0	28.0
16	63912180	31.0	52.0
16	64109788	28.0	44.0
16	66081730	37.0	33.0
16	66119722	29.0	55.0
16	66710294	36.0	37.0
16	68710603	22.0	32.0
16	69908659	31.0	34.0
16	69921182	21.0	43.0
16	70536122	12.0	11.0
16	71876007	31.0	25.0
16	71937921	32.0	55.0
16	72934281	27.0	43.0
16	73044983	22.0	22.0
16	73528011	29.0	41.0
16	73544394	29.0	34.0
16	74020711	13.0	24.0
16	74442819	19.0	99.0
16	75094938	32.0	44.0
16	77107409	38.0	54.0
16	77193614	9.0	17.0
16	77489575	4.0	50.0
16	79197253	35.0	28.0
16	79478989	20.0	29.0
16	79810190	27.0	41.0
16	79844261	28.0	38.0
16	81239104	38.0	42.0
16	81970628	32.0	36.0
16	82410743	29.0	31.0
16	82562078	22.0	26.0
16	82950796	17.0	33.0
16	83057155	35.0	42.0
16	83248702	9.0	6.0
16	83289980	17.0	27.0
16	83298709	46.0	46.0
16	83948890	17.0	30.0
16	85695732	15.0	42.0
16	86734955	15.0	38.0
16	86894426	29.0	57.0
16	88943625	21.0	24.0
16	89252554	15.0	32.0
16	89871894	14.0	43.0
16	90002537	21.0	28.0
16	90072151	20.0	28.0
17	1114727	33.0	36.0
17	2524290	23.0	46.0
17	2887732	23.0	43.0
17	4482595	18.0	28.0
17	6101096	8.0	48.0
17	6113049	4.0	20.0
17	6184304	22.0	57.0
17	6670808	38.0	34.0
17	8271321	4.0	28.0
17	8365903	22.0	27.0
17	8624107	18.0	26.0
17	9271933	28.0	42.0
17	9347405	36.0	35.0
17	9357847	16.0	32.0
17	9508096	5.0	60.0
17	9508100	26.0	40.0
17	9909529	25.0	32.0
17	10655971	26.0	30.0
17	10974448	23.0	38.0
17	11458498	31.0	35.0
17	11944737	28.0	37.0
17	12542331	25.0	35.0
17	12610689	22.0	44.0
17	13029536	20.0	41.0
17	13422250	22.0	45.0
17	13679935	30.0	29.0
17	13978791	35.0	40.0
17	14686177	27.0	43.0
17	14798787	34.0	38.0
17	18286761	12.0	9.0
17	18447021	24.0	8.0
17	18597200	4.0	12.0
17	19717047	40.0	52.0
17	20476979	23.0	29.0
17	20533983	37.0	34.0
17	20718829	18.0	32.0
17	21277076	24.0	43.0
17	21782108	33.0	45.0
17	21818521	30.0	38.0
17	21849471	19.0	32.0
17	26347237	13.0	19.0
17	27353907	13.0	41.0
17	27524874	25.0	30.0
17	27934011	20.0	21.0
17	28042367	21.0	32.0
17	28113304	21.0	34.0
17	28320173	36.0	54.0
17	28518650	20.0	35.0
17	30995661	28.0	29.0
17	31428206	15.0	28.0
17	31466803	22.0	24.0
17	31728308	21.0	41.0
17	32324081	38.0	46.0
17	34292764	25.0	38.0
17	36636650	19.0	38.0
17	36741762	33.0	37.0
17	36978418	24.0	37.0
17	38217463	21.0	30.0
17	38619297	24.0	37.0
17	39672762	23.0	33.0
17	41023318	4.0	51.0
17	41445327	27.0	52.0
17	42226006	34.0	41.0
17	42672178	29.0	27.0
17	43475151	25.0	47.0
17	43955864	25.0	43.0
17	45184300	23.0	38.0
17	45906682	13.0	37.0
17	46889572	30.0	44.0
17	47089222	15.0	33.0
17	48267734	21.0	46.0
17	48370565	18.0	42.0
17	49398828	19.0	32.0
17	49523279	25.0	37.0
17	49831392	19.0	29.0
17	50735942	28.0	37.0
17	51045597	19.0	55.0
17	51078342	28.0	47.0
17	51303768	33.0	45.0
17	52323625	29.0	35.0
17	52367073	26.0	35.0
17	52961856	42.0	52.0
17	53267162	26.0	46.0
17	55201144	21.0	34.0
17	56097695	40.0	35.0
17	56217480	25.0	19.0
17	56438166	21.0	34.0
17	56440011	24.0	40.0
17	59142132	34.0	39.0
17	59648583	27.0	44.0
17	62986807	18.0	34.0
17	64107807	33.0	53.0
17	65569366	29.0	28.0
17	66708180	13.0	37.0
17	67471371	7.0	8.0
17	67673534	23.0	41.0
17	68256821	12.0	10.0
17	68319278	30.0	34.0
17	71165666	25.0	36.0
17	71548597	25.0	37.0
17	71604446	23.0	44.0
17	72600953	23.0	37.0
17	73567753	26.0	22.0
17	75802204	14.0	19.0
17	77880517	24.0	32.0
17	80387682	29.0	39.0
18	13035	10.0	52.0
18	501881	8.0	10.0
18	1469387	22.0	30.0
18	1537022	11.0	16.0
18	1537836	19.0	22.0
18	2627031	26.0	47.0
18	3477177	17.0	26.0
18	3808811	31.0	36.0
18	3976452	24.0	41.0
18	4096064	15.0	36.0
18	4335245	21.0	39.0
18	5224583	36.0	39.0
18	6214328	28.0	45.0
18	6693862	19.0	41.0
18	8889117	33.0	47.0
18	9002549	28.0	47.0
18	9369981	20.0	54.0
18	9418984	30.0	37.0
18	9857883	17.0	34.0
18	9945639	22.0	21.0
18	10485742	20.0	34.0
18	11120124	32.0	41.0
18	11167248	34.0	32.0
18	11423280	25.0	50.0
18	11743484	29.0	33.0
18	12171087	36.0	38.0
18	12650583	17.0	31.0
18	12665124	22.0	34.0
18	13201048	24.0	33.0
18	13259268	25.0	37.0
18	13293424	24.0	38.0
18	13348897	23.0	30.0
18	15243436	20.0	37.0
18	20895464	32.0	31.0
18	21211699	33.0	34.0
18	21228769	25.0	38.0
18	21508982	41.0	64.0
18	22645188	29.0	31.0
18	22956583	17.0	37.0
18	22968014	28.0	42.0
18	25703825	25.0	33.0
18	26028862	29.0	40.0
18	26097791	4.0	26.0
18	27420596	27.0	14.0
18	27506963	29.0	15.0
18	27613696	29.0	11.0
18	29562032	14.0	7.0
18	31023915	23.0	11.0
18	31040294	39.0	13.0
18	31082580	24.0	16.0
18	33618331	23.0	6.0
18	34687902	24.0	6.0
18	34807473	39.0	13.0
18	35060311	34.0	11.0
18	35932779	36.0	7.0
18	36808078	23.0	12.0
18	37041705	16.0	7.0
18	38887165	27.0	16.0
18	39065055	26.0	17.0
18	39069476	33.0	11.0
18	40675682	26.0	12.0
18	40791866	31.0	9.0
18	40979805	25.0	12.0
18	40998977	12.0	6.0
18	41343151	16.0	7.0
18	41614962	17.0	6.0
18	43930593	25.0	9.0
18	45163763	22.0	6.0
18	46435913	19.0	9.0
18	48591918	30.0	19.0
18	48603032	5.0	36.0
18	49067734	30.0	14.0
18	50455276	5.0	29.0
18	50885469	30.0	11.0
18	52005321	29.0	12.0
18	52700288	43.0	16.0
18	53837195	34.0	20.0
18	55625561	24.0	12.0
18	58436061	20.0	10.0
18	58825447	19.0	15.0
18	61925485	19.0	7.0
18	63506621	3.0	25.0
18	63554675	21.0	5.0
18	63672359	32.0	5.0
18	64539234	21.0	13.0
18	65580410	38.0	10.0
18	66033471	26.0	9.0
18	66081113	23.0	20.0
18	66678548	15.0	4.0
18	66700484	25.0	18.0
18	66739683	42.0	12.0
18	66831104	30.0	9.0
18	68237661	6.0	9.0
18	68795661	25.0	12.0
18	68936791	25.0	11.0
18	69176041	4.0	34.0
18	71598953	30.0	21.0
18	73266041	6.0	23.0
18	73394789	12.0	6.0
18	73743832	36.0	10.0
18	73825570	33.0	11.0
18	75094337	21.0	10.0
18	75533005	4.0	2.0
18	75825044	25.0	8.0
18	76406447	32.0	11.0
18	76452159	36.0	15.0
18	76552304	20.0	12.0
18	76568302	28.0	13.0
18	76570808	21.0	14.0
18	78009376	26.0	8.0
19	517771	6.0	18.0
19	582252	24.0	27.0
19	2410708	23.0	28.0
19	2586446	14.0	31.0
19	3360145	26.0	31.0
19	3403083	30.0	41.0
19	5222845	19.0	20.0
19	5387392	29.0	42.0
19	6600722	41.0	39.0
19	7132470	20.0	34.0
19	7298506	24.0	27.0
19	7920197	20.0	28.0
19	8797866	4.0	32.0
19	8989398	36.0	50.0
19	9317771	31.0	47.0
19	10877648	17.0	27.0
19	11385907	21.0	54.0
19	12458826	28.0	49.0
19	12505984	5.0	8.0
19	12890458	29.0	52.0
19	13679435	19.0	32.0
19	14400219	12.0	26.0
19	15341274	21.0	37.0
19	15483165	21.0	31.0
19	16355895	15.0	22.0
19	16727876	23.0	35.0
19	16876939	21.0	46.0
19	17754153	18.0	30.0
19	17839521	26.0	28.0
19	18084745	15.0	22.0
19	18739148	30.0	33.0
19	19062585	36.0	37.0
19	20281893	29.0	46.0
19	20351280	26.0	39.0
19	20769505	15.0	41.0
19	20888136	28.0	26.0
19	20923769	31.0	48.0
19	20927513	27.0	25.0
19	21668356	17.0	35.0
19	22255025	27.0	35.0
19	22463224	19.0	29.0
19	22762878	32.0	84.0
19	22899666	25.0	37.0
19	23073559	33.0	47.0
19	23299357	4.0	7.0
19	23563998	24.0	46.0
19	23682997	23.0	40.0
19	24012658	29.0	41.0
19	24285230	11.0	54.0
19	24526675	32.0	133.0
19	28183083	27.0	38.0
19	28718969	28.0	38.0
19	29146149	21.0	21.0
19	29325546	27.0	40.0
19	29524924	25.0	42.0
19	29620187	22.0	31.0
19	29643518	24.0	34.0
19	29719134	29.0	43.0
19	29820888	26.0	37.0
19	30171089	26.0	35.0
19	30387698	15.0	20.0
19	31114934	31.0	37.0
19	31493255	3.0	13.0
19	31494036	25.0	40.0
19	31887530	19.0	37.0
19	32005005	20.0	26.0
19	32274033	19.0	25.0
19	34929550	26.0	34.0
19	35828305	20.0	33.0
19	35885066	27.0	42.0
19	36266840	15.0	23.0
19	36838853	27.0	44.0
19	37412220	26.0	39.0
19	37602349	18.0	48.0
19	38595017	30.0	36.0
19	38644625	4.0	49.0
19	39474860	26.0	30.0
19	39478751	15.0	23.0
19	41506348	40.0	61.0
19	42010973	23.0	29.0
19	42472552	25.0	29.0
19	42685330	24.0	42.0
19	43260769	17.0	34.0
19	44166670	26.0	27.0
19	46071403	32.0	45.0
19	46207240	32.0	43.0
19	47524104	16.0	20.0
19	47994773	24.0	33.0
19	48894262	21.0	40.0
19	49066942	1.0	32.0
19	49778316	38.0	39.0
19	51125296	15.0	13.0
19	51881210	7.0	13.0
19	52685893	19.0	37.0
19	53194306	18.0	24.0
19	53592340	28.0	35.0
19	54109616	20.0	38.0
19	54410449	28.0	24.0
19	54951871	29.0	32.0
19	55171997	18.0	33.0
19	55212159	28.0	27.0
19	55549206	24.0	23.0
19	55898280	31.0	48.0
19	56539073	28.0	35.0
19	56602538	26.0	42.0
19	56607957	26.0	36.0
19	57226314	14.0	22.0
19	59023840	37.0	40.0
2	870586	27.0	40.0
2	1268161	25.0	34.0
2	1873186	17.0	35.0
2	1903000	22.0	29.0
2	2252300	26.0	39.0
2	2579062	20.0	40.0
2	2758524	34.0	40.0
2	3206453	19.0	41.0
2	3757034	27.0	41.0
2	4527234	26.0	31.0
2	4936704	41.0	56.0
2	4965871	29.0	30.0
2	5201775	25.0	42.0
2	5394246	29.0	38.0
2	5406306	32.0	43.0
2	5540711	31.0	42.0
2	5911277	27.0	41.0
2	6317129	30.0	36.0
2	6466233	32.0	40.0
2	7605097	17.0	27.0
2	8020123	20.0	48.0
2	8904985	38.0	48.0
2	10247108	31.0	41.0
2	13325087	29.0	19.0
2	13750047	12.0	58.0
2	13939535	31.0	39.0
2	14359987	5.0	56.0
2	15722170	23.0	32.0
2	16077629	26.0	43.0
2	17082955	17.0	26.0
2	17576826	23.0	33.0
2	18382904	18.0	39.0
2	19225166	20.0	22.0
2	19251056	26.0	31.0
2	19663295	27.0	45.0
2	20711050	33.0	37.0
2	21523553	30.0	46.0
2	21691151	24.0	34.0
2	22665946	25.0	53.0
2	22668803	32.0	48.0
2	23403604	19.0	36.0
2	24299952	5.0	35.0
2	26120873	19.0	34.0
2	26220009	31.0	39.0
2	26384645	28.0	44.0
2	26692757	28.0	30.0
2	27174722	22.0	40.0
2	27294113	30.0	46.0
2	27378563	22.0	34.0
2	27384071	4.0	27.0
2	28156642	4.0	17.0
2	28428920	28.0	47.0
2	28763583	28.0	32.0
2	29987833	35.0	32.0
2	30499035	34.0	40.0
2	31173704	18.0	43.0
2	32054537	35.0	23.0
2	32844066	22.0	50.0
2	33712177	42.0	40.0
2	35187980	18.0	50.0
2	35778031	25.0	48.0
2	35908435	30.0	38.0
2	36372992	30.0	42.0
2	36584517	29.0	48.0
2	36993539	23.0	33.0
2	37551688	4.0	30.0
2	39371942	16.0	33.0
2	40157104	28.0	39.0
2	40360109	24.0	28.0
2	40599680	35.0	46.0
2	42510455	32.0	35.0
2	45256357	22.0	26.0
2	45614839	25.0	39.0
2	46546182	41.0	39.0
2	47065593	22.0	35.0
2	47388604	42.0	45.0
2	48339621	25.0	29.0
2	49800239	15.0	24.0
2	50147384	35.0	42.0
2	50407497	25.0	35.0
2	50494748	32.0	39.0
2	51186823	18.0	45.0
2	51188125	21.0	44.0
2	52093085	21.0	37.0
2	54404783	15.0	15.0
2	57651982	38.0	45.0
2	57811325	19.0	47.0
2	57935200	22.0	27.0
2	57955346	22.0	44.0
2	58802260	34.0	61.0
2	58918648	33.0	35.0
2	60412198	30.0	34.0
2	60482097	36.0	50.0
2	61066223	30.0	49.0
2	63446766	39.0	37.0
2	64315853	27.0	28.0
2	64440731	38.0	57.0
2	65427422	22.0	36.0
2	67231083	22.0	42.0
2	67403677	12.0	26.0
2	68099880	22.0	39.0
2	69480333	28.0	49.0
2	69496960	19.0	24.0
2	69529768	4.0	22.0
2	69909483	40.0	39.0
2	69910173	6.0	79.0
2	70495389	44.0	38.0
2	72252807	30.0	35.0
2	72367030	15.0	17.0
2	72870811	19.0	23.0
2	76169227	20.0	31.0
2	76666459	29.0	39.0
2	76806485	15.0	35.0
2	76923092	27.0	44.0
2	77294502	37.0	44.0
2	77535113	18.0	30.0
2	77603106	29.0	46.0
2	77733754	20.0	41.0
2	77828813	28.0	36.0
2	77864949	35.0	30.0
2	77946976	33.0	51.0
2	78320373	34.0	39.0
2	78364605	37.0	35.0
2	78755958	24.0	57.0
2	79377768	38.0	39.0
2	79656068	37.0	39.0
2	79861147	29.0	43.0
2	81109292	23.0	33.0
2	82083573	32.0	44.0
2	82743462	28.0	42.0
2	83155346	40.0	46.0
2	83567247	4.0	41.0
2	83888216	33.0	50.0
2	86520784	28.0	44.0
2	89836487	34.0	146.0
2	89994864	22.0	28.0
2	90222688	25.0	31.0
2	91768526	29.0	470.0
2	95775939	30.0	36.0
2	96888573	31.0	32.0
2	98946874	30.0	31.0
2	99221624	29.0	50.0
2	100499262	28.0	45.0
2	100695534	12.0	22.0
2	100815935	7.0	63.0
2	101700831	20.0	40.0
2	101799287	25.0	31.0
2	102550063	38.0	49.0
2	102979358	21.0	33.0
2	103588948	11.0	19.0
2	104204339	35.0	49.0
2	104497335	35.0	48.0
2	104682820	29.0	43.0
2	104941614	5.0	81.0
2	106892458	13.0	29.0
2	107286702	42.0	55.0
2	107678014	26.0	43.0
2	107766068	37.0	37.0
2	108050004	23.0	30.0
2	110450928	20.0	38.0
2	110483930	14.0	20.0
2	112275843	26.0	45.0
2	112431776	36.0	39.0
2	113770647	37.0	30.0
2	114478016	25.0	44.0
2	115936995	33.0	51.0
2	116215247	22.0	36.0
2	116254664	17.0	42.0
2	116702247	24.0	45.0
2	116755650	44.0	43.0
2	116758008	32.0	39.0
2	118518500	29.0	32.0
2	119170580	33.0	53.0
2	122212664	30.0	35.0
2	122623087	6.0	12.0
2	122631676	25.0	29.0
2	123469213	27.0	38.0
2	123675562	22.0	61.0
2	123715450	10.0	22.0
2	124423272	28.0	44.0
2	124723465	29.0	30.0
2	124802650	20.0	36.0
2	125132600	31.0	57.0
2	125435452	20.0	44.0
2	126030191	23.0	39.0
2	126347274	25.0	30.0
2	126721288	35.0	32.0
2	126952990	28.0	34.0
2	127106701	35.0	34.0
2	127107114	25.0	33.0
2	127250629	17.0	15.0
2	127738026	36.0	31.0
2	128275569	31.0	34.0
2	128386361	17.0	28.0
2	128493747	24.0	35.0
2	129103440	20.0	26.0
2	129382638	28.0	30.0
2	129408228	31.0	47.0
2	129624391	21.0	53.0
2	129795093	22.0	28.0
2	130103971	40.0	57.0
2	130439822	28.0	23.0
2	130602049	29.0	44.0
2	130657734	31.0	43.0
2	130697870	14.0	36.0
2	131027534	28.0	39.0
2	131608371	24.0	19.0
2	132062447	21.0	37.0
2	132385228	31.0	35.0
2	132931011	17.0	25.0
2	134331595	23.0	26.0
2	134491888	32.0	42.0
2	134719390	24.0	45.0
2	135001622	22.0	44.0
2	135015516	23.0	24.0
2	135853771	38.0	49.0
2	136289060	30.0	29.0
2	136660941	36.0	42.0
2	137505192	32.0	35.0
2	137915158	21.0	35.0
2	138065615	15.0	37.0
2	139785199	31.0	41.0
2	139858129	38.0	47.0
2	140013686	8.0	19.0
2	140431606	19.0	38.0
2	140479402	26.0	30.0
2	140914581	30.0	47.0
2	141041619	25.0	39.0
2	141646068	28.0	45.0
2	141705962	27.0	40.0
2	144056133	34.0	46.0
2	144370400	21.0	34.0
2	145009886	20.0	42.0
2	145304879	26.0	31.0
2	148307459	27.0	31.0
2	148323854	29.0	30.0
2	149582291	18.0	23.0
2	150424936	34.0	47.0
2	150645227	8.0	13.0
2	151111946	37.0	53.0
2	151822555	31.0	63.0
2	152893305	17.0	46.0
2	153920885	30.0	32.0
2	154126542	29.0	53.0
2	154228374	28.0	50.0
2	154380606	21.0	33.0
2	154430455	36.0	40.0
2	154725151	32.0	39.0
2	154959295	35.0	48.0
2	155144418	28.0	47.0
2	155478834	25.0	33.0
2	155494877	30.0	44.0
2	156305803	32.0	40.0
2	157547450	31.0	40.0
2	159343779	28.0	48.0
2	161574971	29.0	44.0
2	162392763	31.0	31.0
2	163107478	7.0	35.0
2	163874758	24.0	43.0
2	163982430	28.0	43.0
2	164970210	29.0	43.0
2	165361860	32.0	38.0
2	165928454	28.0	48.0
2	166158061	34.0	41.0
2	166334493	18.0	42.0
2	166805925	44.0	49.0
2	167354426	28.0	37.0
2	167602584	32.0	43.0
2	168684654	34.0	48.0
2	169064009	39.0	37.0
2	170199800	26.0	39.0
2	170669699	16.0	12.0
2	171809981	27.0	49.0
2	172072501	27.0	36.0
2	172462638	24.0	29.0
2	172958613	39.0	51.0
2	173796401	26.0	34.0
2	174876027	30.0	43.0
2	175995791	33.0	55.0
2	176258464	28.0	49.0
2	176573164	38.0	40.0
2	176737286	19.0	37.0
2	178435244	20.0	37.0
2	179555653	29.0	49.0
2	180262266	19.0	34.0
2	181638104	23.0	44.0
2	182096457	32.0	46.0
2	182819407	43.0	55.0
2	183332928	25.0	40.0
2	184516314	30.0	47.0
2	185289659	31.0	54.0
2	185427195	31.0	36.0
2	186387553	33.0	49.0
2	186851998	27.0	60.0
2	187743200	36.0	45.0
2	188734750	23.0	37.0
2	190137235	28.0	31.0
2	192017281	29.0	36.0
2	193196363	32.0	40.0
2	193671901	39.0	57.0
2	194204332	17.0	47.0
2	194493010	17.0	43.0
2	194976599	38.0	46.0
2	195067696	28.0	37.0
2	197374511	29.0	45.0
2	197378685	24.0	35.0
2	200272030	20.0	25.0
2	200422596	18.0	32.0
2	200593010	16.0	18.0
2	200725764	28.0	46.0
2	201211955	28.0	41.0
2	202418020	38.0	42.0
2	205167398	26.0	36.0
2	205496652	19.0	51.0
2	206939509	22.0	32.0
2	207137793	28.0	36.0
2	207162602	22.0	35.0
2	207162711	41.0	38.0
2	207429179	27.0	43.0
2	207452558	30.0	43.0
2	207483417	23.0	40.0
2	209372092	37.0	50.0
2	210086458	29.0	56.0
2	212411113	33.0	42.0
2	212668910	26.0	38.0
2	214063900	9.0	19.0
2	214675688	22.0	29.0
2	214876133	39.0	47.0
2	214962177	23.0	35.0
2	215076316	27.0	22.0
2	215649481	20.0	40.0
2	215878141	23.0	42.0
2	217040075	29.0	58.0
2	217519536	22.0	41.0
2	218442626	32.0	33.0
2	218802097	18.0	25.0
2	219317193	26.0	47.0
2	222951772	37.0	42.0
2	223934888	36.0	48.0
2	224361954	28.0	34.0
2	225630468	25.0	46.0
2	225912517	29.0	40.0
2	226462723	32.0	45.0
2	227040209	25.0	26.0
2	227977207	22.0	28.0
2	229349220	17.0	19.0
2	229395181	26.0	41.0
2	229563146	29.0	53.0
2	230276913	34.0	52.0
2	230315063	33.0	51.0
2	231223452	29.0	38.0
2	231688014	16.0	28.0
2	231903521	27.0	30.0
2	232427561	24.0	38.0
2	232540357	21.0	23.0
2	233181365	40.0	47.0
2	234725732	27.0	34.0
2	236187769	27.0	37.0
2	236485522	17.0	27.0
2	236780937	33.0	30.0
2	237029592	32.0	33.0
2	237093324	32.0	47.0
2	237283158	34.0	20.0
2	237826526	27.0	36.0
2	238192712	22.0	43.0
2	238450911	34.0	28.0
2	238782861	22.0	32.0
2	240329520	33.0	28.0
2	241307049	23.0	25.0
2	241379656	21.0	50.0
2	241512056	28.0	37.0
2	241711817	20.0	25.0
2	242672021	31.0	37.0
2	242889764	29.0	30.0
20	1104731	44.0	49.0
20	1343066	22.0	44.0
20	1761828	22.0	42.0
20	2722931	31.0	31.0
20	3115663	36.0	51.0
20	5635231	26.0	49.0
20	5664639	12.0	24.0
20	5873018	24.0	41.0
20	7105785	16.0	15.0
20	9165428	26.0	46.0
20	9319127	28.0	42.0
20	10588056	34.0	36.0
20	10633558	38.0	33.0
20	12066789	39.0	45.0
20	12544715	30.0	45.0
20	13379924	5.0	76.0
20	15739029	9.0	13.0
20	16674700	32.0	49.0
20	17212746	32.0	41.0
20	17628678	27.0	32.0
20	18429744	33.0	31.0
20	18955123	25.0	31.0
20	20816425	25.0	47.0
20	20887917	34.0	45.0
20	21186154	20.0	37.0
20	21428368	22.0	26.0
20	21486485	16.0	24.0
20	21490201	23.0	22.0
20	21716655	24.0	49.0
20	22278413	4.0	60.0
20	23566565	26.0	40.0
20	23725036	34.0	48.0
20	23952656	20.0	46.0
20	25703865	39.0	49.0
20	30481259	21.0	36.0
20	30872595	25.0	53.0
20	31665214	23.0	34.0
20	31955607	33.0	38.0
20	32110383	10.0	32.0
20	32660123	18.0	45.0
20	34858277	16.0	21.0
20	34886242	29.0	49.0
20	35008981	17.0	18.0
20	38316550	20.0	38.0
20	41461504	6.0	24.0
20	42017490	32.0	40.0
20	42467203	26.0	34.0
20	42680049	22.0	30.0
20	43182144	23.0	44.0
20	44635495	25.0	45.0
20	44729996	18.0	35.0
20	45371299	39.0	49.0
20	46229171	19.0	24.0
20	46958718	29.0	49.0
20	48143972	17.0	38.0
20	49719996	26.0	41.0
20	49916655	23.0	44.0
20	49985911	22.0	28.0
20	49999778	29.0	28.0
20	51488378	35.0	38.0
20	51496210	17.0	32.0
20	51496245	23.0	39.0
20	51496297	18.0	42.0
20	51765082	32.0	41.0
20	51852277	38.0	43.0
20	52059155	12.0	34.0
20	53207350	35.0	43.0
20	53855571	32.0	32.0
20	54009186	23.0	44.0
20	54037223	25.0	40.0
20	54327421	31.0	49.0
20	54865319	23.0	38.0
20	55350522	27.0	30.0
20	55753271	29.0	33.0
20	56882803	22.0	35.0
20	57228016	31.0	47.0
20	57260023	22.0	33.0
20	57537645	24.0	38.0
20	58507528	26.0	30.0
20	59240928	17.0	43.0
20	59320508	24.0	45.0
20	59537916	35.0	46.0
20	59652470	19.0	39.0
20	60114664	27.0	29.0
20	60173735	24.0	30.0
20	60347905	13.0	31.0
20	60671031	21.0	39.0
20	61610914	30.0	35.0
20	61612989	20.0	17.0
20	62481896	21.0	32.0
20	62879644	11.0	14.0
21	10518909	17.0	71.0
21	10834721	28.0	175.0
21	10861197	37.0	166.0
21	10961162	28.0	72.0
21	16051841	24.0	33.0
21	16727213	28.0	31.0
21	17188468	24.0	34.0
21	17207897	46.0	43.0
21	17434791	37.0	51.0
21	17742985	45.0	44.0
21	18029830	37.0	34.0
21	18882107	31.0	45.0
21	20387040	29.0	42.0
21	21167654	19.0	33.0
21	21167655	19.0	33.0
21	21497030	41.0	45.0
21	21524171	2.0	54.0
21	21524173	2.0	52.0
21	21975228	33.0	45.0
21	22021520	26.0	27.0
21	22154554	21.0	35.0
21	22617353	20.0	33.0
21	22885668	26.0	36.0
21	23101789	36.0	39.0
21	23114892	1.0	7.0
21	23405331	26.0	42.0
21	23505419	22.0	33.0
21	23907879	12.0	30.0
21	24256139	19.0	52.0
21	24661369	28.0	31.0
21	25028201	4.0	12.0
21	25330107	31.0	40.0
21	25460821	25.0	28.0
21	25572153	36.0	38.0
21	26320237	23.0	46.0
21	26428731	26.0	51.0
21	26734194	16.0	27.0
21	26938602	26.0	55.0
21	27803078	30.0	37.0
21	28603673	25.0	41.0
21	29244746	24.0	29.0
21	29678073	20.0	37.0
21	29696308	7.0	79.0
21	32022778	21.0	30.0
21	32339431	24.0	49.0
21	32451547	32.0	44.0
21	32465885	20.0	33.0
21	33584609	28.0	32.0
21	34567235	15.0	24.0
21	35767719	17.0	24.0
21	37029326	25.0	36.0
21	39448424	34.0	42.0
21	39883758	24.0	33.0
21	39957337	26.0	31.0
21	40165613	18.0	41.0
21	41733167	30.0	38.0
21	42019536	23.0	38.0
21	44792472	18.0	32.0
21	45240187	21.0	43.0
21	46107288	17.0	31.0
21	46141013	24.0	33.0
21	47049482	18.0	25.0
21	47210155	18.0	34.0
21	47226333	24.0	32.0
21	47420623	18.0	26.0
21	47614090	22.0	36.0
21	47699371	26.0	35.0
22	19534157	20.0	11.0
22	19822334	35.0	9.0
22	22338524	2.0	18.0
22	22394601	22.0	8.0
22	22811246	30.0	12.0
22	24804028	23.0	8.0
22	28932144	5.0	2.0
22	30714656	29.0	12.0
22	30905670	20.0	11.0
22	31626392	23.0	7.0
22	31860381	26.0	9.0
22	31939492	3.0	25.0
22	32058312	31.0	8.0
22	33476348	44.0	22.0
22	34192382	3.0	29.0
22	38975693	36.0	10.0
22	42661436	26.0	11.0
22	44877307	39.0	12.0
22	44919093	28.0	16.0
22	47626194	32.0	14.0
22	48204920	4.0	27.0
22	48821094	25.0	11.0
22	49933650	35.0	13.0
22	50624124	20.0	7.0
3	241326	30.0	34.0
3	1045464	41.0	35.0
3	1838389	19.0	36.0
3	1845449	36.0	46.0
3	1896998	27.0	53.0
3	2105250	25.0	31.0
3	2286191	7.0	73.0
3	2292474	26.0	46.0
3	2513772	11.0	14.0
3	2723822	38.0	54.0
3	4275909	6.0	68.0
3	4550909	31.0	27.0
3	5088210	20.0	16.0
3	5317843	22.0	35.0
3	6093266	27.0	34.0
3	6532548	22.0	28.0
3	6902902	17.0	20.0
3	8736241	30.0	46.0
3	9491248	26.0	45.0
3	9981217	26.0	23.0
3	10061923	24.0	21.0
3	12409120	21.0	28.0
3	13114015	11.0	22.0
3	13502140	16.0	29.0
3	14149215	20.0	46.0
3	14943330	32.0	52.0
3	16230150	23.0	32.0
3	16242219	24.0	37.0
3	16405721	19.0	40.0
3	16471230	27.0	43.0
3	17526948	16.0	18.0
3	18092350	28.0	47.0
3	18299372	29.0	48.0
3	18457089	22.0	32.0
3	19736074	19.0	34.0
3	19743781	34.0	23.0
3	20929725	28.0	45.0
3	21013636	22.0	29.0
3	22718042	9.0	43.0
3	23779924	15.0	20.0
3	26582453	35.0	30.0
3	26811293	31.0	40.0
3	27184057	37.0	34.0
3	27341599	24.0	44.0
3	28195115	36.0	42.0
3	28394093	37.0	36.0
3	28603175	39.0	58.0
3	28764722	26.0	35.0
3	28945444	23.0	39.0
3	29196801	28.0	38.0
3	29406751	36.0	35.0
3	29714261	31.0	31.0
3	29851697	13.0	35.0
3	29851698	13.0	36.0
3	30301643	19.0	29.0
3	33475938	4.0	29.0
3	35173177	30.0	33.0
3	36039298	32.0	52.0
3	36496924	26.0	38.0
3	37123625	16.0	41.0
3	39187618	39.0	55.0
3	40795030	26.0	38.0
3	43840817	32.0	40.0
3	46945026	33.0	45.0
3	47536763	23.0	30.0
3	50052677	12.0	30.0
3	50281771	22.0	43.0
3	50959430	24.0	42.0
3	52009088	20.0	34.0
3	54557622	28.0	59.0
3	54780922	32.0	35.0
3	55052785	26.0	36.0
3	55101949	28.0	38.0
3	55856632	13.0	16.0
3	56291459	23.0	44.0
3	57170114	28.0	26.0
3	57181045	5.0	15.0
3	57374630	28.0	35.0
3	57716604	28.0	30.0
3	59950481	50.0	35.0
3	60151005	30.0	40.0
3	61292812	38.0	39.0
3	61390189	26.0	37.0
3	62632234	30.0	35.0
3	62973457	16.0	43.0
3	64025167	26.0	45.0
3	64344047	19.0	41.0
3	65328132	31.0	44.0
3	67289730	30.0	39.0
3	68152372	27.0	33.0
3	68852533	35.0	32.0
3	68876041	31.0	35.0
3	68954148	18.0	29.0
3	70382167	23.0	45.0
3	70464614	36.0	42.0
3	71634045	32.0	34.0
3	72022221	24.0	37.0
3	73273745	21.0	42.0
3	73432002	28.0	38.0
3	73587024	15.0	23.0
3	73595481	30.0	45.0
3	74385527	24.0	39.0
3	74596949	27.0	53.0
3	75256287	37.0	63.0
3	76687832	33.0	53.0
3	76815644	26.0	40.0
3	76932968	29.0	40.0
3	77121018	21.0	34.0
3	77472283	22.0	46.0
3	77880661	27.0	33.0
3	78053036	17.0	39.0
3	78444421	52.0	44.0
3	78459452	33.0	37.0
3	78482798	26.0	43.0
3	78487941	33.0	51.0
3	78718541	34.0	39.0
3	80362339	34.0	40.0
3	80850863	40.0	33.0
3	81358839	33.0	39.0
3	81540657	29.0	39.0
3	82294294	37.0	43.0
3	82351449	21.0	54.0
3	82550032	39.0	46.0
3	83100478	30.0	45.0
3	83218859	31.0	47.0
3	83355314	22.0	36.0
3	84006269	34.0	49.0
3	84616120	32.0	38.0
3	84765756	14.0	23.0
3	85096211	28.0	50.0
3	85133592	37.0	50.0
3	85574157	29.0	44.0
3	85887146	31.0	52.0
3	86117618	41.0	49.0
3	86340316	26.0	47.0
3	86340619	23.0	37.0
3	86779840	30.0	41.0
3	87076353	31.0	52.0
3	87616397	36.0	33.0
3	87859332	23.0	32.0
3	88592817	28.0	47.0
3	89311752	25.0	42.0
3	94011524	34.0	42.0
3	94148170	33.0	57.0
3	94801177	28.0	46.0
3	95463620	21.0	24.0
3	95463623	21.0	24.0
3	95627335	42.0	36.0
3	95972879	28.0	34.0
3	96087051	27.0	36.0
3	96087054	27.0	35.0
3	96513868	24.0	24.0
3	96814005	26.0	44.0
3	97017162	30.0	44.0
3	97865796	26.0	51.0
3	99144716	34.0	39.0
3	99227031	19.0	37.0
3	100351226	33.0	57.0
3	101249158	18.0	42.0
3	101399998	29.0	47.0
3	101670115	23.0	44.0
3	101739112	25.0	38.0
3	102081459	9.0	5.0
3	103135557	26.0	42.0
3	103659045	36.0	45.0
3	103671106	32.0	27.0
3	103906524	35.0	44.0
3	103920925	4.0	14.0
3	104650606	25.0	41.0
3	104652225	31.0	39.0
3	105490795	30.0	38.0
3	105944898	22.0	58.0
3	106291204	35.0	42.0
3	106431968	23.0	42.0
3	106510547	31.0	28.0
3	106529649	26.0	41.0
3	106535118	20.0	43.0
3	106686514	29.0	40.0
3	107163506	26.0	51.0
3	107615527	28.0	34.0
3	109198533	33.0	38.0
3	109656821	39.0	35.0
3	109940157	28.0	62.0
3	111128440	26.0	41.0
3	111449853	30.0	41.0
3	112130582	23.0	40.0
3	112337275	19.0	25.0
3	112923172	30.0	31.0
3	116103595	31.0	32.0
3	116486556	40.0	32.0
3	116775217	19.0	51.0
3	117024963	34.0	58.0
3	117293264	25.0	47.0
3	117354259	32.0	31.0
3	117890559	16.0	38.0
3	118054116	22.0	31.0
3	118379828	36.0	45.0
3	119194530	24.0	29.0
3	119685309	26.0	56.0
3	120243029	21.0	38.0
3	120772458	27.0	40.0
3	120861289	32.0	39.0
3	122635214	24.0	51.0
3	122852249	30.0	27.0
3	123295991	32.0	26.0
3	126704158	20.0	33.0
3	126883587	28.0	37.0
3	127712436	12.0	30.0
3	128230504	20.0	49.0
3	128440115	24.0	40.0
3	128646284	26.0	44.0
3	129449524	34.0	50.0
3	130118850	21.0	31.0
3	131663534	30.0	30.0
3	131700658	28.0	30.0
3	132730757	26.0	37.0
3	133151165	23.0	39.0
3	133393316	18.0	28.0
3	133950551	27.0	43.0
3	134388044	25.0	37.0
3	135466497	30.0	42.0
3	136360920	22.0	36.0
3	137599382	17.0	48.0
3	143283371	25.0	43.0
3	144506643	28.0	39.0
3	145206304	22.0	40.0
3	146124945	24.0	30.0
3	147660342	28.0	63.0
3	148171249	5.0	76.0
3	148511702	15.0	54.0
3	149142327	35.0	39.0
3	150000842	31.0	39.0
3	150706496	28.0	29.0
3	150715916	24.0	48.0
3	151499709	13.0	36.0
3	153259731	33.0	48.0
3	153770706	28.0	49.0
3	154295674	34.0	53.0
3	154407060	21.0	29.0
3	154606920	11.0	46.0
3	154888030	29.0	36.0
3	154926451	39.0	25.0
3	156189995	24.0	21.0
3	157639218	28.0	37.0
3	158626669	32.0	38.0
3	158746825	23.0	31.0
3	159323954	28.0	45.0
3	159935222	25.0	37.0
3	160784063	31.0	43.0
3	162321706	16.0	26.0
3	162694206	23.0	38.0
3	162731634	35.0	35.0
3	163711460	27.0	36.0
3	164099157	21.0	35.0
3	164554759	24.0	35.0
3	165497274	24.0	38.0
3	165603760	31.0	39.0
3	166316499	29.0	43.0
3	166508064	5.0	66.0
3	167987367	36.0	44.0
3	168605608	40.0	36.0
3	170180240	25.0	38.0
3	171531123	39.0	45.0
3	172973445	26.0	39.0
3	173326263	18.0	46.0
3	173525275	34.0	44.0
3	173716655	30.0	49.0
3	173840500	30.0	41.0
3	174040115	20.0	28.0
3	174401814	34.0	31.0
3	174645909	29.0	50.0
3	175201481	24.0	43.0
3	175310121	22.0	14.0
3	175401962	7.0	57.0
3	175671218	32.0	40.0
3	175790764	30.0	47.0
3	176392455	26.0	37.0
3	181338518	31.0	43.0
3	183303927	14.0	36.0
3	184297853	24.0	37.0
3	188606684	32.0	52.0
3	190727275	22.0	45.0
3	191915504	19.0	24.0
3	192247575	24.0	32.0
3	192504870	22.0	28.0
3	193479812	35.0	43.0
3	193610138	27.0	31.0
3	194973815	16.0	31.0
3	195696772	17.0	119.0
3	196221722	26.0	43.0
3	196245791	22.0	37.0
3	196718427	22.0	35.0
3	197510961	26.0	46.0
3	197538631	33.0	56.0
4	184606	26.0	35.0
4	440710	28.0	32.0
4	617167	20.0	30.0
4	899852	23.0	53.0
4	2445719	18.0	27.0
4	2692698	34.0	43.0
4	2757521	5.0	26.0
4	3263198	23.0	26.0
4	3739851	18.0	37.0
4	3965809	31.0	47.0
4	4369661	31.0	31.0
4	4584695	8.0	56.0
4	4584733	5.0	69.0
4	4718977	36.0	34.0
4	5032107	22.0	52.0
4	6045944	31.0	42.0
4	6647726	32.0	44.0
4	7117013	28.0	39.0
4	7861100	17.0	42.0
4	9127776	19.0	30.0
4	9594016	15.0	36.0
4	10494679	32.0	19.0
4	13232490	28.0	48.0
4	13787595	24.0	36.0
4	14225817	30.0	48.0
4	15069993	25.0	42.0
4	16482191	31.0	34.0
4	16515492	17.0	37.0
4	16712980	29.0	46.0
4	16734542	26.0	41.0
4	16831893	31.0	37.0
4	17019304	26.0	37.0
4	18993271	29.0	33.0
4	19103891	28.0	48.0
4	20101458	20.0	26.0
4	21055980	25.0	29.0
4	21064492	22.0	45.0
4	21566851	20.0	48.0
4	21736323	17.0	60.0
4	22084420	22.0	31.0
4	23230233	32.0	54.0
4	23586159	29.0	32.0
4	24387707	34.0	45.0
4	24411676	23.0	31.0
4	25584818	20.0	22.0
4	25774701	26.0	41.0
4	26317991	26.0	47.0
4	26458323	21.0	33.0
4	27212713	30.0	43.0
4	27468030	12.0	23.0
4	27680946	38.0	48.0
4	27723122	26.0	32.0
4	27819897	31.0	48.0
4	28473659	26.0	35.0
4	28537464	19.0	18.0
4	28643118	31.0	45.0
4	28871719	26.0	26.0
4	28933183	5.0	83.0
4	29145389	25.0	44.0
4	29283661	31.0	33.0
4	29397213	21.0	42.0
4	29817471	37.0	34.0
4	30036025	12.0	14.0
4	30384838	25.0	38.0
4	30735687	19.0	28.0
4	31228295	27.0	31.0
4	32642870	24.0	38.0
4	32644114	18.0	45.0
4	33153663	35.0	38.0
4	33285302	29.0	52.0
4	33379801	9.0	9.0
4	33509021	23.0	37.0
4	33516460	27.0	56.0
4	33935298	31.0	35.0
4	34336012	21.0	38.0
4	34683022	29.0	48.0
4	34916266	27.0	36.0
4	35148040	35.0	6.0
4	35546948	31.0	39.0
4	35593944	27.0	41.0
4	35629865	26.0	30.0
4	35690986	32.0	50.0
4	36311027	25.0	33.0
4	38904631	5.0	52.0
4	41694725	25.0	41.0
4	41777348	43.0	38.0
4	41787559	33.0	48.0
4	41808075	27.0	43.0
4	42210729	16.0	23.0
4	42518739	33.0	42.0
4	43664479	22.0	33.0
4	44067834	33.0	45.0
4	44782669	26.0	29.0
4	46523248	27.0	33.0
4	49507920	32.0	10.0
4	53195078	17.0	33.0
4	54232168	14.0	27.0
4	58725996	24.0	16.0
4	59208669	35.0	13.0
4	61010609	39.0	18.0
4	63479822	20.0	10.0
4	64328380	26.0	15.0
4	64442815	20.0	1.0
4	64965466	30.0	10.0
4	66714587	26.0	7.0
4	67915492	23.0	13.0
4	68081394	27.0	13.0
4	69358317	38.0	25.0
4	71663247	31.0	9.0
4	72094548	4.0	45.0
4	72845630	4.0	43.0
4	73769623	28.0	7.0
4	74755322	32.0	14.0
4	75481977	36.0	7.0
4	80109865	4.0	41.0
4	80614878	32.0	15.0
4	81954624	40.0	10.0
4	86999169	27.0	12.0
4	87627476	24.0	12.0
4	87691775	25.0	16.0
4	88138099	30.0	11.0
4	91497471	34.0	13.0
4	91994301	29.0	9.0
4	93063232	35.0	10.0
4	93694321	42.0	17.0
4	94296524	20.0	6.0
4	94809037	26.0	9.0
4	96075772	26.0	14.0
4	96583468	25.0	8.0
4	99918382	32.0	13.0
4	100390651	31.0	18.0
4	100863879	38.0	9.0
4	101451579	6.0	43.0
4	101546128	32.0	11.0
4	101669383	19.0	15.0
4	102104873	43.0	5.0
4	110615744	35.0	18.0
4	112008951	30.0	13.0
4	112488169	21.0	14.0
4	113930940	25.0	15.0
4	117162322	22.0	11.0
4	117453880	24.0	7.0
4	118680601	28.0	11.0
4	119864135	22.0	12.0
4	121393107	13.0	12.0
4	121585901	20.0	12.0
4	122066993	4.0	46.0
4	122309611	31.0	13.0
4	122935616	40.0	7.0
4	124491695	20.0	11.0
4	126290941	24.0	16.0
4	127718206	33.0	13.0
4	129693559	37.0	15.0
4	130023553	26.0	9.0
4	131827942	30.0	8.0
4	132194129	35.0	11.0
4	132320231	34.0	11.0
4	134239968	25.0	5.0
4	136119505	30.0	13.0
4	137077053	25.0	18.0
4	137410840	11.0	4.0
4	137591970	21.0	14.0
4	138577410	23.0	15.0
4	140644713	16.0	9.0
4	141730539	19.0	13.0
4	145974440	45.0	14.0
4	146908000	28.0	18.0
4	147317654	27.0	15.0
4	148681669	24.0	9.0
4	148908481	31.0	14.0
4	151723172	15.0	7.0
4	152004961	4.0	29.0
4	152821053	26.0	16.0
4	154738360	25.0	11.0
4	154963015	32.0	5.0
4	155074533	28.0	14.0
4	155516808	35.0	8.0
4	156476466	22.0	6.0
4	156922131	21.0	10.0
4	157236285	25.0	13.0
4	158069907	23.0	20.0
4	158547539	34.0	15.0
4	161277113	23.0	8.0
4	161424449	33.0	14.0
4	161761800	30.0	9.0
4	162195848	16.0	10.0
4	162455988	24.0	13.0
4	164826547	4.0	43.0
4	165179483	38.0	11.0
4	165314340	38.0	12.0
4	165416335	26.0	15.0
4	166569268	22.0	18.0
4	166981117	19.0	15.0
4	167251351	32.0	7.0
4	167556071	33.0	15.0
4	169335621	36.0	17.0
4	171936348	34.0	10.0
4	172355736	30.0	11.0
4	172717825	20.0	10.0
4	175088537	39.0	13.0
4	175803187	4.0	44.0
4	175891600	33.0	19.0
4	178437365	19.0	11.0
4	178598464	21.0	17.0
4	179858151	15.0	10.0
4	180093204	29.0	5.0
4	180621100	35.0	12.0
4	181003219	25.0	14.0
4	181989844	31.0	13.0
4	182525534	28.0	9.0
4	182553509	21.0	14.0
4	182577710	18.0	15.0
4	183000869	21.0	12.0
4	183243052	5.0	25.0
4	184487000	20.0	10.0
4	184693691	24.0	10.0
4	185707215	29.0	11.0
4	186118512	31.0	10.0
4	187990508	30.0	12.0
4	188669461	33.0	17.0
4	189148958	5.0	16.0
4	189717818	5.0	3.0
4	190320616	21.0	15.0
4	190516685	18.0	34.0
4	190751298	24.0	14.0
4	191029830	28.0	159.0
4	191036588	34.0	298.0
4	191039638	19.0	168.0
5	17724	40.0	48.0
5	305712	16.0	44.0
5	317955	4.0	4.0
5	322855	3.0	30.0
5	2022224	29.0	37.0
5	2078345	22.0	24.0
5	2563374	25.0	39.0
5	2769684	16.0	44.0
5	2848600	24.0	48.0
5	3079501	18.0	26.0
5	3259147	29.0	59.0
5	3422360	27.0	24.0
5	4026439	4.0	64.0
5	4298697	33.0	26.0
5	4358677	30.0	39.0
5	4470227	37.0	37.0
5	4543460	31.0	41.0
5	4586609	18.0	26.0
5	5421283	26.0	45.0
5	5848297	22.0	31.0
5	6364605	22.0	26.0
5	6407457	16.0	35.0
5	7243135	24.0	35.0
5	7450049	18.0	39.0
5	7597016	28.0	32.0
5	8238513	20.0	44.0
5	9034530	28.0	49.0
5	9425465	29.0	42.0
5	9999625	12.0	38.0
5	10640749	32.0	41.0
5	10864257	28.0	23.0
5	11389946	32.0	42.0
5	12266929	28.0	52.0
5	12437916	27.0	38.0
5	12752319	43.0	40.0
5	12822068	24.0	34.0
5	14832925	35.0	41.0
5	15286079	30.0	42.0
5	15763887	36.0	32.0
5	16206226	31.0	43.0
5	16355377	6.0	9.0
5	17486668	27.0	22.0
5	19886793	27.0	35.0
5	20142964	22.0	38.0
5	20419397	12.0	14.0
5	21182830	25.0	41.0
5	21388329	24.0	32.0
5	21651871	15.0	17.0
5	21697257	27.0	43.0
5	22159795	41.0	44.0
5	22410183	26.0	32.0
5	22782866	31.0	49.0
5	22788743	31.0	45.0
5	22788845	26.0	38.0
5	23853530	17.0	31.0
5	24644526	31.0	32.0
5	24663932	23.0	56.0
5	24710698	22.0	28.0
5	24842073	30.0	45.0
5	25794022	3.0	38.0
5	26612999	23.0	34.0
5	26816839	22.0	38.0
5	27031421	26.0	53.0
5	27451952	21.0	45.0
5	27554221	3.0	54.0
5	27873378	4.0	64.0
5	28236885	40.0	39.0
5	28288559	28.0	37.0
5	29005602	27.0	26.0
5	29396754	11.0	28.0
5	29403736	22.0	26.0
5	29412569	37.0	45.0
5	29720655	26.0	34.0
5	29975748	26.0	31.0
5	30236290	40.0	48.0
5	30406915	24.0	44.0
5	32606973	17.0	37.0
5	33038324	17.0	43.0
5	33502302	24.0	27.0
5	33626378	19.0	23.0
5	33936687	8.0	27.0
5	34479617	16.0	35.0
5	35392748	20.0	34.0
5	35613971	21.0	51.0
5	37957284	32.0	52.0
5	38537254	32.0	38.0
5	38729544	20.0	25.0
5	39923840	31.0	42.0
5	42155120	28.0	35.0
5	42546161	33.0	38.0
5	42591234	26.0	57.0
5	45869581	25.0	38.0
5	49586537	22.0	35.0
5	50613722	35.0	31.0
5	51165171	34.0	43.0
5	51205335	37.0	41.0
5	51801982	29.0	48.0
5	54930176	25.0	43.0
5	56357008	25.0	57.0
5	57922761	21.0	37.0
5	57922762	21.0	38.0
5	58087923	27.0	53.0
5	58282272	10.0	23.0
5	59453746	22.0	42.0
5	60315526	38.0	46.0
5	61754783	7.0	69.0
5	61978768	32.0	50.0
5	62269020	25.0	45.0
5	62769475	38.0	51.0
5	62949498	29.0	54.0
5	63501372	28.0	53.0
5	63651918	23.0	39.0
5	68191349	24.0	31.0
5	68254946	30.0	36.0
5	71559573	32.0	51.0
5	71567278	34.0	50.0
5	72891000	20.0	27.0
5	76819000	23.0	33.0
5	77464927	31.0	38.0
5	79642728	9.0	20.0
5	82219774	22.0	45.0
5	82328732	31.0	48.0
5	82946304	28.0	28.0
5	83308988	20.0	40.0
5	84499846	25.0	36.0
5	84648984	22.0	36.0
5	85131132	22.0	31.0
5	85200285	26.0	47.0
5	85450657	25.0	49.0
5	86590502	39.0	53.0
5	86761022	26.0	32.0
5	86959217	37.0	43.0
5	87155573	28.0	43.0
5	87218405	24.0	41.0
5	88751634	23.0	58.0
5	89792135	25.0	38.0
5	90865205	28.0	43.0
5	91188941	18.0	64.0
5	91324337	31.0	40.0
5	92195637	34.0	37.0
5	92410296	31.0	41.0
5	92827945	39.0	44.0
5	93276159	33.0	52.0
5	93324078	32.0	52.0
5	93919590	28.0	35.0
5	95223117	31.0	51.0
5	95855190	17.0	40.0
5	95942400	29.0	41.0
5	97458000	24.0	42.0
5	98615376	27.0	34.0
5	98661278	30.0	46.0
5	99243618	24.0	40.0
5	99246347	34.0	43.0
5	99541563	43.0	42.0
5	100151942	31.0	37.0
5	100569102	20.0	31.0
5	100907253	28.0	39.0
5	101680054	26.0	46.0
5	102473993	29.0	43.0
5	103173767	22.0	43.0
5	103466009	27.0	29.0
5	104576384	22.0	51.0
5	104650933	33.0	45.0
5	105324884	40.0	41.0
5	106508845	23.0	35.0
5	107132929	34.0	46.0
5	108297707	26.0	52.0
5	109241021	28.0	36.0
5	109288409	39.0	44.0
5	111186453	23.0	58.0
5	111280031	21.0	25.0
5	113001055	36.0	68.0
5	113346929	26.0	35.0
5	113920951	41.0	51.0
5	114290110	34.0	45.0
5	115509611	4.0	23.0
5	115960369	28.0	43.0
5	116063718	29.0	45.0
5	116336447	29.0	33.0
5	117403974	26.0	43.0
5	117459488	25.0	47.0
5	117906029	21.0	35.0
5	118153366	40.0	46.0
5	118956764	4.0	29.0
5	119860367	40.0	48.0
5	120134690	32.0	34.0
5	120163673	21.0	37.0
5	120262791	27.0	45.0
5	121187880	28.0	28.0
5	122546279	29.0	60.0
5	123152368	33.0	45.0
5	123373496	26.0	46.0
5	123704610	24.0	47.0
5	124142073	30.0	35.0
5	124149638	24.0	35.0
5	126655006	24.0	37.0
5	128478711	29.0	49.0
5	129191837	18.0	25.0
5	129485576	21.0	44.0
5	130005508	30.0	42.0
5	132258728	25.0	39.0
5	132852208	27.0	52.0
5	134740549	10.0	13.0
5	135516880	24.0	55.0
5	135839515	30.0	41.0
5	136183680	17.0	17.0
5	136557194	43.0	51.0
5	136928100	33.0	40.0
5	136928834	30.0	52.0
5	136935532	17.0	30.0
5	136976019	22.0	40.0
5	137300383	18.0	44.0
5	137551134	28.0	23.0
5	138499301	28.0	27.0
5	140167324	14.0	24.0
5	140692302	5.0	46.0
5	140737415	34.0	43.0
5	142643401	32.0	40.0
5	143182774	28.0	46.0
5	143853489	24.0	36.0
5	144029340	22.0	32.0
5	144724403	27.0	48.0
5	145108985	29.0	35.0
5	145125821	47.0	47.0
5	145170344	19.0	25.0
5	145182984	18.0	28.0
5	145184395	31.0	37.0
5	145296193	29.0	38.0
5	145920111	10.0	45.0
5	146757588	36.0	44.0
5	146862338	27.0	48.0
5	149096833	27.0	39.0
5	149097333	32.0	40.0
5	149819010	30.0	29.0
5	150742446	34.0	54.0
5	151407357	25.0	34.0
5	153097742	25.0	35.0
5	153637092	34.0	47.0
5	154693402	26.0	37.0
5	154779359	20.0	34.0
5	154950862	4.0	8.0
5	155189188	28.0	50.0
5	155209227	16.0	27.0
5	155257433	23.0	35.0
5	156257934	42.0	29.0
5	158216160	30.0	43.0
5	158484415	21.0	38.0
5	159093415	31.0	44.0
5	159272076	31.0	45.0
5	159726156	16.0	27.0
5	159732864	36.0	36.0
5	160460084	31.0	38.0
5	160466484	29.0	37.0
5	161379523	39.0	53.0
5	161453853	35.0	47.0
5	161577418	33.0	41.0
5	162345759	24.0	36.0
5	162391309	25.0	32.0
5	163803606	16.0	37.0
5	163976001	28.0	43.0
5	164308072	11.0	9.0
5	164887237	36.0	47.0
5	165965725	30.0	29.0
5	168463618	21.0	41.0
5	169297121	26.0	38.0
5	169352435	17.0	27.0
5	169702828	19.0	35.0
5	170679877	17.0	43.0
5	172442894	20.0	25.0
5	172744705	23.0	43.0
5	173579355	20.0	29.0
5	173685815	24.0	47.0
5	174626975	15.0	21.0
5	174731832	31.0	41.0
5	175859734	18.0	39.0
5	176741207	25.0	41.0
5	177168383	14.0	3.0
5	177285988	27.0	39.0
5	177785611	25.0	43.0
5	178451133	16.0	35.0
5	178489991	27.0	44.0
5	178564344	8.0	50.0
5	178648631	13.0	34.0
5	179538440	31.0	33.0
5	179570983	16.0	28.0
5	179863969	22.0	18.0
6	263114	26.0	85.0
6	349061	18.0	54.0
6	656934	20.0	6.0
6	2424436	27.0	6.0
6	3961559	31.0	8.0
6	3995953	23.0	13.0
6	4805751	32.0	1.0
6	6218294	36.0	13.0
6	6595294	37.0	10.0
6	7791850	20.0	9.0
6	7932170	27.0	12.0
6	8296271	34.0	17.0
6	9954204	30.0	7.0
6	13244458	25.0	8.0
6	17020372	12.0	11.0
6	18675776	29.0	16.0
6	18873566	5.0	9.0
6	22732749	42.0	11.0
6	25682330	32.0	16.0
6	25888581	24.0	14.0
6	26151814	36.0	13.0
6	26285730	42.0	15.0
6	28916651	31.0	9.0
6	29036654	29.0	14.0
6	31782230	12.0	7.0
6	32302395	24.0	14.0
6	33920348	23.0	13.0
6	36193265	18.0	17.0
6	41357116	18.0	55.0
6	43804433	45.0	45.0
6	44250185	20.0	44.0
6	44578900	52.0	33.0
6	44800624	25.0	67.0
6	46111727	25.0	55.0
6	48021893	30.0	77.0
6	48592653	54.0	35.0
6	49812358	28.0	76.0
6	50842854	55.0	45.0
6	51294213	24.0	61.0
6	51312491	7.0	11.0
6	51359855	16.0	44.0
6	51602987	50.0	25.0
6	51752312	16.0	67.0
6	51849048	22.0	61.0
6	52415747	26.0	73.0
6	52795449	28.0	60.0
6	53516246	8.0	31.0
6	54191661	24.0	71.0
6	54531981	57.0	15.0
6	55615904	30.0	60.0
6	55647835	32.0	77.0
6	56108023	29.0	63.0
6	56108031	26.0	60.0
6	56207170	38.0	38.0
6	57175900	6.0	22.0
6	57486911	25.0	56.0
6	58000644	7.0	56.0
6	58691344	29.0	25.0
6	61975375	24.0	50.0
6	62029400	6.0	95.0
6	62068128	26.0	52.0
6	62670908	26.0	79.0
6	62854975	38.0	64.0
6	63122696	23.0	61.0
6	63318826	25.0	73.0
6	63334962	20.0	62.0
6	63444869	15.0	63.0
6	63578824	22.0	52.0
6	63578836	25.0	55.0
6	63813244	52.0	50.0
6	64750844	33.0	62.0
6	65402930	11.0	20.0
6	65778755	29.0	63.0
6	65778818	23.0	81.0
6	65841863	28.0	70.0
6	66011950	18.0	123.0
6	66011976	15.0	129.0
6	66084674	17.0	67.0
6	66113456	33.0	74.0
6	66307979	11.0	39.0
6	66417757	25.0	74.0
6	66440159	21.0	49.0
6	66527672	27.0	70.0
6	67177836	59.0	40.0
6	68000688	6.0	35.0
6	68000694	3.0	35.0
6	68000713	2.0	38.0
6	68001176	28.0	61.0
6	68001354	11.0	70.0
6	68001360	10.0	71.0
6	68001504	1.0	66.0
6	68001507	1.0	63.0
6	68049746	24.0	79.0
6	68068679	27.0	55.0
6	68246331	17.0	60.0
6	68411777	9.0	22.0
6	68531640	48.0	34.0
6	68742024	17.0	51.0
6	68742099	17.0	55.0
6	68745793	22.0	10.0
6	68759250	24.0	102.0
6	68940525	44.0	28.0
6	68965832	14.0	47.0
6	69055790	27.0	68.0
6	69591180	47.0	31.0
6	69728139	32.0	61.0
6	70777773	25.0	58.0
6	70959128	29.0	51.0
6	71344125	13.0	32.0
6	72050181	24.0	60.0
6	72806816	17.0	7.0
6	74372206	25.0	4.0
6	74937473	21.0	4.0
6	76166520	16.0	11.0
6	77414705	22.0	9.0
6	77920171	15.0	3.0
6	78258679	18.0	9.0
6	78437454	30.0	10.0
6	81487420	5.0	39.0
6	82302201	29.0	9.0
6	82988865	35.0	15.0
6	83741838	25.0	16.0
6	84965441	26.0	14.0
6	86407522	29.0	14.0
6	86667567	35.0	15.0
6	87677315	36.0	17.0
6	88347841	39.0	8.0
6	90973101	27.0	15.0
6	93358800	29.0	9.0
6	94734896	23.0	8.0
6	95056437	39.0	14.0
6	95495647	34.0	11.0
6	96858327	27.0	8.0
6	96862721	23.0	18.0
6	96862803	37.0	12.0
6	98021952	28.0	11.0
6	98578382	32.0	10.0
6	100718669	25.0	7.0
6	102400627	20.0	7.0
6	104020319	24.0	14.0
6	104638469	32.0	11.0
6	105846487	27.0	12.0
6	109694948	37.0	7.0
6	112512102	4.0	43.0
6	120020844	23.0	4.0
6	120113729	25.0	6.0
6	120656006	41.0	14.0
6	124040497	19.0	6.0
6	126834309	6.0	36.0
6	130094336	18.0	10.0
6	130911743	22.0	15.0
6	132594191	31.0	13.0
6	133864855	26.0	12.0
6	135616420	39.0	11.0
6	135732440	31.0	8.0
6	137713136	23.0	18.0
6	140836181	25.0	11.0
6	141403052	29.0	7.0
6	142604617	39.0	9.0
6	143682386	30.0	11.0
6	144326213	27.0	14.0
6	146383181	20.0	13.0
6	146685409	30.0	14.0
6	147048545	10.0	34.0
6	147282187	38.0	14.0
6	149431407	26.0	14.0
6	152987832	21.0	15.0
6	153633629	36.0	9.0
6	154300771	20.0	12.0
6	154732924	28.0	14.0
6	156515171	26.0	11.0
6	156539159	45.0	12.0
6	157823597	28.0	7.0
6	159509633	18.0	7.0
6	162292199	22.0	7.0
6	164528152	22.0	10.0
6	165091855	17.0	13.0
6	166016949	25.0	13.0
6	167545032	23.0	7.0
6	168860076	19.0	12.0
6	169216458	4.0	26.0
6	169515240	32.0	14.0
6	169827824	21.0	7.0
7	2156376	26.0	40.0
7	2401115	22.0	27.0
7	2454833	28.0	34.0
7	3148416	19.0	35.0
7	4198417	26.0	35.0
7	4342887	23.0	39.0
7	4424135	22.0	36.0
7	4563724	26.0	29.0
7	4872238	12.0	22.0
7	4941572	28.0	31.0
7	6903260	29.0	47.0
7	9058977	30.0	26.0
7	9400339	27.0	38.0
7	9810608	34.0	33.0
7	10310133	9.0	17.0
7	10669190	28.0	56.0
7	11022417	29.0	51.0
7	11047214	23.0	43.0
7	11498713	35.0	50.0
7	13840493	26.0	33.0
7	18983936	33.0	42.0
7	19030256	15.0	35.0
7	19220676	20.0	46.0
7	19546847	17.0	21.0
7	19551686	32.0	36.0
7	19624643	1.0	47.0
7	19777666	26.0	34.0
7	20717414	21.0	32.0
7	21721562	32.0	36.0
7	21944313	20.0	30.0
7	22328234	17.0	39.0
7	22662815	25.0	33.0
7	24048601	8.0	44.0
7	25268290	25.0	51.0
7	25300558	39.0	48.0
7	25724944	18.0	35.0
7	26582493	1.0	24.0
7	26709228	32.0	49.0
7	27062819	32.0	46.0
7	28680331	31.0	44.0
7	28752219	18.0	25.0
7	29405358	38.0	36.0
7	31508769	5.0	59.0
7	31723915	34.0	51.0
7	32369000	22.0	28.0
7	34890162	18.0	27.0
7	35842470	16.0	45.0
7	37370558	26.0	28.0
7	37460923	26.0	44.0
7	37851645	34.0	38.0
7	38270497	22.0	33.0
7	38670893	12.0	20.0
7	39168510	50.0	42.0
7	41475469	10.0	16.0
7	41976542	36.0	51.0
7	42053181	18.0	24.0
7	42055388	36.0	42.0
7	42060468	7.0	13.0
7	42214871	21.0	41.0
7	42512601	17.0	40.0
7	43293937	20.0	40.0
7	43417476	24.0	31.0
7	43890150	25.0	43.0
7	44111686	24.0	43.0
7	44181792	17.0	39.0
7	44187209	22.0	36.0
7	44722776	31.0	43.0
7	45378445	13.0	25.0
7	46416801	28.0	57.0
7	46656845	28.0	37.0
7	48016346	26.0	60.0
7	48734617	21.0	32.0
7	49020430	43.0	61.0
7	49137247	37.0	47.0
7	49137248	37.0	48.0
7	49193114	34.0	46.0
7	49221769	24.0	34.0
7	49367267	32.0	48.0
7	49404899	28.0	39.0
7	49743356	29.0	40.0
7	49826300	25.0	47.0
7	50149822	26.0	39.0
7	50267436	38.0	37.0
7	50823419	23.0	43.0
7	52706440	33.0	50.0
7	53171375	40.0	47.0
7	53183766	24.0	50.0
7	53242099	22.0	44.0
7	53745480	25.0	41.0
7	53899230	33.0	48.0
7	54319805	33.0	44.0
7	56173551	19.0	49.0
7	56403284	23.0	26.0
7	56431713	18.0	33.0
7	56493527	28.0	36.0
7	56495537	16.0	21.0
7	56522319	7.0	52.0
7	56572750	17.0	34.0
7	57426424	5.0	56.0
7	57467184	19.0	23.0
7	57497433	24.0	26.0
7	57516297	19.0	31.0
7	57543344	21.0	28.0
7	57599731	23.0	18.0
7	61074193	22.0	42.0
7	61757922	27.0	49.0
7	61780672	18.0	76.0
7	62027119	41.0	51.0
7	62177180	22.0	40.0
7	62247272	31.0	39.0
7	62294309	22.0	41.0
7	63491495	27.0	47.0
7	63565675	30.0	38.0
7	63781290	36.0	43.0
7	63821164	24.0	54.0
7	63933962	18.0	51.0
7	63955454	13.0	26.0
7	66160675	23.0	19.0
7	67169285	28.0	34.0
7	67389398	15.0	27.0
7	67629305	24.0	31.0
7	67647585	21.0	38.0
7	67841927	19.0	29.0
7	68195732	29.0	35.0
7	68353990	24.0	32.0
7	68684122	24.0	48.0
7	68901881	17.0	38.0
7	69478998	28.0	35.0
7	69925752	20.0	26.0
7	70586386	24.0	41.0
7	70789559	25.0	39.0
7	71002617	17.0	25.0
7	71007452	18.0	30.0
7	71455749	28.0	35.0
7	72282755	13.0	26.0
7	74491175	19.0	70.0
7	75405642	20.0	24.0
7	75488024	9.0	51.0
7	75934221	24.0	39.0
7	78117641	34.0	32.0
7	78231455	25.0	45.0
7	78378849	38.0	50.0
7	78400272	26.0	37.0
7	78774857	26.0	34.0
7	81382406	29.0	45.0
7	82174657	33.0	42.0
7	82508432	21.0	44.0
7	82825098	25.0	43.0
7	82845221	5.0	64.0
7	83471721	26.0	29.0
7	83504146	38.0	40.0
7	84563415	35.0	48.0
7	85010896	30.0	34.0
7	86783108	32.0	48.0
7	86784409	34.0	49.0
7	87883036	36.0	46.0
7	88267013	24.0	34.0
7	88321078	33.0	40.0
7	88441335	30.0	30.0
7	88534705	20.0	29.0
7	90990204	36.0	39.0
7	91856118	34.0	56.0
7	93071645	30.0	46.0
7	93378966	30.0	36.0
7	94193718	10.0	35.0
7	94193790	11.0	36.0
7	94193791	11.0	36.0
7	94385577	37.0	50.0
7	94451185	44.0	36.0
7	95145341	29.0	50.0
7	96493381	28.0	46.0
7	97110233	28.0	42.0
7	97316466	20.0	28.0
7	97639719	25.0	34.0
7	97897411	33.0	37.0
7	98032694	15.0	24.0
7	98099980	5.0	19.0
7	98749239	21.0	20.0
7	98820400	14.0	24.0
7	100078481	23.0	26.0
7	101407787	22.0	37.0
7	103754325	32.0	46.0
7	104116251	27.0	44.0
7	107958046	28.0	30.0
7	108330284	23.0	30.0
7	108457412	23.0	36.0
7	108511197	30.0	33.0
7	109019134	29.0	34.0
7	109216591	30.0	29.0
7	109256360	32.0	43.0
7	109647962	17.0	37.0
7	110068120	19.0	41.0
7	110212443	31.0	39.0
7	110713471	23.0	53.0
7	111425646	27.0	44.0
7	111498896	26.0	34.0
7	112813176	30.0	54.0
7	113781470	28.0	40.0
7	114422987	30.0	45.0
7	114454893	25.0	42.0
7	114702500	36.0	49.0
7	115702534	12.0	39.0
7	117457338	9.0	12.0
7	118384291	20.0	44.0
7	118533129	25.0	39.0
7	118632267	39.0	52.0
7	118802657	11.0	30.0
7	119114924	30.0	55.0
7	119135052	26.0	56.0
7	119545928	31.0	56.0
7	119637739	19.0	25.0
7	119961580	28.0	42.0
7	121943984	18.0	26.0
7	122299199	20.0	32.0
7	122997229	37.0	54.0
7	123456721	21.0	48.0
7	124057028	13.0	27.0
7	124121067	16.0	22.0
7	124131256	35.0	35.0
7	124193004	35.0	35.0
7	124492176	27.0	59.0
7	124880668	13.0	41.0
7	125019879	38.0	51.0
7	125415509	26.0	38.0
7	125610003	37.0	38.0
7	125843339	36.0	44.0
7	126336684	26.0	50.0
7	126951861	16.0	37.0
7	127788090	34.0	53.0
7	129043720	15.0	19.0
7	129618561	4.0	40.0
7	131168115	29.0	44.0
7	131343415	19.0	29.0
7	134388472	20.0	38.0
7	135619016	36.0	40.0
7	135623749	27.0	50.0
7	135624918	33.0	34.0
7	135630804	22.0	46.0
7	136230232	36.0	44.0
7	136478589	41.0	26.0
7	136631779	21.0	41.0
7	137125011	22.0	32.0
7	137288252	34.0	42.0
7	137503348	30.0	33.0
7	138397007	22.0	30.0
7	139592382	26.0	38.0
7	140096240	13.0	33.0
7	140813523	19.0	44.0
7	141406507	35.0	35.0
7	142650888	31.0	36.0
7	142797375	28.0	48.0
7	144546984	28.0	38.0
7	144993299	24.0	54.0
7	145199039	27.0	45.0
7	145507473	27.0	38.0
7	147282352	30.0	33.0
7	147711745	33.0	32.0
7	147751421	16.0	21.0
7	148252874	29.0	39.0
7	152608380	29.0	43.0
7	152640099	25.0	35.0
7	152975729	23.0	54.0
7	153040904	31.0	29.0
7	153235073	22.0	40.0
7	153503346	28.0	38.0
7	153520959	20.0	30.0
7	153594583	31.0	29.0
7	153775411	39.0	31.0
7	153831531	24.0	21.0
7	153993219	27.0	22.0
7	154015576	34.0	43.0
7	154030049	26.0	30.0
7	154072406	28.0	41.0
7	154675241	20.0	25.0
7	155342120	19.0	38.0
7	155522150	28.0	30.0
7	156876518	11.0	18.0
7	157385576	18.0	40.0
7	159079956	5.0	79.0
8	337044	12.0	17.0
8	496070	24.0	33.0
8	995636	27.0	51.0
8	998696	21.0	27.0
8	1233300	34.0	44.0
8	2211789	12.0	73.0
8	2631806	27.0	40.0
8	2970188	30.0	39.0
8	3236584	24.0	47.0
8	3717209	17.0	43.0
8	3870833	24.0	37.0
8	3933746	21.0	35.0
8	4004323	7.0	22.0
8	5028320	35.0	34.0
8	5094422	27.0	47.0
8	5328495	25.0	46.0
8	5435232	27.0	22.0
8	5689255	29.0	38.0
8	5808781	30.0	40.0
8	5863899	34.0	29.0
8	6145414	24.0	31.0
8	6877531	23.0	101.0
8	6939894	17.0	38.0
8	7905317	20.0	76.0
8	10051390	35.0	48.0
8	10932181	22.0	28.0
8	11116906	26.0	48.0
8	13469584	40.0	46.0
8	13504542	30.0	46.0
8	13504965	18.0	13.0
8	13545105	19.0	37.0
8	13768288	26.0	36.0
8	13840803	32.0	22.0
8	13957802	32.0	49.0
8	14144385	23.0	51.0
8	14442603	22.0	32.0
8	14467165	27.0	36.0
8	14897425	6.0	80.0
8	14934329	26.0	34.0
8	15023660	20.0	34.0
8	15185489	31.0	43.0
8	15298031	22.0	41.0
8	16276266	33.0	40.0
8	16293415	20.0	45.0
8	17870603	36.0	51.0
8	18438023	27.0	39.0
8	19563171	21.0	31.0
8	19913509	21.0	36.0
8	20112176	19.0	37.0
8	20516815	32.0	49.0
8	20636726	5.0	81.0
8	20770615	22.0	33.0
8	21438947	27.0	26.0
8	21513945	32.0	44.0
8	21578299	41.0	42.0
8	22400233	32.0	38.0
8	22642767	26.0	36.0
8	23000561	26.0	24.0
8	23607282	25.0	41.0
8	23719711	24.0	34.0
8	23719713	25.0	34.0
8	23977637	33.0	46.0
8	24477348	25.0	31.0
8	24478996	33.0	46.0
8	24827360	26.0	44.0
8	24880752	23.0	26.0
8	25110659	32.0	52.0
8	25688793	24.0	26.0
8	25869297	14.0	50.0
8	25935740	14.0	24.0
8	28147409	31.0	33.0
8	28751927	33.0	43.0
8	29452176	28.0	52.0
8	30867729	26.0	44.0
8	31653000	21.0	44.0
8	31676966	23.0	37.0
8	31679752	25.0	42.0
8	32499714	31.0	39.0
8	33036042	25.0	42.0
8	33145801	34.0	33.0
8	33477011	19.0	32.0
8	34279827	36.0	40.0
8	34813600	22.0	38.0
8	35319448	32.0	47.0
8	35886381	28.0	26.0
8	36437221	33.0	43.0
8	36477993	27.0	33.0
8	36579909	34.0	63.0
8	37060269	27.0	27.0
8	37388648	16.0	14.0
8	37491980	25.0	26.0
8	39200558	33.0	40.0
8	39552373	22.0	49.0
8	39701908	28.0	45.0
8	40451586	22.0	43.0
8	40479559	29.0	48.0
8	40546671	19.0	42.0
8	40580255	20.0	37.0
8	40672885	18.0	40.0
8	40673811	30.0	36.0
8	41165437	22.0	35.0
8	43054562	24.0	36.0
8	43664708	25.0	36.0
8	47131025	18.0	33.0
8	47325068	20.0	32.0
8	47432271	28.0	34.0
8	47688089	36.0	49.0
8	48360029	23.0	34.0
8	49246661	25.0	50.0
8	49916949	25.0	39.0
8	50080886	34.0	40.0
8	51233718	22.0	42.0
8	51403306	30.0	36.0
8	51966736	18.0	32.0
8	52176913	28.0	44.0
8	52533261	21.0	37.0
8	52857497	20.0	33.0
8	52857498	27.0	28.0
8	53788817	25.0	41.0
8	54318240	19.0	41.0
8	55394516	30.0	43.0
8	55501164	29.0	48.0
8	56142062	27.0	48.0
8	56365174	27.0	28.0
8	56501612	31.0	49.0
8	59437113	31.0	50.0
8	59712577	37.0	44.0
8	59947876	31.0	56.0
8	60419283	26.0	38.0
8	60989889	25.0	56.0
8	61258425	24.0	32.0
8	61307529	29.0	36.0
8	62067609	20.0	30.0
8	63470543	34.0	42.0
8	63667410	26.0	38.0
8	63857190	36.0	53.0
8	64102696	28.0	45.0
8	64332620	37.0	46.0
8	64454522	22.0	45.0
8	64792199	29.0	40.0
8	64816464	30.0	42.0
8	64969055	30.0	34.0
8	65604694	33.0	44.0
8	66108045	25.0	43.0
8	66155903	19.0	32.0
8	67416870	18.0	47.0
8	67895911	25.0	34.0
8	68350763	28.0	42.0
8	68681107	21.0	37.0
8	68929714	25.0	53.0
8	69043621	33.0	45.0
8	69557469	5.0	66.0
8	69966511	30.0	27.0
8	70945229	13.0	23.0
8	70996259	30.0	35.0
8	71963563	31.0	42.0
8	72222126	45.0	53.0
8	72583616	25.0	46.0
8	72927028	25.0	37.0
8	73683261	32.0	35.0
8	73739931	25.0	26.0
8	73771600	26.0	43.0
8	74901225	28.0	35.0
8	76385338	26.0	30.0
8	76502621	13.0	38.0
8	76628107	24.0	27.0
8	77170336	16.0	49.0
8	77745053	31.0	33.0
8	77973702	31.0	42.0
8	78256054	9.0	35.0
8	78325743	27.0	43.0
8	78531156	26.0	46.0
8	79412405	35.0	46.0
8	79954708	27.0	51.0
8	80164604	34.0	47.0
8	80289474	17.0	25.0
8	81238831	17.0	45.0
8	81776583	31.0	35.0
8	82883459	23.0	44.0
8	83354497	1.0	35.0
8	83357192	26.0	37.0
8	83641028	21.0	31.0
8	84772693	32.0	34.0
8	84801966	9.0	28.0
8	84905825	37.0	49.0
8	85057475	40.0	39.0
8	85804689	20.0	32.0
8	85923774	24.0	36.0
8	86269459	30.0	40.0
8	88000066	5.0	86.0
8	88494341	27.0	26.0
8	89105635	25.0	38.0
8	89161179	29.0	25.0
8	89180269	24.0	36.0
8	89241089	40.0	49.0
8	89585823	40.0	48.0
8	89660403	17.0	29.0
8	90150341	32.0	50.0
8	90305786	31.0	36.0
8	90479035	24.0	31.0
8	91379296	23.0	42.0
8	91739890	33.0	31.0
8	92629153	28.0	38.0
8	92686736	27.0	43.0
8	93253830	30.0	29.0
8	93262957	25.0	30.0
8	93607570	27.0	41.0
8	94101961	2.0	28.0
8	94531689	22.0	33.0
8	95636620	28.0	36.0
8	96408682	32.0	45.0
8	96450666	6.0	34.0
8	96491388	24.0	52.0
8	96675416	22.0	55.0
8	96905527	20.0	39.0
8	97816039	39.0	50.0
8	98771534	21.0	32.0
8	98791430	28.0	35.0
8	99866290	43.0	47.0
8	99911317	25.0	37.0
8	102667590	21.0	37.0
8	104715662	21.0	35.0
8	105156394	36.0	44.0
8	106406323	17.0	23.0
8	106433934	26.0	34.0
8	108089397	28.0	43.0
8	108262715	26.0	52.0
8	108314343	31.0	47.0
8	108960948	25.0	37.0
8	109029390	30.0	24.0
8	109848726	36.0	29.0
8	109967003	20.0	29.0
8	110194106	27.0	43.0
8	110783997	18.0	41.0
8	110893647	29.0	33.0
8	110924461	30.0	41.0
8	111073043	25.0	32.0
8	111276246	27.0	49.0
8	111743541	29.0	50.0
8	112088619	36.0	35.0
8	112272954	35.0	54.0
8	112344997	25.0	58.0
8	112512499	38.0	42.0
8	113275393	13.0	16.0
8	113408388	34.0	37.0
8	113702274	41.0	48.0
8	114005958	28.0	46.0
8	114313083	32.0	42.0
8	114542351	27.0	37.0
8	114664473	37.0	31.0
8	114886437	5.0	66.0
8	114898707	5.0	74.0
8	115001837	28.0	37.0
8	115105061	33.0	44.0
8	115220848	21.0	51.0
8	115295415	33.0	32.0
8	115302765	30.0	44.0
8	115539163	35.0	43.0
8	115935929	25.0	62.0
8	117299098	25.0	39.0
8	117374537	34.0	39.0
8	117449207	23.0	40.0
8	117729811	20.0	41.0
8	118010584	36.0	49.0
8	119009400	20.0	45.0
8	120028817	27.0	44.0
8	122178327	39.0	47.0
8	123055053	26.0	38.0
8	123118865	19.0	35.0
8	123497890	29.0	47.0
8	125512260	21.0	28.0
8	125909700	25.0	42.0
8	126025719	30.0	17.0
8	126796869	32.0	34.0
8	128181693	27.0	28.0
8	128535859	21.0	29.0
8	128730729	5.0	81.0
8	130718812	42.0	46.0
8	131094734	12.0	17.0
8	131771560	20.0	32.0
8	132136088	24.0	49.0
8	132282059	32.0	43.0
8	132633699	38.0	49.0
8	133499282	31.0	38.0
8	135068417	6.0	80.0
8	135468814	29.0	32.0
8	135647018	30.0	35.0
8	135953348	29.0	38.0
8	136061604	28.0	49.0
8	136269292	23.0	44.0
8	136440993	25.0	25.0
8	137801899	29.0	42.0
8	138143222	29.0	49.0
8	138451402	26.0	41.0
8	138671847	33.0	37.0
8	138678575	44.0	40.0
8	138733483	27.0	52.0
8	138734258	38.0	42.0
8	138974516	31.0	36.0
8	139784125	24.0	28.0
8	140125763	24.0	36.0
8	140424988	27.0	37.0
8	140435156	20.0	39.0
8	141000251	33.0	34.0
8	141028325	18.0	37.0
8	141939231	17.0	13.0
8	142275574	41.0	43.0
8	142913220	25.0	38.0
8	143241186	12.0	49.0
8	143373305	16.0	34.0
8	143385590	16.0	40.0
8	143939114	5.0	87.0
8	144262786	18.0	24.0
8	144287787	14.0	39.0
8	145535162	22.0	36.0
9	962177	19.0	38.0
9	1200906	25.0	27.0
9	1546859	33.0	38.0
9	1565788	28.0	54.0
9	1814864	35.0	46.0
9	2124039	16.0	33.0
9	3079521	46.0	57.0
9	3593362	4.0	54.0
9	4671314	37.0	44.0
9	7490633	31.0	59.0
9	9191784	19.0	48.0
9	9866969	20.0	50.0
9	10862797	37.0	36.0
9	11042673	33.0	52.0
9	11219124	30.0	46.0
9	11566915	20.0	45.0
9	11577103	5.0	46.0
9	12004900	17.0	31.0
9	12440915	25.0	41.0
9	12560113	20.0	22.0
9	13150990	29.0	38.0
9	14202000	38.0	54.0
9	14205252	3.0	9.0
9	15701141	32.0	39.0
9	16456760	37.0	23.0
9	16820538	22.0	34.0
9	18047155	35.0	50.0
9	18615737	21.0	42.0
9	19161148	35.0	34.0
9	19529664	24.0	37.0
9	19563586	20.0	30.0
9	20210565	19.0	23.0
9	20831595	41.0	41.0
9	21971120	27.0	6.0
9	22176415	36.0	13.0
9	22471951	27.0	32.0
9	22651178	31.0	53.0
9	23100315	10.0	37.0
9	23317512	25.0	34.0
9	23346304	15.0	24.0
9	24050273	31.0	36.0
9	24572362	39.0	43.0
9	24893960	33.0	39.0
9	25198837	5.0	57.0
9	25657197	11.0	62.0
9	26193497	25.0	40.0
9	26224555	42.0	47.0
9	26910715	29.0	45.0
9	27952656	36.0	44.0
9	28149150	15.0	25.0
9	28551876	22.0	52.0
9	28677790	25.0	39.0
9	28953711	39.0	54.0
9	29048498	31.0	50.0
9	29406982	24.0	42.0
9	29800116	23.0	42.0
9	29802257	22.0	39.0
9	30945066	22.0	28.0
9	31169290	33.0	48.0
9	31741244	22.0	41.0
9	32053791	36.0	51.0
9	32710534	14.0	30.0
9	32784432	21.0	26.0
9	33699946	34.0	41.0
9	36682385	38.0	37.0
9	43734719	18.0	46.0
9	69916139	20.0	56.0
9	71140888	13.0	24.0
9	72692039	28.0	53.0
9	73044707	5.0	61.0
9	73358245	44.0	40.0
9	74040330	32.0	42.0
9	74098463	36.0	31.0
9	74743047	28.0	46.0
9	75596365	22.0	35.0
9	75817053	35.0	44.0
9	76359522	19.0	32.0
9	76541608	11.0	19.0
9	76728509	31.0	42.0
9	76803667	15.0	12.0
9	80470931	50.0	41.0
9	82062636	27.0	48.0
9	82087003	28.0	45.0
9	82472031	31.0	51.0
9	83078798	29.0	40.0
9	83460516	23.0	29.0
9	84286186	21.0	36.0
9	84328417	4.0	34.0
9	84392011	33.0	37.0
9	84852193	20.0	34.0
9	85001228	25.0	28.0
9	88137446	26.0	31.0
9	90349707	8.0	16.0
9	91119171	26.0	35.0
9	91716040	35.0	69.0
9	92008790	9.0	56.0
9	92054918	20.0	34.0
9	92982356	16.0	35.0
9	93222206	27.0	48.0
9	93570100	5.0	56.0
9	94237363	30.0	31.0
9	94759822	25.0	40.0
9	96640082	29.0	29.0
9	97233686	29.0	34.0
9	97272796	18.0	39.0
9	97800981	28.0	42.0
9	98066735	23.0	40.0
9	98971300	37.0	41.0
9	99597233	25.0	47.0
9	101332659	27.0	46.0
9	102376391	30.0	35.0
9	102942607	23.0	38.0
9	103358900	23.0	44.0
9	104886359	36.0	36.0
9	105217532	37.0	38.0
9	105235243	24.0	56.0
9	105416089	35.0	41.0
9	105609578	26.0	40.0
9	106069395	32.0	42.0
9	106871411	33.0	36.0
9	108176534	5.0	41.0
9	108560266	29.0	31.0
9	108582685	24.0	35.0
9	108985628	26.0	54.0
9	109015295	28.0	53.0
9	109285918	38.0	47.0
9	110461278	29.0	42.0
9	111604351	9.0	34.0
9	111770311	27.0	45.0
9	111914436	22.0	47.0
9	112719322	36.0	30.0
9	113065022	28.0	22.0
9	115291508	22.0	47.0
9	115479955	15.0	39.0
9	116483018	35.0	37.0
9	116579278	20.0	38.0
9	116618739	17.0	31.0
9	118264090	15.0	16.0
9	118462802	28.0	44.0
9	118827292	35.0	33.0
9	118896865	28.0	23.0
9	119571146	28.0	48.0
9	119970953	30.0	50.0
9	120501511	31.0	37.0
9	120600209	20.0	17.0
9	120664420	30.0	50.0
9	120796165	37.0	47.0
9	121901212	23.0	36.0
9	122316102	25.0	35.0
9	122527768	20.0	39.0
9	122631711	24.0	33.0
9	123805530	28.0	51.0
9	124242183	23.0	26.0
9	125297111	9.0	30.0
9	126751859	5.0	34.0
9	127043863	25.0	24.0
9	128826689	9.0	28.0
9	129202696	18.0	40.0
9	129235252	26.0	35.0
9	129374071	13.0	29.0
9	129401014	29.0	31.0
9	129463561	25.0	40.0
9	130388510	28.0	25.0
9	132721948	33.0	38.0
9	134166431	21.0	24.0
9	136170460	5.0	16.0
9	136772497	24.0	40.0
9	137351854	23.0	49.0
9	137678311	15.0	40.0
9	138167188	25.0	28.0
9	138228884	24.0	28.0
9	138380816	20.0	25.0
9	138391725	18.0	30.0
9	138638282	22.0	41.0
9	138670765	5.0	11.0
9	139419468	17.0	25.0
9	140943924	19.0	27.0
X	2025860	12.0	10.0
X	4902487	30.0	15.0
X	5062952	32.0	12.0
X	5199420	15.0	10.0
X	5517563	29.0	14.0
X	6099339	23.0	10.0
X	6210543	32.0	9.0
X	6805565	28.0	5.0
X	7438569	30.0	16.0
X	8882386	21.0	13.0
X	9040140	32.0	10.0
X	9391627	25.0	12.0
X	10416141	3.0	21.0
X	11368957	29.0	13.0
X	11660622	5.0	46.0
X	11774517	29.0	9.0
X	12009908	35.0	19.0
X	12088416	25.0	7.0
X	12157673	20.0	5.0
X	12280868	22.0	10.0
X	12578981	6.0	3.0
X	12749910	31.0	11.0
X	14081769	39.0	19.0
X	17651258	33.0	8.0
X	21056553	32.0	10.0
X	22345827	43.0	6.0
X	22371813	4.0	40.0
X	22975193	31.0	10.0
X	24066616	17.0	4.0
X	25778882	24.0	20.0
X	25789305	27.0	21.0
X	26620912	24.0	17.0
X	27300664	19.0	9.0
X	27353993	32.0	11.0
X	27548789	30.0	15.0
X	27895093	27.0	5.0
X	28583868	17.0	6.0
X	30037176	26.0	22.0
X	30127363	34.0	17.0
X	30174664	40.0	11.0
X	30959580	21.0	8.0
X	31257357	9.0	26.0
X	32456489	33.0	11.0
X	32593587	43.0	13.0
X	33767033	33.0	14.0
X	34112571	34.0	11.0
X	35767235	31.0	8.0
X	35838218	4.0	40.0
X	39128546	28.0	12.0
X	39885526	32.0	12.0
X	41657812	35.0	21.0
X	43626510	18.0	12.0
X	46429654	26.0	10.0
X	48189865	10.0	7.0
X	48214865	25.0	7.0
X	48639469	4.0	33.0
X	49391435	28.0	10.0
X	49622377	22.0	4.0
X	49751901	32.0	17.0
X	50203909	4.0	33.0
X	50401045	36.0	7.0
X	50507431	20.0	11.0
X	52962004	15.0	4.0
X	53295916	21.0	11.0
X	54041836	9.0	2.0
X	54328791	26.0	3.0
X	56044345	35.0	9.0
X	56993032	31.0	9.0
X	57576534	27.0	17.0
X	61885700	4.0	38.0
X	62159438	35.0	14.0
X	62248036	25.0	15.0
X	63809372	27.0	10.0
X	65180791	24.0	12.0
X	65760774	30.0	9.0
X	65832226	32.0	14.0
X	66351856	28.0	8.0
X	66871013	14.0	13.0
X	68542153	25.0	6.0
X	70780890	25.0	6.0
X	70834205	23.0	10.0
X	74042193	30.0	10.0
X	74785805	35.0	10.0
X	75653570	29.0	15.0
X	75693239	37.0	16.0
X	77376947	28.0	8.0
X	77523214	24.0	9.0
X	77598728	34.0	12.0
X	78163539	20.0	14.0
X	78257432	26.0	13.0
X	78587923	33.0	15.0
X	78805602	20.0	3.0
X	82355246	17.0	8.0
X	82487163	33.0	10.0
X	83128449	30.0	16.0
X	84095719	28.0	11.0
X	85771484	30.0	9.0
X	86138658	21.0	8.0
X	86239659	20.0	10.0
X	86521078	34.0	12.0
X	86826281	25.0	11.0
X	87038718	31.0	14.0
X	87316973	28.0	6.0
X	87523684	22.0	15.0
X	87645133	4.0	21.0
X	87837184	29.0	13.0
X	88109199	31.0	12.0
X	90605026	19.0	16.0
X	93506106	35.0	11.0
X	93617226	19.0	8.0
X	94501349	10.0	9.0
X	96730134	36.0	7.0
X	97251496	8.0	15.0
X	97493178	40.0	8.0
X	97737533	27.0	8.0
X	98856942	27.0	13.0
X	101023822	4.0	36.0
X	103258571	27.0	10.0
X	103966751	28.0	19.0
X	106397896	37.0	13.0
X	106758209	24.0	10.0
X	108732346	23.0	9.0
X	112751984	7.0	44.0
X	113345649	34.0	11.0
X	113372357	19.0	13.0
X	115009837	34.0	12.0
X	116280154	36.0	14.0
X	118837363	25.0	6.0
X	120623290	26.0	11.0
X	121182268	23.0	13.0
X	123005392	16.0	5.0
X	124604806	27.0	11.0
X	124919228	18.0	3.0
X	125092941	32.0	15.0
X	125562098	19.0	17.0
X	125584078	33.0	10.0
X	125792186	27.0	10.0
X	127134975	30.0	9.0
X	127440573	28.0	12.0
X	132636166	32.0	8.0
X	133418535	32.0	14.0
X	135940731	18.0	8.0
X	137604133	21.0	11.0
X	138156798	26.0	11.0
X	138554805	34.0	17.0
X	140446566	35.0	13.0
X	141232027	19.0	8.0
X	141519269	23.0	9.0
X	142013354	31.0	14.0
X	142208435	26.0	10.0
X	142208438	25.0	9.0
X	148070268	29.0	14.0
X	148113982	20.0	10.0
X	149225584	27.0	19.0
X	150487921	17.0	4.0
X	150612821	27.0	14.0
X	152227983	25.0	10.0
X	152595350	40.0	10.0
X	152792619	23.0	9.0
X	153644509	3.0	30.0
X	153832921	28.0	12.0
X	153887468	28.0	5.0
X	154742569	26.0	15.0
