chromosome_index	start_position	end_position	major_cn	minor_cn	total_cn
1	1	790008	1.0	0.0	1.0
1	790009	50740006	1.0	1.0	2.0
1	50740007	54052500	3.0	1.0	4.0
1	54052501	55890269	1.0	0.0	1.0
1	55890270	56789912	1.0	1.0	2.0
1	56789913	57019999	1.0	1.0	2.0
1	57020000	57179978	1.0	1.0	2.0
1	57179979	57467439	1.0	1.0	2.0
1	57467440	57869994	3.0	1.0	4.0
1	57869995	58074000	1.0	1.0	2.0
1	58074001	58476793	2.0	2.0	4.0
1	58476794	58507740	1.0	1.0	2.0
1	58507741	58786725	1.0	1.0	2.0
1	58786726	58844050	1.0	1.0	2.0
1	58844051	60549965	1.0	1.0	2.0
1	60549966	65809998	1.0	1.0	2.0
1	65809999	78630011	1.0	1.0	2.0
1	78630012	84888756	1.0	1.0	2.0
1	84888757	119520202	1.0	1.0	2.0
1	119520203	121499999	1.0	1.0	2.0
1	121500000	128899999	1.0	1.0	2.0
1	128900000	168464402	1.0	1.0	2.0
1	168464403	214979844	1.0	1.0	2.0
1	214979845	221090090	1.0	1.0	2.0
1	221090091	222620201	1.0	1.0	2.0
1	222620202	236126394	1.0	1.0	2.0
1	236126395	239511799	1.0	1.0	2.0
1	239511800	247249600	1.0	1.0	2.0
1	247249601	249250620	1.0	1.0	2.0
2	42991	12332202	1.0	1.0	2.0
2	12332203	14963600	1.0	1.0	2.0
2	14963601	19796001	1.0	1.0	2.0
2	19796002	23432043	1.0	1.0	2.0
2	23432044	42099566	1.0	1.0	2.0
2	42099567	47212682	1.0	1.0	2.0
2	47212683	53726001	1.0	1.0	2.0
2	53726002	68229002	1.0	1.0	2.0
2	68229003	90499999	1.0	1.0	2.0
2	90500000	96799999	1.0	1.0	2.0
2	96800000	118522801	1.0	1.0	2.0
2	118522802	140254252	1.0	1.0	2.0
2	140254253	150651074	1.0	1.0	2.0
2	150651075	159321625	1.0	1.0	2.0
2	159321626	160723700	1.0	1.0	2.0
2	160723701	179391602	1.0	1.0	2.0
2	179391603	242979500	1.0	1.0	2.0
3	15753	98047	1.0	1.0	2.0
3	98048	1039952	1.0	1.0	2.0
3	1039953	4478865	1.0	1.0	2.0
3	4478866	5223289	1.0	1.0	2.0
3	5223290	5696185	1.0	1.0	2.0
3	5696186	5833844	1.0	1.0	2.0
3	5833845	5883543	1.0	1.0	2.0
3	5883544	6220021	1.0	1.0	2.0
3	6220022	8409979	1.0	1.0	2.0
3	8409980	31510000	1.0	1.0	2.0
3	31510001	36759985	1.0	1.0	2.0
3	36759986	53255835	1.0	1.0	2.0
3	53255836	53382103	1.0	1.0	2.0
3	53382104	53651332	1.0	0.0	1.0
3	53651333	56474273	1.0	1.0	2.0
3	56474274	62539025	1.0	1.0	2.0
3	62539026	68973600	1.0	1.0	2.0
3	68973601	87899999	1.0	1.0	2.0
3	87900000	93899999	1.0	1.0	2.0
3	93900000	101715004	1.0	1.0	2.0
3	101715005	102009997	2.0	2.0	4.0
3	102009998	111235082	1.0	1.0	2.0
3	111235083	118470020	1.0	1.0	2.0
3	118470021	129940401	1.0	1.0	2.0
3	129940402	139360426	1.0	1.0	2.0
3	139360427	152824136	1.0	1.0	2.0
3	152824137	155559994	1.0	1.0	2.0
3	155559995	176440726	1.0	1.0	2.0
3	176440727	178007462	1.0	1.0	2.0
3	178007463	178030121	1.0	1.0	2.0
3	178030122	178735801	1.0	1.0	2.0
3	178735802	191390017	1.0	1.0	2.0
3	191390018	191939995	2.0	1.0	3.0
3	191939996	197790227	1.0	1.0	2.0
4	27791	10162002	1.0	1.0	2.0
4	10162003	24238200	1.0	1.0	2.0
4	24238201	48199999	1.0	1.0	2.0
4	48200000	52699999	1.0	1.0	2.0
4	52700000	58120325	1.0	1.0	2.0
4	58120326	78163261	1.0	1.0	2.0
4	78163262	95810066	1.0	1.0	2.0
4	95810067	108840042	1.0	1.0	2.0
4	108840043	111574201	1.0	1.0	2.0
4	111574202	113939974	1.0	1.0	2.0
4	113939975	120238039	1.0	1.0	2.0
4	120238040	123646108	1.0	1.0	2.0
4	123646109	128469401	1.0	1.0	2.0
4	128469402	139695631	1.0	1.0	2.0
4	139695632	190811134	1.0	1.0	2.0
5	22500	15019956	1.0	1.0	2.0
5	15019957	46099999	1.0	1.0	2.0
5	46100000	50699999	1.0	1.0	2.0
5	50700000	52690401	1.0	1.0	2.0
5	52690402	56590021	1.0	1.0	2.0
5	56590022	94752289	1.0	1.0	2.0
5	94752290	110693700	1.0	1.0	2.0
5	110693701	148308601	1.0	1.0	2.0
5	148308602	180689978	1.0	1.0	2.0
6	39681	206091	1.0	0.0	1.0
6	206092	10060045	1.0	1.0	2.0
6	10060046	58699999	1.0	1.0	2.0
6	58700000	63299999	1.0	1.0	2.0
6	63300000	74780101	1.0	1.0	2.0
6	74780102	87607592	1.0	1.0	2.0
6	87607593	90734833	1.0	1.0	2.0
6	90734834	143235401	1.0	1.0	2.0
6	143235402	170905605	1.0	1.0	2.0
7	42038	7075010	3.0	1.0	4.0
7	7075011	8510894	1.0	1.0	2.0
7	8510895	11805103	1.0	1.0	2.0
7	11805104	20713625	1.0	1.0	2.0
7	20713626	42879987	1.0	1.0	2.0
7	42879988	48209932	1.0	1.0	2.0
7	48209933	57999999	1.0	1.0	2.0
7	58000000	61699999	1.0	1.0	2.0
7	61700000	62470401	1.0	1.0	2.0
7	62470402	92241002	1.0	1.0	2.0
7	92241003	96607201	1.0	1.0	2.0
7	96607202	103229973	3.0	1.0	4.0
7	103229974	158821400	1.0	1.0	2.0
8	1	172499	1.0	1.0	2.0
8	172500	3330003	1.0	1.0	2.0
8	3330004	3340000	1.0	1.0	2.0
8	3340001	5838729	1.0	1.0	2.0
8	5838730	6278088	1.0	1.0	2.0
8	6278089	23646402	1.0	0.0	1.0
8	23646403	24692800	1.0	1.0	2.0
8	24692801	29894836	1.0	0.0	1.0
8	29894837	43099999	1.0	1.0	2.0
8	43100000	48099999	1.0	1.0	2.0
8	48100000	61038750	1.0	1.0	2.0
8	61038751	70188400	1.0	1.0	2.0
8	70188401	98135000	1.0	1.0	2.0
8	98135001	117010704	1.0	1.0	2.0
8	117010705	117011942	1.0	1.0	2.0
8	117011943	126760160	1.0	1.0	2.0
8	126760161	129169982	1.0	1.0	2.0
8	129169983	135440776	1.0	1.0	2.0
8	135440777	136940048	1.0	1.0	2.0
8	136940049	138190062	1.0	1.0	2.0
8	138190063	140533863	1.0	1.0	2.0
8	140533864	146364021	3.0	1.0	4.0
9	1	248777	1.0	1.0	2.0
9	248778	17690018	1.0	1.0	2.0
9	17690019	19539956	1.0	1.0	2.0
9	19539957	27700009	1.0	1.0	2.0
9	27700010	44895988	1.0	1.0	2.0
9	44895989	47299999	1.0	1.0	2.0
9	47300000	50699999	1.0	1.0	2.0
9	50700000	103559941	1.0	1.0	2.0
9	103559942	117550174	1.0	1.0	2.0
9	117550175	122313736	1.0	1.0	2.0
9	122313737	122757239	1.0	1.0	2.0
9	122757240	140273200	1.0	1.0	2.0
10	95074	8570271	1.0	1.0	2.0
10	8570272	10950729	1.0	1.0	2.0
10	10950730	37999999	1.0	1.0	2.0
10	38000000	42299999	1.0	1.0	2.0
10	42300000	65655045	1.0	1.0	2.0
10	65655046	86642323	1.0	1.0	2.0
10	86642324	112930016	1.0	1.0	2.0
10	112930017	116909995	1.0	1.0	2.0
10	116909996	135395937	3.0	1.0	4.0
11	198062	4315000	3.0	1.0	4.0
11	4315001	20879979	1.0	1.0	2.0
11	20879980	40060012	1.0	1.0	2.0
11	40060013	48930458	1.0	1.0	2.0
11	48930459	51566847	1.0	1.0	2.0
11	51566848	55699999	1.0	1.0	2.0
11	55700000	57834020	1.0	1.0	2.0
11	57834021	59199964	1.0	1.0	2.0
11	59199965	83097068	1.0	1.0	2.0
11	83097069	101766001	1.0	1.0	2.0
11	101766002	111035254	1.0	1.0	2.0
11	111035255	128299967	1.0	1.0	2.0
11	128299968	134452200	1.0	1.0	2.0
12	110107	33224960	1.0	1.0	2.0
12	33224961	33299999	1.0	1.0	2.0
12	33300000	38199999	1.0	1.0	2.0
12	38200000	42339600	1.0	1.0	2.0
12	42339601	47302816	1.0	1.0	2.0
12	47302817	71777408	1.0	1.0	2.0
12	71777409	76279215	1.0	1.0	2.0
12	76279216	77462550	1.0	1.0	2.0
12	77462551	98733687	1.0	1.0	2.0
12	98733688	132349400	1.0	1.0	2.0
12	132349401	133851894	1.0	0.0	1.0
13	1	16299999	1.0	0.0	1.0
13	19500000	34378290	1.0	1.0	2.0
13	34378291	47294221	1.0	1.0	2.0
13	47294222	48443254	1.0	1.0	2.0
13	48443255	53640080	1.0	1.0	2.0
13	53640081	94930793	1.0	1.0	2.0
13	94930794	114142800	1.0	1.0	2.0
13	114142801	114948761	1.0	1.0	2.0
14	1	16099999	1.0	1.0	2.0
14	16100000	19099999	1.0	1.0	2.0
14	19100000	20502920	1.0	1.0	2.0
14	20502921	25226449	1.0	1.0	2.0
14	25226450	34235258	1.0	1.0	2.0
14	34235259	53709080	1.0	1.0	2.0
14	53709081	54656671	1.0	1.0	2.0
14	54656672	62380054	1.0	1.0	2.0
14	62380055	66539990	1.0	1.0	2.0
14	66539991	87328430	1.0	1.0	2.0
14	87328431	88592400	1.0	1.0	2.0
14	88592401	102984273	1.0	1.0	2.0
14	102984274	104365856	1.0	0.0	1.0
14	104365857	106368400	3.0	1.0	4.0
15	1	15799999	1.0	0.0	1.0
15	20700000	35586647	1.0	1.0	2.0
15	35586648	46189961	1.0	1.0	2.0
15	46189962	53160402	1.0	1.0	2.0
15	53160403	98406001	1.0	1.0	2.0
15	98406002	100338800	1.0	1.0	2.0
15	100338801	102381515	1.0	0.0	1.0
16	84870	8568680	1.0	1.0	2.0
16	8568681	10284853	1.0	1.0	2.0
16	10284854	16430401	1.0	1.0	2.0
16	16430402	18142819	1.0	1.0	2.0
16	18142820	21292292	1.0	1.0	2.0
16	21292293	21335120	1.0	0.0	1.0
16	21335121	34599999	1.0	1.0	2.0
16	34600000	38599999	1.0	1.0	2.0
16	38600000	76049723	1.0	1.0	2.0
16	76049724	76889990	1.0	1.0	2.0
16	76889991	77017154	1.0	1.0	2.0
16	77017155	82100014	1.0	1.0	2.0
16	82100015	88827200	3.0	1.0	4.0
16	88827201	90354752	1.0	1.0	2.0
17	1869	21537499	3.0	1.0	4.0
17	25800000	78774600	1.0	1.0	2.0
17	78774601	81195209	1.0	1.0	2.0
18	10001	161921	1.0	0.0	1.0
18	161922	998251	3.0	1.0	4.0
18	998252	3999982	1.0	1.0	2.0
18	3999983	5379799	1.0	1.0	2.0
18	5379800	15399999	1.0	1.0	2.0
18	15400000	18999999	1.0	1.0	2.0
18	19000000	22267130	1.0	1.0	2.0
18	22267131	43143076	1.0	1.0	2.0
18	43143077	57720002	1.0	1.0	2.0
18	57720003	59404285	1.0	1.0	2.0
18	59404286	76067000	1.0	1.0	2.0
18	76067001	78077247	1.0	1.0	2.0
19	102500	255498	1.0	1.0	2.0
19	255499	9363454	1.0	1.0	2.0
19	9363455	9931517	1.0	0.0	1.0
19	9931518	9942346	1.0	0.0	1.0
19	9942347	9943590	1.0	0.0	1.0
19	9943591	9943602	1.0	0.0	1.0
19	9943603	21097935	1.0	1.0	2.0
19	21097936	24399999	1.0	1.0	2.0
19	28600000	42759418	3.0	1.0	4.0
19	42759419	43076569	1.0	0.0	1.0
19	43076570	59128982	3.0	1.0	4.0
20	43931	6159935	1.0	1.0	2.0
20	6159936	8312002	1.0	1.0	2.0
20	8312003	10744800	1.0	1.0	2.0
20	10744801	11524670	1.0	1.0	2.0
20	11524671	25599999	1.0	1.0	2.0
20	30376722	30708523	1.0	0.0	1.0
20	30708524	30883817	1.0	1.0	2.0
20	30883818	31269836	1.0	0.0	1.0
20	31269837	31919937	1.0	1.0	2.0
20	31919938	32383893	1.0	1.0	2.0
20	32383894	37832499	1.0	1.0	2.0
20	37832500	44173637	1.0	1.0	2.0
20	44173638	44646541	1.0	0.0	1.0
20	44646542	54918735	1.0	1.0	2.0
20	54918736	62435800	3.0	1.0	4.0
21	10900000	15273231	1.0	1.0	2.0
21	15273232	18620024	1.0	1.0	2.0
21	18620025	19662203	1.0	1.0	2.0
21	19662204	25396992	1.0	1.0	2.0
21	25396993	26901200	1.0	1.0	2.0
21	26901201	27700033	1.0	1.0	2.0
21	27700034	30209971	1.0	1.0	2.0
21	30209972	46944200	1.0	1.0	2.0
21	46944201	48129894	1.0	0.0	1.0
22	1	12199999	1.0	0.0	1.0
22	17900000	34349982	1.0	1.0	2.0
22	34349983	49691400	1.0	1.0	2.0
22	49691401	51304565	1.0	0.0	1.0
