chromosome_index	start_position	end_position	major_cn	minor_cn	total_cn
1	1	182499	2.0	1.0	3.0
1	182500	121499999	2.0	1.0	3.0
1	121500000	128899999	2.0	1.0	3.0
1	128900000	143495802	2.0	1.0	3.0
1	143495803	211633170	2.0	1.0	3.0
1	211633171	211799101	2.0	0.0	2.0
1	211799102	247247500	2.0	1.0	3.0
1	247247501	249250620	2.0	1.0	3.0
2	20016	54036989	2.0	2.0	4.0
2	54036990	54040089	2.0	2.0	4.0
2	54040090	90499999	2.0	2.0	4.0
2	90500000	96799999	2.0	2.0	4.0
2	96800000	101085796	2.0	2.0	4.0
2	101085797	242980063	2.0	0.0	2.0
3	17500	100073	2.0	2.0	4.0
3	100074	87899999	2.0	2.0	4.0
3	87900000	93899999	2.0	2.0	4.0
3	93900000	126833740	2.0	2.0	4.0
3	126833741	197806873	4.0	2.0	6.0
4	27500	78885	2.0	2.0	4.0
4	78886	12650207	2.0	2.0	4.0
4	12650208	12658719	2.0	1.0	3.0
4	12658720	13213287	2.0	2.0	4.0
4	13213288	13369966	2.0	2.0	4.0
4	13369967	19971052	2.0	2.0	4.0
4	19971053	19999820	2.0	2.0	4.0
4	19999821	25656261	2.0	2.0	4.0
4	25656262	47714145	2.0	0.0	2.0
4	47714146	48199999	2.0	2.0	4.0
4	48200000	52699999	2.0	2.0	4.0
4	52700000	103878487	2.0	2.0	4.0
4	103878488	103918365	3.0	2.0	5.0
4	103918366	110253665	2.0	2.0	4.0
4	110253666	110261886	2.0	2.0	4.0
4	110261887	191154275	2.0	2.0	4.0
5	39977	46099999	2.0	2.0	4.0
5	46100000	50699999	2.0	2.0	4.0
5	50700000	52272328	2.0	2.0	4.0
5	52272329	98079106	2.0	0.0	2.0
5	98079107	107463726	2.0	2.0	4.0
5	107463727	107577038	2.0	0.0	2.0
5	107577039	144079199	2.0	2.0	4.0
5	144079200	144080268	2.0	2.0	4.0
5	144080269	180704538	2.0	2.0	4.0
6	39681	204483	4.0	2.0	6.0
6	204484	20732384	4.0	2.0	6.0
6	20732385	20750368	2.0	2.0	4.0
6	20750369	20870994	2.0	2.0	4.0
6	20870995	21564909	4.0	2.0	6.0
6	21564910	21682612	2.0	2.0	4.0
6	21682613	21715854	4.0	2.0	6.0
6	21715855	21889877	2.0	2.0	4.0
6	21889878	21912792	2.0	0.0	2.0
6	21912793	22638008	2.0	2.0	4.0
6	22638009	22984672	4.0	2.0	6.0
6	22984673	23002379	2.0	2.0	4.0
6	23002380	23145344	4.0	2.0	6.0
6	23145345	23244472	2.0	2.0	4.0
6	23244473	23412506	4.0	2.0	6.0
6	23412507	23641153	2.0	2.0	4.0
6	23641154	26562410	4.0	2.0	6.0
6	26562411	27121819	2.0	2.0	4.0
6	27121820	27446669	4.0	2.0	6.0
6	27446670	27566674	4.0	2.0	6.0
6	27566675	28134468	4.0	2.0	6.0
6	28134469	28599654	2.0	2.0	4.0
6	28599655	28723191	2.0	2.0	4.0
6	28723192	58699999	2.0	2.0	4.0
6	58700000	63299999	2.0	2.0	4.0
6	63300000	65386031	2.0	2.0	4.0
6	65386032	170907734	2.0	0.0	2.0
7	65401	48380066	2.0	0.0	2.0
7	48380067	57999999	2.0	2.0	4.0
7	58000000	61699999	2.0	2.0	4.0
7	61700000	92681832	2.0	2.0	4.0
7	92681833	92988152	3.0	2.0	5.0
7	92988153	156211024	2.0	2.0	4.0
7	156211025	158821400	4.0	2.0	6.0
8	164050	7226103	1.0	0.0	1.0
8	7226104	32241481	1.0	0.0	1.0
8	32241482	33584577	2.0	0.0	2.0
8	33584578	33825058	8.0	2.0	10.0
8	33825059	33830260	4.0	2.0	6.0
8	33830261	35054230	2.0	0.0	2.0
8	35054231	35468629	8.0	2.0	10.0
8	35468630	35516352	7.0	2.0	9.0
8	35516353	36898187	6.0	2.0	8.0
8	36898188	39184045	3.0	2.0	5.0
8	39184046	39230024	6.0	2.0	8.0
8	39230025	40005452	6.0	2.0	8.0
8	40005453	40211768	6.0	2.0	8.0
8	40211769	40370501	7.0	2.0	9.0
8	40370502	43099999	7.0	2.0	9.0
8	48100000	51763794	7.0	2.0	9.0
8	51763795	51765319	8.0	2.0	10.0
8	51765320	54208198	8.0	2.0	10.0
8	54208199	54212614	8.0	2.0	10.0
8	54212615	54217230	8.0	2.0	10.0
8	54217231	54218444	8.0	2.0	10.0
8	54218445	55181366	8.0	2.0	10.0
8	55181367	55270199	8.0	4.0	12.0
8	55270200	55270494	8.0	4.0	12.0
8	55270495	55294234	8.0	2.0	10.0
8	55294235	55379137	8.0	4.0	12.0
8	55379138	55379511	4.0	2.0	6.0
8	55379512	55385809	4.0	2.0	6.0
8	55385810	63551063	8.0	2.0	10.0
8	63551064	64390268	8.0	2.0	10.0
8	64390269	64391540	8.0	2.0	10.0
8	64391541	71374957	2.0	2.0	4.0
8	71374958	146364021	2.0	2.0	4.0
9	10001	244283	2.0	0.0	2.0
9	244284	7124999	2.0	0.0	2.0
9	7125000	24501281	2.0	0.0	2.0
9	24501282	25366493	2.0	0.0	2.0
9	25366494	30084695	2.0	2.0	4.0
9	30084696	30089051	2.0	0.0	2.0
9	30089052	44236201	2.0	0.0	2.0
9	44236202	47299999	2.0	0.0	2.0
9	47300000	50699999	2.0	0.0	2.0
9	50700000	140273200	2.0	0.0	2.0
10	93528	37999999	2.0	2.0	4.0
10	38000000	42299999	2.0	2.0	4.0
10	42300000	85985991	2.0	2.0	4.0
10	85985992	90392699	2.0	0.0	2.0
10	90392700	102707639	2.0	2.0	4.0
10	102707640	107960090	2.0	2.0	4.0
10	107960091	113272230	3.0	2.0	5.0
10	113272231	114805034	3.0	2.0	5.0
10	114805035	115185090	2.0	2.0	4.0
10	115185091	129074281	2.0	2.0	4.0
10	129074282	135389304	2.0	2.0	4.0
11	20721	207399	2.0	0.0	2.0
11	207400	25910958	2.0	0.0	2.0
11	25910959	51599999	2.0	1.0	3.0
11	51600000	55699999	2.0	1.0	3.0
11	55700000	134800842	2.0	1.0	3.0
12	110107	1461253	2.0	2.0	4.0
12	1461254	1490312	2.0	0.0	2.0
12	1490313	33299999	2.0	1.0	3.0
12	38200000	59360262	2.0	2.0	4.0
12	59360263	60011658	4.0	2.0	6.0
12	60011659	60014054	4.0	2.0	6.0
12	60014055	132349400	2.0	1.0	3.0
12	132349401	133851894	2.0	1.0	3.0
13	1	16299999	3.0	0.0	3.0
13	16300000	19499999	3.0	0.0	3.0
13	19500000	34736975	3.0	0.0	3.0
13	34736976	43741845	2.0	0.0	2.0
13	43741846	43754771	2.0	2.0	4.0
13	43754772	102766005	2.0	0.0	2.0
13	102766006	102776961	2.0	0.0	2.0
13	102776962	114142800	2.0	0.0	2.0
13	114142801	115169877	2.0	0.0	2.0
14	1	16099999	2.0	1.0	3.0
14	16100000	19099999	2.0	1.0	3.0
14	19100000	64698552	2.0	1.0	3.0
14	64698553	64726323	2.0	2.0	4.0
14	64726324	71740039	2.0	1.0	3.0
14	71740040	71944824	2.0	0.0	2.0
14	71944825	106368400	2.0	1.0	3.0
15	1	15799999	2.0	2.0	4.0
15	15800000	20699999	2.0	2.0	4.0
15	20700000	43003125	2.0	2.0	4.0
15	43003126	43004757	2.0	2.0	4.0
15	43004758	43054232	4.0	2.0	6.0
15	43054233	43218050	2.0	2.0	4.0
15	43218051	43510006	3.0	2.0	5.0
15	43510007	52345810	2.0	2.0	4.0
15	52345811	53747734	3.0	2.0	5.0
15	53747735	53748176	3.0	2.0	5.0
15	53748177	53749438	2.0	2.0	4.0
15	53749439	59186663	2.0	2.0	4.0
15	59186664	59188326	2.0	2.0	4.0
15	59188327	79639731	2.0	1.0	3.0
15	79639732	100338800	2.0	0.0	2.0
15	100338801	102448152	2.0	0.0	2.0
16	94036	34464998	2.0	0.0	2.0
16	34464999	34599999	2.0	0.0	2.0
16	34600000	38599999	2.0	0.0	2.0
16	38600000	46447499	2.0	0.0	2.0
16	46447500	47519992	2.0	0.0	2.0
16	47519993	48681638	1.0	0.0	1.0
16	48681639	48781468	1.0	0.0	1.0
16	48781469	48783639	1.0	0.0	1.0
16	48783640	48786771	1.0	0.0	1.0
16	48786772	48866260	1.0	0.0	1.0
16	48866261	48932325	1.0	0.0	1.0
16	48932326	88827200	1.0	0.0	1.0
16	88827201	90354752	1.0	0.0	1.0
17	828	22199999	2.0	0.0	2.0
17	22200000	25799999	2.0	0.0	2.0
17	25800000	44233627	2.0	0.0	2.0
17	44233628	44790025	2.0	0.0	2.0
17	44790026	78774600	2.0	0.0	2.0
17	78774601	81195209	2.0	0.0	2.0
18	27500	14136060	2.0	1.0	3.0
18	14136061	15399999	2.0	2.0	4.0
18	15400000	18999999	2.0	2.0	4.0
18	19000000	40822601	2.0	2.0	4.0
18	40822602	72780359	2.0	1.0	3.0
18	72780360	72832068	2.0	2.0	4.0
18	72832069	74481897	2.0	1.0	3.0
18	74481898	76117000	2.0	0.0	2.0
18	76117001	78077247	2.0	0.0	2.0
19	102500	255405	2.0	0.0	2.0
19	255406	9570001	2.0	0.0	2.0
19	9570002	9580002	2.0	2.0	4.0
19	9580003	10117071	2.0	2.0	4.0
19	10117072	10214864	4.0	2.0	6.0
19	10214865	10215019	4.0	2.0	6.0
19	10215020	10886520	7.0	2.0	9.0
19	10886521	11491172	2.0	2.0	4.0
19	11491173	11509469	2.0	0.0	2.0
19	11509470	12871277	2.0	2.0	4.0
19	12871278	13773746	9.0	2.0	11.0
19	13773747	13774337	7.0	2.0	9.0
19	13774338	13777121	9.0	2.0	11.0
19	13777122	14636927	3.0	2.0	5.0
19	14636928	14895017	2.0	2.0	4.0
19	14895018	15068481	4.0	2.0	6.0
19	15068482	15167237	2.0	2.0	4.0
19	15167238	15167922	3.0	3.0	6.0
19	15167923	15197490	2.0	2.0	4.0
19	15197491	15526564	4.0	2.0	6.0
19	15526565	15760096	2.0	2.0	4.0
19	15760097	15934586	2.0	2.0	4.0
19	15934587	15942777	2.0	2.0	4.0
19	15942778	16467460	5.0	2.0	7.0
19	16467461	17089554	9.0	2.0	11.0
19	17089555	17686456	11.0	2.0	13.0
19	17686457	19189789	2.0	2.0	4.0
19	19189790	19194312	5.0	2.0	7.0
19	19194313	19214579	7.0	2.0	9.0
19	19214580	19452577	4.0	2.0	6.0
19	19452578	19813838	2.0	2.0	4.0
19	19813839	19859969	6.0	2.0	8.0
19	19859970	19925763	2.0	2.0	4.0
19	19925764	24399999	2.0	2.0	4.0
19	29431179	29527826	2.0	2.0	4.0
19	29527827	29623012	2.0	0.0	2.0
19	29623013	30843030	2.0	2.0	4.0
19	30843031	30886841	2.0	0.0	2.0
19	30886842	30937445	2.0	2.0	4.0
19	30937446	43549581	2.0	0.0	2.0
19	43549582	43654698	2.0	0.0	2.0
19	43654699	43801400	2.0	0.0	2.0
19	43801401	59128982	2.0	0.0	2.0
20	17500	25599999	2.0	2.0	4.0
20	25600000	29512499	2.0	2.0	4.0
20	29512500	62432500	2.0	2.0	4.0
21	10900000	14299999	2.0	2.0	4.0
21	14300000	46937500	2.0	2.0	4.0
21	46937501	48129894	2.0	2.0	4.0
22	1	12199999	2.0	0.0	2.0
22	12200000	17899999	2.0	0.0	2.0
22	17900000	24293001	2.0	0.0	2.0
22	24293002	24353075	2.0	0.0	2.0
22	24353076	49687500	2.0	0.0	2.0
22	49687501	51304565	2.0	0.0	2.0
