chromosome_index	start_position	end_position	major_cn	minor_cn	total_cn
1	61735	65703484	1	1	2
1	65703593	65826928	1	0	1
1	65830051	172900301	1	1	2
1	172900795	249224388	2	1	3
2	12784	243089456	1	1	2
3	60345	90279797	1	0	1
3	90283074	197896118	2	1	3
4	12281	40563872	1	0	1
4	40566874	40721523	2	1	3
4	40721542	42831188	1	1	2
4	42831822	45969617	1	0	1
4	45969871	60042340	1	1	2
4	60042556	71204700	2	1	3
4	71205267	191027923	1	1	2
5	15532	24438467	2	1	3
5	24451885	180790320	1	0	1
6	149661	171051005	1	1	2
7	43259	54816011	1	0	1
7	54817231	55715053	30	1	31
7	55716138	77769423	1	1	2
7	77769626	159127004	2	1	3
8	31254	97360186	1	1	2
8	97360472	97417496	1	0	1
8	97417734	141080445	1	1	2
8	141081028	141242824	1	0	1
8	141242865	146298155	1	1	2
9	46587	21828110	1	0	1
9	21828228	22043265	0	0	0
9	22047437	47217176	1	0	1
9	65616971	141091394	2	0	2
10	72759	135506704	1	1	2
11	198572	66622350	1	1	2
11	66641072	68775629	5	1	6
11	68776311	70506836	14	0	14
11	70511624	134944770	1	0	1
12	150442	3426689	10	1	11
12	3426826	5797101	15	1	16
12	5798339	6519451	21	1	22
12	6523223	24593624	5	1	6
12	24593822	26548220	2	1	3
12	26548327	30682829	5	1	6
12	30685516	84531434	2	1	3
12	84533450	85217647	1	1	2
12	85218850	133778189	2	1	3
13	19026949	115108397	1	1	2
14	19002124	77184785	1	1	2
14	77189689	77371136	1	0	1
14	77378116	107285437	1	1	2
15	20016328	34000081	1	0	1
15	34001886	35370077	2	1	3
15	35370353	102469040	1	1	2
16	60777	90287535	1	1	2
17	526	15842120	2	0	2
17	15843560	21540367	1	0	1
17	21542097	25276327	1	1	2
17	25282105	29855932	3	1	4
17	29856942	30878748	2	1	3
17	30880382	31626912	1	1	2
17	31628363	32731801	2	1	3
17	32732829	37715473	1	1	2
17	37715551	38692757	3	1	4
17	38697953	81049726	1	1	2
18	48133	78015057	1	1	2
19	90910	59097854	1	1	2
20	61305	61559166	1	1	2
20	61564206	62956153	6	1	7
21	10736871	48096957	1	1	2
22	16052528	51234455	1	1	2
