chromosome_index position alt_count ref_count
1 1256376 61 124
1 5937354 11 18
1 39833905 61 116
1 92528664 106 232
1 164816033 12 13
1 201289494 3 67
1 216061963 75 96
2 120385285 124 218
2 169757785 7 51
3 38892224 46 103
3 100349573 50 65
4 10448055 9 43
4 47679958 40 73
4 69536075 110 176
4 85611704 10 153
4 162577555 36 103
5 26988213 14 37
5 87516377 48 92
5 125971812 25 323
5 140783915 37 75
5 168690641 15 31
5 179393829 27 52
6 12123451 53 103
6 49754388 54 124
7 41729925 34 125
7 75617603 29 137
7 98636012 34 113
7 106509059 70 261
7 142460295 151 1105
9 27949565 36 58
9 40771979 8 44
9 112015778 97 213
11 65367001 14 79
12 42631967 4 30
12 95603097 121 207
12 131438960 14 81
13 24330744 12 171
13 50623315 37 40
14 106174430 9 15
14 106733326 140 330
15 20657646 7 57
15 23445491 63 390
15 33359642 48 110
15 62182532 33 93
15 89421142 8 15
15 96877739 28 47
16 4827935 4 10
17 26864328 23 49
17 42882434 105 340
17 47247186 9 9
18 14479332 4 7
18 58039563 39 72
19 4475292 14 116
19 12638084 34 196
19 43762524 35 703
19 48878966 55 207
19 55106242 83 222
20 13279761 4 39
