chromosome_index	start_position	end_position	major_cn	minor_cn	total_cn
1	10001	71982201	1.0	1.0	2.0
1	71982202	74470034	1.0	1.0	2.0
1	74470035	75490357	1.0	1.0	2.0
1	75490358	77037728	1.0	1.0	2.0
1	77037729	77100005	1.0	0.0	1.0
1	77100006	81240029	1.0	1.0	2.0
1	81240030	98584401	1.0	1.0	2.0
1	98584402	98629834	1.0	0.0	1.0
1	98629835	107113442	1.0	1.0	2.0
1	107113443	121352201	1.0	1.0	2.0
1	121352202	128899999	1.0	1.0	2.0
1	128900000	191016728	1.0	1.0	2.0
1	191016729	197516200	1.0	1.0	2.0
1	197516201	247249779	1.0	1.0	2.0
1	247249780	249250620	1.0	1.0	2.0
2	30762	41029912	1.0	1.0	2.0
2	41029913	56916829	1.0	1.0	2.0
2	56916830	67093758	1.0	1.0	2.0
2	67093759	67322423	1.0	1.0	2.0
2	67322424	74003824	1.0	1.0	2.0
2	74003825	74004615	1.0	1.0	2.0
2	74004616	81658359	1.0	1.0	2.0
2	81658360	89876402	1.0	1.0	2.0
2	89876403	90499999	1.0	1.0	2.0
2	90500000	96799999	1.0	1.0	2.0
2	96800000	97877835	1.0	1.0	2.0
2	97877836	98177836	0.0	0.0	0.0
2	98177837	124090038	1.0	1.0	2.0
2	124090039	124289918	1.0	1.0	2.0
2	124289919	124309988	0.0	0.0	0.0
2	124309989	137064304	1.0	1.0	2.0
2	137064305	137876701	1.0	1.0	2.0
2	137876702	145472467	1.0	1.0	2.0
2	145472468	147370684	1.0	1.0	2.0
2	147370685	156404459	1.0	1.0	2.0
2	156404460	165612332	1.0	1.0	2.0
2	165612333	165672437	1.0	0.0	1.0
2	165672438	169299739	1.0	1.0	2.0
2	169299740	169802867	1.0	0.0	1.0
2	169802868	169823309	0.0	0.0	0.0
2	169823310	170585546	1.0	0.0	1.0
2	170585547	170590946	1.0	1.0	2.0
2	170590947	170591217	1.0	1.0	2.0
2	170591218	185146135	1.0	1.0	2.0
2	185146136	185149445	1.0	1.0	2.0
2	185149446	189523785	1.0	1.0	2.0
2	189523786	195869801	1.0	1.0	2.0
2	195869802	213151229	1.0	1.0	2.0
2	213151230	213203561	0.0	0.0	0.0
2	213203562	242951000	1.0	1.0	2.0
3	80957	1361123	1.0	1.0	2.0
3	1361124	1410018	1.0	1.0	2.0
3	1410019	6154753	1.0	1.0	2.0
3	6154754	6229990	0.0	0.0	0.0
3	6229991	26931390	1.0	1.0	2.0
3	26931391	26963816	0.0	0.0	0.0
3	26963817	28330246	1.0	1.0	2.0
3	28330247	35400006	1.0	1.0	2.0
3	35400007	35871654	1.0	1.0	2.0
3	35871655	69112829	1.0	1.0	2.0
3	69112830	73075824	1.0	0.0	1.0
3	73075825	76795401	1.0	1.0	2.0
3	76795402	76869978	0.0	0.0	0.0
3	76869979	79186595	1.0	1.0	2.0
3	79186596	79186650	1.0	0.0	1.0
3	79186651	79220710	1.0	0.0	1.0
3	79220711	79548028	1.0	0.0	1.0
3	79548029	79554016	1.0	1.0	2.0
3	79554017	79554146	1.0	1.0	2.0
3	79554147	79797784	1.0	1.0	2.0
3	79797785	79798160	1.0	1.0	2.0
3	79798161	82425008	1.0	1.0	2.0
3	82425009	82959986	1.0	1.0	2.0
3	82959987	83121528	0.0	0.0	0.0
3	83121529	86380001	1.0	1.0	2.0
3	86380002	87899999	1.0	1.0	2.0
3	87900000	93899999	1.0	1.0	2.0
3	93900000	105280054	1.0	1.0	2.0
3	105280055	119241440	1.0	1.0	2.0
3	119241441	120645492	1.0	0.0	1.0
3	120645493	120655134	1.0	0.0	1.0
3	120655135	121296745	1.0	0.0	1.0
3	121296746	121745205	1.0	1.0	2.0
3	121745206	121745490	1.0	0.0	1.0
3	121745491	121753012	1.0	0.0	1.0
3	121753013	123513254	1.0	0.0	1.0
3	123513255	138018654	1.0	1.0	2.0
3	138018655	138292545	1.0	0.0	1.0
3	138292546	138301767	1.0	1.0	2.0
3	138301768	155902033	1.0	1.0	2.0
3	155902034	156069150	1.0	0.0	1.0
3	156069151	164473814	1.0	1.0	2.0
3	164473815	197847500	1.0	1.0	2.0
4	47884	29313922	1.0	1.0	2.0
4	29313923	29339511	0.0	0.0	0.0
4	29339512	46145649	1.0	1.0	2.0
4	46145650	48199999	1.0	1.0	2.0
4	48200000	52699999	1.0	1.0	2.0
4	52700000	63768625	1.0	1.0	2.0
4	63768626	63839113	1.0	0.0	1.0
4	63839114	97930738	1.0	1.0	2.0
4	97930739	97961144	0.0	0.0	0.0
4	97961145	117592006	1.0	1.0	2.0
4	117592007	130743105	1.0	1.0	2.0
4	130743106	130767267	0.0	0.0	0.0
4	130767268	150535000	1.0	1.0	2.0
4	150535001	161991083	1.0	1.0	2.0
4	161991084	162009147	1.0	1.0	2.0
4	162009148	190798560	1.0	1.0	2.0
5	22500	26289995	1.0	1.0	2.0
5	26289996	26320043	0.0	0.0	0.0
5	26320044	44344538	1.0	1.0	2.0
5	44344539	44399980	0.0	0.0	0.0
5	44399981	44607544	1.0	1.0	2.0
5	44607545	44629918	0.0	0.0	0.0
5	44629919	45937458	1.0	1.0	2.0
5	45937459	46099999	0.0	0.0	0.0
5	50700000	50819548	1.0	1.0	2.0
5	50819549	50863770	0.0	0.0	0.0
5	50863771	51410068	1.0	1.0	2.0
5	51410069	68606712	1.0	1.0	2.0
5	68606713	72310044	1.0	0.0	1.0
5	72310045	98533763	1.0	1.0	2.0
5	98533764	98564387	0.0	0.0	0.0
5	98564388	100669391	1.0	1.0	2.0
5	100669392	100812769	0.0	0.0	0.0
5	100812770	102249971	1.0	1.0	2.0
5	102249972	109539918	1.0	1.0	2.0
5	109539919	110915030	1.0	1.0	2.0
5	110915031	117473833	1.0	1.0	2.0
5	117473834	117517015	0.0	0.0	0.0
5	117517016	160602636	1.0	1.0	2.0
5	160602637	180689978	1.0	1.0	2.0
6	39681	220025	1.0	1.0	2.0
6	220026	58016900	1.0	1.0	2.0
6	58016901	58699999	1.0	1.0	2.0
6	63300000	63523878	1.0	1.0	2.0
6	63523879	63599981	0.0	0.0	0.0
6	63599982	67119970	1.0	1.0	2.0
6	67119971	67196764	0.0	0.0	0.0
6	67196765	69380960	1.0	1.0	2.0
6	69380961	69450849	0.0	0.0	0.0
6	69450850	82360039	1.0	1.0	2.0
6	82360040	82450015	0.0	0.0	0.0
6	82450016	82749910	1.0	1.0	2.0
6	82749911	93059995	1.0	1.0	2.0
6	93059996	93130168	1.0	1.0	2.0
6	93130169	93831152	1.0	1.0	2.0
6	93831153	93854803	0.0	0.0	0.0
6	93854804	102470030	1.0	1.0	2.0
6	102470031	126760611	1.0	1.0	2.0
6	126760612	127485815	1.0	1.0	2.0
6	127485816	170914088	1.0	1.0	2.0
7	40386	8619935	1.0	1.0	2.0
7	8619936	11682117	1.0	1.0	2.0
7	11682118	11789980	0.0	0.0	0.0
7	11789981	57952530	1.0	1.0	2.0
7	57952531	57956833	1.0	0.0	1.0
7	57956834	57987500	1.0	0.0	1.0
7	61862501	62006377	2.0	0.0	2.0
7	62006378	62008255	2.0	2.0	4.0
7	62008256	62457613	1.0	1.0	2.0
7	62457614	84139990	1.0	1.0	2.0
7	84139991	84219994	0.0	0.0	0.0
7	84219995	99723021	1.0	1.0	2.0
7	99723022	100009093	1.0	0.0	1.0
7	100009094	115557495	1.0	1.0	2.0
7	115557496	158821400	1.0	1.0	2.0
8	10001	161221	1.0	1.0	2.0
8	161222	41361960	1.0	0.0	1.0
8	41361961	41367770	1.0	0.0	1.0
8	41367771	41367933	1.0	1.0	2.0
8	41367934	43099999	1.0	1.0	2.0
8	48100000	65135000	1.0	1.0	2.0
8	65135001	65250004	1.0	0.0	1.0
8	65250005	78411002	1.0	1.0	2.0
8	78411003	78507034	0.0	0.0	0.0
8	78507035	84340036	1.0	1.0	2.0
8	84340037	87188483	1.0	1.0	2.0
8	87188484	87418245	1.0	0.0	1.0
8	87418246	88556895	1.0	1.0	2.0
8	88556896	113893674	1.0	1.0	2.0
8	113893675	113918487	0.0	0.0	0.0
8	113918488	146364021	1.0	1.0	2.0
9	10001	203309	1.0	1.0	2.0
9	203310	22740020	1.0	1.0	2.0
9	22740021	29409457	1.0	1.0	2.0
9	29409458	29436587	0.0	0.0	0.0
9	29436588	31128068	1.0	1.0	2.0
9	31128069	31206004	0.0	0.0	0.0
9	31206005	31604152	1.0	1.0	2.0
9	31604153	47299999	1.0	1.0	2.0
9	47300000	50699999	1.0	1.0	2.0
9	50700000	66823402	1.0	1.0	2.0
9	66823403	69949801	1.0	1.0	2.0
9	69949802	75949996	1.0	1.0	2.0
9	75949997	75999995	0.0	0.0	0.0
9	75999996	83246313	1.0	1.0	2.0
9	83246314	94839798	1.0	1.0	2.0
9	94839799	94839966	1.0	1.0	2.0
9	94839967	103543691	1.0	1.0	2.0
9	103543692	140273200	1.0	1.0	2.0
10	90127	21874644	1.0	1.0	2.0
10	21874645	22688724	1.0	0.0	1.0
10	22688725	22689390	1.0	0.0	1.0
10	22689391	23360279	1.0	0.0	1.0
10	23360280	37999999	1.0	1.0	2.0
10	42435011	42471912	0.0	0.0	0.0
10	42471913	42622499	0.0	0.0	0.0
10	42622500	62856611	1.0	1.0	2.0
10	62856612	62993210	0.0	0.0	0.0
10	62993211	107880000	1.0	1.0	2.0
10	107880001	135235639	1.0	1.0	2.0
10	135235640	135389924	1.0	0.0	1.0
11	20721	196943	1.0	1.0	2.0
11	196944	25249201	1.0	1.0	2.0
11	25249202	25280384	0.0	0.0	0.0
11	25280385	48685535	1.0	1.0	2.0
11	48685536	48933902	0.0	0.0	0.0
11	48933903	50354339	1.0	1.0	2.0
11	50354340	50466407	0.0	0.0	0.0
11	50466408	50520542	0.0	0.0	0.0
11	50520543	50667740	0.0	0.0	0.0
11	50667741	50717500	0.0	0.0	0.0
11	50717501	51203919	0.0	0.0	0.0
11	51203920	51387002	0.0	0.0	0.0
11	51387003	51559588	1.0	1.0	2.0
11	55700000	59190020	1.0	1.0	2.0
11	59190021	80120936	1.0	1.0	2.0
11	80120937	80622165	1.0	1.0	2.0
11	80622166	80643852	0.0	0.0	0.0
11	80643853	81789096	1.0	1.0	2.0
11	81789097	84451470	1.0	1.0	2.0
11	84451471	87620001	1.0	1.0	2.0
11	87620002	100229943	1.0	1.0	2.0
11	100229944	134452200	1.0	1.0	2.0
12	110107	29121240	1.0	1.0	2.0
12	29121241	33299999	1.0	1.0	2.0
12	38200000	38299860	0.0	0.0	0.0
12	38299861	38356446	0.0	0.0	0.0
12	38356447	38416024	3.0	0.0	3.0
12	38416025	59780032	1.0	1.0	2.0
12	59780033	59819994	0.0	0.0	0.0
12	59819995	65138377	1.0	1.0	2.0
12	65138378	67344180	1.0	0.0	1.0
12	67344181	67431672	1.0	1.0	2.0
12	67431673	67628169	1.0	0.0	1.0
12	67628170	87939967	1.0	1.0	2.0
12	87939968	88818478	1.0	1.0	2.0
12	88818479	88843474	1.0	1.0	2.0
12	88843475	132349400	1.0	1.0	2.0
12	132349401	133851894	1.0	1.0	2.0
13	16300000	19499999	1.0	1.0	2.0
13	19500000	57556722	1.0	1.0	2.0
13	57556723	68128730	1.0	1.0	2.0
13	68128731	68152206	0.0	0.0	0.0
13	68152207	75804150	1.0	1.0	2.0
13	75804151	75804248	1.0	0.0	1.0
13	75804249	75808011	1.0	0.0	1.0
13	75808012	75808923	1.0	1.0	2.0
13	75808924	76189178	1.0	1.0	2.0
13	76189179	76189195	1.0	1.0	2.0
13	76189196	114142800	1.0	1.0	2.0
13	114142801	115169877	1.0	1.0	2.0
14	16100000	19099999	1.0	1.0	2.0
14	19100000	28500030	1.0	1.0	2.0
14	28500031	28540831	1.0	0.0	1.0
14	28540832	40410595	1.0	1.0	2.0
14	40410596	40540087	0.0	0.0	0.0
14	40540088	46438310	1.0	1.0	2.0
14	46438311	46624202	1.0	1.0	2.0
14	46624203	85777097	1.0	1.0	2.0
14	85777098	106368400	1.0	1.0	2.0
15	15800000	20699999	1.0	1.0	2.0
15	20700000	22495426	1.0	1.0	2.0
15	22495427	100374858	1.0	1.0	2.0
15	100374859	102531391	1.0	1.0	2.0
16	9999	106776	1.0	1.0	2.0
16	106777	4758764	1.0	1.0	2.0
16	4758765	4840837	1.0	0.0	1.0
16	4840838	32512499	1.0	1.0	2.0
16	32512500	32599898	1.0	1.0	2.0
16	32599899	34599999	1.0	1.0	2.0
16	38600000	46409201	1.0	1.0	2.0
16	46409202	61697314	1.0	1.0	2.0
16	61697315	71657076	1.0	1.0	2.0
16	71657077	88827200	1.0	0.0	1.0
16	88827201	90354752	1.0	0.0	1.0
17	3587	22199999	1.0	1.0	2.0
17	22200000	25799999	1.0	1.0	2.0
17	25800000	29161379	1.0	1.0	2.0
17	29161380	29666899	1.0	0.0	1.0
17	29666900	41636317	1.0	1.0	2.0
17	41636318	42819545	1.0	0.0	1.0
17	42819546	78774600	1.0	1.0	2.0
17	78774601	81195209	1.0	1.0	2.0
18	27500	80030	2.0	1.0	3.0
18	80031	15384077	1.0	1.0	2.0
18	15384078	18999999	1.0	1.0	2.0
18	19000000	26739977	1.0	1.0	2.0
18	26739978	38679601	1.0	1.0	2.0
18	38679602	64610015	1.0	1.0	2.0
18	64610016	76117000	1.0	1.0	2.0
18	76117001	78077247	1.0	1.0	2.0
19	102500	254303	1.0	1.0	2.0
19	254304	24399950	1.0	1.0	2.0
19	24399951	28599999	1.0	1.0	2.0
19	28600000	45590164	1.0	1.0	2.0
19	45590165	45595475	1.0	1.0	2.0
19	45595476	59128982	1.0	1.0	2.0
20	29234	25599999	1.0	1.0	2.0
20	25600000	29866276	1.0	1.0	2.0
20	29866277	62432500	1.0	1.0	2.0
21	10858403	14368601	1.0	1.0	2.0
21	14368602	31525547	1.0	1.0	2.0
21	31525548	31525853	1.0	1.0	2.0
21	31525854	31594390	1.0	1.0	2.0
21	31594391	31594512	1.0	1.0	2.0
21	31594513	31600427	1.0	1.0	2.0
21	31600428	31600495	1.0	1.0	2.0
21	31600496	39881568	1.0	1.0	2.0
21	39881569	42871417	1.0	0.0	1.0
21	42871418	46937500	1.0	1.0	2.0
21	46937501	48129894	1.0	1.0	2.0
22	12200000	17899999	1.0	1.0	2.0
22	17900000	49687500	1.0	1.0	2.0
22	49687501	51304565	1.0	1.0	2.0
