chromosome_index	position	alt_count	ref_count
1	2042054	4.0	30.0
1	2813333	32.0	31.0
1	4345085	22.0	23.0
1	4822834	21.0	32.0
1	5079999	17.0	31.0
1	5165021	15.0	28.0
1	5366724	18.0	28.0
1	5740663	3.0	41.0
1	6332634	21.0	24.0
1	9380562	8.0	20.0
1	9386783	15.0	16.0
1	9600281	14.0	17.0
1	9917815	20.0	21.0
1	10066067	20.0	15.0
1	11863263	6.0	16.0
1	14773408	23.0	23.0
1	16728218	20.0	20.0
1	17818215	19.0	29.0
1	20482110	17.0	34.0
1	21526290	11.0	39.0
1	25773422	14.0	35.0
1	27114875	16.0	15.0
1	27421171	15.0	24.0
1	33574889	5.0	53.0
1	34987000	16.0	29.0
1	35672946	6.0	14.0
1	37712443	23.0	29.0
1	40369491	16.0	15.0
1	42306615	15.0	30.0
1	42944784	25.0	16.0
1	44216430	16.0	25.0
1	44912580	20.0	28.0
1	45034247	23.0	30.0
1	50224120	16.0	27.0
1	50722928	17.0	36.0
1	52960355	29.0	28.0
1	53597997	20.0	27.0
1	57059350	4.0	55.0
1	57069473	17.0	21.0
1	63059302	16.0	27.0
1	63337693	18.0	30.0
1	63787524	20.0	18.0
1	64292253	13.0	32.0
1	65144979	23.0	30.0
1	65802181	20.0	38.0
1	66821917	27.0	35.0
1	69105288	27.0	37.0
1	69668095	19.0	30.0
1	71151082	13.0	19.0
1	71407795	23.0	28.0
1	72887104	11.0	27.0
1	74226633	27.0	36.0
1	78122957	14.0	22.0
1	78707113	19.0	20.0
1	81995233	24.0	41.0
1	83008264	23.0	32.0
1	84035823	22.0	35.0
1	89072666	14.0	25.0
1	89442766	11.0	27.0
1	96357958	14.0	38.0
1	97691630	31.0	37.0
1	104438873	24.0	37.0
1	107562532	11.0	17.0
1	109841884	21.0	25.0
1	110154435	19.0	30.0
1	111723855	22.0	25.0
1	111888269	17.0	44.0
1	112289543	20.0	29.0
1	114048165	4.0	18.0
1	115746846	17.0	39.0
1	117577960	27.0	15.0
1	117658832	19.0	35.0
1	119031236	25.0	31.0
1	149138355	13.0	34.0
1	149148998	16.0	45.0
1	150391389	11.0	49.0
1	150958236	8.0	43.0
1	152936286	21.0	52.0
1	154098455	18.0	23.0
1	154324908	11.0	47.0
1	155393593	16.0	47.0
1	156624410	46.0	24.0
1	157042547	44.0	49.0
1	157182574	20.0	74.0
1	157251696	49.0	58.0
1	157859495	73.0	26.0
1	158336488	14.0	90.0
1	158336489	14.0	92.0
1	158996419	5.0	89.0
1	161592263	19.0	50.0
1	162450831	18.0	67.0
1	164390108	16.0	90.0
1	164552881	72.0	34.0
1	165755628	20.0	82.0
1	166311292	21.0	52.0
1	166322510	15.0	64.0
1	167137091	28.0	58.0
1	167251419	16.0	50.0
1	167459589	5.0	63.0
1	167498695	13.0	65.0
1	167671884	35.0	51.0
1	169402702	24.0	71.0
1	169547615	77.0	32.0
1	169874291	13.0	64.0
1	170294209	65.0	33.0
1	170787041	16.0	77.0
1	171297741	9.0	56.0
1	174075581	20.0	71.0
1	175133495	5.0	92.0
1	175498787	26.0	91.0
1	175667885	17.0	63.0
1	176990815	25.0	77.0
1	178098002	12.0	92.0
1	180141988	21.0	63.0
1	180727864	20.0	89.0
1	182360827	6.0	44.0
1	183662475	21.0	72.0
1	184430651	24.0	67.0
1	184524786	15.0	52.0
1	185236902	17.0	66.0
1	186284852	8.0	69.0
1	186953390	34.0	75.0
1	189167499	70.0	28.0
1	189614561	54.0	25.0
1	189762074	24.0	84.0
1	189925809	17.0	78.0
1	190888630	25.0	90.0
1	191954023	21.0	76.0
1	192808255	19.0	62.0
1	193093253	22.0	85.0
1	195216836	22.0	64.0
1	199224326	25.0	91.0
1	199828584	44.0	37.0
1	200855644	23.0	47.0
1	201005544	37.0	39.0
1	201328444	9.0	49.0
1	202857581	34.0	30.0
1	203288012	11.0	33.0
1	207618613	17.0	76.0
1	207859052	32.0	59.0
1	209795661	15.0	76.0
1	210312964	10.0	47.0
1	212311952	20.0	40.0
1	212742097	19.0	68.0
1	213062453	19.0	67.0
1	214773415	18.0	33.0
1	215975599	23.0	68.0
1	216148807	19.0	85.0
1	217474287	7.0	93.0
1	217831749	22.0	57.0
1	218458675	11.0	34.0
1	220049099	9.0	73.0
1	220188800	21.0	66.0
1	220561168	53.0	57.0
1	220912121	17.0	61.0
1	221163461	78.0	43.0
1	224932697	13.0	79.0
1	225443970	17.0	68.0
1	226188406	16.0	62.0
1	228935621	22.0	64.0
1	229206235	18.0	46.0
1	229626372	14.0	55.0
1	230213341	14.0	67.0
1	230484728	21.0	73.0
1	230497482	19.0	76.0
1	232063213	47.0	56.0
1	232599560	21.0	74.0
1	233940131	22.0	50.0
1	234595367	15.0	64.0
1	235350919	6.0	84.0
1	235757971	13.0	47.0
1	237874677	26.0	78.0
1	240715420	21.0	70.0
1	240852218	34.0	37.0
1	240989465	11.0	59.0
1	241042026	78.0	27.0
1	241410309	6.0	95.0
1	242107049	34.0	18.0
1	242266802	16.0	72.0
1	242803190	28.0	91.0
1	243834664	19.0	68.0
1	244013918	17.0	15.0
1	245335700	16.0	52.0
1	246197081	14.0	54.0
1	247687384	5.0	88.0
1	248290398	67.0	24.0
1	248463556	19.0	76.0
1	248892430	17.0	63.0
10	630671	4.0	16.0
10	1536408	7.0	40.0
10	1610491	20.0	17.0
10	1807985	22.0	32.0
10	2875285	12.0	29.0
10	2875286	12.0	30.0
10	6666377	24.0	33.0
10	6773129	14.0	26.0
10	10917210	15.0	22.0
10	11472095	14.0	21.0
10	11833972	15.0	22.0
10	12318777	18.0	17.0
10	12917955	4.0	44.0
10	12990164	17.0	22.0
10	13306549	22.0	28.0
10	14175507	25.0	16.0
10	14912978	17.0	41.0
10	16299655	17.0	34.0
10	17023641	2.0	9.0
10	18607740	20.0	33.0
10	19376715	29.0	26.0
10	19726938	15.0	33.0
10	20199278	16.0	20.0
10	24924091	34.0	27.0
10	26808835	10.0	21.0
10	33270191	12.0	26.0
10	34312563	11.0	10.0
10	35978448	21.0	30.0
10	43587033	19.0	29.0
10	48615381	9.0	22.0
10	50090258	21.0	22.0
10	50438406	15.0	26.0
10	52071969	15.0	22.0
10	56174615	19.0	40.0
10	56825605	14.0	26.0
10	58041791	22.0	33.0
10	59048914	18.0	26.0
10	59422028	18.0	17.0
10	59915124	13.0	29.0
10	64032659	19.0	27.0
10	64071364	24.0	39.0
10	64345891	12.0	29.0
10	65052520	15.0	21.0
10	66239808	19.0	33.0
10	67895779	4.0	42.0
10	72265220	15.0	16.0
10	76760242	23.0	37.0
10	76888259	15.0	20.0
10	80641825	22.0	36.0
10	82839399	25.0	34.0
10	85126894	20.0	27.0
10	85254683	18.0	32.0
10	86004214	25.0	17.0
10	87261078	14.0	29.0
10	87527023	25.0	37.0
10	87686424	12.0	21.0
10	87853857	22.0	35.0
10	88395819	4.0	38.0
10	88555791	17.0	29.0
10	89723578	25.0	36.0
10	92454954	4.0	52.0
10	93636932	19.0	28.0
10	94715172	12.0	35.0
10	95781696	15.0	26.0
10	97877644	9.0	5.0
10	97982069	21.0	23.0
10	98070499	21.0	31.0
10	99531363	11.0	11.0
10	103666299	20.0	34.0
10	104540910	18.0	27.0
10	104985023	18.0	42.0
10	106760405	12.0	30.0
10	107850703	24.0	31.0
10	110193889	19.0	30.0
10	110418760	18.0	24.0
10	111011565	9.0	34.0
10	111239154	21.0	27.0
10	114060869	18.0	25.0
10	116643010	4.0	47.0
10	116795335	21.0	26.0
10	119256923	22.0	21.0
10	119902558	16.0	34.0
10	120860973	17.0	19.0
10	123765060	6.0	14.0
10	124436623	17.0	19.0
10	124728469	23.0	28.0
10	127880349	20.0	22.0
10	130469978	16.0	34.0
10	130528044	16.0	27.0
10	131184035	14.0	29.0
10	131770574	17.0	20.0
10	132326941	23.0	27.0
10	132858850	18.0	25.0
10	134020418	13.0	27.0
11	915814	9.0	22.0
11	2547905	16.0	18.0
11	3055684	16.0	16.0
11	3139162	12.0	25.0
11	5246633	23.0	31.0
11	6328941	15.0	19.0
11	6554293	24.0	27.0
11	7708001	20.0	38.0
11	9457839	15.0	31.0
11	9482683	9.0	9.0
11	9792228	20.0	34.0
11	10933167	13.0	33.0
11	15635163	20.0	36.0
11	16810088	16.0	29.0
11	17568243	23.0	23.0
11	19001446	18.0	23.0
11	19013990	20.0	40.0
11	19557862	23.0	21.0
11	19664425	5.0	28.0
11	20734960	4.0	36.0
11	21858490	28.0	39.0
11	24944673	14.0	21.0
11	25852265	18.0	26.0
11	26449410	17.0	30.0
11	27053292	15.0	28.0
11	27913139	22.0	31.0
11	28725452	19.0	33.0
11	32529097	17.0	26.0
11	33571775	15.0	19.0
11	34540732	16.0	31.0
11	37095957	20.0	27.0
11	38435104	14.0	22.0
11	38911393	16.0	35.0
11	39042707	10.0	26.0
11	40687386	21.0	38.0
11	44881978	24.0	23.0
11	45888354	4.0	34.0
11	46336073	3.0	25.0
11	46556778	4.0	45.0
11	49099513	19.0	23.0
11	49685723	16.0	29.0
11	49873864	8.0	19.0
11	50489195	24.0	34.0
11	50549087	25.0	25.0
11	55116843	19.0	24.0
11	55502778	20.0	31.0
11	55921009	15.0	30.0
11	56119216	26.0	27.0
11	56522103	15.0	18.0
11	57441109	19.0	23.0
11	59161201	23.0	31.0
11	59404582	11.0	32.0
11	60265085	31.0	27.0
11	63278615	10.0	28.0
11	63537303	6.0	23.0
11	63982336	11.0	18.0
11	64054831	15.0	24.0
11	68246193	10.0	23.0
11	69661178	9.0	32.0
11	70456583	13.0	22.0
11	71850038	9.0	19.0
11	72808517	16.0	23.0
11	73175026	17.0	17.0
11	74090944	18.0	29.0
11	76506406	18.0	21.0
11	76730702	27.0	31.0
11	77993656	15.0	24.0
11	79169139	16.0	40.0
11	81301060	25.0	30.0
11	84548009	18.0	26.0
11	87294665	14.0	37.0
11	88821583	17.0	32.0
11	89653757	13.0	25.0
11	90177584	19.0	32.0
11	91071104	17.0	32.0
11	91373369	22.0	29.0
11	92344579	18.0	33.0
11	94412075	25.0	24.0
11	98035412	11.0	26.0
11	98113146	17.0	22.0
11	103690356	11.0	30.0
11	105424019	24.0	22.0
11	110833634	20.0	30.0
11	111497601	18.0	24.0
11	114428527	11.0	17.0
11	114768237	25.0	36.0
11	115835934	15.0	42.0
11	115995606	24.0	24.0
11	116150447	11.0	32.0
11	117895696	19.0	29.0
11	121897439	20.0	34.0
11	122139777	14.0	32.0
11	122594301	11.0	25.0
11	123792240	24.0	28.0
11	123834088	15.0	28.0
11	126620817	35.0	37.0
11	126938407	9.0	31.0
11	127310047	24.0	32.0
11	127555798	28.0	39.0
11	127560705	19.0	33.0
11	127579045	20.0	29.0
11	127906909	20.0	31.0
11	128310423	17.0	25.0
11	129576355	15.0	32.0
11	131251943	30.0	37.0
11	131679306	16.0	21.0
11	131846331	20.0	31.0
11	131858565	17.0	36.0
11	132497218	13.0	35.0
11	132750755	26.0	30.0
11	132933532	19.0	29.0
11	132946638	27.0	28.0
11	133890334	14.0	18.0
11	134597088	17.0	23.0
12	1191709	14.0	17.0
12	1690253	16.0	28.0
12	4329482	25.0	23.0
12	4381471	5.0	16.0
12	5296850	14.0	34.0
12	5545807	28.0	45.0
12	10064176	17.0	33.0
12	10178156	26.0	29.0
12	11240195	4.0	43.0
12	11333563	24.0	30.0
12	11526835	23.0	38.0
12	14523021	18.0	32.0
12	14523022	17.0	32.0
12	15314801	21.0	23.0
12	16619051	20.0	43.0
12	17297148	14.0	45.0
12	17465452	24.0	22.0
12	17685703	16.0	25.0
12	18006153	29.0	25.0
12	20059316	16.0	32.0
12	21403098	24.0	25.0
12	23478623	17.0	27.0
12	24208407	18.0	27.0
12	24252455	20.0	39.0
12	24321058	19.0	25.0
12	25130318	24.0	24.0
12	26148952	19.0	57.0
12	28454722	16.0	28.0
12	28495568	16.0	32.0
12	30105645	18.0	27.0
12	30946106	16.0	32.0
12	34497650	16.0	27.0
12	38223940	17.0	20.0
12	39608685	27.0	34.0
12	43684483	29.0	41.0
12	43846601	24.0	31.0
12	44215633	26.0	35.0
12	44935927	23.0	25.0
12	46292550	8.0	30.0
12	47514881	20.0	33.0
12	48777311	20.0	39.0
12	49301187	19.0	29.0
12	51703111	19.0	23.0
12	54102231	8.0	17.0
12	55017513	26.0	17.0
12	59369816	22.0	22.0
12	59559762	16.0	24.0
12	61668368	18.0	30.0
12	68737030	16.0	23.0
12	69130585	4.0	31.0
12	70973822	16.0	33.0
12	71608273	23.0	24.0
12	72287267	28.0	30.0
12	76755967	23.0	32.0
12	78135999	22.0	33.0
12	80855826	27.0	22.0
12	81547696	25.0	30.0
12	83420030	18.0	15.0
12	84543929	19.0	26.0
12	84852171	19.0	33.0
12	84930472	25.0	41.0
12	86410910	23.0	37.0
12	90222640	8.0	26.0
12	91405663	24.0	33.0
12	93880795	20.0	31.0
12	95154029	12.0	26.0
12	95824336	28.0	28.0
12	97140318	22.0	30.0
12	97558480	22.0	31.0
12	100122716	18.0	34.0
12	100129551	14.0	31.0
12	102155118	23.0	30.0
12	105328191	24.0	32.0
12	105504372	6.0	44.0
12	107251421	32.0	35.0
12	108659079	16.0	24.0
12	109307896	21.0	24.0
12	114595149	21.0	21.0
12	116214279	18.0	29.0
12	116933518	4.0	46.0
12	117274839	26.0	38.0
12	117316991	9.0	19.0
12	121136965	17.0	20.0
12	121305361	18.0	27.0
12	124831391	16.0	17.0
12	124831392	16.0	18.0
12	125224631	14.0	25.0
12	125892676	14.0	28.0
12	127057192	22.0	25.0
12	127726254	20.0	38.0
12	128514115	18.0	26.0
12	128903092	22.0	24.0
12	129861053	23.0	27.0
12	130576859	11.0	23.0
12	132179392	10.0	16.0
13	19692940	16.0	23.0
13	19774862	17.0	33.0
13	20780601	22.0	21.0
13	20878079	22.0	37.0
13	21788015	23.0	34.0
13	22672113	17.0	35.0
13	23143338	8.0	28.0
13	23204809	16.0	37.0
13	24556238	20.0	34.0
13	24615238	11.0	32.0
13	25337634	11.0	22.0
13	25633872	12.0	35.0
13	27406506	3.0	21.0
13	28803257	19.0	31.0
13	28977856	24.0	30.0
13	30582622	24.0	30.0
13	31027468	15.0	22.0
13	31507363	18.0	26.0
13	32295014	24.0	30.0
13	32797164	12.0	20.0
13	34620507	22.0	43.0
13	35083848	23.0	37.0
13	36868489	14.0	31.0
13	37108750	12.0	27.0
13	37780878	13.0	17.0
13	38179468	26.0	31.0
13	38981909	23.0	23.0
13	39706549	19.0	28.0
13	40150723	22.0	26.0
13	41965881	16.0	21.0
13	44525601	16.0	28.0
13	44598835	18.0	20.0
13	44993164	18.0	22.0
13	47950368	11.0	33.0
13	50440982	19.0	27.0
13	50875738	13.0	16.0
13	51108024	23.0	36.0
13	53638720	18.0	25.0
13	54654341	15.0	38.0
13	54909769	17.0	27.0
13	54973372	13.0	40.0
13	56165392	17.0	28.0
13	56743147	24.0	31.0
13	57492426	15.0	24.0
13	60876961	23.0	35.0
13	62735592	22.0	31.0
13	63300548	18.0	43.0
13	66417214	23.0	35.0
13	66952755	14.0	31.0
13	67427673	18.0	40.0
13	68484442	14.0	21.0
13	68740368	19.0	26.0
13	69757665	14.0	32.0
13	70886188	14.0	32.0
13	70905421	20.0	32.0
13	77307102	28.0	33.0
13	78504946	22.0	36.0
13	78713010	11.0	17.0
13	79078763	21.0	20.0
13	81827569	30.0	23.0
13	82025763	4.0	14.0
13	87201811	18.0	30.0
13	90695509	22.0	33.0
13	90961779	21.0	21.0
13	92089274	18.0	49.0
13	93923519	16.0	33.0
13	94293554	19.0	44.0
13	95430697	22.0	30.0
13	95658035	15.0	24.0
13	96072520	4.0	27.0
13	98080467	29.0	31.0
13	98748239	14.0	17.0
13	99122110	20.0	24.0
13	99296601	11.0	21.0
13	100242063	14.0	18.0
13	101040080	4.0	59.0
13	101637632	31.0	24.0
13	101687859	20.0	15.0
13	102180656	21.0	24.0
13	102420877	16.0	37.0
13	102533924	21.0	43.0
13	103614845	5.0	40.0
13	104677001	32.0	29.0
13	106255042	12.0	32.0
13	107185644	8.0	12.0
13	107291743	17.0	27.0
13	108707896	14.0	23.0
13	108824236	31.0	43.0
13	110635249	17.0	23.0
13	112352096	19.0	32.0
13	113061178	18.0	35.0
13	114635899	19.0	31.0
14	19267747	20.0	30.0
14	19470738	12.0	38.0
14	20232199	15.0	47.0
14	20260235	26.0	51.0
14	20388203	13.0	60.0
14	20395865	21.0	61.0
14	22364567	23.0	38.0
14	23176664	18.0	36.0
14	23398903	17.0	22.0
14	23958511	16.0	26.0
14	25466747	21.0	24.0
14	29248701	21.0	41.0
14	29820551	25.0	29.0
14	33655054	17.0	43.0
14	34572356	16.0	33.0
14	40330602	21.0	28.0
14	43206052	14.0	28.0
14	46662351	4.0	34.0
14	50590391	14.0	30.0
14	53479809	11.0	24.0
14	53673819	7.0	33.0
14	58816330	22.0	27.0
14	59536956	17.0	37.0
14	59558896	17.0	29.0
14	60746332	17.0	22.0
14	61910734	18.0	27.0
14	65396902	28.0	25.0
14	66938028	27.0	38.0
14	69638894	15.0	26.0
14	70478937	20.0	33.0
14	70682032	12.0	18.0
14	71682470	6.0	30.0
14	73747763	26.0	32.0
14	74149392	9.0	22.0
14	76449379	21.0	24.0
14	80031123	18.0	27.0
14	82137745	4.0	36.0
14	84079943	18.0	27.0
14	84760150	22.0	25.0
14	85184052	20.0	36.0
14	85902001	15.0	23.0
14	86028822	3.0	34.0
14	86710997	11.0	22.0
14	86812127	29.0	24.0
14	87298268	18.0	20.0
14	87435136	22.0	25.0
14	88012673	4.0	41.0
14	90713495	14.0	26.0
14	93769919	21.0	20.0
14	93789599	19.0	31.0
14	94124461	20.0	28.0
14	95012114	19.0	29.0
14	96819855	11.0	14.0
14	97441028	24.0	24.0
14	98137155	26.0	40.0
14	99034827	15.0	28.0
14	99600650	20.0	23.0
14	105133562	15.0	26.0
15	20104199	9.0	15.0
15	22429866	26.0	47.0
15	22802634	15.0	23.0
15	23667465	16.0	21.0
15	25487898	16.0	35.0
15	27057158	20.0	28.0
15	27065139	23.0	43.0
15	27099939	13.0	28.0
15	27839627	24.0	29.0
15	28050124	13.0	18.0
15	28165502	22.0	30.0
15	29143798	16.0	24.0
15	29508605	10.0	33.0
15	32984321	17.0	37.0
15	34460794	3.0	55.0
15	37102920	22.0	32.0
15	38846136	14.0	34.0
15	41366693	16.0	26.0
15	42849671	7.0	8.0
15	43936411	18.0	30.0
15	45429846	3.0	38.0
15	46600217	22.0	43.0
15	46692979	16.0	21.0
15	48138132	9.0	39.0
15	48668556	28.0	38.0
15	49578633	15.0	29.0
15	49603560	14.0	29.0
15	50780877	4.0	35.0
15	54113800	22.0	34.0
15	57059432	7.0	43.0
15	64576199	23.0	29.0
15	64950094	19.0	31.0
15	66850311	17.0	16.0
15	68321130	28.0	35.0
15	68623362	15.0	24.0
15	68957126	18.0	22.0
15	70199467	23.0	34.0
15	72378991	9.0	28.0
15	74562460	21.0	24.0
15	79244423	13.0	22.0
15	80337493	17.0	18.0
15	80433793	12.0	20.0
15	81164478	20.0	18.0
15	86035856	20.0	28.0
15	87809375	17.0	24.0
15	88582294	15.0	27.0
15	88649392	18.0	26.0
15	93816629	21.0	27.0
15	97945992	26.0	36.0
15	98121322	23.0	37.0
15	98590198	18.0	34.0
15	98763591	22.0	25.0
15	98876052	25.0	35.0
15	98913468	21.0	40.0
15	100262320	8.0	47.0
16	3439477	15.0	35.0
16	5468921	11.0	55.0
16	5619784	19.0	53.0
16	5656137	15.0	52.0
16	6488668	10.0	50.0
16	7069426	8.0	35.0
16	7556698	41.0	29.0
16	7594379	4.0	70.0
16	7753524	4.0	85.0
16	7966989	16.0	48.0
16	8720243	17.0	37.0
16	8745444	14.0	37.0
16	8839687	17.0	41.0
16	11447016	46.0	28.0
16	11745563	41.0	19.0
16	11805561	46.0	37.0
16	12074638	23.0	52.0
16	12588956	31.0	30.0
16	12946494	24.0	44.0
16	13329058	22.0	29.0
16	13425604	39.0	23.0
16	13894398	24.0	28.0
16	15755558	18.0	39.0
16	17566330	7.0	27.0
16	17909104	24.0	49.0
16	18040340	16.0	61.0
16	19958812	23.0	39.0
16	20862844	17.0	39.0
16	21389679	20.0	49.0
16	21575575	15.0	112.0
16	23036781	3.0	33.0
16	24467021	20.0	41.0
16	24967717	17.0	40.0
16	25060531	9.0	53.0
16	25890392	33.0	32.0
16	26562053	17.0	51.0
16	26636599	18.0	45.0
16	26658750	15.0	44.0
16	27843987	38.0	53.0
16	27875094	23.0	45.0
16	28627815	14.0	43.0
16	29138128	15.0	53.0
16	34689541	19.0	48.0
16	50834638	17.0	9.0
16	58087121	18.0	11.0
16	59401611	24.0	8.0
16	60357231	27.0	13.0
16	61387916	21.0	11.0
16	62403452	23.0	7.0
16	62619267	29.0	17.0
16	64910425	23.0	6.0
16	65515843	13.0	12.0
16	67063670	7.0	7.0
16	72137244	4.0	24.0
16	73672498	34.0	9.0
16	76974213	16.0	14.0
16	77329354	23.0	9.0
16	77357469	10.0	13.0
16	83487929	25.0	14.0
16	85142510	22.0	7.0
16	87713739	11.0	3.0
16	88672053	17.0	8.0
17	1117326	15.0	14.0
17	2670473	12.0	20.0
17	6678452	12.0	33.0
17	7030301	16.0	17.0
17	7301386	11.0	24.0
17	7621402	18.0	16.0
17	9930777	19.0	32.0
17	10248601	16.0	20.0
17	11560085	27.0	28.0
17	12157655	21.0	27.0
17	12651427	13.0	26.0
17	13314899	24.0	30.0
17	14540592	21.0	31.0
17	16322684	15.0	33.0
17	18598406	15.0	32.0
17	20672527	21.0	15.0
17	21289708	19.0	29.0
17	21859493	23.0	22.0
17	28889955	12.0	29.0
17	32480872	17.0	29.0
17	33511024	21.0	20.0
17	34261752	19.0	25.0
17	35844323	19.0	32.0
17	36502488	21.0	33.0
17	44069404	14.0	23.0
17	49429725	14.0	24.0
17	49452520	11.0	23.0
17	50683433	23.0	42.0
17	52414713	9.0	12.0
17	53880669	30.0	33.0
17	54500397	20.0	30.0
17	54640701	28.0	28.0
17	60918625	15.0	27.0
17	62592424	17.0	21.0
17	63732017	21.0	22.0
17	66583284	18.0	32.0
17	71447222	6.0	28.0
17	72315356	18.0	30.0
17	73074855	8.0	15.0
17	73618649	7.0	27.0
17	77695320	8.0	17.0
17	77998078	20.0	21.0
17	78396701	11.0	24.0
18	323262	25.0	30.0
18	557237	24.0	22.0
18	2423105	25.0	30.0
18	2452896	16.0	30.0
18	2815310	20.0	25.0
18	5329065	29.0	29.0
18	5419191	12.0	26.0
18	6090107	24.0	25.0
18	6422919	18.0	22.0
18	12722088	21.0	35.0
18	14939439	22.0	30.0
18	15339511	16.0	16.0
18	19450957	15.0	29.0
18	19553217	14.0	21.0
18	21451532	18.0	22.0
18	22210444	25.0	26.0
18	24172528	19.0	30.0
18	26152579	15.0	33.0
18	27342621	29.0	31.0
18	27511624	15.0	32.0
18	27698833	18.0	33.0
18	30679748	13.0	29.0
18	31402612	7.0	27.0
18	31839848	21.0	28.0
18	33005346	14.0	10.0
18	34430657	20.0	33.0
18	34430677	19.0	32.0
18	35284784	23.0	35.0
18	38530813	21.0	17.0
18	42779326	24.0	22.0
18	44981649	23.0	26.0
18	47103541	8.0	10.0
18	48747558	9.0	18.0
18	54748638	17.0	24.0
18	54989683	17.0	12.0
18	57869359	27.0	30.0
18	58470355	15.0	25.0
18	60296779	17.0	35.0
18	63167429	13.0	20.0
18	63478335	23.0	33.0
18	65603064	27.0	31.0
18	67629794	22.0	32.0
18	68823740	25.0	30.0
18	68922056	18.0	33.0
18	71052762	17.0	31.0
18	71081897	14.0	40.0
18	72524632	21.0	33.0
18	72555247	21.0	33.0
18	73861254	20.0	32.0
18	75528169	28.0	23.0
18	76038707	25.0	30.0
18	76838648	22.0	22.0
19	684132	23.0	21.0
19	2090539	17.0	29.0
19	3254343	13.0	22.0
19	3708748	22.0	24.0
19	4312214	12.0	19.0
19	4780656	7.0	15.0
19	5845939	20.0	24.0
19	7429722	10.0	26.0
19	7856943	3.0	21.0
19	8289023	7.0	9.0
19	10018060	15.0	19.0
19	10210838	11.0	13.0
19	13772960	23.0	14.0
19	14110209	11.0	27.0
19	15039124	13.0	24.0
19	15990476	11.0	21.0
19	16243184	6.0	14.0
19	16340182	12.0	22.0
19	19114280	15.0	21.0
19	22397522	14.0	20.0
19	22505845	9.0	36.0
19	28675092	23.0	27.0
19	29161797	28.0	36.0
19	29768754	21.0	29.0
19	30996845	3.0	31.0
19	31209378	16.0	37.0
19	31461818	21.0	35.0
19	31897351	23.0	34.0
19	32296780	22.0	28.0
19	32453240	13.0	38.0
19	32460190	16.0	15.0
19	32610168	15.0	34.0
19	33644002	18.0	24.0
19	35171046	4.0	58.0
19	37257344	18.0	16.0
19	37505742	10.0	18.0
19	38062458	18.0	35.0
19	38704415	12.0	13.0
19	38948721	15.0	21.0
19	39666821	15.0	23.0
19	41080878	16.0	21.0
19	41828340	20.0	23.0
19	42983417	23.0	27.0
19	45035582	6.0	26.0
19	46376597	15.0	23.0
19	47704985	24.0	15.0
19	49179875	9.0	23.0
19	49306681	26.0	32.0
19	50078462	4.0	26.0
19	50098354	7.0	7.0
19	50646191	13.0	19.0
19	51772709	18.0	21.0
19	53948435	9.0	32.0
19	54006756	28.0	24.0
19	54811957	22.0	38.0
2	123595	24.0	32.0
2	444171	19.0	29.0
2	2232820	19.0	28.0
2	2321180	17.0	19.0
2	2758717	15.0	26.0
2	2854599	15.0	30.0
2	4464445	17.0	32.0
2	4671210	15.0	25.0
2	6544163	5.0	39.0
2	10551825	11.0	15.0
2	11195812	18.0	18.0
2	13556566	23.0	38.0
2	13993679	33.0	31.0
2	17748869	14.0	25.0
2	21185687	19.0	26.0
2	22322713	23.0	30.0
2	22465843	17.0	33.0
2	25372758	10.0	16.0
2	26807044	10.0	33.0
2	30560237	8.0	20.0
2	30839926	18.0	33.0
2	31536121	24.0	29.0
2	32480498	15.0	15.0
2	33562461	21.0	38.0
2	35301171	8.0	31.0
2	36426733	15.0	24.0
2	36571421	17.0	19.0
2	37861431	16.0	27.0
2	38126354	16.0	25.0
2	38754647	13.0	27.0
2	39721289	20.0	30.0
2	42360334	15.0	24.0
2	45007429	14.0	30.0
2	46247025	14.0	19.0
2	46824548	6.0	64.0
2	47777907	14.0	33.0
2	47913041	17.0	30.0
2	48358494	25.0	32.0
2	49842694	21.0	27.0
2	51672203	28.0	26.0
2	52125379	18.0	31.0
2	54113860	18.0	30.0
2	54300266	24.0	30.0
2	54339232	4.0	54.0
2	55319764	23.0	36.0
2	56571274	32.0	23.0
2	62006701	4.0	20.0
2	62382897	12.0	21.0
2	63008367	5.0	56.0
2	65128256	23.0	33.0
2	65740535	8.0	27.0
2	66385291	16.0	30.0
2	66461517	22.0	30.0
2	69021303	21.0	36.0
2	71326206	19.0	28.0
2	71765397	18.0	31.0
2	71765398	19.0	31.0
2	72366096	9.0	30.0
2	72615038	20.0	30.0
2	76589979	29.0	42.0
2	77995657	14.0	31.0
2	78098135	12.0	27.0
2	78840228	24.0	42.0
2	79625038	18.0	35.0
2	80413544	22.0	34.0
2	86560218	23.0	33.0
2	88705728	16.0	28.0
2	89853995	20.0	158.0
2	90006119	6.0	54.0
2	91771284	34.0	390.0
2	95790967	5.0	24.0
2	97442553	19.0	19.0
2	100140108	13.0	21.0
2	100432753	20.0	22.0
2	103153568	25.0	34.0
2	103864507	24.0	33.0
2	104476629	23.0	37.0
2	104790588	12.0	28.0
2	104905102	27.0	34.0
2	105363548	16.0	28.0
2	105774751	16.0	36.0
2	106361243	9.0	10.0
2	107217263	20.0	20.0
2	107814718	14.0	27.0
2	107929420	5.0	47.0
2	108060350	20.0	30.0
2	108300112	24.0	35.0
2	110254651	30.0	21.0
2	112991249	23.0	33.0
2	113538897	17.0	22.0
2	114111919	21.0	26.0
2	114804698	19.0	23.0
2	115612714	19.0	35.0
2	116119267	17.0	24.0
2	117151737	20.0	29.0
2	117644445	19.0	23.0
2	119112728	17.0	23.0
2	122137376	25.0	25.0
2	122463711	19.0	24.0
2	125439595	13.0	25.0
2	127619138	20.0	28.0
2	130089464	14.0	25.0
2	131854201	14.0	21.0
2	137102536	13.0	27.0
2	140514312	13.0	22.0
2	141595776	21.0	27.0
2	143913167	21.0	33.0
2	145454201	18.0	32.0
2	146002455	20.0	31.0
2	147653502	16.0	33.0
2	148311768	22.0	31.0
2	148962806	19.0	22.0
2	148973109	25.0	29.0
2	150398393	21.0	26.0
2	150623802	19.0	30.0
2	153476370	15.0	21.0
2	154702009	14.0	26.0
2	156011613	20.0	25.0
2	158678928	23.0	37.0
2	160498753	16.0	28.0
2	160512321	13.0	35.0
2	161084684	26.0	18.0
2	161252146	15.0	21.0
2	162928676	28.0	26.0
2	173718618	25.0	33.0
2	176301452	22.0	25.0
2	180918885	16.0	39.0
2	184035583	31.0	35.0
2	185658016	28.0	36.0
2	187017900	11.0	19.0
2	187017901	11.0	19.0
2	188103887	20.0	36.0
2	189341199	10.0	29.0
2	189978798	23.0	32.0
2	194425601	21.0	32.0
2	194904908	13.0	21.0
2	209912455	21.0	30.0
2	210423267	30.0	31.0
2	210926155	18.0	34.0
2	211523999	22.0	27.0
2	211763914	11.0	30.0
2	216971029	9.0	27.0
2	221386886	24.0	40.0
2	221747192	18.0	29.0
2	223477524	19.0	32.0
2	224825830	20.0	29.0
2	227515707	18.0	38.0
2	228045111	19.0	15.0
2	228763748	13.0	30.0
2	228815954	19.0	30.0
2	229325423	16.0	28.0
2	230017022	26.0	28.0
2	231771352	15.0	19.0
2	231969335	20.0	31.0
2	233175166	22.0	27.0
2	234097503	16.0	20.0
2	234366796	10.0	20.0
2	235116550	18.0	31.0
2	236728721	16.0	32.0
2	237151744	16.0	24.0
2	238468690	13.0	18.0
2	238552332	12.0	32.0
2	240457605	19.0	31.0
20	2992349	16.0	24.0
20	4417627	14.0	24.0
20	4472970	23.0	29.0
20	4482531	7.0	21.0
20	5627905	18.0	26.0
20	6529583	24.0	43.0
20	6593294	25.0	40.0
20	7047872	22.0	21.0
20	7745641	26.0	25.0
20	7969365	17.0	28.0
20	8137553	23.0	31.0
20	10078847	26.0	24.0
20	11997681	16.0	40.0
20	13675156	18.0	16.0
20	15457016	25.0	36.0
20	15635534	23.0	25.0
20	15865030	20.0	32.0
20	15884944	19.0	19.0
20	16142581	24.0	24.0
20	19298939	25.0	31.0
20	19748526	12.0	17.0
20	21656940	16.0	26.0
20	22282961	13.0	30.0
20	22904589	19.0	33.0
20	24492364	19.0	19.0
20	25294237	3.0	26.0
20	29913456	16.0	34.0
20	31563621	19.0	34.0
20	31672136	23.0	29.0
20	32552449	13.0	25.0
20	40141471	17.0	27.0
20	41080112	4.0	36.0
20	41286828	25.0	35.0
20	41295540	19.0	28.0
20	47757800	13.0	11.0
20	49895521	10.0	24.0
20	51153978	15.0	32.0
20	52880336	20.0	34.0
20	53818351	16.0	19.0
20	54050783	16.0	35.0
20	54167388	20.0	21.0
20	54186684	22.0	38.0
20	55795637	17.0	13.0
20	57980063	18.0	22.0
20	58416668	24.0	36.0
20	58675080	15.0	30.0
20	59807890	17.0	22.0
20	60501458	19.0	20.0
20	61411176	11.0	17.0
20	61918574	11.0	12.0
21	10815395	10.0	106.0
21	10831697	24.0	100.0
21	16108055	14.0	28.0
21	19402638	22.0	33.0
21	19959343	21.0	40.0
21	21880833	21.0	19.0
21	23973926	3.0	46.0
21	25185477	14.0	30.0
21	26580353	21.0	38.0
21	26760754	20.0	27.0
21	28974973	23.0	42.0
21	31691621	9.0	40.0
21	33913662	18.0	32.0
21	35403672	19.0	33.0
21	39331654	30.0	39.0
21	39408379	15.0	26.0
21	43205441	13.0	36.0
21	44450985	19.0	45.0
21	45530675	17.0	28.0
21	46681766	22.0	26.0
21	47087053	20.0	27.0
22	21809748	20.0	5.0
22	23192317	20.0	7.0
22	25096818	16.0	9.0
22	29192727	12.0	8.0
22	29748899	16.0	5.0
22	37564355	17.0	8.0
22	39134419	15.0	5.0
22	48866573	15.0	11.0
22	49041433	5.0	10.0
22	49041516	12.0	4.0
3	671871	34.0	34.0
3	1190677	1.0	26.0
3	1681151	27.0	31.0
3	1793059	27.0	25.0
3	3114151	9.0	25.0
3	6104425	16.0	23.0
3	6249020	27.0	32.0
3	6313895	16.0	15.0
3	7858154	29.0	26.0
3	8446986	3.0	37.0
3	12564895	6.0	20.0
3	12564903	5.0	19.0
3	13785171	16.0	31.0
3	15873102	26.0	26.0
3	16054739	21.0	21.0
3	19286299	21.0	44.0
3	19325927	25.0	42.0
3	19737493	20.0	26.0
3	20161161	18.0	22.0
3	20237457	22.0	26.0
3	20319249	17.0	23.0
3	20551411	21.0	42.0
3	21394725	24.0	37.0
3	21642580	23.0	31.0
3	23048290	19.0	30.0
3	24264511	17.0	30.0
3	24319734	14.0	23.0
3	25139882	27.0	25.0
3	25281651	16.0	36.0
3	26129956	15.0	26.0
3	28750012	30.0	28.0
3	33179602	19.0	38.0
3	34170196	28.0	39.0
3	34816307	24.0	41.0
3	36317140	22.0	31.0
3	37830476	19.0	22.0
3	41776631	23.0	21.0
3	48398846	7.0	27.0
3	49523982	14.0	30.0
3	52796386	18.0	31.0
3	52962682	2.0	22.0
3	53939808	6.0	66.0
3	55355685	4.0	41.0
3	55518779	17.0	21.0
3	57379968	20.0	36.0
3	59483756	22.0	35.0
3	62880560	16.0	26.0
3	62983599	3.0	45.0
3	64959970	19.0	26.0
3	68598796	5.0	47.0
3	69270722	21.0	25.0
3	69448018	22.0	25.0
3	69506723	12.0	20.0
3	71216494	22.0	28.0
3	71299381	20.0	33.0
3	76181450	16.0	25.0
3	76448963	24.0	32.0
3	80138485	32.0	21.0
3	80238995	31.0	26.0
3	83106171	25.0	27.0
3	83316014	13.0	32.0
3	83899217	14.0	39.0
3	84779611	21.0	26.0
3	84891617	5.0	43.0
3	85419327	12.0	20.0
3	89417325	12.0	36.0
3	90417953	19.0	33.0
3	94214976	21.0	33.0
3	98584723	8.0	28.0
3	100597524	15.0	22.0
3	100634840	22.0	34.0
3	106904290	26.0	33.0
3	107305516	26.0	31.0
3	107481907	12.0	45.0
3	107964911	21.0	27.0
3	108440282	22.0	30.0
3	108981800	22.0	41.0
3	109269707	36.0	26.0
3	109467242	23.0	31.0
3	110440730	20.0	34.0
3	112460425	15.0	45.0
3	113862832	13.0	25.0
3	118031103	23.0	35.0
3	118682292	20.0	33.0
3	119032117	15.0	48.0
3	120120565	15.0	32.0
3	121079646	18.0	27.0
3	130114888	14.0	35.0
3	130228467	18.0	36.0
3	130516489	26.0	26.0
3	131407472	19.0	23.0
3	132337079	35.0	22.0
3	134569193	4.0	34.0
3	135377612	4.0	12.0
3	135485139	17.0	34.0
3	137142662	19.0	22.0
3	137580970	24.0	41.0
3	142996147	29.0	30.0
3	143125305	15.0	27.0
3	144543838	15.0	21.0
3	144939313	23.0	33.0
3	145215904	21.0	29.0
3	145915968	20.0	24.0
3	147257636	31.0	30.0
3	148594931	16.0	24.0
3	150104870	14.0	17.0
3	152357683	21.0	42.0
3	160575294	24.0	18.0
3	160704168	17.0	29.0
3	162968128	17.0	23.0
3	163705989	15.0	33.0
3	164525292	13.0	32.0
3	164583749	11.0	34.0
3	166134965	26.0	34.0
3	166720513	15.0	24.0
3	167877640	14.0	31.0
3	169341093	29.0	36.0
3	172756923	20.0	33.0
3	176630536	22.0	21.0
3	176866743	15.0	22.0
3	177467065	23.0	38.0
3	178529481	21.0	38.0
3	178936094	15.0	20.0
3	181767985	24.0	38.0
3	185360999	13.0	23.0
3	185413948	16.0	25.0
3	186875519	29.0	40.0
3	188086063	25.0	32.0
3	188345215	24.0	29.0
3	189467211	26.0	39.0
3	189768498	17.0	41.0
3	189789928	20.0	22.0
3	190834064	15.0	37.0
3	192473459	15.0	35.0
3	193858568	21.0	29.0
3	194002785	21.0	34.0
3	195731578	15.0	23.0
3	195731579	15.0	23.0
4	1057172	4.0	48.0
4	4013046	21.0	21.0
4	6400443	21.0	30.0
4	7831966	5.0	23.0
4	8916563	18.0	18.0
4	12056306	10.0	22.0
4	12112539	19.0	37.0
4	12361552	16.0	24.0
4	13189809	24.0	29.0
4	13807788	16.0	27.0
4	14375857	23.0	26.0
4	15426357	23.0	27.0
4	16673782	25.0	33.0
4	17319807	17.0	32.0
4	20929782	28.0	33.0
4	22404487	23.0	39.0
4	22774469	17.0	32.0
4	22787951	20.0	27.0
4	23331952	5.0	41.0
4	24003244	32.0	32.0
4	24312413	25.0	30.0
4	25460456	20.0	29.0
4	26199759	14.0	19.0
4	27155262	20.0	25.0
4	29247278	19.0	19.0
4	31654267	22.0	37.0
4	34464535	26.0	30.0
4	35033969	21.0	21.0
4	35693369	18.0	23.0
4	44544089	17.0	28.0
4	52741641	20.0	31.0
4	53761871	16.0	36.0
4	55814308	15.0	28.0
4	56266275	6.0	20.0
4	57422577	18.0	36.0
4	57621544	13.0	24.0
4	59466091	20.0	28.0
4	59685903	25.0	33.0
4	60627088	19.0	35.0
4	60959316	18.0	26.0
4	61585437	18.0	38.0
4	64479155	4.0	46.0
4	64835593	20.0	29.0
4	66054907	21.0	31.0
4	66199474	5.0	44.0
4	67476919	27.0	27.0
4	68172522	17.0	22.0
4	72961672	20.0	27.0
4	77410500	22.0	30.0
4	83709262	15.0	30.0
4	83740370	15.0	25.0
4	87256738	21.0	28.0
4	88797994	3.0	22.0
4	91904526	25.0	36.0
4	92847888	15.0	38.0
4	94195731	20.0	29.0
4	94741387	20.0	17.0
4	97168573	27.0	35.0
4	98097234	26.0	44.0
4	98407159	25.0	29.0
4	99823278	13.0	34.0
4	103980265	17.0	21.0
4	106637409	15.0	41.0
4	109053766	20.0	29.0
4	109484700	19.0	20.0
4	110864471	19.0	35.0
4	111965832	17.0	37.0
4	113745341	12.0	29.0
4	117555024	4.0	45.0
4	117592268	31.0	27.0
4	119015189	22.0	23.0
4	120146790	3.0	32.0
4	120849554	21.0	28.0
4	121134224	12.0	26.0
4	121757969	16.0	30.0
4	122954547	13.0	21.0
4	123201460	20.0	39.0
4	124672108	22.0	42.0
4	126827632	21.0	31.0
4	127076193	19.0	26.0
4	127264616	15.0	31.0
4	127274618	17.0	27.0
4	127939600	26.0	35.0
4	129225627	12.0	30.0
4	130004545	19.0	28.0
4	130864512	18.0	32.0
4	133170805	5.0	20.0
4	134229127	20.0	24.0
4	134878453	5.0	43.0
4	134894523	21.0	29.0
4	136056796	26.0	28.0
4	137076072	22.0	20.0
4	140858729	22.0	26.0
4	143228361	17.0	33.0
4	146996676	33.0	25.0
4	147087658	24.0	26.0
4	147529113	25.0	33.0
4	147893346	17.0	42.0
4	148010131	27.0	37.0
4	149535337	11.0	42.0
4	150324832	21.0	40.0
4	150676244	24.0	41.0
4	153768822	16.0	24.0
4	153969504	18.0	32.0
4	154856427	18.0	26.0
4	155337773	17.0	22.0
4	155674357	9.0	27.0
4	158041384	8.0	9.0
4	161958453	11.0	25.0
4	164604619	17.0	28.0
4	168940657	23.0	26.0
4	169858665	10.0	22.0
4	171407009	16.0	27.0
4	171964098	12.0	26.0
4	173253238	17.0	17.0
4	174149866	23.0	43.0
4	174358110	18.0	23.0
4	174712611	5.0	57.0
4	177793074	17.0	31.0
4	178878155	14.0	22.0
4	179045303	22.0	34.0
4	179767532	21.0	33.0
4	180479822	30.0	29.0
4	181139657	26.0	36.0
4	185726389	19.0	35.0
4	186464765	19.0	36.0
4	187499749	6.0	38.0
4	188680596	5.0	51.0
4	189724631	24.0	30.0
4	189944870	14.0	27.0
5	2353957	19.0	26.0
5	3899360	18.0	35.0
5	4478159	15.0	45.0
5	4478168	15.0	43.0
5	4666199	12.0	25.0
5	4801946	19.0	29.0
5	5815251	19.0	30.0
5	6107606	19.0	19.0
5	7865563	27.0	32.0
5	10072302	19.0	34.0
5	10376017	12.0	37.0
5	13899065	19.0	20.0
5	20044915	27.0	25.0
5	23625053	4.0	36.0
5	25441462	19.0	28.0
5	28114530	22.0	26.0
5	29320104	25.0	38.0
5	31165203	25.0	28.0
5	31649759	11.0	19.0
5	31679389	18.0	38.0
5	33222050	22.0	38.0
5	35761121	22.0	23.0
5	36467437	12.0	31.0
5	36481656	19.0	27.0
5	43248965	14.0	21.0
5	45459763	33.0	42.0
5	45578292	23.0	38.0
5	45829286	30.0	31.0
5	52091937	26.0	48.0
5	52859688	4.0	39.0
5	54040362	20.0	21.0
5	56625695	21.0	21.0
5	59278389	20.0	19.0
5	59891599	26.0	36.0
5	59905893	3.0	40.0
5	60041930	23.0	29.0
5	60042624	15.0	26.0
5	60789037	25.0	36.0
5	61997064	13.0	35.0
5	64317363	16.0	37.0
5	66413162	17.0	22.0
5	68438990	16.0	18.0
5	72214572	9.0	34.0
5	74243660	11.0	34.0
5	74350472	15.0	30.0
5	76583378	25.0	32.0
5	76939664	20.0	23.0
5	79184035	17.0	29.0
5	82371437	21.0	34.0
5	82654076	15.0	26.0
5	83991363	22.0	35.0
5	88895934	18.0	45.0
5	90543952	12.0	23.0
5	91111902	22.0	36.0
5	92972409	13.0	31.0
5	98608005	18.0	37.0
5	98717603	20.0	26.0
5	99577382	20.0	29.0
5	99659197	25.0	26.0
5	101765312	18.0	19.0
5	102104467	15.0	27.0
5	106018231	21.0	31.0
5	106393995	31.0	32.0
5	106725951	23.0	38.0
5	108905903	3.0	35.0
5	108924943	15.0	27.0
5	110118005	22.0	29.0
5	110230012	7.0	23.0
5	116072836	14.0	37.0
5	118069357	15.0	18.0
5	119625322	24.0	27.0
5	120257692	20.0	33.0
5	122060749	6.0	16.0
5	123478016	20.0	32.0
5	124836100	20.0	36.0
5	125300665	4.0	29.0
5	125743058	4.0	51.0
5	126932219	25.0	28.0
5	133845046	18.0	17.0
5	134845819	19.0	29.0
5	137151354	14.0	36.0
5	137420125	14.0	27.0
5	138877970	23.0	20.0
5	140354113	25.0	34.0
5	140806392	14.0	22.0
5	141461569	21.0	33.0
5	142443218	15.0	30.0
5	143111841	31.0	39.0
5	144549030	7.0	24.0
5	144766694	19.0	32.0
5	147975153	16.0	19.0
5	151549992	23.0	27.0
5	153975461	4.0	35.0
5	155610181	21.0	23.0
5	155733693	25.0	34.0
5	156530048	12.0	35.0
5	160098169	9.0	13.0
5	160737881	11.0	20.0
5	163084259	12.0	22.0
5	163591360	22.0	24.0
5	163642013	30.0	26.0
5	164333905	17.0	25.0
5	165990174	27.0	26.0
5	166551403	16.0	31.0
5	166855156	28.0	33.0
5	169508623	19.0	28.0
5	171025297	20.0	23.0
5	171158956	20.0	27.0
5	174619432	20.0	21.0
5	175845315	10.0	31.0
5	178796141	13.0	20.0
5	179263419	4.0	35.0
6	4311723	14.0	10.0
6	4731117	13.0	9.0
6	10863631	12.0	24.0
6	14009613	17.0	34.0
6	14368540	25.0	35.0
6	18452175	21.0	34.0
6	20403996	8.0	20.0
6	22816408	29.0	35.0
6	24210153	25.0	30.0
6	25334671	20.0	32.0
6	27284805	21.0	38.0
6	27384568	28.0	24.0
6	28633883	12.0	28.0
6	29031757	21.0	34.0
6	30904713	26.0	25.0
6	34931608	4.0	36.0
6	34931633	8.0	37.0
6	34931913	7.0	39.0
6	37157152	5.0	14.0
6	38675928	18.0	23.0
6	42103817	5.0	22.0
6	42966241	15.0	9.0
6	44159032	10.0	4.0
6	46178494	5.0	28.0
6	46487386	10.0	33.0
6	46675490	4.0	30.0
6	51660691	1.0	27.0
6	54408514	18.0	15.0
6	58011931	17.0	21.0
6	58531324	17.0	14.0
6	63201969	4.0	32.0
6	63235674	25.0	29.0
6	63451380	9.0	34.0
6	63602753	26.0	26.0
6	65730424	20.0	31.0
6	66855960	8.0	15.0
6	67271376	17.0	26.0
6	68131134	20.0	19.0
6	69190915	19.0	18.0
6	74511588	16.0	30.0
6	75763022	18.0	31.0
6	78567346	24.0	43.0
6	79564586	18.0	18.0
6	85973883	18.0	26.0
6	87395964	15.0	23.0
6	88980033	24.0	19.0
6	89100753	22.0	24.0
6	89149404	20.0	34.0
6	92872443	23.0	26.0
6	94280936	23.0	22.0
6	95025043	25.0	29.0
6	98393531	21.0	29.0
6	98695620	22.0	36.0
6	100831602	26.0	25.0
6	101250049	21.0	40.0
6	102363593	31.0	30.0
6	103085666	20.0	27.0
6	105016607	23.0	53.0
6	107095399	7.0	12.0
6	109303304	31.0	4.0
6	111091767	19.0	11.0
6	114562098	13.0	10.0
6	115385099	17.0	4.0
6	115592970	18.0	9.0
6	118288511	5.0	26.0
6	121553707	17.0	4.0
6	122444312	21.0	11.0
6	125363859	5.0	18.0
6	126966148	24.0	11.0
6	128377567	18.0	2.0
6	130747649	11.0	5.0
6	139784495	12.0	32.0
6	140233367	21.0	35.0
6	141716494	25.0	35.0
6	141790080	26.0	35.0
6	142595096	22.0	36.0
6	142817457	25.0	37.0
6	144248225	16.0	28.0
6	144866503	25.0	29.0
6	145362659	25.0	25.0
6	146617303	24.0	30.0
6	148382302	16.0	5.0
6	149048939	4.0	25.0
6	150150491	12.0	26.0
6	150739097	19.0	24.0
6	151325839	18.0	33.0
6	152648662	21.0	22.0
6	153772058	19.0	21.0
6	155095749	25.0	27.0
6	156494102	24.0	31.0
6	156581158	3.0	40.0
6	157372229	20.0	28.0
6	157545785	8.0	17.0
6	157692899	21.0	25.0
6	157693110	19.0	24.0
6	157789033	19.0	8.0
6	160667506	17.0	6.0
6	161077895	21.0	6.0
6	161841585	21.0	2.0
7	118185	20.0	41.0
7	773795	25.0	51.0
7	1280684	6.0	19.0
7	2112573	7.0	32.0
7	3211073	12.0	32.0
7	3352795	35.0	29.0
7	6316931	16.0	41.0
7	6680561	32.0	25.0
7	7893435	26.0	71.0
7	8744795	23.0	40.0
7	8996147	5.0	72.0
7	9968583	22.0	51.0
7	10687053	30.0	58.0
7	12846616	35.0	23.0
7	13803820	37.0	26.0
7	14481555	24.0	49.0
7	16307589	16.0	59.0
7	19105386	17.0	72.0
7	20094396	15.0	44.0
7	21352684	40.0	31.0
7	21690395	19.0	34.0
7	23689076	44.0	35.0
7	24375510	15.0	38.0
7	27948514	28.0	57.0
7	28581702	44.0	30.0
7	28881438	7.0	40.0
7	31045401	22.0	47.0
7	31152037	24.0	61.0
7	31812004	16.0	51.0
7	32027377	20.0	60.0
7	32076491	19.0	46.0
7	33380888	26.0	54.0
7	34004854	34.0	41.0
7	34161115	44.0	34.0
7	37320262	39.0	24.0
7	37865889	17.0	58.0
7	38624229	4.0	62.0
7	38934072	19.0	25.0
7	39335547	14.0	62.0
7	41595792	52.0	43.0
7	41959609	15.0	45.0
7	42176073	23.0	48.0
7	43972008	49.0	33.0
7	44907675	17.0	44.0
7	45616464	40.0	25.0
7	48241416	16.0	49.0
7	48356758	20.0	61.0
7	48692471	37.0	16.0
7	52167108	5.0	74.0
7	53438421	4.0	60.0
7	53718922	22.0	46.0
7	55037368	21.0	53.0
7	55229127	16.0	34.0
7	55627856	11.0	57.0
7	57297611	17.0	42.0
7	57624045	43.0	24.0
7	61074390	12.0	50.0
7	63005639	13.0	19.0
7	63225508	12.0	9.0
7	65402025	17.0	54.0
7	66477405	14.0	30.0
7	66891425	19.0	47.0
7	67119419	17.0	36.0
7	67442179	4.0	31.0
7	67558484	35.0	26.0
7	67927696	4.0	31.0
7	67941199	20.0	44.0
7	68139474	19.0	33.0
7	68618778	38.0	15.0
7	69016775	9.0	32.0
7	69870926	14.0	40.0
7	69922474	24.0	54.0
7	71518828	35.0	32.0
7	71740294	20.0	37.0
7	73677888	15.0	29.0
7	75883752	18.0	39.0
7	77769012	35.0	25.0
7	78587898	17.0	57.0
7	80533759	21.0	59.0
7	83912298	5.0	71.0
7	85138280	45.0	25.0
7	85555024	18.0	36.0
7	85819634	21.0	39.0
7	90456168	5.0	61.0
7	91255717	19.0	50.0
7	92958141	46.0	34.0
7	93904330	20.0	56.0
7	96034669	22.0	48.0
7	96766084	13.0	46.0
7	96845777	15.0	57.0
7	97217352	31.0	29.0
7	98650559	17.0	48.0
7	103663463	15.0	39.0
7	104348616	16.0	54.0
7	105289385	43.0	23.0
7	106149762	45.0	29.0
7	110347195	7.0	23.0
7	110551901	47.0	32.0
7	114505506	35.0	35.0
7	118314938	23.0	71.0
7	118559075	20.0	41.0
7	118770870	16.0	43.0
7	118872174	33.0	32.0
7	119553600	18.0	39.0
7	120287198	4.0	87.0
7	120807817	21.0	20.0
7	120888660	9.0	29.0
7	120918008	18.0	53.0
7	123023519	38.0	25.0
7	124300916	34.0	20.0
7	126071666	6.0	63.0
7	126410854	40.0	31.0
7	130718188	20.0	57.0
7	133662615	16.0	53.0
7	134098746	34.0	28.0
7	134503879	19.0	47.0
7	135822124	19.0	46.0
7	135829076	14.0	51.0
7	141196267	25.0	25.0
7	142530805	32.0	38.0
7	144778646	4.0	74.0
7	145085115	37.0	21.0
7	145151939	14.0	55.0
7	146468310	18.0	55.0
7	146764882	5.0	74.0
7	148399364	37.0	23.0
7	150010833	16.0	41.0
7	150095191	13.0	34.0
7	153064003	5.0	75.0
7	153064004	5.0	75.0
7	153245081	37.0	24.0
7	156392977	18.0	41.0
7	157231894	14.0	32.0
7	158290946	35.0	29.0
7	158612164	23.0	49.0
7	158884626	28.0	31.0
7	158973192	24.0	57.0
8	645740	18.0	22.0
8	1257645	20.0	30.0
8	1669281	14.0	30.0
8	2810286	20.0	18.0
8	3377478	16.0	19.0
8	4066325	6.0	30.0
8	4425800	18.0	28.0
8	4539469	24.0	30.0
8	5025673	14.0	16.0
8	6119555	18.0	32.0
8	6217390	10.0	19.0
8	6566387	4.0	16.0
8	8241699	18.0	25.0
8	9650937	16.0	25.0
8	10959508	16.0	29.0
8	14338217	16.0	36.0
8	16081220	16.0	24.0
8	16188588	26.0	34.0
8	19152249	14.0	34.0
8	20682647	18.0	23.0
8	20770126	22.0	25.0
8	21010846	18.0	29.0
8	23287021	16.0	29.0
8	23502572	2.0	48.0
8	23968750	15.0	16.0
8	24809033	18.0	35.0
8	26120140	15.0	24.0
8	28454125	26.0	42.0
8	31957232	21.0	29.0
8	32175005	13.0	32.0
8	34008828	19.0	23.0
8	36117150	25.0	33.0
8	36547519	37.0	30.0
8	39764663	25.0	21.0
8	39904745	19.0	24.0
8	40949143	21.0	34.0
8	47051211	11.0	19.0
8	49074461	24.0	27.0
8	49213452	23.0	26.0
8	49773790	6.0	23.0
8	51239486	21.0	31.0
8	51589010	17.0	28.0
8	52171521	17.0	28.0
8	55163668	14.0	16.0
8	55242275	14.0	36.0
8	56103352	24.0	25.0
8	56736542	15.0	29.0
8	56897433	26.0	38.0
8	57997361	22.0	31.0
8	60068047	19.0	38.0
8	60163878	23.0	30.0
8	60441657	21.0	47.0
8	60488426	29.0	29.0
8	60488474	27.0	28.0
8	62457561	18.0	25.0
8	63527228	8.0	37.0
8	64133346	6.0	40.0
8	64987860	19.0	32.0
8	65832342	22.0	20.0
8	66434082	14.0	31.0
8	74643217	20.0	19.0
8	75942669	29.0	32.0
8	76577990	4.0	16.0
8	76755519	11.0	27.0
8	77407449	20.0	35.0
8	80135208	17.0	33.0
8	83148321	30.0	33.0
8	85750595	20.0	22.0
8	91607297	20.0	27.0
8	93057422	19.0	27.0
8	93280981	23.0	29.0
8	96773650	19.0	36.0
8	97083852	20.0	27.0
8	98257020	13.0	20.0
8	102721393	19.0	28.0
8	102831733	16.0	26.0
8	102984236	12.0	21.0
8	105289473	5.0	55.0
8	108919777	19.0	40.0
8	110919558	23.0	19.0
8	111266587	30.0	30.0
8	112619308	17.0	28.0
8	113886488	6.0	49.0
8	115617087	24.0	33.0
8	119351240	33.0	30.0
8	119657553	23.0	27.0
8	120676384	18.0	20.0
8	122735638	14.0	23.0
8	125757763	29.0	25.0
8	126347641	19.0	27.0
8	126891493	16.0	35.0
8	127067349	23.0	27.0
8	127271432	24.0	26.0
8	127753764	34.0	30.0
8	127902263	20.0	32.0
8	129364720	28.0	34.0
8	131040202	6.0	18.0
8	132125633	22.0	31.0
8	136022356	15.0	36.0
8	137194205	20.0	32.0
8	137952717	18.0	31.0
8	138478006	25.0	30.0
8	139524048	16.0	16.0
8	140537983	25.0	31.0
8	143062079	13.0	15.0
8	144955685	20.0	24.0
9	334956	25.0	35.0
9	961087	14.0	28.0
9	3028371	23.0	31.0
9	3032669	22.0	24.0
9	4766327	9.0	29.0
9	5467949	19.0	40.0
9	6024328	22.0	29.0
9	6290449	17.0	22.0
9	6611092	18.0	28.0
9	9979810	24.0	37.0
9	11108325	13.0	19.0
9	11911658	17.0	27.0
9	12657639	18.0	28.0
9	12866578	20.0	39.0
9	14201725	27.0	34.0
9	14586281	18.0	29.0
9	17253249	4.0	57.0
9	17376739	13.0	29.0
9	18613450	25.0	31.0
9	24260254	25.0	36.0
9	25045654	20.0	16.0
9	25284734	32.0	27.0
9	26639442	26.0	25.0
9	27511431	22.0	24.0
9	27773397	18.0	28.0
9	28750559	23.0	15.0
9	32349898	18.0	37.0
9	37383354	10.0	22.0
9	44231786	18.0	25.0
9	67531465	16.0	51.0
9	73168784	19.0	26.0
9	74319981	20.0	29.0
9	74856181	20.0	42.0
9	77400054	25.0	27.0
9	78137570	9.0	14.0
9	78326650	22.0	21.0
9	78963013	14.0	17.0
9	79386976	24.0	34.0
9	79541935	14.0	34.0
9	81641938	21.0	31.0
9	81665830	20.0	34.0
9	82170580	15.0	27.0
9	82653976	17.0	26.0
9	92319775	16.0	33.0
9	93590409	17.0	23.0
9	96280276	26.0	33.0
9	98344982	15.0	23.0
9	98728542	30.0	42.0
9	98868371	29.0	26.0
9	99257489	12.0	17.0
9	104785175	17.0	34.0
9	105880687	23.0	40.0
9	106015470	20.0	22.0
9	107972269	15.0	16.0
9	121401470	25.0	34.0
9	121981837	17.0	21.0
9	123852976	16.0	34.0
9	125181991	12.0	35.0
9	125337592	20.0	29.0
9	126921055	15.0	23.0
9	127620000	5.0	21.0
9	128588678	18.0	30.0
9	132944342	3.0	11.0
9	133036984	17.0	36.0
9	133457687	11.0	20.0
9	134692468	12.0	28.0
9	136858942	12.0	23.0
9	137162876	20.0	32.0
9	137645064	17.0	20.0
9	137754454	15.0	28.0
9	137903128	16.0	21.0
9	139097138	2.0	19.0
9	139339716	29.0	26.0
X	1576146	22.0	23.0
X	1710728	9.0	34.0
X	2863179	15.0	20.0
X	3279623	4.0	57.0
X	3661350	10.0	8.0
X	4364074	16.0	31.0
X	5221662	16.0	13.0
X	5221673	12.0	11.0
X	5548205	29.0	25.0
X	5671052	3.0	24.0
X	6145536	5.0	27.0
X	6743119	5.0	51.0
X	8456100	1.0	34.0
X	8809312	4.0	44.0
X	8912660	5.0	38.0
X	9508025	20.0	31.0
X	9763043	20.0	44.0
X	9845862	17.0	31.0
X	10157563	26.0	24.0
X	11383633	23.0	31.0
X	12663696	17.0	31.0
X	13961305	18.0	20.0
X	14058522	13.0	20.0
X	14151324	8.0	44.0
X	14435194	23.0	27.0
X	14545272	16.0	30.0
X	17369856	5.0	49.0
X	17714063	16.0	22.0
X	18362512	6.0	34.0
X	18497735	14.0	27.0
X	18776768	13.0	21.0
X	18943071	29.0	20.0
X	19002510	6.0	13.0
X	20161226	15.0	36.0
X	22819434	4.0	73.0
X	23288216	18.0	40.0
X	24825758	5.0	55.0
X	27196108	23.0	23.0
X	27291146	27.0	31.0
X	27369935	17.0	24.0
X	27423577	7.0	11.0
X	27910385	21.0	26.0
X	28694532	20.0	25.0
X	29682697	30.0	24.0
X	29761594	20.0	35.0
X	29956579	18.0	30.0
X	30233611	5.0	15.0
X	31225649	28.0	41.0
X	32056840	26.0	34.0
X	32515203	19.0	32.0
X	33689373	13.0	47.0
X	34565227	5.0	24.0
X	34929477	20.0	37.0
X	35718513	18.0	26.0
X	36968975	29.0	28.0
X	36972733	18.0	25.0
X	36979769	23.0	30.0
X	37818994	14.0	30.0
X	39121914	20.0	26.0
X	40250039	18.0	30.0
X	41566048	3.0	43.0
X	41990742	16.0	32.0
X	42638962	21.0	24.0
X	43000409	19.0	39.0
X	43871295	16.0	32.0
X	43907220	19.0	38.0
X	43916395	17.0	25.0
X	43919203	21.0	25.0
X	43942749	15.0	30.0
X	44147293	22.0	27.0
X	44660995	11.0	13.0
X	47253521	7.0	20.0
X	47457596	10.0	43.0
X	48430280	16.0	27.0
X	49759261	14.0	34.0
X	50175771	28.0	26.0
X	50469485	11.0	28.0
X	50590442	21.0	34.0
X	51503205	18.0	28.0
X	51623557	19.0	22.0
X	53939835	23.0	27.0
X	54409934	10.0	15.0
X	54689688	11.0	31.0
X	55563230	14.0	26.0
X	56358059	24.0	21.0
X	65034378	25.0	28.0
X	65953924	20.0	25.0
X	67110523	18.0	17.0
X	67327062	17.0	32.0
X	67556279	6.0	20.0
X	67948906	24.0	32.0
X	68805613	12.0	37.0
X	68930398	26.0	23.0
X	69545939	10.0	33.0
X	70810537	15.0	22.0
X	71493374	20.0	20.0
X	71646681	12.0	29.0
X	72925460	21.0	27.0
X	74310478	15.0	28.0
X	74983731	23.0	27.0
X	75493825	11.0	30.0
X	75496218	9.0	24.0
X	75746630	15.0	34.0
X	78531069	21.0	28.0
X	79454658	25.0	34.0
X	80209774	20.0	34.0
X	80783609	21.0	28.0
X	81230662	17.0	32.0
X	81482005	16.0	25.0
X	82599154	12.0	19.0
X	83016283	15.0	27.0
X	84470443	21.0	30.0
X	85087591	21.0	24.0
X	85314274	19.0	30.0
X	85586973	26.0	27.0
X	88149083	18.0	28.0
X	91499651	25.0	32.0
X	92566771	7.0	12.0
X	93855133	26.0	36.0
X	95103314	17.0	28.0
X	95151270	19.0	30.0
X	97007469	24.0	30.0
X	97503444	20.0	24.0
X	98125362	15.0	30.0
X	98837489	12.0	11.0
X	99089699	27.0	31.0
X	100996499	11.0	22.0
X	102285413	20.0	24.0
X	102519761	15.0	31.0
X	102946689	13.0	31.0
X	103263832	11.0	24.0
X	104767106	20.0	26.0
X	104771347	10.0	25.0
X	106668926	19.0	37.0
X	109291770	16.0	32.0
X	110280264	10.0	24.0
X	110867720	8.0	14.0
X	111264038	19.0	36.0
X	112256664	24.0	25.0
X	113309962	21.0	21.0
X	114262671	18.0	28.0
X	114504884	12.0	32.0
X	114510897	22.0	31.0
X	114620072	22.0	36.0
X	116376915	17.0	28.0
X	117132871	9.0	26.0
X	117136255	9.0	24.0
X	118925083	15.0	32.0
X	119403879	17.0	39.0
X	119815514	5.0	45.0
X	121730970	26.0	28.0
X	121909134	20.0	36.0
X	124366196	5.0	15.0
X	126895056	25.0	34.0
X	127012826	19.0	32.0
X	127216339	17.0	28.0
X	127880218	24.0	27.0
X	129758213	21.0	19.0
X	130061728	22.0	34.0
X	130198362	9.0	28.0
X	130392894	24.0	36.0
X	131243985	12.0	21.0
X	134693000	26.0	26.0
X	135200167	23.0	25.0
X	135468167	17.0	39.0
X	138512984	19.0	27.0
X	138855872	21.0	31.0
X	139243485	21.0	28.0
X	140002978	20.0	31.0
X	141032914	24.0	27.0
X	141163764	16.0	31.0
X	142020369	19.0	27.0
X	142839582	22.0	19.0
X	143350581	22.0	25.0
X	144914241	9.0	37.0
X	144989732	13.0	38.0
X	146317873	6.0	8.0
X	147011481	29.0	25.0
X	147752876	19.0	34.0
X	148063529	17.0	29.0
X	148904746	28.0	36.0
X	149618746	9.0	27.0
X	152771103	13.0	14.0
X	153059646	4.0	9.0
X	154878940	12.0	27.0
