chromosome_index position alt_count ref_count
1 67266829 79 259
1 153954542 134 97
1 158532693 50 167
1 171605419 31 357
1 223177390 7 146
1 230937353 111 81
1 240371704 20 12
2 99993052 104 320
2 107007621 68 68
2 141641533 9 91
2 152320145 30 34
2 169842673 69 190
2 175624061 41 48
2 220402756 30 30
3 118870089 8 259
4 155180776 90 109
5 74998503 126 165
5 123982737 34 77
6 26452289 10 296
6 27806029 4 99
6 70639432 146 223
6 90402292 41 58
7 100771797 9 183
8 10466220 25 37
8 75927134 7 105
9 102626006 70 140
9 103339032 29 63
9 113169684 11 51
9 128001807 26 51
10 11504369 13 25
10 99625248 3 9
12 117904971 16 450
12 130827144 24 66
14 39645279 28 65
14 94845800 55 76
15 86123003 5 39
17 3346557 16 47
17 10303934 50 24
18 30804873 3 36
19 7807832 20 86
19 12541421 94 172
19 37619086 76 127
19 58489891 80 297
19 58983206 6 8
21 39426752 42 30
22 42464525 3 32
