chromosome_index position alt_count ref_count
1 25688951 9 58
1 111147494 13 49
1 114483187 17 264
1 158064571 7 51
1 158577155 11 244
1 190129810 14 161
1 248637353 14 181
2 15378658 10 113
2 101607290 9 51
2 114501368 69 199
2 179580256 12 87
2 233394757 23 69
3 38991766 10 221
3 46542309 33 160
3 58490904 9 157
3 135801246 13 182
3 148760005 42 115
4 126371768 9 145
4 159790453 3 28
4 177083293 22 77
5 71516691 24 95
5 72370579 3 38
5 78427020 5 37
5 156899410 27 311
5 180582179 14 254
6 35389697 9 51
6 110547378 26 94
7 15458194 19 39
7 65751577 9 113
7 77567152 7 60
9 5798848 5 75
9 71628979 5 45
9 108424812 14 73
9 130653032 9 87
10 134942117 5 13
11 4791052 11 42
11 116729309 50 140
11 116767026 6 119
12 7061281 12 140
12 20890188 14 109
12 55420976 23 162
13 102047576 18 100
14 105413230 20 245
15 42681231 17 201
15 48580269 8 27
15 69708370 3 45
17 7577548 12 52
17 53007460 30 122
18 5397388 5 69
18 65179121 5 142
19 5784048 4 57
19 10394818 4 56
19 10625418 6 7
19 31770341 4 84
20 17622555 11 204
20 42161556 7 83
21 41465774 24 36
22 31663865 6 123
22 32346379 27 109
