chromosome_index position alt_count ref_count
1 12008083 6 122
1 26288445 14 138
1 29391555 7 76
1 38511541 10 105
1 146757013 9 244
1 158151974 53 266
1 158449804 12 162
1 158646087 17 167
1 224345314 8 168
1 248129101 40 182
1 248308962 17 367
2 21265256 21 147
2 44566387 5 48
2 54482198 6 73
2 73316188 9 133
2 73717086 16 111
2 157407168 11 76
2 179610671 8 91
2 213403244 9 123
3 9952952 10 200
3 16419336 7 47
3 38591857 9 136
3 66430710 8 77
3 111799889 7 97
3 134920329 15 227
3 146311762 6 105
3 160945104 8 66
3 167254760 11 62
3 188327328 6 96
3 193007764 6 44
4 10445492 7 118
4 49005981 5 30
4 62903555 7 69
4 76924788 6 108
4 110268661 4 28
5 3599410 4 65
5 15928114 4 45
5 33951726 12 149
5 36226645 5 91
5 60050537 4 43
5 66459277 5 35
5 79034738 10 79
5 156810315 4 61
6 26217233 9 58
6 46979887 6 111
6 55223692 6 56
6 117642553 11 188
7 21847621 5 13
7 74005258 14 62
7 90042682 28 146
7 126173574 9 57
7 157046671 7 35
8 131916210 16 228
9 15468792 8 51
9 32632187 9 108
9 84603746 10 89
9 119114988 6 69
9 119115107 5 70
9 128074745 4 25
10 73544820 5 78
10 103371080 12 72
10 108389026 5 32
11 10622545 29 265
11 55038032 8 51
11 56020552 8 119
11 65270134 4 53
11 68475799 6 90
11 68673617 13 120
11 84996402 9 101
11 101347160 4 49
11 119004822 12 72
11 119052840 21 184
12 2910480 109 129
12 25378594 24 435
12 80735894 4 16
12 101333096 10 105
12 109845697 9 59
13 99116043 6 65
14 22891904 14 99
14 33293356 13 140
14 69787487 6 107
14 77242566 4 35
14 106208416 17 247
15 25351694 7 68
16 354351 5 54
16 3100096 18 103
16 3274181 9 128
16 31371109 8 78
17 8701293 10 74
17 32598890 2 6
17 47241497 19 205
17 56356886 3 33
17 74928759 8 111
18 13826438 19 246
18 22805350 10 175
18 39618752 6 62
19 4219595 7 104
19 9056390 7 99
19 18183067 15 38
19 18898331 9 170
19 31767522 7 93
19 38103644 10 94
19 57839487 5 81
19 58452476 7 76
19 59010878 5 88
20 4771182 5 41
20 25004206 6 37
21 31797958 7 58
21 40186841 30 220
22 17472913 35 317
22 31533854 13 211
22 38120424 9 130
