chromosome_index	position	alt_count	ref_count
1	3262363	19.0	3.0
1	3633532	20.0	7.0
1	4402988	8.0	17.0
1	5360597	17.0	20.0
1	7208815	8.0	20.0
1	12429884	25.0	5.0
1	14426969	13.0	26.0
1	17906283	20.0	26.0
1	18120191	18.0	31.0
1	20458504	5.0	53.0
1	22348821	10.0	36.0
1	23111560	23.0	2.0
1	24830617	8.0	71.0
1	24893933	4.0	53.0
1	26433165	17.0	21.0
1	26433274	4.0	20.0
1	26433289	6.0	20.0
1	26433315	6.0	21.0
1	26433326	7.0	21.0
1	26433403	17.0	26.0
1	26433414	19.0	30.0
1	26433512	20.0	33.0
1	26433556	21.0	33.0
1	26433605	20.0	39.0
1	27682245	25.0	6.0
1	30078581	12.0	56.0
1	30311846	10.0	50.0
1	30490952	7.0	74.0
1	30962969	14.0	43.0
1	33191518	10.0	53.0
1	34606951	12.0	53.0
1	34918007	10.0	39.0
1	34930370	4.0	41.0
1	37392326	8.0	62.0
1	38566269	5.0	43.0
1	39720283	4.0	62.0
1	40803582	20.0	31.0
1	40961257	5.0	62.0
1	40961323	6.0	59.0
1	40961446	7.0	57.0
1	40961451	7.0	55.0
1	40961699	4.0	67.0
1	41560960	28.0	42.0
1	43365356	19.0	32.0
1	44721973	24.0	24.0
1	44840643	27.0	37.0
1	46620162	25.0	32.0
1	47085578	21.0	28.0
1	48563310	7.0	47.0
1	49110546	40.0	31.0
1	50033028	12.0	39.0
1	54337825	23.0	32.0
1	57676517	41.0	29.0
1	57746009	24.0	25.0
1	58989084	13.0	32.0
1	60633358	4.0	39.0
1	61330630	21.0	26.0
1	62051194	4.0	49.0
1	66420451	27.0	41.0
1	66831344	13.0	38.0
1	67109050	33.0	23.0
1	67137001	27.0	29.0
1	68520911	9.0	58.0
1	69546263	16.0	46.0
1	69868174	19.0	30.0
1	70077674	26.0	40.0
1	70282174	26.0	23.0
1	71901203	28.0	32.0
1	74147775	20.0	43.0
1	74739998	12.0	59.0
1	74821180	4.0	42.0
1	75925057	11.0	41.0
1	79631279	19.0	34.0
1	80027581	9.0	38.0
1	81292494	6.0	54.0
1	82816485	7.0	50.0
1	83232156	9.0	41.0
1	83890923	22.0	33.0
1	84124822	18.0	39.0
1	85787222	18.0	23.0
1	87860161	28.0	41.0
1	87986737	5.0	69.0
1	88539520	13.0	54.0
1	89862279	35.0	31.0
1	90715260	26.0	31.0
1	90784457	23.0	35.0
1	91945036	23.0	36.0
1	92508320	17.0	21.0
1	93611861	25.0	37.0
1	95215152	9.0	47.0
1	95241036	22.0	31.0
1	96133010	36.0	37.0
1	96473316	22.0	42.0
1	98503304	35.0	30.0
1	99519011	4.0	51.0
1	101056974	13.0	25.0
1	101995217	29.0	33.0
1	103470947	11.0	32.0
1	103513002	27.0	32.0
1	103588968	21.0	35.0
1	103609676	11.0	48.0
1	106004965	7.0	62.0
1	106598662	10.0	54.0
1	107171430	32.0	36.0
1	107502538	24.0	34.0
1	108321816	14.0	30.0
1	109877587	19.0	48.0
1	110813179	16.0	24.0
1	112062778	7.0	50.0
1	113097518	4.0	50.0
1	114096736	22.0	32.0
1	114459808	9.0	48.0
1	120056737	25.0	29.0
1	143405813	11.0	149.0
1	145522894	18.0	14.0
1	146758753	11.0	49.0
1	152275633	31.0	30.0
1	152709384	14.0	44.0
1	153073123	28.0	33.0
1	155492857	28.0	26.0
1	158677222	24.0	36.0
1	159130687	6.0	65.0
1	159159057	8.0	59.0
1	159420797	4.0	49.0
1	160125731	22.0	31.0
1	160685586	24.0	32.0
1	163456892	7.0	68.0
1	163721638	6.0	43.0
1	164771677	21.0	41.0
1	165069603	26.0	31.0
1	165584776	4.0	49.0
1	165899784	14.0	34.0
1	166020490	20.0	31.0
1	166928814	26.0	32.0
1	166999770	5.0	58.0
1	167944943	29.0	40.0
1	168132283	15.0	48.0
1	168132284	14.0	48.0
1	168135167	15.0	55.0
1	169631702	12.0	35.0
1	169669288	20.0	22.0
1	170324458	29.0	24.0
1	173307015	26.0	31.0
1	173314678	32.0	27.0
1	174614078	28.0	30.0
1	175348774	6.0	42.0
1	175522754	13.0	66.0
1	176223036	8.0	51.0
1	177565736	9.0	46.0
1	178909730	6.0	52.0
1	181539798	5.0	66.0
1	181874315	12.0	41.0
1	182484013	72.0	28.0
1	182484202	14.0	91.0
1	182625001	47.0	49.0
1	182943509	46.0	54.0
1	182954703	40.0	36.0
1	184136970	28.0	32.0
1	184888846	10.0	42.0
1	184889251	14.0	55.0
1	185188265	73.0	59.0
1	185188690	63.0	51.0
1	185188999	43.0	40.0
1	185192923	31.0	45.0
1	185412396	40.0	63.0
1	185412480	47.0	48.0
1	185415747	31.0	53.0
1	185622178	20.0	60.0
1	185657825	12.0	49.0
1	185695623	13.0	52.0
1	185741284	44.0	51.0
1	186143937	14.0	45.0
1	188067625	25.0	79.0
1	188989600	84.0	27.0
1	189055374	95.0	28.0
1	189124826	28.0	81.0
1	189783859	5.0	115.0
1	190686569	20.0	98.0
1	191501298	15.0	96.0
1	191942932	10.0	80.0
1	193264603	5.0	83.0
1	193655688	12.0	114.0
1	194485626	88.0	38.0
1	194587407	3.0	98.0
1	194605252	14.0	117.0
1	195090543	14.0	102.0
1	195121794	24.0	80.0
1	195139512	18.0	105.0
1	195307143	5.0	87.0
1	195433948	7.0	108.0
1	195648902	7.0	74.0
1	195905430	69.0	29.0
1	196226916	23.0	112.0
1	196535631	50.0	60.0
1	196535659	61.0	61.0
1	197025032	59.0	68.0
1	197027395	56.0	54.0
1	197462952	15.0	50.0
1	199944095	3.0	40.0
1	201242745	4.0	62.0
1	204057217	8.0	37.0
1	204991995	28.0	26.0
1	206586050	53.0	34.0
1	206587054	33.0	29.0
1	206720977	26.0	36.0
1	207309799	4.0	47.0
1	208010808	29.0	36.0
1	208406386	11.0	48.0
1	209056411	58.0	49.0
1	209056513	59.0	65.0
1	209058261	52.0	46.0
1	209965009	6.0	73.0
1	211084142	23.0	88.0
1	211107802	7.0	57.0
1	212030418	21.0	49.0
1	212039156	11.0	30.0
1	212039170	15.0	34.0
1	212811085	39.0	28.0
1	214859562	49.0	27.0
1	215101164	57.0	21.0
1	217253448	3.0	26.0
1	217828123	32.0	17.0
1	218079151	55.0	75.0
1	219281369	6.0	97.0
1	220140910	23.0	45.0
1	220571591	36.0	25.0
1	220827340	52.0	28.0
1	220827436	53.0	31.0
1	220827897	58.0	29.0
1	220897943	4.0	22.0
1	221013669	71.0	26.0
1	221013797	56.0	31.0
1	221013922	60.0	39.0
1	221153246	14.0	23.0
1	222585787	40.0	61.0
1	222864719	27.0	8.0
1	223702441	7.0	2.0
1	225476134	13.0	23.0
1	228298399	12.0	32.0
1	233477100	3.0	24.0
1	233502950	24.0	31.0
1	234872340	22.0	9.0
1	237201833	22.0	5.0
1	237599593	26.0	21.0
1	237600085	21.0	32.0
1	237600988	28.0	27.0
1	237601038	29.0	23.0
1	238177028	24.0	22.0
1	238528808	40.0	3.0
1	238691132	12.0	24.0
1	239918937	6.0	24.0
1	240326648	11.0	33.0
1	243000400	35.0	5.0
1	244107319	24.0	8.0
1	244904340	4.0	12.0
1	246759581	19.0	4.0
1	248478753	29.0	9.0
1	248890965	18.0	37.0
10	241864	4.0	37.0
10	1266436	9.0	32.0
10	1266463	10.0	32.0
10	1449707	17.0	28.0
10	2018618	10.0	48.0
10	2102575	25.0	28.0
10	2102743	22.0	31.0
10	2144441	18.0	32.0
10	2337537	21.0	30.0
10	2644441	9.0	14.0
10	4530969	10.0	47.0
10	4553754	27.0	34.0
10	6173112	4.0	50.0
10	6958290	28.0	46.0
10	8283820	25.0	23.0
10	8935305	17.0	25.0
10	9791140	16.0	40.0
10	10251881	24.0	42.0
10	10314877	33.0	23.0
10	10318913	18.0	37.0
10	11410228	16.0	44.0
10	11871763	8.0	29.0
10	15808406	26.0	27.0
10	18479082	12.0	27.0
10	18514276	20.0	22.0
10	18524001	7.0	25.0
10	18587944	11.0	23.0
10	19425372	5.0	46.0
10	19956817	9.0	32.0
10	20358933	2.0	43.0
10	20613798	7.0	42.0
10	21088903	12.0	31.0
10	21219043	5.0	51.0
10	21851331	24.0	28.0
10	22275012	23.0	24.0
10	22875443	25.0	37.0
10	23007830	7.0	22.0
10	23018423	5.0	40.0
10	23091380	8.0	36.0
10	24078408	27.0	31.0
10	24319475	4.0	44.0
10	33960478	10.0	20.0
10	36106409	9.0	39.0
10	37370051	20.0	37.0
10	37788209	21.0	20.0
10	37789375	4.0	62.0
10	42418768	15.0	29.0
10	43183166	13.0	51.0
10	45054755	10.0	33.0
10	47568072	11.0	34.0
10	49398405	20.0	21.0
10	50568605	4.0	49.0
10	51527892	22.0	34.0
10	54752600	11.0	35.0
10	55287884	10.0	52.0
10	55660971	9.0	45.0
10	55797955	26.0	36.0
10	56475379	11.0	50.0
10	56523686	1.0	40.0
10	56915143	11.0	44.0
10	57732762	19.0	27.0
10	57791240	25.0	28.0
10	57933600	4.0	58.0
10	58271693	18.0	41.0
10	59719656	10.0	44.0
10	59824153	28.0	46.0
10	62527702	16.0	21.0
10	63154245	9.0	49.0
10	63332397	25.0	44.0
10	65892738	23.0	32.0
10	66193415	15.0	49.0
10	67065825	12.0	53.0
10	67531259	15.0	46.0
10	67948230	4.0	44.0
10	68098036	21.0	33.0
10	68764873	4.0	45.0
10	68848244	26.0	36.0
10	68946707	25.0	25.0
10	69973679	10.0	27.0
10	75955253	24.0	26.0
10	76433835	7.0	40.0
10	76699581	29.0	38.0
10	81311543	15.0	29.0
10	82715215	24.0	34.0
10	83227105	13.0	47.0
10	83552976	31.0	24.0
10	83882118	9.0	38.0
10	86398919	22.0	37.0
10	86487719	21.0	41.0
10	86754943	28.0	31.0
10	91978862	5.0	33.0
10	92275226	23.0	22.0
10	93030020	20.0	27.0
10	94850821	20.0	31.0
10	95510398	31.0	31.0
10	97313770	8.0	41.0
10	98029352	4.0	48.0
10	98130643	28.0	29.0
10	98958661	15.0	55.0
10	100361847	4.0	51.0
10	100523975	21.0	37.0
10	102381992	6.0	13.0
10	103842631	17.0	25.0
10	104789216	12.0	37.0
10	106595006	19.0	45.0
10	108232562	5.0	66.0
10	108326240	26.0	28.0
10	108973474	10.0	37.0
10	109586834	19.0	53.0
10	110293330	7.0	32.0
10	110403268	19.0	24.0
10	110959060	23.0	27.0
10	111816898	27.0	22.0
10	113441589	23.0	41.0
10	114810749	14.0	33.0
10	115342764	9.0	45.0
10	115756025	11.0	43.0
10	116386601	6.0	70.0
10	116464136	5.0	30.0
10	117616786	4.0	39.0
10	118001729	26.0	32.0
10	118171943	26.0	27.0
10	119258239	16.0	18.0
10	119345724	25.0	33.0
10	119778695	11.0	37.0
10	121631980	13.0	12.0
10	122363082	13.0	44.0
10	122557839	7.0	26.0
10	123399288	4.0	53.0
10	125965493	6.0	38.0
10	126833748	19.0	23.0
10	127790109	14.0	44.0
10	128005978	33.0	28.0
10	128234246	21.0	33.0
10	129517581	21.0	28.0
10	129820825	13.0	22.0
10	130764523	14.0	42.0
10	131095133	5.0	35.0
10	131552511	24.0	36.0
10	131930533	27.0	34.0
10	132497030	27.0	33.0
10	133122763	4.0	37.0
10	133129298	5.0	72.0
10	133307906	7.0	29.0
10	133348740	28.0	36.0
10	133544251	4.0	52.0
10	133563767	11.0	28.0
10	134285573	23.0	23.0
10	134943387	19.0	22.0
11	1556712	3.0	29.0
11	2129298	15.0	2.0
11	5199736	7.0	23.0
11	5974265	22.0	5.0
11	6297100	21.0	8.0
11	8198176	3.0	16.0
11	8503297	30.0	6.0
11	9297041	12.0	13.0
11	11678771	19.0	2.0
11	13158663	9.0	22.0
11	13983686	6.0	24.0
11	17618365	15.0	12.0
11	18043159	20.0	16.0
11	18775310	28.0	3.0
11	20904566	19.0	17.0
11	21014409	13.0	3.0
11	21398179	6.0	19.0
11	21647345	15.0	12.0
11	21712340	4.0	40.0
11	21732232	15.0	23.0
11	22379171	22.0	11.0
11	24271740	29.0	2.0
11	28134694	4.0	33.0
11	28252956	3.0	23.0
11	29198418	13.0	16.0
11	29317138	3.0	31.0
11	29602214	22.0	9.0
11	30325705	22.0	10.0
11	30832175	4.0	28.0
11	31447608	5.0	24.0
11	32840774	4.0	36.0
11	33082742	3.0	27.0
11	34064433	26.0	1.0
11	34080872	3.0	16.0
11	34829521	10.0	27.0
11	37083729	5.0	32.0
11	37138761	4.0	32.0
11	38089285	17.0	2.0
11	39737265	11.0	25.0
11	40002304	3.0	34.0
11	40155684	11.0	21.0
11	40707929	24.0	2.0
11	41464297	4.0	36.0
11	42861318	32.0	3.0
11	46195794	3.0	23.0
11	48283626	19.0	33.0
11	48498007	22.0	44.0
11	48829085	31.0	36.0
11	49112375	37.0	35.0
11	49308681	21.0	37.0
11	49914176	10.0	28.0
11	49948292	10.0	57.0
11	50427689	24.0	41.0
11	51197384	23.0	36.0
11	51514122	30.0	24.0
11	54814401	28.0	37.0
11	54930146	42.0	35.0
11	56024759	9.0	39.0
11	58110607	7.0	61.0
11	58184340	31.0	42.0
11	59151560	2.0	44.0
11	59354473	26.0	39.0
11	59354480	26.0	36.0
11	59870766	22.0	33.0
11	67253885	9.0	44.0
11	69518376	4.0	18.0
11	70179526	16.0	44.0
11	70777879	5.0	42.0
11	70891234	11.0	29.0
11	71025552	28.0	32.0
11	71034733	33.0	32.0
11	74164962	25.0	41.0
11	76859163	24.0	19.0
11	78335946	16.0	24.0
11	79377241	5.0	49.0
11	80166438	11.0	42.0
11	80214570	11.0	48.0
11	81695137	8.0	58.0
11	83269058	24.0	26.0
11	83681156	4.0	44.0
11	84266112	32.0	39.0
11	86729826	4.0	41.0
11	87096109	9.0	42.0
11	90132848	17.0	44.0
11	90661302	32.0	28.0
11	91949872	24.0	34.0
11	92214556	5.0	68.0
11	92249057	4.0	44.0
11	92742327	7.0	43.0
11	93323193	21.0	35.0
11	93670754	23.0	32.0
11	93746033	15.0	57.0
11	93855427	4.0	51.0
11	94220798	31.0	37.0
11	94359334	17.0	38.0
11	96131527	4.0	52.0
11	96791892	8.0	61.0
11	97030745	31.0	23.0
11	97616426	23.0	37.0
11	98431617	36.0	47.0
11	98697963	7.0	46.0
11	99237699	9.0	43.0
11	99750321	5.0	61.0
11	101193869	25.0	32.0
11	103248892	1.0	38.0
11	104682850	14.0	33.0
11	104722836	27.0	37.0
11	104873261	29.0	31.0
11	105545854	11.0	41.0
11	105720783	27.0	45.0
11	107019868	28.0	33.0
11	107742634	19.0	25.0
11	111647125	12.0	46.0
11	112808876	9.0	58.0
11	114524770	29.0	25.0
11	114659107	11.0	36.0
11	115930585	5.0	34.0
11	115930586	5.0	34.0
11	117436304	25.0	28.0
11	117607010	7.0	38.0
11	123736068	8.0	32.0
11	128448990	23.0	31.0
11	129561415	7.0	34.0
11	131204796	5.0	47.0
11	132313534	7.0	56.0
11	132598093	17.0	17.0
11	133438295	34.0	27.0
11	133837643	14.0	30.0
12	922625	6.0	36.0
12	1047586	21.0	9.0
12	4231464	3.0	36.0
12	11157714	23.0	1.0
12	15948149	7.0	34.0
12	17236754	4.0	42.0
12	17299506	23.0	5.0
12	17335577	18.0	40.0
12	17335712	27.0	32.0
12	17671184	11.0	18.0
12	17793741	6.0	77.0
12	19339242	15.0	62.0
12	19527784	21.0	24.0
12	20894241	24.0	51.0
12	20937839	25.0	25.0
12	20937926	28.0	26.0
12	22978888	21.0	30.0
12	26281181	30.0	6.0
12	27207637	5.0	35.0
12	28571232	12.0	66.0
12	28579116	4.0	58.0
12	28580680	8.0	50.0
12	28580755	13.0	66.0
12	29803381	15.0	26.0
12	30140996	31.0	68.0
12	30141575	26.0	40.0
12	30141730	7.0	60.0
12	30141747	6.0	66.0
12	30492656	5.0	79.0
12	31112189	5.0	63.0
12	34298110	3.0	38.0
12	34416264	10.0	9.0
12	34519401	23.0	22.0
12	34522241	18.0	29.0
12	34522308	27.0	28.0
12	34522424	22.0	15.0
12	34522791	17.0	21.0
12	34522868	11.0	23.0
12	34522979	12.0	25.0
12	34523339	29.0	34.0
12	34523523	27.0	42.0
12	34586173	21.0	35.0
12	38236925	35.0	137.0
12	38285276	63.0	92.0
12	38447107	57.0	139.0
12	38498381	32.0	299.0
12	38547843	5.0	41.0
12	38737663	16.0	23.0
12	38813769	11.0	56.0
12	39498736	51.0	57.0
12	39498800	50.0	54.0
12	39500339	55.0	68.0
12	39527111	6.0	113.0
12	39560681	10.0	95.0
12	39631202	89.0	92.0
12	40793093	13.0	79.0
12	40803429	25.0	46.0
12	41347104	7.0	57.0
12	41947016	21.0	35.0
12	42538548	76.0	38.0
12	42634821	68.0	60.0
12	42835144	13.0	52.0
12	43972883	14.0	179.0
12	44770086	78.0	327.0
12	44966242	299.0	47.0
12	44966322	334.0	68.0
12	44966429	315.0	66.0
12	44966859	299.0	54.0
12	44967242	352.0	63.0
12	44972967	324.0	58.0
12	45074184	21.0	380.0
12	45664553	87.0	62.0
12	46184742	83.0	53.0
12	46186144	87.0	52.0
12	46187112	69.0	66.0
12	47876628	76.0	73.0
12	47878469	70.0	58.0
12	48902794	80.0	65.0
12	48905585	79.0	66.0
12	48906078	80.0	61.0
12	48906114	76.0	58.0
12	48906993	90.0	50.0
12	49008669	90.0	128.0
12	49008810	93.0	109.0
12	49276346	47.0	62.0
12	49550349	23.0	29.0
12	50890596	20.0	227.0
12	50910362	69.0	197.0
12	50989972	6.0	161.0
12	51122461	66.0	70.0
12	52241979	15.0	192.0
12	52242542	20.0	117.0
12	52262393	30.0	328.0
12	52262480	39.0	294.0
12	52262542	42.0	340.0
12	52333215	21.0	99.0
12	52619268	54.0	181.0
12	52619304	23.0	197.0
12	52619357	36.0	195.0
12	52750075	19.0	415.0
12	52795834	76.0	660.0
12	52903864	23.0	597.0
12	53009591	197.0	50.0
12	54360866	20.0	170.0
12	54582466	28.0	169.0
12	55041539	9.0	192.0
12	55224803	55.0	146.0
12	55224810	56.0	152.0
12	55246209	18.0	160.0
12	55473515	33.0	182.0
12	55474409	23.0	167.0
12	55475065	23.0	139.0
12	55475278	9.0	113.0
12	55509872	43.0	120.0
12	55514274	8.0	174.0
12	55724042	78.0	569.0
12	55724313	57.0	596.0
12	55766773	34.0	435.0
12	55766834	28.0	327.0
12	55766998	63.0	593.0
12	56005672	22.0	433.0
12	56040483	267.0	342.0
12	56040556	304.0	384.0
12	56041437	297.0	137.0
12	56073932	21.0	160.0
12	56074042	23.0	138.0
12	56074132	32.0	140.0
12	56074159	24.0	140.0
12	56074421	24.0	127.0
12	56074646	15.0	97.0
12	56102538	58.0	113.0
12	56103099	69.0	143.0
12	56103107	73.0	138.0
12	56591852	67.0	239.0
12	56681827	26.0	558.0
12	56688776	51.0	427.0
12	56688969	58.0	440.0
12	56707756	43.0	387.0
12	56707828	55.0	436.0
12	56708671	77.0	455.0
12	56708805	68.0	506.0
12	56723676	34.0	154.0
12	56723983	269.0	204.0
12	56880456	31.0	169.0
12	56880809	35.0	171.0
12	56880874	43.0	172.0
12	56880943	47.0	179.0
12	56897442	17.0	99.0
12	57004333	36.0	174.0
12	57004659	50.0	234.0
12	57007971	57.0	211.0
12	57251301	26.0	183.0
12	57251762	29.0	211.0
12	57319121	59.0	116.0
12	57319501	76.0	117.0
12	57319630	63.0	125.0
12	57319712	69.0	125.0
12	57319913	58.0	120.0
12	58111525	135.0	154.0
12	58112180	155.0	189.0
12	58112464	169.0	187.0
12	58133645	33.0	324.0
12	58133696	45.0	312.0
12	58166903	58.0	304.0
12	58168341	69.0	416.0
12	58293689	12.0	409.0
12	58296600	19.0	311.0
12	58330728	22.0	379.0
12	58497739	31.0	86.0
12	58529694	269.0	79.0
12	58529696	276.0	79.0
12	58529948	242.0	69.0
12	58632294	330.0	104.0
12	58633024	350.0	74.0
12	58634474	314.0	103.0
12	58635294	262.0	64.0
12	58635330	273.0	67.0
12	58635370	279.0	75.0
12	58636509	319.0	84.0
12	58641939	14.0	28.0
12	58949142	346.0	70.0
12	58949870	331.0	65.0
12	58950052	322.0	61.0
12	59065343	301.0	384.0
12	59067019	381.0	457.0
12	59067381	333.0	369.0
12	59069381	361.0	389.0
12	59077333	351.0	396.0
12	59136922	72.0	366.0
12	59137035	78.0	385.0
12	59137153	75.0	448.0
12	59137410	63.0	449.0
12	59138824	72.0	448.0
12	59139283	62.0	340.0
12	60674137	28.0	43.0
12	61068279	16.0	49.0
12	62168970	310.0	62.0
12	63396778	22.0	20.0
12	63473412	531.0	47.0
12	63475136	556.0	65.0
12	63476223	512.0	54.0
12	63476429	389.0	47.0
12	63476863	677.0	65.0
12	63477046	611.0	46.0
12	63477190	563.0	71.0
12	63481588	511.0	63.0
12	63483058	498.0	52.0
12	63484265	603.0	69.0
12	63485119	552.0	59.0
12	63485219	287.0	48.0
12	63485253	334.0	48.0
12	63485269	323.0	51.0
12	63485349	462.0	52.0
12	63485436	518.0	50.0
12	63485461	461.0	45.0
12	63485691	306.0	53.0
12	63485713	191.0	60.0
12	63485746	185.0	68.0
12	63485889	562.0	64.0
12	63485937	559.0	59.0
12	63486095	614.0	66.0
12	63486199	589.0	63.0
12	63488039	547.0	44.0
12	63488603	237.0	47.0
12	63488650	251.0	51.0
12	63488980	334.0	54.0
12	63488984	337.0	55.0
12	63489507	500.0	49.0
12	63489525	502.0	54.0
12	63489624	541.0	54.0
12	63489686	542.0	39.0
12	63489916	548.0	63.0
12	63490604	581.0	50.0
12	63490942	395.0	71.0
12	63492023	340.0	75.0
12	63494273	377.0	71.0
12	63494302	378.0	73.0
12	63497544	28.0	421.0
12	63551461	22.0	348.0
12	64396115	215.0	53.0
12	64516947	26.0	299.0
12	64516954	26.0	296.0
12	64532372	14.0	251.0
12	64788569	14.0	58.0
12	64815574	78.0	293.0
12	64836217	275.0	64.0
12	64836218	275.0	64.0
12	64836865	290.0	57.0
12	64848284	27.0	40.0
12	64848548	29.0	36.0
12	64902472	226.0	54.0
12	64911545	8.0	260.0
12	64974124	22.0	427.0
12	64974142	17.0	409.0
12	64974148	15.0	401.0
12	65006354	31.0	230.0
12	65006584	22.0	294.0
12	65006598	22.0	293.0
12	65006649	24.0	296.0
12	65006688	36.0	298.0
12	65006973	28.0	329.0
12	65007033	28.0	316.0
12	65007110	34.0	251.0
12	65007279	28.0	258.0
12	65031485	18.0	158.0
12	65057799	22.0	199.0
12	65094375	17.0	177.0
12	65094975	28.0	197.0
12	65095216	29.0	192.0
12	65095518	25.0	220.0
12	65095559	28.0	200.0
12	65131521	41.0	147.0
12	65244220	71.0	177.0
12	65247074	36.0	175.0
12	65247560	49.0	173.0
12	65278802	592.0	56.0
12	65287153	20.0	565.0
12	65418474	14.0	44.0
12	65443466	259.0	37.0
12	65449811	27.0	24.0
12	66131869	42.0	517.0
12	67570338	313.0	53.0
12	68096405	52.0	282.0
12	68096520	50.0	285.0
12	68096706	40.0	243.0
12	68097258	54.0	267.0
12	68097264	54.0	268.0
12	68098147	60.0	314.0
12	68098407	36.0	255.0
12	68194679	29.0	315.0
12	68248123	55.0	342.0
12	68248233	48.0	318.0
12	68248394	44.0	364.0
12	68248587	33.0	305.0
12	68248591	38.0	305.0
12	68248736	52.0	360.0
12	68248805	43.0	328.0
12	68285140	30.0	354.0
12	68536125	24.0	142.0
12	68538887	63.0	154.0
12	68542345	9.0	182.0
12	68546212	78.0	86.0
12	69923476	34.0	40.0
12	70235427	36.0	49.0
12	70297595	79.0	80.0
12	70820467	21.0	442.0
12	70827059	27.0	436.0
12	70939959	93.0	216.0
12	70994224	30.0	372.0
12	71014773	33.0	408.0
12	71076694	28.0	409.0
12	71083238	13.0	362.0
12	71192469	52.0	392.0
12	71259522	311.0	84.0
12	71259565	301.0	73.0
12	71477124	32.0	511.0
12	71484253	15.0	536.0
12	71498133	23.0	455.0
12	71512427	10.0	374.0
12	72982834	19.0	30.0
12	73082587	37.0	91.0
12	73098131	142.0	72.0
12	73267546	35.0	120.0
12	73352209	16.0	103.0
12	73416879	15.0	81.0
12	73423835	49.0	71.0
12	73498839	29.0	140.0
12	73559026	10.0	171.0
12	74107008	10.0	50.0
12	74531402	4.0	54.0
12	74883090	29.0	32.0
12	75036985	4.0	61.0
12	75502292	35.0	36.0
12	75632596	28.0	35.0
12	75988883	18.0	34.0
12	76041070	283.0	47.0
12	76062264	76.0	260.0
12	76409626	46.0	336.0
12	76574236	146.0	311.0
12	76574237	145.0	315.0
12	76574796	271.0	311.0
12	76574925	266.0	350.0
12	78357559	190.0	43.0
12	78377903	16.0	288.0
12	79111145	33.0	38.0
12	79174814	4.0	60.0
12	79830733	9.0	53.0
12	82783350	4.0	65.0
12	84107359	20.0	26.0
12	84221973	1.0	41.0
12	84221974	1.0	40.0
12	84744947	11.0	48.0
12	85060438	4.0	39.0
12	85504144	20.0	46.0
12	86835841	16.0	32.0
12	89213793	8.0	39.0
12	91695158	24.0	26.0
12	94126724	4.0	56.0
12	97724827	15.0	35.0
12	97832803	24.0	37.0
12	99710022	18.0	33.0
12	99803152	16.0	27.0
12	100264092	29.0	23.0
12	101323539	2.0	52.0
12	102418111	12.0	44.0
12	102648304	32.0	27.0
12	103231707	14.0	46.0
12	103446668	42.0	21.0
12	103812450	27.0	30.0
12	103873105	12.0	55.0
12	103916904	31.0	29.0
12	105370819	11.0	18.0
12	105439109	26.0	24.0
12	107608267	4.0	52.0
12	107608394	4.0	56.0
12	108618295	33.0	35.0
12	109775602	5.0	53.0
12	109933942	1.0	58.0
12	109933943	1.0	58.0
12	112182630	5.0	61.0
12	112182703	4.0	49.0
12	112182960	5.0	55.0
12	112601934	24.0	17.0
12	113029110	8.0	56.0
12	113095381	24.0	27.0
12	113684738	4.0	47.0
12	114581544	4.0	64.0
12	115034536	5.0	82.0
12	116356817	5.0	58.0
12	117851719	4.0	54.0
12	118211158	18.0	43.0
12	118279172	7.0	39.0
12	119331953	31.0	43.0
12	122308245	5.0	39.0
12	123409213	16.0	31.0
12	124121843	29.0	24.0
12	124121844	29.0	24.0
12	124165597	14.0	34.0
12	126155547	36.0	27.0
12	126529860	7.0	57.0
12	126937621	5.0	64.0
12	127130261	4.0	54.0
12	127139385	28.0	30.0
12	127914453	6.0	38.0
12	128040218	4.0	65.0
12	128588287	6.0	62.0
12	128783955	12.0	39.0
12	128884316	25.0	46.0
12	128905998	6.0	61.0
12	129130502	13.0	37.0
12	129175878	14.0	38.0
12	129419292	5.0	58.0
12	129588102	13.0	38.0
12	129757784	9.0	54.0
12	130019119	5.0	49.0
12	130090469	17.0	28.0
12	130271800	27.0	27.0
12	130497357	6.0	47.0
12	130509426	7.0	55.0
12	130509668	7.0	42.0
12	130509741	6.0	35.0
12	130510332	5.0	68.0
12	130510782	6.0	43.0
12	130510955	6.0	58.0
12	130511010	7.0	56.0
12	133402873	17.0	28.0
13	20503535	18.0	20.0
13	22540980	26.0	36.0
13	22949817	11.0	46.0
13	23226232	8.0	40.0
13	23608090	23.0	21.0
13	24540800	13.0	48.0
13	25095976	14.0	37.0
13	25338554	19.0	23.0
13	25716305	5.0	64.0
13	26012014	26.0	37.0
13	26112949	14.0	44.0
13	28110066	12.0	49.0
13	29110250	4.0	76.0
13	29615122	6.0	55.0
13	30252870	8.0	25.0
13	30871321	16.0	22.0
13	31587711	22.0	26.0
13	34974508	22.0	36.0
13	39198064	19.0	32.0
13	39862143	27.0	36.0
13	40311083	17.0	28.0
13	43229493	6.0	53.0
13	43535790	6.0	43.0
13	44875594	12.0	35.0
13	45751093	17.0	20.0
13	46100554	27.0	32.0
13	47815984	30.0	47.0
13	47947750	9.0	39.0
13	49479190	10.0	32.0
13	49490858	10.0	30.0
13	50906923	17.0	44.0
13	51032230	29.0	28.0
13	51054934	9.0	53.0
13	51711362	5.0	54.0
13	56472624	11.0	33.0
13	56663174	24.0	30.0
13	56744655	8.0	38.0
13	56941326	4.0	33.0
13	57003407	4.0	44.0
13	57261497	9.0	43.0
13	58066435	30.0	32.0
13	58811760	11.0	60.0
13	59123948	22.0	29.0
13	59306263	16.0	41.0
13	59532544	23.0	23.0
13	59754840	27.0	40.0
13	59888662	4.0	72.0
13	59891807	22.0	27.0
13	60799680	6.0	58.0
13	61159282	7.0	45.0
13	61478456	24.0	19.0
13	63004525	5.0	59.0
13	63167912	22.0	28.0
13	63171332	20.0	11.0
13	63354621	19.0	19.0
13	63382126	35.0	49.0
13	65083092	8.0	43.0
13	65154402	7.0	46.0
13	65244781	13.0	20.0
13	65656493	22.0	28.0
13	65672538	4.0	56.0
13	65734848	5.0	62.0
13	69587778	29.0	31.0
13	70254330	12.0	52.0
13	70637907	22.0	57.0
13	70749637	13.0	34.0
13	70782268	36.0	29.0
13	70963941	10.0	32.0
13	71637685	24.0	34.0
13	72574483	16.0	36.0
13	72947958	20.0	39.0
13	73152919	10.0	48.0
13	74572230	23.0	34.0
13	74961901	30.0	41.0
13	75091896	5.0	54.0
13	78054783	15.0	35.0
13	81904327	38.0	32.0
13	82061536	17.0	31.0
13	82469896	28.0	23.0
13	82743273	28.0	28.0
13	83701382	33.0	30.0
13	84212545	24.0	33.0
13	84395231	15.0	58.0
13	85066463	31.0	31.0
13	85507993	30.0	32.0
13	85706708	27.0	32.0
13	86495593	23.0	40.0
13	88081461	15.0	47.0
13	89199227	16.0	40.0
13	90713521	32.0	45.0
13	91112466	19.0	65.0
13	91241999	26.0	34.0
13	91622047	23.0	37.0
13	92026805	7.0	46.0
13	92039970	4.0	47.0
13	92119785	16.0	49.0
13	92253947	5.0	42.0
13	93076446	7.0	63.0
13	93651417	31.0	18.0
13	93742984	10.0	35.0
13	95904160	10.0	53.0
13	96908693	6.0	43.0
13	96993193	5.0	65.0
13	100638183	4.0	61.0
13	101920054	15.0	22.0
13	103903228	25.0	28.0
13	104233684	11.0	46.0
13	106217708	10.0	57.0
13	106444862	5.0	42.0
13	107485053	11.0	29.0
13	107553083	6.0	40.0
13	107805784	7.0	31.0
13	107886766	28.0	25.0
13	108411266	16.0	34.0
13	111645263	9.0	49.0
13	112875467	17.0	24.0
13	113750441	1.0	31.0
14	20372620	4.0	60.0
14	20542226	45.0	22.0
14	21261271	15.0	36.0
14	21295094	7.0	29.0
14	21549279	21.0	27.0
14	25352518	5.0	68.0
14	26381025	8.0	35.0
14	26478561	31.0	34.0
14	27880454	13.0	52.0
14	28057841	5.0	35.0
14	28881845	25.0	43.0
14	30028176	37.0	20.0
14	31235746	8.0	62.0
14	32101471	6.0	45.0
14	34990344	18.0	36.0
14	34999486	11.0	61.0
14	35122627	5.0	35.0
14	36520389	40.0	37.0
14	36906788	4.0	58.0
14	37931096	21.0	40.0
14	38129016	5.0	50.0
14	39277827	19.0	41.0
14	40109105	20.0	36.0
14	41489360	30.0	39.0
14	41541564	5.0	66.0
14	41948433	7.0	48.0
14	43401324	12.0	63.0
14	43473172	19.0	46.0
14	44536150	28.0	35.0
14	46739804	9.0	54.0
14	46782116	31.0	40.0
14	47326238	33.0	48.0
14	47779779	12.0	63.0
14	49384942	25.0	40.0
14	52842655	11.0	44.0
14	52985262	15.0	59.0
14	56740721	25.0	36.0
14	58703504	9.0	60.0
14	61511688	10.0	49.0
14	62386971	23.0	28.0
14	63500026	4.0	66.0
14	64411034	4.0	44.0
14	68086484	17.0	34.0
14	68549017	15.0	50.0
14	71728046	5.0	53.0
14	72682504	5.0	60.0
14	72695085	37.0	26.0
14	72949567	5.0	45.0
14	73897006	22.0	29.0
14	73897429	6.0	54.0
14	74634382	44.0	32.0
14	75378788	26.0	28.0
14	76132651	28.0	38.0
14	76615642	19.0	45.0
14	77065684	9.0	42.0
14	78311269	9.0	54.0
14	78945160	9.0	62.0
14	78988652	5.0	69.0
14	79613936	16.0	35.0
14	79630145	28.0	52.0
14	79987159	7.0	75.0
14	80050556	28.0	38.0
14	80793178	4.0	64.0
14	81195584	31.0	39.0
14	83104175	5.0	74.0
14	84089547	6.0	54.0
14	84437112	24.0	23.0
14	85616461	29.0	41.0
14	85804752	7.0	69.0
14	87068621	25.0	56.0
14	87164863	15.0	52.0
14	87962019	6.0	40.0
14	88483371	20.0	33.0
14	90575378	24.0	25.0
14	92042986	5.0	73.0
14	92814899	7.0	60.0
14	94394341	11.0	28.0
14	94445520	8.0	66.0
14	96392063	10.0	46.0
14	96437863	20.0	41.0
14	97686711	5.0	66.0
14	97693309	12.0	58.0
14	97737894	5.0	64.0
14	97788082	25.0	31.0
14	98097906	15.0	38.0
14	98574378	28.0	31.0
14	98593116	21.0	35.0
14	99514932	6.0	53.0
14	99784934	19.0	21.0
14	99833908	6.0	65.0
14	102345813	15.0	30.0
14	103989733	29.0	31.0
14	104638995	13.0	38.0
14	106735002	30.0	21.0
14	106828852	24.0	23.0
14	107090058	6.0	77.0
15	20626669	11.0	107.0
15	20627683	25.0	87.0
15	20855933	6.0	123.0
15	22330969	12.0	71.0
15	22373352	18.0	24.0
15	22994022	4.0	49.0
15	23820222	19.0	23.0
15	24271312	18.0	35.0
15	25529630	11.0	36.0
15	25745038	23.0	32.0
15	27106831	21.0	40.0
15	27121500	21.0	22.0
15	27162109	11.0	56.0
15	27784411	7.0	47.0
15	27790394	7.0	47.0
15	29597251	10.0	49.0
15	30295711	16.0	21.0
15	31123341	4.0	42.0
15	31698466	6.0	58.0
15	32248124	18.0	32.0
15	33540465	7.0	31.0
15	33659668	4.0	53.0
15	36747050	22.0	43.0
15	37430251	12.0	38.0
15	37701193	29.0	35.0
15	38843143	14.0	49.0
15	41489274	21.0	25.0
15	42552951	5.0	43.0
15	46304995	33.0	40.0
15	47774550	13.0	39.0
15	47795446	11.0	47.0
15	48520312	25.0	34.0
15	50658032	17.0	26.0
15	51624378	26.0	38.0
15	53298275	16.0	42.0
15	53310246	18.0	23.0
15	53386373	5.0	57.0
15	53750387	8.0	36.0
15	54309370	4.0	50.0
15	54613155	15.0	54.0
15	54871005	15.0	19.0
15	57502002	11.0	39.0
15	61861240	10.0	46.0
15	61861251	12.0	39.0
15	63639398	29.0	36.0
15	64189736	6.0	32.0
15	66036046	24.0	37.0
15	69224926	13.0	35.0
15	69253664	28.0	33.0
15	70068191	27.0	35.0
15	70288774	19.0	42.0
15	73693846	23.0	34.0
15	74324570	7.0	31.0
15	75722672	24.0	23.0
15	76465593	15.0	45.0
15	79044917	4.0	38.0
15	79582425	3.0	43.0
15	80915065	37.0	26.0
15	84280022	20.0	35.0
15	84440054	23.0	41.0
15	85214927	8.0	43.0
15	86620829	9.0	31.0
15	86997578	4.0	64.0
15	87399918	8.0	59.0
15	87619972	9.0	49.0
15	87686279	7.0	49.0
15	87736900	6.0	55.0
15	88358861	30.0	34.0
15	88555475	11.0	44.0
15	88856699	28.0	32.0
15	91114399	21.0	30.0
15	91731767	23.0	24.0
15	95115823	20.0	32.0
15	95477973	21.0	34.0
15	96412888	7.0	51.0
15	99551655	12.0	12.0
15	100768829	15.0	24.0
15	101449233	14.0	42.0
15	101450347	5.0	32.0
15	101454503	6.0	39.0
15	101455303	8.0	41.0
15	101456405	7.0	56.0
15	101456406	7.0	56.0
15	101456893	11.0	62.0
15	101457766	10.0	48.0
16	680335	3.0	39.0
16	858436	6.0	26.0
16	1212341	5.0	52.0
16	2024012	7.0	35.0
16	2770499	5.0	34.0
16	5063452	23.0	26.0
16	5832469	22.0	35.0
16	6164904	28.0	16.0
16	6647790	10.0	35.0
16	6961865	14.0	39.0
16	7040811	15.0	44.0
16	7538524	1.0	65.0
16	7934846	11.0	37.0
16	8049855	6.0	49.0
16	8202621	29.0	28.0
16	8296163	17.0	21.0
16	8578881	10.0	45.0
16	8776537	10.0	30.0
16	8824347	10.0	15.0
16	9998383	13.0	30.0
16	10395584	8.0	16.0
16	10460542	4.0	40.0
16	11913268	10.0	43.0
16	12896457	4.0	40.0
16	13463379	20.0	29.0
16	13620869	3.0	44.0
16	13974071	10.0	29.0
16	17740626	8.0	32.0
16	19715412	4.0	45.0
16	19961164	8.0	40.0
16	20354179	24.0	27.0
16	22448699	4.0	34.0
16	22685655	16.0	99.0
16	24014827	24.0	25.0
16	25535366	8.0	43.0
16	25601908	18.0	38.0
16	27024194	10.0	31.0
16	27085588	23.0	28.0
16	27178047	6.0	44.0
16	28122746	12.0	49.0
16	29735394	22.0	23.0
16	31573788	17.0	48.0
16	33585259	5.0	71.0
16	34218733	29.0	40.0
16	34376121	25.0	36.0
16	34641691	22.0	22.0
16	34674464	22.0	25.0
16	46490298	24.0	44.0
16	47909957	14.0	40.0
16	48067649	10.0	30.0
16	49008943	23.0	25.0
16	49020094	13.0	21.0
16	50039233	6.0	56.0
16	51601696	6.0	57.0
16	52249760	13.0	49.0
16	56711985	11.0	51.0
16	57352408	11.0	30.0
16	59337647	6.0	60.0
16	59361674	12.0	37.0
16	60488559	14.0	47.0
16	60637583	18.0	15.0
16	61030110	14.0	32.0
16	62676539	22.0	27.0
16	62832830	9.0	44.0
16	62832831	9.0	45.0
16	62896851	11.0	48.0
16	63163738	3.0	28.0
16	63658752	31.0	30.0
16	63908040	12.0	26.0
16	64089453	5.0	45.0
16	64145537	16.0	62.0
16	65901711	9.0	55.0
16	65914121	28.0	41.0
16	66756187	35.0	34.0
16	69974022	21.0	29.0
16	70290283	19.0	33.0
16	70688212	21.0	21.0
16	72742145	6.0	28.0
16	73294055	7.0	55.0
16	73365524	9.0	42.0
16	73734916	9.0	49.0
16	74050191	7.0	52.0
16	74767604	14.0	30.0
16	76616035	5.0	50.0
16	76766837	11.0	64.0
16	76794137	12.0	39.0
16	76998000	14.0	46.0
16	77559384	7.0	54.0
16	79747541	16.0	31.0
16	81232286	21.0	27.0
16	82642681	6.0	58.0
16	82955589	15.0	44.0
16	83465305	16.0	28.0
17	1275390	28.0	23.0
17	2896405	5.0	35.0
17	3164550	17.0	20.0
17	4406603	20.0	49.0
17	4469391	9.0	42.0
17	5759436	16.0	17.0
17	6345499	11.0	57.0
17	6783965	26.0	27.0
17	9013628	18.0	24.0
17	10825597	11.0	47.0
17	11055394	13.0	44.0
17	13468568	25.0	28.0
17	14741675	30.0	23.0
17	16147030	23.0	28.0
17	16911899	25.0	40.0
17	19577804	21.0	39.0
17	19849717	10.0	11.0
17	20076056	12.0	24.0
17	20090736	24.0	24.0
17	20183305	15.0	23.0
17	21018722	7.0	52.0
17	21997503	10.0	49.0
17	28232263	28.0	31.0
17	28232653	16.0	27.0
17	28232840	17.0	22.0
17	28232890	22.0	40.0
17	28234784	19.0	21.0
17	28235390	29.0	21.0
17	32162001	47.0	8.0
17	33503515	6.0	17.0
17	35102722	3.0	26.0
17	35915430	3.0	22.0
17	36163375	27.0	3.0
17	36203059	5.0	24.0
17	36364647	21.0	64.0
17	38004798	11.0	23.0
17	40349274	10.0	12.0
17	40660671	9.0	20.0
17	40660848	14.0	35.0
17	40661231	22.0	34.0
17	40672757	25.0	25.0
17	44043041	23.0	18.0
17	46737514	17.0	35.0
17	50297553	33.0	27.0
17	51587921	12.0	60.0
17	51891614	13.0	43.0
17	51913601	5.0	48.0
17	53279632	28.0	37.0
17	54101375	25.0	38.0
17	55830737	4.0	34.0
17	56195974	19.0	30.0
17	56220167	10.0	21.0
17	60834027	27.0	26.0
17	61381896	22.0	32.0
17	61819178	5.0	34.0
17	64638771	20.0	33.0
17	67256164	12.0	47.0
17	67406575	18.0	20.0
17	67594359	21.0	52.0
17	67876938	21.0	27.0
17	68249106	29.0	37.0
17	68853049	26.0	19.0
17	69406388	34.0	25.0
17	75458450	28.0	29.0
17	75889908	27.0	18.0
17	78457481	14.0	34.0
17	81002547	16.0	23.0
18	1140919	27.0	34.0
18	3688427	15.0	26.0
18	5232517	18.0	32.0
18	9957353	30.0	42.0
18	10117575	8.0	53.0
18	10877314	9.0	50.0
18	13464939	5.0	39.0
18	14025378	8.0	46.0
18	14969555	4.0	57.0
18	22838019	25.0	36.0
18	23643312	18.0	25.0
18	23688017	13.0	54.0
18	24837851	10.0	57.0
18	24867279	9.0	50.0
18	25021177	8.0	45.0
18	26035126	31.0	25.0
18	26537870	5.0	37.0
18	26998891	28.0	38.0
18	29115113	4.0	59.0
18	29490861	23.0	38.0
18	30810886	24.0	34.0
18	31478136	8.0	36.0
18	31629454	34.0	32.0
18	31686622	4.0	43.0
18	32012725	20.0	29.0
18	33833189	11.0	48.0
18	34851947	24.0	38.0
18	34907541	6.0	50.0
18	35060494	19.0	39.0
18	35313987	4.0	52.0
18	35604804	30.0	31.0
18	35781458	4.0	41.0
18	36083557	11.0	53.0
18	36194121	12.0	40.0
18	36559877	22.0	31.0
18	38354233	5.0	63.0
18	38701952	8.0	50.0
18	39119456	34.0	42.0
18	40756544	6.0	32.0
18	41992902	18.0	36.0
18	41992903	17.0	37.0
18	42906019	12.0	40.0
18	43030126	29.0	27.0
18	43436120	23.0	35.0
18	43884353	10.0	34.0
18	44845170	4.0	52.0
18	47814297	3.0	28.0
18	49061565	9.0	60.0
18	49127460	11.0	43.0
18	49506623	4.0	53.0
18	50363206	24.0	36.0
18	50591830	14.0	57.0
18	51103008	8.0	42.0
18	51798724	8.0	47.0
18	52297047	30.0	31.0
18	52411371	25.0	44.0
18	53373776	18.0	15.0
18	55188149	11.0	52.0
18	55483119	25.0	33.0
18	57942132	11.0	44.0
18	58164993	11.0	44.0
18	58450521	30.0	32.0
18	58708213	24.0	25.0
18	59100914	21.0	34.0
18	61363539	38.0	28.0
18	62911750	29.0	39.0
18	63043016	16.0	37.0
18	63127629	22.0	36.0
18	63329609	26.0	33.0
18	63606639	19.0	25.0
18	65334404	19.0	13.0
18	65741069	21.0	27.0
18	68131416	17.0	47.0
18	68149013	20.0	30.0
18	68593365	4.0	59.0
18	68736341	22.0	45.0
18	69074610	27.0	28.0
18	69832513	26.0	39.0
18	69866270	15.0	27.0
18	70819110	9.0	60.0
18	70878717	30.0	39.0
18	70958007	11.0	42.0
18	70976028	37.0	29.0
18	71128294	7.0	61.0
18	71398695	10.0	43.0
18	71700030	6.0	66.0
18	72237010	17.0	30.0
18	75904594	21.0	37.0
18	76043663	18.0	38.0
18	76087324	28.0	31.0
18	76354942	23.0	32.0
18	76754611	19.0	17.0
18	77028604	29.0	73.0
18	77030573	24.0	51.0
18	77066123	8.0	76.0
18	77107082	12.0	63.0
19	598168	22.0	32.0
19	1069882	4.0	6.0
19	1422811	35.0	36.0
19	1537344	17.0	19.0
19	1577999	3.0	10.0
19	1732564	10.0	13.0
19	2662398	8.0	20.0
19	3269046	10.0	40.0
19	4561460	13.0	24.0
19	4902964	21.0	54.0
19	5377061	10.0	52.0
19	5520532	8.0	58.0
19	6480800	9.0	53.0
19	7817005	6.0	32.0
19	9416043	10.0	63.0
19	9796809	26.0	40.0
19	9902539	4.0	11.0
19	11851843	14.0	39.0
19	12346021	6.0	49.0
19	14482098	19.0	29.0
19	15838223	13.0	46.0
19	15928333	9.0	62.0
19	17419820	11.0	23.0
19	17716844	23.0	26.0
19	18030343	6.0	57.0
19	18238742	19.0	42.0
19	18319188	5.0	20.0
19	19573300	4.0	34.0
19	20302353	7.0	30.0
19	20629227	12.0	41.0
19	20636534	10.0	14.0
19	20654906	11.0	34.0
19	20655103	17.0	48.0
19	20655979	10.0	20.0
19	20656050	11.0	22.0
19	20782333	9.0	23.0
19	21464332	11.0	41.0
19	21946733	24.0	46.0
19	22125000	36.0	31.0
19	22221658	23.0	36.0
19	22486073	20.0	12.0
19	22551916	6.0	20.0
19	23208859	7.0	22.0
19	24596564	25.0	80.0
19	28733891	21.0	24.0
19	28976608	10.0	27.0
19	28984331	12.0	42.0
19	28984368	17.0	41.0
19	28985233	19.0	46.0
19	29214699	14.0	40.0
19	29215305	15.0	37.0
19	29215638	8.0	21.0
19	29216108	30.0	44.0
19	29612768	11.0	41.0
19	29623110	24.0	25.0
19	29972508	4.0	55.0
19	30923966	7.0	47.0
19	31894791	5.0	49.0
19	32606519	14.0	42.0
19	33503240	8.0	38.0
19	34446338	18.0	45.0
19	34662198	7.0	35.0
19	34662199	7.0	35.0
19	36314026	20.0	37.0
19	36473957	11.0	36.0
19	36674661	22.0	41.0
19	40792420	5.0	35.0
19	41882905	7.0	34.0
19	42131068	19.0	26.0
19	43775194	12.0	50.0
19	44364607	20.0	42.0
19	44578916	10.0	38.0
19	48469561	17.0	33.0
19	54016682	30.0	47.0
19	56325020	20.0	41.0
19	58136003	20.0	28.0
2	129786	8.0	46.0
2	780018	10.0	50.0
2	794723	14.0	26.0
2	892788	24.0	31.0
2	896121	22.0	32.0
2	1414102	31.0	38.0
2	1873398	12.0	37.0
2	1912656	25.0	35.0
2	2161164	29.0	38.0
2	2428084	32.0	38.0
2	2514700	19.0	28.0
2	4263242	33.0	32.0
2	4288685	5.0	49.0
2	4368558	25.0	34.0
2	4559720	5.0	55.0
2	4776146	10.0	70.0
2	5200593	30.0	36.0
2	5737762	4.0	40.0
2	5870801	7.0	38.0
2	5870802	6.0	37.0
2	5909007	16.0	29.0
2	6071828	18.0	46.0
2	6561776	31.0	45.0
2	7560685	4.0	49.0
2	7566141	13.0	48.0
2	8343496	9.0	31.0
2	8552520	6.0	44.0
2	11780503	21.0	25.0
2	12549213	31.0	29.0
2	13430653	23.0	21.0
2	13696483	27.0	35.0
2	14569887	24.0	32.0
2	14901190	12.0	43.0
2	16490865	25.0	39.0
2	16795466	5.0	45.0
2	17098516	10.0	43.0
2	17230391	29.0	34.0
2	19592887	5.0	50.0
2	20140977	4.0	69.0
2	21542102	35.0	35.0
2	21680945	5.0	55.0
2	23841216	27.0	22.0
2	25634776	5.0	62.0
2	26640650	27.0	41.0
2	26668498	38.0	40.0
2	27787449	9.0	33.0
2	29506430	20.0	30.0
2	29726481	23.0	34.0
2	30319535	8.0	45.0
2	31165374	8.0	49.0
2	31270757	22.0	33.0
2	32011073	19.0	40.0
2	32907263	19.0	42.0
2	33146435	4.0	33.0
2	34253252	11.0	53.0
2	34366752	4.0	59.0
2	35218565	14.0	59.0
2	36103537	28.0	53.0
2	37675207	34.0	38.0
2	37744198	31.0	44.0
2	38168690	9.0	31.0
2	38204682	18.0	25.0
2	42113798	5.0	51.0
2	46275525	6.0	50.0
2	48285374	4.0	52.0
2	49137000	27.0	41.0
2	49620562	6.0	74.0
2	50218275	19.0	28.0
2	51323459	25.0	21.0
2	51501711	20.0	38.0
2	52851683	16.0	36.0
2	52931136	19.0	26.0
2	55753745	25.0	37.0
2	55856199	26.0	41.0
2	55858748	24.0	28.0
2	56882614	21.0	36.0
2	57054360	27.0	35.0
2	58497168	5.0	64.0
2	58697125	7.0	43.0
2	59021569	28.0	24.0
2	59231765	17.0	42.0
2	59332556	5.0	48.0
2	59673994	4.0	58.0
2	60028885	8.0	14.0
2	60455962	7.0	32.0
2	60488367	20.0	31.0
2	60801656	15.0	56.0
2	62886873	15.0	34.0
2	65133542	28.0	26.0
2	67204122	5.0	52.0
2	67262978	8.0	52.0
2	67594975	45.0	30.0
2	67731051	23.0	42.0
2	68652217	9.0	35.0
2	70538149	11.0	36.0
2	71035313	10.0	37.0
2	71398271	3.0	30.0
2	72209241	4.0	56.0
2	74973632	32.0	35.0
2	76376546	11.0	57.0
2	76613307	11.0	29.0
2	76648612	4.0	56.0
2	76683204	10.0	45.0
2	76820091	4.0	59.0
2	77453545	35.0	25.0
2	78025237	4.0	59.0
2	78060000	32.0	39.0
2	78409665	34.0	46.0
2	78938583	5.0	57.0
2	79197150	4.0	53.0
2	79607900	11.0	48.0
2	79796715	11.0	29.0
2	79967332	13.0	47.0
2	81002892	7.0	48.0
2	81266433	21.0	29.0
2	81453614	25.0	36.0
2	81679277	42.0	38.0
2	82310253	11.0	53.0
2	82792007	5.0	54.0
2	95611765	7.0	45.0
2	96750514	17.0	21.0
2	98846034	17.0	38.0
2	99458643	4.0	53.0
2	99506222	7.0	46.0
2	101327758	23.0	30.0
2	102570618	19.0	30.0
2	103450230	24.0	34.0
2	103526061	21.0	37.0
2	103830778	12.0	28.0
2	103842416	32.0	24.0
2	104194874	8.0	53.0
2	104457132	17.0	43.0
2	104492811	31.0	33.0
2	105872956	6.0	46.0
2	106788685	28.0	30.0
2	106937000	22.0	36.0
2	108563021	8.0	48.0
2	108996497	27.0	33.0
2	109936047	7.0	46.0
2	110941302	6.0	37.0
2	113442996	23.0	38.0
2	113785508	7.0	44.0
2	115044275	17.0	34.0
2	115661224	12.0	48.0
2	116486924	9.0	37.0
2	116507449	13.0	37.0
2	117010079	26.0	30.0
2	117193756	5.0	62.0
2	117332828	9.0	51.0
2	117520333	22.0	32.0
2	117810561	12.0	25.0
2	117989088	17.0	39.0
2	118105329	7.0	47.0
2	118292594	25.0	25.0
2	118827848	8.0	41.0
2	118827849	9.0	41.0
2	119131443	5.0	53.0
2	120274009	23.0	24.0
2	124813168	11.0	27.0
2	124953737	5.0	51.0
2	125065184	10.0	48.0
2	125512556	17.0	45.0
2	125781539	10.0	50.0
2	126546949	33.0	42.0
2	126604406	17.0	43.0
2	126762721	28.0	25.0
2	127430809	19.0	29.0
2	131480032	6.0	56.0
2	132202987	19.0	20.0
2	132312102	37.0	27.0
2	132667019	28.0	28.0
2	133675755	25.0	23.0
2	134042226	9.0	45.0
2	135526888	10.0	48.0
2	137247428	12.0	47.0
2	137272259	13.0	41.0
2	137452911	13.0	40.0
2	137452912	13.0	39.0
2	137454226	8.0	38.0
2	138501116	24.0	34.0
2	139361512	12.0	44.0
2	139485438	21.0	33.0
2	139756283	23.0	12.0
2	139942741	37.0	30.0
2	140774827	21.0	37.0
2	140928983	15.0	34.0
2	141935099	7.0	54.0
2	142086134	24.0	37.0
2	142155545	4.0	54.0
2	142254087	4.0	54.0
2	142568601	30.0	33.0
2	142737702	20.0	30.0
2	142808116	13.0	54.0
2	143127569	19.0	27.0
2	143507156	6.0	45.0
2	147155651	12.0	44.0
2	148097633	30.0	18.0
2	148416307	18.0	27.0
2	149917415	21.0	30.0
2	153015868	24.0	21.0
2	153735175	22.0	24.0
2	153735177	23.0	25.0
2	153945864	8.0	53.0
2	154526039	20.0	38.0
2	154690724	21.0	17.0
2	158796911	7.0	62.0
2	159248675	18.0	33.0
2	159718852	25.0	46.0
2	159965200	21.0	30.0
2	160403640	10.0	49.0
2	162739475	13.0	49.0
2	164352861	22.0	43.0
2	165110658	7.0	63.0
2	168128810	12.0	58.0
2	168628780	4.0	53.0
2	169121064	20.0	22.0
2	169858655	21.0	34.0
2	170187734	15.0	30.0
2	170227588	32.0	34.0
2	170655310	12.0	20.0
2	170881164	7.0	46.0
2	171277437	12.0	45.0
2	174022688	13.0	49.0
2	174490474	11.0	42.0
2	174570292	25.0	36.0
2	175573555	8.0	36.0
2	176187431	16.0	20.0
2	177800788	12.0	35.0
2	179733225	4.0	68.0
2	180545741	22.0	33.0
2	180702731	4.0	53.0
2	182909066	5.0	61.0
2	183010369	15.0	19.0
2	183069101	16.0	29.0
2	183703621	25.0	42.0
2	184393456	6.0	49.0
2	184673173	6.0	54.0
2	184764489	4.0	60.0
2	184809018	31.0	20.0
2	185272393	9.0	47.0
2	186018232	25.0	39.0
2	186134010	11.0	42.0
2	186279797	11.0	42.0
2	188319287	20.0	20.0
2	188468143	25.0	16.0
2	188472316	8.0	56.0
2	189221867	19.0	51.0
2	189367517	8.0	31.0
2	189927050	11.0	39.0
2	193667931	15.0	56.0
2	195020249	21.0	27.0
2	195305639	11.0	46.0
2	195307047	4.0	57.0
2	195541447	28.0	27.0
2	195709174	15.0	25.0
2	198032302	13.0	52.0
2	199131069	29.0	34.0
2	199213020	18.0	28.0
2	199478154	13.0	37.0
2	204074131	21.0	43.0
2	204317370	9.0	42.0
2	204351783	20.0	34.0
2	206345207	6.0	44.0
2	206608046	13.0	32.0
2	207283462	45.0	38.0
2	209335113	24.0	33.0
2	209672266	4.0	58.0
2	209965002	6.0	37.0
2	211837920	16.0	51.0
2	211985692	16.0	28.0
2	212455534	5.0	40.0
2	212954777	11.0	40.0
2	213251244	16.0	27.0
2	214444236	10.0	48.0
2	214577728	4.0	39.0
2	214924245	8.0	42.0
2	215634508	13.0	53.0
2	216780336	10.0	44.0
2	217234774	19.0	24.0
2	218602662	7.0	36.0
2	219806682	24.0	29.0
2	221767136	26.0	32.0
2	221909504	31.0	32.0
2	222441073	33.0	32.0
2	223025434	6.0	41.0
2	223287477	23.0	51.0
2	223541837	27.0	20.0
2	224772582	3.0	31.0
2	226074009	13.0	54.0
2	226225612	27.0	34.0
2	226918681	17.0	28.0
2	229330461	7.0	33.0
2	230342703	30.0	28.0
2	232378521	30.0	31.0
2	233101130	18.0	37.0
2	233662967	13.0	46.0
2	234358595	17.0	24.0
2	236541564	19.0	19.0
2	237637968	20.0	24.0
2	239402204	12.0	36.0
2	239495814	15.0	38.0
2	240037118	27.0	25.0
2	240585450	24.0	29.0
2	241049935	18.0	13.0
20	144717	12.0	40.0
20	999122	4.0	19.0
20	2618342	11.0	50.0
20	5243772	33.0	30.0
20	5680765	8.0	34.0
20	6488707	18.0	37.0
20	6815171	12.0	48.0
20	7589870	40.0	23.0
20	7675997	31.0	15.0
20	9808452	11.0	35.0
20	12136362	25.0	32.0
20	12850062	12.0	34.0
20	13874205	27.0	37.0
20	14300893	27.0	30.0
20	15199476	23.0	28.0
20	16670674	14.0	50.0
20	16918856	4.0	66.0
20	17744065	12.0	32.0
20	18266474	31.0	36.0
20	18797173	4.0	41.0
20	20137338	24.0	35.0
20	20303683	25.0	28.0
20	21458453	5.0	14.0
20	21782412	35.0	42.0
20	22178495	6.0	55.0
20	22313300	28.0	30.0
20	22331256	12.0	33.0
20	22426001	4.0	48.0
20	24129309	9.0	42.0
20	30631409	22.0	31.0
20	31244809	25.0	33.0
20	31907694	17.0	25.0
20	32212566	20.0	38.0
20	33391766	19.0	24.0
20	35823352	11.0	65.0
20	36317249	11.0	68.0
20	37832516	4.0	76.0
20	37980159	5.0	80.0
20	38191572	5.0	71.0
20	39037490	24.0	42.0
20	41602881	21.0	54.0
20	42677704	43.0	22.0
20	43931549	42.0	19.0
20	43976770	4.0	40.0
20	44688511	5.0	83.0
20	46912003	8.0	77.0
20	47499746	40.0	24.0
20	48138979	44.0	46.0
20	51195866	25.0	52.0
20	52257197	27.0	46.0
20	53846775	7.0	80.0
20	54894360	43.0	42.0
20	55226393	8.0	37.0
20	57542217	13.0	28.0
20	57747901	8.0	63.0
20	57878958	20.0	48.0
20	60833099	19.0	49.0
20	62418960	34.0	29.0
20	62793895	47.0	36.0
21	10700422	11.0	137.0
21	10938179	27.0	87.0
21	16894365	29.0	19.0
21	16936953	8.0	55.0
21	19079159	39.0	33.0
21	19934112	40.0	32.0
21	20229726	15.0	66.0
21	20481826	23.0	36.0
21	20606757	5.0	66.0
21	20937507	6.0	55.0
21	22978426	7.0	44.0
21	24480280	4.0	56.0
21	24813863	12.0	46.0
21	30178966	41.0	37.0
21	32124384	23.0	53.0
21	33005024	20.0	30.0
21	34196087	13.0	42.0
21	34458681	22.0	37.0
21	35244692	26.0	20.0
21	39321738	6.0	28.0
21	41333983	15.0	29.0
21	41538972	11.0	45.0
21	44367163	16.0	33.0
21	44499145	24.0	10.0
21	45202350	25.0	12.0
21	45248631	15.0	38.0
21	46118241	5.0	28.0
22	16554769	12.0	27.0
22	17307714	15.0	29.0
22	25903317	22.0	20.0
22	25959513	20.0	32.0
22	26366130	11.0	50.0
22	26552852	15.0	29.0
22	26858015	28.0	18.0
22	27358758	14.0	33.0
22	27623723	16.0	27.0
22	27699029	16.0	16.0
22	30311129	22.0	22.0
22	30857444	15.0	34.0
22	33120799	17.0	20.0
22	33268471	3.0	29.0
22	33352002	14.0	15.0
22	33662381	18.0	12.0
22	34018069	20.0	18.0
22	34538317	9.0	25.0
22	34911342	11.0	40.0
22	37227974	15.0	25.0
22	37818772	5.0	37.0
22	39209403	15.0	34.0
22	43581803	5.0	18.0
22	44917609	27.0	23.0
22	45152797	3.0	30.0
22	48044800	11.0	28.0
22	48578808	6.0	35.0
22	48591015	16.0	19.0
22	49055703	9.0	26.0
22	49716544	5.0	55.0
22	49761527	14.0	24.0
22	50361057	4.0	24.0
22	50857748	19.0	19.0
3	818961	6.0	73.0
3	991698	26.0	23.0
3	1008438	26.0	34.0
3	4002558	7.0	63.0
3	4400602	12.0	40.0
3	5206240	27.0	30.0
3	6482599	11.0	55.0
3	6538409	26.0	35.0
3	6572552	6.0	75.0
3	7113222	11.0	38.0
3	7124421	29.0	41.0
3	7504140	18.0	48.0
3	9657329	7.0	47.0
3	10854804	18.0	21.0
3	12250935	9.0	47.0
3	13576100	4.0	58.0
3	17297084	29.0	31.0
3	17828271	19.0	32.0
3	18154708	23.0	32.0
3	18626665	11.0	30.0
3	19570322	10.0	49.0
3	20373770	5.0	53.0
3	23442776	5.0	46.0
3	23593310	30.0	20.0
3	24088296	12.0	58.0
3	26130653	14.0	52.0
3	29284987	5.0	53.0
3	29485890	27.0	31.0
3	29619421	14.0	38.0
3	31108406	27.0	28.0
3	34184871	19.0	26.0
3	35136270	19.0	37.0
3	39426409	20.0	26.0
3	39592131	21.0	34.0
3	40179580	23.0	32.0
3	43416736	23.0	28.0
3	43876414	20.0	32.0
3	48406787	40.0	47.0
3	52847019	7.0	20.0
3	53835567	14.0	36.0
3	54473074	15.0	27.0
3	55781375	12.0	47.0
3	56597628	13.0	53.0
3	57495763	21.0	44.0
3	57644850	22.0	32.0
3	58631487	28.0	25.0
3	59321423	21.0	32.0
3	60281601	17.0	49.0
3	60842608	6.0	31.0
3	61491924	28.0	34.0
3	62776397	10.0	48.0
3	63089612	24.0	36.0
3	63423994	34.0	40.0
3	64430986	19.0	21.0
3	65070915	9.0	41.0
3	65082742	7.0	68.0
3	65539585	30.0	38.0
3	65618813	22.0	24.0
3	66871919	11.0	42.0
3	67098397	6.0	70.0
3	67306402	27.0	32.0
3	67868383	27.0	33.0
3	68274310	4.0	32.0
3	68557432	13.0	44.0
3	68643391	32.0	38.0
3	68664231	13.0	32.0
3	68735681	25.0	23.0
3	69075573	33.0	30.0
3	69737699	13.0	46.0
3	71708842	34.0	26.0
3	73397721	14.0	47.0
3	74965852	4.0	54.0
3	77183125	16.0	45.0
3	78117071	4.0	53.0
3	78211459	7.0	40.0
3	78359632	10.0	49.0
3	79107277	7.0	52.0
3	79220602	4.0	50.0
3	79349059	29.0	38.0
3	79575523	9.0	43.0
3	80008978	33.0	23.0
3	80582958	28.0	25.0
3	81182471	12.0	43.0
3	81308211	7.0	66.0
3	81783963	22.0	31.0
3	81801169	7.0	51.0
3	82479481	21.0	35.0
3	82940538	32.0	27.0
3	83069597	35.0	27.0
3	83171223	20.0	33.0
3	84358519	12.0	51.0
3	84584618	36.0	35.0
3	84956076	30.0	34.0
3	85151447	5.0	51.0
3	85382059	6.0	72.0
3	87763762	12.0	40.0
3	87988976	25.0	50.0
3	89364444	22.0	40.0
3	89817651	23.0	31.0
3	93709921	5.0	51.0
3	94432979	29.0	42.0
3	97037630	42.0	28.0
3	98207318	12.0	46.0
3	102837262	33.0	35.0
3	103089704	15.0	31.0
3	103217506	23.0	43.0
3	103783694	23.0	27.0
3	104394460	14.0	49.0
3	105345293	13.0	28.0
3	105613238	14.0	46.0
3	108499926	7.0	53.0
3	108535184	15.0	27.0
3	109924093	26.0	28.0
3	110492488	4.0	42.0
3	110699336	9.0	52.0
3	110899048	4.0	60.0
3	110974589	6.0	60.0
3	113557303	18.0	27.0
3	118744902	9.0	36.0
3	120882162	7.0	49.0
3	120989619	5.0	54.0
3	121257621	24.0	39.0
3	121508028	10.0	65.0
3	123688251	39.0	28.0
3	125607263	28.0	40.0
3	128536621	24.0	31.0
3	130001171	36.0	22.0
3	131378005	23.0	34.0
3	132997680	26.0	27.0
3	134339675	19.0	36.0
3	135191391	26.0	29.0
3	137565228	28.0	33.0
3	137866700	13.0	39.0
3	138083397	27.0	25.0
3	138600927	24.0	28.0
3	140247081	9.0	51.0
3	140247083	9.0	52.0
3	140715895	8.0	46.0
3	140757770	28.0	28.0
3	143057729	5.0	58.0
3	147712841	4.0	69.0
3	148627863	9.0	42.0
3	149016815	13.0	44.0
3	149408966	15.0	30.0
3	151496231	21.0	30.0
3	152411579	17.0	45.0
3	152897425	19.0	28.0
3	153222417	8.0	49.0
3	154271588	15.0	38.0
3	154410995	33.0	23.0
3	155272729	13.0	45.0
3	156410634	33.0	32.0
3	157936398	25.0	42.0
3	157936399	27.0	42.0
3	158785103	8.0	45.0
3	160420626	10.0	33.0
3	161443163	20.0	35.0
3	161778037	15.0	17.0
3	164825615	31.0	40.0
3	165601748	28.0	38.0
3	165933632	12.0	41.0
3	166247093	24.0	33.0
3	166275997	4.0	59.0
3	166277998	22.0	28.0
3	166930602	27.0	34.0
3	167846521	19.0	26.0
3	168006887	5.0	51.0
3	168425134	27.0	36.0
3	168570155	17.0	23.0
3	169406630	4.0	46.0
3	170222263	15.0	44.0
3	172021005	11.0	39.0
3	172858042	5.0	68.0
3	173690630	14.0	25.0
3	173995642	24.0	35.0
3	174816579	20.0	53.0
3	175846657	23.0	47.0
3	180312359	27.0	25.0
3	180539874	29.0	20.0
3	181240625	28.0	34.0
3	183915875	5.0	7.0
3	184031540	8.0	50.0
3	184982229	24.0	30.0
3	185584735	29.0	27.0
3	186160632	20.0	28.0
3	187097236	4.0	51.0
3	190917661	32.0	26.0
3	191189286	4.0	51.0
3	192362213	27.0	29.0
3	192407131	40.0	44.0
3	192489040	34.0	28.0
3	195182491	17.0	30.0
3	196727184	28.0	38.0
4	609009	6.0	55.0
4	1314628	17.0	26.0
4	1615775	17.0	20.0
4	2887465	18.0	22.0
4	4406309	25.0	17.0
4	6986400	25.0	31.0
4	7170855	28.0	29.0
4	8886522	13.0	40.0
4	9119919	19.0	32.0
4	9570920	7.0	39.0
4	13054932	570.0	57.0
4	13055034	522.0	67.0
4	13055927	187.0	57.0
4	13055956	210.0	59.0
4	13056311	162.0	75.0
4	13056589	174.0	71.0
4	13056691	186.0	62.0
4	13565836	75.0	277.0
4	13565931	20.0	251.0
4	13565952	24.0	255.0
4	13565959	24.0	263.0
4	13566582	72.0	274.0
4	13566911	93.0	270.0
4	13567447	63.0	228.0
4	13683726	17.0	208.0
4	13827810	69.0	117.0
4	13828087	66.0	117.0
4	14228285	11.0	93.0
4	14642369	56.0	228.0
4	15042121	29.0	38.0
4	15117604	78.0	54.0
4	15118434	79.0	49.0
4	15118613	63.0	58.0
4	15510517	356.0	72.0
4	15859182	4.0	50.0
4	15920754	31.0	35.0
4	16005607	33.0	32.0
4	17739277	28.0	49.0
4	17750309	396.0	34.0
4	17750399	474.0	40.0
4	17750486	431.0	47.0
4	17750525	453.0	42.0
4	17750907	558.0	48.0
4	18240423	184.0	69.0
4	18283367	151.0	64.0
4	18286651	73.0	191.0
4	18748802	6.0	53.0
4	20190764	28.0	39.0
4	20879851	30.0	31.0
4	21230049	22.0	22.0
4	24919136	18.0	30.0
4	25511680	672.0	61.0
4	25631133	77.0	258.0
4	25631419	97.0	358.0
4	25637479	25.0	485.0
4	25849000	18.0	553.0
4	25856718	57.0	553.0
4	25859670	34.0	540.0
4	27284948	12.0	50.0
4	27982071	22.0	32.0
4	29291169	20.0	531.0
4	29307856	134.0	445.0
4	29342748	31.0	180.0
4	29355837	257.0	193.0
4	29356295	255.0	177.0
4	29357924	82.0	218.0
4	29364329	67.0	296.0
4	29637321	28.0	231.0
4	29691565	65.0	416.0
4	29691597	57.0	433.0
4	29749619	12.0	410.0
4	29792920	29.0	477.0
4	29925814	14.0	293.0
4	30021043	18.0	378.0
4	30021404	32.0	382.0
4	30024626	27.0	353.0
4	30026520	27.0	386.0
4	30028464	23.0	428.0
4	30122634	32.0	374.0
4	30122717	31.0	371.0
4	30122857	33.0	353.0
4	30123102	29.0	357.0
4	30123204	22.0	397.0
4	30123441	15.0	235.0
4	30212380	25.0	295.0
4	30640691	49.0	184.0
4	30641638	60.0	201.0
4	30642436	55.0	179.0
4	30642501	50.0	172.0
4	30937143	203.0	73.0
4	30938962	179.0	55.0
4	31070602	24.0	194.0
4	31086955	24.0	155.0
4	31120921	47.0	203.0
4	31121930	41.0	158.0
4	31121995	29.0	204.0
4	31265753	86.0	301.0
4	31265986	74.0	251.0
4	31266248	82.0	279.0
4	31266291	80.0	313.0
4	31276140	96.0	329.0
4	31286838	10.0	242.0
4	31976837	511.0	56.0
4	31977084	588.0	64.0
4	31977273	489.0	51.0
4	32019748	68.0	319.0
4	32283676	55.0	270.0
4	32405537	16.0	290.0
4	32865828	82.0	74.0
4	33354416	27.0	196.0
4	33354737	23.0	192.0
4	33354871	27.0	185.0
4	33356388	61.0	41.0
4	33603950	9.0	47.0
4	33872281	16.0	45.0
4	34721866	3.0	60.0
4	34721867	3.0	60.0
4	34760513	9.0	48.0
4	34959262	202.0	172.0
4	34977354	33.0	503.0
4	35030775	14.0	369.0
4	35120831	25.0	346.0
4	35159121	27.0	333.0
4	35177492	246.0	144.0
4	35398383	11.0	50.0
4	35644781	38.0	54.0
4	35709016	85.0	129.0
4	35709017	85.0	129.0
4	35709309	92.0	110.0
4	35709434	74.0	105.0
4	35709728	77.0	113.0
4	35709753	3.0	181.0
4	35709758	73.0	114.0
4	35769815	9.0	44.0
4	35777490	7.0	50.0
4	35901273	23.0	22.0
4	36251979	10.0	147.0
4	36404125	14.0	69.0
4	36693452	51.0	58.0
4	37025641	20.0	65.0
4	37025796	31.0	81.0
4	37859143	99.0	87.0
4	37859471	79.0	82.0
4	37860595	77.0	62.0
4	37861059	78.0	72.0
4	39651487	57.0	93.0
4	40027760	5.0	41.0
4	40027789	2.0	40.0
4	40027859	14.0	71.0
4	40161795	32.0	341.0
4	40240550	26.0	341.0
4	40286637	22.0	323.0
4	40339262	54.0	338.0
4	40356596	54.0	332.0
4	40377383	256.0	58.0
4	40378082	160.0	46.0
4	40382386	147.0	35.0
4	41462872	14.0	39.0
4	41744332	20.0	34.0
4	42537941	18.0	48.0
4	43508020	24.0	24.0
4	44001027	29.0	22.0
4	44026740	4.0	61.0
4	44780137	17.0	28.0
4	46164238	13.0	33.0
4	46319866	9.0	45.0
4	46395170	15.0	51.0
4	46657621	25.0	29.0
4	46867418	9.0	49.0
4	47189112	32.0	38.0
4	47670636	50.0	70.0
4	48051805	23.0	18.0
4	48664766	5.0	35.0
4	52925714	22.0	21.0
4	53221847	5.0	61.0
4	57274328	8.0	36.0
4	58235005	16.0	29.0
4	58576594	10.0	40.0
4	58755439	28.0	30.0
4	59937118	27.0	40.0
4	60390235	36.0	20.0
4	60808879	30.0	26.0
4	60875071	4.0	35.0
4	61912281	23.0	41.0
4	63492468	12.0	51.0
4	63492476	10.0	46.0
4	64974978	11.0	46.0
4	66659447	21.0	24.0
4	67432922	22.0	29.0
4	67450948	5.0	58.0
4	68159503	6.0	58.0
4	68159576	5.0	49.0
4	68200492	4.0	60.0
4	68972601	5.0	67.0
4	69089116	12.0	39.0
4	69237285	18.0	25.0
4	69324302	7.0	53.0
4	69492807	5.0	58.0
4	69833011	7.0	56.0
4	70047422	11.0	33.0
4	70667731	2.0	46.0
4	70907346	8.0	35.0
4	71312797	4.0	29.0
4	71807218	17.0	22.0
4	72249695	4.0	47.0
4	73156190	5.0	34.0
4	73819488	23.0	30.0
4	74996824	25.0	31.0
4	75274843	9.0	60.0
4	75509639	9.0	33.0
4	76209122	6.0	48.0
4	77121010	16.0	27.0
4	78004934	27.0	22.0
4	78189897	24.0	27.0
4	80204802	7.0	57.0
4	80852589	28.0	31.0
4	81796447	7.0	60.0
4	82192960	6.0	56.0
4	83213962	20.0	42.0
4	84585637	9.0	60.0
4	84775150	4.0	57.0
4	85146603	4.0	46.0
4	88893147	8.0	45.0
4	91585027	6.0	33.0
4	93908544	12.0	43.0
4	93908545	12.0	43.0
4	94752451	8.0	41.0
4	95812486	4.0	59.0
4	96550233	17.0	35.0
4	96686380	12.0	51.0
4	96766299	28.0	24.0
4	96979112	33.0	33.0
4	98697259	23.0	37.0
4	99231639	30.0	47.0
4	99396469	4.0	58.0
4	99707400	30.0	43.0
4	100171879	15.0	46.0
4	101105532	24.0	31.0
4	101332612	4.0	60.0
4	102886774	6.0	52.0
4	104277111	29.0	36.0
4	104369015	22.0	44.0
4	104374969	12.0	41.0
4	104790926	4.0	40.0
4	105094088	13.0	33.0
4	105764981	4.0	48.0
4	106819716	8.0	29.0
4	107026947	25.0	24.0
4	107917196	20.0	49.0
4	108545847	4.0	51.0
4	110051001	28.0	35.0
4	111864535	6.0	62.0
4	112833928	18.0	42.0
4	113681517	4.0	35.0
4	114563248	30.0	29.0
4	114619244	5.0	68.0
4	114887345	20.0	34.0
4	116206980	22.0	28.0
4	118204477	14.0	50.0
4	118974123	25.0	31.0
4	120575335	20.0	29.0
4	120589859	30.0	38.0
4	121262917	6.0	67.0
4	122227421	12.0	24.0
4	126057783	28.0	40.0
4	126551264	20.0	34.0
4	129047404	12.0	37.0
4	131507854	5.0	52.0
4	131528603	32.0	41.0
4	131855679	16.0	31.0
4	131893272	4.0	47.0
4	131931231	11.0	52.0
4	133090358	21.0	22.0
4	135671047	6.0	50.0
4	135887309	7.0	42.0
4	136069621	6.0	71.0
4	136668186	34.0	38.0
4	136787652	34.0	33.0
4	137366573	12.0	43.0
4	141153385	4.0	59.0
4	142794642	23.0	39.0
4	142982664	4.0	53.0
4	145647099	4.0	32.0
4	147914516	6.0	44.0
4	148744479	22.0	37.0
4	149580362	7.0	34.0
4	149608443	36.0	39.0
4	150177178	28.0	25.0
4	152337245	11.0	49.0
4	152714244	22.0	31.0
4	152750781	7.0	37.0
4	152949991	2.0	42.0
4	152950022	5.0	47.0
4	152950045	5.0	41.0
4	153162311	20.0	28.0
4	153274151	9.0	41.0
4	153873306	12.0	59.0
4	154072507	10.0	36.0
4	155677792	14.0	33.0
4	156713881	7.0	61.0
4	157183178	4.0	55.0
4	157512824	5.0	48.0
4	158666142	4.0	58.0
4	159249869	26.0	29.0
4	159799597	29.0	37.0
4	160353724	5.0	42.0
4	160353945	8.0	53.0
4	160830176	25.0	47.0
4	160863530	22.0	31.0
4	160875317	19.0	25.0
4	161373861	18.0	27.0
4	161517580	14.0	37.0
4	162310446	20.0	17.0
4	162516194	4.0	44.0
4	162815773	17.0	9.0
4	162965216	7.0	30.0
4	163522751	22.0	21.0
4	163725188	10.0	28.0
4	163899425	9.0	46.0
4	164079946	9.0	21.0
4	164121992	4.0	43.0
4	164125484	6.0	38.0
4	164192719	4.0	44.0
4	165424993	16.0	36.0
4	165719940	5.0	44.0
4	166827616	15.0	33.0
4	167126190	8.0	39.0
4	168215369	8.0	16.0
4	168331318	17.0	33.0
4	168507527	3.0	34.0
4	171141808	32.0	35.0
4	171272343	22.0	24.0
4	171293285	5.0	34.0
4	171723154	16.0	35.0
4	172090048	7.0	25.0
4	172393923	12.0	41.0
4	172399323	12.0	28.0
4	172792693	13.0	35.0
4	173150229	3.0	32.0
4	173207776	4.0	45.0
4	174259865	12.0	30.0
4	175429569	5.0	49.0
4	175916493	13.0	36.0
4	175948090	7.0	41.0
4	175948318	5.0	45.0
4	175948338	6.0	51.0
4	178337578	4.0	32.0
4	179578981	15.0	32.0
4	179873931	6.0	48.0
4	179875750	5.0	32.0
4	180078196	20.0	15.0
4	180201588	4.0	40.0
4	180300779	12.0	27.0
4	180409513	23.0	20.0
4	180504429	8.0	25.0
4	180721643	11.0	13.0
4	180726823	7.0	39.0
4	181045152	6.0	40.0
4	181057010	4.0	40.0
4	181059047	7.0	56.0
4	181059161	7.0	44.0
4	181059264	9.0	52.0
4	181134631	5.0	29.0
4	181134681	7.0	26.0
4	181134833	5.0	26.0
4	181423859	9.0	34.0
4	181704069	7.0	44.0
4	182820724	18.0	33.0
4	183248111	9.0	20.0
4	183490730	8.0	30.0
4	183680097	4.0	38.0
4	185224918	5.0	38.0
4	185225376	4.0	53.0
4	185286835	4.0	26.0
4	185706043	5.0	43.0
4	185843783	7.0	26.0
4	188706494	11.0	39.0
4	188706821	7.0	36.0
4	188706858	8.0	33.0
4	188728499	15.0	23.0
4	189124477	6.0	7.0
4	189633426	6.0	40.0
4	190384472	9.0	16.0
4	190448302	21.0	19.0
4	191026763	10.0	129.0
5	682012	20.0	34.0
5	1122014	28.0	25.0
5	1642751	20.0	25.0
5	2286687	11.0	53.0
5	3815287	22.0	30.0
5	4458598	14.0	53.0
5	4524982	6.0	75.0
5	4556045	23.0	19.0
5	5543002	11.0	37.0
5	6010007	8.0	44.0
5	6984501	25.0	21.0
5	7450360	11.0	50.0
5	7696143	27.0	30.0
5	8431586	32.0	35.0
5	8537663	35.0	37.0
5	8809946	31.0	36.0
5	8869311	17.0	34.0
5	9604190	11.0	35.0
5	10992682	6.0	41.0
5	11268343	35.0	37.0
5	11269787	20.0	54.0
5	12570410	4.0	53.0
5	12981339	27.0	34.0
5	13235298	18.0	24.0
5	13259972	4.0	43.0
5	13384385	32.0	35.0
5	14547685	10.0	33.0
5	16168183	7.0	57.0
5	17451759	14.0	37.0
5	17958230	18.0	45.0
5	19197444	10.0	47.0
5	19437697	23.0	29.0
5	19812776	21.0	48.0
5	20172613	6.0	44.0
5	20325632	22.0	24.0
5	20969221	29.0	31.0
5	21650044	21.0	37.0
5	22467872	22.0	33.0
5	22737278	10.0	59.0
5	23952987	4.0	52.0
5	24332381	13.0	40.0
5	24711201	26.0	22.0
5	26810378	10.0	40.0
5	28699148	20.0	24.0
5	29211355	22.0	13.0
5	29311433	12.0	51.0
5	29629985	16.0	50.0
5	29908393	8.0	37.0
5	30402782	6.0	49.0
5	33633442	10.0	33.0
5	34077344	15.0	45.0
5	37821730	25.0	34.0
5	37932399	28.0	42.0
5	37950731	6.0	56.0
5	38318540	5.0	45.0
5	38361818	7.0	43.0
5	40443353	22.0	47.0
5	41410999	23.0	22.0
5	43786860	30.0	34.0
5	44809273	9.0	33.0
5	50314791	9.0	44.0
5	50366277	30.0	38.0
5	50568908	4.0	65.0
5	50815066	11.0	38.0
5	50834895	5.0	49.0
5	51374893	13.0	64.0
5	51432511	9.0	41.0
5	51727402	26.0	36.0
5	54808956	21.0	23.0
5	56941761	27.0	42.0
5	57971372	20.0	26.0
5	58732825	6.0	59.0
5	59160749	7.0	40.0
5	59604980	16.0	39.0
5	60032132	4.0	44.0
5	60364709	6.0	55.0
5	62296576	22.0	44.0
5	63693099	14.0	56.0
5	74143772	11.0	34.0
5	74168373	20.0	19.0
5	75413290	13.0	59.0
5	75599410	23.0	32.0
5	75677791	4.0	50.0
5	75698948	4.0	41.0
5	76864689	23.0	36.0
5	77258883	23.0	26.0
5	83166414	8.0	40.0
5	83530851	4.0	64.0
5	85252290	25.0	33.0
5	85930032	9.0	43.0
5	87300237	11.0	31.0
5	87849880	8.0	52.0
5	88410656	4.0	35.0
5	88809093	33.0	27.0
5	88865647	27.0	35.0
5	93522081	24.0	36.0
5	94471524	7.0	54.0
5	95266896	5.0	39.0
5	95682630	5.0	55.0
5	96959757	28.0	37.0
5	98979850	16.0	14.0
5	99206061	4.0	38.0
5	99257355	4.0	52.0
5	100426132	8.0	54.0
5	101572280	12.0	36.0
5	103018872	10.0	57.0
5	104242505	31.0	30.0
5	104978248	30.0	41.0
5	105244041	26.0	21.0
5	105358391	24.0	34.0
5	105458837	4.0	40.0
5	105608024	21.0	35.0
5	106377609	22.0	42.0
5	106684632	16.0	58.0
5	107541494	27.0	23.0
5	108946023	12.0	43.0
5	109824569	28.0	38.0
5	110204076	6.0	49.0
5	110213221	5.0	48.0
5	110376986	30.0	33.0
5	111192086	8.0	48.0
5	112006105	17.0	27.0
5	113666108	7.0	53.0
5	114392819	14.0	33.0
5	114751812	4.0	49.0
5	116714459	5.0	69.0
5	118396158	19.0	30.0
5	118465838	4.0	42.0
5	119377910	27.0	32.0
5	120166124	4.0	58.0
5	121426622	13.0	51.0
5	124548130	8.0	59.0
5	130031151	15.0	52.0
5	135732645	20.0	36.0
5	135896399	8.0	52.0
5	136026122	26.0	32.0
5	136053300	30.0	29.0
5	136288323	11.0	39.0
5	137675536	31.0	26.0
5	140315838	27.0	35.0
5	143344875	4.0	62.0
5	143924399	27.0	36.0
5	144604748	10.0	48.0
5	145342868	6.0	49.0
5	145568342	6.0	54.0
5	145758830	10.0	47.0
5	145760183	13.0	37.0
5	148396497	15.0	26.0
5	148508904	11.0	58.0
5	150329874	7.0	48.0
5	150331216	30.0	34.0
5	150606212	18.0	31.0
5	151919514	19.0	45.0
5	152157281	29.0	38.0
5	152433059	26.0	50.0
5	153189019	8.0	64.0
5	154667157	18.0	33.0
5	154730059	28.0	36.0
5	155206956	13.0	53.0
5	155341577	9.0	53.0
5	155407501	6.0	40.0
5	160036869	8.0	42.0
5	160402673	19.0	25.0
5	161039333	9.0	49.0
5	161347631	30.0	33.0
5	161980074	23.0	24.0
5	163054844	23.0	33.0
5	163188963	32.0	38.0
5	163523006	7.0	44.0
5	164294639	13.0	46.0
5	164703328	13.0	58.0
5	165074413	15.0	64.0
5	165509684	7.0	72.0
5	166781324	7.0	53.0
5	167738001	19.0	25.0
5	168401849	10.0	42.0
5	170188849	24.0	28.0
5	173055794	27.0	30.0
5	173187252	9.0	29.0
5	173566843	20.0	21.0
5	173869873	24.0	25.0
5	174042049	4.0	59.0
5	174289209	17.0	51.0
5	174474509	27.0	26.0
5	174964695	5.0	54.0
5	176481919	22.0	32.0
5	177965838	12.0	45.0
5	179482809	25.0	31.0
5	179734004	21.0	17.0
5	179945217	19.0	45.0
5	180505110	13.0	44.0
6	1317665	8.0	16.0
6	1649187	23.0	32.0
6	4076680	6.0	44.0
6	4559456	20.0	28.0
6	5562469	13.0	38.0
6	5626666	18.0	26.0
6	5626667	18.0	26.0
6	7524146	5.0	14.0
6	8221887	13.0	37.0
6	8242296	23.0	30.0
6	8412574	4.0	63.0
6	8898757	8.0	45.0
6	8915387	19.0	33.0
6	9430122	28.0	35.0
6	9593847	23.0	24.0
6	9680773	4.0	51.0
6	10105221	6.0	53.0
6	11780215	5.0	25.0
6	13762783	18.0	31.0
6	14052781	17.0	20.0
6	14699584	12.0	45.0
6	15134355	29.0	31.0
6	15638199	31.0	44.0
6	17169985	12.0	54.0
6	17576513	14.0	18.0
6	18192345	7.0	51.0
6	19396640	11.0	54.0
6	19645788	4.0	39.0
6	20493757	10.0	58.0
6	20645139	34.0	28.0
6	20781386	21.0	26.0
6	21564404	27.0	31.0
6	21836855	5.0	62.0
6	24795860	25.0	45.0
6	25627644	25.0	24.0
6	26191057	26.0	31.0
6	27004986	30.0	38.0
6	28697995	6.0	47.0
6	28910918	22.0	28.0
6	29270716	4.0	39.0
6	29358855	6.0	39.0
6	29736245	9.0	39.0
6	33719029	6.0	20.0
6	34216556	24.0	20.0
6	36366446	26.0	31.0
6	36832913	21.0	40.0
6	37331976	4.0	34.0
6	39221701	5.0	49.0
6	40245750	10.0	45.0
6	45563518	16.0	36.0
6	46584095	4.0	30.0
6	48002836	5.0	57.0
6	48588947	17.0	24.0
6	50021460	26.0	30.0
6	50775129	33.0	35.0
6	51215953	17.0	32.0
6	52046566	30.0	32.0
6	53485089	5.0	54.0
6	54440674	11.0	40.0
6	54689670	21.0	31.0
6	54781439	14.0	44.0
6	55212641	10.0	46.0
6	57159650	12.0	17.0
6	58436045	31.0	24.0
6	62306963	5.0	58.0
6	62366846	11.0	52.0
6	62637669	5.0	60.0
6	62796809	7.0	49.0
6	62964133	10.0	42.0
6	63036202	24.0	36.0
6	64502797	3.0	45.0
6	64639874	28.0	31.0
6	64973600	5.0	60.0
6	65029864	18.0	25.0
6	66351998	33.0	37.0
6	67343369	2.0	64.0
6	68683193	23.0	34.0
6	68687509	24.0	29.0
6	69119159	23.0	39.0
6	70560158	25.0	35.0
6	71384793	17.0	36.0
6	72506058	28.0	44.0
6	72639628	6.0	49.0
6	73159498	21.0	14.0
6	73259984	6.0	48.0
6	75152826	11.0	16.0
6	76895468	8.0	46.0
6	77106985	31.0	33.0
6	77387651	5.0	53.0
6	78326450	7.0	36.0
6	79907027	16.0	54.0
6	79992689	27.0	24.0
6	80606153	5.0	76.0
6	83492589	11.0	43.0
6	84471862	9.0	36.0
6	86303670	18.0	19.0
6	86303782	20.0	19.0
6	87641795	18.0	54.0
6	88709751	8.0	58.0
6	88839084	19.0	31.0
6	88922971	5.0	59.0
6	89719681	5.0	42.0
6	90332580	12.0	41.0
6	91537387	26.0	28.0
6	91657151	7.0	34.0
6	91718945	25.0	30.0
6	91943908	7.0	51.0
6	92054222	28.0	26.0
6	93312579	27.0	32.0
6	93586777	19.0	39.0
6	95487765	30.0	46.0
6	95551529	4.0	51.0
6	96230867	7.0	52.0
6	96862417	27.0	31.0
6	96909232	29.0	37.0
6	96953880	7.0	47.0
6	96953881	7.0	47.0
6	97189034	10.0	52.0
6	97499583	29.0	30.0
6	97569324	5.0	57.0
6	97845236	21.0	28.0
6	98845419	26.0	30.0
6	101016934	6.0	48.0
6	101125737	38.0	42.0
6	101594622	21.0	27.0
6	102122237	5.0	47.0
6	103109234	23.0	30.0
6	103684053	19.0	33.0
6	104337592	11.0	30.0
6	106039075	12.0	43.0
6	106862685	5.0	68.0
6	106890839	28.0	39.0
6	107331910	5.0	37.0
6	109006593	32.0	41.0
6	109507998	24.0	39.0
6	110485605	4.0	74.0
6	110661472	19.0	34.0
6	110937101	6.0	53.0
6	111942651	32.0	38.0
6	112050514	17.0	28.0
6	114474810	14.0	41.0
6	115503971	11.0	57.0
6	117472002	15.0	13.0
6	118206689	25.0	28.0
6	118294058	31.0	37.0
6	118512738	27.0	30.0
6	118582603	18.0	35.0
6	119829930	3.0	45.0
6	121865945	29.0	37.0
6	122583337	5.0	58.0
6	122717187	24.0	41.0
6	123007910	34.0	33.0
6	123226261	25.0	39.0
6	123755379	29.0	34.0
6	123957412	4.0	51.0
6	124522939	12.0	44.0
6	125732296	4.0	70.0
6	128199131	23.0	34.0
6	128645972	7.0	38.0
6	131309355	45.0	33.0
6	132112433	20.0	29.0
6	132960618	29.0	35.0
6	133597069	5.0	59.0
6	135450224	34.0	30.0
6	136552826	4.0	38.0
6	136867253	12.0	31.0
6	138379695	16.0	19.0
6	140207765	12.0	36.0
6	140512610	11.0	39.0
6	142721225	19.0	42.0
6	146114863	8.0	56.0
6	150384215	12.0	11.0
6	150958544	13.0	40.0
6	151977384	34.0	41.0
6	152765305	11.0	46.0
6	153245706	8.0	42.0
6	153521629	4.0	37.0
6	153690710	20.0	35.0
6	154240256	29.0	33.0
6	154412167	19.0	29.0
6	154462369	12.0	53.0
6	154906433	28.0	34.0
6	155567828	5.0	41.0
6	156074743	25.0	23.0
6	156134491	27.0	39.0
6	156566570	11.0	44.0
6	158570592	32.0	36.0
6	158669705	20.0	38.0
6	161344572	6.0	59.0
6	162783482	23.0	30.0
6	163650224	27.0	27.0
6	164279415	33.0	31.0
6	164358313	6.0	54.0
6	165322763	34.0	30.0
6	165322766	36.0	32.0
6	165428622	32.0	40.0
6	166832521	14.0	46.0
6	167114209	7.0	55.0
6	167159739	18.0	34.0
6	167209636	11.0	32.0
7	2715390	5.0	43.0
7	7893728	24.0	38.0
7	8630759	10.0	32.0
7	8804158	35.0	36.0
7	9058411	20.0	29.0
7	9343903	23.0	44.0
7	9949017	33.0	28.0
7	10934035	4.0	51.0
7	12276979	11.0	58.0
7	14189540	28.0	50.0
7	14245571	24.0	50.0
7	14866413	6.0	77.0
7	14947335	10.0	54.0
7	16756363	31.0	29.0
7	17701011	18.0	66.0
7	17804229	18.0	77.0
7	19917265	13.0	52.0
7	20874776	37.0	35.0
7	20902289	5.0	59.0
7	21031437	18.0	49.0
7	22520504	29.0	45.0
7	23957803	15.0	58.0
7	24251315	10.0	54.0
7	24429506	12.0	36.0
7	25846822	7.0	54.0
7	26960436	47.0	32.0
7	28176687	31.0	24.0
7	28835720	5.0	53.0
7	29548271	27.0	35.0
7	32920262	26.0	45.0
7	33695610	7.0	47.0
7	33999789	22.0	37.0
7	36520644	9.0	45.0
7	38317147	4.0	70.0
7	38349471	5.0	54.0
7	39886910	4.0	55.0
7	39927696	30.0	31.0
7	40388484	28.0	46.0
7	40763934	27.0	29.0
7	41359935	28.0	27.0
7	43472944	18.0	43.0
7	45853196	13.0	9.0
7	45917739	30.0	25.0
7	48168656	30.0	38.0
7	48379611	4.0	53.0
7	49548553	32.0	28.0
7	50167136	35.0	32.0
7	51535467	24.0	22.0
7	51919489	27.0	35.0
7	52158039	11.0	39.0
7	53730069	37.0	30.0
7	54524664	4.0	46.0
7	55161300	11.0	35.0
7	57323114	1.0	25.0
7	57333043	19.0	33.0
7	62593554	20.0	38.0
7	62628551	8.0	50.0
7	62710141	7.0	51.0
7	64716663	33.0	34.0
7	65779920	32.0	31.0
7	67775732	5.0	46.0
7	68254038	28.0	35.0
7	68278341	3.0	39.0
7	68687678	15.0	18.0
7	72847538	22.0	31.0
7	78449130	27.0	34.0
7	80458872	27.0	35.0
7	81035783	38.0	25.0
7	81546143	27.0	34.0
7	84284406	12.0	53.0
7	86316471	24.0	34.0
7	88100591	4.0	68.0
7	88684046	11.0	39.0
7	89564302	17.0	27.0
7	94255748	29.0	41.0
7	94930320	33.0	23.0
7	96407132	15.0	44.0
7	96971291	13.0	30.0
7	96977314	22.0	26.0
7	99191352	32.0	43.0
7	99730268	23.0	24.0
7	101029679	5.0	31.0
7	101160743	6.0	27.0
7	103079157	35.0	35.0
7	103137830	7.0	74.0
7	103301406	12.0	57.0
7	105973541	20.0	26.0
7	106152221	27.0	23.0
7	109275111	12.0	52.0
7	110179721	5.0	57.0
7	110723388	36.0	37.0
7	112939689	4.0	56.0
7	113897618	24.0	24.0
7	114428826	12.0	31.0
7	114497447	34.0	39.0
7	114763924	10.0	53.0
7	116492848	13.0	34.0
7	118641771	15.0	43.0
7	119387281	5.0	54.0
7	120574061	14.0	55.0
7	120661356	5.0	58.0
7	121904111	4.0	66.0
7	123604930	7.0	64.0
7	124048918	14.0	41.0
7	124404542	20.0	33.0
7	124586894	17.0	25.0
7	124815536	11.0	43.0
7	125469621	31.0	26.0
7	125518859	7.0	38.0
7	125638032	7.0	43.0
7	125656669	6.0	44.0
7	126072751	4.0	46.0
7	126385318	6.0	38.0
7	126481713	12.0	18.0
7	126998858	4.0	48.0
7	129944151	30.0	26.0
7	131472959	10.0	69.0
7	131943491	26.0	32.0
7	133329535	6.0	42.0
7	133742442	20.0	36.0
7	136067183	30.0	30.0
7	136927087	14.0	51.0
7	137805205	31.0	29.0
7	141465024	14.0	22.0
7	141761190	3.0	30.0
7	142234387	12.0	45.0
7	144467724	11.0	50.0
7	146237276	26.0	34.0
7	146562387	15.0	46.0
7	146802351	25.0	32.0
7	147482136	4.0	50.0
7	147675833	15.0	48.0
7	149139053	19.0	37.0
7	150212605	20.0	28.0
7	150623339	17.0	24.0
7	151225759	11.0	41.0
7	151709502	5.0	45.0
7	152678490	5.0	41.0
7	152918870	10.0	42.0
7	152949831	5.0	44.0
7	153271715	10.0	53.0
7	153610640	26.0	38.0
7	154597531	18.0	26.0
7	156014468	28.0	36.0
7	156139236	23.0	20.0
7	157647892	8.0	22.0
7	158275705	26.0	18.0
7	158859999	20.0	48.0
8	700966	15.0	26.0
8	1133403	11.0	40.0
8	1507216	25.0	28.0
8	2164633	10.0	38.0
8	2275919	12.0	97.0
8	2561038	27.0	27.0
8	2710006	17.0	19.0
8	2780472	24.0	25.0
8	2912781	11.0	47.0
8	2988430	8.0	43.0
8	3411689	6.0	62.0
8	4127560	14.0	46.0
8	4282797	5.0	42.0
8	4600242	12.0	39.0
8	5462821	21.0	15.0
8	5468474	13.0	25.0
8	6528580	9.0	48.0
8	9775938	19.0	35.0
8	10224343	13.0	48.0
8	10660586	25.0	27.0
8	12157867	6.0	35.0
8	14228018	18.0	36.0
8	16760282	14.0	28.0
8	18317444	17.0	17.0
8	18539620	9.0	61.0
8	20407259	8.0	30.0
8	28442758	19.0	30.0
8	29720371	9.0	50.0
8	29921894	23.0	37.0
8	30938397	22.0	31.0
8	31018569	21.0	24.0
8	31832059	8.0	40.0
8	31938921	33.0	22.0
8	32383735	18.0	27.0
8	32389862	4.0	45.0
8	32571702	5.0	35.0
8	32571703	5.0	36.0
8	33469143	7.0	40.0
8	33677670	26.0	33.0
8	34138621	20.0	32.0
8	34160644	4.0	45.0
8	34580843	18.0	26.0
8	34670806	12.0	30.0
8	34672211	27.0	24.0
8	34836670	4.0	44.0
8	34947352	4.0	43.0
8	35083415	25.0	36.0
8	35160163	4.0	51.0
8	35267778	13.0	48.0
8	35470798	7.0	30.0
8	35687084	8.0	42.0
8	35838451	6.0	58.0
8	37123044	4.0	35.0
8	37450630	12.0	18.0
8	39703637	5.0	54.0
8	39861497	6.0	44.0
8	40520179	6.0	50.0
8	40793751	15.0	24.0
8	41326082	7.0	42.0
8	42325541	23.0	28.0
8	43332042	13.0	41.0
8	43519508	32.0	39.0
8	43580917	28.0	27.0
8	47860587	23.0	46.0
8	47879921	6.0	38.0
8	48028232	23.0	41.0
8	50407708	29.0	30.0
8	50759126	21.0	28.0
8	50916249	7.0	48.0
8	51078054	8.0	65.0
8	52364525	15.0	43.0
8	53043568	31.0	48.0
8	53354768	18.0	35.0
8	54030434	5.0	43.0
8	54043894	21.0	30.0
8	55624058	4.0	53.0
8	55772275	21.0	26.0
8	55814840	21.0	25.0
8	56017981	4.0	30.0
8	56248262	13.0	34.0
8	56361979	4.0	32.0
8	56381166	29.0	37.0
8	57030509	15.0	18.0
8	57253031	28.0	29.0
8	58169527	25.0	36.0
8	60511789	27.0	27.0
8	60982530	15.0	57.0
8	61020482	16.0	47.0
8	61122966	20.0	24.0
8	61795156	12.0	50.0
8	63129150	4.0	46.0
8	63179201	19.0	24.0
8	63179202	20.0	24.0
8	63443453	22.0	29.0
8	63604170	8.0	47.0
8	63983192	5.0	48.0
8	64728106	15.0	31.0
8	64750070	12.0	40.0
8	64954930	22.0	32.0
8	65251259	35.0	23.0
8	66530520	24.0	23.0
8	67825227	11.0	57.0
8	68536796	15.0	46.0
8	69150430	25.0	28.0
8	70104120	5.0	52.0
8	70244496	9.0	46.0
8	70633089	30.0	27.0
8	70895931	14.0	30.0
8	71745378	9.0	32.0
8	71935616	25.0	30.0
8	72090162	21.0	31.0
8	72158840	13.0	42.0
8	74939188	4.0	43.0
8	75632471	25.0	31.0
8	76377287	17.0	39.0
8	77484709	19.0	31.0
8	78467582	15.0	48.0
8	78625222	26.0	35.0
8	80074414	18.0	39.0
8	80146542	31.0	32.0
8	81186754	12.0	22.0
8	83732819	18.0	28.0
8	83949335	13.0	56.0
8	84185417	21.0	26.0
8	85020095	4.0	48.0
8	86448349	7.0	33.0
8	88180364	30.0	32.0
8	88398097	15.0	21.0
8	88511415	20.0	39.0
8	88770141	27.0	40.0
8	89767647	23.0	26.0
8	91356435	7.0	30.0
8	91758727	14.0	46.0
8	94404320	20.0	34.0
8	95702576	8.0	25.0
8	99216458	28.0	34.0
8	100502292	13.0	34.0
8	101421397	4.0	55.0
8	102391281	13.0	25.0
8	104760865	30.0	36.0
8	105068020	25.0	39.0
8	106964757	24.0	33.0
8	107209803	6.0	61.0
8	107978886	7.0	45.0
8	108779955	22.0	39.0
8	109250569	6.0	41.0
8	109526779	5.0	49.0
8	109600171	29.0	28.0
8	110100757	39.0	41.0
8	110468518	7.0	49.0
8	110496869	8.0	38.0
8	112207055	26.0	28.0
8	112232675	26.0	38.0
8	112632506	14.0	50.0
8	112864396	6.0	41.0
8	114493594	18.0	28.0
8	114768616	21.0	31.0
8	116180396	17.0	47.0
8	116531477	34.0	31.0
8	117258450	6.0	56.0
8	119162871	21.0	30.0
8	120818028	5.0	42.0
8	121599137	11.0	53.0
8	121902070	22.0	22.0
8	123783625	26.0	27.0
8	124575689	9.0	42.0
8	125257370	25.0	18.0
8	125663865	8.0	52.0
8	126891325	11.0	38.0
8	127282432	19.0	38.0
8	132254523	10.0	60.0
8	133402202	7.0	54.0
8	134123603	12.0	58.0
8	134565182	6.0	39.0
8	136517227	5.0	44.0
8	137061411	7.0	45.0
8	137822950	12.0	35.0
8	138172255	25.0	34.0
8	138274506	10.0	34.0
8	138418448	22.0	45.0
8	138769237	15.0	23.0
8	138997328	28.0	23.0
8	139550970	4.0	44.0
8	139902171	9.0	60.0
8	140056082	24.0	29.0
8	140060823	10.0	23.0
8	140242669	13.0	54.0
8	141368814	10.0	36.0
8	142906780	12.0	41.0
8	142975900	16.0	12.0
8	143062095	10.0	31.0
8	143070176	8.0	37.0
8	143333053	17.0	24.0
8	143382956	6.0	38.0
8	143665244	18.0	16.0
9	895239	14.0	34.0
9	5292038	13.0	32.0
9	6123863	17.0	27.0
9	7805758	7.0	42.0
9	9215165	8.0	40.0
9	9344676	18.0	34.0
9	9747839	18.0	12.0
9	10046222	17.0	38.0
9	10335041	33.0	23.0
9	10868977	4.0	53.0
9	11242610	12.0	52.0
9	11799144	25.0	33.0
9	12160645	22.0	19.0
9	14782480	31.0	28.0
9	15400436	14.0	44.0
9	20527768	31.0	43.0
9	22230541	4.0	53.0
9	24117320	13.0	46.0
9	24245107	11.0	21.0
9	24365429	19.0	30.0
9	24383620	20.0	27.0
9	24915697	4.0	55.0
9	25079153	16.0	66.0
9	25483629	14.0	41.0
9	26061776	36.0	21.0
9	26230255	5.0	55.0
9	26234702	21.0	39.0
9	27240179	7.0	44.0
9	27305891	17.0	31.0
9	29230647	7.0	37.0
9	30336038	5.0	50.0
9	30349458	24.0	20.0
9	30838418	26.0	29.0
9	31345104	19.0	50.0
9	31941646	25.0	21.0
9	32575044	25.0	30.0
9	33077138	5.0	9.0
9	33725737	34.0	39.0
9	34950055	9.0	55.0
9	36579020	21.0	38.0
9	71956490	37.0	22.0
9	74694034	18.0	18.0
9	76378982	7.0	37.0
9	76945435	5.0	41.0
9	78237976	11.0	56.0
9	78611751	13.0	22.0
9	79493957	30.0	38.0
9	79696201	18.0	43.0
9	80373127	10.0	42.0
9	80950101	14.0	24.0
9	81370480	6.0	50.0
9	81598064	9.0	38.0
9	82174235	21.0	34.0
9	85134064	28.0	34.0
9	93198233	31.0	27.0
9	93360104	16.0	47.0
9	93443263	8.0	40.0
9	93455932	33.0	40.0
9	97482857	5.0	45.0
9	98321474	40.0	25.0
9	98353533	4.0	56.0
9	100493666	20.0	41.0
9	102502108	4.0	54.0
9	105123366	5.0	52.0
9	105348108	23.0	40.0
9	105362995	22.0	35.0
9	106617342	18.0	47.0
9	107232329	10.0	44.0
9	107638419	18.0	37.0
9	109705371	9.0	32.0
9	114570346	32.0	38.0
9	115310432	4.0	37.0
9	118083603	7.0	46.0
9	118340390	10.0	51.0
9	119674257	4.0	53.0
9	120540633	29.0	41.0
9	120909987	23.0	35.0
9	121202086	23.0	38.0
9	121842800	10.0	33.0
9	122439922	26.0	46.0
9	122921588	15.0	36.0
9	123041629	27.0	28.0
9	124540032	22.0	49.0
9	130838236	3.0	45.0
9	133972184	7.0	31.0
9	134990119	11.0	37.0
9	135885538	10.0	60.0
9	137793321	25.0	37.0
9	139019850	4.0	49.0
9	139526540	20.0	16.0
9	140006255	20.0	16.0
9	140615986	4.0	17.0
9	140960363	10.0	37.0
X	576909	6.0	39.0
X	1230386	21.0	17.0
X	1315759	16.0	21.0
X	1422564	32.0	20.0
X	1677073	18.0	47.0
X	2463377	26.0	26.0
X	3400101	3.0	24.0
X	6025854	22.0	2.0
X	8583733	3.0	17.0
X	9915068	24.0	2.0
X	11792276	13.0	31.0
X	13523848	15.0	17.0
X	13880957	22.0	1.0
X	14984302	5.0	24.0
X	15892071	27.0	5.0
X	17896027	4.0	28.0
X	20325441	29.0	8.0
X	22208349	32.0	3.0
X	23186710	5.0	30.0
X	23452415	21.0	3.0
X	25687410	4.0	34.0
X	26191669	7.0	15.0
X	27423872	23.0	14.0
X	27894775	3.0	36.0
X	29095087	28.0	4.0
X	29375446	4.0	33.0
X	30456297	12.0	12.0
X	31155293	4.0	21.0
X	32583020	4.0	31.0
X	33155034	26.0	2.0
X	33549892	23.0	3.0
X	34375709	3.0	28.0
X	34940016	5.0	18.0
X	35042650	10.0	15.0
X	35235055	6.0	13.0
X	35259553	3.0	27.0
X	35952565	4.0	23.0
X	36738852	13.0	3.0
X	36967930	4.0	20.0
X	38645815	33.0	6.0
X	38818249	32.0	5.0
X	38894389	15.0	1.0
X	39116491	20.0	3.0
X	39722455	14.0	24.0
X	40934650	7.0	11.0
X	41942236	16.0	23.0
X	44978924	19.0	3.0
X	45852885	38.0	4.0
X	46007449	16.0	10.0
X	48286846	28.0	1.0
X	48957282	10.0	8.0
X	49413956	12.0	11.0
X	49441792	24.0	4.0
X	52047220	5.0	33.0
X	53035650	33.0	5.0
X	53257482	9.0	14.0
X	53922635	21.0	6.0
X	54652382	5.0	15.0
X	55428537	20.0	3.0
X	55625527	14.0	20.0
X	56642864	17.0	4.0
X	58176266	28.0	1.0
X	63253571	8.0	10.0
X	63482601	23.0	1.0
X	64030917	3.0	22.0
X	64680259	7.0	22.0
X	66101493	18.0	1.0
X	69197228	3.0	19.0
X	69273284	18.0	1.0
X	72419157	5.0	22.0
X	76634489	21.0	1.0
X	77095231	17.0	12.0
X	77954892	16.0	1.0
X	80410082	10.0	16.0
X	81180775	5.0	18.0
X	81315882	16.0	3.0
X	82926286	4.0	17.0
X	84006555	9.0	8.0
X	84768615	29.0	3.0
X	86295906	4.0	27.0
X	86729199	22.0	2.0
X	87761779	35.0	6.0
X	87966096	23.0	2.0
X	93687208	25.0	1.0
X	94003227	17.0	3.0
X	102496133	11.0	17.0
X	102550683	6.0	19.0
X	104748345	5.0	20.0
X	107728705	12.0	1.0
X	108220561	11.0	3.0
X	110845436	18.0	4.0
X	111813404	24.0	2.0
X	113218207	4.0	18.0
X	116307097	6.0	16.0
X	120209048	26.0	4.0
X	120353111	24.0	7.0
X	123418093	10.0	16.0
X	124140873	17.0	9.0
X	124668156	5.0	14.0
X	126104770	4.0	17.0
X	134248102	13.0	12.0
X	136852034	14.0	7.0
X	138826863	9.0	18.0
X	139438593	5.0	12.0
X	140682657	5.0	8.0
X	141025352	3.0	32.0
X	143635021	7.0	1.0
X	144066086	22.0	4.0
X	144891383	5.0	16.0
X	149585436	4.0	16.0
X	154396128	21.0	2.0
X	154521862	3.0	9.0
X	154861627	9.0	14.0
Y	3265230	8.0	28.0
Y	3935384	15.0	14.0
Y	7375552	6.0	39.0
Y	7920352	29.0	1.0
Y	9073416	4.0	21.0
Y	9900207	5.0	22.0
Y	14273067	22.0	19.0
Y	22653346	20.0	2.0
Y	22823274	24.0	4.0
Y	23303719	12.0	15.0
Y	23525426	12.0	13.0
Y	23536480	29.0	5.0
