chromosome_index position alt_count ref_count
1 157716505 19 52
1 158549598 21 228
2 1418187 11 26
2 172841113 28 2
2 179255937 49 11
3 109027103 6 56
3 187089150 11 17
4 15989292 25 120
5 175764121 20 99
6 139488311 12 45
7 99054072 16 25
7 129948219 5 51
7 143049096 9 34
9 441994 10 88
9 35092369 10 51
9 123742463 22 82
11 55653270 8 72
11 130785052 21 81
12 10462061 17 71
12 106897897 6 142
12 123467300 10 7
14 24592285 14 45
14 92470283 18 66
15 62253881 35 68
17 36881820 4 29
17 41003755 7 34
18 246364 7 41
20 25273158 22 84
20 37576619 12 78
22 39085109 7 15
