chromosome_index position alt_count ref_count
1 3319465 34 48
1 6204140 71 82
1 6631189 56 94
1 11985529 15 16
1 15792603 69 116
1 16259588 64 96
1 17409101 25 54
1 17597610 19 25
1 21887684 5 14
1 22304895 21 37
1 27648659 4 5
1 31769575 40 45
1 32221722 25 38
1 34189815 17 62
1 47048920 29 146
1 47765657 18 59
1 52850901 20 106
1 62235071 52 86
1 66070837 25 80
1 66074565 15 56
1 75038181 66 84
1 77987611 14 20
1 84412889 4 35
1 89478911 24 103
1 95363557 61 94
1 97771850 25 106
1 113238118 11 46
1 113238119 12 47
1 114680609 12 53
1 115828696 40 42
1 117303092 30 46
1 120263838 27 109
1 150528791 21 137
1 152382192 96 47
1 152538467 32 240
1 153177316 132 84
1 153665857 114 78
1 154112301 52 351
1 155188246 52 235
1 155188247 51 236
1 155210959 4 31
1 157556184 29 120
1 158736437 11 72
1 160278903 15 141
1 176563733 19 54
1 177905472 3 18
1 182615997 42 237
1 183253106 61 37
1 186647512 32 26
1 196682902 4 35
1 196927145 91 67
1 201031193 22 20
1 204587926 131 67
1 207890896 33 163
1 208061033 31 23
1 209782358 26 213
1 223284364 15 74
1 235490237 101 56
1 238048610 5 51
1 247712498 18 100
1 247751946 23 160
1 248112665 55 48
1 248202232 31 235
1 248343714 274 159
1 248343937 33 227
1 248458237 82 62
1 248616137 79 94
1 248756631 113 80
2 25016004 17 31
2 31562485 36 38
2 64779312 15 39
2 64779313 14 39
2 73800220 32 44
2 79384407 13 40
2 84517853 5 5
2 99013544 12 50
2 102998082 5 20
2 103124627 20 76
2 108488439 111 165
2 109545722 15 52
2 112786338 11 51
2 113346552 3 11
2 133541612 17 51
2 133547743 8 19
2 136570323 30 102
2 141122267 6 105
2 141812795 21 36
2 141812796 22 36
2 155295197 27 54
2 161029125 17 166
2 163051225 28 48
2 166003504 48 57
2 166786250 19 26
2 168101472 33 40
2 175742627 27 61
2 179407408 91 155
2 179427525 15 16
2 179516620 4 8
2 179552868 27 93
2 179604237 18 64
2 179615543 45 27
2 179637853 22 49
2 182766492 5 54
2 189859478 43 55
2 191941042 30 33
2 201798673 11 45
2 202245710 95 135
2 202492842 6 14
2 215802250 11 44
2 219875560 13 16
2 220309595 31 126
2 242690671 19 92
2 242755721 37 82
3 3081708 4 45
3 10971013 18 153
3 12950814 22 122
3 13860507 4 60
3 19924175 20 13
3 36872992 6 17
3 38743382 31 32
3 40464578 58 43
3 43618376 7 66
3 44762800 14 132
3 47045637 214 169
3 48456644 8 65
3 48663346 3 31
3 51747199 33 32
3 53785796 45 157
3 56207499 14 64
3 66430760 18 120
3 77147264 9 46
3 79639029 69 63
3 112969738 4 13
3 120764282 12 111
3 121712283 5 31
3 121994742 74 51
3 124393214 63 66
3 124810371 6 79
3 129290539 84 66
3 131418768 18 20
3 133474253 46 37
3 133494362 26 227
3 138417858 36 64
3 147114146 9 39
3 151012942 12 86
3 157188163 43 24
3 172480255 18 24
3 172607205 7 24
3 180372594 12 20
3 183397024 38 33
3 183474319 76 59
3 183756374 11 35
3 193031915 69 52
3 194790405 15 133
4 1656958 3 10
4 6580149 26 12
4 9784955 7 73
4 20728952 8 59
4 25674775 10 86
4 38119752 57 198
4 40045584 11 7
4 40045585 11 7
4 41691554 29 10
4 46099262 12 83
4 47538834 4 16
4 48490895 31 32
4 55961115 10 54
4 55962486 25 15
4 69095234 5 38
4 69962701 67 55
4 70355166 30 109
4 71114747 23 97
4 71114944 38 21
4 74441896 11 5
4 77700274 9 85
4 78532168 41 60
4 86916059 79 157
4 100257910 17 20
4 103988684 21 23
4 108866315 18 100
4 113353089 9 48
4 114278424 6 166
4 114823339 33 17
4 114824085 22 149
4 123260486 11 69
4 123301320 28 46
4 138442627 7 70
4 145040890 32 30
4 156135423 8 46
4 164394337 10 71
4 164506934 6 71
4 177100651 30 34
5 13850769 19 65
5 19483591 9 39
5 31323206 5 67
5 32074047 39 82
5 35800230 53 48
5 41161920 9 93
5 42808403 42 14
5 61648531 5 12
5 66259558 15 97
5 70900256 26 41
5 75964575 8 25
5 78940988 5 25
5 79025306 9 30
5 79034487 31 118
5 81601167 14 39
5 89943434 45 55
5 95757660 26 35
5 114469560 4 29
5 127730894 22 25
5 132556461 32 46
5 134154611 14 20
5 134154612 14 20
5 137485337 17 23
5 137485338 17 23
5 140166145 35 128
5 140183220 8 25
5 140214184 113 155
5 140307693 9 46
5 140476315 22 90
5 140503257 62 94
5 140573519 96 184
5 140729878 5 20
5 141694699 11 23
5 149003640 25 41
5 149357213 9 39
5 149583589 9 14
5 159344483 16 55
5 159821898 3 50
5 175992687 11 26
6 656649 19 15
6 10894130 10 24
6 16328252 74 124
6 17292009 153 152
6 17669558 38 61
6 24358078 26 74
6 25923937 90 84
6 29364696 47 55
6 31901648 47 59
6 36492192 38 68
6 36724045 6 19
6 38885135 29 97
6 39330257 38 103
6 42204018 10 21
6 43491482 9 132
6 46996743 53 75
6 54025323 6 45
6 57012419 206 171
6 62757842 14 61
6 73919804 5 14
6 85446650 37 152
6 90385232 28 41
6 90425381 17 109
6 100841659 10 55
6 101847169 35 43
6 109480270 33 39
6 110300902 8 31
6 117114214 30 55
6 117683900 16 48
6 128294260 41 75
6 129470195 23 42
6 133844271 21 38
6 158502225 38 59
6 159457437 37 43
6 167343184 109 156
7 2946117 10 16
7 4281538 19 42
7 6442128 6 8
7 19739776 28 170
7 20793104 33 42
7 36917621 20 17
7 73184018 25 27
7 73184019 26 27
7 81589138 5 20
7 82544950 28 40
7 87908639 3 11
7 98519373 51 70
7 100204225 21 47
7 100204230 22 44
7 100551975 199 1101
7 100875633 11 17
7 100884135 42 99
7 103234148 39 86
7 103244823 36 64
7 115614259 21 37
7 123109300 34 53
7 126544706 44 57
7 127229594 47 88
7 134618203 22 39
7 137206693 16 15
7 140453136 39 66
7 142149006 72 184
7 142326486 3 19
7 142659475 7 5
7 142750298 35 47
7 143453278 5 44
7 143772241 89 175
7 149544995 10 15
7 149544996 10 15
7 149558091 18 32
7 150972267 6 11
7 151716751 39 65
8 3045437 5 28
8 3224645 3 15
8 6782433 13 21
8 16032718 14 45
8 23049444 28 40
8 25174578 31 110
8 27614250 17 14
8 39486953 6 18
8 55538458 28 32
8 55538936 5 72
8 69552686 6 74
8 73849972 15 84
8 74888620 33 10
8 86392944 17 110
8 105393510 73 42
8 113421156 34 174
8 116599764 124 76
8 134050865 16 168
8 139164518 13 69
8 139164856 16 125
8 139180146 113 61
8 144994511 23 9
9 8331706 46 31
9 21217208 34 144
9 21305245 64 20
9 36218285 22 72
9 79325020 30 9
9 82188651 12 8
9 90535766 127 43
9 104133441 92 33
9 119858427 30 17
9 119903607 33 15
9 123725050 49 93
9 131353841 25 131
9 138457324 14 54
10 21120418 25 20
10 38241319 34 21
10 50943158 9 13
10 55569009 13 10
10 63852146 47 42
10 63957983 67 61
10 70229752 4 7
10 89653814 15 33
10 96447945 35 25
10 97810058 21 27
10 101728986 13 15
10 116061163 23 19
10 128973907 14 14
10 129681983 22 22
11 4968181 14 42
11 4976794 14 18
11 5809341 52 20
11 12923645 72 69
11 18231460 26 16
11 20648307 60 34
11 28116278 23 55
11 34226192 24 15
11 57003303 12 16
11 58207172 33 35
11 65349474 26 22
11 70201880 37 36
11 70201881 37 36
11 70332756 41 36
11 71259856 137 98
11 92531653 15 9
11 92714720 73 62
11 94225925 18 24
11 101375261 27 29
11 104915214 89 98
11 107506466 4 21
11 113816709 26 23
11 118981581 79 96
11 121348916 4 20
11 121384959 28 17
11 123909484 33 120
11 124252580 52 60
12 4600388 25 73
12 7242713 10 18
12 13724823 23 44
12 18747456 13 31
12 21015708 16 54
12 41966551 14 86
12 43770451 38 52
12 43847711 6 8
12 46244858 48 92
12 48142308 13 22
12 49168221 29 55
12 49444089 9 18
12 49579070 27 29
12 50186633 4 28
12 50388291 19 36
12 51891000 17 22
12 53001742 4 13
12 53453062 5 11
12 54797943 45 105
12 54903752 50 81
12 56075839 13 51
12 66725159 32 45
12 69656215 12 70
12 88391839 7 16
12 88566395 30 50
12 91348402 7 26
12 101295467 20 46
12 101880630 4 13
12 108686266 26 76
12 109201509 8 113
12 109610100 86 245
12 118511787 15 47
12 123475205 17 43
12 123489977 38 193
12 124335454 15 32
12 125834450 47 98
12 129558506 38 112
13 21265292 20 13
13 25832756 15 11
13 28750652 55 32
13 29598891 39 23
13 37269126 14 8
13 58240811 25 17
13 97485473 8 3
13 99515323 10 6
13 103317235 6 31
13 110838762 121 77
14 19574288 4 16
14 23862683 86 96
14 24035405 28 32
14 24879218 4 26
14 36946289 30 44
14 39583504 3 19
14 60063364 16 20
14 63417109 17 69
14 80669111 13 25
14 86089626 32 173
14 92139226 55 56
14 93264102 29 35
14 94156489 31 52
14 94716613 9 17
14 95081172 17 30
14 96134470 29 36
14 96730546 18 50
14 101489752 5 26
14 106067895 11 88
14 106311889 27 31
14 106725435 96 534
15 22962274 32 46
15 25336983 61 115
15 30011131 33 153
15 34640796 26 74
15 41145988 39 127
15 41229062 22 29
15 43044283 19 73
15 50916399 13 19
15 54306810 14 22
15 55722941 17 44
15 72639138 9 30
15 78640443 4 8
15 78882151 20 29
15 79755472 12 65
15 81271619 15 42
15 89195471 17 77
15 89400535 27 43
15 90246441 10 30
15 91182039 10 36
15 95022258 12 32
15 97328415 7 27
16 782347 75 175
16 815580 9 39
16 1551673 30 72
16 2049600 27 29
16 3299597 14 44
16 3594308 14 38
16 3614067 33 55
16 4924567 134 260
16 14312829 4 52
16 14976520 50 170
16 16251661 18 32
16 20648726 36 84
16 20803445 55 108
16 22926895 41 76
16 23713508 51 79
16 28855288 17 33
16 30128290 64 154
16 30133335 20 38
16 30666434 45 97
16 31273112 4 18
16 31383818 22 40
16 31500279 16 77
16 31724741 4 11
16 33647492 32 187
16 51174110 17 110
16 55854304 6 53
16 56947478 3 8
16 57059626 50 105
16 58163057 11 24
16 66657376 10 31
16 67298300 10 38
16 67860896 39 86
16 69056765 4 6
16 70546218 22 43
16 71318067 15 28
16 75573845 5 10
16 81295790 55 125
16 88968026 18 54
17 2381162 14 89
17 3477143 6 69
17 4883268 63 97
17 6683757 34 61
17 7010461 26 68
17 7530945 35 38
17 7578400 8 62
17 7721773 54 181
17 7793966 8 8
17 10304459 17 54
17 10398350 50 142
17 10436868 51 65
17 10451190 34 46
17 16855866 29 38
17 20805938 5 37
17 21147471 20 29
17 34881062 12 175
17 38152539 110 176
17 39577166 10 35
17 39577167 11 35
17 40318449 9 37
17 40370239 13 47
17 40483533 6 19
17 40947896 17 52
17 40947897 17 53
17 43908262 13 54
17 47076519 20 37
17 47656441 37 113
17 48271757 63 106
17 53392612 36 36
17 56581467 31 139
17 56598703 15 60
17 58121392 30 120
17 58147080 31 48
17 60345065 29 26
17 61615955 19 22
17 61972279 13 12
17 62080927 5 33
17 72943535 17 38
17 74771214 35 63
17 78225183 31 72
17 78831722 14 16
17 79077849 22 78
18 11999176 60 35
18 19995558 19 12
18 21338406 3 32
18 28713961 60 55
18 28914146 10 47
18 47108118 7 38
18 51855780 90 64
18 51855781 88 63
18 59157865 52 38
19 327884 11 28
19 373472 17 31
19 1980282 10 35
19 4538455 68 198
19 9014639 41 92
19 9068007 42 69
19 9070509 8 28
19 9074848 15 31
19 9074858 18 33
19 9077349 63 177
19 9090186 20 53
19 9204844 10 39
19 9801109 23 29
19 11944197 9 13
19 16024698 22 32
19 17394236 46 89
19 17533153 35 53
19 19381091 4 44
19 19613204 16 148
19 22940632 23 56
19 23159466 12 34
19 31039935 28 45
19 33372865 5 9
19 35850134 23 77
19 36369813 55 77
19 36369836 22 87
19 38899451 39 59
19 38939031 40 128
19 40368658 35 185
19 43257359 4 12
19 43411146 131 172
19 43766122 114 336
19 43766249 77 250
19 45206729 11 55
19 51507069 35 32
19 51918195 32 39
19 53208331 49 97
19 53344418 49 80
19 53741668 25 52
19 54257292 10 224
19 54778439 10 16
19 54783386 52 124
19 55396759 23 45
19 55992908 5 35
19 55992909 5 37
19 56321216 30 36
19 56539808 70 135
19 56701903 30 89
19 57065806 10 60
19 57640452 15 49
19 57642539 9 46
19 57642767 31 67
19 58266116 15 13
19 58722937 69 213
19 58967336 4 22
20 2592967 11 120
20 3678689 10 36
20 5903151 13 10
20 5904058 53 131
20 6065781 46 76
20 11903989 12 83
20 16485145 64 83
20 19634765 27 72
20 23066296 63 65
20 30432168 5 8
20 31023388 69 49
20 31805443 26 81
20 33338182 8 84
20 33764077 43 148
20 44690918 18 24
20 44691282 30 260
20 45217804 33 102
20 48699376 25 130
20 50769860 66 51
20 57610060 22 20
20 60775992 49 37
20 61511156 145 122
21 10973727 12 72
21 32253300 25 88
21 33684379 16 28
21 41137656 15 37
21 45739290 8 100
22 16266988 66 270
22 17072151 23 106
22 18305764 8 77
22 19707891 47 52
22 19753283 26 23
22 20796595 26 85
22 22324726 32 31
22 22712403 183 152
22 30681833 13 11
22 32014353 14 43
22 35719109 49 31
22 37770712 48 182
22 38039157 5 41
22 40055069 6 83
22 41545984 17 90
22 46136371 26 100
