chromosome_index position alt_count ref_count
1 12835286 37 58
1 26012988 59 82
1 35223223 52 70
1 109202515 162 227
1 110754204 46 52
1 147380446 61 113
1 151112557 33 67
1 151665938 79 530
1 228475875 25 535
1 230492779 42 82
2 25377265 13 197
2 31621529 26 41
2 60688811 56 53
2 99953979 40 72
2 210858874 14 38
3 41266103 23 33
3 170150485 93 110
3 171969146 24 34
4 47405580 131 164
4 73179418 28 26
5 13839593 30 60
5 140735310 58 81
5 153190730 21 25
5 156734821 92 109
5 159626097 39 52
6 27775672 119 169
6 35280146 37 62
6 35478782 39 56
6 38840725 32 58
6 99322298 20 39
6 152419926 69 96
7 716925 110 128
7 53104173 29 42
7 73663357 42 63
7 100184179 72 93
7 141464155 69 112
8 17869194 12 146
8 22033748 74 92
8 58196995 10 22
9 37126625 76 103
9 86278941 43 69
9 136582508 70 114
9 139755185 23 38
9 139926616 16 18
10 89692904 127 18
10 106982945 58 67
11 1605669 26 311
11 55136063 83 104
11 55563545 100 149
11 78775836 21 49
11 124310940 41 51
12 4919729 51 50
12 10560952 63 49
12 51864212 90 113
12 52979625 21 16
14 65250971 156 180
14 73550246 165 252
14 105239693 114 161
15 24921898 14 18
15 63084881 20 19
15 90808933 56 73
15 91769721 6 62
16 23400367 71 81
16 31499713 22 31
17 4496467 31 41
17 58134571 44 41
17 79872257 41 65
19 6495749 55 69
19 15226213 39 63
19 46457171 201 267
19 51274442 73 93
19 55361917 242 359
20 34572591 94 129
22 41553288 52 87
