chromosome_index position alt_count ref_count
1 35836039 31 88
1 35836041 31 88
1 36755101 100 143
1 109772058 103 466
1 155300229 32 85
1 197168567 85 165
1 204378920 44 79
1 226834969 12 103
2 31484489 100 191
2 80136837 71 132
2 220466749 5 36
2 234545342 16 202
3 14200007 44 54
3 37670844 15 22
3 112693830 3 12
3 164786516 9 266
3 183976532 8 10
5 131939058 6 78
5 140554161 34 121
5 170725878 23 37
5 175306952 4 44
6 51935825 56 141
6 85447027 18 133
6 150240312 110 235
6 152711518 20 101
7 7636022 103 227
7 34981390 70 185
7 123302309 7 57
7 150693876 4 12
8 8234945 3 34
8 100887766 43 158
8 110441591 4 33
8 114448936 150 309
8 143996657 5 32
9 21854722 10 152
10 96162783 4 22
10 105037894 4 38
10 112356197 88 195
11 17793714 32 55
11 18500569 5 11
11 47738988 18 124
11 47738989 19 125
11 64507132 57 174
11 65392741 13 29
11 69063305 8 285
12 53162498 88 148
12 53207418 102 204
12 53917072 6 166
12 64827305 105 202
12 73056887 41 94
12 117681127 29 143
12 124968161 8 23
12 133219900 42 112
14 21025051 19 304
14 50053045 55 104
14 55625310 66 140
14 102453076 8 143
14 102466737 35 76
15 40866017 29 91
15 57913819 45 97
15 63030443 90 164
15 89169451 4 49
16 21817482 12 36
16 71682850 76 157
17 4804298 59 136
17 7909785 14 45
17 36708271 48 100
17 49340732 29 70
17 72443292 9 12
17 78196561 116 226
17 79419746 3 25
19 8455319 3 29
19 15164766 29 52
19 33702235 26 55
19 39051932 43 103
19 42125683 9 161
19 48977501 43 91
20 30918079 47 103
20 62038115 12 35
22 38536025 7 18
