chromosome_index	start_position	end_position	major_cn	minor_cn	total_cn
1	10001	850029	1.0	0.0	1.0
1	850030	13186810	1.0	0.0	1.0
1	13186811	72165107	1.0	0.0	1.0
1	72165108	72169542	1.0	0.0	1.0
1	72169543	121362499	1.0	0.0	1.0
1	121362500	128899999	1.0	0.0	1.0
1	128900000	145381052	1.0	0.0	1.0
1	145381053	247247500	1.0	1.0	2.0
1	247247501	249250620	1.0	1.0	2.0
2	20016	89871400	1.0	1.0	2.0
2	89871401	96799999	1.0	1.0	2.0
2	96800000	141985800	1.0	1.0	2.0
2	141985801	141990719	1.0	0.0	1.0
2	141990720	141996854	1.0	0.0	1.0
2	141996855	142304856	1.0	0.0	1.0
2	142304857	242999968	1.0	1.0	2.0
3	100074	87899999	1.0	1.0	2.0
3	87900000	93899999	1.0	1.0	2.0
3	93900000	197847925	1.0	1.0	2.0
4	49976	48199999	1.0	1.0	2.0
4	48200000	52699999	1.0	1.0	2.0
4	52700000	190785944	1.0	1.0	2.0
5	11896	428432	1.0	1.0	2.0
5	428433	432505	1.0	1.0	2.0
5	432506	1319081	1.0	1.0	2.0
5	1319082	23758921	1.0	0.0	1.0
5	23758922	23759453	1.0	0.0	1.0
5	23759454	23950479	1.0	0.0	1.0
5	23950480	23950991	1.0	0.0	1.0
5	23950992	26728938	1.0	0.0	1.0
5	26728939	27849238	1.0	1.0	2.0
5	27849239	46099999	1.0	0.0	1.0
5	50700000	61614871	1.0	1.0	2.0
5	61614872	61947079	1.0	0.0	1.0
5	61947080	156305939	1.0	1.0	2.0
5	156305940	156319493	1.0	1.0	2.0
5	156319494	180718018	1.0	1.0	2.0
6	39681	249579	1.0	0.0	1.0
6	249580	42680450	1.0	0.0	1.0
6	42680451	42994423	2.0	0.0	2.0
6	42994424	58699999	1.0	0.0	1.0
6	58700000	63299999	1.0	0.0	1.0
6	63300000	170859751	1.0	0.0	1.0
7	82514	47670926	1.0	1.0	2.0
7	47670927	47905848	1.0	1.0	2.0
7	47905849	57999999	1.0	1.0	2.0
7	58000000	61699999	1.0	1.0	2.0
7	61700000	139073412	1.0	1.0	2.0
7	139073413	140349691	1.0	1.0	2.0
7	140349692	158817500	1.0	1.0	2.0
8	10001	169226	0.0	0.0	0.0
8	169227	10098332	0.0	0.0	0.0
8	10098333	11973872	1.0	0.0	1.0
8	11973873	12458385	1.0	0.0	1.0
8	12458386	14272870	1.0	0.0	1.0
8	14272871	14299099	0.0	0.0	0.0
8	14299100	16887253	1.0	0.0	1.0
8	16887254	16887362	1.0	0.0	1.0
8	16887363	19719217	1.0	0.0	1.0
8	19719218	19918304	2.0	0.0	2.0
8	19918305	19919470	2.0	0.0	2.0
8	19919471	19923652	1.0	0.0	1.0
8	19923653	22910706	1.0	0.0	1.0
8	22910707	22971823	0.0	0.0	0.0
8	22971824	24484692	1.0	0.0	1.0
8	24484693	24579391	0.0	0.0	0.0
8	24579392	27681612	1.0	0.0	1.0
8	27681613	27984695	1.0	1.0	2.0
8	27984696	29296534	1.0	0.0	1.0
8	29296535	32711090	1.0	0.0	1.0
8	32711091	32711113	1.0	0.0	1.0
8	32711114	32711156	1.0	0.0	1.0
8	32711157	36737761	1.0	0.0	1.0
8	36737762	43099999	1.0	1.0	2.0
8	43100000	48099999	1.0	1.0	2.0
8	48100000	146364021	1.0	1.0	2.0
9	47500	203760	1.0	0.0	1.0
9	203761	21910692	1.0	0.0	1.0
9	21910693	22755300	0.0	0.0	0.0
9	22755301	42170557	1.0	0.0	1.0
9	42170558	43631470	1.0	0.0	1.0
9	43631471	47299999	1.0	0.0	1.0
9	47300000	50699999	1.0	0.0	1.0
9	50700000	140267500	1.0	0.0	1.0
10	94426	37999999	1.0	0.0	1.0
10	38000000	42299999	1.0	0.0	1.0
10	42300000	135389304	1.0	0.0	1.0
11	20721	197336	1.0	0.0	1.0
11	197337	50120091	1.0	0.0	1.0
11	50120092	51599999	2.0	1.0	3.0
11	51600000	55699999	2.0	1.0	3.0
11	55700000	69586511	2.0	1.0	3.0
11	69586512	69922016	2.0	2.0	4.0
11	69922017	134452200	2.0	1.0	3.0
12	22500	207230	1.0	0.0	1.0
12	207231	9725249	1.0	0.0	1.0
12	9725250	10917579	1.0	1.0	2.0
12	10917580	10918042	3.0	1.0	4.0
12	10918043	10918823	1.0	0.0	1.0
12	10918824	11747581	1.0	0.0	1.0
12	11747582	12322690	1.0	1.0	2.0
12	12322691	12677440	1.0	0.0	1.0
12	12677441	12905539	1.0	1.0	2.0
12	12905540	13442211	1.0	0.0	1.0
12	13442212	16562422	1.0	1.0	2.0
12	16562423	17159587	1.0	0.0	1.0
12	17159588	18489271	1.0	1.0	2.0
12	18489272	19934978	1.0	0.0	1.0
12	19934979	19935316	1.0	0.0	1.0
12	19935317	19986657	1.0	0.0	1.0
12	19986658	20004892	1.0	1.0	2.0
12	20004893	20004911	1.0	1.0	2.0
12	20004912	20006407	1.0	1.0	2.0
12	20006408	20640691	2.0	1.0	3.0
12	20640692	25621574	1.0	1.0	2.0
12	25621575	25621808	1.0	1.0	2.0
12	25621809	26108655	2.0	1.0	3.0
12	26108656	26120003	2.0	1.0	3.0
12	26120004	26614681	2.0	1.0	3.0
12	26614682	27233777	1.0	1.0	2.0
12	27233778	27233825	1.0	1.0	2.0
12	27233826	27238501	1.0	1.0	2.0
12	27238502	27517849	1.0	0.0	1.0
12	27517850	27607726	1.0	1.0	2.0
12	27607727	28539734	2.0	1.0	3.0
12	28539735	28539847	2.0	2.0	4.0
12	28539848	28542851	1.0	1.0	2.0
12	28542852	30317768	1.0	1.0	2.0
12	30317769	30319488	1.0	1.0	2.0
12	30319489	30712852	1.0	1.0	2.0
12	30712853	30712998	1.0	1.0	2.0
12	30712999	31342430	1.0	1.0	2.0
12	31342431	31729799	1.0	0.0	1.0
12	31729800	33299999	1.0	1.0	2.0
12	33300000	38199999	1.0	1.0	2.0
12	38200000	108367382	1.0	1.0	2.0
12	108367383	108461991	1.0	0.0	1.0
12	108461992	132349400	1.0	1.0	2.0
12	132349401	133851894	1.0	1.0	2.0
13	1	16299999	1.0	1.0	2.0
13	16300000	19499999	1.0	1.0	2.0
13	19500000	30598686	1.0	1.0	2.0
13	30598687	114142800	1.0	1.0	2.0
13	114142801	115169877	1.0	1.0	2.0
14	1	16099999	1.0	1.0	2.0
14	16100000	19099999	1.0	1.0	2.0
14	19100000	21099526	1.0	1.0	2.0
14	21099527	106368400	1.0	1.0	2.0
14	106368401	107235516	1.0	1.0	2.0
15	1	15799999	1.0	0.0	1.0
15	15800000	20699999	1.0	0.0	1.0
15	20700000	100338800	1.0	0.0	1.0
15	100338801	102404449	1.0	0.0	1.0
16	83802	9258012	1.0	1.0	2.0
16	9258013	9794644	1.0	0.0	1.0
16	9794645	17910864	1.0	1.0	2.0
16	17910865	18744740	1.0	0.0	1.0
16	18744741	24837873	1.0	0.0	1.0
16	24837874	34599999	1.0	1.0	2.0
16	34600000	38599999	1.0	1.0	2.0
16	38600000	88827200	1.0	1.0	2.0
16	88827201	90354752	1.0	1.0	2.0
17	828	14912944	1.0	0.0	1.0
17	14912945	14920327	1.0	1.0	2.0
17	14920328	14939124	1.0	0.0	1.0
17	14939125	15083179	1.0	1.0	2.0
17	15083180	18216019	1.0	0.0	1.0
17	18216020	21055213	1.0	1.0	2.0
17	21055214	21539973	1.0	0.0	1.0
17	25800000	78774600	1.0	1.0	2.0
17	78774601	81195209	1.0	1.0	2.0
18	27500	15399999	1.0	1.0	2.0
18	15400000	18999999	1.0	1.0	2.0
18	19000000	76117000	1.0	1.0	2.0
18	76117001	78077247	1.0	1.0	2.0
19	102500	274151	1.0	0.0	1.0
19	274152	21481531	1.0	0.0	1.0
19	21481532	24399999	1.0	1.0	2.0
19	24400000	28599999	1.0	1.0	2.0
19	28600000	59128982	1.0	1.0	2.0
20	17500	25599999	1.0	1.0	2.0
20	25600000	29399999	1.0	1.0	2.0
20	29400000	62432500	1.0	1.0	2.0
21	10900000	15273816	1.0	0.0	1.0
21	15273817	15548036	1.0	1.0	2.0
21	15548037	42938274	1.0	0.0	1.0
21	42938275	46142041	1.0	1.0	2.0
21	46142042	46160204	1.0	0.0	1.0
21	46160205	46173648	1.0	1.0	2.0
21	46173649	46581232	1.0	0.0	1.0
21	46581233	47944366	1.0	1.0	2.0
22	1	12199999	1.0	0.0	1.0
22	12200000	17899999	1.0	0.0	1.0
22	17900000	28441281	1.0	0.0	1.0
22	28441282	30627098	1.0	0.0	1.0
22	30627099	49687500	1.0	0.0	1.0
22	49687501	51304565	1.0	0.0	1.0
