chromosome_index	start_position	end_position	major_cn	minor_cn	total_cn
1	61735	58748370	1	1	2
1	58750637	59141567	1	1	2
1	59151958	60591653	1	1	2
1	60592321	61208374	1	1	2
1	61210372	61225907	1	1	2
1	61226737	61946271	1	1	2
1	61948211	62223870	1	1	2
1	62225073	62656510	1	1	2
1	62661792	62873908	1	1	2
1	62875313	63320865	1	1	2
1	63322743	64216172	1	1	2
1	64216744	65638930	1	1	2
1	65639368	66600500	1	1	2
1	66605498	193707998	1	1	2
1	193709696	195365776	1	1	2
1	195365897	249224388	1	1	2
2	12784	243089456	1	1	2
3	60345	74003766	1	1	2
3	74009604	74463148	1	1	2
3	74464201	77151854	1	1	2
3	77153529	77404253	1	1	2
3	77408051	79638278	1	1	2
3	79638364	80126505	1	1	2
3	80129021	197896118	1	1	2
4	12281	16899714	1	1	2
4	16901511	24792657	1	1	2
4	24793787	25941286	1	1	2
4	25946680	33518575	1	1	2
4	33520777	38565245	1	1	2
4	38567360	38971628	1	1	2
4	38972374	191027923	1	1	2
5	15532	23430335	1	1	2
5	23430569	23705948	1	1	2
5	23709874	44288103	1	1	2
5	44288889	50161727	1	1	2
5	50162186	180790320	1	1	2
6	149661	39451069	1	1	2
6	39451159	39736402	1	1	2
6	39737234	39946814	1	1	2
6	39946959	40304703	1	1	2
6	40305093	40651240	1	1	2
6	40652255	40702039	1	1	2
6	40702482	40754891	1	1	2
6	40755718	41454875	1	1	2
6	41459348	41700390	1	1	2
6	41708938	42690514	1	1	2
6	42691277	42958900	1	1	2
6	42977486	43379900	1	1	2
6	43381732	44040241	1	1	2
6	44050269	44223148	1	1	2
6	44229845	44289451	1	1	2
6	44294509	46828535	1	1	2
6	46831407	46875433	1	1	2
6	46881874	47257053	1	1	2
6	47257837	47332569	1	1	2
6	47340783	47399339	1	1	2
6	47403240	47564059	1	1	2
6	47564304	50392475	1	1	2
6	50392685	50426273	1	1	2
6	50430080	50726646	1	1	2
6	50727044	52355309	1	1	2
6	52355728	52737093	1	1	2
6	52739490	52742767	1	1	2
6	52744741	56437021	1	1	2
6	56437236	63157948	1	1	2
6	63158251	98552303	1	1	2
6	98552535	100048650	1	1	2
6	100054245	100600097	1	1	2
6	100600726	100795545	1	1	2
6	100797436	103646294	1	1	2
6	103647176	106601005	1	1	2
6	106601165	107072979	1	1	2
6	107073939	107256673	1	1	2
6	107256695	107826465	1	1	2
6	107827233	111623726	1	1	2
6	111630707	111925475	1	1	2
6	111931468	116203495	1	1	2
6	116204559	117474957	1	1	2
6	117475678	117516214	1	1	2
6	117517870	117951385	1	1	2
6	117951634	145163582	1	1	2
6	145167381	148643819	1	1	2
6	148643960	149296027	1	1	2
6	149297534	151704694	1	1	2
6	151705431	154511498	1	1	2
6	154511534	171051005	1	1	2
7	43259	52265138	1	1	2
7	52265155	75067855	1	1	2
7	75067967	159127004	1	1	2
8	31254	532872	1	1	2
8	540949	74919713	1	1	2
8	74919912	79183818	1	1	2
8	79185324	126649545	1	1	2
8	126649596	127831327	1	1	2
8	127833999	146298155	1	1	2
9	46587	3230081	1	1	2
9	3230477	4127906	1	1	2
9	4128024	38766174	1	1	2
9	38766241	47217176	1	1	2
9	65616971	74733411	1	1	2
9	74735005	85249787	1	1	2
9	85249904	91677507	1	1	2
9	91677812	105976253	1	1	2
9	105980079	106996386	1	1	2
9	106996461	117261835	1	1	2
9	117262339	118268110	1	1	2
9	118269888	124251771	1	1	2
9	124259751	141091394	1	1	2
10	72759	80600099	1	1	2
10	80603160	82795855	1	1	2
10	82796630	135506704	1	1	2
11	198572	134944770	1	1	2
12	150442	54676703	1	1	2
12	54687232	54921407	1	1	2
12	54922017	55145636	1	1	2
12	55147036	55754720	1	1	2
12	55756851	55990098	1	1	2
12	55990435	57759223	1	1	2
12	57760867	57981815	1	1	2
12	57982254	58009372	1	1	2
12	58010163	58539198	1	1	2
12	58546066	61633954	1	1	2
12	61636810	62969726	1	1	2
12	62975166	67450207	1	1	2
12	67454007	67610913	1	1	2
12	67616583	67980892	1	1	2
12	67981002	68145081	1	1	2
12	68148140	68331115	1	1	2
12	68333238	69149748	1	1	2
12	69154005	69510039	1	1	2
12	69510366	70000518	1	1	2
12	70003323	70042268	1	1	2
12	70042413	70072087	1	1	2
12	70072242	70084577	1	1	2
12	70090994	70327705	1	1	2
12	70327949	70691819	1	1	2
12	70693138	76041425	1	1	2
12	76042692	76185508	1	1	2
12	76194445	76391825	1	1	2
12	76392396	76827360	1	1	2
12	76830084	77300936	1	1	2
12	77313462	84722624	1	1	2
12	84729548	86248189	1	1	2
12	86249119	133778189	1	1	2
13	19026949	19418360	1	1	2
13	19418531	115108397	1	1	2
14	19002124	107285437	1	1	2
15	20016328	102469040	1	1	2
16	60777	90287535	1	1	2
17	526	81049726	1	1	2
18	48133	77579773	1	1	2
18	77579812	78015057	1	1	2
19	90910	58889202	1	1	2
19	58891135	59097854	1	1	2
20	61305	62956153	1	1	2
21	10736871	48096957	1	1	2
22	16052528	51234455	1	1	2
