chromosome_index position alt_count ref_count
1 27755275 9 95
1 92441891 80 138
1 116243743 4 89
1 145688320 27 75
1 151259272 79 60
1 154960800 51 93
1 157667154 68 115
1 160000753 181 376
1 183079748 71 189
1 183543622 79 353
1 201869210 97 146
1 202104865 17 50
1 214815579 33 62
1 240341359 60 135
1 245862232 15 29
2 107449085 73 71
2 118586875 53 77
2 128072395 53 40
2 149247806 56 107
2 166170174 76 125
2 166852529 55 125
2 179605115 7 161
2 179616505 121 234
2 227778996 57 109
2 231036820 75 119
3 3030054 46 121
3 28380107 27 52
3 38793973 19 44
3 49293761 10 281
3 49695017 6 13
3 119133103 132 421
3 130742915 8 242
3 148885694 52 104
3 148930323 85 158
3 151166820 14 425
3 172224151 13 26
3 186502246 11 82
3 197559135 23 144
4 57204629 42 95
4 72316985 13 25
4 104030037 128 128
4 140625270 82 57
4 143043396 87 67
5 35774001 52 99
5 58882318 36 24
5 146703605 3 40
5 176323126 119 77
6 28293858 119 240
6 35837268 76 162
6 35911700 124 195
6 36463302 4 8
6 38084454 47 89
6 42573531 41 99
6 47573993 52 240
6 97620943 133 109
6 129712776 196 248
7 27195991 8 22
7 47876559 7 11
7 99661781 70 128
7 106509141 57 48
7 140082260 35 160
7 143657510 73 230
7 146829424 44 150
8 39602414 128 126
8 54141967 24 38
9 1056470 23 122
9 21077536 185 153
9 88200414 148 161
9 128230361 44 52
10 17085895 64 99
10 24886885 48 106
10 25887606 40 245
10 47087160 115 476
10 90672857 8 206
11 4967789 103 174
11 63764090 4 73
11 92532882 40 63
11 94759155 25 38
12 2788812 10 16
12 22214388 36 59
12 49227241 89 163
12 49994099 27 301
12 56398470 16 39
12 58111997 25 85
12 58111998 25 87
12 68720731 37 138
12 129285452 7 31
13 24247649 16 25
14 65032090 11 192
14 89205266 17 35
14 101434515 12 23
14 106320716 4 22
15 45003745 5 14
15 45559871 74 50
15 62539521 15 28
15 74623081 17 57
16 739275 5 3
16 89351609 9 31
17 42335417 29 41
17 42335418 29 41
17 65051353 5 38
18 19395763 6 149
19 10203874 14 170
19 11324983 4 53
19 18679393 35 147
19 36335134 7 5
19 39003117 8 53
19 41115542 6 7
19 41518370 252 506
19 52376611 126 180
19 53117889 27 60
19 54628017 15 18
19 57802758 30 126
20 8737777 35 176
20 8737785 28 162
20 56190060 109 190
20 57415908 4 10
22 45291957 31 37
22 50479675 29 21
22 50563959 28 27
