chromosome_index position alt_count ref_count
1 156595020 12 7
2 11755239 40 516
2 73900112 14 6
2 182339749 23 393
2 220342475 13 242
3 52474985 13 10
3 147128622 46 47
4 1235219 10 40
5 145651125 131 178
8 10470653 40 47
9 135945981 15 225
9 139836657 31 28
10 5790066 55 101
10 135140460 85 88
11 2943404 37 33
11 62484608 51 92
13 110838882 47 81
13 113862992 8 43
15 49254793 45 73
15 89872058 59 58
16 29996800 20 23
17 6524109 65 238
17 40823503 40 1
17 79663918 3 28
19 18054144 13 13
20 49626663 16 94
22 50648657 31 31
