chromosome_index	start_position	end_position	major_cn	minor_cn	total_cn
1	61735	186325958	1	1	2
1	186326175	187562708	1	0	1
1	187563410	188870450	1	1	2
1	188870870	190557926	1	0	1
1	190557960	190891410	1	1	2
1	190891857	202705474	1	0	1
1	202705522	211456145	1	1	2
1	211457821	220462131	1	0	1
1	220464882	249224388	1	1	2
2	12784	243089456	1	1	2
3	60345	197896118	1	1	2
4	12281	191027923	1	1	2
5	15532	180790320	1	1	2
6	149661	171051005	1	1	2
7	43259	159127004	1	1	2
8	31254	87830332	1	1	2
8	87833037	88450770	16	7	23
8	88451088	88501234	2	1	3
8	88504060	100943190	1	1	2
8	100950390	102920718	19	1	20
8	102922409	120697457	1	1	2
8	120705817	121280263	18	1	19
8	121280451	127701327	1	1	2
8	127701948	128239299	19	2	21
8	128239661	128297256	1	1	2
8	128303988	128619439	19	1	20
8	128623688	128655401	2	0	2
8	128655771	129115396	17	2	19
8	129116533	146298155	1	1	2
9	46587	141091394	1	1	2
10	72759	135506704	1	1	2
11	198572	134944770	1	1	2
12	150442	133778189	1	1	2
13	19026949	115108397	1	1	2
14	19002124	107285437	1	1	2
15	20016328	29284059	1	1	2
15	29288420	50495712	1	0	1
15	50497848	102469040	1	1	2
16	60777	90287535	1	1	2
17	526	81049726	1	1	2
18	48133	78015057	1	1	2
19	90910	59097854	1	1	2
20	61305	62956153	1	1	2
21	10736871	48096957	2	0	2
22	16052528	51234455	1	1	2
