chromosome_index	start_position	end_position	major_cn	minor_cn	total_cn
1	61735	33556713	2	0	2
1	33558320	33584688	4	0	4
1	33585070	121482979	5	2	7
1	144007049	160582611	4	2	6
1	160582724	160622175	7	3	10
1	160622414	234480498	5	2	7
1	234481678	248013430	4	1	5
1	248014615	249224388	5	0	5
2	12784	3916425	2	1	3
2	3916750	15128958	3	2	5
2	15129175	16694280	2	2	4
2	16694736	108847885	3	2	5
2	108848137	108950420	5	5	10
2	108954527	118075035	3	2	5
2	118075978	118517789	6	1	7
2	118517860	121286978	3	2	5
2	121287105	126662664	3	1	4
2	126663134	130731560	3	3	6
2	130732030	139781950	3	1	4
2	139784667	140593857	4	3	7
2	140593879	141088965	4	1	5
2	141089097	141124952	6	2	8
2	141128843	145362578	3	1	4
2	145364033	147116948	6	3	9
2	147125854	152275673	3	1	4
2	152278977	152306897	1	0	1
2	152308890	153090893	5	2	7
2	153090971	157588429	4	4	8
2	157590976	157763863	7	3	10
2	157768023	157798957	10	4	14
2	157806151	158755760	3	1	4
2	158756333	160081336	3	3	6
2	160082890	160673380	2	1	3
2	160673395	164574119	4	2	6
2	164577215	185945142	3	1	4
2	185948301	188611594	4	4	8
2	188612492	192058550	2	2	4
2	192059580	202728193	3	1	4
2	202729820	205349395	3	3	6
2	205349444	239198325	3	1	4
2	239199003	241594645	2	2	4
2	241594862	243089456	2	1	3
3	60345	86102498	2	0	2
3	86103602	110499778	2	2	4
3	110501848	111539564	4	0	4
3	111540629	146055242	2	2	4
3	146056369	146288414	1	0	1
3	146288590	186664742	2	2	4
3	186665015	189525096	3	2	5
3	189525101	197896118	2	1	3
4	12281	9792459	3	2	5
4	9792942	10361901	7	0	7
4	10373810	14115901	3	3	6
4	14119200	14206130	4	4	8
4	14215672	45395008	3	3	6
4	45401173	78124654	2	1	3
4	78126474	78226107	5	4	9
4	78226242	143431228	2	1	3
4	143437219	143498744	3	3	6
4	143501282	158942993	2	1	3
4	158953565	177033763	1	1	2
4	177036083	191027923	1	0	1
5	15532	4295050	2	2	4
5	4295430	66162044	4	2	6
5	66162397	86678421	2	0	2
5	86683105	110813041	2	1	3
5	110813083	121055742	2	2	4
5	121056106	122081253	4	1	5
5	122081291	125316595	3	2	5
5	125318756	136961566	2	2	4
5	136962286	142100281	2	1	3
5	142100503	145423346	3	2	5
5	145423411	162308790	2	2	4
5	162317065	166917454	2	1	3
5	166918125	170197927	3	2	5
5	170198563	177759837	2	2	4
5	177760401	180790320	2	1	3
6	149661	803660	3	0	3
6	806694	4300545	4	1	5
6	4301173	39913920	5	1	6
6	39914591	40169739	9	2	11
6	40175779	57418923	5	1	6
6	57419605	58146054	2	1	3
6	58146087	61972918	5	1	6
6	61973235	83586772	1	1	2
6	83588229	113575641	1	0	1
6	113580804	161631395	2	0	2
6	161635944	171051005	1	0	1
7	43259	8517767	2	2	4
7	8518602	8613344	9	4	13
7	8613465	57936185	2	2	4
7	57950504	62467977	8	3	11
7	62471846	83843901	2	2	4
7	83851234	159127004	3	1	4
8	31254	3082271	1	0	1
8	3084216	5287056	2	0	2
8	5300742	5884389	3	0	3
8	5887260	6724701	1	0	1
8	6725056	41370945	3	0	3
8	41371473	137934713	4	4	8
8	137934892	138538020	9	1	10
8	138539014	140079961	4	4	8
8	140080089	140619566	5	5	10
8	140623680	146298155	3	3	6
9	46587	16786930	2	1	3
9	16787262	16929803	1	0	1
9	16931236	17678087	1	1	2
9	17682174	86099733	2	1	3
9	86102410	103305140	1	1	2
9	103308996	121422261	2	1	3
9	121424110	122146403	1	1	2
9	122153258	122305962	3	3	6
9	122306551	141091394	2	1	3
10	72759	4656979	1	1	2
10	4658582	8550975	2	1	3
10	8550990	8856296	3	1	4
10	8857008	36583193	2	1	3
10	36583598	37380474	1	0	1
10	37384574	130930821	2	1	3
10	130930891	135506704	1	1	2
11	198572	5709724	2	2	4
11	5715184	5732748	1	0	1
11	5734494	27855104	2	2	4
11	27859182	30907755	3	2	5
11	30910322	33486576	2	1	3
11	33486928	48238019	2	2	4
11	48238179	54931765	6	0	6
11	54934710	71172258	2	2	4
11	71177622	71794546	2	0	2
11	71794681	77120550	2	2	4
11	77125393	78441443	1	0	1
11	78443235	80397605	2	0	2
11	80399087	81447805	3	2	5
11	81453050	128058582	2	0	2
11	128059483	134944770	4	2	6
12	150442	7702353	3	2	5
12	7706629	13202019	2	2	4
12	13202808	28613913	3	2	5
12	28614181	29149691	4	4	8
12	29152508	29982783	2	2	4
12	29985998	30204907	6	2	8
12	30212034	30289556	2	0	2
12	30290686	32912313	2	2	4
12	32912365	46420976	3	2	5
12	46423259	47440720	4	3	7
12	47440827	114486319	3	2	5
12	114486626	114543540	4	4	8
12	114544299	114632203	7	6	13
12	114632722	118567506	3	2	5
12	118567924	133778189	2	0	2
13	19026949	115108397	1	1	2
14	19002124	55683509	3	2	5
14	55684240	57269200	2	0	2
14	57269825	60660474	3	2	5
14	60661253	107285437	2	0	2
15	20016328	37423940	2	2	4
15	37424252	55137606	3	2	5
15	55139290	57677293	2	2	4
15	57680883	102469040	3	2	5
16	60777	33476442	2	2	4
16	33481160	35283226	3	0	3
16	46463782	64422840	2	1	3
16	64423412	66294764	2	2	4
16	66294804	90287535	2	1	3
17	526	21024999	2	1	3
17	21025469	43429390	3	2	5
17	43430696	81049726	4	1	5
18	48133	13955831	2	2	4
18	13957551	51859914	3	2	5
18	51862182	61721590	2	0	2
18	61721632	74051570	2	2	4
18	74060904	78015057	2	1	3
19	90910	9000370	2	1	3
19	9000460	9086123	5	3	8
19	9086819	24238753	2	1	3
19	24239788	28739548	3	3	6
19	28739881	52441421	2	2	4
19	52442510	59097854	2	1	3
20	61305	62956153	2	2	4
21	10736871	25442988	2	1	3
21	25443871	48096957	2	2	4
22	16052528	19086761	2	2	4
22	19087915	51234455	3	2	5
