chromosome_index position alt_count ref_count
1 21009246 14 38
1 38025070 17 29
1 43784978 30 61
1 152186950 25 216
1 152595450 28 32
1 186045741 22 46
1 226127598 7 5
1 248569915 30 41
2 84517877 7 4
2 90199162 84 14
2 160993973 40 58
2 238275681 19 30
3 49689184 25 36
3 52475289 25 35
3 126733439 53 74
4 4411320 35 41
4 69795715 56 66
4 110864421 36 36
4 126241369 24 84
4 143159105 17 22
4 170043337 3 26
5 13719110 35 44
5 14462975 46 37
5 37816010 35 69
5 140208958 68 133
5 140735359 9 10
5 149219665 13 37
6 5999377 35 35
6 7584664 38 66
7 31855673 99 141
7 80295787 45 48
7 102898149 33 54
7 107303838 55 67
7 134874110 4 57
7 143632553 100 137
7 144098293 11 23
8 9760928 12 23
8 25246735 67 67
8 37704528 37 249
8 55371633 4 9
8 124113069 25 51
8 131896832 86 106
9 34257897 170 14
9 101810265 7 5
9 139726289 10 18
11 4929295 68 78
11 5602633 105 134
11 17111388 145 172
11 66411465 46 62
11 111229596 21 29
11 118183512 49 63
11 119215663 8 10
11 123909127 97 155
12 7456944 77 105
12 21036410 16 53
12 21997448 36 79
12 27467499 54 51
12 49218455 26 30
13 25444863 35 36
13 61985634 28 31
14 20586156 99 119
14 38724256 84 97
14 65208951 28 41
14 96864516 58 81
14 105609273 24 15
15 101595366 35 38
16 28507939 3 8
16 31500623 8 45
16 67208819 3 49
16 86613224 15 22
17 3493599 4 79
17 67537898 29 34
19 1056425 27 32
19 6906478 29 76
19 10434234 40 27
19 22364159 60 140
19 22605075 5 117
19 43441294 13 25
19 47823567 94 115
19 50918754 3 44
20 17929612 38 101
20 46264906 39 62
21 41455893 14 24
