chromosome_index	position	alt_count	ref_count
1	10798988	4.0	26.0
1	22700842	3.0	33.0
1	37036842	2.0	21.0
1	81419221	16.0	21.0
1	99423228	24.0	38.0
1	100377144	13.0	18.0
1	106500541	7.0	31.0
1	113367855	25.0	15.0
1	155161799	5.0	8.0
1	157333665	4.0	23.0
1	161588372	14.0	28.0
1	175550580	13.0	25.0
1	196454263	9.0	25.0
1	238493425	13.0	27.0
10	24061730	16.0	23.0
10	112925999	16.0	25.0
10	129974973	14.0	30.0
11	11879263	26.0	25.0
11	50727786	8.0	33.0
11	94361669	4.0	42.0
12	16175679	12.0	19.0
12	42880087	17.0	28.0
12	66967954	15.0	12.0
12	79701886	12.0	19.0
12	129133128	3.0	53.0
12	133350481	9.0	31.0
13	28782878	18.0	21.0
13	63022384	11.0	12.0
14	94386551	15.0	25.0
16	18055863	13.0	15.0
16	32575486	10.0	67.0
16	32649347	5.0	37.0
16	63147859	13.0	30.0
16	81927699	4.0	12.0
19	5601740	6.0	34.0
19	31613886	15.0	30.0
19	34989519	3.0	16.0
19	55475592	3.0	24.0
2	30685411	4.0	40.0
2	84609178	21.0	26.0
2	128512692	13.0	29.0
2	141406260	12.0	20.0
2	158334303	19.0	26.0
2	231524165	7.0	22.0
20	54722667	23.0	29.0
22	19176253	12.0	17.0
22	51125149	3.0	11.0
3	1866893	8.0	30.0
3	27939411	3.0	39.0
3	90136701	16.0	27.0
3	90396582	15.0	30.0
3	133855989	9.0	32.0
3	180871681	21.0	24.0
4	47970639	5.0	42.0
4	77338837	9.0	31.0
4	118409893	17.0	24.0
4	131623518	10.0	36.0
4	155619652	7.0	36.0
4	156499772	19.0	26.0
4	181293338	17.0	20.0
4	186001862	10.0	21.0
5	45499880	4.0	33.0
5	71007467	14.0	26.0
5	116992007	16.0	16.0
5	120771847	11.0	19.0
5	133969879	15.0	15.0
5	155789391	9.0	22.0
6	3876096	18.0	33.0
6	96810389	5.0	40.0
6	115297996	3.0	14.0
6	126010832	9.0	19.0
7	97173025	15.0	25.0
7	126714154	4.0	40.0
7	134083191	6.0	30.0
7	139003343	9.0	33.0
7	144028868	5.0	37.0
8	82701491	16.0	31.0
8	92054083	4.0	31.0
8	134051981	14.0	24.0
9	35739583	4.0	35.0
9	81938244	4.0	44.0
9	112713949	10.0	16.0
X	24418467	19.0	7.0
X	43909175	3.0	24.0
X	70201563	14.0	4.0
X	85412213	4.0	16.0
X	146391090	12.0	9.0
X	152163280	3.0	13.0
Y	16494394	11.0	4.0
Y	17896028	14.0	5.0
