chromosome_index position alt_count ref_count
1 3477302 16 53
1 150940923 15 70
1 152277734 28 112
2 166245753 38 166
2 191862622 24 92
2 216964702 10 39
2 238494711 32 138
3 9034638 18 81
3 14187365 5 15
3 32022450 12 24
3 36900342 9 40
3 52439862 9 27
3 121417435 26 131
3 124952476 35 149
3 133475847 19 65
5 54518080 5 27
5 95733069 29 97
5 131923749 10 46
6 15468917 15 102
6 150001110 37 49
6 151125837 50 71
7 45145275 20 104
8 124429131 7 23
9 104125101 38 129
11 6632156 16 58
11 56949421 29 122
11 118377356 12 72
12 6752706 48 91
12 9303329 24 108
12 122248626 15 74
14 31637675 12 40
16 30663149 17 49
16 74990491 24 46
17 7577111 17 24
17 38510722 23 80
17 43552917 22 61
17 63533108 14 46
19 22786115 21 84
19 23405829 14 42
19 56241206 15 65
20 2083692 9 36
20 5283346 14 58
20 32255744 9 40
22 46239616 5 7
