chromosome_index position alt_count ref_count
1 1268357 25 41
1 1455631 15 29
1 6314072 18 49
1 158632642 32 86
1 158687761 34 211
1 177133539 4 22
1 233514697 21 98
1 235392600 38 62
1 236704976 37 60
1 247921698 6 10
2 179497308 110 70
2 242169025 14 47
3 18436093 74 63
3 37337602 75 132
3 48613684 3 44
3 63645436 71 204
3 188592354 5 38
4 5803707 24 21
4 39459846 24 66
4 86985472 54 78
4 88029464 24 24
4 166996138 95 119
5 1073833 59 116
5 110097513 10 36
5 111506032 18 59
5 128368807 73 98
5 134366975 38 44
5 140769371 10 159
5 149323780 42 208
5 154394259 122 194
5 167995839 66 210
6 17616185 6 20
6 41766453 47 115
6 42713809 24 64
6 46659562 42 122
6 47251997 101 227
6 74125884 10 27
6 121655573 7 27
6 126136443 9 23
6 143825189 13 46
6 160329027 10 59
6 160932038 49 222
7 1586811 7 11
7 28996456 28 43
7 48314961 103 133
7 55910716 11 24
7 64167527 7 76
7 94059724 92 175
7 94989389 168 102
7 138406716 24 30
8 43013804 92 102
8 72987564 70 170
8 89086946 56 67
8 95182747 29 81
8 95182748 29 84
8 144681002 12 19
9 2643350 26 34
9 35662977 15 60
9 100373881 8 96
10 7618568 31 39
10 99410810 29 38
10 116331149 12 53
10 118236647 10 102
10 129902167 29 158
11 5221189 21 57
11 27393838 64 132
11 47444400 41 189
11 55999758 90 180
11 62295024 89 441
11 89424070 16 161
11 108384767 37 176
11 125888342 29 75
11 130278714 41 244
12 5936968 8 27
12 9254240 27 36
12 9322118 35 83
12 9346799 21 135
12 13128298 54 121
12 13215836 141 337
12 32137025 47 143
12 40758673 17 50
12 52284475 14 54
12 57498577 6 89
13 24520065 4 17
13 32785123 12 47
13 37401824 9 40
13 43155387 20 59
13 43987109 11 38
13 53624812 52 108
13 73649958 26 152
13 108922375 41 229
13 113851377 33 145
14 29237293 33 88
14 52734841 111 221
14 75134293 32 79
14 100801048 3 13
14 105352951 13 19
15 63952045 13 56
15 84245492 6 29
15 99671320 10 15
15 100332871 6 123
17 8136303 70 93
17 18039096 3 35
17 27778688 7 175
17 37119207 56 91
17 40556952 29 141
17 41598233 38 69
17 45885541 3 8
17 48274572 28 74
17 74387178 67 126
17 79673996 14 56
19 1483655 13 13
19 8387754 10 14
19 9869125 23 114
19 10071524 32 59
19 14910471 76 118
19 37211342 31 101
19 46996862 7 5
20 51872833 472 272
21 28216912 6 12
