chromosome_index position alt_count ref_count
2 71213755 23 52
2 128409331 15 40
2 163393474 51 76
2 196729468 3 35
2 234104109 30 78
2 242148707 8 37
3 4358097 11 1
3 15915276 4 32
3 22424272 3 24
4 88257898 6 3
4 102776233 29 7
5 133915871 12 13
5 150030778 29 24
6 26446061 37 52
6 160998167 45 50
7 44809102 16 13
7 47408811 4 12
7 64388860 27 33
11 802020 3 34
11 65422461 3 38
11 73711564 3 31
11 73717220 18 15
12 64173715 14 28
13 29599910 7 6
13 39262394 3 37
15 25430615 15 8
15 41861203 11 7
15 42147040 22 27
15 78398263 29 50
15 91034759 17 60
15 91488276 34 63
16 2139684 3 28
17 16734868 15 0
17 46137139 4 38
17 68173515 7 12
19 11129654 31 2
19 15225450 7 21
19 15225451 3 20
19 42492666 13 25
19 46215154 14 14
19 51986481 28 28
20 44669971 27 20
22 29454963 3 31
22 37771911 6 13
