chromosome_index position alt_count ref_count
1 914583 9 19
1 11345794 22 41
1 27272107 3 33
1 44878179 33 71
1 47582394 144 377
1 64707375 106 258
1 98144730 53 102
1 112299330 29 94
1 148024847 11 89
1 156811998 20 43
1 158650396 35 77
1 182491152 31 63
1 193094309 42 164
1 206652411 11 24
1 215847612 24 61
1 228475396 10 38
2 10199050 18 19
2 28815535 5 40
2 73613101 8 14
2 88828583 24 78
2 98349432 21 57
2 128342389 23 35
2 166773791 114 317
2 168115208 25 63
2 178416955 38 95
2 179398409 33 71
2 183032840 11 20
2 190603410 35 62
2 207516418 10 25
2 209113113 29 76
2 209309571 69 144
2 231177517 5 17
2 233244647 27 53
3 42251356 15 28
3 49693153 12 41
3 112643356 29 95
3 122821313 43 74
3 129252554 4 13
3 150931427 29 64
3 178938934 74 167
3 196054338 3 34
3 196210691 51 138
4 86997 25 57
4 17623289 72 215
4 56435929 98 251
4 76817488 29 53
4 87724972 35 75
4 102751332 7 28
4 128665872 63 134
4 129783054 11 48
4 155491853 29 73
4 164087531 9 42
5 38258820 14 22
5 86685295 8 43
5 112174119 26 69
5 112175576 22 76
5 115628183 21 61
5 140176666 44 83
5 140209489 25 53
5 140724161 24 60
5 153144076 45 92
6 311891 15 86
6 27100450 15 130
6 28228213 24 69
6 31931889 10 10
6 38828320 52 120
6 52369478 14 32
6 52849383 34 64
6 96658113 31 59
6 102376335 21 45
6 111694418 42 126
6 130454687 16 32
6 158902182 8 11
7 5415743 4 19
7 30702336 3 35
7 56146188 6 10
7 86539165 16 44
7 100189403 36 79
7 100377208 9 17
7 101845140 3 14
7 123264647 15 66
7 143085653 3 23
7 149148161 5 16
7 150935141 4 10
8 27918104 10 18
8 88886057 46 113
8 94713596 39 75
8 116616565 31 51
8 146156926 35 94
9 21410078 46 88
9 94171897 34 72
9 107457526 55 127
9 116856533 8 20
9 133951218 6 11
9 139889739 10 32
10 43883038 35 65
10 102748562 34 63
10 105037980 4 34
11 550071 8 22
11 985532 11 38
11 2320704 12 24
11 5443808 56 149
11 7110571 10 15
11 18737205 21 52
11 36248637 18 66
11 66311228 4 15
11 89133234 39 95
12 11244795 19 146
12 25398284 48 54
12 51189734 28 57
12 52841757 18 88
12 53189250 39 84
12 53585766 13 19
12 53873532 3 9
12 57112114 20 29
12 57389643 13 19
12 57390278 38 60
12 95927513 36 93
12 100657328 52 116
12 102796173 10 36
12 106461002 3 26
12 106897881 11 133
13 33096363 44 133
13 33635046 19 45
14 21269606 4 5
14 29237143 15 35
14 65544747 80 202
14 71556000 7 49
14 74009894 14 201
14 86093962 32 59
15 23811299 5 18
15 43569091 4 25
15 45847803 32 70
15 48537061 33 90
15 59910458 34 63
15 65490566 33 69
15 72193621 32 59
16 737183 4 27
16 20380861 56 84
16 31091398 12 19
16 31284710 14 24
16 49671085 9 43
16 71209591 14 54
16 75140384 4 23
16 81190547 24 46
17 1537953 7 24
17 7637892 5 32
17 26946710 38 120
17 27945951 8 19
17 36642352 32 78
17 36864101 14 30
17 36977311 30 71
17 44144025 14 51
17 45681252 29 82
17 76851788 7 18
17 79256117 4 18
18 42530796 21 23
18 43432373 3 23
18 47563269 26 50
19 2207633 6 15
19 8197949 7 18
19 8996467 20 56
19 11560159 5 10
19 15739182 3 28
19 21910252 11 20
19 21926824 8 55
19 36004300 4 6
19 40328470 27 40
19 46973631 7 23
19 51645712 16 33
19 56424201 22 57
19 57869197 8 40
20 18574416 94 244
20 21126295 45 91
20 30053382 30 56
20 30784683 24 76
20 45174303 3 25
20 48503297 4 27
20 57429289 3 13
21 45649804 13 31
21 46309925 4 35
