chromosome_index position alt_count ref_count
1 3411193 3 13
1 193111023 37 218
1 205273036 22 187
1 233114000 30 53
1 247587616 173 304
2 11780474 52 241
2 241737207 9 41
2 242625239 279 1134
3 439920 34 170
3 38103746 18 233
3 46026472 20 72
3 99569205 109 529
3 100951770 70 254
3 130361862 20 131
4 123283432 30 117
5 95011166 51 248
5 140175222 93 465
5 156590130 9 231
6 117113727 37 184
6 158922970 45 751
7 77230064 103 371
7 126173814 78 345
7 131012625 17 84
8 104225200 89 402
9 97843044 43 261
9 125315452 87 350
9 139795034 13 50
9 139917290 4 13
9 141014657 26 54
10 135170216 15 34
11 18738405 156 656
11 56237502 136 564
11 76063580 70 271
11 108117798 60 291
12 25398284 57 332
12 63543857 152 618
12 110815272 161 620
12 113906184 23 84
12 124326011 73 353
13 109777647 32 186
14 66209165 15 58
14 77846757 38 175
14 80668531 8 27
15 40756141 44 136
15 77906745 12 122
16 1962193 17 61
16 30581656 69 269
16 57153169 81 416
17 40714982 93 950
17 42225373 88 351
17 56440904 150 594
18 45368211 51 194
18 48591889 82 285
19 33183406 13 42
19 37118421 49 303
19 37676154 128 545
19 46307696 12 245
19 55147980 20 141
19 55494938 39 140
20 1961195 97 436
20 13846127 18 387
21 30693720 111 386
22 30976083 120 486
