chromosome_index	start_position	end_position	major_cn	minor_cn	total_cn
1	61735	41034682	2	0	2
1	41038170	249224388	2	2	4
2	12784	30060021	3	2	5
2	30061083	55804363	2	0	2
2	55804637	66093051	3	2	5
2	66094226	67106347	2	0	2
2	67109728	243089456	3	2	5
3	60345	43584299	4	2	6
3	43585183	69378304	4	0	4
3	69385650	69553065	8	0	8
3	69554214	197896118	4	0	4
4	12281	155528570	2	2	4
4	155531255	164135061	2	1	3
4	164135627	164204695	5	3	8
4	164211883	191027923	2	1	3
5	15532	102018001	2	2	4
5	102018385	112342200	2	0	2
5	112347828	180790320	2	2	4
6	149661	162783187	2	2	4
6	162785078	162897549	2	0	2
6	162899571	164983092	2	2	4
6	164984115	165417043	2	1	3
6	165421503	171051005	2	2	4
7	43259	159127004	4	2	6
8	31254	34175038	2	0	2
8	34179424	38299419	5	2	7
8	38312762	38919407	2	0	2
8	38920942	42301696	5	2	7
8	42301991	146298155	7	2	9
9	46587	1354628	4	1	5
9	1355029	124296058	3	1	4
9	124296108	124875819	2	1	3
9	124878182	141091394	3	1	4
10	72759	45874990	2	2	4
10	45875880	135506704	2	1	3
11	198572	118031986	2	2	4
11	118032242	134944770	4	0	4
12	150442	133778189	2	2	4
13	19026949	44462984	4	4	8
13	44469835	56918884	4	0	4
13	56921566	57024804	8	1	9
13	57024914	81312668	4	0	4
13	81315134	82063792	5	4	9
13	82070922	84349771	4	0	4
13	84350204	85070001	6	3	9
13	85078292	92922757	4	0	4
13	92923125	100277143	4	2	6
13	100280050	105189457	4	0	4
13	105192671	115108397	4	4	8
14	19002124	30701536	2	2	4
14	30703342	31336922	4	2	6
14	31343135	31466131	3	1	4
14	31467838	37590344	2	0	2
14	37594372	37885289	2	2	4
14	37885323	61817584	4	2	6
14	61818660	63953452	2	0	2
14	63958068	107285437	2	2	4
15	20016328	57413776	2	2	4
15	57418652	59043786	2	0	2
15	59046163	60865380	2	2	4
15	60867129	61408492	2	0	2
15	61408860	61463181	3	1	4
15	61464687	61921996	2	0	2
15	61922205	66946938	2	2	4
15	66958812	68112037	2	0	2
15	68114974	85365416	2	2	4
15	85366683	102469040	3	2	5
16	60777	6520153	2	2	4
16	6522310	6693092	2	0	2
16	6694146	90287535	2	2	4
17	526	22227841	2	0	2
17	22235650	40759937	3	2	5
17	40769402	81049726	2	2	4
18	48133	78015057	2	0	2
19	90910	47179183	4	0	4
19	47181113	49337237	3	0	3
19	49337259	59097854	4	0	4
20	61305	14745198	2	0	2
20	14746326	15212660	0	0	0
20	15215964	17749818	2	0	2
20	17749899	17916575	6	2	8
20	17916833	18658992	8	2	10
20	18659537	18769602	2	0	2
20	18771796	20618905	4	0	4
20	20619306	22840175	8	4	12
20	22840461	32516317	5	5	10
20	32517585	41226314	8	4	12
20	41227592	62956153	5	5	10
21	10736871	48096957	2	2	4
22	16052528	51234455	2	2	4
