chromosome_index position alt_count ref_count
1 55266546 3 15
1 118624163 28 201
1 120438344 17 123
1 174417320 5 79
1 186056355 16 113
1 230807312 32 170
1 233394169 3 54
2 27801373 17 99
2 103149074 6 55
2 169985569 13 147
2 179463526 42 226
2 229890703 6 64
2 238285526 33 231
3 9827096 3 34
3 53769408 26 159
4 70823297 10 95
4 123200986 18 99
4 164534555 17 127
5 5262847 9 78
5 140627258 39 312
5 143586570 13 52
6 25727558 3 25
6 29364556 29 206
6 29523710 12 105
6 75840567 5 63
6 128134889 26 183
7 55980343 5 27
7 83016344 6 48
7 94052404 13 142
7 143792582 31 231
8 27301729 5 64
8 79590915 21 137
8 95403893 31 247
8 144990758 10 99
9 86616796 10 93
9 88952330 5 64
9 139092527 12 49
11 6023660 11 71
11 34129864 18 182
11 55653246 6 57
11 56086106 14 157
11 68854047 12 85
12 21457447 16 127
12 31255360 17 140
12 69124921 8 75
12 73014949 17 122
12 101870666 4 51
12 123200283 10 80
13 28592705 14 117
14 75264755 5 29
14 99866491 12 72
15 41820494 4 23
15 50534686 34 277
15 75647319 3 41
17 8136310 16 215
17 27613998 33 236
17 29556163 15 65
17 34073181 26 218
17 38953242 12 91
17 56581411 20 97
17 56585838 9 76
17 61995152 13 122
17 62080238 3 49
17 72878745 4 12
17 78195495 8 26
19 1828079 4 49
19 17436028 11 79
19 39303540 9 74
19 49564974 5 27
19 51466671 11 55
19 55297992 8 43
19 58850588 11 117
20 44979115 8 83
20 48129691 15 174
22 46657006 26 147
