chromosome_index position alt_count ref_count
1 12170201 10 134
1 19181287 5 54
1 26515154 52 71
1 45553632 153 161
1 47024163 17 9
1 78001682 37 59
1 85498465 187 226
1 156811514 102 119
1 158299678 155 202
1 158449688 79 161
2 74592698 88 83
2 113940791 89 113
2 167056293 161 208
2 183703198 12 191
2 233346218 16 20
3 38278405 129 146
3 46759087 39 53
3 74420493 71 80
3 95374049 13 9
3 97983841 6 84
3 107096949 80 107
3 142234329 59 69
3 155545968 60 108
3 178916614 105 16
3 197350983 39 32
4 9784657 125 223
4 13543971 12 10
4 13543978 11 8
4 38698729 83 132
4 166978363 135 204
4 184580141 9 17
5 23509113 44 38
5 89910651 13 33
5 101724473 51 60
5 140011717 53 164
5 167880985 38 67
6 76024397 163 250
6 90577200 95 135
6 90578026 8 79
6 152461140 81 135
6 159653439 82 74
7 23309680 113 234
7 30890151 24 57
7 100687031 97 226
7 113558442 89 215
7 140453141 80 163
8 2832079 27 38
8 17422587 42 63
8 49833944 27 34
8 52733124 27 482
8 108276567 75 95
10 89550116 69 32
10 103557792 121 24
11 5373426 133 180
11 17757795 10 108
11 18554017 42 55
11 32955067 118 124
11 59211078 257 346
11 78380644 28 363
11 116691955 78 100
12 85450302 35 50
13 26411335 98 137
13 28880897 64 82
13 29004213 123 152
13 41486782 16 29
13 111132630 123 160
14 68247033 31 7
14 92588104 86 30
14 94849084 15 141
15 54624283 11 4
15 94899492 72 89
16 71094452 15 52
16 71570968 87 123
16 87448975 54 116
17 4542381 181 299
17 10531944 132 175
17 19687216 26 35
19 10335607 9 150
19 11411902 62 99
19 30934639 72 149
19 46094672 140 215
19 58385050 9 61
20 62172863 20 20
22 29440867 69 19
22 40343103 64 19
