chromosome_index position alt_count ref_count
1 986943 3 27
1 2341814 23 28
1 6635186 5 55
1 10431203 36 115
1 11775243 23 114
1 15844625 32 154
1 16385179 4 30
1 16945311 3 9
1 21188793 6 65
1 21226358 46 148
1 21226427 35 110
1 22413230 62 193
1 22413329 53 162
1 24121158 4 36
1 24993332 3 32
1 26612416 4 33
1 31347264 4 36
1 31447634 4 40
1 34046461 4 32
1 38328025 17 101
1 38338748 28 137
1 44063474 13 11
1 44063522 16 13
1 44064276 5 13
1 44064369 53 59
1 46659046 3 20
1 47366068 3 35
1 51767494 4 23
1 63069639 3 33
1 70505207 4 40
1 93705376 8 38
1 97700417 3 31
1 109793108 6 69
1 109801639 4 33
1 112309171 34 75
1 112309315 36 84
1 113124686 32 84
1 113143418 4 35
1 113239251 3 26
1 120283017 3 22
1 150981055 17 165
1 151377387 41 131
1 152281276 486 609
1 154544111 145 106
1 155018959 7 70
1 155723194 12 228
1 155887400 6 38
1 156810682 3 31
1 156821819 3 33
1 158576303 30 186
1 158735810 104 99
1 158943473 45 47
1 161009645 4 22
1 167906172 4 36
1 180044161 7 25
1 186839629 5 44
1 208207859 5 59
1 227618233 4 28
1 237551445 3 26
1 248112585 21 205
2 27668231 3 28
2 28772921 3 35
2 30976059 25 63
2 32626579 31 60
2 39281894 59 89
2 40656723 6 51
2 47703548 5 52
2 47748461 3 31
2 55460003 3 33
2 63826356 8 74
2 65492181 60 98
2 71043525 10 114
2 103431314 3 33
2 105858278 3 30
2 108921890 4 41
2 120003322 3 29
2 136594743 37 101
2 145146898 4 10
2 149511604 3 22
2 162813738 3 25
2 171716255 4 33
2 179444098 4 37
2 186678413 10 23
2 187605159 4 41
2 190922196 31 30
2 202172265 47 194
2 202671439 3 31
2 202900813 5 58
2 203826110 3 34
2 220154984 4 20
2 227919409 3 32
2 231035465 3 27
2 234580647 3 35
2 241661280 7 3
3 40529738 33 48
3 47452780 4 35
3 48451480 4 37
3 49723914 3 30
3 50220896 7 55
3 112324296 23 63
3 121712218 4 37
3 121712500 5 46
3 124103778 35 37
3 125007058 3 33
3 129696053 3 30
3 132402369 5 53
3 136699229 27 51
3 180324303 108 85
3 180337752 7 42
4 619524 14 45
4 1806099 146 25
4 1807891 14 0
4 1808562 9 2
4 6052355 5 3
4 23830149 59 110
4 57514941 53 70
4 85656207 3 34
4 128813651 7 38
4 134072784 6 40
4 143326361 5 45
4 148555490 5 51
4 155505888 13 31
4 169837072 3 33
4 187073192 4 30
5 2752541 3 24
5 66445362 3 27
5 71495628 7 57
5 79027353 45 40
5 79030983 32 43
5 79031337 68 56
5 79031882 22 30
5 79032579 23 19
5 82786054 22 68
5 82817031 7 78
5 131289906 4 37
5 140229036 3 33
5 140562428 4 35
5 140856910 12 43
5 148586615 3 28
5 149927825 6 38
5 153078520 15 55
5 156186311 39 78
5 158696077 5 41
5 171766760 3 25
5 172341879 3 22
6 7231014 4 31
6 22297245 3 34
6 24786074 4 30
6 28963225 4 32
6 29394924 3 30
6 29577062 3 31
6 30573935 5 45
6 31112752 5 36
6 31324628 6 5
6 33261284 3 28
6 35810321 3 23
6 41035121 4 40
6 41243934 3 34
6 43008726 3 7
6 43468508 54 19
6 43472982 3 34
6 43589884 3 24
6 43612953 4 41
6 44227840 3 26
6 46830808 3 34
6 51914990 3 33
6 52699061 6 51
6 54805492 4 37
6 55925755 4 27
6 75798866 4 27
6 88251703 4 37
6 90499594 3 34
6 116442516 4 28
6 142737200 3 29
6 149285591 5 32
6 152557320 52 22
6 152560730 42 12
6 152730280 42 8
6 160525775 3 35
6 168347543 49 13
7 1518041 3 26
7 6456386 4 45
7 29440349 4 40
7 43484555 3 23
7 66456129 28 44
7 75167400 4 34
7 76111997 4 36
7 77539715 7 39
7 77885410 5 33
7 94035021 48 179
7 97846753 4 34
7 100239125 5 30
7 107718723 3 23
7 143175820 14 61
7 150720230 58 261
7 150972280 3 25
8 10468873 5 10
8 17885162 8 44
8 23538651 4 27
8 25890622 17 116
8 29195960 3 31
8 67763106 3 31
8 77763549 3 18
8 99019720 25 38
8 133141623 5 38
8 133945814 11 90
8 134203390 3 26
8 134225230 3 32
8 143603450 27 40
8 143740339 3 31
8 144808916 4 26
8 144876110 3 34
8 144991895 3 32
8 145617999 3 20
8 145623312 4 35
9 2070443 4 21
9 5774116 3 31
9 33675806 3 34
9 35555518 4 34
9 37729833 31 8
9 73151243 58 25
9 91616940 3 26
9 91978749 3 31
9 98735314 3 17
9 100971074 5 32
9 107298944 3 33
9 111618227 3 26
9 111853368 4 34
9 114411961 3 23
9 115232774 3 33
9 123783919 4 45
9 130712884 19 4
9 131772449 3 33
9 132374714 3 15
9 135545615 14 6
9 137023042 4 30
9 138594186 9 10
9 139371222 3 29
9 139902387 5 12
10 15256140 22 196
10 37451603 44 169
10 45472882 22 69
10 61830133 13 44
10 61830689 38 104
10 62553795 6 15
10 70856964 4 32
10 71640308 3 26
10 71648059 3 20
10 72301233 3 31
10 72360284 6 31
10 72360526 5 45
10 73765714 8 121
10 85956359 59 39
10 104176404 3 33
10 105215149 17 32
10 116734920 22 77
10 129160422 3 25
10 129910532 10 63
10 134648258 3 14
10 135209677 13 201
11 612738 3 25
11 1155192 4 23
11 3700903 4 31
11 4936273 11 15
11 6023703 4 30
11 6265396 3 35
11 9451343 12 12
11 14501121 66 23
11 35747683 3 18
11 36614896 18 19
11 46419242 3 32
11 46703616 5 30
11 56468116 19 128
11 57583417 4 32
11 58295114 5 31
11 59271133 5 83
11 62603264 3 22
11 66291194 3 24
11 66472118 4 22
11 68197137 18 451
11 77377909 12 18
11 82444012 4 5
11 85375684 34 34
11 95621408 7 11
11 102080284 50 45
11 102098224 11 30
11 102487543 3 33
11 108115744 3 29
11 113856896 70 42
11 117097976 37 87
11 117376368 5 41
11 118944066 4 31
11 126073516 3 30
11 130131766 3 32
11 133801379 3 31
12 2763021 3 30
12 6167128 28 64
12 21353480 3 28
12 30906661 12 127
12 40422219 32 128
12 49231830 81 124
12 49854778 13 20
12 49916614 31 39
12 53607847 126 204
12 53994782 4 35
12 54333218 4 34
12 56554542 4 37
12 57599175 3 23
12 64061939 20 93
12 66522754 26 139
12 77236755 4 34
12 96354342 59 99
12 105381974 3 26
12 113698238 6 42
12 121648006 8 12
12 130184836 3 30
13 24466208 56 41
13 29600791 4 33
13 33232408 4 28
13 37012778 39 17
13 48986107 3 27
13 53624805 16 98
13 61986466 22 87
13 61986467 22 87
13 79945132 40 242
13 110835382 3 33
14 24709838 5 52
14 24775203 21 73
14 24792290 4 29
14 36004982 4 20
14 45642339 48 32
14 62193489 3 35
14 67147897 4 31
14 68029006 4 21
14 70633987 74 51
14 73718794 4 20
14 73720491 27 91
14 86088747 50 304
14 89161727 16 52
14 91942166 21 16
14 93275864 3 31
14 93762395 4 41
14 102843027 5 10
14 103932113 8 42
14 105409722 81 32
14 106320688 4 19
15 34077910 3 28
15 39882727 6 46
15 41099974 16 9
15 41100015 8 25
15 41101605 3 18
15 41384347 18 21
15 42067445 3 34
15 49170898 6 56
15 50906430 21 23
15 51773559 80 84
15 68605201 3 34
15 69072810 5 46
15 75320634 4 31
15 79217713 4 27
15 86269660 28 87
15 91524227 14 102
15 101454980 3 33
16 705253 4 26
16 2140729 3 32
16 2817808 4 37
16 3108574 3 20
16 4516382 4 36
16 5077984 3 20
16 10989259 3 33
16 20843572 3 17
16 21721323 3 25
16 28943297 3 33
16 30616559 17 47
16 30749163 23 53
16 56518732 18 52
16 56906332 3 34
16 66614056 6 90
16 67337158 3 22
16 67478431 3 36
16 67700071 4 33
16 70316659 68 56
16 70602966 3 29
16 70896078 9 20
16 72130289 3 35
16 81121261 4 29
16 81991631 3 21
16 83994323 4 23
17 1586885 5 70
17 1639351 3 25
17 3926086 11 24
17 4873762 31 75
17 4923880 4 30
17 6493254 3 30
17 6930320 3 31
17 7156093 3 26
17 7306379 4 32
17 10728758 3 29
17 16330054 12 23
17 17772656 3 26
17 18075034 3 29
17 18565401 5 10
17 18565413 6 8
17 27047900 4 45
17 36864089 7 22
17 37949078 11 70
17 39887800 55 32
17 42293042 12 101
17 42847391 3 28
17 45452155 4 37
17 45897626 3 31
17 46239837 5 58
17 47004458 3 34
17 48267057 3 31
17 62135189 4 21
17 72338804 35 35
17 72349699 3 34
17 76970878 7 22
17 77809186 4 32
17 78120725 6 29
17 79205428 3 26
17 79803581 4 35
18 3126829 4 31
18 19399507 13 186
18 21353512 6 9
18 22048831 11 89
18 22057560 5 27
18 23866009 59 14
18 33606970 5 49
18 59221607 4 34
18 67266711 3 21
18 67727139 3 31
19 1811677 9 18
19 2151238 3 21
19 2438283 4 37
19 4552610 4 30
19 4954461 5 47
19 5711980 4 28
19 6743264 3 31
19 7625913 3 25
19 7927364 3 13
19 12757414 3 22
19 12996891 3 24
19 13201202 38 58
19 15376262 4 21
19 15734518 3 33
19 16631781 13 18
19 30934766 3 28
19 36054532 4 25
19 36395528 4 29
19 39229137 3 20
19 39691364 51 212
19 40739545 4 31
19 40741033 29 37
19 40832303 22 26
19 40872298 5 26
19 44224120 4 35
19 46376099 4 44
19 47725137 3 34
19 48198190 3 31
19 49001598 4 35
19 49013397 4 33
19 50902150 4 26
19 51518766 58 281
19 51563021 15 21
19 53643875 25 127
19 54377552 18 75
19 55450843 5 29
19 56694579 28 57
19 57641187 39 56
20 1161561 9 80
20 3026832 4 34
20 40033767 20 117
20 40050320 15 56
20 49195155 15 36
20 57428568 4 30
20 57428789 4 32
20 61523401 6 55
20 61918925 3 34
20 62708230 4 20
21 37758385 31 36
21 38385861 5 47
21 47978259 6 15
22 21140297 17 147
22 21140328 20 154
22 23524210 3 26
22 25250988 3 32
22 26875233 3 32
22 29138159 4 26
22 31302178 6 52
22 35806777 48 105
22 36696256 40 53
22 37470716 3 32
22 37678597 3 29
22 50468869 3 28
22 50687534 7 8
