chromosome_index position alt_count ref_count
1 1653140 6 57
1 3809554 3 23
1 12309332 4 43
1 16058510 9 26
1 18021764 4 34
1 19566346 22 45
1 26629410 3 33
1 31212780 3 32
1 31409543 3 32
1 33235580 3 30
1 36381140 4 12
1 36809737 3 36
1 40226212 4 40
1 47834269 4 42
1 54649913 3 29
1 86499599 4 42
1 90399759 46 83
1 92948601 20 29
1 94506770 16 35
1 117633172 11 40
1 144823878 4 36
1 145474304 4 36
1 156647040 4 34
1 169824950 18 29
1 171810797 9 14
1 182775301 12 60
1 202163315 3 28
1 206566178 3 26
1 211924303 5 46
1 214837111 3 26
1 228511073 3 21
1 228560719 3 32
1 237167699 3 31
2 29222146 4 22
2 38302357 6 6
2 43458362 3 30
2 70315543 3 29
2 73455924 3 35
2 74328200 4 22
2 74362686 27 66
2 109100751 3 17
2 122122690 3 24
2 128526506 41 67
2 166781107 5 45
2 178977555 7 45
2 219892563 3 30
2 220422726 3 27
2 228104922 3 17
3 9517352 6 41
3 35770996 4 36
3 38316964 4 42
3 38627528 3 17
3 38913197 4 27
3 42264623 3 26
3 47452431 5 44
3 48618341 3 34
3 49662559 4 30
3 53259873 3 34
3 64084893 34 41
3 120628603 4 31
3 129294646 3 26
3 136057019 4 20
3 141331184 5 31
3 151150595 4 29
3 160232961 9 36
3 171394619 18 26
3 195492170 3 28
4 7044679 3 24
4 25806261 22 28
4 44680627 4 23
4 164058402 5 40
4 185724472 7 4
5 72151675 18 57
5 90107028 3 28
5 96430430 4 41
5 137895763 4 32
5 140041204 3 11
5 140230736 7 6
5 141974869 33 55
5 145838722 4 43
5 147286077 3 31
5 172518450 28 51
5 179757720 6 74
6 3154767 3 32
6 4037655 4 27
6 10927481 3 35
6 28227237 4 29
6 30690318 3 32
6 31630179 5 47
6 43541219 191 180
6 44390390 35 903
6 150005370 70 87
6 152201893 12 23
6 153043198 40 50
6 159655425 4 33
6 167755036 44 73
7 5086001 3 33
7 6193842 3 36
7 72988278 24 53
7 73152038 4 38
7 73249099 3 30
7 128040582 3 22
7 141365074 3 26
7 150935887 4 7
7 154738451 3 32
8 17581310 50 72
8 19218724 3 35
8 22969260 6 44
8 38123689 4 43
8 43028883 4 27
8 61178599 4 30
8 120790256 4 31
8 125326242 4 40
8 135614687 6 58
8 144459576 4 39
9 5563195 4 31
9 34372144 5 38
9 77343157 6 38
9 101894937 40 88
9 111701895 5 39
9 117120448 5 45
9 124522288 16 51
9 139621127 3 11
10 49812831 4 35
10 61829643 27 34
10 72195092 3 28
10 75558901 3 19
10 81702148 21 31
10 87966385 3 27
10 94821056 4 11
10 98945279 10 14
10 101439200 3 33
10 111878343 32 39
11 5010918 3 32
11 7722923 3 31
11 12316190 61 104
11 43418965 108 126
11 56019938 27 68
11 56143937 8 243
11 57472027 3 31
11 60540955 4 33
11 62380943 3 13
11 63283877 6 43
11 65267784 4 27
11 71929776 3 13
11 92564814 3 29
11 117985601 3 23
11 119210071 22 45
11 124180243 3 31
11 134215010 4 32
12 12302076 103 134
12 19512456 3 35
12 48888593 64 93
12 49437679 34 73
12 54757355 4 33
12 56622876 4 24
12 57113510 5 31
12 57493588 4 25
12 70704758 18 56
12 111886058 3 31
12 113402187 3 16
12 122016737 4 42
12 123950135 5 59
13 43462629 49 79
13 77459972 3 31
14 19553567 40 1008
14 21928272 22 52
14 22782934 3 22
14 24686353 3 29
14 35872504 6 114
14 50196254 22 30
14 71413684 4 38
14 75330070 3 31
14 105843143 3 35
15 25959142 14 35
15 27777965 3 54
15 43574239 3 32
15 49255030 7 72
15 68119376 3 35
15 77329441 5 47
15 79323830 4 21
15 79614643 4 25
15 81282037 30 32
15 99653920 3 15
16 1270450 5 40
16 1397331 3 30
16 1706230 3 22
16 2296959 3 35
16 4730038 3 22
16 27221910 4 32
16 29828610 3 24
16 29830999 19 80
16 30516601 4 30
16 49670868 6 41
16 67865660 4 35
16 88874555 3 27
17 4391236 3 20
17 8007510 5 47
17 8146377 3 36
17 40939371 4 35
17 42030723 3 20
17 46621093 5 57
17 47126823 3 31
17 56565509 17 16
17 61562733 3 22
17 72368139 7 36
17 72838642 3 28
17 74158077 25 32
17 76115385 28 60
17 78169447 3 23
17 79009067 4 18
17 80130670 4 34
18 21703898 3 13
18 29672796 3 17
19 5222755 3 35
19 11597672 3 17
19 14261719 3 35
19 15508332 3 28
19 17597499 3 25
19 18183068 4 32
19 18332980 4 34
19 35617832 20 277
19 36594478 3 18
19 41249984 3 24
19 41263251 4 27
19 46289911 3 32
19 48547184 3 18
19 49360707 3 18
19 54692117 4 40
19 54848915 4 29
19 55087361 4 31
19 57911026 3 34
19 58152257 5 39
19 58352623 3 34
20 3190180 4 35
20 30784402 3 30
20 35127658 4 34
20 44579218 21 174
20 50701575 35 96
20 62421455 20 32
21 28338163 3 25
21 31709825 46 88
21 32638551 37 88
21 35821909 8 48
21 46276239 5 41
21 46898249 6 52
21 47538581 5 28
21 47865319 7 15
22 17072915 5 54
22 17280836 48 59
22 24145544 9 90
22 24891325 21 23
22 24891329 24 26
22 31799189 3 47
22 37578392 9 30
22 50716686 4 37
