chromosome_index position alt_count ref_count
1 39715688 24 314
1 40723965 15 141
1 53255673 13 251
1 55224548 6 133
1 74506948 8 154
1 100614530 5 36
1 101339494 10 146
1 109299310 3 28
1 183495729 15 245
2 179606055 191 301
2 223782769 11 233
3 138433380 4 78
4 49019264 5 104
4 88967931 11 348
4 160189224 5 37
5 151784257 75 113
6 43466819 60 117
6 44122171 11 88
6 155153900 56 119
6 160679642 8 80
7 17854565 3 28
7 39729979 6 93
7 136912659 7 77
7 141464695 12 233
7 148979270 15 24
7 150768218 18 19
8 26221235 3 17
8 37795249 10 23
8 99248382 3 45
8 144940302 14 112
10 62648220 6 192
14 96180354 90 94
15 41482302 53 68
17 26499541 5 42
19 47844307 5 97
