chromosome_index position alt_count ref_count
1 93996313 87 709
2 32626436 25 166
2 48026849 72 133
2 48809124 42 133
2 54155274 40 114
3 4747945 25 75
3 50333929 10 56
3 133648638 25 57
4 55599338 14 133
5 170669748 19 160
7 4304811 7 97
7 104703808 25 195
7 123508991 21 150
7 140064288 16 166
8 105509852 32 331
9 19126446 41 47
10 21806056 4 12
10 61844468 20 144
10 70332383 37 62
10 87373227 10 102
10 90672864 5 40
10 99218609 18 166
10 102250017 16 148
11 46812057 8 122
12 1755317 51 73
12 72057209 3 46
12 112641514 61 124
14 50249093 36 117
14 74083854 16 117
17 2298498 4 12
17 43522989 26 119
17 78328142 5 29
18 29122743 30 50
19 13054741 18 167
19 38948767 14 102
20 31017716 3 30
20 33128491 11 85
21 43531009 64 209
21 43999906 10 77
22 25755835 65 48
