chromosome_index	start_position	end_position	major_cn	minor_cn	total_cn
1	61735	172699306	2	1	3
1	172699579	173160932	3	1	4
1	173162218	249224388	2	1	3
2	12784	20453600	3	2	5
2	20457779	20665400	6	2	8
2	20665721	70708196	3	2	5
2	70711607	95521769	3	1	4
2	95525593	103729269	4	2	6
2	103729321	104501154	9	2	11
2	104501285	141719239	2	1	3
2	141721142	142135393	1	0	1
2	142138062	152697463	2	1	3
2	152699268	152858379	4	2	6
2	152858521	156613131	2	1	3
2	156615872	156941274	5	2	7
2	156945308	159954892	2	1	3
2	159955575	162404253	4	2	6
2	162411997	170993448	2	1	3
2	170993752	185981977	6	1	7
2	185983183	187213179	4	1	5
2	187215941	189308101	7	1	8
2	189308284	198587963	4	1	5
2	198588950	201060300	1	0	1
2	201061962	202140249	2	0	2
2	202153846	202586028	0	0	0
2	202587244	213312627	2	0	2
2	213314899	213607801	1	0	1
2	213609065	243089456	2	0	2
3	60345	31847179	1	1	2
3	31847360	36082031	2	1	3
3	36084543	36251440	5	1	6
3	36251715	47035625	3	1	4
3	47035735	47578962	3	0	3
3	47586514	80372236	2	0	2
3	80373093	81195869	3	2	5
3	81196003	81707690	7	2	9
3	81716222	138587964	2	0	2
3	138588081	143873916	9	2	11
3	143874147	155413177	10	2	12
3	155414974	160745935	9	2	11
3	160747168	169240704	10	2	12
3	169242205	172083438	9	2	11
3	172084521	187311533	10	2	12
3	187311573	190898546	8	2	10
3	190898569	191762207	7	2	9
3	191776715	197896118	9	2	11
4	12281	22100929	2	0	2
4	22103110	22466495	1	0	1
4	22470618	49297235	2	0	2
4	49309854	53263522	2	2	4
4	53265641	53642124	4	2	6
4	53643479	54758730	9	2	11
4	54759975	55347852	5	2	7
4	55359062	56608379	9	2	11
4	56609483	121409177	2	0	2
4	121409679	123066575	2	2	4
4	123067328	153852845	2	0	2
4	153855186	154089348	4	0	4
4	154091525	154769052	2	0	2
4	154769372	154843085	5	0	5
4	154844441	191027923	2	0	2
5	15532	2016138	3	3	6
5	2017068	41740906	4	3	7
5	41742867	49432831	4	0	4
5	49441958	87430517	2	0	2
5	87433253	89129698	1	0	1
5	89130441	180790320	2	0	2
6	149661	134546205	2	1	3
6	134546685	134752108	5	1	6
6	134758480	135051407	3	1	4
6	135053168	162745580	2	1	3
6	162746266	163133445	2	0	2
6	163133567	167760685	2	1	3
6	167763298	171051005	4	1	5
7	43259	1261364	2	1	3
7	1303033	5101834	1	1	2
7	5108628	8941362	2	1	3
7	8942119	57464402	1	1	2
7	57464862	93268868	2	1	3
7	93279482	93338767	1	0	1
7	93339057	119952288	2	1	3
7	119966927	121007563	3	1	4
7	121008203	121926270	4	1	5
7	121926368	159127004	2	1	3
8	31254	34020427	3	0	3
8	34020649	37018014	2	0	2
8	37018665	38007016	2	1	3
8	38008178	51330412	2	0	2
8	51331209	51738485	7	0	7
8	51741755	51859689	10	0	10
8	51862150	63643215	4	0	4
8	63649283	66883408	29	0	29
8	66885262	67170378	14	0	14
8	67171994	67256206	3	0	3
8	67257262	84325376	3	3	6
8	84325643	105481923	2	2	4
8	105489770	107510324	2	0	2
8	107512175	107644485	3	3	6
8	107646903	108061142	11	3	14
8	108063441	108761652	17	2	19
8	108762559	110258796	15	2	17
8	110266449	111622047	3	2	5
8	111624134	112519245	13	2	15
8	112520668	114170856	3	2	5
8	114173494	115189310	11	2	13
8	115193169	119315680	5	2	7
8	119319468	120036742	11	2	13
8	120040368	121604970	5	2	7
8	121605472	128168660	2	1	3
8	128171018	128387933	13	2	15
8	128388025	130821092	9	2	11
8	130825372	131617171	4	2	6
8	131617850	146298155	2	1	3
9	46587	5420526	2	0	2
9	5421274	5722792	6	0	6
9	5728918	32470670	2	0	2
9	32480251	34945139	2	2	4
9	34950497	47217176	2	0	2
9	65616971	75127530	2	1	3
9	75127543	75922132	3	2	5
9	75924991	141091394	2	2	4
10	72759	4814268	2	1	3
10	4816137	4918108	2	2	4
10	4918182	39076221	2	1	3
10	42433540	124037599	2	0	2
10	124037723	124149583	3	0	3
10	124152273	135506704	2	0	2
11	198572	54897497	2	1	3
11	54900537	62351158	2	0	2
11	62353080	111394328	3	0	3
11	111396128	112566028	1	0	1
11	112567933	130007776	2	0	2
11	130007990	134944770	2	1	3
12	150442	40652869	2	2	4
12	40656179	40892518	17	2	19
12	40893337	40908922	9	3	12
12	40909717	41046041	5	2	7
12	41046523	41750545	3	2	5
12	41751863	133778189	2	1	3
13	19026949	115108397	3	0	3
14	19002124	81406617	2	1	3
14	81406683	107285437	3	1	4
15	20016328	102469040	1	1	2
16	60777	35283226	2	0	2
16	46463782	61616643	1	0	1
16	61620660	65929443	2	0	2
16	65930903	67245402	5	0	5
16	67254100	68473462	3	0	3
16	68474620	69977435	5	0	5
16	69988386	72015406	3	0	3
16	72019948	89099732	1	0	1
16	89101561	90287535	3	0	3
17	526	21516192	2	0	2
17	21516276	81049726	3	2	5
18	48133	74610067	2	1	3
18	74611127	78015057	1	0	1
19	90910	24374211	2	2	4
19	24374419	59097854	2	1	3
20	61305	10197578	2	2	4
20	10202209	10246174	1	0	1
20	10250255	14940687	2	2	4
20	14941455	15071192	1	0	1
20	15078343	23830432	2	2	4
20	23832776	29635466	2	1	3
20	29641265	32557172	4	2	6
20	32557842	62956153	2	0	2
21	10736871	32858421	2	1	3
21	32858421	33036023	4	1	5
21	33045808	36692596	2	1	3
21	36692845	36861256	3	1	4
21	36861286	48096957	2	1	3
22	16052528	36117917	2	1	3
22	36117985	51234455	3	0	3
