chromosome_index	start_position	end_position	major_cn	minor_cn	total_cn
1	61735	37003013	1	1	2
1	37003050	71499158	2	1	3
1	71499222	72871640	3	0	3
1	72874492	249224388	2	1	3
2	12784	243089456	1	1	2
3	60345	171018475	1	1	2
3	171019530	180652126	1	0	1
3	180655465	197896118	1	1	2
4	12281	115407911	1	1	2
4	115408225	117275858	2	0	2
4	117280184	191027923	1	1	2
5	15532	19197255	1	1	2
5	19201272	20385557	2	0	2
5	20385768	46334337	1	1	2
5	46334879	179319271	1	0	1
5	179327513	180790320	1	1	2
6	149661	171051005	1	1	2
7	43259	159127004	1	1	2
8	31254	146298155	1	1	2
9	46587	37399927	1	0	1
9	37400431	120304379	1	1	2
9	120305138	121332896	2	0	2
9	121332922	141091394	1	1	2
10	72759	749238	2	0	2
10	749816	135506704	1	1	2
11	198572	58479264	1	1	2
11	58479305	59262459	2	0	2
11	59264101	134347974	1	1	2
11	134348915	134739273	2	0	2
11	134746130	134944770	1	1	2
12	150442	133778189	1	1	2
13	19026949	81062941	1	1	2
13	81062941	81787248	2	0	2
13	81787675	82953639	1	1	2
13	82954599	84132586	2	0	2
13	84132765	114879713	1	1	2
13	114881112	115108397	2	0	2
14	19002124	107285437	1	1	2
15	20016328	72115051	1	1	2
15	72115230	73210323	2	0	2
15	73214003	102469040	1	1	2
16	60777	90287535	1	1	2
17	526	81049726	1	1	2
18	48133	78015057	1	1	2
19	90910	59097854	1	1	2
20	61305	62956153	1	1	2
21	10736871	25112038	1	1	2
21	25112107	26087742	2	0	2
21	26088577	48096957	1	1	2
22	16052528	26866585	1	1	2
22	26867018	29659467	1	0	1
22	29661341	37993126	2	0	2
22	37994292	51234455	2	1	3
