chromosome_index position alt_count ref_count
1 29189631 9 4
1 53535704 42 35
1 70504282 3 38
1 74957851 22 45
1 197115508 3 22
1 205571641 36 87
1 235506825 15 26
1 240072089 19 36
2 79253292 4 10
2 105897081 6 12
2 131797699 10 52
2 137814609 16 45
2 160605293 16 15
2 179528071 126 125
3 88041745 21 5
4 11401504 9 13
4 48494818 3 53
4 74276063 19 23
4 134111487 5 12
4 156136851 23 25
4 178256872 64 71
5 5463258 15 29
5 71519605 21 19
5 90052799 20 26
5 95242375 22 23
5 135498966 12 21
6 167570387 15 4
7 17338839 6 45
7 42000749 67 100
7 55750187 13 14
7 136699781 9 21
8 67039583 17 33
9 16419547 23 3
9 137710726 11 4
10 89505887 3 9
10 106074385 7 6
10 124516407 3 22
11 57472100 3 40
11 62490357 18 22
12 54778336 14 20
12 97041772 20 33
12 120936256 6 11
13 111522056 7 24
14 101420763 3 53
15 86311759 9 11
15 89424838 8 7
15 93008190 19 19
17 33749505 19 57
17 80790422 7 10
19 613928 20 12
19 19468226 6 4
19 38995497 3 39
19 50657879 36 48
19 51446789 15 16
19 52222503 12 11
19 55019357 25 20
20 57769548 13 18
20 61512147 8 13
21 10941922 10 93
21 43857670 15 16
22 25115326 8 37
