chromosome_index position alt_count ref_count
1 12343667 8 18
1 22155978 13 68
1 25818055 5 12
1 41284244 7 18
1 46733162 12 28
1 52705160 8 18
1 154987327 18 96
1 175937547 15 72
1 183083817 13 29
1 201184798 19 49
1 211956657 19 91
1 213062567 6 23
1 237711773 7 70
1 240374509 7 25
2 153533253 28 137
2 190436495 31 20
2 204599853 5 34
2 220439655 17 82
2 233408047 16 87
3 11302160 5 98
3 14106284 36 18
3 15303765 6 29
3 50339524 24 64
3 56653464 8 38
3 56789046 13 56
3 122168506 16 47
3 160150165 13 93
3 178916923 46 19
3 182989597 13 211
3 186509582 8 179
3 187447253 22 261
4 13604345 22 46
4 52889718 6 19
4 62936663 9 28
5 7878284 9 62
5 14394210 5 85
5 31521317 25 31
5 113740160 14 35
5 131324516 14 20
5 140011757 12 75
5 140236036 36 58
5 148629392 8 22
5 156590335 43 45
5 159665644 19 29
5 177656977 6 48
6 532479 9 45
6 11185738 9 91
6 13615599 16 85
6 28542564 5 89
6 32030143 25 161
6 32156109 24 128
6 163990783 3 28
7 2984084 17 18
7 30795392 44 67
7 32919260 3 35
7 44807860 11 134
7 66304895 42 71
8 42023096 11 120
8 42196030 29 107
8 93898631 4 27
8 144942014 25 138
9 16429968 13 38
9 35059510 7 15
9 139342885 8 26
10 17362899 18 76
10 17451414 5 17
10 24832440 3 50
10 45799748 7 38
10 46135283 5 58
10 70507234 8 52
10 82045275 6 52
10 99133637 4 20
10 115804283 33 102
10 133955481 21 89
11 4967619 10 138
11 5536346 4 22
11 18303698 3 28
11 55339980 19 90
11 60102457 9 107
11 61291928 6 53
11 62569687 21 15
11 65638750 26 74
11 71718408 12 35
11 71718409 13 35
11 94279551 6 28
11 95826151 6 80
11 117079735 25 101
11 122929165 7 78
12 3049953 4 15
12 5021221 35 63
12 7917894 13 37
12 52316684 16 30
12 56333251 29 37
12 56478854 99 65
12 56990686 6 18
12 81239538 10 30
13 72204835 10 65
14 45515803 11 70
14 47315053 7 52
14 68238805 11 58
14 74759022 6 37
14 96778466 26 28
15 34549862 6 31
15 44876148 19 20
15 74241805 13 46
15 99653893 12 81
16 847988 10 20
16 11984962 7 16
16 21209100 21 31
17 7230835 23 43
17 7577111 52 12
17 60758163 29 8
17 80013054 3 45
18 204623 4 49
18 7049108 13 71
18 14184021 12 298
19 805504 8 46
19 5866751 21 65
19 12903692 25 109
19 17000477 6 53
19 22156498 11 33
19 38379585 14 133
19 40433370 17 20
19 43382138 22 247
19 45389447 11 41
19 45901587 9 25
19 49464071 27 36
19 52693427 64 53
19 52716081 45 110
19 52716318 4 42
19 54313654 9 55
19 57036123 22 16
19 57324848 4 35
20 33065615 10 44
20 39750722 58 50
20 44515491 29 94
21 37785325 6 55
21 43161834 6 61
21 47540456 14 8
22 29886267 7 8
22 32110532 5 28
22 34157380 10 33
22 35806853 4 48
