chromosome_index position alt_count ref_count
1 1560565 17 17
1 32133217 37 38
1 33150122 5 9
1 46775949 30 32
1 85742039 43 44
1 150676669 77 206
1 153333425 55 60
1 154987493 36 81
1 202097337 53 45
1 203678666 81 96
1 205764544 46 178
1 215914870 29 74
1 223842099 129 74
2 5841200 55 68
2 20884664 27 37
2 39006178 65 70
2 114500441 17 32
2 178098804 27 21
2 196573489 17 91
2 203996824 101 120
2 211465358 59 59
3 37670934 18 15
3 41266097 50 70
3 127336848 16 16
3 128987352 30 37
3 165548042 72 101
3 194409683 18 14
4 54256024 36 51
4 80328951 60 64
4 85663028 89 119
4 145567951 77 80
5 1221377 14 36
5 19473502 49 112
5 26881347 57 84
5 26881348 58 85
5 33984462 4 76
5 139507500 38 60
5 145610267 48 100
5 164028348 7 19
6 17628999 85 33
6 38754613 57 188
6 44081735 32 146
6 96034647 54 9
6 146480653 35 2
6 160188168 48 5
6 168319445 41 3
7 11416274 37 19
7 56147312 44 75
7 96318082 10 15
7 103214576 48 63
7 105183036 61 69
7 127222825 39 43
7 134849312 11 86
8 11301674 17 5
8 12886082 5 19
8 27315938 38 9
8 55055240 26 308
8 103291424 74 265
8 144895190 161 58
9 34725141 12 91
9 34834203 48 113
9 35853536 17 26
9 74863296 39 41
9 75407157 53 76
9 77681717 51 67
9 113703757 42 37
10 15255031 37 21
10 82277760 39 48
10 95351737 10 40
10 97772324 44 64
10 97919225 45 54
11 17650787 23 21
11 17758086 28 37
11 56237301 77 100
11 60184358 47 49
11 86267694 21 42
11 92533328 48 27
11 108385423 31 39
11 119025597 21 49
12 6574038 21 28
12 14948022 22 20
12 27933349 29 30
12 66731799 36 31
12 67705572 59 58
12 93966549 25 16
12 116444191 43 50
12 122247901 34 25
12 123186897 48 145
12 123200351 11 40
14 65008434 18 17
14 74988710 14 70
14 86089396 46 65
14 101531693 55 49
15 28441502 103 124
15 40648356 66 69
15 42446415 9 55
16 2855034 46 46
16 30744975 36 54
16 31341476 25 38
16 67579380 49 55
16 68289848 33 44
17 3664407 16 11
17 4080548 64 63
17 34264842 44 46
17 34945708 34 69
17 39036074 24 31
17 39593759 76 102
17 40575009 41 59
17 79862774 23 31
17 79862775 23 32
17 80789233 28 28
19 1470354 5 9
19 9056223 25 40
19 11505045 37 33
19 17691643 26 26
19 41631455 44 146
19 42880311 18 33
19 45575426 39 40
19 51563812 7 114
19 57027696 59 60
19 58489957 49 57
20 30064277 55 76
20 44402999 24 21
20 44678266 17 24
20 61948009 5 33
21 35751763 36 44
22 29196386 50 21
