chromosome_index position alt_count ref_count
1 23763700 67 120
1 47048993 17 30
1 47075833 32 40
1 48713094 52 65
1 108679374 69 74
1 145354337 7 35
1 152080354 72 41
1 153740305 18 43
1 154942683 187 122
1 155015937 54 108
1 155023871 47 44
1 183190045 81 218
1 216019200 71 169
1 228346869 194 486
1 228347469 12 124
1 235605132 36 80
2 5840844 60 89
2 15737583 75 124
2 36749317 79 116
2 39239378 7 93
2 48027295 61 88
2 61391910 5 5
2 90044223 154 227
2 90044224 156 228
2 97637903 144 203
2 99217050 11 15
2 112601156 52 83
2 163139081 34 46
2 169952088 120 188
2 179639038 63 61
2 187627077 97 98
2 234669658 59 91
2 234669659 60 92
2 237489983 23 38
2 238271932 117 166
3 4747976 36 56
3 10157342 74 81
3 41266124 119 85
3 41266165 111 85
3 45872441 36 102
3 50396097 129 85
3 52724657 58 129
3 57447341 24 89
3 64608126 50 76
3 101052005 6 9
3 112357332 53 68
3 125833489 25 33
3 133648043 47 55
4 4426917 4 82
4 8307982 6 14
4 10079384 59 94
4 55139876 4 40
4 74275115 95 126
4 81124806 6 10
4 120079231 65 87
4 187524333 50 79
5 35086436 34 75
5 49699226 70 176
5 70308645 87 57
5 83680288 69 48
5 98229231 27 418
5 99922152 8 20
5 135651445 13 154
5 140480412 59 188
5 143539947 72 49
5 172661932 124 83
6 5109701 50 322
6 26217396 286 88
6 32847073 57 42
6 43222808 50 251
6 83819950 60 20
6 99284456 6 28
7 22179655 107 300
7 40133994 37 106
7 51095425 28 118
7 77789458 54 119
7 92210842 37 83
7 92734707 45 117
7 100370952 29 80
7 122338044 67 181
7 127892214 37 88
7 135612931 7 155
7 150695672 42 89
7 158718939 71 165
8 79514160 7 47
8 87683234 162 67
9 20363312 7 4
9 37708463 32 46
9 43816712 132 583
9 97367847 25 52
9 113205798 36 47
9 141008886 45 56
10 99219816 52 82
10 127456123 43 69
10 128835982 34 50
10 129914021 29 28
11 721563 109 123
11 30953494 24 34
11 56310580 63 67
11 56468039 13 41
11 63257813 20 35
11 65790380 35 49
11 77320592 6 5
11 77320602 5 3
11 85373569 16 28
11 85722082 36 49
11 86086183 16 30
11 103026197 42 59
11 103156996 25 41
11 113142501 31 33
12 1755095 13 27
12 6859471 22 26
12 6859472 21 27
12 9004828 7 86
12 54969802 21 34
12 56720131 43 66
12 59307787 20 43
12 71978147 44 74
12 121448715 51 86
12 122656863 4 29
13 25255721 13 230
13 32348772 28 42
13 70314528 31 16
14 22005097 48 56
14 60212848 24 78
14 79454468 25 39
14 93301968 30 42
15 20649523 4 17
15 22368845 50 115
15 22369093 63 142
15 29346270 101 107
15 30010667 65 82
15 40675151 40 59
15 44876651 45 40
15 45404147 83 94
15 79277244 11 11
15 91181991 38 48
16 2507153 5 26
16 3647563 47 54
16 19132550 44 77
16 28986482 16 19
16 29826044 9 6
16 68894026 45 62
16 69752318 41 46
16 70190675 21 124
16 74752917 28 45
16 84328534 15 21
17 7324364 50 49
17 34803368 9 64
17 48435884 30 56
17 48435895 25 54
17 48457826 32 47
17 57351222 13 23
17 72838940 19 24
17 80529707 47 91
18 9886755 11 141
18 21053404 123 154
18 32418754 52 77
18 32834231 44 63
19 4910899 61 82
19 5456638 42 59
19 6213406 27 40
19 9083038 88 105
19 35231867 182 214
19 41725279 124 166
19 46812565 40 61
19 49166509 4 6
19 54822602 9 75
20 2635441 27 42
20 31189358 29 34
21 11026795 22 284
21 41034557 55 71
21 45107430 15 13
21 45707002 36 97
22 20132876 40 66
22 24036434 19 20
22 25155853 33 33
22 39817945 47 62
22 44893467 57 60
