chromosome_index	start_position	end_position	major_cn	minor_cn	total_cn
1	61735	121482979	1	0	1
1	144007049	249224388	2	0	2
2	12784	243089456	1	1	2
3	60345	6507290	1	1	2
3	6509992	168230474	1	0	1
3	168231380	169531087	2	2	4
3	169535266	197896118	1	0	1
4	12281	49052222	1	1	2
4	49052245	191027923	1	0	1
5	15532	180790320	1	1	2
6	149661	171051005	1	1	2
7	43259	159127004	1	1	2
8	31254	46863535	2	0	2
8	46912027	65947328	2	2	4
8	65950522	68388338	3	3	6
8	68391295	79887153	2	2	4
8	79887368	81626942	3	3	6
8	81628005	96684916	2	2	4
8	96692682	98230839	3	3	6
8	98231744	123179252	2	2	4
8	123179784	124723379	3	3	6
8	124723631	129121338	2	2	4
8	129124702	140675037	3	3	6
8	140678419	142604964	5	2	7
8	142607549	146298155	3	3	6
9	46587	34129839	1	0	1
9	34130176	37381688	1	1	2
9	37382099	47217176	1	0	1
9	65616971	77994700	2	1	3
9	77996166	141091394	1	1	2
10	72759	135506704	1	1	2
11	198572	43290703	2	1	3
11	43291220	50520259	1	1	2
11	50523890	88472070	2	1	3
11	88475777	134944770	1	0	1
12	150442	133778189	1	1	2
13	19026949	115108397	1	1	2
14	19002124	107285437	1	1	2
15	20016328	102469040	1	1	2
16	60777	90287535	1	1	2
17	526	21431805	1	0	1
17	21431819	81049726	1	1	2
18	48133	78015057	1	1	2
19	90910	17771013	1	0	1
19	17771202	36523990	1	1	2
19	36524282	43448695	2	1	3
19	43450510	44495235	1	0	1
19	44499152	46980893	2	2	4
19	46982481	48549365	1	0	1
19	48549948	51436832	1	1	2
19	51436869	59097854	1	0	1
20	61305	62956153	1	1	2
21	10736871	28839569	1	1	2
21	28840296	48096957	1	0	1
22	16052528	20978391	1	0	1
22	20978497	21928641	4	1	5
22	21928916	51234455	1	0	1
