chromosome_index	position	alt_count	ref_count
1	1067244	20.0	33.0
1	3624240	19.0	18.0
1	5777672	14.0	15.0
1	7831418	18.0	15.0
1	8916911	17.0	29.0
1	10154325	12.0	15.0
1	10445135	10.0	13.0
1	15931216	4.0	35.0
1	19915985	13.0	13.0
1	21899388	14.0	11.0
1	28394179	10.0	27.0
1	29452379	15.0	20.0
1	30048610	17.0	19.0
1	32705857	21.0	10.0
1	38343805	14.0	24.0
1	40927404	14.0	12.0
1	42973168	18.0	21.0
1	43351820	15.0	8.0
1	45195245	4.0	35.0
1	45757854	20.0	15.0
1	47855367	4.0	30.0
1	48944823	5.0	25.0
1	49417417	17.0	10.0
1	51501771	16.0	22.0
1	54842491	3.0	29.0
1	55130172	16.0	16.0
1	59098561	18.0	25.0
1	59192953	18.0	19.0
1	64441177	11.0	21.0
1	66641602	23.0	20.0
1	70129077	3.0	23.0
1	70209932	12.0	19.0
1	74426449	7.0	19.0
1	75590465	18.0	22.0
1	76151220	16.0	16.0
1	77001694	4.0	29.0
1	78120659	19.0	25.0
1	80490033	14.0	14.0
1	80978953	12.0	17.0
1	81017564	4.0	22.0
1	83063082	13.0	12.0
1	84104732	4.0	31.0
1	85994452	16.0	31.0
1	86183516	10.0	6.0
1	87716240	13.0	17.0
1	96510648	24.0	13.0
1	96639501	8.0	20.0
1	96933896	13.0	22.0
1	99885714	12.0	22.0
1	101317860	6.0	26.0
1	101562026	15.0	11.0
1	103333148	10.0	12.0
1	104376241	16.0	10.0
1	105407450	11.0	14.0
1	107124230	13.0	19.0
1	107360121	16.0	14.0
1	107522385	9.0	15.0
1	109788889	18.0	21.0
1	112868081	12.0	17.0
1	114012555	8.0	17.0
1	116877882	18.0	23.0
1	145216211	17.0	62.0
1	147157059	9.0	16.0
1	149186903	11.0	16.0
1	153061396	13.0	13.0
1	155864859	4.0	10.0
1	156920897	15.0	16.0
1	157411229	22.0	23.0
1	158081045	7.0	21.0
1	158361315	15.0	24.0
1	159378376	13.0	16.0
1	161394791	6.0	24.0
1	162061831	13.0	19.0
1	165156057	4.0	41.0
1	166801386	22.0	13.0
1	167991187	10.0	13.0
1	169267178	17.0	16.0
1	171392602	5.0	21.0
1	172876746	15.0	12.0
1	176381668	17.0	21.0
1	181438247	3.0	36.0
1	184164707	17.0	17.0
1	184834576	15.0	18.0
1	189127584	9.0	8.0
1	189878912	16.0	18.0
1	197848625	14.0	15.0
1	198398528	11.0	16.0
1	198582764	10.0	17.0
1	199927695	13.0	14.0
1	202966542	3.0	27.0
1	215740951	8.0	18.0
1	217298060	14.0	12.0
1	219537046	20.0	14.0
1	222818841	11.0	18.0
1	226446053	12.0	16.0
1	226544681	25.0	25.0
1	228214463	25.0	32.0
1	229564534	11.0	10.0
1	231742485	23.0	18.0
1	232890958	15.0	36.0
1	239281050	18.0	14.0
1	239309327	6.0	13.0
1	240060892	16.0	22.0
1	241679655	3.0	29.0
1	244361333	13.0	15.0
1	246947112	18.0	18.0
10	1371947	3.0	24.0
10	1795800	10.0	13.0
10	3480193	13.0	17.0
10	7316832	3.0	19.0
10	7518647	4.0	10.0
10	10247450	4.0	37.0
10	10424564	20.0	16.0
10	10477420	5.0	28.0
10	14201300	14.0	19.0
10	15299712	5.0	34.0
10	22930906	5.0	38.0
10	23247644	12.0	27.0
10	23669396	16.0	12.0
10	39034920	18.0	17.0
10	42443570	22.0	16.0
10	43487822	14.0	15.0
10	48538801	22.0	19.0
10	52064490	9.0	13.0
10	54286899	3.0	28.0
10	56125671	13.0	26.0
10	57595316	11.0	13.0
10	57806843	14.0	11.0
10	58418432	8.0	14.0
10	59798740	3.0	31.0
10	59947681	14.0	18.0
10	60072180	13.0	27.0
10	63417708	8.0	16.0
10	64396844	14.0	24.0
10	66334527	13.0	19.0
10	69378127	19.0	11.0
10	71074997	3.0	36.0
10	76541216	17.0	23.0
10	78341558	15.0	19.0
10	81918576	8.0	21.0
10	81963453	13.0	20.0
10	84811258	4.0	23.0
10	88911225	6.0	12.0
10	92095834	8.0	14.0
10	92483976	16.0	19.0
10	97883715	8.0	17.0
10	100866800	14.0	19.0
10	103191678	17.0	16.0
10	103198625	9.0	18.0
10	103395736	18.0	16.0
10	104116091	13.0	22.0
10	106332936	19.0	20.0
10	106401021	19.0	17.0
10	107876461	10.0	13.0
10	107903735	4.0	30.0
10	110751222	3.0	29.0
10	111445030	5.0	31.0
10	115700454	9.0	27.0
10	117633239	17.0	14.0
10	117788924	28.0	7.0
10	117953755	3.0	22.0
10	120137545	14.0	10.0
10	121440953	12.0	15.0
10	124409215	10.0	22.0
10	124601243	16.0	16.0
10	125210730	19.0	24.0
10	125629466	15.0	13.0
10	126788647	7.0	25.0
10	127495140	17.0	23.0
10	129420239	14.0	14.0
10	129979719	4.0	44.0
11	2017531	4.0	33.0
11	5892917	4.0	17.0
11	7289721	9.0	16.0
11	8077785	3.0	38.0
11	10064766	14.0	16.0
11	11482205	6.0	38.0
11	12329204	17.0	10.0
11	14969112	7.0	14.0
11	16386204	17.0	14.0
11	18141421	12.0	16.0
11	18990808	26.0	21.0
11	21440191	4.0	33.0
11	32183061	12.0	18.0
11	42311361	10.0	18.0
11	42347632	17.0	17.0
11	42364626	15.0	15.0
11	42386632	16.0	19.0
11	42859046	14.0	23.0
11	43831739	9.0	17.0
11	44028689	21.0	13.0
11	45088095	11.0	16.0
11	45621346	16.0	15.0
11	49560655	5.0	28.0
11	49805799	10.0	20.0
11	50602647	6.0	29.0
11	51552640	14.0	14.0
11	54854820	14.0	15.0
11	57894122	21.0	21.0
11	59821559	9.0	22.0
11	60632428	10.0	23.0
11	64372644	19.0	22.0
11	65033660	14.0	21.0
11	69303360	25.0	27.0
11	70098996	19.0	22.0
11	72489251	11.0	21.0
11	73767724	12.0	15.0
11	74266125	13.0	15.0
11	74388237	9.0	13.0
11	77569938	16.0	18.0
11	80510708	19.0	14.0
11	81592647	14.0	14.0
11	83943278	8.0	24.0
11	85697882	15.0	14.0
11	87192596	8.0	11.0
11	87288595	14.0	15.0
11	87980092	11.0	13.0
11	88666838	3.0	24.0
11	88719791	12.0	13.0
11	91486274	11.0	20.0
11	92768863	23.0	13.0
11	93229420	12.0	18.0
11	98043480	6.0	18.0
11	101754877	10.0	12.0
11	105137044	9.0	17.0
11	107960444	16.0	14.0
11	109105830	12.0	19.0
11	113923262	9.0	24.0
11	120728963	19.0	25.0
11	123945708	10.0	25.0
11	128523955	14.0	19.0
11	129227027	10.0	15.0
11	130966047	5.0	26.0
12	6708457	11.0	19.0
12	7135741	18.0	14.0
12	12867327	19.0	27.0
12	13264541	21.0	18.0
12	13913635	3.0	16.0
12	15248076	7.0	23.0
12	15295535	12.0	16.0
12	17266280	9.0	23.0
12	17300881	3.0	22.0
12	17395374	9.0	14.0
12	21270105	11.0	14.0
12	22506897	7.0	34.0
12	23502739	4.0	43.0
12	24710538	10.0	11.0
12	29313127	3.0	36.0
12	30551226	15.0	16.0
12	30945097	8.0	21.0
12	30963750	12.0	13.0
12	34413273	12.0	26.0
12	38284256	3.0	7.0
12	42411162	21.0	22.0
12	43416337	12.0	13.0
12	47765245	14.0	21.0
12	51842080	4.0	26.0
12	53578258	13.0	28.0
12	55604529	19.0	16.0
12	59045666	18.0	24.0
12	64312520	14.0	18.0
12	69904423	3.0	24.0
12	73158858	9.0	14.0
12	82322743	12.0	14.0
12	84560033	13.0	15.0
12	87110666	10.0	11.0
12	88259499	13.0	25.0
12	90795079	7.0	18.0
12	90860171	10.0	15.0
12	92055821	20.0	14.0
12	93682478	11.0	21.0
12	95509878	12.0	20.0
12	103847415	12.0	16.0
12	106875752	6.0	30.0
12	106944965	19.0	27.0
12	114078277	18.0	17.0
12	117481932	12.0	16.0
12	117766591	5.0	36.0
12	120224958	12.0	19.0
12	121759424	11.0	14.0
12	123942024	7.0	7.0
12	124289920	15.0	19.0
12	124998308	22.0	15.0
12	125675094	4.0	18.0
12	126178365	13.0	12.0
12	126613471	19.0	21.0
12	126945508	10.0	16.0
12	128110676	7.0	14.0
12	128240898	16.0	21.0
12	129176957	17.0	22.0
12	129779131	20.0	13.0
12	130917299	4.0	26.0
13	19625500	3.0	40.0
13	22427497	10.0	21.0
13	27443462	24.0	18.0
13	29833292	19.0	20.0
13	32178065	10.0	11.0
13	32180903	17.0	20.0
13	32705373	3.0	17.0
13	38070754	19.0	21.0
13	39549453	10.0	6.0
13	40110971	3.0	36.0
13	41876564	11.0	18.0
13	42473900	6.0	28.0
13	42784378	22.0	10.0
13	47839498	13.0	14.0
13	47994335	19.0	15.0
13	49204771	18.0	19.0
13	52761477	7.0	24.0
13	53803053	17.0	20.0
13	55047246	6.0	6.0
13	56582152	4.0	26.0
13	56893570	19.0	14.0
13	57459174	5.0	5.0
13	57754030	17.0	21.0
13	57776705	15.0	23.0
13	57818082	3.0	30.0
13	57941562	11.0	14.0
13	58158184	14.0	15.0
13	58660783	9.0	17.0
13	58850789	10.0	7.0
13	59120776	14.0	23.0
13	59432379	4.0	38.0
13	61135925	6.0	24.0
13	61464653	3.0	24.0
13	62753041	17.0	14.0
13	62753043	18.0	14.0
13	62860049	15.0	15.0
13	65770735	8.0	13.0
13	68458096	4.0	32.0
13	69154932	14.0	11.0
13	69219106	5.0	27.0
13	69733225	16.0	13.0
13	70043939	7.0	6.0
13	71021250	15.0	14.0
13	72434610	9.0	9.0
13	73239511	16.0	11.0
13	73434584	16.0	15.0
13	77740543	4.0	25.0
13	78742972	3.0	44.0
13	79069826	11.0	16.0
13	79468278	9.0	20.0
13	81615804	14.0	21.0
13	84423786	12.0	12.0
13	85340076	3.0	14.0
13	87139595	8.0	15.0
13	91076282	7.0	27.0
13	93121749	8.0	16.0
13	93283899	12.0	13.0
13	94421564	13.0	31.0
13	95714474	21.0	19.0
13	100118119	10.0	13.0
13	107503438	16.0	19.0
13	108018138	18.0	16.0
13	109057601	3.0	32.0
13	112312413	19.0	22.0
13	113712782	21.0	18.0
14	22087849	6.0	18.0
14	23957515	17.0	20.0
14	25714698	19.0	19.0
14	25911605	6.0	11.0
14	29017142	1.0	23.0
14	30676465	10.0	13.0
14	34282090	20.0	19.0
14	41775665	17.0	18.0
14	41899675	21.0	9.0
14	42238254	15.0	17.0
14	42366109	3.0	17.0
14	43004612	15.0	22.0
14	47561787	14.0	16.0
14	47651443	3.0	33.0
14	48107489	4.0	30.0
14	49846941	17.0	19.0
14	50339707	12.0	18.0
14	51154244	14.0	15.0
14	51364813	3.0	31.0
14	56236974	16.0	22.0
14	60403868	3.0	25.0
14	60838148	10.0	9.0
14	66237915	3.0	29.0
14	74514868	10.0	17.0
14	75046520	20.0	16.0
14	76828633	13.0	23.0
14	83193185	12.0	14.0
14	84978522	15.0	17.0
14	86850973	11.0	11.0
14	86951272	11.0	22.0
14	87469805	12.0	17.0
14	88720078	10.0	13.0
14	91139858	16.0	21.0
14	97761730	10.0	20.0
14	102024090	14.0	19.0
14	104234114	19.0	10.0
15	20624390	8.0	24.0
15	24562781	13.0	15.0
15	28026434	10.0	19.0
15	34479355	16.0	16.0
15	39050257	7.0	25.0
15	43725816	15.0	16.0
15	46435912	15.0	22.0
15	46818526	21.0	24.0
15	52088109	10.0	6.0
15	55750094	17.0	13.0
15	57873801	20.0	16.0
15	62036348	15.0	24.0
15	64272391	12.0	17.0
15	68226411	23.0	18.0
15	69131898	16.0	17.0
15	69349008	16.0	21.0
15	70471675	17.0	15.0
15	73954604	13.0	9.0
15	74064132	21.0	24.0
15	76818918	2.0	15.0
15	79978704	9.0	14.0
15	80142963	3.0	22.0
15	81415874	15.0	13.0
15	86801913	3.0	34.0
15	88322254	18.0	16.0
15	89045945	4.0	20.0
15	91647250	7.0	30.0
15	93057059	4.0	31.0
15	95453147	21.0	15.0
15	95968077	11.0	14.0
15	97729000	3.0	24.0
15	100456269	3.0	40.0
16	1727952	19.0	22.0
16	1947243	9.0	26.0
16	2827841	17.0	23.0
16	5928284	4.0	34.0
16	6649597	12.0	23.0
16	8238277	5.0	27.0
16	11550597	3.0	21.0
16	13411706	23.0	22.0
16	17633628	16.0	22.0
16	20088727	13.0	20.0
16	20881171	14.0	18.0
16	21018181	14.0	20.0
16	24264880	10.0	15.0
16	24453769	14.0	12.0
16	28111836	13.0	14.0
16	31190011	16.0	23.0
16	32499935	13.0	66.0
16	46621667	9.0	13.0
16	50536087	15.0	21.0
16	52970756	7.0	10.0
16	54596621	15.0	18.0
16	55852168	17.0	24.0
16	56917246	18.0	11.0
16	59982763	11.0	13.0
16	60544139	6.0	17.0
16	60907425	13.0	16.0
16	61995633	13.0	11.0
16	62246255	8.0	22.0
16	63984445	8.0	17.0
16	64283502	3.0	24.0
16	65326592	3.0	22.0
16	67021538	20.0	20.0
16	71538143	10.0	19.0
16	73345644	7.0	20.0
16	74310963	13.0	16.0
16	74390925	14.0	19.0
16	82697227	14.0	13.0
16	84292108	21.0	25.0
16	86509729	15.0	15.0
16	90101013	8.0	12.0
17	5021015	20.0	21.0
17	6346553	8.0	16.0
17	8058167	14.0	20.0
17	10243388	4.0	29.0
17	10319050	17.0	18.0
17	14975467	17.0	26.0
17	16758552	10.0	19.0
17	17299328	9.0	20.0
17	25413504	11.0	17.0
17	25606023	3.0	12.0
17	29234303	19.0	13.0
17	32057217	11.0	17.0
17	32232603	14.0	18.0
17	32403108	9.0	7.0
17	43448752	16.0	21.0
17	44006706	16.0	17.0
17	47665535	18.0	20.0
17	49402072	11.0	21.0
17	49451150	4.0	25.0
17	50442879	8.0	8.0
17	50666017	13.0	16.0
17	52931572	5.0	26.0
17	55074116	9.0	16.0
17	55745973	4.0	33.0
17	56879094	13.0	13.0
17	57492962	6.0	30.0
17	57578609	13.0	22.0
17	58140794	19.0	19.0
17	58568813	16.0	17.0
17	68049151	21.0	15.0
17	69736988	18.0	11.0
17	69869619	17.0	17.0
17	73775830	13.0	15.0
17	75138511	8.0	11.0
17	75631077	13.0	26.0
17	78431363	19.0	21.0
18	863147	12.0	17.0
18	1478261	3.0	7.0
18	2295082	11.0	20.0
18	4222548	5.0	30.0
18	4259180	20.0	23.0
18	5903097	6.0	13.0
18	9823941	3.0	27.0
18	19064739	11.0	12.0
18	19656283	22.0	20.0
18	21759529	4.0	24.0
18	22530744	11.0	13.0
18	25000181	6.0	26.0
18	25799150	13.0	15.0
18	26181112	20.0	12.0
18	26196494	8.0	17.0
18	26744416	14.0	14.0
18	27221874	11.0	10.0
18	27520539	17.0	14.0
18	28412019	15.0	13.0
18	35216987	13.0	19.0
18	35472196	21.0	18.0
18	40369797	3.0	21.0
18	40852261	17.0	12.0
18	43940178	15.0	36.0
18	44361191	22.0	23.0
18	47634084	8.0	22.0
18	52422375	14.0	10.0
18	52558294	12.0	14.0
18	53743050	4.0	37.0
18	57559439	6.0	6.0
18	58499433	19.0	17.0
18	60662739	5.0	25.0
18	60675271	10.0	23.0
18	62372417	13.0	13.0
18	63518005	9.0	20.0
18	68577286	8.0	17.0
18	69581125	10.0	12.0
18	70648218	5.0	15.0
18	72048405	14.0	10.0
18	73751052	3.0	29.0
19	547312	7.0	14.0
19	6107539	7.0	14.0
19	6239080	10.0	10.0
19	7982224	19.0	23.0
19	22086271	23.0	14.0
19	23066710	15.0	13.0
19	34979961	12.0	16.0
19	39380176	20.0	20.0
19	41585454	4.0	28.0
19	42850875	19.0	13.0
19	43620277	3.0	31.0
19	44962720	13.0	19.0
19	46509154	9.0	22.0
19	47425832	10.0	18.0
19	54088074	10.0	17.0
19	55811516	14.0	22.0
19	56247681	4.0	27.0
19	58430054	9.0	11.0
2	8977300	10.0	12.0
2	12341844	9.0	13.0
2	14024788	11.0	22.0
2	18730467	17.0	18.0
2	22987978	13.0	12.0
2	28747390	11.0	16.0
2	29504351	25.0	16.0
2	35027122	4.0	28.0
2	35241010	9.0	21.0
2	39429640	3.0	32.0
2	41010837	10.0	11.0
2	42470468	12.0	24.0
2	44706803	15.0	20.0
2	45164048	3.0	33.0
2	47164843	15.0	18.0
2	47933208	24.0	17.0
2	49503127	11.0	14.0
2	54481597	4.0	29.0
2	56341016	11.0	10.0
2	58747432	19.0	9.0
2	65099044	14.0	20.0
2	69009268	21.0	17.0
2	70517508	3.0	25.0
2	72880333	9.0	15.0
2	77018361	12.0	15.0
2	78643423	13.0	20.0
2	78755027	16.0	19.0
2	79271267	7.0	19.0
2	82594161	19.0	23.0
2	82762347	15.0	9.0
2	86717975	18.0	9.0
2	98837190	15.0	15.0
2	99715568	6.0	13.0
2	103162835	3.0	39.0
2	104919796	22.0	11.0
2	105263527	3.0	28.0
2	124893545	21.0	12.0
2	126249973	13.0	18.0
2	126355724	13.0	11.0
2	127328420	6.0	25.0
2	127395104	21.0	24.0
2	130272158	13.0	14.0
2	133094053	14.0	12.0
2	133838966	11.0	14.0
2	135161534	3.0	36.0
2	135616650	1.0	30.0
2	137315329	3.0	37.0
2	140525582	9.0	23.0
2	142011360	3.0	32.0
2	146989969	3.0	32.0
2	147283434	3.0	28.0
2	152135103	9.0	15.0
2	152362293	16.0	27.0
2	154176172	15.0	22.0
2	156545791	8.0	13.0
2	156601853	14.0	13.0
2	158212822	23.0	19.0
2	161319363	19.0	18.0
2	164543553	9.0	17.0
2	165274196	4.0	23.0
2	170388396	19.0	14.0
2	172236888	18.0	22.0
2	173939421	2.0	8.0
2	175042392	17.0	14.0
2	175833621	12.0	14.0
2	177176189	17.0	18.0
2	177459604	12.0	21.0
2	177723181	3.0	28.0
2	177953975	3.0	32.0
2	178964542	15.0	12.0
2	184222774	18.0	21.0
2	185671219	9.0	12.0
2	187512259	18.0	14.0
2	189090733	21.0	16.0
2	190129652	13.0	13.0
2	193139177	10.0	14.0
2	193510137	4.0	31.0
2	194185053	5.0	18.0
2	194785514	19.0	20.0
2	194841532	17.0	15.0
2	200421813	14.0	25.0
2	207849556	10.0	14.0
2	208283044	15.0	19.0
2	208378945	11.0	25.0
2	214789554	6.0	14.0
2	214882037	4.0	28.0
2	219816214	10.0	15.0
2	221093119	3.0	13.0
2	222312674	8.0	14.0
2	226455457	16.0	13.0
2	228351498	12.0	17.0
2	229337247	17.0	18.0
2	234939199	13.0	17.0
2	237289134	15.0	10.0
2	239004869	4.0	31.0
2	241028412	3.0	37.0
2	241330599	20.0	20.0
20	1719306	9.0	14.0
20	1719311	10.0	14.0
20	4956672	7.0	11.0
20	14687756	19.0	14.0
20	19403649	10.0	14.0
20	19436630	12.0	16.0
20	19436631	12.0	16.0
20	21217710	4.0	13.0
20	32341114	13.0	17.0
20	39353127	13.0	15.0
20	43122939	17.0	15.0
20	45164005	10.0	19.0
20	47508405	13.0	18.0
20	49588911	12.0	19.0
20	53801597	6.0	12.0
20	53999571	8.0	14.0
20	57190489	15.0	16.0
20	57289926	12.0	20.0
20	59817817	8.0	16.0
20	62268667	19.0	17.0
21	10921625	18.0	83.0
21	14406935	8.0	19.0
21	14432779	15.0	37.0
21	18473559	17.0	17.0
21	18492260	14.0	26.0
21	19667664	17.0	27.0
21	19795752	6.0	8.0
21	19959943	15.0	14.0
21	20116266	15.0	19.0
21	20208963	17.0	11.0
21	20940228	14.0	9.0
21	20983976	12.0	11.0
21	21527076	11.0	7.0
21	21918970	2.0	12.0
21	21991637	15.0	20.0
21	22330996	14.0	18.0
21	23889140	20.0	20.0
21	24246586	3.0	27.0
21	26031997	15.0	23.0
21	33533313	12.0	17.0
21	35558427	3.0	29.0
21	35774631	29.0	20.0
21	35774632	28.0	20.0
21	36706339	18.0	16.0
21	42137875	10.0	14.0
21	46796725	11.0	24.0
21	47251589	4.0	33.0
22	25598115	12.0	11.0
22	30693889	21.0	12.0
22	31046100	10.0	13.0
22	33180614	11.0	17.0
22	33322212	16.0	22.0
22	37697614	3.0	26.0
22	37786020	21.0	18.0
22	38068477	11.0	18.0
22	42231673	10.0	14.0
22	42272306	3.0	38.0
22	42524425	13.0	23.0
22	42915652	5.0	46.0
22	49042128	23.0	20.0
22	49948787	10.0	21.0
3	410652	11.0	15.0
3	2974160	12.0	13.0
3	3419789	12.0	19.0
3	4549783	8.0	11.0
3	5997068	13.0	16.0
3	7491172	6.0	14.0
3	15063069	18.0	29.0
3	15196122	13.0	30.0
3	18853426	11.0	22.0
3	22322729	15.0	14.0
3	22449489	13.0	23.0
3	24758747	21.0	12.0
3	26345001	7.0	13.0
3	29741704	12.0	27.0
3	31363369	16.0	22.0
3	33240951	10.0	13.0
3	34229448	9.0	13.0
3	38872530	14.0	13.0
3	42844625	12.0	13.0
3	45262547	16.0	21.0
3	46592040	10.0	13.0
3	47894352	22.0	17.0
3	48159664	9.0	10.0
3	50836773	12.0	18.0
3	55013046	11.0	11.0
3	62697358	16.0	10.0
3	62773154	10.0	20.0
3	62987752	8.0	17.0
3	63473654	16.0	12.0
3	65270272	5.0	12.0
3	68656291	7.0	13.0
3	72175608	19.0	25.0
3	72287067	14.0	17.0
3	74811834	12.0	15.0
3	76700194	18.0	14.0
3	76897415	10.0	21.0
3	77077223	12.0	15.0
3	79846670	6.0	16.0
3	81415019	18.0	20.0
3	81506255	20.0	14.0
3	81601573	7.0	24.0
3	82609333	14.0	18.0
3	83179731	14.0	13.0
3	86365815	14.0	15.0
3	86629241	11.0	16.0
3	88756658	8.0	21.0
3	94365618	9.0	14.0
3	96116743	16.0	12.0
3	98569787	12.0	19.0
3	103112828	11.0	14.0
3	103401431	7.0	21.0
3	104143093	9.0	12.0
3	107158000	16.0	20.0
3	107173722	4.0	12.0
3	108493200	4.0	25.0
3	109871854	4.0	32.0
3	116071901	16.0	12.0
3	117363705	17.0	11.0
3	117801779	20.0	15.0
3	118533264	10.0	20.0
3	122056204	15.0	17.0
3	123195944	3.0	33.0
3	124067591	19.0	17.0
3	124490819	14.0	16.0
3	130440003	3.0	25.0
3	133675760	3.0	30.0
3	134403683	14.0	21.0
3	135457483	12.0	19.0
3	136735853	16.0	14.0
3	137377980	13.0	13.0
3	142598199	13.0	14.0
3	143022306	17.0	22.0
3	143586232	8.0	19.0
3	144923050	4.0	33.0
3	147097669	10.0	38.0
3	150864284	11.0	16.0
3	154465502	7.0	19.0
3	154501595	14.0	13.0
3	159603325	3.0	26.0
3	160059169	9.0	21.0
3	162138564	4.0	13.0
3	162363354	8.0	28.0
3	162600370	6.0	8.0
3	163329831	15.0	12.0
3	163617031	3.0	29.0
3	164225682	20.0	18.0
3	164629643	3.0	8.0
3	165260284	17.0	13.0
3	165456232	7.0	5.0
3	168977285	7.0	20.0
3	171850313	3.0	33.0
3	172046890	4.0	19.0
3	173932108	11.0	18.0
3	177049246	19.0	13.0
3	179468723	20.0	23.0
3	181927013	26.0	10.0
3	184324502	16.0	12.0
3	186351146	15.0	17.0
3	188295079	14.0	14.0
3	189215781	22.0	16.0
3	190174828	12.0	27.0
3	192197610	15.0	19.0
3	192406893	8.0	16.0
4	1322019	23.0	20.0
4	2602626	4.0	27.0
4	5019206	4.0	28.0
4	7944954	20.0	12.0
4	11584655	6.0	33.0
4	14289732	14.0	19.0
4	14390328	15.0	16.0
4	15066229	6.0	13.0
4	16567053	3.0	27.0
4	20407385	13.0	14.0
4	22925806	15.0	18.0
4	23272616	15.0	23.0
4	28253547	8.0	24.0
4	34626031	10.0	20.0
4	43360620	3.0	22.0
4	48008796	4.0	26.0
4	60038404	1.0	21.0
4	60605113	16.0	19.0
4	60788676	10.0	17.0
4	60897064	13.0	17.0
4	61023269	16.0	26.0
4	61249440	16.0	17.0
4	61341573	9.0	14.0
4	61727646	3.0	34.0
4	61737579	11.0	15.0
4	62318933	12.0	23.0
4	63384121	17.0	25.0
4	63570090	8.0	19.0
4	70369899	13.0	14.0
4	75423082	8.0	5.0
4	75673407	4.0	24.0
4	80785899	19.0	15.0
4	81276638	19.0	12.0
4	81841549	16.0	12.0
4	85991550	14.0	16.0
4	87665311	16.0	15.0
4	88742407	5.0	13.0
4	92792149	10.0	12.0
4	93632528	20.0	13.0
4	94110364	15.0	24.0
4	102451087	7.0	11.0
4	104152956	15.0	17.0
4	104441308	7.0	12.0
4	104934888	15.0	11.0
4	106119694	3.0	27.0
4	107344621	4.0	34.0
4	107621692	3.0	28.0
4	110508210	23.0	33.0
4	112933102	12.0	11.0
4	115725059	5.0	12.0
4	117832587	12.0	11.0
4	117961171	14.0	17.0
4	118128775	10.0	18.0
4	118357592	14.0	27.0
4	119454227	8.0	23.0
4	120632684	3.0	32.0
4	120765568	11.0	9.0
4	127330866	10.0	16.0
4	131028190	5.0	11.0
4	131282676	5.0	15.0
4	132899228	4.0	32.0
4	133307106	15.0	18.0
4	133947998	14.0	13.0
4	137807152	3.0	23.0
4	138488370	21.0	15.0
4	140132749	4.0	35.0
4	144989289	11.0	15.0
4	145120293	15.0	26.0
4	151016812	17.0	15.0
4	154402116	15.0	22.0
4	156874144	11.0	15.0
4	159487107	14.0	24.0
4	164715354	21.0	20.0
4	165785835	13.0	21.0
4	165990301	12.0	15.0
4	167893415	3.0	24.0
4	169620269	3.0	26.0
4	171392535	13.0	19.0
4	172178674	10.0	15.0
4	173115755	17.0	15.0
4	175799513	14.0	24.0
4	176017246	14.0	14.0
4	176183244	8.0	6.0
4	177134516	10.0	11.0
4	179049099	3.0	31.0
4	179172252	7.0	11.0
4	179808808	10.0	12.0
4	189380808	18.0	23.0
5	1411629	14.0	25.0
5	2127471	19.0	20.0
5	3335626	11.0	17.0
5	3591726	10.0	25.0
5	14845527	3.0	20.0
5	15166141	16.0	16.0
5	15995867	3.0	27.0
5	16826349	3.0	20.0
5	19308506	3.0	28.0
5	19531625	16.0	12.0
5	20300692	7.0	21.0
5	22508683	13.0	19.0
5	24881524	19.0	7.0
5	25163443	9.0	18.0
5	25950634	5.0	40.0
5	26535873	15.0	18.0
5	26573025	26.0	15.0
5	28552621	3.0	19.0
5	29331092	23.0	18.0
5	30103609	1.0	15.0
5	35487952	12.0	13.0
5	39661728	14.0	21.0
5	40277752	14.0	24.0
5	41391920	9.0	22.0
5	42389757	3.0	25.0
5	44084664	10.0	13.0
5	50142406	11.0	19.0
5	50803278	4.0	29.0
5	51965180	18.0	25.0
5	57791004	11.0	21.0
5	63945315	10.0	10.0
5	63951684	11.0	17.0
5	64749746	11.0	19.0
5	66948876	10.0	9.0
5	70761475	10.0	20.0
5	80677572	20.0	17.0
5	82582722	15.0	18.0
5	83991968	16.0	28.0
5	84307441	9.0	8.0
5	86186854	9.0	16.0
5	97026728	15.0	27.0
5	97638625	10.0	12.0
5	97984460	14.0	20.0
5	99082579	10.0	9.0
5	100844892	16.0	15.0
5	103947646	17.0	11.0
5	104797879	9.0	7.0
5	105516519	15.0	13.0
5	106362033	10.0	16.0
5	119117214	12.0	13.0
5	119416112	19.0	11.0
5	119686815	17.0	16.0
5	124254401	9.0	10.0
5	125102538	8.0	11.0
5	125631045	10.0	18.0
5	126547620	15.0	18.0
5	132123227	17.0	14.0
5	134185713	18.0	17.0
5	142656165	10.0	11.0
5	144997550	10.0	10.0
5	145460555	4.0	32.0
5	146377573	16.0	20.0
5	146857664	11.0	8.0
5	152411599	17.0	16.0
5	153355683	17.0	21.0
5	155089045	13.0	13.0
5	159212641	20.0	11.0
5	160338138	20.0	16.0
5	160777113	10.0	12.0
5	161564295	16.0	16.0
5	161604765	10.0	9.0
5	164714227	14.0	21.0
5	165320681	4.0	34.0
5	166457107	13.0	18.0
5	166499570	4.0	28.0
5	167827442	20.0	16.0
5	168145565	17.0	12.0
5	169009915	15.0	18.0
5	170053734	18.0	23.0
5	173247509	16.0	9.0
5	178943787	19.0	11.0
5	180205278	8.0	16.0
5	180433808	10.0	11.0
5	180480959	4.0	35.0
6	1187478	12.0	18.0
6	1889208	3.0	34.0
6	9371324	14.0	22.0
6	9918491	21.0	19.0
6	12117685	11.0	8.0
6	12711326	12.0	19.0
6	15343051	18.0	19.0
6	16590582	18.0	13.0
6	18374357	15.0	15.0
6	18539748	15.0	21.0
6	22003918	9.0	21.0
6	28857225	16.0	31.0
6	29348289	2.0	23.0
6	30600816	12.0	19.0
6	31349609	1.0	24.0
6	36783732	19.0	16.0
6	48444442	8.0	13.0
6	50959409	8.0	29.0
6	53064794	15.0	18.0
6	54942672	7.0	16.0
6	55974513	11.0	11.0
6	58175887	6.0	6.0
6	62072168	12.0	15.0
6	65302756	11.0	20.0
6	67294139	6.0	20.0
6	68178679	11.0	10.0
6	69870127	14.0	19.0
6	70211200	7.0	10.0
6	72598092	14.0	23.0
6	72775734	10.0	11.0
6	77844842	8.0	15.0
6	77999081	9.0	10.0
6	79459708	9.0	18.0
6	82674643	13.0	10.0
6	90186128	13.0	10.0
6	91991985	12.0	19.0
6	93559220	3.0	28.0
6	94330142	17.0	21.0
6	94735927	14.0	13.0
6	96281711	17.0	14.0
6	99204805	11.0	16.0
6	104677125	17.0	10.0
6	105058379	11.0	23.0
6	107161172	10.0	15.0
6	108001401	19.0	13.0
6	108159652	14.0	20.0
6	110558385	9.0	25.0
6	111759655	16.0	10.0
6	111851182	3.0	23.0
6	112992551	6.0	12.0
6	115430163	18.0	17.0
6	121514103	3.0	40.0
6	123308373	15.0	10.0
6	124468244	16.0	19.0
6	125493906	8.0	12.0
6	125782143	5.0	24.0
6	130590562	23.0	10.0
6	132489715	17.0	18.0
6	136491623	9.0	17.0
6	138323230	16.0	18.0
6	140495976	12.0	27.0
6	140931390	21.0	18.0
6	155751842	18.0	9.0
6	155915654	10.0	19.0
6	159721159	5.0	24.0
6	162463568	15.0	19.0
6	165543128	16.0	21.0
6	166234430	3.0	27.0
6	167795413	15.0	25.0
6	170110062	13.0	15.0
7	2995543	16.0	20.0
7	18097623	16.0	15.0
7	19697338	23.0	19.0
7	21241567	6.0	16.0
7	21895945	15.0	25.0
7	23928562	14.0	13.0
7	24089207	21.0	16.0
7	30419299	14.0	19.0
7	38872863	8.0	30.0
7	38879075	14.0	17.0
7	40257126	17.0	11.0
7	43236219	15.0	15.0
7	45173526	6.0	20.0
7	46006798	15.0	16.0
7	47542749	28.0	15.0
7	50220912	5.0	33.0
7	50536575	15.0	10.0
7	50907732	16.0	20.0
7	52893646	13.0	10.0
7	53015758	11.0	6.0
7	53335967	10.0	10.0
7	62092484	12.0	13.0
7	62092485	13.0	13.0
7	62504722	4.0	42.0
7	63329664	16.0	15.0
7	64345910	22.0	24.0
7	67680033	16.0	19.0
7	68232668	20.0	16.0
7	69706689	16.0	12.0
7	74119086	9.0	17.0
7	81455965	3.0	20.0
7	86017259	5.0	20.0
7	86430358	3.0	8.0
7	87802040	7.0	14.0
7	88338216	20.0	18.0
7	88995096	10.0	8.0
7	90262614	11.0	11.0
7	91173756	11.0	15.0
7	94492801	6.0	10.0
7	95879133	5.0	13.0
7	101564050	20.0	22.0
7	103467806	2.0	19.0
7	103972259	11.0	17.0
7	105833910	15.0	11.0
7	110837437	15.0	22.0
7	113505230	3.0	21.0
7	117107977	7.0	20.0
7	118899343	9.0	20.0
7	119468684	3.0	27.0
7	119484313	13.0	16.0
7	122830511	3.0	38.0
7	122836637	16.0	12.0
7	126245552	12.0	16.0
7	128261576	19.0	20.0
7	136392884	6.0	12.0
7	138684723	11.0	14.0
7	140752375	9.0	9.0
7	144449097	13.0	17.0
7	148520889	3.0	28.0
7	150432489	13.0	13.0
7	151000706	9.0	19.0
7	152078507	17.0	13.0
7	153649021	14.0	13.0
7	155332766	4.0	34.0
7	155643909	13.0	18.0
7	156701205	11.0	10.0
7	156718210	21.0	17.0
7	158654288	13.0	21.0
8	2811857	26.0	10.0
8	6906481	12.0	18.0
8	8070226	20.0	1.0
8	8483356	4.0	32.0
8	8912661	9.0	14.0
8	9073582	19.0	24.0
8	13651527	10.0	22.0
8	14297519	3.0	24.0
8	14346349	12.0	8.0
8	14817382	18.0	13.0
8	15243364	6.0	16.0
8	15742635	3.0	22.0
8	19519941	14.0	17.0
8	20908289	18.0	31.0
8	21022322	17.0	24.0
8	21726102	7.0	17.0
8	22510029	13.0	16.0
8	25334703	17.0	14.0
8	25698300	10.0	25.0
8	27852677	18.0	12.0
8	34864342	14.0	21.0
8	34979728	21.0	16.0
8	36965894	9.0	15.0
8	42101586	16.0	15.0
8	48017678	2.0	19.0
8	49573913	16.0	24.0
8	51577079	6.0	12.0
8	51698859	7.0	13.0
8	52081829	17.0	11.0
8	54194271	5.0	30.0
8	60476969	12.0	11.0
8	62833358	16.0	17.0
8	64488789	16.0	20.0
8	73398487	18.0	13.0
8	75073616	13.0	10.0
8	75145213	19.0	17.0
8	76910086	5.0	18.0
8	78193867	22.0	19.0
8	78283725	14.0	21.0
8	78459945	12.0	9.0
8	78927531	6.0	29.0
8	79273324	8.0	11.0
8	79993299	11.0	16.0
8	80475366	7.0	20.0
8	83410333	4.0	37.0
8	83699188	13.0	14.0
8	84159658	9.0	18.0
8	85918732	11.0	12.0
8	86998061	21.0	29.0
8	87866210	4.0	26.0
8	89270630	3.0	43.0
8	91226110	22.0	10.0
8	94135042	15.0	15.0
8	97050726	17.0	22.0
8	100547651	10.0	19.0
8	101801393	5.0	37.0
8	104985306	7.0	11.0
8	105137707	15.0	24.0
8	106043036	13.0	21.0
8	107154751	10.0	12.0
8	107404057	13.0	13.0
8	107429777	10.0	20.0
8	107809353	11.0	12.0
8	108854315	6.0	30.0
8	109654826	9.0	16.0
8	113928359	11.0	16.0
8	114918435	8.0	11.0
8	122945368	7.0	17.0
8	126952125	14.0	13.0
8	129689309	9.0	12.0
8	132175563	15.0	16.0
8	133955355	15.0	14.0
8	133955356	15.0	14.0
8	134032620	16.0	21.0
8	144356303	19.0	19.0
9	317579	10.0	21.0
9	12311433	10.0	18.0
9	13067910	14.0	21.0
9	14176428	10.0	11.0
9	16135373	3.0	25.0
9	17670964	18.0	11.0
9	21860108	4.0	34.0
9	22491864	12.0	17.0
9	22710041	19.0	18.0
9	22941512	14.0	16.0
9	22946497	15.0	21.0
9	23881998	23.0	16.0
9	24983399	10.0	18.0
9	27966849	12.0	16.0
9	29557320	3.0	28.0
9	29767099	3.0	28.0
9	30392661	8.0	11.0
9	31204226	3.0	23.0
9	31382839	10.0	16.0
9	31877818	5.0	26.0
9	32739352	20.0	17.0
9	67921608	11.0	4.0
9	72644376	14.0	17.0
9	76009707	11.0	14.0
9	77801056	14.0	16.0
9	83754717	11.0	27.0
9	84171840	9.0	6.0
9	85080880	12.0	11.0
9	90604862	11.0	15.0
9	91495023	15.0	21.0
9	96910557	3.0	37.0
9	100702378	15.0	21.0
9	105564266	12.0	13.0
9	106820555	14.0	14.0
9	107265451	18.0	20.0
9	110492295	3.0	26.0
9	115137367	11.0	25.0
9	118035807	7.0	10.0
9	124967971	3.0	38.0
9	129973393	14.0	27.0
9	133444643	12.0	17.0
9	133706274	12.0	26.0
9	135546869	18.0	28.0
9	135797076	18.0	18.0
9	138020915	11.0	14.0
9	138035838	15.0	15.0
9	138764855	15.0	25.0
X	2735607	4.0	26.0
X	5231652	10.0	5.0
X	6201553	15.0	19.0
X	6277962	11.0	16.0
X	8043809	13.0	14.0
X	9000694	12.0	16.0
X	9033071	15.0	17.0
X	9497251	13.0	16.0
X	15016935	16.0	15.0
X	15715576	15.0	15.0
X	19081355	21.0	16.0
X	24025327	8.0	16.0
X	24428237	5.0	11.0
X	24947194	16.0	19.0
X	28198786	6.0	21.0
X	31956160	13.0	21.0
X	34341433	23.0	23.0
X	36760887	18.0	27.0
X	37462526	3.0	30.0
X	40186711	18.0	31.0
X	40795589	15.0	30.0
X	41011450	18.0	12.0
X	41355679	12.0	12.0
X	42077703	4.0	38.0
X	42251538	9.0	8.0
X	43654317	12.0	20.0
X	44006908	16.0	17.0
X	45752799	4.0	47.0
X	62289739	14.0	10.0
X	64199219	4.0	34.0
X	65715080	16.0	25.0
X	68602765	17.0	22.0
X	69295933	18.0	20.0
X	69386361	10.0	12.0
X	73199759	14.0	16.0
X	75484152	12.0	10.0
X	76868772	13.0	17.0
X	77989322	15.0	15.0
X	79989188	11.0	12.0
X	80404857	16.0	18.0
X	80477289	11.0	27.0
X	82868308	4.0	34.0
X	84305782	13.0	5.0
X	85082239	4.0	41.0
X	85306671	15.0	15.0
X	86126294	2.0	17.0
X	87650087	19.0	24.0
X	87851585	12.0	19.0
X	87985244	9.0	9.0
X	95531552	15.0	16.0
X	95688629	15.0	22.0
X	96168952	13.0	15.0
X	96287322	11.0	14.0
X	97652938	3.0	25.0
X	101104528	14.0	17.0
X	102185683	13.0	19.0
X	106130006	8.0	16.0
X	109606653	13.0	14.0
X	109836644	21.0	22.0
X	111126178	19.0	16.0
X	111162349	12.0	20.0
X	111352099	9.0	22.0
X	113108720	3.0	19.0
X	118904371	14.0	19.0
X	121259173	3.0	10.0
X	123265880	10.0	12.0
X	126702261	6.0	17.0
X	128443918	12.0	11.0
X	132072171	12.0	9.0
X	134383437	10.0	5.0
X	136460048	23.0	20.0
X	136548637	3.0	38.0
X	138640023	15.0	13.0
X	141421363	14.0	10.0
X	141940443	13.0	12.0
X	142536966	8.0	18.0
X	142799665	16.0	19.0
X	142836355	6.0	26.0
X	149957648	4.0	7.0
