chromosome_index	position	alt_count	ref_count
1	4668424	16.0	19.0
1	5224690	23.0	22.0
1	20213250	5.0	54.0
1	20386305	26.0	22.0
1	20386306	25.0	22.0
1	20776913	42.0	52.0
1	21457223	25.0	44.0
1	22385075	40.0	22.0
1	25959914	39.0	28.0
1	26375105	22.0	28.0
1	31953478	62.0	33.0
1	33862862	33.0	37.0
1	34030070	37.0	36.0
1	35046462	41.0	31.0
1	35734012	36.0	31.0
1	36396642	20.0	22.0
1	39811363	41.0	39.0
1	41407310	38.0	31.0
1	42221296	28.0	31.0
1	46891738	32.0	42.0
1	52891168	38.0	34.0
1	53935486	31.0	31.0
1	54953408	18.0	21.0
1	55964700	32.0	33.0
1	56638948	28.0	29.0
1	58209577	45.0	45.0
1	58415364	34.0	30.0
1	61198888	29.0	38.0
1	63051630	24.0	33.0
1	63462919	22.0	29.0
1	63563149	10.0	33.0
1	65189378	37.0	50.0
1	68279466	38.0	37.0
1	69020958	36.0	32.0
1	71324044	31.0	43.0
1	72691358	51.0	42.0
1	73493866	41.0	37.0
1	75664168	27.0	31.0
1	77315528	28.0	41.0
1	77604170	27.0	28.0
1	80697421	38.0	32.0
1	81315047	40.0	54.0
1	84556367	44.0	41.0
1	85807535	39.0	39.0
1	88538340	33.0	46.0
1	89503635	36.0	37.0
1	92901409	38.0	46.0
1	96029869	39.0	42.0
1	97010754	30.0	31.0
1	97375295	38.0	37.0
1	98480409	29.0	39.0
1	98909583	39.0	27.0
1	99505053	27.0	33.0
1	100185246	42.0	37.0
1	100420992	32.0	47.0
1	101140817	26.0	30.0
1	101862147	37.0	46.0
1	106077063	38.0	54.0
1	106077083	47.0	55.0
1	106216894	34.0	40.0
1	106439451	41.0	42.0
1	107769241	32.0	42.0
1	108117953	32.0	33.0
1	108638037	35.0	40.0
1	111017250	34.0	40.0
1	112278037	27.0	37.0
1	115923226	37.0	34.0
1	116234568	23.0	42.0
1	116799825	31.0	38.0
1	118578477	37.0	40.0
1	119050144	30.0	32.0
1	119340167	46.0	47.0
1	121482472	36.0	337.0
1	146945143	39.0	40.0
1	149066912	28.0	26.0
1	153220241	29.0	23.0
1	156671972	20.0	33.0
1	157720892	33.0	32.0
1	157775739	30.0	33.0
1	157825945	38.0	40.0
1	158323277	23.0	23.0
1	158882329	38.0	35.0
1	159544945	38.0	40.0
1	160882848	25.0	28.0
1	165342977	28.0	30.0
1	166085460	22.0	43.0
1	168063899	37.0	40.0
1	168650520	37.0	41.0
1	168938734	42.0	42.0
1	170286588	39.0	43.0
1	173356229	30.0	30.0
1	174900260	45.0	36.0
1	175906871	26.0	31.0
1	180165142	13.0	18.0
1	182887584	33.0	35.0
1	184439951	25.0	36.0
1	185903013	35.0	28.0
1	191054749	48.0	48.0
1	192606222	44.0	47.0
1	192606261	40.0	50.0
1	193444053	27.0	32.0
1	194076709	32.0	41.0
1	195104093	25.0	38.0
1	195431863	25.0	25.0
1	199047948	39.0	36.0
1	201053884	29.0	35.0
1	202791963	19.0	31.0
1	204063499	23.0	30.0
1	207328854	42.0	43.0
1	209411314	27.0	33.0
1	216369704	48.0	39.0
1	216542973	36.0	39.0
1	216674232	28.0	47.0
1	216921225	45.0	34.0
1	217550185	32.0	42.0
1	219913932	33.0	38.0
1	221363175	32.0	28.0
1	222732029	47.0	50.0
1	225467254	33.0	46.0
1	228043946	29.0	25.0
1	228396784	25.0	25.0
1	228968436	35.0	34.0
1	231337184	26.0	31.0
1	232346428	29.0	28.0
1	234130997	31.0	39.0
1	235356268	32.0	32.0
1	238978444	34.0	35.0
1	239172363	33.0	56.0
1	241982218	49.0	48.0
1	243376479	36.0	45.0
1	244198484	24.0	52.0
1	244376313	29.0	44.0
10	5082771	28.0	33.0
10	5482912	28.0	28.0
10	6480427	42.0	38.0
10	6591743	20.0	21.0
10	8147280	29.0	28.0
10	9262049	41.0	43.0
10	9267495	36.0	40.0
10	9594843	30.0	45.0
10	10208595	28.0	37.0
10	12858974	40.0	35.0
10	15719180	31.0	33.0
10	16849944	20.0	19.0
10	17090633	39.0	30.0
10	19747294	37.0	43.0
10	21605368	24.0	43.0
10	22657502	17.0	34.0
10	23732948	29.0	30.0
10	24365348	39.0	30.0
10	25215612	24.0	39.0
10	25470015	7.0	64.0
10	27890293	34.0	32.0
10	28970202	32.0	37.0
10	31804668	26.0	35.0
10	32937359	38.0	56.0
10	37595857	44.0	35.0
10	37662183	41.0	49.0
10	44382278	25.0	48.0
10	44389210	28.0	45.0
10	44723402	33.0	50.0
10	45703910	26.0	36.0
10	54070048	29.0	43.0
10	54128352	23.0	46.0
10	54199358	42.0	43.0
10	55027615	35.0	44.0
10	55890214	21.0	37.0
10	56474581	37.0	49.0
10	56677042	39.0	40.0
10	56753382	42.0	41.0
10	57584404	36.0	41.0
10	58304315	47.0	41.0
10	59203916	32.0	47.0
10	59205709	27.0	29.0
10	59205754	35.0	36.0
10	59439211	32.0	30.0
10	60309822	40.0	41.0
10	60752929	25.0	39.0
10	60984706	53.0	44.0
10	61179218	40.0	42.0
10	62024062	28.0	28.0
10	62041787	21.0	44.0
10	62041788	19.0	43.0
10	64559061	35.0	39.0
10	65774477	41.0	30.0
10	65785629	36.0	37.0
10	67761548	43.0	50.0
10	69349741	15.0	84.0
10	71716474	21.0	36.0
10	71973178	42.0	33.0
10	74506721	42.0	32.0
10	74614528	39.0	47.0
10	75669751	29.0	31.0
10	75867651	46.0	31.0
10	82732679	14.0	52.0
10	82950622	45.0	44.0
10	83069540	32.0	50.0
10	83332244	50.0	52.0
10	85826437	34.0	35.0
10	85882563	27.0	28.0
10	88218493	44.0	45.0
10	88851562	43.0	33.0
10	89309115	27.0	40.0
10	90772410	33.0	40.0
10	92817697	32.0	41.0
10	94356135	7.0	69.0
10	96789523	34.0	48.0
10	97358051	26.0	26.0
10	103836809	26.0	26.0
10	106341930	26.0	32.0
10	108152075	11.0	20.0
10	110177741	43.0	47.0
10	110960951	32.0	32.0
10	111152034	32.0	34.0
10	113465475	51.0	44.0
10	115006789	24.0	31.0
10	116907885	37.0	43.0
10	118883736	20.0	36.0
10	120281522	26.0	34.0
10	120483273	38.0	32.0
10	121546331	31.0	34.0
10	123101360	30.0	34.0
10	126862332	19.0	23.0
10	127903221	27.0	32.0
10	129086176	29.0	42.0
10	129478461	30.0	44.0
10	129558231	28.0	39.0
10	130356086	23.0	32.0
10	130964752	21.0	23.0
10	131678488	25.0	27.0
10	132473356	31.0	37.0
10	132536424	26.0	36.0
10	132936880	38.0	40.0
10	133600779	38.0	34.0
11	2197333	31.0	34.0
11	4628279	36.0	36.0
11	6070529	23.0	28.0
11	7627289	31.0	29.0
11	9929899	28.0	29.0
11	9929900	28.0	29.0
11	10627805	35.0	42.0
11	11282717	27.0	43.0
11	12247307	30.0	29.0
11	13780552	28.0	38.0
11	20957057	22.0	25.0
11	23160777	34.0	37.0
11	25700645	32.0	38.0
11	25940850	35.0	39.0
11	26352262	4.0	67.0
11	27958607	45.0	44.0
11	31435111	31.0	41.0
11	31596679	30.0	41.0
11	33260113	23.0	29.0
11	35065849	33.0	33.0
11	35149385	33.0	34.0
11	36450224	37.0	41.0
11	36826878	25.0	24.0
11	37812443	44.0	41.0
11	37819622	41.0	35.0
11	38204454	34.0	35.0
11	39268319	28.0	54.0
11	39486713	45.0	35.0
11	42953166	36.0	45.0
11	44297898	30.0	39.0
11	47536354	42.0	52.0
11	47788880	28.0	26.0
11	48502632	34.0	45.0
11	50421724	33.0	26.0
11	51303279	31.0	58.0
11	54848979	36.0	43.0
11	55651713	19.0	25.0
11	58832419	45.0	35.0
11	59760886	26.0	21.0
11	62102944	35.0	37.0
11	63290687	33.0	29.0
11	67197149	20.0	45.0
11	67900414	26.0	30.0
11	67900457	20.0	43.0
11	67900528	16.0	31.0
11	67900797	8.0	18.0
11	67900838	6.0	28.0
11	67900871	4.0	35.0
11	67900878	7.0	36.0
11	73378132	35.0	38.0
11	73378985	41.0	25.0
11	73379037	28.0	23.0
11	73379196	31.0	39.0
11	73379247	14.0	41.0
11	73379284	9.0	37.0
11	73379509	22.0	44.0
11	73379655	22.0	33.0
11	80001072	20.0	52.0
11	81445814	34.0	38.0
11	82753721	30.0	44.0
11	82753730	33.0	41.0
11	82843394	30.0	43.0
11	88512429	30.0	4.0
11	99137357	33.0	53.0
11	101280842	42.0	30.0
11	106301581	36.0	1.0
11	108440062	39.0	31.0
11	108577091	33.0	57.0
11	108909114	33.0	36.0
11	109543305	39.0	40.0
11	110642877	27.0	43.0
11	112400512	36.0	23.0
11	112400524	34.0	22.0
11	113629920	40.0	4.0
11	115445010	33.0	1.0
11	115996191	30.0	1.0
11	121989296	36.0	36.0
11	122433961	47.0	31.0
11	124033851	33.0	40.0
11	124268785	23.0	31.0
11	127809890	42.0	47.0
11	128423110	28.0	32.0
11	128874822	33.0	44.0
11	129481021	36.0	43.0
11	130140010	28.0	48.0
11	131220697	35.0	38.0
11	132750917	28.0	31.0
11	134226602	10.0	43.0
12	1518957	33.0	33.0
12	1693358	36.0	21.0
12	4923405	32.0	30.0
12	9061381	41.0	30.0
12	9321946	35.0	49.0
12	10802193	37.0	33.0
12	11803318	5.0	38.0
12	12977396	40.0	48.0
12	13350233	29.0	35.0
12	13537270	44.0	36.0
12	14002002	29.0	47.0
12	15066537	38.0	35.0
12	16189744	42.0	39.0
12	16282262	36.0	41.0
12	16844827	29.0	26.0
12	17144087	41.0	32.0
12	17235286	28.0	38.0
12	17444704	35.0	44.0
12	18864835	51.0	42.0
12	21090845	30.0	35.0
12	21092351	25.0	40.0
12	22242410	36.0	38.0
12	23498673	54.0	30.0
12	24500616	24.0	53.0
12	25609590	28.0	39.0
12	26103301	11.0	9.0
12	27605704	33.0	33.0
12	29112329	37.0	35.0
12	33242177	26.0	38.0
12	42422593	29.0	38.0
12	43570124	43.0	40.0
12	43884280	46.0	43.0
12	45047286	33.0	41.0
12	45612303	22.0	41.0
12	47122525	25.0	29.0
12	47288379	32.0	50.0
12	49183197	9.0	17.0
12	51925625	32.0	26.0
12	56067018	33.0	30.0
12	60189617	27.0	35.0
12	60528303	35.0	36.0
12	60957494	30.0	42.0
12	61185780	28.0	27.0
12	64813874	30.0	40.0
12	66940912	46.0	51.0
12	68803943	31.0	34.0
12	68806678	29.0	26.0
12	69583556	4.0	81.0
12	71413512	28.0	49.0
12	73400952	27.0	34.0
12	74125698	28.0	40.0
12	74588859	44.0	47.0
12	75465022	34.0	41.0
12	75668046	51.0	40.0
12	77927626	6.0	92.0
12	80007490	21.0	24.0
12	80739645	29.0	34.0
12	80885569	48.0	41.0
12	81918090	21.0	36.0
12	81919909	37.0	41.0
12	83288401	42.0	36.0
12	85430446	31.0	35.0
12	86082708	39.0	36.0
12	88265209	52.0	47.0
12	88363419	35.0	37.0
12	88380911	32.0	39.0
12	89452086	21.0	34.0
12	89992732	26.0	36.0
12	91270729	23.0	43.0
12	91621161	40.0	45.0
12	93105019	21.0	30.0
12	93115020	21.0	29.0
12	93227459	33.0	49.0
12	97229512	33.0	29.0
12	98705497	32.0	31.0
12	99294005	33.0	39.0
12	99740361	36.0	32.0
12	100902690	39.0	33.0
12	101268014	28.0	34.0
12	101583992	32.0	53.0
12	102668683	46.0	48.0
12	103491535	38.0	42.0
12	103808511	21.0	35.0
12	105332213	29.0	50.0
12	111717824	30.0	39.0
12	113637298	27.0	28.0
12	114964317	38.0	33.0
12	122047821	23.0	30.0
12	122955009	7.0	54.0
12	126293070	33.0	37.0
12	126488254	41.0	29.0
12	128481087	53.0	31.0
12	129342850	38.0	41.0
12	130419636	26.0	28.0
12	130486069	8.0	56.0
12	133353603	26.0	26.0
13	20066695	40.0	30.0
13	24304984	36.0	38.0
13	25871348	38.0	37.0
13	25976149	18.0	27.0
13	26431447	35.0	35.0
13	29148971	29.0	40.0
13	31342252	30.0	23.0
13	32606676	35.0	28.0
13	43370103	35.0	29.0
13	46922107	33.0	41.0
13	47134211	40.0	38.0
13	47800669	37.0	46.0
13	48786629	32.0	52.0
13	50094926	35.0	39.0
13	50097647	29.0	34.0
13	51146634	30.0	38.0
13	51146637	31.0	36.0
13	52026492	14.0	24.0
13	53333449	27.0	39.0
13	53879834	33.0	30.0
13	53955302	42.0	41.0
13	55362552	43.0	42.0
13	55597013	44.0	47.0
13	55929662	42.0	46.0
13	56178102	36.0	42.0
13	57442733	36.0	43.0
13	57677895	37.0	38.0
13	58862781	40.0	33.0
13	59582561	18.0	38.0
13	60691145	49.0	44.0
13	63067697	6.0	77.0
13	63067709	5.0	78.0
13	63473291	43.0	40.0
13	63964529	35.0	46.0
13	64382688	34.0	44.0
13	65500591	6.0	60.0
13	66587825	27.0	50.0
13	67508452	23.0	33.0
13	68066420	40.0	45.0
13	68487388	32.0	50.0
13	68860161	5.0	89.0
13	69150662	33.0	33.0
13	70168139	34.0	47.0
13	70676037	41.0	50.0
13	70862575	6.0	36.0
13	71368765	45.0	56.0
13	72483640	26.0	45.0
13	72991602	26.0	55.0
13	74605730	5.0	79.0
13	75100371	28.0	48.0
13	78861573	28.0	34.0
13	78886786	32.0	25.0
13	79022972	32.0	35.0
13	79564624	31.0	26.0
13	79808119	32.0	48.0
13	80130508	41.0	38.0
13	80487197	40.0	47.0
13	80920697	25.0	34.0
13	81857202	41.0	45.0
13	83344083	25.0	32.0
13	83382007	31.0	47.0
13	83745963	15.0	42.0
13	83860621	39.0	48.0
13	83952544	43.0	44.0
13	84719469	44.0	49.0
13	84884445	34.0	34.0
13	85225601	30.0	28.0
13	85227129	27.0	37.0
13	86265421	39.0	44.0
13	86517791	6.0	76.0
13	86683951	15.0	35.0
13	86929924	34.0	33.0
13	87144659	42.0	37.0
13	87362020	32.0	45.0
13	87661016	46.0	42.0
13	90735818	37.0	25.0
13	90975034	40.0	34.0
13	91039924	29.0	40.0
13	91390421	38.0	40.0
13	96014082	25.0	32.0
13	96751749	34.0	32.0
13	97135309	33.0	50.0
13	100695083	43.0	33.0
13	101535660	26.0	37.0
13	102969388	43.0	42.0
13	103474756	34.0	42.0
13	103958520	43.0	34.0
13	104287954	30.0	39.0
13	106679437	29.0	47.0
13	108055237	33.0	35.0
13	108076647	32.0	27.0
13	110393518	20.0	14.0
13	112065824	21.0	27.0
13	112895705	17.0	35.0
13	113321031	29.0	19.0
14	19005564	28.0	113.0
14	20320971	31.0	163.0
14	20966131	25.0	27.0
14	21093124	34.0	29.0
14	22325624	43.0	50.0
14	25025031	36.0	43.0
14	25076959	24.0	25.0
14	26017469	49.0	42.0
14	26489336	31.0	43.0
14	28385167	4.0	69.0
14	28742126	26.0	19.0
14	34182252	27.0	45.0
14	34691419	35.0	32.0
14	38352707	41.0	39.0
14	41412507	35.0	35.0
14	42065467	39.0	39.0
14	43183076	28.0	47.0
14	43950133	35.0	47.0
14	44305100	25.0	44.0
14	44595394	39.0	53.0
14	46211339	32.0	19.0
14	46518433	34.0	43.0
14	47202791	16.0	18.0
14	47357366	41.0	44.0
14	47567993	39.0	38.0
14	47723280	32.0	27.0
14	48276150	27.0	25.0
14	48613837	41.0	43.0
14	48807436	33.0	36.0
14	48830971	40.0	49.0
14	49701886	44.0	41.0
14	50186058	45.0	37.0
14	53799292	5.0	70.0
14	53899643	37.0	34.0
14	58713366	36.0	30.0
14	61210556	35.0	36.0
14	62612515	37.0	42.0
14	65841409	29.0	35.0
14	65966706	36.0	36.0
14	67458895	45.0	44.0
14	72566127	20.0	20.0
14	72782012	46.0	46.0
14	76208155	37.0	35.0
14	77265154	30.0	40.0
14	78483532	35.0	41.0
14	78502771	29.0	41.0
14	78678800	27.0	34.0
14	79919064	36.0	52.0
14	82784341	42.0	51.0
14	82839534	33.0	38.0
14	83544751	43.0	35.0
14	83593532	29.0	46.0
14	83695356	36.0	40.0
14	83713628	4.0	68.0
14	84321902	35.0	28.0
14	84873741	32.0	44.0
14	84987808	32.0	40.0
14	86001147	26.0	31.0
14	86446036	38.0	43.0
14	89054948	34.0	43.0
14	89494000	32.0	33.0
14	95896003	33.0	20.0
14	98384062	28.0	36.0
14	98948894	25.0	43.0
14	99689272	34.0	51.0
14	104702498	33.0	31.0
14	104984980	42.0	42.0
14	106444716	30.0	29.0
14	106722839	36.0	118.0
14	106799930	32.0	88.0
15	23948864	11.0	78.0
15	27158075	32.0	43.0
15	27264757	4.0	64.0
15	27887449	30.0	35.0
15	29957311	19.0	21.0
15	30269316	30.0	27.0
15	33238946	32.0	39.0
15	34193261	11.0	36.0
15	36076454	28.0	41.0
15	45464707	27.0	25.0
15	47073304	20.0	34.0
15	48979251	37.0	52.0
15	50545327	19.0	41.0
15	50819441	30.0	31.0
15	52068901	37.0	29.0
15	52583356	29.0	31.0
15	52969218	45.0	36.0
15	56118361	24.0	38.0
15	57905246	21.0	39.0
15	59961496	43.0	46.0
15	60734325	22.0	25.0
15	63453127	28.0	29.0
15	63925753	34.0	42.0
15	72013211	38.0	43.0
15	73700127	42.0	37.0
15	74596584	28.0	30.0
15	79501975	20.0	28.0
15	81344972	32.0	35.0
15	81644505	32.0	34.0
15	82257453	35.0	33.0
15	86455059	27.0	23.0
15	94158288	37.0	44.0
15	94649493	42.0	33.0
15	95235296	38.0	50.0
15	96214204	41.0	41.0
15	96474422	21.0	31.0
15	96812612	24.0	30.0
15	97317258	30.0	36.0
15	97882345	41.0	36.0
15	97890308	29.0	32.0
15	97975515	37.0	39.0
15	98055628	21.0	38.0
15	98370966	50.0	39.0
15	99115426	17.0	31.0
16	2301589	25.0	25.0
16	6553439	36.0	39.0
16	8290314	28.0	28.0
16	9699325	32.0	30.0
16	11203450	24.0	22.0
16	11892426	23.0	27.0
16	13822413	31.0	39.0
16	15575667	23.0	31.0
16	17998079	40.0	48.0
16	18331134	25.0	51.0
16	19618169	43.0	47.0
16	23196966	31.0	31.0
16	25184748	41.0	34.0
16	26706313	17.0	25.0
16	27906439	45.0	22.0
16	28135540	28.0	28.0
16	31081485	39.0	32.0
16	33512994	14.0	29.0
16	33512995	15.0	29.0
16	33730811	21.0	26.0
16	49045788	4.0	42.0
16	49263081	41.0	43.0
16	49944184	29.0	34.0
16	50327584	29.0	34.0
16	50967008	37.0	30.0
16	51391207	31.0	37.0
16	51586240	34.0	37.0
16	51769851	31.0	31.0
16	52198243	36.0	39.0
16	53764155	31.0	26.0
16	53975752	37.0	28.0
16	56663283	24.0	31.0
16	56770868	39.0	37.0
16	59966783	6.0	76.0
16	60062925	36.0	43.0
16	60142022	32.0	41.0
16	60594106	43.0	40.0
16	60699844	32.0	44.0
16	62209204	41.0	33.0
16	62289742	29.0	37.0
16	62604833	41.0	46.0
16	62809524	28.0	44.0
16	62809533	21.0	39.0
16	63144974	36.0	43.0
16	63546063	48.0	38.0
16	64792657	26.0	38.0
16	65934199	29.0	23.0
16	65967453	17.0	14.0
16	67511337	25.0	38.0
16	68417348	35.0	32.0
16	68913279	29.0	29.0
16	68979349	31.0	36.0
16	69417158	42.0	29.0
16	71831421	29.0	28.0
16	75263898	26.0	28.0
16	77125011	26.0	38.0
16	77689085	44.0	40.0
16	77709303	31.0	45.0
16	78929395	34.0	45.0
16	79034454	4.0	45.0
16	79064759	29.0	37.0
16	79819799	35.0	34.0
16	81880968	39.0	24.0
16	84972166	16.0	21.0
16	85893739	29.0	31.0
16	89245672	26.0	27.0
16	89989779	19.0	20.0
17	886585	5.0	36.0
17	3363764	32.0	40.0
17	3658046	21.0	24.0
17	6220535	25.0	37.0
17	7739088	18.0	19.0
17	9706460	16.0	16.0
17	9750636	25.0	34.0
17	10234009	20.0	22.0
17	10581393	27.0	51.0
17	11103146	26.0	31.0
17	12164546	27.0	40.0
17	12594620	32.0	45.0
17	13539303	34.0	39.0
17	14755973	37.0	47.0
17	20593521	43.0	31.0
17	21504715	23.0	29.0
17	22158665	26.0	47.0
17	25656972	29.0	35.0
17	28250667	30.0	40.0
17	30392863	35.0	36.0
17	32155010	15.0	41.0
17	32379992	36.0	24.0
17	32426440	34.0	34.0
17	32594567	40.0	46.0
17	33167350	20.0	38.0
17	33432472	26.0	30.0
17	38857897	7.0	36.0
17	39319919	40.0	31.0
17	41557816	36.0	25.0
17	41701201	35.0	44.0
17	41756841	26.0	25.0
17	44262586	27.0	36.0
17	45088501	26.0	29.0
17	46775868	30.0	33.0
17	47266573	22.0	4.0
17	50620641	38.0	1.0
17	56517362	22.0	1.0
17	57023161	23.0	39.0
17	59707105	7.0	80.0
17	63798858	34.0	43.0
17	70303982	35.0	32.0
17	70374407	28.0	20.0
17	71080860	25.0	33.0
17	72999476	26.0	33.0
17	75122102	35.0	32.0
17	76721119	31.0	37.0
17	80464538	28.0	22.0
17	81006368	29.0	36.0
18	2551612	25.0	42.0
18	3264977	24.0	35.0
18	4545707	26.0	33.0
18	4994035	37.0	43.0
18	5562902	19.0	48.0
18	6399723	39.0	39.0
18	7363901	30.0	31.0
18	7501724	19.0	30.0
18	9834262	32.0	25.0
18	12140182	24.0	37.0
18	21466560	31.0	14.0
18	21718320	37.0	35.0
18	21762875	35.0	33.0
18	21854018	16.0	39.0
18	25692805	27.0	49.0
18	27755771	30.0	30.0
18	27772447	27.0	29.0
18	28918866	43.0	35.0
18	34697987	32.0	23.0
18	37333820	26.0	25.0
18	37539363	5.0	61.0
18	41386819	31.0	54.0
18	44147852	23.0	25.0
18	44784821	45.0	47.0
18	44854528	32.0	42.0
18	45930541	26.0	35.0
18	46151619	28.0	23.0
18	47935293	31.0	30.0
18	48908903	44.0	53.0
18	50419269	28.0	44.0
18	50843797	43.0	34.0
18	50890280	35.0	44.0
18	52877870	37.0	32.0
18	53324857	29.0	38.0
18	53756567	30.0	31.0
18	55864853	30.0	34.0
18	56677836	41.0	33.0
18	56922178	12.0	14.0
18	57743086	22.0	35.0
18	59838065	41.0	35.0
18	61999735	34.0	42.0
18	62996487	5.0	76.0
18	63256679	28.0	45.0
18	63501153	34.0	47.0
18	63678878	39.0	42.0
18	64684075	37.0	37.0
18	65072342	27.0	48.0
18	69510825	40.0	40.0
18	71132026	29.0	43.0
18	75483119	32.0	42.0
18	75836314	28.0	56.0
18	77269264	21.0	35.0
18	77628402	19.0	27.0
18	77889017	29.0	29.0
19	9069917	30.0	34.0
19	9462747	30.0	32.0
19	10562071	24.0	27.0
19	13397601	27.0	15.0
19	16353979	44.0	44.0
19	16910611	26.0	32.0
19	19293612	12.0	26.0
19	19989972	52.0	47.0
19	20133907	37.0	47.0
19	22285641	26.0	37.0
19	22557332	52.0	44.0
19	28842742	29.0	41.0
19	29070306	18.0	15.0
19	29281291	6.0	42.0
19	31398658	21.0	38.0
19	35255790	35.0	47.0
19	35665767	27.0	31.0
19	35971985	34.0	21.0
19	37752232	31.0	44.0
19	43053222	16.0	22.0
19	45128588	37.0	38.0
19	48281609	23.0	23.0
19	48505591	22.0	28.0
19	48530890	31.0	22.0
19	49026934	21.0	32.0
19	50037290	29.0	32.0
2	150807	13.0	48.0
2	355869	36.0	33.0
2	497290	20.0	33.0
2	1438273	34.0	47.0
2	1558627	32.0	25.0
2	3064285	27.0	29.0
2	4504103	44.0	52.0
2	5008940	18.0	28.0
2	5483176	38.0	44.0
2	5816532	12.0	56.0
2	6037115	23.0	33.0
2	7723110	25.0	27.0
2	8040278	48.0	32.0
2	8183913	27.0	35.0
2	8223057	36.0	52.0
2	13184621	27.0	46.0
2	13474564	7.0	19.0
2	13694178	36.0	34.0
2	15505177	31.0	47.0
2	15864862	20.0	23.0
2	15867083	21.0	35.0
2	16491690	29.0	35.0
2	17072740	40.0	50.0
2	17226324	21.0	26.0
2	17699030	37.0	35.0
2	19477582	35.0	43.0
2	19688707	12.0	62.0
2	21042208	45.0	34.0
2	24363395	34.0	33.0
2	30128028	40.0	41.0
2	31642845	30.0	31.0
2	32842273	22.0	25.0
2	38422015	28.0	38.0
2	38869002	32.0	46.0
2	39332653	37.0	54.0
2	39929895	31.0	38.0
2	40145966	45.0	34.0
2	44898329	25.0	29.0
2	45402827	27.0	38.0
2	46282434	21.0	34.0
2	52732324	12.0	67.0
2	56677839	38.0	35.0
2	56851341	34.0	57.0
2	58855326	38.0	46.0
2	59592667	31.0	49.0
2	61311270	22.0	19.0
2	62183692	27.0	30.0
2	62225190	39.0	29.0
2	62400402	38.0	37.0
2	62713969	15.0	36.0
2	62912365	37.0	45.0
2	63758207	24.0	31.0
2	63978363	40.0	44.0
2	64175132	35.0	41.0
2	66617901	25.0	38.0
2	67317941	29.0	43.0
2	68408159	36.0	39.0
2	70667994	32.0	27.0
2	71735665	4.0	67.0
2	73380592	25.0	31.0
2	76105214	34.0	29.0
2	77374421	32.0	26.0
2	77419971	37.0	42.0
2	77471052	16.0	23.0
2	78073356	5.0	37.0
2	78345981	46.0	25.0
2	78983936	6.0	86.0
2	80045849	26.0	19.0
2	80505271	30.0	34.0
2	80514443	31.0	34.0
2	80824658	26.0	37.0
2	80918930	4.0	20.0
2	81194666	19.0	24.0
2	81290985	34.0	49.0
2	83643466	5.0	61.0
2	85376740	30.0	38.0
2	86364364	40.0	41.0
2	86582369	21.0	39.0
2	88370453	19.0	16.0
2	88815477	37.0	35.0
2	89152338	34.0	37.0
2	89982855	12.0	13.0
2	100871123	37.0	29.0
2	102469606	23.0	37.0
2	103190096	32.0	38.0
2	104000674	32.0	51.0
2	104093001	31.0	29.0
2	107353935	19.0	33.0
2	107607654	33.0	44.0
2	107862006	10.0	64.0
2	107930527	44.0	41.0
2	107994243	46.0	51.0
2	108198246	36.0	33.0
2	114716864	30.0	36.0
2	116074750	36.0	30.0
2	116424910	34.0	33.0
2	116502515	50.0	36.0
2	117592457	32.0	53.0
2	118243612	28.0	35.0
2	119752703	41.0	30.0
2	119904981	23.0	36.0
2	122665665	23.0	33.0
2	124009972	38.0	37.0
2	124323547	32.0	31.0
2	124600786	36.0	37.0
2	124956541	31.0	40.0
2	125124683	39.0	50.0
2	126945878	28.0	37.0
2	127277078	27.0	19.0
2	131428236	29.0	42.0
2	132616573	4.0	28.0
2	134827168	27.0	45.0
2	137678013	29.0	35.0
2	138100759	31.0	37.0
2	139299831	32.0	41.0
2	140803204	6.0	68.0
2	140957845	36.0	39.0
2	141228087	22.0	23.0
2	141381010	35.0	46.0
2	141722410	32.0	34.0
2	142692660	41.0	53.0
2	143036570	5.0	88.0
2	143111367	24.0	23.0
2	143184740	31.0	34.0
2	143318294	27.0	32.0
2	143362032	24.0	51.0
2	143485627	28.0	39.0
2	143781766	41.0	60.0
2	144120690	39.0	40.0
2	144798194	34.0	25.0
2	144955266	44.0	32.0
2	146461827	53.0	42.0
2	146599066	35.0	39.0
2	146716868	32.0	45.0
2	147031017	29.0	34.0
2	148229906	37.0	45.0
2	148571188	32.0	28.0
2	151032945	28.0	35.0
2	151917617	32.0	39.0
2	151929275	28.0	43.0
2	154074264	30.0	43.0
2	154768910	33.0	39.0
2	156645779	36.0	44.0
2	157072248	20.0	34.0
2	159109726	39.0	49.0
2	162879629	30.0	29.0
2	164996879	38.0	33.0
2	166202151	25.0	39.0
2	167527723	13.0	71.0
2	168128757	36.0	40.0
2	170105269	10.0	16.0
2	170182733	3.0	6.0
2	170720217	36.0	22.0
2	172576656	36.0	50.0
2	173420756	12.0	38.0
2	174867984	26.0	30.0
2	177439310	37.0	42.0
2	183397589	26.0	16.0
2	185338076	36.0	50.0
2	188228368	39.0	46.0
2	189402943	40.0	37.0
2	189725801	34.0	31.0
2	191944006	26.0	27.0
2	192441413	21.0	38.0
2	192926972	43.0	32.0
2	193110037	36.0	31.0
2	193742833	45.0	44.0
2	194089142	47.0	51.0
2	194887775	7.0	59.0
2	195004846	53.0	39.0
2	195005165	33.0	29.0
2	198526078	36.0	29.0
2	198962411	26.0	44.0
2	199140366	49.0	55.0
2	199155062	27.0	40.0
2	199178444	37.0	27.0
2	200394564	42.0	36.0
2	201438254	24.0	40.0
2	203571140	42.0	43.0
2	203704926	7.0	42.0
2	208570390	29.0	39.0
2	209723101	41.0	52.0
2	209904785	39.0	43.0
2	211835654	51.0	43.0
2	212406055	41.0	33.0
2	212633065	26.0	36.0
2	218862201	33.0	27.0
2	219533994	32.0	32.0
2	220827976	41.0	40.0
2	224338524	34.0	38.0
2	231385728	37.0	38.0
2	232728720	26.0	32.0
2	234259442	33.0	39.0
2	237649883	31.0	35.0
2	238033475	28.0	27.0
2	238201077	50.0	35.0
2	238432553	30.0	24.0
2	240755775	29.0	22.0
2	241025183	39.0	49.0
20	2817502	20.0	18.0
20	6617792	35.0	42.0
20	6895457	34.0	27.0
20	7662040	43.0	50.0
20	9074702	38.0	45.0
20	10288093	33.0	37.0
20	11149324	29.0	19.0
20	15436750	29.0	40.0
20	15581486	36.0	30.0
20	18980731	22.0	31.0
20	19011885	44.0	49.0
20	19290135	27.0	41.0
20	20726122	33.0	31.0
20	23113286	17.0	40.0
20	24626461	42.0	24.0
20	29930609	35.0	46.0
20	31517546	24.0	30.0
20	35094757	23.0	31.0
20	36921074	29.0	29.0
20	38106441	35.0	44.0
20	38415334	34.0	21.0
20	38862110	32.0	30.0
20	40294518	34.0	42.0
20	40441210	46.0	35.0
20	45572799	31.0	35.0
20	45766385	29.0	39.0
20	46677344	30.0	39.0
20	47976501	20.0	47.0
20	51332893	23.0	42.0
20	52111955	28.0	27.0
20	52527003	21.0	32.0
20	53382770	50.0	47.0
20	55534523	40.0	36.0
20	57395921	24.0	30.0
20	57396976	22.0	43.0
20	58131764	40.0	49.0
21	9655767	26.0	142.0
21	10606956	20.0	112.0
21	10868891	30.0	197.0
21	15779777	22.0	19.0
21	20577253	38.0	31.0
21	21272902	26.0	28.0
21	21299082	35.0	39.0
21	22710469	43.0	45.0
21	22987997	30.0	44.0
21	23797270	43.0	36.0
21	23860097	48.0	42.0
21	23935569	32.0	33.0
21	24512439	8.0	62.0
21	25469289	24.0	33.0
21	25578374	38.0	42.0
21	29167319	41.0	42.0
21	29686655	33.0	30.0
21	29841460	26.0	33.0
21	30655460	39.0	41.0
21	31492337	25.0	30.0
21	31731855	8.0	73.0
21	32032526	36.0	33.0
21	32119090	40.0	43.0
21	34334410	29.0	22.0
21	38853022	43.0	41.0
21	39025747	32.0	34.0
21	39907475	36.0	40.0
21	41683457	31.0	39.0
21	42023669	28.0	41.0
21	42810925	25.0	30.0
21	45840323	18.0	40.0
22	19400054	40.0	26.0
22	23106759	32.0	37.0
22	27149743	29.0	34.0
22	32275988	33.0	45.0
22	33127092	31.0	45.0
22	35801516	23.0	17.0
22	35955611	25.0	40.0
22	36110356	30.0	31.0
22	36388823	42.0	30.0
22	37228055	30.0	34.0
22	37798315	28.0	34.0
22	37801886	26.0	20.0
22	42551213	30.0	30.0
22	48966412	44.0	31.0
22	49445483	21.0	31.0
22	49516583	19.0	33.0
3	918595	16.0	36.0
3	1560072	41.0	41.0
3	1759002	31.0	39.0
3	2049741	6.0	9.0
3	2176971	25.0	39.0
3	2317332	36.0	47.0
3	2378950	36.0	31.0
3	2397134	25.0	49.0
3	3299783	37.0	43.0
3	3998143	48.0	36.0
3	5154599	24.0	38.0
3	6025727	36.0	38.0
3	6132274	40.0	37.0
3	6881510	25.0	38.0
3	7030325	27.0	45.0
3	9684555	28.0	26.0
3	13403056	24.0	29.0
3	13632640	32.0	33.0
3	14037164	35.0	42.0
3	14507203	37.0	36.0
3	14732918	23.0	44.0
3	17918478	19.0	27.0
3	20407950	41.0	31.0
3	22122443	39.0	44.0
3	23307581	7.0	49.0
3	23324215	42.0	40.0
3	23734931	20.0	22.0
3	24781097	22.0	27.0
3	26296119	54.0	43.0
3	26629517	28.0	25.0
3	26773921	47.0	37.0
3	27530781	28.0	34.0
3	28078558	33.0	30.0
3	28958751	8.0	54.0
3	29065195	40.0	43.0
3	29480587	36.0	33.0
3	29633746	49.0	35.0
3	30785011	26.0	32.0
3	38289586	33.0	31.0
3	38700484	37.0	25.0
3	38778938	21.0	24.0
3	41291782	30.0	42.0
3	43194935	29.0	35.0
3	45285755	23.0	38.0
3	45531814	30.0	35.0
3	45934882	39.0	33.0
3	47323947	24.0	26.0
3	50281307	16.0	30.0
3	50886540	25.0	32.0
3	58583522	30.0	23.0
3	65775261	30.0	42.0
3	76208804	26.0	36.0
3	76377517	39.0	37.0
3	76385291	37.0	37.0
3	76408947	31.0	41.0
3	76414770	39.0	40.0
3	76699504	24.0	36.0
3	76760842	34.0	34.0
3	77007399	36.0	31.0
3	78239452	36.0	55.0
3	79437964	38.0	41.0
3	79460865	37.0	47.0
3	79772978	39.0	55.0
3	80562938	50.0	43.0
3	80718041	42.0	34.0
3	80904358	45.0	38.0
3	80935010	34.0	47.0
3	81373005	40.0	38.0
3	82526914	32.0	38.0
3	83807172	35.0	34.0
3	84383539	46.0	40.0
3	85430294	35.0	43.0
3	86556863	5.0	67.0
3	87228848	37.0	39.0
3	87430315	33.0	36.0
3	88620920	41.0	38.0
3	89812950	38.0	46.0
3	90411060	42.0	51.0
3	94077256	33.0	39.0
3	94875972	34.0	43.0
3	95070230	29.0	35.0
3	95092603	35.0	35.0
3	95162254	31.0	37.0
3	97854769	26.0	41.0
3	98688686	31.0	24.0
3	100617263	22.0	31.0
3	102392078	30.0	35.0
3	102560610	28.0	37.0
3	102814272	48.0	45.0
3	104528698	29.0	31.0
3	104587740	41.0	52.0
3	106327740	13.0	24.0
3	106361411	39.0	44.0
3	108573581	43.0	38.0
3	108930372	45.0	56.0
3	109420435	33.0	49.0
3	109489386	39.0	30.0
3	110496724	32.0	41.0
3	110648585	33.0	53.0
3	116652188	34.0	34.0
3	118337950	33.0	35.0
3	122890007	19.0	28.0
3	123671118	29.0	36.0
3	124837650	24.0	35.0
3	131580752	4.0	64.0
3	135302812	23.0	32.0
3	135789895	30.0	37.0
3	138552129	20.0	22.0
3	139654423	23.0	23.0
3	141858894	28.0	46.0
3	143173480	27.0	52.0
3	143389819	41.0	44.0
3	144326209	33.0	36.0
3	144397333	35.0	45.0
3	144463186	30.0	34.0
3	147384957	31.0	44.0
3	147907223	51.0	48.0
3	148255080	35.0	38.0
3	148431151	28.0	35.0
3	151086541	16.0	44.0
3	151668779	34.0	52.0
3	153419916	31.0	47.0
3	155965438	26.0	41.0
3	156780721	35.0	33.0
3	160058020	38.0	41.0
3	163372066	45.0	48.0
3	163576604	14.0	52.0
3	164173241	33.0	49.0
3	165246456	43.0	45.0
3	165364280	32.0	41.0
3	166487527	36.0	32.0
3	167014271	45.0	46.0
3	168145289	29.0	38.0
3	168978353	30.0	29.0
3	169072324	45.0	53.0
3	171434285	41.0	38.0
3	171584595	31.0	29.0
3	172050712	44.0	47.0
3	175729289	37.0	44.0
3	176320400	26.0	31.0
3	176857977	23.0	31.0
3	177242324	28.0	36.0
3	179479214	26.0	31.0
3	181198567	29.0	44.0
3	181709834	32.0	39.0
3	189816256	34.0	45.0
3	191041149	36.0	32.0
3	192564553	34.0	41.0
3	192707272	29.0	37.0
3	194284437	33.0	27.0
3	194368723	33.0	32.0
3	195146803	30.0	37.0
4	1013681	25.0	39.0
4	1156359	35.0	43.0
4	3730182	26.0	23.0
4	3874349	20.0	23.0
4	4652279	26.0	35.0
4	4850572	21.0	33.0
4	5898812	37.0	34.0
4	6172446	2.0	35.0
4	7570222	37.0	39.0
4	8547820	20.0	41.0
4	12249366	29.0	43.0
4	14394838	18.0	33.0
4	16257526	29.0	33.0
4	17104555	8.0	65.0
4	17515167	44.0	34.0
4	18898890	28.0	28.0
4	19646598	39.0	38.0
4	21039336	49.0	46.0
4	21430033	32.0	36.0
4	21619073	40.0	43.0
4	23434076	29.0	48.0
4	24225593	34.0	40.0
4	25851109	11.0	50.0
4	27417222	33.0	43.0
4	27707455	29.0	40.0
4	29396888	34.0	43.0
4	29653910	38.0	40.0
4	29692605	29.0	46.0
4	29735237	40.0	34.0
4	32033430	32.0	29.0
4	32359151	30.0	39.0
4	33161184	46.0	60.0
4	33801379	36.0	48.0
4	33981251	41.0	44.0
4	34301668	36.0	47.0
4	34339145	34.0	35.0
4	34829020	17.0	25.0
4	38006880	33.0	29.0
4	39795999	15.0	23.0
4	39856438	43.0	45.0
4	40162016	40.0	44.0
4	41560567	21.0	35.0
4	41646837	24.0	19.0
4	44209405	32.0	41.0
4	45230734	5.0	78.0
4	48294621	17.0	32.0
4	56431049	22.0	36.0
4	58325008	37.0	41.0
4	59000201	33.0	35.0
4	59109074	35.0	51.0
4	59726998	31.0	54.0
4	61192429	40.0	43.0
4	61373185	7.0	16.0
4	62275106	25.0	40.0
4	63045337	28.0	36.0
4	63103748	31.0	49.0
4	64208306	42.0	53.0
4	65623628	45.0	32.0
4	67504845	39.0	27.0
4	68043467	22.0	23.0
4	70964142	37.0	48.0
4	71703211	17.0	14.0
4	73193639	34.0	49.0
4	73940884	35.0	50.0
4	74702339	30.0	33.0
4	74821307	25.0	15.0
4	75638929	26.0	36.0
4	76088474	45.0	37.0
4	76769499	29.0	35.0
4	80705694	32.0	40.0
4	82790004	30.0	24.0
4	85382919	23.0	31.0
4	88748406	32.0	45.0
4	88772219	13.0	40.0
4	89933234	37.0	35.0
4	90893407	44.0	61.0
4	94164173	22.0	43.0
4	94683735	33.0	31.0
4	94858187	37.0	49.0
4	95568792	42.0	41.0
4	96459031	29.0	48.0
4	96694513	43.0	47.0
4	96827997	33.0	31.0
4	96950635	40.0	34.0
4	97501656	34.0	58.0
4	98541793	7.0	63.0
4	99021932	27.0	33.0
4	101105240	40.0	43.0
4	102111116	35.0	53.0
4	102405426	40.0	45.0
4	108309086	32.0	47.0
4	109458805	39.0	30.0
4	110652628	46.0	39.0
4	110965711	30.0	43.0
4	111598291	31.0	45.0
4	111598334	40.0	37.0
4	114338255	43.0	40.0
4	114369001	30.0	52.0
4	116254829	38.0	32.0
4	116364505	38.0	41.0
4	116616106	44.0	42.0
4	116912113	39.0	40.0
4	117061257	31.0	45.0
4	117723720	4.0	65.0
4	117956824	4.0	85.0
4	117981284	26.0	32.0
4	118066382	41.0	54.0
4	118593908	37.0	50.0
4	118639838	32.0	31.0
4	121209991	42.0	23.0
4	121645325	38.0	35.0
4	122053920	28.0	35.0
4	122838474	33.0	39.0
4	122983288	21.0	32.0
4	127976894	16.0	32.0
4	128390122	27.0	32.0
4	131473487	31.0	40.0
4	135261055	41.0	43.0
4	135397406	39.0	47.0
4	135761789	36.0	32.0
4	135831807	23.0	37.0
4	136849625	29.0	34.0
4	137001126	51.0	37.0
4	137411920	45.0	43.0
4	139402880	40.0	52.0
4	144068000	36.0	39.0
4	146485405	21.0	46.0
4	149044540	35.0	42.0
4	150040056	21.0	26.0
4	150682207	34.0	43.0
4	151077676	27.0	33.0
4	151077677	26.0	32.0
4	151618707	37.0	32.0
4	153498044	26.0	29.0
4	153607047	12.0	64.0
4	155683476	30.0	35.0
4	155749257	35.0	41.0
4	156898570	33.0	36.0
4	157194531	49.0	42.0
4	158988175	32.0	45.0
4	159242237	28.0	35.0
4	159557801	40.0	41.0
4	160427373	28.0	37.0
4	160511463	33.0	40.0
4	162589967	35.0	42.0
4	162802716	52.0	39.0
4	164303221	32.0	46.0
4	166484940	34.0	41.0
4	168250204	33.0	49.0
4	170790426	46.0	37.0
4	171784170	44.0	34.0
4	172373639	14.0	41.0
4	174437433	28.0	39.0
4	175040105	23.0	40.0
4	175461669	39.0	27.0
4	175499284	41.0	28.0
4	175724904	36.0	51.0
4	175796101	30.0	44.0
4	176283166	39.0	27.0
4	177817747	41.0	33.0
4	178973603	33.0	35.0
4	179218552	41.0	31.0
4	179626073	41.0	49.0
4	179847138	32.0	30.0
4	180149030	46.0	41.0
4	185882968	27.0	20.0
4	191036249	25.0	287.0
4	191039849	22.0	226.0
4	191041249	16.0	112.0
5	1783185	30.0	29.0
5	2104608	29.0	37.0
5	3572368	28.0	39.0
5	4474045	39.0	32.0
5	5286966	9.0	14.0
5	6761486	41.0	43.0
5	6902564	32.0	19.0
5	8866054	35.0	38.0
5	9002656	30.0	44.0
5	9878806	26.0	45.0
5	12784014	31.0	44.0
5	13604721	33.0	35.0
5	15683727	44.0	37.0
5	16249032	43.0	44.0
5	17622950	24.0	38.0
5	18156667	32.0	45.0
5	18341104	7.0	65.0
5	18409346	48.0	54.0
5	18489063	43.0	43.0
5	18620533	41.0	41.0
5	20321556	40.0	44.0
5	20403056	36.0	42.0
5	21702701	35.0	47.0
5	21747907	49.0	46.0
5	23111993	42.0	37.0
5	23153461	34.0	33.0
5	23254424	18.0	35.0
5	23492726	18.0	23.0
5	24731406	47.0	39.0
5	24935340	4.0	76.0
5	25582432	24.0	30.0
5	26803898	31.0	51.0
5	26806459	36.0	38.0
5	27401810	12.0	72.0
5	27611605	41.0	33.0
5	27652762	31.0	35.0
5	27653744	50.0	43.0
5	28001870	39.0	31.0
5	28202357	30.0	41.0
5	28561636	30.0	33.0
5	29115992	4.0	82.0
5	29126105	37.0	45.0
5	29261738	45.0	45.0
5	29551146	33.0	39.0
5	30053887	44.0	39.0
5	31228392	29.0	29.0
5	33906203	24.0	38.0
5	35281880	29.0	39.0
5	37773231	33.0	43.0
5	39012205	30.0	29.0
5	40105708	48.0	40.0
5	40336029	34.0	27.0
5	41609759	31.0	41.0
5	42448655	31.0	35.0
5	44953934	38.0	35.0
5	45553699	32.0	37.0
5	52609209	36.0	34.0
5	52799870	28.0	35.0
5	52897129	5.0	62.0
5	54204098	33.0	39.0
5	55124766	5.0	85.0
5	56835045	33.0	58.0
5	58497159	39.0	55.0
5	61506112	32.0	27.0
5	62242122	35.0	34.0
5	62330620	41.0	45.0
5	62847602	35.0	39.0
5	62865976	45.0	37.0
5	65383596	33.0	42.0
5	65819982	29.0	21.0
5	66375295	36.0	38.0
5	67347492	33.0	32.0
5	73470297	25.0	36.0
5	73944691	25.0	31.0
5	74395350	33.0	32.0
5	74398732	7.0	45.0
5	78507414	5.0	25.0
5	83550010	26.0	40.0
5	84910607	46.0	41.0
5	85133886	26.0	33.0
5	85213877	27.0	37.0
5	85428786	30.0	42.0
5	85534589	7.0	70.0
5	86411163	39.0	46.0
5	87368063	34.0	32.0
5	87393660	27.0	43.0
5	88147498	32.0	40.0
5	88663084	36.0	31.0
5	89387632	57.0	47.0
5	93233933	38.0	55.0
5	97744168	40.0	45.0
5	98427456	36.0	42.0
5	99023522	40.0	41.0
5	99414607	1.0	79.0
5	102732477	5.0	70.0
5	104792170	4.0	62.0
5	104872068	39.0	48.0
5	105838303	41.0	53.0
5	106548791	34.0	41.0
5	106790242	36.0	44.0
5	109790384	34.0	41.0
5	110492648	39.0	46.0
5	111518778	32.0	28.0
5	113603464	46.0	39.0
5	113946563	57.0	33.0
5	115203254	37.0	47.0
5	116760407	40.0	24.0
5	117217976	38.0	38.0
5	119030377	29.0	32.0
5	119149942	43.0	39.0
5	120192347	36.0	40.0
5	120332184	29.0	40.0
5	120969548	36.0	36.0
5	123224062	41.0	43.0
5	125493801	39.0	40.0
5	126425954	38.0	42.0
5	127857294	42.0	55.0
5	127884819	46.0	63.0
5	131803164	27.0	41.0
5	132384457	27.0	41.0
5	136593600	28.0	32.0
5	140741255	21.0	38.0
5	144419333	28.0	40.0
5	145872957	36.0	36.0
5	149706145	30.0	31.0
5	150851760	27.0	30.0
5	155856580	40.0	34.0
5	157377318	37.0	43.0
5	158411191	23.0	44.0
5	158701778	36.0	54.0
5	158829480	32.0	32.0
5	161014438	43.0	33.0
5	161527460	29.0	33.0
5	163755868	9.0	153.0
5	167456890	35.0	28.0
5	169796886	22.0	29.0
5	170897666	31.0	36.0
5	172803441	36.0	39.0
5	174493020	38.0	43.0
5	174566012	22.0	44.0
5	176856445	22.0	30.0
5	180620904	29.0	36.0
6	626844	36.0	30.0
6	764326	28.0	25.0
6	2780828	27.0	46.0
6	4363084	20.0	38.0
6	4623912	18.0	32.0
6	4972699	4.0	69.0
6	13778358	40.0	34.0
6	13848612	29.0	49.0
6	17293529	34.0	36.0
6	17548614	35.0	42.0
6	17722140	20.0	24.0
6	23377386	33.0	33.0
6	24459946	22.0	47.0
6	26329029	43.0	50.0
6	27628996	26.0	24.0
6	35140438	26.0	27.0
6	38516250	35.0	40.0
6	38772375	31.0	29.0
6	39094116	21.0	23.0
6	39272052	24.0	24.0
6	39411755	28.0	47.0
6	39807912	29.0	28.0
6	39899250	33.0	28.0
6	41245064	24.0	17.0
6	42619818	42.0	45.0
6	47464594	37.0	39.0
6	49227264	34.0	42.0
6	49227266	32.0	40.0
6	49949529	42.0	35.0
6	50172272	43.0	37.0
6	50492873	38.0	33.0
6	50548590	39.0	33.0
6	50638319	58.0	44.0
6	50910509	31.0	49.0
6	51082835	36.0	38.0
6	52751062	37.0	27.0
6	54682184	31.0	24.0
6	55809849	45.0	45.0
6	58005789	31.0	4.0
6	58051416	43.0	4.0
6	58675802	39.0	49.0
6	58675854	33.0	49.0
6	63160774	41.0	5.0
6	65791840	33.0	2.0
6	66831992	8.0	46.0
6	69196128	42.0	6.0
6	69672003	39.0	6.0
6	76803241	41.0	5.0
6	78924223	35.0	1.0
6	83167053	38.0	4.0
6	83444324	25.0	2.0
6	85288472	45.0	7.0
6	87080765	43.0	8.0
6	90889830	36.0	7.0
6	92008853	44.0	1.0
6	94330766	5.0	39.0
6	94330774	5.0	36.0
6	94557057	45.0	6.0
6	98528057	38.0	4.0
6	99063214	3.0	27.0
6	100398346	32.0	1.0
6	101713618	39.0	3.0
6	103720443	50.0	3.0
6	106192752	38.0	4.0
6	106469214	29.0	5.0
6	111257299	23.0	1.0
6	112523261	27.0	1.0
6	115031554	41.0	6.0
6	117344237	42.0	3.0
6	121796121	29.0	1.0
6	132406057	36.0	3.0
6	143506549	10.0	13.0
6	151901795	33.0	7.0
6	154845659	18.0	4.0
6	155674784	39.0	2.0
6	156473560	34.0	4.0
6	163600022	30.0	2.0
6	165647645	32.0	3.0
7	7879713	56.0	37.0
7	9297323	33.0	57.0
7	10283640	75.0	40.0
7	10325212	30.0	73.0
7	10393005	31.0	88.0
7	10634916	31.0	74.0
7	15031530	30.0	95.0
7	19800376	30.0	75.0
7	22927725	30.0	66.0
7	24013508	75.0	37.0
7	31421328	37.0	61.0
7	31437256	69.0	34.0
7	35482393	23.0	71.0
7	36602920	26.0	54.0
7	37432628	47.0	29.0
7	37631208	37.0	62.0
7	38181034	26.0	55.0
7	40437879	51.0	23.0
7	41132946	37.0	84.0
7	41695800	31.0	96.0
7	41715239	70.0	49.0
7	43222366	38.0	63.0
7	43548048	24.0	95.0
7	43940079	56.0	57.0
7	46739747	87.0	40.0
7	49463332	57.0	41.0
7	49609428	82.0	43.0
7	49737444	33.0	86.0
7	50759670	38.0	77.0
7	51048922	36.0	88.0
7	52679926	7.0	97.0
7	52733796	85.0	43.0
7	53180615	95.0	34.0
7	54536625	28.0	58.0
7	54867359	47.0	29.0
7	58036903	77.0	43.0
7	68035367	43.0	80.0
7	68806218	24.0	61.0
7	69840162	30.0	90.0
7	70472552	62.0	34.0
7	71013571	38.0	32.0
7	71400061	23.0	51.0
7	72088076	73.0	43.0
7	75774933	22.0	46.0
7	76670589	19.0	144.0
7	79254807	21.0	29.0
7	79512833	39.0	74.0
7	82403983	74.0	46.0
7	82625248	55.0	81.0
7	83087221	76.0	30.0
7	83217760	44.0	77.0
7	83924833	35.0	78.0
7	84055436	31.0	51.0
7	85243152	69.0	36.0
7	88849324	34.0	89.0
7	89181483	33.0	72.0
7	91514769	62.0	37.0
7	93207507	79.0	40.0
7	94618050	40.0	78.0
7	94755561	37.0	87.0
7	101283682	61.0	29.0
7	101388374	33.0	59.0
7	105495968	73.0	43.0
7	107323103	52.0	40.0
7	108638382	74.0	43.0
7	109889422	53.0	81.0
7	111546658	55.0	34.0
7	112691561	83.0	34.0
7	112949142	81.0	34.0
7	115729113	66.0	38.0
7	116647215	83.0	37.0
7	116998851	41.0	89.0
7	117142278	72.0	35.0
7	117224034	83.0	35.0
7	118024548	77.0	21.0
7	118423678	6.0	121.0
7	119162713	39.0	83.0
7	121535355	63.0	34.0
7	122054585	57.0	44.0
7	122109688	25.0	60.0
7	122328263	59.0	37.0
7	123450105	39.0	70.0
7	124562394	88.0	33.0
7	125114083	45.0	72.0
7	125693640	81.0	37.0
7	126323785	76.0	56.0
7	126985975	37.0	55.0
7	127114441	55.0	50.0
7	129220333	33.0	83.0
7	130500315	55.0	27.0
7	131477852	63.0	23.0
7	137833982	39.0	58.0
7	138479721	24.0	51.0
7	143009928	37.0	82.0
7	143772037	67.0	42.0
7	144596024	57.0	36.0
7	145218789	40.0	84.0
7	145322762	86.0	33.0
7	145703132	34.0	55.0
7	146536559	40.0	67.0
7	146624591	35.0	85.0
7	147785234	27.0	88.0
7	148282265	37.0	72.0
7	152049027	27.0	75.0
7	155672310	61.0	38.0
8	306704	33.0	36.0
8	2021476	32.0	40.0
8	4637756	33.0	42.0
8	5275962	35.0	28.0
8	5780124	31.0	44.0
8	6085287	24.0	29.0
8	6136142	7.0	40.0
8	9132841	42.0	43.0
8	9260852	34.0	27.0
8	9268424	28.0	31.0
8	9503279	38.0	44.0
8	10439450	33.0	29.0
8	10982864	23.0	33.0
8	12786094	33.0	48.0
8	13768074	48.0	34.0
8	18744846	25.0	34.0
8	19638388	34.0	34.0
8	19724978	36.0	25.0
8	20425775	25.0	39.0
8	25033006	5.0	72.0
8	25061665	44.0	50.0
8	25580377	52.0	125.0
8	31292418	28.0	34.0
8	34830573	28.0	38.0
8	36027936	33.0	47.0
8	39769947	32.0	41.0
8	42993000	30.0	34.0
8	43237169	33.0	22.0
8	47237704	21.0	15.0
8	47316605	31.0	35.0
8	47518210	39.0	48.0
8	49524725	7.0	62.0
8	49644092	44.0	47.0
8	52094678	31.0	51.0
8	54186852	28.0	34.0
8	54917851	44.0	53.0
8	57371950	42.0	36.0
8	57543153	34.0	36.0
8	58202297	36.0	26.0
8	58669553	32.0	32.0
8	59343059	42.0	46.0
8	60358686	31.0	41.0
8	63370945	34.0	59.0
8	63533240	5.0	79.0
8	65762778	32.0	39.0
8	67319559	50.0	40.0
8	68384746	30.0	38.0
8	68866872	39.0	46.0
8	69368190	32.0	42.0
8	69471112	35.0	39.0
8	69669374	37.0	46.0
8	69784531	30.0	37.0
8	70797185	36.0	35.0
8	70987083	37.0	26.0
8	71023655	40.0	40.0
8	72785960	42.0	42.0
8	74150674	47.0	30.0
8	75704364	39.0	35.0
8	76794825	51.0	49.0
8	77432077	25.0	34.0
8	77597179	6.0	62.0
8	78900353	32.0	40.0
8	78996824	44.0	46.0
8	82853541	42.0	35.0
8	83082488	38.0	32.0
8	83164749	54.0	43.0
8	83177003	44.0	38.0
8	83854216	20.0	75.0
8	85215894	36.0	34.0
8	85644864	34.0	49.0
8	87244942	29.0	40.0
8	87300108	37.0	47.0
8	87676722	25.0	33.0
8	89061211	25.0	40.0
8	92496703	26.0	40.0
8	93425781	24.0	29.0
8	93512725	40.0	55.0
8	94858008	27.0	34.0
8	94876299	31.0	35.0
8	95302422	27.0	30.0
8	95995491	6.0	38.0
8	97035028	10.0	76.0
8	102488005	35.0	41.0
8	103516891	29.0	49.0
8	106347505	32.0	46.0
8	106385347	45.0	43.0
8	107115937	29.0	40.0
8	108983158	4.0	72.0
8	109447823	33.0	28.0
8	109803612	35.0	40.0
8	109845955	22.0	39.0
8	109846904	46.0	43.0
8	109849151	34.0	38.0
8	109860945	31.0	42.0
8	109915384	25.0	34.0
8	110670736	30.0	36.0
8	112487041	37.0	39.0
8	113011600	36.0	32.0
8	114187910	42.0	61.0
8	114951741	5.0	40.0
8	115631788	28.0	49.0
8	117814756	4.0	74.0
8	119092387	41.0	40.0
8	119813791	23.0	38.0
8	120380609	18.0	48.0
8	120415061	39.0	32.0
8	123003941	39.0	43.0
8	123099619	36.0	36.0
8	126772214	21.0	41.0
8	128073228	25.0	35.0
8	128394726	35.0	25.0
8	128645601	29.0	32.0
8	131539598	31.0	41.0
8	132422726	24.0	39.0
8	133546003	26.0	38.0
8	135601892	27.0	36.0
8	136613836	36.0	37.0
8	136614307	32.0	44.0
8	137081452	39.0	30.0
8	137802876	30.0	50.0
8	141539253	29.0	28.0
8	144105571	27.0	28.0
9	199548	20.0	31.0
9	1254912	36.0	30.0
9	1631223	29.0	42.0
9	2394964	38.0	32.0
9	3904308	32.0	45.0
9	8709156	28.0	34.0
9	9519098	48.0	51.0
9	10714328	37.0	40.0
9	10715269	36.0	37.0
9	12216637	45.0	34.0
9	12443975	40.0	45.0
9	12523808	41.0	35.0
9	12912589	30.0	42.0
9	13669922	18.0	44.0
9	14164257	26.0	36.0
9	14947798	15.0	40.0
9	16672211	29.0	38.0
9	16695439	25.0	27.0
9	17713132	29.0	25.0
9	20321205	30.0	40.0
9	21850861	28.0	23.0
9	21861047	34.0	30.0
9	22381502	6.0	74.0
9	22560039	34.0	50.0
9	23126518	27.0	42.0
9	24556622	5.0	72.0
9	25385995	38.0	34.0
9	27427428	20.0	32.0
9	29011669	47.0	29.0
9	29202226	9.0	70.0
9	29596403	28.0	53.0
9	29944350	42.0	42.0
9	31801627	46.0	37.0
9	32770915	35.0	34.0
9	34075945	34.0	25.0
9	38650538	40.0	34.0
9	74753115	25.0	33.0
9	76367926	38.0	44.0
9	80224547	27.0	40.0
9	82015143	36.0	34.0
9	82317362	39.0	35.0
9	84470348	30.0	35.0
9	84771123	42.0	40.0
9	85906500	28.0	30.0
9	86712696	30.0	34.0
9	87541675	42.0	35.0
9	91299578	21.0	35.0
9	91831830	25.0	33.0
9	94192116	35.0	24.0
9	96007675	19.0	2.0
9	101243623	9.0	38.0
9	103604147	4.0	27.0
9	106166075	32.0	4.0
9	112144931	30.0	40.0
9	112572068	35.0	30.0
9	115550897	31.0	35.0
9	116958287	18.0	29.0
9	120796723	32.0	27.0
9	121150897	49.0	49.0
9	122542137	44.0	35.0
9	128131077	13.0	19.0
9	132964048	18.0	23.0
9	140716230	34.0	27.0
9	140887583	35.0	55.0
X	308716	26.0	27.0
X	493605	7.0	57.0
X	947578	24.0	32.0
X	1463137	26.0	22.0
X	1613497	19.0	34.0
X	5304870	29.0	1.0
X	5739631	20.0	3.0
X	12908315	4.0	37.0
X	18129339	4.0	15.0
X	23218536	8.0	27.0
X	28902553	35.0	3.0
X	33190449	51.0	2.0
X	33778874	8.0	24.0
X	35221626	10.0	33.0
X	44320736	34.0	1.0
X	45735864	24.0	3.0
X	51975595	43.0	2.0
X	53583759	41.0	1.0
X	76326107	39.0	1.0
X	78072738	35.0	1.0
X	78314113	32.0	3.0
X	78316153	37.0	1.0
X	79715553	40.0	3.0
X	82875596	39.0	3.0
X	87117012	5.0	37.0
X	91501426	31.0	2.0
X	92737509	49.0	4.0
X	93533445	3.0	22.0
X	94153520	30.0	4.0
X	97782219	16.0	1.0
X	109814182	34.0	1.0
X	110451433	35.0	3.0
X	111322901	12.0	25.0
X	112525568	39.0	2.0
X	118048659	7.0	16.0
X	124703774	35.0	2.0
X	129472905	24.0	4.0
X	131242839	30.0	11.0
X	132929093	33.0	3.0
X	136285819	34.0	1.0
X	141931829	24.0	1.0
X	142094169	38.0	1.0
X	143067236	46.0	3.0
X	143755570	32.0	5.0
X	144041917	5.0	27.0
X	144534094	39.0	2.0
X	146072851	4.0	40.0
X	148524788	46.0	1.0
Y	6987710	28.0	2.0
Y	7582923	29.0	1.0
Y	9076180	24.0	2.0
Y	17645494	37.0	1.0
Y	22427893	5.0	76.0
Y	23803970	33.0	2.0
