chromosome_index	start_position	end_position	major_cn	minor_cn	total_cn
1	10001	7589973	2.0	1.0	3.0
1	7589974	7590760	2.0	1.0	3.0
1	7590761	12485626	2.0	1.0	3.0
1	12485627	12496059	2.0	1.0	3.0
1	12496060	14053979	2.0	1.0	3.0
1	14053980	29361188	2.0	0.0	2.0
1	29361189	30564407	2.0	1.0	3.0
1	30564408	35089262	2.0	2.0	4.0
1	35089263	35350515	2.0	1.0	3.0
1	35350516	36511489	2.0	2.0	4.0
1	36511490	36799947	4.0	2.0	6.0
1	36799948	38239273	2.0	2.0	4.0
1	38239274	38449452	2.0	1.0	3.0
1	38449453	43959316	2.0	2.0	4.0
1	43959317	44031400	2.0	1.0	3.0
1	44031401	46276872	2.0	2.0	4.0
1	46276873	47377189	2.0	1.0	3.0
1	47377190	54636434	2.0	2.0	4.0
1	54636435	57506964	4.0	2.0	6.0
1	57506965	66803979	2.0	2.0	4.0
1	66803980	67105190	2.0	1.0	3.0
1	67105191	67118288	2.0	2.0	4.0
1	67118289	67243956	2.0	1.0	3.0
1	67243957	67702011	2.0	0.0	2.0
1	67702012	77079729	2.0	1.0	3.0
1	77079730	78405026	2.0	1.0	3.0
1	78405027	78566274	4.0	1.0	5.0
1	78566275	85284461	2.0	1.0	3.0
1	85284462	85284490	2.0	1.0	3.0
1	85284491	85614814	2.0	1.0	3.0
1	85614815	85617291	2.0	1.0	3.0
1	85617292	94295120	2.0	1.0	3.0
1	94295121	94295308	2.0	1.0	3.0
1	94295309	94750967	2.0	2.0	4.0
1	94750968	94751020	2.0	2.0	4.0
1	94751021	94751178	2.0	2.0	4.0
1	94751179	94825175	2.0	1.0	3.0
1	94825176	94847318	4.0	1.0	5.0
1	94847319	109518953	2.0	1.0	3.0
1	109518954	109751297	3.0	1.0	4.0
1	109751298	110596032	2.0	1.0	3.0
1	110596033	110596511	2.0	1.0	3.0
1	110596512	110937029	2.0	2.0	4.0
1	110937030	116192390	2.0	1.0	3.0
1	116192391	116197154	2.0	1.0	3.0
1	116197155	121499999	2.0	1.0	3.0
1	121500000	128899999	2.0	1.0	3.0
1	128900000	142539002	2.0	1.0	3.0
1	142539003	143502938	2.0	1.0	3.0
1	143502939	146241801	2.0	1.0	3.0
1	146241802	147832197	1.0	0.0	1.0
1	147832198	150164065	1.0	1.0	2.0
1	150164066	150385577	2.0	1.0	3.0
1	150385578	150522101	3.0	1.0	4.0
1	150522102	152082776	3.0	2.0	5.0
1	152082777	155042782	2.0	2.0	4.0
1	155042783	155249958	4.0	1.0	5.0
1	155249959	155865229	2.0	2.0	4.0
1	155865230	156044957	3.0	2.0	5.0
1	156044958	156045110	3.0	2.0	5.0
1	156045111	157327077	2.0	2.0	4.0
1	157327078	157328345	2.0	0.0	2.0
1	157328346	157328971	2.0	0.0	2.0
1	157328972	159537812	2.0	0.0	2.0
1	159537813	160349127	2.0	1.0	3.0
1	160349128	162315784	2.0	2.0	4.0
1	162315785	162860051	3.0	2.0	5.0
1	162860052	163381958	2.0	2.0	4.0
1	163381959	163383637	2.0	1.0	3.0
1	163383638	164590705	2.0	1.0	3.0
1	164590706	164592002	2.0	1.0	3.0
1	164592003	169808032	2.0	0.0	2.0
1	169808033	169824706	2.0	0.0	2.0
1	169824707	171519002	2.0	0.0	2.0
1	171519003	172734146	2.0	2.0	4.0
1	172734147	172736012	2.0	2.0	4.0
1	172736013	174260000	2.0	2.0	4.0
1	174260001	174282248	2.0	2.0	4.0
1	174282249	176547499	2.0	2.0	4.0
1	176547500	178060505	2.0	1.0	3.0
1	178060506	178180494	4.0	1.0	5.0
1	178180495	178538073	3.0	1.0	4.0
1	178538074	178540172	6.0	1.0	7.0
1	178540173	178766740	4.0	1.0	5.0
1	178766741	178767594	2.0	1.0	3.0
1	178767595	180362439	2.0	1.0	3.0
1	180362440	180522777	2.0	0.0	2.0
1	180522778	180629206	2.0	1.0	3.0
1	180629207	180629507	2.0	1.0	3.0
1	180629508	180641223	2.0	1.0	3.0
1	180641224	180740153	2.0	2.0	4.0
1	180740154	181437003	3.0	2.0	5.0
1	181437004	181975634	2.0	2.0	4.0
1	181975635	181976367	2.0	2.0	4.0
1	181976368	182307445	2.0	2.0	4.0
1	182307446	182445026	4.0	2.0	6.0
1	182445027	182745853	4.0	1.0	5.0
1	182745854	182746194	4.0	1.0	5.0
1	182746195	182748305	1.0	0.0	1.0
1	182748306	182748382	2.0	2.0	4.0
1	182748383	182762531	4.0	3.0	7.0
1	182762532	182936678	4.0	2.0	6.0
1	182936679	183743311	2.0	2.0	4.0
1	183743312	183831452	2.0	1.0	3.0
1	183831453	186995341	2.0	1.0	3.0
1	186995342	186996735	2.0	1.0	3.0
1	186996736	191183859	2.0	1.0	3.0
1	191183860	192899974	3.0	2.0	5.0
1	192899975	200226190	2.0	2.0	4.0
1	200226191	201110515	3.0	2.0	5.0
1	201110516	202890632	2.0	0.0	2.0
1	202890633	204176508	2.0	2.0	4.0
1	204176509	204427281	4.0	2.0	6.0
1	204427282	204963784	2.0	2.0	4.0
1	204963785	205562947	3.0	2.0	5.0
1	205562948	208200127	2.0	2.0	4.0
1	208200128	208216900	2.0	1.0	3.0
1	208216901	214715756	2.0	2.0	4.0
1	214715757	214760167	2.0	2.0	4.0
1	214760168	218572789	2.0	2.0	4.0
1	218572790	218765730	4.0	4.0	8.0
1	218765731	222144397	4.0	2.0	6.0
1	222144398	222149169	2.0	1.0	3.0
1	222149170	225495185	4.0	2.0	6.0
1	225495186	226349013	4.0	3.0	7.0
1	226349014	228423100	4.0	2.0	6.0
1	228423101	228528763	4.0	3.0	7.0
1	228528764	230132633	4.0	2.0	6.0
1	230132634	230132823	4.0	2.0	6.0
1	230132824	230133083	5.0	2.0	7.0
1	230133084	230299910	6.0	2.0	8.0
1	230299911	230352171	7.0	1.0	8.0
1	230352172	231171821	6.0	2.0	8.0
1	231171822	231172153	6.0	2.0	8.0
1	231172154	231172196	6.0	2.0	8.0
1	231172197	234548663	4.0	2.0	6.0
1	234548664	234552293	4.0	2.0	6.0
1	234552294	234578124	5.0	3.0	8.0
1	234578125	234767930	4.0	4.0	8.0
1	234767931	234786934	5.0	3.0	8.0
1	234786935	240826739	4.0	2.0	6.0
1	240826740	242610591	5.0	2.0	7.0
1	242610592	242826083	3.0	2.0	5.0
1	242826084	242835528	3.0	2.0	5.0
1	242835529	242854083	4.0	2.0	6.0
1	242854084	242904082	4.0	2.0	6.0
1	242904083	242981477	4.0	2.0	6.0
1	242981478	247249600	4.0	2.0	6.0
1	247249601	249250620	3.0	2.0	5.0
2	10662	15409236	2.0	2.0	4.0
2	15409237	15421340	3.0	2.0	5.0
2	15421341	33602203	2.0	2.0	4.0
2	33602204	33623083	3.0	2.0	5.0
2	33623084	38192212	2.0	2.0	4.0
2	38192213	38622474	3.0	2.0	5.0
2	38622475	42932221	2.0	2.0	4.0
2	42932222	42968673	3.0	2.0	5.0
2	42968674	42968858	3.0	2.0	5.0
2	42968859	42968873	3.0	2.0	5.0
2	42968874	42969046	3.0	2.0	5.0
2	42969047	43844835	3.0	2.0	5.0
2	43844836	44813976	2.0	2.0	4.0
2	44813977	44822136	2.0	2.0	4.0
2	44822137	78257131	2.0	2.0	4.0
2	78257132	78611420	2.0	2.0	4.0
2	78611421	85773419	2.0	2.0	4.0
2	85773420	85909972	3.0	2.0	5.0
2	85909973	85954686	1.0	0.0	1.0
2	85954687	86006348	3.0	2.0	5.0
2	86006349	86475344	2.0	2.0	4.0
2	86475345	86529571	4.0	2.0	6.0
2	86529572	90499999	2.0	2.0	4.0
2	96800000	98015530	3.0	2.0	5.0
2	98015531	98291709	3.0	2.0	5.0
2	98291710	98306476	4.0	2.0	6.0
2	98306477	98890573	6.0	2.0	8.0
2	98890574	99025043	6.0	2.0	8.0
2	99025044	99208765	5.0	2.0	7.0
2	99208766	101458398	4.0	2.0	6.0
2	101458399	101719924	7.0	2.0	9.0
2	101719925	101734335	6.0	2.0	8.0
2	101734336	101947273	7.0	2.0	9.0
2	101947274	101948337	7.0	2.0	9.0
2	101948338	101949879	7.0	2.0	9.0
2	101949880	102035017	2.0	2.0	4.0
2	102035018	102138901	16.0	2.0	18.0
2	102138902	103099148	7.0	1.0	8.0
2	103099149	103099177	9.0	2.0	11.0
2	103099178	112189586	3.0	2.0	5.0
2	112189587	112748086	8.0	2.0	10.0
2	112748087	112766546	31.0	2.0	33.0
2	112766547	112816545	31.0	2.0	33.0
2	112816546	116400609	3.0	2.0	5.0
2	116400610	116405631	2.0	2.0	4.0
2	116405632	116773021	3.0	2.0	5.0
2	116773022	116787645	8.0	0.0	8.0
2	116787646	126812154	8.0	2.0	10.0
2	126812155	126816549	8.0	2.0	10.0
2	126816550	126816573	1.0	0.0	1.0
2	126816574	126816702	8.0	7.0	15.0
2	126816703	126850713	8.0	7.0	15.0
2	126850714	126851481	8.0	7.0	15.0
2	126851482	129014393	7.0	7.0	14.0
2	129014394	131534999	8.0	2.0	10.0
2	131535000	136845707	2.0	1.0	3.0
2	136845708	136846784	2.0	1.0	3.0
2	136846785	141956986	2.0	1.0	3.0
2	141956987	142107794	2.0	0.0	2.0
2	142107795	142113637	2.0	0.0	2.0
2	142113638	152599493	2.0	1.0	3.0
2	152599494	152615626	2.0	0.0	2.0
2	152615627	159957655	2.0	1.0	3.0
2	159957656	160896376	3.0	1.0	4.0
2	160896377	160896425	3.0	1.0	4.0
2	160896426	160908975	3.0	1.0	4.0
2	160908976	160908994	3.0	1.0	4.0
2	160908995	161018831	3.0	1.0	4.0
2	161018832	170578750	2.0	1.0	3.0
2	170578751	170585865	1.0	1.0	2.0
2	170585866	182611952	2.0	1.0	3.0
2	182611953	182723953	3.0	1.0	4.0
2	182723954	211909623	2.0	1.0	3.0
2	211909624	211910617	2.0	1.0	3.0
2	211910618	212454789	2.0	1.0	3.0
2	212454790	220254704	1.0	1.0	2.0
2	220254705	220445752	2.0	1.0	3.0
2	220445753	242985493	1.0	1.0	2.0
3	81250	23666694	2.0	0.0	2.0
3	23666695	23826769	4.0	0.0	4.0
3	23826770	31493477	2.0	0.0	2.0
3	31493478	31494609	2.0	0.0	2.0
3	31494610	49930715	2.0	0.0	2.0
3	49930716	49931604	2.0	0.0	2.0
3	49931605	78404160	2.0	0.0	2.0
3	78404161	78419903	2.0	0.0	2.0
3	78419904	87899999	2.0	0.0	2.0
3	93900000	118430046	2.0	2.0	4.0
3	118430047	135811787	3.0	2.0	5.0
3	135811788	135886827	4.0	3.0	7.0
3	135886828	147205305	3.0	2.0	5.0
3	147205306	149043145	4.0	2.0	6.0
3	149043146	149043302	4.0	2.0	6.0
3	149043303	149043360	4.0	2.0	6.0
3	149043361	149057745	2.0	2.0	4.0
3	149057746	149289116	13.0	3.0	16.0
3	149289117	149337503	13.0	2.0	15.0
3	149337504	149337556	11.0	2.0	13.0
3	149337557	149367965	6.0	2.0	8.0
3	149367966	165829269	4.0	2.0	6.0
3	165829270	165830049	4.0	2.0	6.0
3	165830050	169129047	4.0	2.0	6.0
3	169129048	170355887	4.0	1.0	5.0
3	170355888	170448848	4.0	2.0	6.0
3	170448849	172006333	4.0	1.0	5.0
3	172006334	172246878	5.0	1.0	6.0
3	172246879	172363808	5.0	1.0	6.0
3	172363809	172516070	5.0	1.0	6.0
3	172516071	174172001	4.0	1.0	5.0
3	174172002	174321759	4.0	0.0	4.0
3	174321760	176153624	4.0	1.0	5.0
3	176153625	176166755	4.0	0.0	4.0
3	176166756	178733203	4.0	1.0	5.0
3	178733204	179649941	4.0	2.0	6.0
3	179649942	183743060	4.0	1.0	5.0
3	183743061	183773619	7.0	1.0	8.0
3	183773620	184198262	4.0	1.0	5.0
3	184198263	184463096	7.0	1.0	8.0
3	184463097	186422177	4.0	1.0	5.0
3	186422178	186721582	7.0	1.0	8.0
3	186721583	191136463	4.0	1.0	5.0
3	191136464	197853360	5.0	1.0	6.0
4	31303	38438532	2.0	0.0	2.0
4	38438533	39196154	3.0	0.0	3.0
4	39196155	46153636	2.0	0.0	2.0
4	46153637	46153671	2.0	0.0	2.0
4	46153672	48199999	2.0	0.0	2.0
4	48200000	52699999	2.0	0.0	2.0
4	52700000	54451010	2.0	0.0	2.0
4	54451011	54456607	2.0	0.0	2.0
4	54456608	55538168	3.0	0.0	3.0
4	55538169	55556220	1.0	0.0	1.0
4	55556221	55590913	3.0	0.0	3.0
4	55590914	55812242	4.0	0.0	4.0
4	55812243	59517500	3.0	0.0	3.0
4	59517501	64420540	2.0	0.0	2.0
4	64420541	64421071	2.0	0.0	2.0
4	64421072	77110386	2.0	0.0	2.0
4	77110387	77697074	4.0	0.0	4.0
4	77697075	104695161	2.0	0.0	2.0
4	104695162	104705172	0.0	0.0	0.0
4	104705173	114283787	2.0	0.0	2.0
4	114283788	114290022	2.0	0.0	2.0
4	114290023	114291984	2.0	0.0	2.0
4	114291985	114293379	2.0	0.0	2.0
4	114293380	146455800	2.0	0.0	2.0
4	146455801	146710000	3.0	0.0	3.0
4	146710001	153896785	2.0	0.0	2.0
4	153896786	153903924	3.0	0.0	3.0
4	153903925	154028575	5.0	0.0	5.0
4	154028576	154058796	3.0	0.0	3.0
4	154058797	182824040	2.0	0.0	2.0
4	182824041	191154275	1.0	0.0	1.0
5	22500	1172988	3.0	2.0	5.0
5	1172989	1186666	1.0	0.0	1.0
5	1186667	1786745	7.0	2.0	9.0
5	1786746	1840443	5.0	2.0	7.0
5	1840444	15799184	3.0	2.0	5.0
5	15799185	15871473	4.0	0.0	4.0
5	15871474	18287763	4.0	2.0	6.0
5	18287764	20218303	5.0	2.0	7.0
5	20218304	20235320	6.0	2.0	8.0
5	20235321	20431868	5.0	2.0	7.0
5	20431869	32666309	5.0	1.0	6.0
5	32666310	33085417	5.0	2.0	7.0
5	33085418	40320716	5.0	1.0	6.0
5	40320717	43702012	6.0	1.0	7.0
5	43702013	43702098	6.0	1.0	7.0
5	43702099	46099999	6.0	1.0	7.0
5	50700000	56562250	1.0	0.0	1.0
5	56562251	56603468	3.0	0.0	3.0
5	56603469	56671471	3.0	0.0	3.0
5	56671472	56684754	10.0	0.0	10.0
5	56684755	56839722	8.0	0.0	8.0
5	56839723	56843599	8.0	0.0	8.0
5	56843600	56868568	6.0	0.0	6.0
5	56868569	57013249	4.0	0.0	4.0
5	57013250	57764261	3.0	0.0	3.0
5	57764262	57765781	3.0	0.0	3.0
5	57765782	57769182	5.0	0.0	5.0
5	57769183	57769921	1.0	0.0	1.0
5	57769922	88926988	1.0	0.0	1.0
5	88926989	88929761	1.0	0.0	1.0
5	88929762	127035301	1.0	0.0	1.0
5	127035302	127054027	4.0	0.0	4.0
5	127054028	127054590	2.0	0.0	2.0
5	127054591	127055288	4.0	0.0	4.0
5	127055289	127179014	6.0	0.0	6.0
5	127179015	127179136	1.0	0.0	1.0
5	127179137	127383331	1.0	0.0	1.0
5	127383332	170027274	2.0	0.0	2.0
5	170027275	170285343	3.0	0.0	3.0
5	170285344	170287441	3.0	0.0	3.0
5	170287442	176883514	2.0	0.0	2.0
5	176883515	176902601	2.0	0.0	2.0
5	176902602	180739530	2.0	0.0	2.0
6	162500	3912233	1.0	1.0	2.0
6	3912234	5315585	6.0	1.0	7.0
6	5315586	6073861	4.0	1.0	5.0
6	6073862	6190466	4.0	1.0	5.0
6	6190467	7587252	4.0	1.0	5.0
6	7587253	12106281	3.0	1.0	4.0
6	12106282	12364479	4.0	1.0	5.0
6	12364480	22144867	3.0	1.0	4.0
6	22144868	22216721	3.0	1.0	4.0
6	22216722	27348053	3.0	1.0	4.0
6	27348054	31355963	2.0	0.0	2.0
6	31355964	32617212	2.0	1.0	3.0
6	32617213	32617707	2.0	0.0	2.0
6	32617708	39690095	2.0	0.0	2.0
6	39690096	39692537	2.0	1.0	3.0
6	39692538	58699999	2.0	1.0	3.0
6	63300000	79052538	2.0	1.0	3.0
6	79052539	86323311	2.0	1.0	3.0
6	86323312	86382484	2.0	1.0	3.0
6	86382485	107106388	2.0	0.0	2.0
6	107106389	107304611	4.0	0.0	4.0
6	107304612	126397639	2.0	1.0	3.0
6	126397640	126446879	5.0	0.0	5.0
6	126446880	133819126	2.0	1.0	3.0
6	133819127	133820350	3.0	1.0	4.0
6	133820351	137321050	2.0	1.0	3.0
6	137321051	138207437	4.0	2.0	6.0
6	138207438	138229773	7.0	2.0	9.0
6	138229774	146803604	4.0	2.0	6.0
6	146803605	146858562	3.0	1.0	4.0
6	146858563	147152216	3.0	2.0	5.0
6	147152217	147169813	4.0	3.0	7.0
6	147169814	147223228	3.0	2.0	5.0
6	147223229	147261942	3.0	3.0	6.0
6	147261943	152939706	3.0	2.0	5.0
6	152939707	152994097	3.0	1.0	4.0
6	152994098	157523122	3.0	2.0	5.0
6	157523123	162631511	3.0	1.0	4.0
6	162631512	170919682	3.0	1.0	4.0
7	78216	1582499	1.0	0.0	1.0
7	1582500	5248750	2.0	0.0	2.0
7	5248751	5999830	4.0	0.0	4.0
7	5999831	6870137	5.0	0.0	5.0
7	6870138	8681411	2.0	1.0	3.0
7	8681412	12667011	2.0	0.0	2.0
7	12667012	12667948	2.0	0.0	2.0
7	12667949	12668876	2.0	0.0	2.0
7	12668877	19085000	2.0	0.0	2.0
7	19085001	27678297	2.0	0.0	2.0
7	27678298	27930015	3.0	0.0	3.0
7	27930016	36652173	2.0	0.0	2.0
7	36652174	36654510	2.0	0.0	2.0
7	36654511	40549580	2.0	0.0	2.0
7	40549581	42538314	2.0	2.0	4.0
7	42538315	54919488	2.0	1.0	3.0
7	54919489	55115124	4.0	1.0	5.0
7	55115125	57999999	2.0	1.0	3.0
7	58000000	61699999	2.0	1.0	3.0
7	61700000	65920105	2.0	1.0	3.0
7	65920106	65924431	2.0	1.0	3.0
7	65924432	73550038	2.0	1.0	3.0
7	73550039	73924984	2.0	0.0	2.0
7	73924985	81928786	2.0	1.0	3.0
7	81928787	81949526	2.0	0.0	2.0
7	81949527	97022233	2.0	1.0	3.0
7	97022234	97022823	2.0	1.0	3.0
7	97022824	103801359	2.0	1.0	3.0
7	103801360	111174885	2.0	2.0	4.0
7	111174886	113713590	3.0	2.0	5.0
7	113713591	117881515	2.0	2.0	4.0
7	117881516	117882807	2.0	2.0	4.0
7	117882808	128499378	2.0	2.0	4.0
7	128499379	128555898	3.0	2.0	5.0
7	128555899	129139768	2.0	2.0	4.0
7	129139769	129188593	2.0	1.0	3.0
7	129188594	132388966	2.0	2.0	4.0
7	132388967	132412312	2.0	2.0	4.0
7	132412313	135191210	2.0	2.0	4.0
7	135191211	135214578	3.0	2.0	5.0
7	135214579	141374929	2.0	2.0	4.0
7	141374930	141375267	2.0	2.0	4.0
7	141375268	149901342	2.0	2.0	4.0
7	149901343	158241200	3.0	2.0	5.0
7	158241201	158247947	3.0	2.0	5.0
7	158247948	158771400	3.0	2.0	5.0
8	163988	2678095	1.0	0.0	1.0
8	2678096	2702096	1.0	1.0	2.0
8	2702097	3465850	1.0	0.0	1.0
8	3465851	3489601	2.0	0.0	2.0
8	3489602	3505088	0.0	0.0	0.0
8	3505089	3596544	2.0	0.0	2.0
8	3596545	3783650	0.0	0.0	0.0
8	3783651	3786536	2.0	0.0	2.0
8	3786537	3786586	0.0	0.0	0.0
8	3786587	4081767	0.0	0.0	0.0
8	4081768	4081899	2.0	1.0	3.0
8	4081900	4084303	1.0	0.0	1.0
8	4084304	23692128	2.0	0.0	2.0
8	23692129	23696249	2.0	0.0	2.0
8	23696250	23699346	3.0	2.0	5.0
8	23699347	25001323	2.0	0.0	2.0
8	25001324	29191004	2.0	1.0	3.0
8	29191005	29202922	2.0	1.0	3.0
8	29202923	37689652	2.0	1.0	3.0
8	37689653	37727381	3.0	1.0	4.0
8	37727382	42650151	2.0	1.0	3.0
8	42650152	43099999	3.0	2.0	5.0
8	48100000	48681128	2.0	2.0	4.0
8	48681129	49414217	3.0	2.0	5.0
8	49414218	60947919	2.0	2.0	4.0
8	60947920	73915963	3.0	2.0	5.0
8	73915964	74134353	2.0	2.0	4.0
8	74134354	74134485	2.0	2.0	4.0
8	74134486	74171355	2.0	2.0	4.0
8	74171356	74177739	3.0	2.0	5.0
8	74177740	74177916	1.0	0.0	1.0
8	74177917	74177929	2.0	2.0	4.0
8	74177930	74427680	4.0	3.0	7.0
8	74427681	74495110	3.0	3.0	6.0
8	74495111	90793831	2.0	2.0	4.0
8	90793832	90857763	3.0	2.0	5.0
8	90857764	102192948	2.0	2.0	4.0
8	102192949	102790957	3.0	2.0	5.0
8	102790958	104054098	2.0	2.0	4.0
8	104054099	104157460	4.0	2.0	6.0
8	104157461	104244218	8.0	2.0	10.0
8	104244219	104736817	4.0	2.0	6.0
8	104736818	110108026	2.0	2.0	4.0
8	110108027	113431083	2.0	1.0	3.0
8	113431084	113519875	2.0	0.0	2.0
8	113519876	127377907	2.0	1.0	3.0
8	127377908	128147856	2.0	2.0	4.0
8	128147857	128148112	2.0	2.0	4.0
8	128148113	128178795	4.0	2.0	6.0
8	128178796	128199139	4.0	3.0	7.0
8	128199140	128226939	5.0	3.0	8.0
8	128226940	128264292	6.0	2.0	8.0
8	128264293	128298390	9.0	3.0	12.0
8	128298391	128483489	5.0	3.0	8.0
8	128483490	128790977	4.0	4.0	8.0
8	128790978	128808562	4.0	3.0	7.0
8	128808563	128814251	3.0	2.0	5.0
8	128814252	128832730	3.0	2.0	5.0
8	128832731	130546282	2.0	2.0	4.0
8	130546283	130548896	2.0	2.0	4.0
8	130548897	146364021	2.0	2.0	4.0
9	47500	1963247	3.0	0.0	3.0
9	1963248	1963275	3.0	0.0	3.0
9	1963276	6265541	3.0	0.0	3.0
9	6265542	6267606	3.0	0.0	3.0
9	6267607	6963514	3.0	0.0	3.0
9	6963515	6966342	2.0	0.0	2.0
9	6966343	12648321	3.0	0.0	3.0
9	12648322	13161515	6.0	0.0	6.0
9	13161516	13355262	6.0	0.0	6.0
9	13355263	13495248	8.0	0.0	8.0
9	13495249	13500005	8.0	0.0	8.0
9	13500006	13589351	8.0	0.0	8.0
9	13589352	13666667	10.0	0.0	10.0
9	13666668	13683815	9.0	0.0	9.0
9	13683816	13714599	3.0	0.0	3.0
9	13714600	13724545	2.0	0.0	2.0
9	13724546	13767058	11.0	0.0	11.0
9	13767059	13817057	11.0	0.0	11.0
9	13817058	20768868	5.0	0.0	5.0
9	20768869	21434602	4.0	0.0	4.0
9	21434603	21444989	2.0	0.0	2.0
9	21444990	33916295	2.0	0.0	2.0
9	33916296	34290581	3.0	0.0	3.0
9	34290582	34827962	4.0	0.0	4.0
9	34827963	35431826	3.0	0.0	3.0
9	35431827	35431883	3.0	0.0	3.0
9	35431884	35433663	3.0	0.0	3.0
9	35433664	44814127	2.0	0.0	2.0
9	44814128	47216572	2.0	0.0	2.0
9	47216573	50699999	2.0	0.0	2.0
9	50700000	74983965	2.0	0.0	2.0
9	74983966	75254687	3.0	0.0	3.0
9	75254688	89481589	2.0	0.0	2.0
9	89481590	89485821	2.0	0.0	2.0
9	89485822	93805189	2.0	0.0	2.0
9	93805190	93805939	2.0	0.0	2.0
9	93805940	95802482	2.0	0.0	2.0
9	95802483	96011554	3.0	0.0	3.0
9	96011555	117586990	2.0	0.0	2.0
9	117586991	117610933	2.0	0.0	2.0
9	117610934	122194252	2.0	0.0	2.0
9	122194253	128968976	3.0	0.0	3.0
9	128968977	129738448	4.0	0.0	4.0
9	129738449	130067274	2.0	0.0	2.0
9	130067275	140273200	3.0	0.0	3.0
10	94426	3570947	2.0	1.0	3.0
10	3570948	3571087	2.0	1.0	3.0
10	3571088	8421237	2.0	1.0	3.0
10	8421238	8423255	2.0	1.0	3.0
10	8423256	8423699	2.0	2.0	4.0
10	8423700	8801449	2.0	2.0	4.0
10	8801450	8803255	2.0	2.0	4.0
10	8803256	8844934	2.0	2.0	4.0
10	8844935	8845422	2.0	1.0	3.0
10	8845423	35728929	2.0	1.0	3.0
10	35728930	35772462	2.0	2.0	4.0
10	35772463	37999999	2.0	1.0	3.0
10	38000000	42299999	2.0	1.0	3.0
10	42300000	45141991	2.0	1.0	3.0
10	45141992	45142404	2.0	1.0	3.0
10	45142405	45142509	2.0	1.0	3.0
10	45142510	45840483	2.0	1.0	3.0
10	45840484	45840613	2.0	1.0	3.0
10	45840614	45846437	1.0	1.0	2.0
10	45846438	45846545	1.0	1.0	2.0
10	45846546	52912323	1.0	1.0	2.0
10	52912324	52913243	1.0	1.0	2.0
10	52913244	63758635	1.0	1.0	2.0
10	63758636	63821100	2.0	1.0	3.0
10	63821101	63984818	3.0	1.0	4.0
10	63984819	64051153	2.0	1.0	3.0
10	64051154	69836299	1.0	1.0	2.0
10	69836300	69836347	1.0	1.0	2.0
10	69836348	73675813	1.0	1.0	2.0
10	73675814	73675860	1.0	1.0	2.0
10	73675861	97512648	1.0	1.0	2.0
10	97512649	97513544	1.0	1.0	2.0
10	97513545	126277290	1.0	1.0	2.0
10	126277291	126277670	1.0	1.0	2.0
10	126277671	126283694	2.0	1.0	3.0
10	126283695	126283996	3.0	1.0	4.0
10	126283997	126285555	3.0	1.0	4.0
10	126285556	126285628	3.0	1.0	4.0
10	126285629	126683163	3.0	1.0	4.0
10	126683164	126683255	3.0	1.0	4.0
10	126683256	126684698	1.0	0.0	1.0
10	126684699	135389924	1.0	1.0	2.0
11	20721	199961	1.0	1.0	2.0
11	199962	34547021	2.0	0.0	2.0
11	34547022	34552057	7.0	0.0	7.0
11	34552058	34630295	7.0	0.0	7.0
11	34630296	34635263	8.0	0.0	8.0
11	34635264	34667835	6.0	0.0	6.0
11	34667836	34668261	5.0	1.0	6.0
11	34668262	34881022	5.0	1.0	6.0
11	34881023	35015038	4.0	0.0	4.0
11	35015039	35065162	5.0	1.0	6.0
11	35065163	35218929	3.0	0.0	3.0
11	35218930	43014537	2.0	0.0	2.0
11	43014538	43017556	1.0	0.0	1.0
11	43017557	43981699	2.0	0.0	2.0
11	43981700	43981963	2.0	0.0	2.0
11	43981964	43988801	2.0	1.0	3.0
11	43988802	50781717	2.0	2.0	4.0
11	55700000	61579359	2.0	1.0	3.0
11	61579360	61605140	2.0	1.0	3.0
11	61605141	66391516	2.0	1.0	3.0
11	66391517	67546740	1.0	1.0	2.0
11	67546741	68118985	2.0	1.0	3.0
11	68118986	68799315	1.0	1.0	2.0
11	68799316	69152075	2.0	1.0	3.0
11	69152076	69536020	1.0	1.0	2.0
11	69536021	72101470	2.0	1.0	3.0
11	72101471	72115167	3.0	1.0	4.0
11	72115168	72115546	3.0	1.0	4.0
11	72115547	72115570	3.0	1.0	4.0
11	72115571	72766623	3.0	1.0	4.0
11	72766624	73069309	3.0	2.0	5.0
11	73069310	73364397	3.0	1.0	4.0
11	73364398	73366158	3.0	1.0	4.0
11	73366159	75426330	3.0	1.0	4.0
11	75426331	75437977	3.0	1.0	4.0
11	75437978	79499357	3.0	1.0	4.0
11	79499358	80476429	1.0	1.0	2.0
11	80476430	80843428	3.0	1.0	4.0
11	80843429	80843605	3.0	1.0	4.0
11	80843606	84716318	1.0	1.0	2.0
11	84716319	84718594	1.0	1.0	2.0
11	84718595	89333744	1.0	1.0	2.0
11	89333745	93984492	3.0	1.0	4.0
11	93984493	98820707	1.0	1.0	2.0
11	98820708	102256500	3.0	1.0	4.0
11	102256501	102508715	7.0	1.0	8.0
11	102508716	111706382	3.0	1.0	4.0
11	111706383	134452200	2.0	1.0	3.0
12	110107	188196	2.0	1.0	3.0
12	188197	595782	2.0	1.0	3.0
12	595783	1459967	4.0	1.0	5.0
12	1459968	12025956	2.0	1.0	3.0
12	12025957	12264915	1.0	0.0	1.0
12	12264916	14942860	2.0	1.0	3.0
12	14942861	14944270	2.0	1.0	3.0
12	14944271	14949766	5.0	2.0	7.0
12	14949767	15034719	5.0	2.0	7.0
12	15034720	15043714	2.0	2.0	4.0
12	15043715	15172397	2.0	2.0	4.0
12	15172398	21008444	2.0	1.0	3.0
12	21008445	21009600	2.0	1.0	3.0
12	21009601	22003894	2.0	1.0	3.0
12	22003895	22005668	2.0	1.0	3.0
12	22005669	27880055	2.0	1.0	3.0
12	27880056	27880209	2.0	1.0	3.0
12	27880210	27919151	2.0	1.0	3.0
12	27919152	27929371	2.0	1.0	3.0
12	27929372	30867417	2.0	1.0	3.0
12	30867418	31849632	3.0	1.0	4.0
12	31849633	33299999	2.0	1.0	3.0
12	33300000	38199999	2.0	1.0	3.0
12	38200000	39791814	2.0	1.0	3.0
12	39791815	39793517	2.0	1.0	3.0
12	39793518	42591338	2.0	1.0	3.0
12	42591339	42768766	3.0	1.0	4.0
12	42768767	43120028	2.0	1.0	3.0
12	43120029	43151327	3.0	2.0	5.0
12	43151328	43385400	2.0	2.0	4.0
12	43385401	43442375	2.0	0.0	2.0
12	43442376	47040815	2.0	2.0	4.0
12	47040816	47510885	2.0	2.0	4.0
12	47510886	52353741	2.0	0.0	2.0
12	52353742	52430847	2.0	0.0	2.0
12	52430848	53299317	2.0	0.0	2.0
12	53299318	53421461	1.0	0.0	1.0
12	53421462	54172919	2.0	0.0	2.0
12	54172920	54207295	1.0	0.0	1.0
12	54207296	55730568	2.0	0.0	2.0
12	55730569	62982716	2.0	1.0	3.0
12	62982717	63031014	3.0	1.0	4.0
12	63031015	63941601	2.0	1.0	3.0
12	63941602	64136601	2.0	1.0	3.0
12	64136602	68116014	2.0	1.0	3.0
12	68116015	68121474	2.0	1.0	3.0
12	68121475	74669218	2.0	1.0	3.0
12	74669219	76013362	2.0	0.0	2.0
12	76013363	76028363	2.0	0.0	2.0
12	76028364	76333947	2.0	0.0	2.0
12	76333948	76334429	2.0	0.0	2.0
12	76334430	76334482	2.0	0.0	2.0
12	76334483	76443632	3.0	0.0	3.0
12	76443633	86152753	2.0	0.0	2.0
12	86152754	86962344	2.0	1.0	3.0
12	86962345	87401216	2.0	0.0	2.0
12	87401217	91241058	2.0	1.0	3.0
12	91241059	91408235	2.0	2.0	4.0
12	91408236	91674312	2.0	1.0	3.0
12	91674313	91674507	2.0	1.0	3.0
12	91674508	92737619	2.0	1.0	3.0
12	92737620	92863024	2.0	0.0	2.0
12	92863025	102198552	2.0	1.0	3.0
12	102198553	102937252	2.0	2.0	4.0
12	102937253	106721959	2.0	1.0	3.0
12	106721960	110102595	2.0	2.0	4.0
12	110102596	112382285	2.0	1.0	3.0
12	112382286	112387128	2.0	1.0	3.0
12	112387129	112401335	2.0	1.0	3.0
12	112401336	112403013	2.0	1.0	3.0
12	112403014	112446867	2.0	1.0	3.0
12	112446868	114383014	2.0	0.0	2.0
12	114383015	118150501	2.0	1.0	3.0
12	118150502	118154766	2.0	1.0	3.0
12	118154767	119076852	2.0	2.0	4.0
12	119076853	119657935	2.0	1.0	3.0
12	119657936	119877524	2.0	0.0	2.0
12	119877525	120255785	2.0	1.0	3.0
12	120255786	120338909	2.0	0.0	2.0
12	120338910	120503240	2.0	1.0	3.0
12	120503241	120544596	2.0	0.0	2.0
12	120544597	120934271	2.0	1.0	3.0
12	120934272	121667086	2.0	0.0	2.0
12	121667087	122684034	2.0	2.0	4.0
12	122684035	122908691	2.0	0.0	2.0
12	122908692	125392255	2.0	2.0	4.0
12	125392256	125424101	3.0	3.0	6.0
12	125424102	127605756	2.0	2.0	4.0
12	127605757	127612181	2.0	2.0	4.0
12	127612182	128165775	2.0	2.0	4.0
12	128165776	128828641	2.0	2.0	4.0
12	128828642	128852515	2.0	2.0	4.0
12	128852516	130881927	2.0	2.0	4.0
12	130881928	130882651	2.0	2.0	4.0
12	130882652	131274412	2.0	2.0	4.0
12	131274413	131550780	2.0	1.0	3.0
12	131550781	131551011	2.0	1.0	3.0
12	131551012	132231003	2.0	1.0	3.0
12	132231004	132455591	3.0	1.0	4.0
12	132455592	133114207	2.0	1.0	3.0
12	133114208	133204254	3.0	1.0	4.0
13	1	16299999	1.0	1.0	2.0
13	16300000	19499999	1.0	1.0	2.0
13	19500000	41932148	1.0	1.0	2.0
13	41932149	42284697	2.0	1.0	3.0
13	42284698	51955174	1.0	1.0	2.0
13	51955175	75887277	1.0	0.0	1.0
13	75887278	75894890	2.0	0.0	2.0
13	75894891	79456765	1.0	0.0	1.0
13	79456766	98136659	1.0	1.0	2.0
13	98136660	98138167	1.0	1.0	2.0
13	98138168	98138205	1.0	1.0	2.0
13	98138206	112194235	2.0	1.0	3.0
13	112194236	112209903	1.0	0.0	1.0
13	112209904	114142800	2.0	1.0	3.0
13	114142801	115169877	2.0	1.0	3.0
14	1	16099999	2.0	0.0	2.0
14	16100000	19099999	2.0	0.0	2.0
14	19100000	20473571	2.0	0.0	2.0
14	20473572	24692675	2.0	0.0	2.0
14	24692676	24882575	4.0	0.0	4.0
14	24882576	26612493	2.0	0.0	2.0
14	26612494	27313535	3.0	0.0	3.0
14	27313536	41619201	2.0	0.0	2.0
14	41619202	49707147	2.0	0.0	2.0
14	49707148	49718874	2.0	0.0	2.0
14	49718875	50448474	2.0	0.0	2.0
14	50448475	50462680	2.0	0.0	2.0
14	50462681	51821697	2.0	0.0	2.0
14	51821698	51821777	2.0	0.0	2.0
14	51821778	51822087	2.0	0.0	2.0
14	51822088	52050869	4.0	0.0	4.0
14	52050870	52051434	1.0	0.0	1.0
14	52051435	52051593	4.0	0.0	4.0
14	52051594	55533959	2.0	0.0	2.0
14	55533960	55547381	4.0	0.0	4.0
14	55547382	59581638	2.0	0.0	2.0
14	59581639	59604434	4.0	0.0	4.0
14	59604435	62018405	2.0	0.0	2.0
14	62018406	62043298	3.0	0.0	3.0
14	62043299	68791666	2.0	0.0	2.0
14	68791667	69719987	0.0	0.0	0.0
14	69719988	76934403	2.0	0.0	2.0
14	76934404	76936427	2.0	0.0	2.0
14	76936428	91753754	2.0	0.0	2.0
14	91753755	91932076	3.0	0.0	3.0
14	91932077	92889632	4.0	0.0	4.0
14	92889633	106362500	3.0	0.0	3.0
14	106362501	106683840	3.0	0.0	3.0
15	1	15799999	2.0	0.0	2.0
15	15800000	20699999	2.0	0.0	2.0
15	20700000	33414201	2.0	0.0	2.0
15	33414202	34523199	3.0	0.0	3.0
15	34523200	49103291	2.0	0.0	2.0
15	49103292	53609903	3.0	0.0	3.0
15	53609904	57587586	4.0	0.0	4.0
15	57587587	58900751	7.0	0.0	7.0
15	58900752	65172834	4.0	0.0	4.0
15	65172835	71583361	3.0	0.0	3.0
15	71583362	71613483	3.0	0.0	3.0
15	71613484	100022021	3.0	0.0	3.0
15	100022022	100025590	5.0	0.0	5.0
15	100025591	101191523	3.0	0.0	3.0
15	101191524	101220657	6.0	0.0	6.0
15	101220658	102422601	3.0	0.0	3.0
16	84170	2293191	2.0	0.0	2.0
16	2293192	2730034	4.0	0.0	4.0
16	2730035	10556622	2.0	0.0	2.0
16	10556623	10601388	3.0	0.0	3.0
16	10601389	10665322	2.0	0.0	2.0
16	10665323	12321782	4.0	0.0	4.0
16	12321783	28291678	2.0	0.0	2.0
16	28291679	28887062	3.0	0.0	3.0
16	28887063	34599999	2.0	0.0	2.0
16	34600000	38599999	2.0	0.0	2.0
16	38600000	46447499	2.0	0.0	2.0
16	46447500	56718374	2.0	0.0	2.0
16	56718375	61547807	3.0	0.0	3.0
16	61547808	61547971	3.0	0.0	3.0
16	61547972	61548017	3.0	0.0	3.0
16	61548018	69829570	3.0	0.0	3.0
16	69829571	84802067	2.0	0.0	2.0
16	84802068	84813451	2.0	0.0	2.0
16	84813452	88827200	2.0	0.0	2.0
16	88827201	90354752	2.0	0.0	2.0
17	12500	6099978	2.0	0.0	2.0
17	6099979	18915105	2.0	0.0	2.0
17	18915106	18915386	2.0	0.0	2.0
17	18915387	22199999	2.0	0.0	2.0
17	22200000	25799999	2.0	0.0	2.0
17	25800000	36278853	2.0	0.0	2.0
17	36278854	37013950	2.0	0.0	2.0
17	37013951	37026207	3.0	0.0	3.0
17	37026208	42242700	2.0	0.0	2.0
17	42242701	42479526	3.0	0.0	3.0
17	42479527	47531869	2.0	0.0	2.0
17	47531870	59423677	2.0	0.0	2.0
17	59423678	59592240	0.0	0.0	0.0
17	59592241	76220389	2.0	0.0	2.0
17	76220390	76467300	4.0	0.0	4.0
17	76467301	78774600	2.0	0.0	2.0
17	78774601	81195209	2.0	0.0	2.0
18	27500	4864108	2.0	1.0	3.0
18	4864109	5552250	1.0	0.0	1.0
18	5552251	5553722	1.0	1.0	2.0
18	5553723	9396170	1.0	0.0	1.0
18	9396171	15399999	2.0	0.0	2.0
18	15400000	18999999	2.0	0.0	2.0
18	19000000	23484247	2.0	0.0	2.0
18	23484248	23536191	3.0	0.0	3.0
18	23536192	23851583	4.0	0.0	4.0
18	23851584	23908631	3.0	0.0	3.0
18	23908632	41826888	2.0	0.0	2.0
18	41826889	42457223	4.0	0.0	4.0
18	42457224	45786822	2.0	0.0	2.0
18	45786823	45852670	3.0	0.0	3.0
18	45852671	47116733	2.0	0.0	2.0
18	47116734	57537476	2.0	0.0	2.0
18	57537477	57540723	2.0	0.0	2.0
18	57540724	61930435	2.0	0.0	2.0
18	61930436	62397916	3.0	0.0	3.0
18	62397917	76117000	2.0	0.0	2.0
18	76117001	78077247	2.0	0.0	2.0
19	102500	255740	2.0	0.0	2.0
19	255741	1056745	2.0	0.0	2.0
19	1056746	1154079	4.0	0.0	4.0
19	1154080	1997500	2.0	0.0	2.0
19	1997501	5827344	2.0	0.0	2.0
19	5827345	5858157	2.0	1.0	3.0
19	5858158	5860265	2.0	2.0	4.0
19	5860266	5860331	2.0	1.0	3.0
19	5860332	8843983	2.0	0.0	2.0
19	8843984	8846040	2.0	1.0	3.0
19	8846041	9295560	2.0	2.0	4.0
19	9295561	9670740	2.0	2.0	4.0
19	9670741	10940000	3.0	2.0	5.0
19	10940001	10948321	5.0	1.0	6.0
19	10948322	11245825	5.0	1.0	6.0
19	11245826	17397704	2.0	1.0	3.0
19	17397705	17451025	2.0	1.0	3.0
19	17451026	18939460	2.0	1.0	3.0
19	18939461	19005042	2.0	0.0	2.0
19	19005043	24399999	2.0	1.0	3.0
19	24400000	28599999	2.0	1.0	3.0
19	28600000	37188951	2.0	1.0	3.0
19	37188952	37965067	3.0	1.0	4.0
19	37965068	43320736	2.0	1.0	3.0
19	43320737	43750004	2.0	1.0	3.0
19	43750005	45536781	2.0	1.0	3.0
19	45536782	45562876	2.0	1.0	3.0
19	45562877	49116696	2.0	1.0	3.0
19	49116697	49422500	2.0	1.0	3.0
19	49422501	49515402	2.0	1.0	3.0
19	49515403	55563389	2.0	0.0	2.0
19	55563390	56229877	3.0	0.0	3.0
19	56229878	59128982	2.0	0.0	2.0
20	24651	4985829	2.0	0.0	2.0
20	4985830	5153785	4.0	0.0	4.0
20	5153786	9393151	2.0	0.0	2.0
20	9393152	9393327	2.0	0.0	2.0
20	9393328	9393828	1.0	0.0	1.0
20	9393829	9393954	3.0	2.0	5.0
20	9393955	9394010	3.0	2.0	5.0
20	9394011	10646792	3.0	2.0	5.0
20	10646793	10657156	3.0	2.0	5.0
20	10657157	20898262	3.0	2.0	5.0
20	20898263	20949461	3.0	3.0	6.0
20	20949462	25599999	3.0	2.0	5.0
20	25600000	29464810	3.0	2.0	5.0
20	29464811	34758877	3.0	2.0	5.0
20	34758878	35646758	4.0	2.0	6.0
20	35646759	35798010	3.0	2.0	5.0
20	35798011	35805007	3.0	2.0	5.0
20	35805008	35946585	3.0	2.0	5.0
20	35946586	35974355	4.0	3.0	7.0
20	35974356	36848574	3.0	2.0	5.0
20	36848575	36848606	3.0	2.0	5.0
20	36848607	36879410	3.0	2.0	5.0
20	36879411	36885221	2.0	2.0	4.0
20	36885222	48775486	3.0	2.0	5.0
20	48775487	48807012	3.0	3.0	6.0
20	48807013	48869762	3.0	3.0	6.0
20	48869763	48919788	3.0	3.0	6.0
20	48919789	48933372	3.0	2.0	5.0
20	48933373	48981067	4.0	3.0	7.0
20	48981068	52065259	3.0	2.0	5.0
20	52065260	52149475	3.0	2.0	5.0
20	52149476	52152962	6.0	3.0	9.0
20	52152963	52168079	5.0	2.0	7.0
20	52168080	52499151	6.0	3.0	9.0
20	52499152	53260725	3.0	3.0	6.0
20	53260726	59072298	3.0	2.0	5.0
20	59072299	59121497	5.0	2.0	7.0
20	59121498	60224686	3.0	2.0	5.0
20	60224687	60227336	3.0	1.0	4.0
20	60227337	62435800	3.0	2.0	5.0
21	10900000	14299999	2.0	0.0	2.0
21	14300000	42857051	2.0	0.0	2.0
21	42857052	42857499	2.0	0.0	2.0
21	42857500	43006857	2.0	0.0	2.0
21	43006858	43066615	3.0	0.0	3.0
21	43066616	43067558	3.0	0.0	3.0
21	43067559	43068186	2.0	0.0	2.0
21	43068187	43213932	2.0	0.0	2.0
21	43213933	43227688	3.0	0.0	3.0
21	43227689	48098480	2.0	0.0	2.0
22	1	12199999	2.0	0.0	2.0
22	12200000	17899999	2.0	0.0	2.0
22	17900000	38310081	2.0	0.0	2.0
22	38310082	38548981	3.0	0.0	3.0
22	38548982	38549216	3.0	0.0	3.0
22	38549217	39292161	3.0	0.0	3.0
22	39292162	46223043	2.0	0.0	2.0
22	46223044	46264246	4.0	0.0	4.0
22	46264247	46487007	6.0	0.0	6.0
22	46487008	46856946	4.0	0.0	4.0
22	46856947	49691400	2.0	0.0	2.0
22	49691401	51304565	2.0	0.0	2.0
