chromosome_index position alt_count ref_count
1 18810828 9 19
1 24172339 14 39
1 27721200 23 51
1 34011755 10 8
1 36823912 15 44
1 39800773 4 27
1 48705040 8 158
1 64027454 6 42
1 151509739 5 20
1 155733136 36 81
1 176104184 51 130
1 201172921 18 48
1 202934523 7 37
1 202936336 4 10
1 208266153 4 34
1 210857360 17 27
1 212800051 4 28
1 230372105 24 62
1 230839054 23 72
1 236645871 8 18
1 247463958 3 26
1 247921566 18 41
2 71797768 11 26
2 131673575 7 28
2 141680655 29 90
2 179599092 17 66
2 198593258 3 18
2 199011537 37 99
2 201725806 3 18
2 224842275 16 81
2 228736372 11 13
2 238725781 74 152
3 14724567 24 42
3 28520395 53 299
3 128181704 3 22
3 154832898 23 48
4 3156068 12 27
4 5586392 15 33
4 13543667 5 36
4 17711117 6 14
4 44626702 51 144
4 53740161 6 25
4 76489369 11 24
4 79461682 27 55
4 88732594 12 44
4 103853427 125 348
4 106890236 5 17
4 152203551 23 39
4 155530930 15 36
4 178881994 33 99
5 112170863 14 59
5 137781060 5 14
5 140347642 7 15
5 140869025 17 28
5 141694030 4 36
5 158747501 12 27
6 10984133 78 202
6 49518410 9 11
6 56391232 9 139
7 12729368 12 47
7 40133785 26 87
7 44802860 24 26
7 54610430 119 261
7 76610443 11 51
7 102988086 3 24
7 119915722 7 13
7 149576547 4 15
8 11174256 54 97
9 6013909 10 108
9 14851418 19 72
9 27950456 85 198
9 125616058 9 20
9 135944183 26 143
10 12219831 12 39
10 89717609 3 35
10 127782695 15 47
11 5080375 14 23
11 5373212 32 123
11 44941379 23 46
11 55761912 33 87
11 61124255 9 13
11 86098705 4 38
11 108384619 4 38
11 125267928 13 31
12 5022909 3 29
12 13208506 30 22
12 25398281 27 27
12 53447777 4 38
12 53693630 3 15
12 54379113 18 24
12 56397823 33 104
12 56997165 49 56
12 64823890 17 37
12 111733165 4 28
12 130919420 9 13
13 78470582 172 277
14 24838986 4 18
14 58471426 17 52
14 65261195 27 45
14 94912743 35 74
15 45464199 11 30
15 77092697 20 44
16 21278991 37 80
16 22262557 10 45
16 26147294 27 49
16 28970042 5 52
16 78064571 16 83
16 87368970 4 17
17 10222452 13 40
17 46023300 5 17
17 48539847 4 42
17 55123341 6 14
17 56389985 4 20
17 61972823 35 143
17 74878352 4 13
17 78261955 3 22
19 2114772 8 24
19 4446715 4 16
19 11527655 8 24
19 15164620 3 30
19 32845180 13 28
19 34706500 26 83
19 38161186 25 61
19 41008073 3 35
19 43430712 19 33
19 44681031 10 33
19 51960744 10 14
20 2597798 19 71
20 47991219 19 70
20 49224981 5 7
20 62221522 7 8
21 42779931 11 41
21 45856983 10 14
21 46888394 8 16
22 23503156 10 13
22 40139830 28 43
22 42540526 4 21
