chromosome_index	position	alt_count	ref_count
1	2151214	4.0	42.0
1	3253056	8.0	39.0
1	4365772	4.0	41.0
1	5003635	9.0	60.0
1	5144890	10.0	48.0
1	5199443	5.0	52.0
1	9954000	5.0	80.0
1	10203103	6.0	41.0
1	12171275	5.0	51.0
1	17292796	5.0	49.0
1	17561537	4.0	29.0
1	19273920	6.0	66.0
1	19681246	4.0	36.0
1	20883812	8.0	54.0
1	21140818	9.0	54.0
1	23136032	10.0	72.0
1	24858540	8.0	56.0
1	25132653	6.0	80.0
1	29815947	8.0	70.0
1	30739185	4.0	47.0
1	30898181	5.0	34.0
1	31490895	7.0	62.0
1	32090614	5.0	36.0
1	32981028	5.0	57.0
1	33180936	4.0	28.0
1	34716114	4.0	65.0
1	34859667	4.0	56.0
1	35342440	7.0	46.0
1	36799777	5.0	56.0
1	37668364	15.0	59.0
1	37733751	7.0	54.0
1	38233688	8.0	53.0
1	39057326	13.0	82.0
1	39858286	5.0	58.0
1	41345995	4.0	40.0
1	41966293	7.0	55.0
1	42587529	7.0	68.0
1	42842151	4.0	50.0
1	44101679	7.0	39.0
1	44285712	11.0	65.0
1	44759092	4.0	44.0
1	44829029	10.0	57.0
1	45794683	7.0	46.0
1	46279576	7.0	48.0
1	48367179	6.0	49.0
1	51949678	4.0	52.0
1	55998202	5.0	87.0
1	56129564	5.0	53.0
1	57943725	4.0	42.0
1	58258460	7.0	72.0
1	58309653	5.0	77.0
1	58853765	9.0	67.0
1	60474849	6.0	66.0
1	60834379	8.0	55.0
1	61294777	6.0	59.0
1	63055508	4.0	43.0
1	64329101	8.0	47.0
1	64668835	6.0	57.0
1	67177342	5.0	54.0
1	68462379	11.0	65.0
1	69688936	8.0	62.0
1	70242380	8.0	60.0
1	70255896	6.0	64.0
1	70505870	7.0	69.0
1	71978557	10.0	63.0
1	72318641	9.0	91.0
1	72592874	5.0	47.0
1	72995854	6.0	66.0
1	74410412	8.0	78.0
1	75672343	7.0	63.0
1	81968077	5.0	54.0
1	82948965	7.0	66.0
1	85039303	11.0	57.0
1	85300218	10.0	68.0
1	86525878	7.0	73.0
1	88591685	4.0	53.0
1	89455186	4.0	68.0
1	90740100	9.0	78.0
1	91676586	7.0	43.0
1	94926265	6.0	62.0
1	95048611	8.0	47.0
1	95056399	4.0	61.0
1	96383789	6.0	70.0
1	96820808	7.0	58.0
1	96881687	6.0	47.0
1	98108926	7.0	87.0
1	98938206	13.0	51.0
1	100538905	5.0	74.0
1	101072695	8.0	58.0
1	101657256	8.0	63.0
1	102902006	6.0	46.0
1	103229537	11.0	62.0
1	103535797	7.0	64.0
1	105133089	8.0	63.0
1	105212745	13.0	75.0
1	106541472	7.0	67.0
1	107123360	9.0	85.0
1	108157054	7.0	63.0
1	108482057	7.0	56.0
1	108531800	4.0	58.0
1	109620786	8.0	68.0
1	109677208	9.0	53.0
1	111179768	6.0	58.0
1	112033343	6.0	51.0
1	116665626	5.0	58.0
1	118112747	10.0	69.0
1	118340717	5.0	72.0
1	118597154	8.0	70.0
1	118651635	8.0	61.0
1	118736882	10.0	50.0
1	120157531	5.0	57.0
1	147752263	6.0	18.0
1	150923280	8.0	53.0
1	151720087	12.0	70.0
1	152743015	10.0	75.0
1	153255815	6.0	49.0
1	153387401	7.0	52.0
1	153432699	7.0	45.0
1	154541916	4.0	25.0
1	155000647	8.0	41.0
1	157559012	14.0	59.0
1	157599210	6.0	61.0
1	158178385	6.0	74.0
1	158301498	7.0	61.0
1	158361753	7.0	67.0
1	158471845	8.0	37.0
1	158510675	9.0	83.0
1	158528939	11.0	59.0
1	158565756	5.0	84.0
1	158909383	5.0	66.0
1	159024953	5.0	68.0
1	159048265	8.0	68.0
1	159437129	13.0	89.0
1	160517504	7.0	53.0
1	160625989	5.0	59.0
1	162862470	5.0	59.0
1	164911125	3.0	35.0
1	165581765	5.0	59.0
1	169107961	6.0	54.0
1	170399659	5.0	62.0
1	170636353	4.0	52.0
1	171009955	11.0	77.0
1	172662894	8.0	60.0
1	175777160	4.0	60.0
1	175940893	6.0	64.0
1	176810355	13.0	68.0
1	176901847	5.0	59.0
1	178127373	4.0	63.0
1	178458617	5.0	48.0
1	178630573	5.0	53.0
1	180282726	6.0	51.0
1	181805719	6.0	54.0
1	182088797	4.0	53.0
1	182499209	5.0	70.0
1	185829096	5.0	62.0
1	187039699	9.0	75.0
1	188817507	7.0	68.0
1	189027582	6.0	75.0
1	189076784	5.0	65.0
1	189473693	13.0	34.0
1	189573072	10.0	66.0
1	191324852	7.0	83.0
1	193036278	7.0	47.0
1	193610783	5.0	71.0
1	194611706	10.0	45.0
1	195288316	4.0	66.0
1	195370129	8.0	78.0
1	195386940	10.0	77.0
1	195476320	6.0	57.0
1	195787365	4.0	85.0
1	196228122	12.0	67.0
1	196289727	6.0	56.0
1	196415048	7.0	63.0
1	196738987	9.0	60.0
1	196756054	9.0	55.0
1	198004797	6.0	53.0
1	198020942	8.0	66.0
1	198872155	6.0	74.0
1	199313240	5.0	81.0
1	199594059	6.0	53.0
1	199643489	6.0	55.0
1	200216930	5.0	49.0
1	203487742	5.0	48.0
1	204659398	9.0	48.0
1	204679105	8.0	48.0
1	206942601	11.0	52.0
1	209049059	5.0	69.0
1	209297558	5.0	48.0
1	211224881	6.0	39.0
1	211850402	6.0	59.0
1	212635871	6.0	41.0
1	213094917	5.0	61.0
1	215068363	8.0	63.0
1	215655427	7.0	68.0
1	216484918	8.0	49.0
1	216626120	4.0	62.0
1	218115224	8.0	61.0
1	222568131	7.0	39.0
1	225280375	5.0	59.0
1	225780596	7.0	52.0
1	225875440	11.0	46.0
1	227649251	4.0	52.0
1	229694034	3.0	34.0
1	234023075	9.0	67.0
1	236656219	9.0	38.0
1	236828090	7.0	61.0
1	238123393	5.0	60.0
1	238849309	16.0	60.0
1	239527323	7.0	65.0
1	239625178	13.0	76.0
1	239855523	4.0	61.0
1	240710923	6.0	39.0
1	241116619	6.0	82.0
1	242643156	4.0	44.0
1	244445285	9.0	62.0
1	245943789	8.0	75.0
1	247109037	6.0	57.0
1	247775948	6.0	81.0
1	248855840	4.0	35.0
10	1650777	5.0	32.0
10	5210407	8.0	53.0
10	9167924	4.0	72.0
10	9778716	4.0	55.0
10	10388055	9.0	74.0
10	12211137	9.0	55.0
10	18823710	7.0	58.0
10	21280983	5.0	58.0
10	22012133	11.0	61.0
10	22750276	4.0	62.0
10	25874862	10.0	44.0
10	25952502	10.0	82.0
10	25953196	9.0	60.0
10	26241382	6.0	55.0
10	28058584	7.0	60.0
10	28514601	5.0	70.0
10	31186073	6.0	58.0
10	35025085	5.0	46.0
10	35236878	7.0	46.0
10	37417329	7.0	80.0
10	37751244	11.0	55.0
10	37795979	8.0	53.0
10	37806745	11.0	43.0
10	37887688	5.0	70.0
10	43409438	7.0	49.0
10	50001005	6.0	51.0
10	50155906	7.0	42.0
10	55952722	8.0	53.0
10	56317703	6.0	48.0
10	56361121	4.0	58.0
10	56935742	4.0	48.0
10	56954852	3.0	26.0
10	57326354	5.0	75.0
10	57448720	7.0	40.0
10	57556619	7.0	73.0
10	58961554	11.0	62.0
10	62643561	7.0	64.0
10	64001517	2.0	40.0
10	64656761	7.0	49.0
10	65716593	13.0	60.0
10	70432319	7.0	36.0
10	72468220	4.0	37.0
10	78738902	11.0	66.0
10	81352815	5.0	78.0
10	83355149	12.0	74.0
10	83783738	6.0	86.0
10	84305379	5.0	39.0
10	84468815	9.0	50.0
10	85471544	7.0	66.0
10	87673031	10.0	45.0
10	87824266	5.0	41.0
10	87940060	9.0	42.0
10	90135003	8.0	65.0
10	93094650	9.0	51.0
10	97873797	8.0	87.0
10	105168411	10.0	42.0
10	106850817	8.0	26.0
10	108206311	5.0	69.0
10	109827985	14.0	50.0
10	110240409	5.0	61.0
10	110924932	3.0	43.0
10	111747332	15.0	53.0
10	111871681	5.0	59.0
10	119687300	7.0	51.0
10	125996462	4.0	45.0
10	125998950	5.0	57.0
10	129596128	5.0	23.0
10	130806756	12.0	56.0
10	131763108	7.0	21.0
10	132359621	8.0	39.0
10	133676368	6.0	29.0
10	133871902	9.0	37.0
10	134590000	4.0	57.0
11	514541	15.0	55.0
11	1215757	7.0	35.0
11	1969636	4.0	35.0
11	2817352	5.0	60.0
11	4151333	2.0	13.0
11	5581873	7.0	85.0
11	5582129	6.0	66.0
11	5778532	6.0	68.0
11	7162012	7.0	63.0
11	10317752	7.0	62.0
11	10677817	8.0	49.0
11	15129481	14.0	68.0
11	15410149	5.0	82.0
11	16255308	8.0	55.0
11	17537819	6.0	54.0
11	17849249	6.0	54.0
11	18905011	5.0	58.0
11	19615991	6.0	37.0
11	20722065	12.0	69.0
11	21155640	15.0	58.0
11	21800971	7.0	65.0
11	22218470	5.0	79.0
11	22341000	9.0	56.0
11	22758563	5.0	63.0
11	22991667	9.0	59.0
11	23166413	9.0	63.0
11	23921346	6.0	58.0
11	24905302	13.0	83.0
11	27590317	5.0	71.0
11	28535458	5.0	60.0
11	29597572	5.0	84.0
11	29811548	9.0	56.0
11	30106517	9.0	63.0
11	33915821	10.0	43.0
11	34003518	5.0	46.0
11	36221067	8.0	51.0
11	36410467	5.0	57.0
11	38873960	5.0	65.0
11	39340072	9.0	56.0
11	40773818	6.0	81.0
11	41142746	7.0	65.0
11	41914409	7.0	61.0
11	42811632	5.0	61.0
11	42901359	5.0	52.0
11	44798636	8.0	39.0
11	45464926	4.0	32.0
11	45991465	9.0	66.0
11	46110319	7.0	76.0
11	47422925	9.0	49.0
11	48235558	7.0	64.0
11	48503460	5.0	53.0
11	50542332	7.0	77.0
11	55076754	5.0	80.0
11	55259911	5.0	75.0
11	55495353	13.0	83.0
11	56821611	5.0	61.0
11	59010910	8.0	73.0
11	59087739	10.0	63.0
11	59146730	7.0	57.0
11	59644035	4.0	67.0
11	59901906	13.0	47.0
11	60065439	9.0	68.0
11	60397952	8.0	90.0
11	60684223	5.0	55.0
11	60842134	6.0	79.0
11	61694523	7.0	40.0
11	63237150	14.0	55.0
11	63749893	6.0	39.0
11	64745604	5.0	34.0
11	69088390	6.0	38.0
11	69587660	6.0	48.0
11	72670081	6.0	29.0
11	72700271	8.0	71.0
11	77740145	5.0	37.0
11	78963380	11.0	52.0
11	79444254	8.0	50.0
11	81108334	8.0	62.0
11	81190841	5.0	64.0
11	81217288	8.0	89.0
11	81415733	7.0	50.0
11	84414224	9.0	70.0
11	84863528	8.0	46.0
11	86709000	4.0	20.0
11	87413095	5.0	58.0
11	88739166	13.0	83.0
11	90037391	6.0	69.0
11	90953546	7.0	67.0
11	91644316	5.0	58.0
11	93268456	7.0	49.0
11	94217471	14.0	56.0
11	97026671	11.0	73.0
11	97116252	5.0	63.0
11	97366357	6.0	55.0
11	97462673	9.0	72.0
11	98200977	8.0	47.0
11	98434488	5.0	89.0
11	99706514	6.0	52.0
11	100128833	13.0	85.0
11	100365855	6.0	78.0
11	101068158	12.0	78.0
11	103687018	7.0	71.0
11	103690563	6.0	68.0
11	104147212	6.0	58.0
11	104186350	10.0	66.0
11	104320772	5.0	80.0
11	104424331	5.0	59.0
11	104475414	7.0	96.0
11	104646819	4.0	71.0
11	104687974	6.0	56.0
11	106849943	7.0	61.0
11	107120832	8.0	46.0
11	108774828	7.0	77.0
11	109599260	9.0	68.0
11	109906750	7.0	45.0
11	110877291	6.0	71.0
11	111266530	5.0	44.0
11	121307587	7.0	59.0
11	121475473	11.0	36.0
11	122554443	3.0	53.0
11	124099503	5.0	61.0
11	127444611	9.0	36.0
11	127775202	12.0	72.0
11	129555975	7.0	35.0
11	130017367	5.0	59.0
11	131478497	6.0	58.0
11	132802858	4.0	57.0
11	132837978	5.0	70.0
12	966289	6.0	55.0
12	1974749	10.0	39.0
12	3368002	8.0	59.0
12	4037862	5.0	55.0
12	7152995	12.0	36.0
12	7608285	6.0	46.0
12	8735743	7.0	65.0
12	9148014	7.0	57.0
12	10198992	11.0	65.0
12	14725426	6.0	51.0
12	14796652	8.0	66.0
12	16500913	7.0	47.0
12	16747259	5.0	77.0
12	17255961	5.0	66.0
12	17995260	6.0	64.0
12	18496685	5.0	55.0
12	19233222	8.0	54.0
12	19589875	6.0	55.0
12	20470753	5.0	47.0
12	20879671	6.0	76.0
12	20897424	7.0	70.0
12	23283374	7.0	71.0
12	24112726	4.0	73.0
12	24482344	4.0	47.0
12	25508667	6.0	59.0
12	26267173	6.0	54.0
12	28652282	6.0	52.0
12	28694875	8.0	84.0
12	28695801	11.0	70.0
12	28695892	5.0	66.0
12	28696354	5.0	67.0
12	28704693	3.0	74.0
12	28704700	3.0	73.0
12	28704725	1.0	62.0
12	28705081	5.0	68.0
12	28705565	8.0	53.0
12	28705602	7.0	52.0
12	28706181	1.0	67.0
12	28706192	1.0	66.0
12	28706403	4.0	69.0
12	28706789	6.0	58.0
12	28707215	5.0	72.0
12	28707243	3.0	64.0
12	28707298	3.0	61.0
12	28707447	4.0	62.0
12	28708195	2.0	47.0
12	28708232	2.0	48.0
12	28708256	2.0	50.0
12	28708369	3.0	58.0
12	28708678	7.0	65.0
12	28711555	9.0	74.0
12	28711768	4.0	65.0
12	28711789	3.0	65.0
12	28711915	5.0	64.0
12	28711997	2.0	68.0
12	28712982	3.0	65.0
12	28712986	2.0	64.0
12	28713256	8.0	61.0
12	28713750	4.0	50.0
12	32382573	8.0	53.0
12	32538194	9.0	55.0
12	32540585	7.0	45.0
12	33492776	9.0	69.0
12	33611839	8.0	62.0
12	33639165	8.0	64.0
12	37975314	4.0	42.0
12	38096501	5.0	72.0
12	38374818	14.0	53.0
12	38423307	9.0	46.0
12	38423309	8.0	46.0
12	40745387	10.0	65.0
12	41284961	7.0	71.0
12	41932746	6.0	73.0
12	42114605	11.0	51.0
12	44879279	8.0	78.0
12	45911765	6.0	38.0
12	47368541	12.0	70.0
12	50536767	5.0	59.0
12	52377454	6.0	63.0
12	52966103	5.0	45.0
12	53287074	6.0	56.0
12	54912257	13.0	52.0
12	55789827	12.0	89.0
12	57703479	7.0	56.0
12	58603768	11.0	58.0
12	58644470	8.0	60.0
12	59884248	4.0	63.0
12	59884305	6.0	48.0
12	60745009	7.0	91.0
12	60856879	7.0	73.0
12	62034879	8.0	51.0
12	64863229	6.0	73.0
12	65839709	7.0	66.0
12	70717358	15.0	64.0
12	72407604	9.0	75.0
12	72420092	12.0	61.0
12	72803038	10.0	64.0
12	73376670	7.0	75.0
12	73857682	11.0	77.0
12	75179371	6.0	70.0
12	75678670	8.0	74.0
12	75822879	9.0	49.0
12	76007840	4.0	54.0
12	76078582	9.0	71.0
12	76557411	11.0	60.0
12	76620473	4.0	61.0
12	76810234	7.0	57.0
12	77549968	11.0	92.0
12	77977828	8.0	61.0
12	81390069	5.0	79.0
12	81837847	7.0	32.0
12	82295542	5.0	55.0
12	82510677	10.0	46.0
12	83115172	11.0	81.0
12	83117127	11.0	63.0
12	86145853	5.0	78.0
12	87384635	8.0	70.0
12	87431672	9.0	64.0
12	87822391	9.0	67.0
12	87882204	6.0	46.0
12	88833866	8.0	82.0
12	90794795	8.0	82.0
12	91505751	7.0	75.0
12	93011529	5.0	42.0
12	93143299	11.0	63.0
12	94388570	5.0	51.0
12	94490302	9.0	66.0
12	95503650	7.0	65.0
12	97430667	8.0	72.0
12	99022872	4.0	57.0
12	99275055	8.0	85.0
12	101307448	5.0	73.0
12	102827868	5.0	59.0
12	103373189	6.0	62.0
12	103775569	5.0	50.0
12	104216751	8.0	55.0
12	111310937	7.0	51.0
12	111457886	8.0	77.0
12	111560571	5.0	61.0
12	112217403	6.0	38.0
12	114701738	6.0	66.0
12	115910804	5.0	48.0
12	118076785	12.0	51.0
12	118384922	4.0	54.0
12	118673568	8.0	74.0
12	118736932	8.0	79.0
12	119387886	5.0	58.0
12	119576203	8.0	51.0
12	120386427	5.0	39.0
12	120449360	8.0	61.0
12	121704294	5.0	45.0
12	121833056	4.0	36.0
12	122710629	4.0	37.0
12	123425344	7.0	38.0
12	123673978	4.0	50.0
12	126286053	11.0	64.0
12	126683436	14.0	68.0
12	126782527	7.0	53.0
12	127047161	7.0	96.0
12	127425667	12.0	65.0
12	127751488	6.0	67.0
12	127791453	13.0	78.0
12	128423300	9.0	55.0
12	128492599	10.0	72.0
12	128783025	8.0	49.0
12	128796459	9.0	59.0
12	129216160	8.0	52.0
12	129643919	11.0	69.0
12	131869289	7.0	41.0
12	132037807	8.0	47.0
12	133186264	7.0	55.0
13	19441941	9.0	71.0
13	20077847	6.0	51.0
13	20543973	11.0	89.0
13	20779855	6.0	71.0
13	21009409	7.0	60.0
13	21009724	6.0	32.0
13	21558406	10.0	68.0
13	22401876	7.0	49.0
13	23182874	7.0	88.0
13	23192986	5.0	66.0
13	23958177	3.0	65.0
13	23958184	4.0	67.0
13	23958212	3.0	61.0
13	24544937	10.0	57.0
13	24601844	5.0	54.0
13	24609741	4.0	58.0
13	24611519	5.0	60.0
13	24632563	5.0	77.0
13	24632695	6.0	71.0
13	25607615	7.0	34.0
13	25652615	6.0	46.0
13	26893180	11.0	78.0
13	28566784	5.0	61.0
13	32030829	5.0	58.0
13	33497464	5.0	55.0
13	37186558	7.0	51.0
13	37932028	7.0	74.0
13	38182342	6.0	63.0
13	38214276	5.0	83.0
13	38438775	10.0	77.0
13	38486826	4.0	80.0
13	43086781	7.0	55.0
13	43290027	6.0	51.0
13	44136517	7.0	59.0
13	45137484	10.0	69.0
13	46661854	9.0	60.0
13	48091690	11.0	63.0
13	51207126	8.0	46.0
13	51761489	5.0	51.0
13	54972026	9.0	47.0
13	55002686	5.0	72.0
13	56265757	6.0	51.0
13	56552762	7.0	70.0
13	56893422	9.0	51.0
13	57105160	6.0	56.0
13	57215598	9.0	58.0
13	57345055	8.0	60.0
13	57890682	7.0	70.0
13	58774302	7.0	32.0
13	65396204	8.0	76.0
13	66418765	6.0	34.0
13	66531977	4.0	51.0
13	69956860	5.0	35.0
13	70091631	8.0	49.0
13	70365495	11.0	66.0
13	74994793	3.0	35.0
13	75344922	4.0	63.0
13	76714691	5.0	54.0
13	76891749	8.0	91.0
13	77701366	7.0	76.0
13	78417448	8.0	57.0
13	78455404	5.0	53.0
13	79015504	6.0	83.0
13	79273343	13.0	82.0
13	79706971	5.0	57.0
13	79930098	9.0	80.0
13	80160402	7.0	68.0
13	80995791	4.0	66.0
13	82190637	5.0	73.0
13	82257670	4.0	65.0
13	83297695	7.0	60.0
13	83593229	9.0	61.0
13	84869969	8.0	62.0
13	86622656	5.0	77.0
13	87096294	10.0	60.0
13	87201270	8.0	64.0
13	87395643	7.0	45.0
13	87403352	7.0	57.0
13	87998378	14.0	71.0
13	88320649	4.0	72.0
13	88583158	7.0	76.0
13	89045666	8.0	84.0
13	89052966	5.0	46.0
13	90700017	10.0	45.0
13	91245058	8.0	55.0
13	91879800	4.0	54.0
13	93388085	12.0	60.0
13	95326881	11.0	66.0
13	97641625	8.0	55.0
13	97802401	8.0	67.0
13	97833776	7.0	72.0
13	102620481	5.0	74.0
13	102621698	7.0	41.0
13	102970747	8.0	54.0
13	103530336	7.0	64.0
13	103735945	7.0	41.0
13	106033286	8.0	65.0
13	106987492	6.0	81.0
13	107819357	8.0	74.0
13	108678890	6.0	60.0
13	108811225	4.0	26.0
13	108841915	5.0	50.0
13	109363996	7.0	80.0
13	110250072	9.0	61.0
13	111366640	4.0	31.0
13	112155252	10.0	60.0
14	19436883	8.0	149.0
14	20891481	10.0	80.0
14	21465874	5.0	72.0
14	23259005	6.0	54.0
14	25599423	16.0	71.0
14	25812814	8.0	56.0
14	26041417	8.0	68.0
14	26588295	3.0	49.0
14	26588301	4.0	48.0
14	26774246	7.0	63.0
14	27229863	5.0	83.0
14	27455144	7.0	82.0
14	27776865	8.0	54.0
14	27841219	10.0	57.0
14	28156844	18.0	69.0
14	28495903	7.0	50.0
14	28514980	7.0	73.0
14	29100065	16.0	61.0
14	29124097	7.0	57.0
14	29864590	13.0	79.0
14	30896480	13.0	72.0
14	32877580	11.0	67.0
14	33233714	8.0	75.0
14	33643355	8.0	72.0
14	34779341	7.0	68.0
14	36252049	4.0	54.0
14	36678011	9.0	68.0
14	37976041	10.0	77.0
14	40648806	10.0	69.0
14	42395901	12.0	77.0
14	42546270	11.0	62.0
14	42637458	9.0	69.0
14	42741357	9.0	65.0
14	42853406	10.0	73.0
14	43197806	8.0	63.0
14	43393865	10.0	86.0
14	43464102	5.0	73.0
14	44309344	6.0	91.0
14	45487443	8.0	56.0
14	46304138	10.0	46.0
14	46952629	6.0	71.0
14	46952684	7.0	75.0
14	47252133	6.0	83.0
14	47528210	7.0	66.0
14	47634618	4.0	48.0
14	47657073	5.0	76.0
14	48288178	7.0	54.0
14	48880544	6.0	58.0
14	51087020	11.0	72.0
14	51468265	6.0	64.0
14	51669774	7.0	69.0
14	54466634	9.0	62.0
14	58512142	9.0	42.0
14	59066088	6.0	54.0
14	59474984	9.0	75.0
14	64949769	6.0	63.0
14	66461611	9.0	61.0
14	66656934	9.0	76.0
14	67396489	9.0	47.0
14	68380276	6.0	62.0
14	68970675	9.0	51.0
14	72584979	9.0	55.0
14	72739121	8.0	56.0
14	72894519	5.0	71.0
14	74148254	6.0	22.0
14	74515487	7.0	45.0
14	74609969	10.0	62.0
14	75690871	7.0	58.0
14	79917612	9.0	56.0
14	81193877	8.0	78.0
14	82501907	4.0	34.0
14	82685973	4.0	45.0
14	83705786	10.0	75.0
14	83708307	6.0	67.0
14	84144407	7.0	55.0
14	84383064	7.0	81.0
14	84624939	6.0	73.0
14	85059853	4.0	47.0
14	85529470	5.0	71.0
14	85901154	5.0	62.0
14	87597208	4.0	53.0
14	87724812	6.0	64.0
14	88189389	7.0	57.0
14	89681533	9.0	47.0
14	91202627	8.0	65.0
14	93027669	3.0	34.0
14	96047842	5.0	49.0
14	96369921	7.0	66.0
14	97132729	10.0	44.0
14	98128385	8.0	46.0
14	98139850	7.0	70.0
14	98174448	3.0	72.0
14	98174466	1.0	66.0
14	98460419	4.0	61.0
14	99231807	7.0	65.0
14	101342770	5.0	52.0
14	103628262	4.0	36.0
14	106640135	10.0	73.0
14	106644024	5.0	61.0
14	106648391	6.0	77.0
14	106665026	5.0	54.0
14	107242823	5.0	80.0
15	24730024	4.0	55.0
15	24898790	4.0	65.0
15	25484698	7.0	46.0
15	25625648	6.0	63.0
15	29693599	6.0	59.0
15	29829571	4.0	43.0
15	30015497	5.0	37.0
15	30048599	9.0	68.0
15	31723707	4.0	44.0
15	32350480	10.0	67.0
15	32624889	13.0	68.0
15	35616643	11.0	66.0
15	36202218	11.0	92.0
15	36595291	6.0	76.0
15	38055375	7.0	64.0
15	40111509	6.0	58.0
15	44431702	5.0	38.0
15	45230059	10.0	47.0
15	47139498	7.0	79.0
15	47405573	7.0	82.0
15	47966671	6.0	68.0
15	49221071	5.0	73.0
15	50834143	5.0	65.0
15	51060195	6.0	56.0
15	51125115	7.0	52.0
15	51587601	6.0	44.0
15	51680518	8.0	55.0
15	51702213	6.0	49.0
15	51947973	5.0	59.0
15	51947974	4.0	60.0
15	52804376	3.0	46.0
15	53277456	4.0	45.0
15	53553779	5.0	51.0
15	55665823	5.0	76.0
15	56061370	5.0	49.0
15	59172990	7.0	40.0
15	61834146	4.0	63.0
15	62146165	4.0	58.0
15	62419328	11.0	70.0
15	63180825	10.0	61.0
15	64563598	6.0	49.0
15	65796411	6.0	40.0
15	66207783	8.0	43.0
15	66375874	8.0	66.0
15	66761387	5.0	43.0
15	68083383	4.0	65.0
15	68530521	7.0	54.0
15	71322036	5.0	67.0
15	75360953	10.0	53.0
15	78943846	5.0	63.0
15	79140832	7.0	59.0
15	79291164	5.0	48.0
15	79453669	4.0	44.0
15	79605620	5.0	45.0
15	79663981	5.0	41.0
15	80559885	5.0	56.0
15	80983816	5.0	71.0
15	81721547	18.0	97.0
15	85115052	8.0	85.0
15	87549064	5.0	50.0
15	87815258	6.0	84.0
15	87817435	5.0	72.0
15	88718166	4.0	59.0
15	90284554	5.0	48.0
15	91052183	5.0	69.0
15	93501324	10.0	76.0
15	93880438	5.0	80.0
15	93887912	11.0	42.0
15	93892480	6.0	66.0
15	94932519	8.0	54.0
15	95504567	4.0	63.0
15	95650823	7.0	77.0
15	96787595	11.0	58.0
15	97029044	6.0	58.0
15	97066447	7.0	52.0
15	97344478	9.0	64.0
15	98089298	7.0	58.0
15	98222086	5.0	65.0
15	98481908	7.0	96.0
15	98643628	9.0	37.0
15	99306922	9.0	60.0
15	99642203	5.0	67.0
15	101246959	4.0	26.0
15	102308524	5.0	60.0
16	1212058	4.0	36.0
16	4966650	5.0	46.0
16	5399530	5.0	34.0
16	5428316	4.0	49.0
16	5625909	10.0	76.0
16	5762589	13.0	47.0
16	5785101	8.0	54.0
16	5886165	6.0	53.0
16	7073166	5.0	51.0
16	7362991	5.0	50.0
16	7404345	7.0	70.0
16	9898031	7.0	28.0
16	13263787	5.0	42.0
16	14107462	6.0	57.0
16	14348725	6.0	64.0
16	18161888	5.0	48.0
16	22368480	6.0	47.0
16	22911705	4.0	52.0
16	23648662	9.0	84.0
16	24988107	11.0	61.0
16	25908977	4.0	45.0
16	28925515	4.0	39.0
16	28956388	7.0	35.0
16	31389894	5.0	46.0
16	31639855	7.0	68.0
16	32520958	12.0	163.0
16	32524613	11.0	104.0
16	33342985	9.0	148.0
16	33366377	8.0	147.0
16	33476794	8.0	112.0
16	33816347	6.0	40.0
16	33855123	8.0	65.0
16	33974838	10.0	63.0
16	34004863	13.0	76.0
16	34430482	6.0	62.0
16	35082569	12.0	62.0
16	35227675	6.0	86.0
16	49287239	11.0	49.0
16	49372218	5.0	51.0
16	49637541	8.0	41.0
16	50263144	7.0	69.0
16	50611685	7.0	56.0
16	51327411	7.0	71.0
16	51856783	6.0	57.0
16	55484265	6.0	53.0
16	55697012	6.0	66.0
16	57959923	9.0	52.0
16	58115260	7.0	36.0
16	58958261	7.0	44.0
16	59274311	6.0	34.0
16	59874033	12.0	69.0
16	59967306	5.0	59.0
16	60343360	5.0	55.0
16	60445010	8.0	58.0
16	60858843	8.0	68.0
16	61036734	5.0	77.0
16	61777355	5.0	48.0
16	61779067	5.0	65.0
16	62033029	7.0	70.0
16	62464310	5.0	67.0
16	63619095	9.0	60.0
16	64159704	4.0	45.0
16	64973008	6.0	73.0
16	66576630	9.0	43.0
16	66858777	12.0	54.0
16	69833513	8.0	40.0
16	76242316	5.0	81.0
16	76511405	5.0	40.0
16	76667120	4.0	47.0
16	77418551	9.0	60.0
16	77489171	4.0	60.0
16	78989217	8.0	71.0
16	82606724	5.0	60.0
16	83245278	4.0	27.0
16	85482572	5.0	38.0
16	86962932	3.0	32.0
16	89088301	6.0	23.0
17	2719942	6.0	62.0
17	7578389	5.0	29.0
17	8860319	7.0	37.0
17	10508939	4.0	40.0
17	14931149	4.0	74.0
17	15124247	5.0	62.0
17	16252424	5.0	53.0
17	17567797	4.0	61.0
17	20026464	7.0	39.0
17	21476653	6.0	48.0
17	22116426	5.0	48.0
17	25410483	8.0	41.0
17	27348436	7.0	53.0
17	28166188	9.0	44.0
17	31989873	5.0	60.0
17	32637197	6.0	58.0
17	34166133	4.0	56.0
17	37577183	5.0	43.0
17	40434343	6.0	46.0
17	40526543	13.0	60.0
17	41475145	6.0	56.0
17	46578582	5.0	55.0
17	47682899	6.0	50.0
17	47746619	5.0	49.0
17	48088293	4.0	59.0
17	48768532	12.0	48.0
17	49146593	6.0	96.0
17	50041162	6.0	62.0
17	50688555	5.0	57.0
17	50872403	7.0	58.0
17	50898329	6.0	59.0
17	51238885	11.0	70.0
17	51852920	5.0	43.0
17	51911832	7.0	82.0
17	51954884	5.0	63.0
17	52129001	5.0	55.0
17	52747065	5.0	67.0
17	53066531	7.0	52.0
17	56017799	5.0	67.0
17	59388984	8.0	36.0
17	59923345	7.0	63.0
17	60211660	7.0	54.0
17	60428342	7.0	67.0
17	61077539	7.0	61.0
17	63385174	10.0	53.0
17	64474804	11.0	65.0
17	65609910	3.0	34.0
17	65849136	7.0	47.0
17	67033661	5.0	78.0
17	69046869	5.0	68.0
17	70051924	16.0	57.0
17	72018936	10.0	53.0
17	73450760	6.0	64.0
17	74394796	6.0	36.0
17	77411602	4.0	46.0
17	77948774	8.0	39.0
17	77974502	7.0	44.0
17	78181684	7.0	44.0
17	78501178	4.0	45.0
17	79155856	4.0	34.0
17	79170725	3.0	38.0
17	80238754	4.0	40.0
17	80264526	5.0	68.0
17	81090853	8.0	55.0
18	617437	6.0	56.0
18	1321400	5.0	60.0
18	2259491	7.0	67.0
18	2283368	4.0	43.0
18	4659359	5.0	77.0
18	5463607	5.0	44.0
18	5620433	11.0	71.0
18	5903600	6.0	51.0
18	7140973	7.0	62.0
18	9092729	10.0	66.0
18	9409632	5.0	71.0
18	10805939	4.0	57.0
18	10881828	6.0	66.0
18	11526790	4.0	61.0
18	11724029	4.0	48.0
18	14223466	3.0	27.0
18	22357998	12.0	50.0
18	22740266	8.0	52.0
18	23131180	6.0	83.0
18	23271472	7.0	46.0
18	24526501	11.0	63.0
18	24976232	6.0	58.0
18	25038343	8.0	65.0
18	26189323	8.0	78.0
18	26612573	15.0	64.0
18	26849319	6.0	65.0
18	27402894	8.0	83.0
18	27402897	7.0	82.0
18	27715434	17.0	62.0
18	27716890	8.0	55.0
18	29216846	5.0	51.0
18	31052355	7.0	84.0
18	31756955	4.0	66.0
18	33007908	12.0	51.0
18	35546751	7.0	61.0
18	35935502	9.0	62.0
18	36444460	6.0	62.0
18	37476358	11.0	75.0
18	37619680	8.0	62.0
18	40119980	7.0	69.0
18	42115248	10.0	50.0
18	42840231	8.0	64.0
18	43203744	10.0	50.0
18	43480260	6.0	43.0
18	44103932	8.0	65.0
18	47182709	4.0	54.0
18	50406944	7.0	61.0
18	51899842	7.0	72.0
18	53988604	11.0	55.0
18	54663023	10.0	69.0
18	56175868	9.0	50.0
18	57584164	10.0	37.0
18	58082929	6.0	47.0
18	58828777	6.0	56.0
18	58886701	6.0	65.0
18	60109313	4.0	41.0
18	60891554	8.0	59.0
18	61201813	9.0	78.0
18	61979543	8.0	76.0
18	62166242	5.0	68.0
18	62303919	15.0	61.0
18	63099657	6.0	88.0
18	63485593	16.0	75.0
18	63766383	7.0	80.0
18	65985288	7.0	82.0
18	66092334	9.0	68.0
18	66523113	8.0	75.0
18	66981092	7.0	82.0
18	67507246	4.0	61.0
18	68402502	6.0	51.0
18	68666036	6.0	48.0
18	68958388	5.0	65.0
18	69357713	9.0	65.0
18	69519797	7.0	65.0
18	69995418	5.0	97.0
18	71145333	4.0	79.0
18	71350020	4.0	55.0
18	71461908	15.0	75.0
18	72408938	12.0	92.0
18	73857501	7.0	52.0
18	74502046	5.0	70.0
18	75842351	9.0	59.0
18	76616863	4.0	31.0
18	76798351	9.0	77.0
18	77542625	9.0	39.0
19	2327491	5.0	58.0
19	3936346	5.0	35.0
19	5013364	7.0	33.0
19	5516138	6.0	51.0
19	8043582	7.0	48.0
19	8491994	6.0	33.0
19	9721762	16.0	71.0
19	11418409	5.0	75.0
19	12038232	8.0	58.0
19	12158450	6.0	69.0
19	18263614	5.0	56.0
19	22027443	4.0	47.0
19	22207502	6.0	45.0
19	22362518	5.0	44.0
19	23294339	4.0	61.0
19	27799854	8.0	121.0
19	28325336	5.0	19.0
19	28440584	10.0	48.0
19	29065098	5.0	44.0
19	29631281	7.0	58.0
19	29846649	8.0	71.0
19	30046355	9.0	71.0
19	32028855	5.0	56.0
19	38318543	11.0	54.0
19	39501250	5.0	36.0
19	39587136	14.0	59.0
19	40101262	9.0	78.0
19	42027105	9.0	57.0
19	42056036	12.0	68.0
19	43258560	6.0	58.0
19	43577378	4.0	65.0
19	43578188	7.0	60.0
19	44466807	9.0	67.0
19	45212786	5.0	58.0
19	46022947	6.0	37.0
19	46433156	6.0	31.0
19	48850982	8.0	37.0
19	49545509	6.0	50.0
19	52443492	7.0	55.0
19	52593613	7.0	47.0
19	54752757	4.0	41.0
19	55567531	4.0	48.0
19	56494209	11.0	65.0
19	57427501	13.0	67.0
2	182082	7.0	88.0
2	484602	7.0	49.0
2	2477330	2.0	53.0
2	2862583	6.0	45.0
2	5513914	5.0	71.0
2	6578300	6.0	41.0
2	7421599	4.0	35.0
2	10117512	5.0	39.0
2	10619966	6.0	46.0
2	11054749	7.0	51.0
2	11174247	8.0	52.0
2	12285164	4.0	62.0
2	13343688	9.0	87.0
2	15091138	9.0	53.0
2	15258262	6.0	49.0
2	15401440	5.0	86.0
2	15662206	5.0	67.0
2	16011570	5.0	68.0
2	16121063	9.0	76.0
2	17110666	6.0	71.0
2	17921180	5.0	15.0
2	19225440	11.0	59.0
2	20431136	5.0	50.0
2	20471393	6.0	52.0
2	21179250	6.0	63.0
2	22053663	11.0	60.0
2	22526980	9.0	64.0
2	23192197	8.0	75.0
2	25451419	16.0	57.0
2	26589178	4.0	60.0
2	27145026	7.0	51.0
2	29153031	5.0	71.0
2	29533866	10.0	63.0
2	32146710	7.0	66.0
2	32805768	6.0	49.0
2	33384109	4.0	50.0
2	33773244	4.0	30.0
2	35834376	6.0	57.0
2	36775538	9.0	65.0
2	38668086	4.0	46.0
2	42105012	5.0	60.0
2	42135321	6.0	51.0
2	42173955	10.0	62.0
2	43300046	4.0	43.0
2	43967209	7.0	72.0
2	45020692	7.0	57.0
2	45502397	4.0	50.0
2	46918498	6.0	69.0
2	47386792	5.0	76.0
2	50163979	5.0	87.0
2	50522802	7.0	79.0
2	50522807	6.0	75.0
2	51333629	5.0	59.0
2	51333630	5.0	60.0
2	52394460	10.0	75.0
2	52635397	5.0	71.0
2	52836158	4.0	35.0
2	53017392	5.0	66.0
2	53325781	4.0	82.0
2	54064672	4.0	33.0
2	54456776	10.0	79.0
2	54914149	4.0	53.0
2	56732679	7.0	53.0
2	56776173	5.0	78.0
2	56948082	10.0	51.0
2	57428931	5.0	59.0
2	57544997	6.0	51.0
2	57775901	8.0	62.0
2	59229865	5.0	67.0
2	66666004	8.0	76.0
2	66946646	6.0	47.0
2	67014606	5.0	70.0
2	73367184	6.0	62.0
2	73411131	7.0	59.0
2	73983140	8.0	56.0
2	74891677	8.0	76.0
2	75549115	9.0	52.0
2	75740408	4.0	65.0
2	76125720	8.0	70.0
2	78186662	6.0	56.0
2	78350865	6.0	77.0
2	78416462	4.0	75.0
2	78782111	11.0	68.0
2	78984053	9.0	66.0
2	79064828	9.0	83.0
2	79199638	8.0	75.0
2	79202300	6.0	79.0
2	80072709	10.0	56.0
2	80092446	9.0	65.0
2	80216057	5.0	71.0
2	80347162	5.0	65.0
2	80508014	7.0	68.0
2	80750414	4.0	66.0
2	80775925	5.0	67.0
2	81160391	10.0	45.0
2	82673988	10.0	67.0
2	83894368	5.0	49.0
2	86043675	1.0	74.0
2	86222350	7.0	44.0
2	92267402	8.0	65.0
2	98731007	6.0	68.0
2	99134339	8.0	54.0
2	99220998	6.0	61.0
2	99540719	5.0	46.0
2	100519529	4.0	66.0
2	102264268	4.0	36.0
2	102292487	12.0	65.0
2	103447801	6.0	65.0
2	104243408	11.0	58.0
2	104351120	10.0	79.0
2	104707412	7.0	66.0
2	105056129	8.0	86.0
2	105779012	5.0	45.0
2	106672743	5.0	62.0
2	107808826	5.0	87.0
2	107975723	7.0	51.0
2	110331487	10.0	69.0
2	110960901	10.0	55.0
2	111610452	6.0	49.0
2	113267096	6.0	40.0
2	113564227	13.0	66.0
2	115928982	4.0	56.0
2	116357204	8.0	62.0
2	116850070	7.0	68.0
2	116873193	7.0	68.0
2	117128637	5.0	87.0
2	117482935	6.0	57.0
2	117554303	15.0	72.0
2	118109036	8.0	51.0
2	121348602	5.0	44.0
2	122088629	5.0	38.0
2	123223403	4.0	56.0
2	123557090	7.0	70.0
2	124213220	9.0	45.0
2	124993734	5.0	51.0
2	125342469	6.0	56.0
2	125589342	7.0	70.0
2	126234899	6.0	43.0
2	127961261	11.0	60.0
2	134972482	6.0	66.0
2	135234748	8.0	69.0
2	137304100	4.0	41.0
2	137584780	8.0	65.0
2	137927517	8.0	84.0
2	138645995	6.0	81.0
2	140772406	12.0	77.0
2	141132581	6.0	63.0
2	143826295	14.0	74.0
2	143826973	7.0	57.0
2	144008301	12.0	71.0
2	146576653	7.0	39.0
2	147051934	5.0	67.0
2	147170107	18.0	69.0
2	147381407	8.0	72.0
2	147892231	10.0	51.0
2	148216306	8.0	71.0
2	153960959	6.0	66.0
2	154662664	9.0	60.0
2	155231333	15.0	63.0
2	155516141	6.0	70.0
2	156062053	7.0	75.0
2	161783093	5.0	69.0
2	162604962	5.0	71.0
2	162783033	6.0	87.0
2	167514172	14.0	77.0
2	167634209	5.0	81.0
2	168193414	11.0	54.0
2	168842826	5.0	65.0
2	169211458	5.0	40.0
2	169238073	5.0	75.0
2	170202714	10.0	70.0
2	174687716	5.0	58.0
2	175887539	5.0	68.0
2	177003451	4.0	59.0
2	177147024	6.0	65.0
2	177477483	9.0	74.0
2	178353847	4.0	29.0
2	181431799	6.0	79.0
2	181538838	12.0	65.0
2	182378784	6.0	67.0
2	182516178	10.0	72.0
2	183324966	9.0	65.0
2	185118090	17.0	75.0
2	185324590	5.0	74.0
2	186246549	6.0	57.0
2	187759363	5.0	44.0
2	188725024	5.0	86.0
2	189811586	9.0	91.0
2	194011960	10.0	59.0
2	194028600	5.0	58.0
2	194400213	8.0	62.0
2	195371643	6.0	87.0
2	197157378	9.0	52.0
2	198837397	12.0	68.0
2	200468582	6.0	35.0
2	202258484	8.0	54.0
2	203455669	4.0	30.0
2	207039441	6.0	54.0
2	207188646	11.0	64.0
2	208259316	7.0	46.0
2	209108283	5.0	72.0
2	212162145	4.0	57.0
2	212747939	6.0	59.0
2	213693325	5.0	58.0
2	215500783	7.0	65.0
2	217098966	8.0	48.0
2	217594106	7.0	55.0
2	221173369	6.0	56.0
2	222514432	7.0	71.0
2	224497097	7.0	64.0
2	225411348	6.0	51.0
2	227347635	5.0	71.0
2	227851573	5.0	69.0
2	228921617	9.0	82.0
2	228931283	6.0	65.0
2	229517043	10.0	58.0
2	229590870	5.0	58.0
2	229608149	8.0	64.0
2	233164000	8.0	54.0
2	233820354	8.0	45.0
2	233841107	7.0	32.0
2	236289372	6.0	66.0
2	236485348	4.0	45.0
2	237652022	4.0	38.0
2	237669762	8.0	62.0
2	237753010	7.0	51.0
2	237937406	10.0	34.0
2	239864142	5.0	43.0
2	240971691	10.0	52.0
2	242986263	9.0	76.0
20	804875	11.0	62.0
20	1154075	15.0	49.0
20	3342066	6.0	51.0
20	4255685	8.0	57.0
20	4312406	4.0	59.0
20	4537469	9.0	66.0
20	5387506	4.0	60.0
20	6062765	5.0	46.0
20	6167514	5.0	27.0
20	6568314	8.0	76.0
20	7017169	8.0	62.0
20	7700860	8.0	47.0
20	7782131	7.0	48.0
20	10002207	9.0	38.0
20	10448942	6.0	86.0
20	11044032	10.0	75.0
20	13292522	7.0	65.0
20	13308522	6.0	80.0
20	15995616	9.0	78.0
20	16821545	7.0	66.0
20	17050408	12.0	63.0
20	18214890	9.0	56.0
20	18307549	5.0	91.0
20	18821558	5.0	47.0
20	21564122	12.0	61.0
20	21676896	4.0	50.0
20	22412126	6.0	58.0
20	23744796	5.0	73.0
20	24061261	7.0	53.0
20	29960799	8.0	65.0
20	30387479	10.0	56.0
20	30387773	7.0	50.0
20	30387810	9.0	58.0
20	30387911	4.0	64.0
20	30389174	5.0	68.0
20	30389179	6.0	67.0
20	30389681	9.0	47.0
20	31223172	7.0	35.0
20	33748872	5.0	32.0
20	34970428	5.0	47.0
20	34971057	7.0	35.0
20	34971755	6.0	25.0
20	34972229	4.0	39.0
20	34973541	4.0	51.0
20	34973548	4.0	50.0
20	34973818	4.0	55.0
20	34974899	4.0	35.0
20	34975731	8.0	51.0
20	34977909	6.0	34.0
20	35092880	5.0	41.0
20	35377829	4.0	53.0
20	35802926	4.0	47.0
20	36139853	5.0	35.0
20	39280954	6.0	52.0
20	40206740	12.0	62.0
20	41093821	5.0	75.0
20	42398406	7.0	40.0
20	43103946	4.0	65.0
20	43586976	5.0	51.0
20	44134913	8.0	42.0
20	44618941	6.0	38.0
20	44968830	5.0	41.0
20	46701674	6.0	66.0
20	48641972	4.0	37.0
20	49684848	7.0	68.0
20	52696647	6.0	80.0
20	53769309	6.0	71.0
20	54558775	3.0	37.0
20	54588791	6.0	74.0
20	55057954	4.0	59.0
20	55399429	5.0	74.0
20	56326277	6.0	46.0
20	57676118	11.0	75.0
20	58503758	13.0	70.0
20	59094277	4.0	57.0
20	59185819	5.0	59.0
20	59384077	7.0	58.0
20	60095677	5.0	42.0
21	10558808	9.0	176.0
21	15247651	8.0	136.0
21	15519169	4.0	41.0
21	17561967	6.0	47.0
21	18645546	6.0	54.0
21	20232533	10.0	80.0
21	20974094	5.0	59.0
21	21374208	5.0	58.0
21	21417867	7.0	58.0
21	24197352	8.0	41.0
21	24815637	7.0	53.0
21	25239748	4.0	43.0
21	25277636	8.0	56.0
21	25527869	12.0	55.0
21	25627107	8.0	71.0
21	25849927	13.0	51.0
21	26485077	6.0	49.0
21	26797125	7.0	85.0
21	27036200	7.0	63.0
21	27640612	4.0	53.0
21	27887774	4.0	64.0
21	29003311	5.0	68.0
21	29949025	10.0	66.0
21	33134202	8.0	63.0
21	33715935	7.0	67.0
21	34614740	5.0	44.0
21	35117137	6.0	76.0
21	35741508	10.0	57.0
21	35931863	6.0	76.0
21	38317865	6.0	58.0
21	39686882	4.0	70.0
21	40219674	10.0	58.0
21	41848518	10.0	55.0
21	43555182	6.0	53.0
21	44842449	7.0	57.0
21	46790626	4.0	53.0
21	46963797	4.0	27.0
22	19054621	5.0	44.0
22	19366643	4.0	35.0
22	19733905	4.0	44.0
22	20145049	4.0	41.0
22	22991292	9.0	55.0
22	26096312	6.0	51.0
22	34516091	7.0	60.0
22	35994178	5.0	42.0
22	36825391	5.0	49.0
22	37550829	4.0	55.0
22	44660279	5.0	44.0
22	44816865	12.0	85.0
22	45528455	4.0	45.0
22	46412764	6.0	54.0
22	47518897	6.0	49.0
22	47839800	7.0	42.0
22	49963189	7.0	41.0
3	844995	8.0	61.0
3	1685622	12.0	65.0
3	1752712	9.0	44.0
3	3504914	9.0	68.0
3	4594422	4.0	51.0
3	4737268	4.0	59.0
3	5055089	5.0	36.0
3	5528180	10.0	53.0
3	5603582	4.0	38.0
3	5781782	6.0	57.0
3	6408936	6.0	65.0
3	6476697	8.0	65.0
3	6761074	8.0	63.0
3	7841977	6.0	73.0
3	9905538	6.0	39.0
3	10811913	4.0	61.0
3	11358477	5.0	56.0
3	12058313	6.0	43.0
3	12953059	7.0	53.0
3	13217016	7.0	47.0
3	14094785	10.0	66.0
3	16122753	7.0	60.0
3	17802971	10.0	87.0
3	19276054	5.0	41.0
3	20286225	12.0	64.0
3	20962868	12.0	69.0
3	22215966	8.0	77.0
3	22508104	5.0	63.0
3	23246763	9.0	87.0
3	23712127	6.0	35.0
3	26959856	5.0	65.0
3	27046820	7.0	46.0
3	27482633	6.0	71.0
3	28226035	8.0	38.0
3	28846987	5.0	68.0
3	31765920	9.0	48.0
3	34591270	5.0	47.0
3	34876223	12.0	69.0
3	34905557	6.0	59.0
3	35035419	6.0	66.0
3	35650206	15.0	72.0
3	35650221	16.0	72.0
3	35782348	4.0	70.0
3	35897898	10.0	42.0
3	35952446	5.0	57.0
3	36372444	4.0	65.0
3	39353313	5.0	69.0
3	39499146	6.0	55.0
3	43713717	10.0	60.0
3	44186586	5.0	73.0
3	44189014	6.0	66.0
3	44598505	4.0	41.0
3	47310280	5.0	44.0
3	47660416	4.0	39.0
3	49120001	10.0	72.0
3	55021503	4.0	41.0
3	59223243	4.0	65.0
3	60176037	8.0	57.0
3	61406726	8.0	63.0
3	63227567	11.0	60.0
3	63684909	9.0	59.0
3	63913731	11.0	73.0
3	67384503	6.0	62.0
3	68636693	5.0	71.0
3	73350737	11.0	58.0
3	73685385	6.0	34.0
3	74988150	4.0	66.0
3	76002887	6.0	58.0
3	76203379	9.0	69.0
3	76229127	12.0	67.0
3	76245752	10.0	97.0
3	76267251	9.0	67.0
3	76311544	10.0	74.0
3	76678443	4.0	62.0
3	76762020	10.0	72.0
3	76969275	9.0	74.0
3	80507994	10.0	86.0
3	81190801	8.0	80.0
3	82267876	6.0	81.0
3	82894166	5.0	70.0
3	82977299	5.0	75.0
3	83376587	10.0	59.0
3	83972258	5.0	63.0
3	84476709	12.0	62.0
3	84603116	8.0	53.0
3	85257367	6.0	81.0
3	85404146	5.0	38.0
3	85806416	7.0	75.0
3	86948260	4.0	28.0
3	87176358	7.0	71.0
3	87685701	13.0	56.0
3	88702066	5.0	77.0
3	88776170	6.0	65.0
3	88777533	6.0	71.0
3	88917196	5.0	65.0
3	89938181	5.0	63.0
3	90270331	4.0	50.0
3	90293446	7.0	54.0
3	94475949	5.0	51.0
3	95269078	13.0	65.0
3	95929280	6.0	35.0
3	97260073	11.0	68.0
3	97364813	9.0	48.0
3	99243784	6.0	78.0
3	99526387	8.0	59.0
3	99600260	6.0	51.0
3	100341046	4.0	56.0
3	102334506	7.0	81.0
3	102707790	10.0	68.0
3	103348274	12.0	63.0
3	103665645	7.0	64.0
3	104371249	14.0	86.0
3	106913353	16.0	62.0
3	109110973	7.0	67.0
3	109132926	5.0	37.0
3	111564818	8.0	56.0
3	112504369	7.0	52.0
3	113993772	5.0	58.0
3	114634443	9.0	78.0
3	116157501	6.0	75.0
3	116437501	6.0	76.0
3	116475102	5.0	72.0
3	117847571	5.0	64.0
3	117951309	8.0	69.0
3	122233000	3.0	29.0
3	123489216	6.0	70.0
3	123874605	9.0	49.0
3	127803666	6.0	56.0
3	129173742	5.0	54.0
3	134045363	4.0	46.0
3	134907625	15.0	75.0
3	135190838	5.0	50.0
3	135539358	10.0	56.0
3	135676131	4.0	61.0
3	137550619	4.0	65.0
3	139644137	5.0	72.0
3	139977121	9.0	69.0
3	140366675	7.0	44.0
3	141043437	15.0	60.0
3	141886493	5.0	82.0
3	142675543	8.0	52.0
3	143701974	14.0	49.0
3	144682821	11.0	65.0
3	145391959	16.0	67.0
3	146422114	6.0	78.0
3	147547103	12.0	80.0
3	149742296	7.0	83.0
3	149799239	8.0	65.0
3	150854451	11.0	72.0
3	151399364	8.0	69.0
3	151548752	8.0	75.0
3	151957191	8.0	80.0
3	152138698	8.0	67.0
3	152818802	8.0	46.0
3	154879525	4.0	77.0
3	157933670	5.0	69.0
3	158384150	12.0	60.0
3	158743369	10.0	59.0
3	160354047	11.0	80.0
3	160507290	15.0	74.0
3	160825984	9.0	72.0
3	162026218	9.0	43.0
3	162275986	6.0	50.0
3	162278590	4.0	59.0
3	162944742	11.0	60.0
3	163199315	9.0	72.0
3	163358306	12.0	71.0
3	163744403	6.0	69.0
3	163769573	7.0	62.0
3	164015836	10.0	78.0
3	164104425	5.0	82.0
3	164700083	10.0	75.0
3	166670958	7.0	74.0
3	168588533	12.0	81.0
3	169939976	5.0	43.0
3	170660500	5.0	54.0
3	172476870	8.0	75.0
3	172836474	6.0	63.0
3	174726370	7.0	60.0
3	175167328	5.0	37.0
3	178712979	4.0	59.0
3	180428362	6.0	57.0
3	180512851	7.0	65.0
3	181070213	6.0	42.0
3	185561705	5.0	57.0
3	186607893	9.0	37.0
3	188112611	4.0	61.0
3	188933073	5.0	54.0
3	192199053	7.0	72.0
3	192801816	6.0	47.0
3	193584811	5.0	44.0
3	194131545	6.0	53.0
3	195247438	15.0	60.0
3	197638972	6.0	40.0
4	745095	6.0	67.0
4	1353279	7.0	75.0
4	4005448	7.0	68.0
4	6904888	7.0	33.0
4	7095488	4.0	46.0
4	7752204	4.0	59.0
4	8121003	9.0	39.0
4	8982508	7.0	75.0
4	10329198	5.0	68.0
4	10407550	5.0	49.0
4	12262720	5.0	70.0
4	13415684	4.0	65.0
4	14384492	6.0	70.0
4	16143647	11.0	51.0
4	16268159	7.0	62.0
4	16676947	6.0	78.0
4	16855546	7.0	76.0
4	18457135	4.0	58.0
4	18503169	10.0	58.0
4	19103996	7.0	76.0
4	19923037	12.0	62.0
4	20109663	6.0	56.0
4	20826791	7.0	68.0
4	21116097	4.0	59.0
4	21155108	10.0	52.0
4	21588604	7.0	59.0
4	23025786	11.0	67.0
4	23186112	12.0	78.0
4	24602305	8.0	58.0
4	25186494	4.0	64.0
4	25690508	7.0	56.0
4	26215596	4.0	59.0
4	26284205	6.0	61.0
4	27243505	12.0	57.0
4	27270846	6.0	71.0
4	27895584	5.0	43.0
4	29843414	8.0	83.0
4	29857369	7.0	81.0
4	31052136	7.0	70.0
4	32283697	7.0	84.0
4	32718229	4.0	44.0
4	32998071	10.0	53.0
4	33074861	7.0	80.0
4	33628519	7.0	54.0
4	33680396	8.0	53.0
4	34207976	6.0	66.0
4	34536847	9.0	89.0
4	35460460	7.0	77.0
4	35730231	6.0	51.0
4	39780577	9.0	64.0
4	41421384	4.0	33.0
4	43909493	5.0	41.0
4	44421075	10.0	70.0
4	45612472	6.0	60.0
4	45957467	12.0	64.0
4	46100040	14.0	77.0
4	47174762	7.0	51.0
4	48683934	6.0	78.0
4	52712361	15.0	61.0
4	53396891	6.0	60.0
4	56559694	12.0	73.0
4	56616886	6.0	69.0
4	59491148	4.0	62.0
4	60579116	7.0	81.0
4	61063464	11.0	80.0
4	61118633	12.0	88.0
4	61160858	11.0	61.0
4	62565891	6.0	74.0
4	62692874	11.0	71.0
4	62969521	8.0	81.0
4	63334076	6.0	69.0
4	63607814	12.0	72.0
4	63629974	7.0	74.0
4	63677625	7.0	81.0
4	64618155	8.0	63.0
4	66015843	3.0	23.0
4	67257840	7.0	64.0
4	68790185	5.0	73.0
4	70303428	5.0	70.0
4	70303447	5.0	63.0
4	70431516	7.0	83.0
4	70819134	6.0	72.0
4	71439570	10.0	39.0
4	72137740	7.0	71.0
4	72747407	11.0	94.0
4	73891044	5.0	57.0
4	75586486	6.0	70.0
4	75726610	8.0	71.0
4	76999786	10.0	57.0
4	78197600	8.0	51.0
4	78537469	7.0	42.0
4	78638142	7.0	64.0
4	79642255	5.0	63.0
4	81939304	9.0	56.0
4	84534865	4.0	52.0
4	87297936	10.0	80.0
4	90591516	5.0	60.0
4	90600382	11.0	81.0
4	90618484	17.0	79.0
4	91322380	4.0	75.0
4	92419519	7.0	85.0
4	93170162	11.0	85.0
4	93946181	8.0	74.0
4	94283221	6.0	62.0
4	94616060	5.0	45.0
4	96392943	8.0	67.0
4	96910589	9.0	72.0
4	96970379	11.0	57.0
4	98306744	11.0	65.0
4	99273512	7.0	73.0
4	100629470	12.0	54.0
4	100711109	8.0	65.0
4	101494101	8.0	59.0
4	102970070	10.0	65.0
4	104435006	8.0	55.0
4	104544646	6.0	77.0
4	105061381	7.0	73.0
4	105618404	4.0	58.0
4	107140875	5.0	68.0
4	107240378	6.0	65.0
4	107620999	7.0	56.0
4	107753063	6.0	58.0
4	107758626	5.0	60.0
4	107805094	13.0	71.0
4	107916461	6.0	72.0
4	110137793	4.0	51.0
4	110298180	6.0	68.0
4	111633265	5.0	76.0
4	111701238	4.0	69.0
4	111834582	11.0	85.0
4	112264812	10.0	69.0
4	112782034	9.0	79.0
4	115090663	9.0	75.0
4	115644760	6.0	58.0
4	116517255	12.0	78.0
4	116572719	6.0	52.0
4	117086275	10.0	55.0
4	117179097	3.0	49.0
4	117552822	6.0	84.0
4	117758732	6.0	75.0
4	118250288	10.0	78.0
4	119743395	8.0	55.0
4	120859550	8.0	66.0
4	121898996	6.0	66.0
4	121901249	12.0	62.0
4	121901582	8.0	63.0
4	121901729	13.0	68.0
4	121906254	5.0	55.0
4	122349296	12.0	56.0
4	122392856	8.0	77.0
4	123802751	7.0	70.0
4	125792959	8.0	55.0
4	126385450	9.0	73.0
4	126492642	6.0	68.0
4	126498124	10.0	54.0
4	126517410	13.0	62.0
4	126791009	5.0	50.0
4	127060692	1.0	30.0
4	127074426	8.0	77.0
4	127121870	8.0	39.0
4	127802745	4.0	59.0
4	127814170	6.0	80.0
4	127873855	6.0	45.0
4	127880258	15.0	70.0
4	128200820	6.0	79.0
4	128627822	6.0	45.0
4	129540506	8.0	73.0
4	129801159	13.0	78.0
4	130285824	8.0	57.0
4	131909653	14.0	68.0
4	132331102	6.0	54.0
4	133318291	7.0	73.0
4	133762032	7.0	76.0
4	134079439	8.0	78.0
4	134115607	6.0	61.0
4	135366959	12.0	56.0
4	135909429	11.0	52.0
4	137524958	4.0	59.0
4	138248357	9.0	78.0
4	138771830	7.0	78.0
4	139333295	9.0	57.0
4	142795279	14.0	45.0
4	143333090	5.0	56.0
4	144773369	5.0	56.0
4	146391160	8.0	82.0
4	146609692	7.0	60.0
4	146709416	9.0	70.0
4	147644014	10.0	56.0
4	148975022	5.0	56.0
4	151975528	12.0	37.0
4	152646551	5.0	60.0
4	152981160	7.0	78.0
4	155042142	6.0	47.0
4	157399952	7.0	44.0
4	157858006	6.0	62.0
4	160209713	7.0	63.0
4	160460573	4.0	61.0
4	160843453	5.0	76.0
4	161476355	5.0	81.0
4	161697414	7.0	66.0
4	161839770	6.0	73.0
4	162591970	10.0	76.0
4	163761028	6.0	77.0
4	163768249	7.0	81.0
4	165717786	4.0	71.0
4	165757359	5.0	39.0
4	165915021	6.0	72.0
4	166294807	7.0	58.0
4	166331121	6.0	56.0
4	167067099	8.0	52.0
4	167409385	8.0	77.0
4	167665719	8.0	51.0
4	167946063	6.0	88.0
4	168062121	9.0	63.0
4	168213473	9.0	59.0
4	168914094	9.0	81.0
4	169481505	6.0	67.0
4	169695873	7.0	19.0
4	170040865	6.0	63.0
4	170356299	4.0	64.0
4	171488407	10.0	57.0
4	171869210	6.0	78.0
4	172095193	12.0	76.0
4	172145535	12.0	84.0
4	172611837	8.0	70.0
4	172636268	4.0	58.0
4	173258365	11.0	63.0
4	173362027	15.0	62.0
4	173424161	5.0	64.0
4	174456668	7.0	70.0
4	174579785	10.0	67.0
4	174784905	7.0	72.0
4	175653334	5.0	51.0
4	177338384	10.0	52.0
4	178746029	6.0	58.0
4	179023456	8.0	64.0
4	179147210	14.0	71.0
4	179485695	5.0	72.0
4	179665399	4.0	53.0
4	179670659	7.0	71.0
4	179675441	6.0	73.0
4	179857821	7.0	63.0
4	179871148	7.0	60.0
4	180259254	4.0	56.0
4	180791124	10.0	63.0
4	181382968	6.0	78.0
4	181544964	10.0	58.0
4	181615767	4.0	47.0
4	182123207	6.0	75.0
4	182496966	4.0	60.0
4	182646409	6.0	64.0
4	182756013	6.0	63.0
4	187800967	5.0	63.0
4	188564816	4.0	64.0
4	189084324	7.0	67.0
4	190275448	5.0	79.0
4	190421331	5.0	69.0
4	190469646	8.0	63.0
4	190906506	8.0	57.0
5	1464257	7.0	51.0
5	3254565	6.0	73.0
5	3713933	4.0	63.0
5	4098901	8.0	47.0
5	4746386	7.0	85.0
5	4944370	8.0	58.0
5	5095485	4.0	49.0
5	5963434	13.0	79.0
5	6318067	4.0	57.0
5	6404665	10.0	55.0
5	8878125	7.0	79.0
5	11133284	11.0	74.0
5	11467292	5.0	53.0
5	12109905	10.0	59.0
5	12909740	9.0	73.0
5	14373961	9.0	76.0
5	17208169	9.0	54.0
5	18056755	6.0	75.0
5	18257714	11.0	58.0
5	18415170	10.0	79.0
5	18697019	4.0	19.0
5	19226515	7.0	84.0
5	19577755	7.0	70.0
5	19951782	5.0	83.0
5	20542505	6.0	66.0
5	21150145	7.0	87.0
5	21395206	11.0	57.0
5	21909126	7.0	67.0
5	22309252	10.0	37.0
5	22463775	11.0	82.0
5	22704641	13.0	67.0
5	22978163	6.0	81.0
5	23082597	10.0	48.0
5	23219777	4.0	39.0
5	24188182	8.0	54.0
5	25620045	9.0	67.0
5	26847326	4.0	50.0
5	27416576	13.0	58.0
5	27684877	12.0	62.0
5	28104144	7.0	88.0
5	28108266	14.0	61.0
5	28279152	14.0	66.0
5	28456502	8.0	89.0
5	28616104	6.0	75.0
5	28667919	4.0	61.0
5	30028611	9.0	74.0
5	30036153	10.0	54.0
5	30688793	4.0	76.0
5	30775865	5.0	38.0
5	31661952	6.0	44.0
5	31661953	6.0	42.0
5	34068284	7.0	88.0
5	34456920	6.0	47.0
5	37322724	7.0	43.0
5	37769040	10.0	38.0
5	37865793	8.0	68.0
5	37865794	8.0	69.0
5	39271221	5.0	86.0
5	39304131	13.0	91.0
5	40481124	10.0	65.0
5	41357035	11.0	55.0
5	42561255	9.0	63.0
5	43766919	6.0	56.0
5	43795618	10.0	63.0
5	44228173	4.0	58.0
5	44378935	13.0	74.0
5	44722471	7.0	60.0
5	44875948	5.0	67.0
5	45435860	10.0	69.0
5	45642949	10.0	64.0
5	45940622	9.0	60.0
5	49526534	9.0	53.0
5	49925152	6.0	41.0
5	50082180	5.0	70.0
5	50274199	10.0	76.0
5	50310580	12.0	71.0
5	50350156	6.0	58.0
5	51213172	6.0	65.0
5	52005185	5.0	73.0
5	52679433	3.0	36.0
5	54323764	16.0	56.0
5	56129212	9.0	58.0
5	65349569	11.0	65.0
5	65598741	5.0	56.0
5	66247879	5.0	65.0
5	66352133	8.0	61.0
5	66356064	6.0	58.0
5	67050842	10.0	87.0
5	72493181	6.0	71.0
5	76843154	14.0	60.0
5	77717999	6.0	81.0
5	77967799	6.0	55.0
5	82651935	10.0	82.0
5	83156721	8.0	70.0
5	83187968	12.0	80.0
5	83232615	7.0	63.0
5	83616076	8.0	62.0
5	84069063	5.0	71.0
5	84375144	8.0	84.0
5	84560178	5.0	80.0
5	84647501	6.0	64.0
5	84749177	4.0	72.0
5	84770702	4.0	73.0
5	84795620	6.0	52.0
5	84860157	7.0	65.0
5	84892563	4.0	56.0
5	85066937	7.0	71.0
5	85262299	4.0	64.0
5	85352079	5.0	64.0
5	85531592	4.0	49.0
5	87191569	7.0	69.0
5	88309360	10.0	69.0
5	90485058	9.0	54.0
5	91258438	6.0	61.0
5	91263299	12.0	78.0
5	91475540	10.0	71.0
5	94682962	6.0	50.0
5	96750620	8.0	63.0
5	96798130	12.0	71.0
5	97614526	6.0	47.0
5	97827625	6.0	49.0
5	98063978	8.0	79.0
5	99412748	4.0	43.0
5	99446306	12.0	73.0
5	99633858	10.0	57.0
5	100474320	5.0	69.0
5	100474375	6.0	71.0
5	102320728	4.0	77.0
5	103038554	11.0	58.0
5	103085088	6.0	72.0
5	103177089	9.0	69.0
5	104329051	6.0	72.0
5	104910237	5.0	40.0
5	105087535	5.0	73.0
5	106264443	9.0	64.0
5	108302367	4.0	47.0
5	108438368	7.0	74.0
5	108606398	8.0	69.0
5	109010711	5.0	70.0
5	109712307	10.0	77.0
5	110612847	9.0	89.0
5	110674303	8.0	73.0
5	113120974	8.0	57.0
5	113192078	7.0	54.0
5	114894562	6.0	75.0
5	116091913	5.0	42.0
5	117299557	10.0	54.0
5	119314563	7.0	77.0
5	119834995	6.0	65.0
5	119834996	6.0	64.0
5	123161787	5.0	51.0
5	124485681	6.0	62.0
5	127977092	10.0	65.0
5	127992029	9.0	31.0
5	129049000	8.0	68.0
5	129676183	7.0	78.0
5	129731708	5.0	74.0
5	130149935	7.0	64.0
5	130970958	5.0	41.0
5	132013507	6.0	42.0
5	134970576	7.0	57.0
5	135145682	8.0	55.0
5	135249240	7.0	51.0
5	135942904	7.0	52.0
5	136006642	9.0	75.0
5	136184729	6.0	68.0
5	136734309	8.0	58.0
5	138422800	5.0	25.0
5	138766970	6.0	73.0
5	140474384	5.0	49.0
5	141446166	9.0	45.0
5	142007600	8.0	51.0
5	144506647	7.0	63.0
5	144765495	6.0	69.0
5	145669747	14.0	82.0
5	146273901	5.0	59.0
5	147304746	4.0	58.0
5	147906921	11.0	57.0
5	149985176	7.0	51.0
5	150808473	4.0	61.0
5	152668732	4.0	47.0
5	153851342	7.0	65.0
5	154196267	9.0	50.0
5	154983160	10.0	61.0
5	155220102	5.0	75.0
5	155663652	5.0	49.0
5	156589787	6.0	47.0
5	157676376	8.0	70.0
5	157689019	7.0	66.0
5	158046270	5.0	61.0
5	160666885	4.0	70.0
5	160839298	6.0	54.0
5	161115742	10.0	73.0
5	161539281	5.0	72.0
5	161720938	6.0	62.0
5	161969139	7.0	53.0
5	163376540	9.0	51.0
5	164222789	5.0	69.0
5	164262885	5.0	56.0
5	165402728	6.0	72.0
5	166271828	9.0	65.0
5	166372170	7.0	77.0
5	167162584	9.0	61.0
5	168673024	6.0	64.0
5	170198474	7.0	49.0
5	170733421	6.0	58.0
5	171962498	6.0	73.0
5	172998251	8.0	43.0
5	173575942	6.0	50.0
5	174227927	7.0	60.0
5	177664776	4.0	51.0
5	180299321	4.0	45.0
6	3190334	8.0	45.0
6	3528033	12.0	41.0
6	4900375	8.0	60.0
6	7576756	6.0	68.0
6	9597449	5.0	36.0
6	9952053	3.0	63.0
6	10004250	6.0	70.0
6	11432544	8.0	44.0
6	13801052	13.0	70.0
6	14871718	4.0	62.0
6	16092178	11.0	59.0
6	16530851	7.0	55.0
6	16894873	6.0	69.0
6	16898361	5.0	66.0
6	17349351	8.0	51.0
6	17597682	9.0	64.0
6	18679171	6.0	50.0
6	18828322	7.0	77.0
6	20160587	7.0	70.0
6	22799067	8.0	80.0
6	23478246	8.0	59.0
6	23621719	5.0	62.0
6	25181134	9.0	49.0
6	25713396	6.0	53.0
6	26358253	4.0	41.0
6	28202276	7.0	38.0
6	29395738	8.0	76.0
6	30711833	9.0	42.0
6	31243057	9.0	63.0
6	32222428	8.0	45.0
6	32256514	9.0	60.0
6	32847811	5.0	52.0
6	39993118	4.0	75.0
6	40412647	9.0	47.0
6	41972794	9.0	64.0
6	42571915	15.0	50.0
6	45374863	9.0	49.0
6	52767556	5.0	61.0
6	54688288	6.0	39.0
6	54912242	9.0	59.0
6	55150157	10.0	77.0
6	55423367	14.0	64.0
6	57350720	10.0	48.0
6	57604243	5.0	86.0
6	57993315	5.0	39.0
6	61995228	6.0	84.0
6	62015426	11.0	71.0
6	62200155	10.0	71.0
6	62893473	9.0	81.0
6	63146964	13.0	76.0
6	63306581	3.0	53.0
6	63716673	8.0	53.0
6	63967294	12.0	57.0
6	63998542	7.0	57.0
6	64741365	6.0	43.0
6	64794223	6.0	63.0
6	65397686	6.0	61.0
6	65531945	11.0	85.0
6	66078576	8.0	79.0
6	66170151	5.0	47.0
6	66509837	6.0	60.0
6	66928994	5.0	73.0
6	66991900	7.0	72.0
6	67436788	8.0	68.0
6	67876133	4.0	62.0
6	68602889	4.0	63.0
6	68957004	7.0	66.0
6	69340195	11.0	62.0
6	69854273	7.0	78.0
6	70609691	5.0	76.0
6	70822911	7.0	45.0
6	70979081	6.0	64.0
6	72103175	13.0	60.0
6	72856587	17.0	67.0
6	73175589	7.0	67.0
6	73351270	8.0	57.0
6	74505343	5.0	85.0
6	74595712	4.0	41.0
6	74992853	11.0	71.0
6	75226275	7.0	67.0
6	75339364	5.0	69.0
6	77724169	10.0	53.0
6	77780061	6.0	59.0
6	77834693	8.0	68.0
6	77895340	7.0	25.0
6	81812440	9.0	84.0
6	81969090	10.0	77.0
6	81976517	8.0	87.0
6	82747704	6.0	60.0
6	83930425	11.0	64.0
6	85571391	7.0	55.0
6	85807049	8.0	39.0
6	87120298	9.0	71.0
6	87452851	7.0	71.0
6	90863839	8.0	61.0
6	92763524	8.0	72.0
6	93098310	4.0	48.0
6	93265418	9.0	65.0
6	93891814	11.0	70.0
6	93925393	11.0	85.0
6	96816006	8.0	55.0
6	97819629	7.0	59.0
6	98440528	6.0	84.0
6	98562647	11.0	64.0
6	98890934	9.0	35.0
6	100821161	7.0	61.0
6	101913055	7.0	68.0
6	103520094	13.0	59.0
6	103844903	7.0	56.0
6	104459351	4.0	56.0
6	106346856	8.0	54.0
6	108249851	7.0	63.0
6	108483044	6.0	46.0
6	108854078	10.0	53.0
6	109673950	3.0	67.0
6	111535493	7.0	79.0
6	111701591	7.0	47.0
6	112439798	8.0	60.0
6	113832154	8.0	44.0
6	114279864	11.0	73.0
6	115277575	11.0	71.0
6	116012379	4.0	61.0
6	116448942	15.0	80.0
6	117098737	10.0	44.0
6	117914795	11.0	46.0
6	118488467	5.0	66.0
6	119679883	6.0	77.0
6	120402959	14.0	82.0
6	120914215	8.0	71.0
6	120981754	8.0	61.0
6	122080100	13.0	49.0
6	122234378	11.0	74.0
6	122523587	6.0	47.0
6	125154409	7.0	69.0
6	126694604	7.0	76.0
6	126786168	5.0	66.0
6	126843523	6.0	52.0
6	129715517	7.0	78.0
6	130294932	8.0	64.0
6	130476077	5.0	67.0
6	131049310	10.0	52.0
6	132752355	6.0	75.0
6	133514569	6.0	54.0
6	133759326	10.0	69.0
6	133978071	4.0	71.0
6	134845897	4.0	48.0
6	136670437	16.0	78.0
6	137707372	12.0	46.0
6	139045777	5.0	89.0
6	140981283	8.0	77.0
6	141778651	5.0	38.0
6	141904978	12.0	66.0
6	142591097	6.0	53.0
6	149207097	7.0	61.0
6	151773950	4.0	39.0
6	152221105	5.0	40.0
6	153170069	7.0	55.0
6	153854999	5.0	72.0
6	154054525	6.0	61.0
6	154054561	5.0	61.0
6	154457496	12.0	44.0
6	155126287	10.0	79.0
6	156439859	12.0	69.0
6	157344536	13.0	67.0
6	157819828	10.0	70.0
6	158311694	12.0	58.0
6	160384289	7.0	73.0
6	162407257	4.0	68.0
6	164972840	5.0	65.0
6	165235761	11.0	43.0
7	992888	5.0	49.0
7	1734290	3.0	41.0
7	3632126	8.0	68.0
7	6101519	12.0	58.0
7	7773283	11.0	71.0
7	9026943	13.0	53.0
7	9476417	8.0	36.0
7	9614589	13.0	70.0
7	9831265	14.0	62.0
7	9978185	5.0	93.0
7	10509417	6.0	81.0
7	12104955	7.0	91.0
7	16952970	8.0	45.0
7	17648913	6.0	25.0
7	18155939	8.0	88.0
7	18731811	7.0	90.0
7	18969141	16.0	54.0
7	22261127	12.0	76.0
7	22824429	18.0	65.0
7	25201022	5.0	73.0
7	25226474	14.0	59.0
7	25832381	11.0	59.0
7	29040361	11.0	70.0
7	30758427	6.0	54.0
7	30847985	8.0	53.0
7	30968030	7.0	57.0
7	31296025	8.0	61.0
7	31776910	9.0	65.0
7	33800613	9.0	70.0
7	33903840	5.0	38.0
7	34444850	5.0	62.0
7	34748324	12.0	70.0
7	35192089	9.0	54.0
7	36080079	9.0	62.0
7	36357671	4.0	59.0
7	37900622	9.0	61.0
7	38034884	6.0	40.0
7	40122529	9.0	47.0
7	41048132	7.0	59.0
7	44218602	15.0	45.0
7	44540340	19.0	62.0
7	45240754	9.0	65.0
7	45292688	6.0	52.0
7	45423064	14.0	59.0
7	46373909	19.0	100.0
7	47553999	13.0	62.0
7	47560213	6.0	54.0
7	48664382	7.0	67.0
7	48769194	6.0	65.0
7	49218586	12.0	55.0
7	49380852	6.0	62.0
7	49440318	7.0	86.0
7	49579725	14.0	48.0
7	49752648	6.0	57.0
7	49812177	6.0	45.0
7	49835957	12.0	60.0
7	49843185	7.0	57.0
7	51128782	4.0	57.0
7	53305421	11.0	42.0
7	53468405	7.0	67.0
7	53936059	6.0	70.0
7	54101544	6.0	95.0
7	54243882	6.0	70.0
7	54640736	12.0	58.0
7	55669134	12.0	65.0
7	55895189	6.0	52.0
7	56203334	11.0	62.0
7	56480520	6.0	58.0
7	56634399	10.0	58.0
7	58037556	16.0	71.0
7	61771553	11.0	78.0
7	62158709	10.0	96.0
7	62194243	8.0	99.0
7	62501039	7.0	58.0
7	62554851	17.0	65.0
7	62637461	13.0	74.0
7	62676133	6.0	75.0
7	63036163	6.0	91.0
7	63121723	8.0	44.0
7	64341726	8.0	53.0
7	65064511	19.0	69.0
7	65898266	5.0	51.0
7	65962805	12.0	62.0
7	66726356	11.0	51.0
7	67513968	11.0	73.0
7	67994094	7.0	27.0
7	68125675	23.0	61.0
7	68251611	5.0	82.0
7	68572311	8.0	66.0
7	68673629	19.0	38.0
7	70207773	14.0	63.0
7	70879226	5.0	64.0
7	71399514	6.0	53.0
7	72098881	5.0	62.0
7	72306434	15.0	47.0
7	73506421	4.0	44.0
7	73800759	4.0	48.0
7	77813690	25.0	75.0
7	78641742	7.0	78.0
7	79150295	8.0	83.0
7	79318688	8.0	69.0
7	81136251	14.0	59.0
7	81249607	21.0	67.0
7	82092789	11.0	73.0
7	82996590	19.0	82.0
7	83039118	8.0	98.0
7	84560081	6.0	82.0
7	84788674	19.0	68.0
7	84970107	10.0	66.0
7	85928263	5.0	38.0
7	86081522	13.0	82.0
7	86251727	11.0	77.0
7	87276192	7.0	75.0
7	89259878	11.0	63.0
7	93014078	6.0	81.0
7	93352363	11.0	59.0
7	93924417	7.0	58.0
7	93990035	13.0	51.0
7	95305498	22.0	73.0
7	96072738	17.0	73.0
7	96673447	20.0	49.0
7	97129365	5.0	65.0
7	97887366	8.0	56.0
7	99217255	14.0	53.0
7	99404823	11.0	57.0
7	100864252	13.0	42.0
7	104457353	4.0	58.0
7	106227483	6.0	63.0
7	106433921	8.0	62.0
7	108848390	8.0	88.0
7	108974752	26.0	56.0
7	113973101	10.0	64.0
7	114671074	9.0	37.0
7	115296500	9.0	73.0
7	115321791	13.0	63.0
7	115529817	7.0	66.0
7	119454579	8.0	57.0
7	119589824	5.0	81.0
7	119892831	17.0	57.0
7	119928194	17.0	64.0
7	120839454	1.0	64.0
7	120876709	13.0	74.0
7	120884856	19.0	68.0
7	122693245	4.0	48.0
7	122917754	12.0	78.0
7	122977199	25.0	53.0
7	123950818	9.0	91.0
7	125612748	5.0	76.0
7	125809562	19.0	58.0
7	125881603	7.0	78.0
7	126966305	7.0	95.0
7	126974769	17.0	83.0
7	127373209	10.0	66.0
7	129124871	12.0	77.0
7	130365330	5.0	23.0
7	133266693	8.0	47.0
7	133942461	4.0	58.0
7	134137781	10.0	60.0
7	135021305	7.0	80.0
7	136114778	6.0	54.0
7	137000963	19.0	58.0
7	140514998	6.0	23.0
7	140863559	8.0	57.0
7	141075991	3.0	62.0
7	141195388	11.0	63.0
7	141505744	10.0	52.0
7	143130616	16.0	64.0
7	143645798	6.0	60.0
7	144809889	7.0	64.0
7	145083070	5.0	54.0
7	145571316	6.0	82.0
7	146004349	9.0	84.0
7	146023217	7.0	76.0
7	146197513	23.0	59.0
7	147877047	4.0	69.0
7	148021952	11.0	59.0
7	148573459	15.0	58.0
7	149183327	4.0	64.0
7	149534076	7.0	65.0
7	150447313	21.0	72.0
7	150611745	6.0	69.0
7	152780071	3.0	60.0
7	152972809	8.0	60.0
7	153418659	14.0	58.0
7	153586272	5.0	58.0
7	153728083	6.0	61.0
7	153932673	15.0	62.0
7	153983255	8.0	68.0
7	154844835	14.0	60.0
7	154941986	4.0	23.0
7	157316224	9.0	33.0
7	157631019	17.0	66.0
7	158856895	8.0	30.0
8	718018	5.0	58.0
8	1731661	5.0	56.0
8	2238149	8.0	126.0
8	2820690	5.0	52.0
8	2900051	7.0	44.0
8	3195007	8.0	58.0
8	3388874	4.0	71.0
8	3641001	4.0	43.0
8	3838709	6.0	66.0
8	4228802	4.0	57.0
8	4337314	16.0	61.0
8	4511011	10.0	64.0
8	4621968	6.0	62.0
8	8489292	7.0	58.0
8	9290249	6.0	65.0
8	11303437	8.0	45.0
8	12775288	9.0	65.0
8	12964052	4.0	43.0
8	13496797	7.0	63.0
8	13870971	5.0	90.0
8	14258522	6.0	83.0
8	14654325	7.0	50.0
8	17044385	5.0	64.0
8	17917340	16.0	57.0
8	20481094	6.0	51.0
8	21036294	12.0	54.0
8	21479421	5.0	41.0
8	25215330	5.0	58.0
8	25361556	7.0	56.0
8	26051132	10.0	75.0
8	28285568	4.0	43.0
8	29022674	8.0	53.0
8	30010117	6.0	59.0
8	30126058	5.0	47.0
8	30865983	7.0	48.0
8	31502329	7.0	81.0
8	31695679	10.0	71.0
8	31868289	10.0	84.0
8	31959523	9.0	62.0
8	32115093	24.0	63.0
8	32147396	10.0	96.0
8	32226102	15.0	71.0
8	32586437	6.0	66.0
8	32734325	7.0	76.0
8	33782288	4.0	20.0
8	33836696	14.0	45.0
8	34098592	16.0	76.0
8	34098960	4.0	70.0
8	34419769	7.0	59.0
8	34691652	7.0	69.0
8	34727938	4.0	43.0
8	35057634	6.0	83.0
8	35205690	9.0	67.0
8	35223776	15.0	73.0
8	35251042	5.0	66.0
8	35268487	4.0	81.0
8	35491660	5.0	84.0
8	35547973	13.0	82.0
8	35554057	8.0	63.0
8	35988915	7.0	89.0
8	36124546	15.0	56.0
8	36129951	6.0	55.0
8	37682730	4.0	61.0
8	38054952	12.0	73.0
8	38756283	5.0	31.0
8	40555034	8.0	67.0
8	43327349	5.0	76.0
8	43567163	11.0	80.0
8	47159220	10.0	41.0
8	47835517	4.0	48.0
8	47893695	5.0	64.0
8	48215600	5.0	42.0
8	49622876	4.0	49.0
8	50001673	16.0	77.0
8	50080768	14.0	64.0
8	50641607	6.0	81.0
8	50659500	13.0	77.0
8	52168249	8.0	92.0
8	53897445	5.0	73.0
8	54635969	9.0	51.0
8	55196509	6.0	53.0
8	56006487	9.0	74.0
8	56007238	10.0	71.0
8	56244032	20.0	68.0
8	57617732	11.0	44.0
8	58503105	13.0	61.0
8	58691036	5.0	56.0
8	58827452	9.0	69.0
8	61438453	5.0	54.0
8	63323229	15.0	72.0
8	63344623	7.0	81.0
8	63884976	7.0	83.0
8	64396224	10.0	91.0
8	64679224	5.0	72.0
8	64702149	6.0	50.0
8	64804030	18.0	71.0
8	64837308	7.0	59.0
8	64986336	10.0	51.0
8	65039606	18.0	68.0
8	65213799	5.0	82.0
8	65213859	8.0	93.0
8	68522184	5.0	60.0
8	69997894	17.0	81.0
8	70235154	4.0	56.0
8	70269963	11.0	73.0
8	72122892	9.0	55.0
8	72646403	8.0	77.0
8	72794076	8.0	71.0
8	72859585	5.0	95.0
8	73145210	6.0	63.0
8	73751578	7.0	69.0
8	75766876	13.0	69.0
8	76599906	13.0	74.0
8	76620254	9.0	69.0
8	77356960	16.0	57.0
8	77797062	18.0	70.0
8	78631321	5.0	80.0
8	80446010	8.0	79.0
8	81945834	10.0	66.0
8	82154442	6.0	66.0
8	82754145	9.0	26.0
8	83143124	6.0	68.0
8	83352070	15.0	58.0
8	83634355	4.0	73.0
8	83694295	13.0	60.0
8	83725981	6.0	83.0
8	83906222	16.0	57.0
8	84005564	6.0	66.0
8	84203426	5.0	40.0
8	84535059	9.0	59.0
8	85125040	10.0	70.0
8	85285200	5.0	58.0
8	85552390	15.0	84.0
8	85795922	5.0	54.0
8	86890445	8.0	59.0
8	86897026	10.0	92.0
8	88484022	9.0	82.0
8	88528366	13.0	54.0
8	88536425	2.0	98.0
8	88634610	19.0	49.0
8	88644217	7.0	57.0
8	88827812	5.0	56.0
8	89115212	15.0	56.0
8	89225058	10.0	76.0
8	89331895	6.0	66.0
8	89607598	5.0	53.0
8	91552998	7.0	73.0
8	91575054	12.0	56.0
8	91857628	8.0	77.0
8	92255666	14.0	56.0
8	93013055	13.0	83.0
8	97001712	7.0	61.0
8	97865822	9.0	45.0
8	98520588	6.0	80.0
8	98610464	5.0	49.0
8	101051947	9.0	63.0
8	104325039	11.0	81.0
8	104968587	15.0	62.0
8	109089641	13.0	48.0
8	109306718	6.0	68.0
8	109306719	6.0	68.0
8	110143697	6.0	82.0
8	110989373	12.0	84.0
8	111177693	6.0	75.0
8	111356166	21.0	72.0
8	111694191	8.0	79.0
8	112081395	8.0	68.0
8	112138751	14.0	69.0
8	112516816	8.0	78.0
8	114050898	5.0	65.0
8	114244433	15.0	87.0
8	114341242	5.0	69.0
8	114696017	20.0	71.0
8	115085061	11.0	74.0
8	115088114	5.0	67.0
8	115205659	5.0	71.0
8	115455637	5.0	81.0
8	115508995	8.0	76.0
8	115691779	5.0	81.0
8	115849627	5.0	70.0
8	115926998	9.0	96.0
8	116475010	13.0	52.0
8	116834086	10.0	96.0
8	118273121	17.0	69.0
8	118497178	7.0	90.0
8	118501530	7.0	57.0
8	118754654	7.0	62.0
8	119954167	14.0	44.0
8	120291713	13.0	57.0
8	122182127	7.0	88.0
8	122287543	7.0	50.0
8	123474999	12.0	73.0
8	123560095	6.0	63.0
8	124754147	6.0	26.0
8	127110088	10.0	43.0
8	127468000	12.0	61.0
8	129002613	9.0	94.0
8	129995797	10.0	56.0
8	130143361	8.0	69.0
8	130260985	4.0	50.0
8	130290786	12.0	61.0
8	130293821	7.0	76.0
8	130626498	13.0	89.0
8	130655833	8.0	68.0
8	132087708	8.0	68.0
8	132297246	9.0	59.0
8	133144944	5.0	78.0
8	135634229	10.0	62.0
8	136310808	7.0	65.0
8	136913403	11.0	62.0
8	136921215	10.0	69.0
8	137318092	14.0	84.0
8	138919260	10.0	74.0
8	139792119	14.0	48.0
8	139859118	5.0	57.0
8	140371139	11.0	54.0
8	141456900	9.0	55.0
8	141595145	9.0	65.0
8	142386477	8.0	33.0
8	143141706	5.0	44.0
8	145560350	3.0	25.0
9	1115173	11.0	73.0
9	2250878	10.0	40.0
9	2822942	5.0	66.0
9	5940414	2.0	36.0
9	6331398	6.0	60.0
9	6653095	8.0	60.0
9	9804281	7.0	66.0
9	10106662	4.0	74.0
9	10106663	4.0	72.0
9	10132937	7.0	63.0
9	10229818	7.0	46.0
9	10548572	5.0	59.0
9	10741344	7.0	82.0
9	11364817	4.0	78.0
9	11397744	6.0	50.0
9	11816209	4.0	67.0
9	11845532	5.0	79.0
9	12197044	6.0	61.0
9	12224388	8.0	66.0
9	15308393	6.0	59.0
9	17677286	8.0	67.0
9	21188346	6.0	81.0
9	22988005	5.0	77.0
9	23405221	7.0	72.0
9	24050840	9.0	56.0
9	24669561	6.0	68.0
9	25048778	12.0	74.0
9	25237098	6.0	103.0
9	26030131	7.0	56.0
9	26136849	5.0	64.0
9	28888438	9.0	93.0
9	29170048	6.0	81.0
9	29544764	7.0	61.0
9	29624557	6.0	62.0
9	30890113	13.0	67.0
9	31063826	12.0	69.0
9	32933846	10.0	56.0
9	34974975	4.0	58.0
9	35792457	4.0	26.0
9	37359651	6.0	63.0
9	38044226	6.0	40.0
9	38753636	6.0	52.0
9	65557590	5.0	62.0
9	68184350	10.0	74.0
9	71116043	9.0	40.0
9	72494038	12.0	57.0
9	73564929	4.0	66.0
9	73773895	11.0	42.0
9	75090585	4.0	35.0
9	75524146	4.0	36.0
9	77075328	6.0	59.0
9	78383831	5.0	64.0
9	80831894	7.0	55.0
9	81152160	5.0	72.0
9	83973697	6.0	65.0
9	84011728	5.0	55.0
9	84246633	10.0	66.0
9	84362669	11.0	69.0
9	85172289	6.0	79.0
9	86849351	6.0	50.0
9	87897683	5.0	55.0
9	88518888	8.0	55.0
9	94354833	5.0	49.0
9	94678947	4.0	59.0
9	95108605	4.0	65.0
9	95827536	9.0	49.0
9	96633001	5.0	35.0
9	97414880	3.0	8.0
9	97530646	11.0	67.0
9	99656530	6.0	49.0
9	100780648	5.0	40.0
9	102505967	8.0	73.0
9	103740813	3.0	78.0
9	105131029	5.0	64.0
9	105768144	5.0	46.0
9	105908066	9.0	70.0
9	106530823	13.0	60.0
9	109525807	11.0	51.0
9	110350605	9.0	56.0
9	112306062	4.0	55.0
9	118430720	10.0	44.0
9	119422838	12.0	72.0
9	119981868	5.0	62.0
9	121848971	7.0	66.0
9	122149378	3.0	70.0
9	124844118	9.0	65.0
9	126627217	7.0	57.0
9	128500165	4.0	65.0
9	129684093	6.0	61.0
9	129727001	10.0	75.0
9	134734737	5.0	49.0
9	134961642	5.0	66.0
9	135662787	5.0	71.0
9	136931455	7.0	50.0
9	137118010	8.0	44.0
9	137202989	7.0	80.0
9	137913768	7.0	51.0
9	138999800	7.0	51.0
9	139088038	7.0	36.0
9	140112037	4.0	38.0
X	352957	8.0	54.0
X	870340	12.0	69.0
X	2329339	6.0	39.0
X	5593382	7.0	35.0
X	6436802	4.0	25.0
X	7030641	8.0	31.0
X	7226663	3.0	27.0
X	8707445	6.0	25.0
X	11837432	5.0	22.0
X	14615862	10.0	26.0
X	14836555	10.0	20.0
X	14980949	5.0	41.0
X	15963234	4.0	40.0
X	17896926	9.0	30.0
X	18386909	4.0	32.0
X	18502449	3.0	15.0
X	20534656	12.0	28.0
X	21022852	4.0	27.0
X	21806272	12.0	30.0
X	27097911	3.0	32.0
X	27501193	7.0	37.0
X	29053758	6.0	21.0
X	29492450	5.0	27.0
X	32026454	6.0	29.0
X	32467853	5.0	28.0
X	32606402	11.0	34.0
X	32953157	3.0	6.0
X	33259388	10.0	31.0
X	33259844	3.0	37.0
X	33667728	4.0	34.0
X	34592903	9.0	33.0
X	35805914	8.0	34.0
X	36352074	6.0	32.0
X	38604051	7.0	23.0
X	38787766	9.0	26.0
X	40630863	3.0	9.0
X	42195967	4.0	27.0
X	46867634	4.0	32.0
X	48136131	4.0	26.0
X	51714292	13.0	24.0
X	52623096	6.0	19.0
X	58107450	5.0	36.0
X	62290662	4.0	28.0
X	64433768	7.0	23.0
X	64809167	3.0	20.0
X	65778726	19.0	25.0
X	66489554	9.0	35.0
X	68076764	5.0	35.0
X	68823048	3.0	26.0
X	70465446	3.0	21.0
X	72652673	6.0	23.0
X	75274619	5.0	35.0
X	75592111	8.0	25.0
X	76624963	5.0	28.0
X	76816261	11.0	32.0
X	78251719	6.0	51.0
X	80545070	7.0	26.0
X	82349448	4.0	28.0
X	83732724	5.0	33.0
X	84802994	8.0	35.0
X	84857593	4.0	28.0
X	85936315	5.0	26.0
X	86795529	7.0	19.0
X	87433860	13.0	25.0
X	87830220	7.0	44.0
X	92944046	4.0	15.0
X	93242815	6.0	17.0
X	93584878	13.0	39.0
X	94377895	7.0	31.0
X	94667459	7.0	25.0
X	95654036	6.0	23.0
X	95933564	5.0	30.0
X	96179091	4.0	26.0
X	97503696	8.0	21.0
X	97566940	4.0	25.0
X	97884787	10.0	33.0
X	98000768	9.0	39.0
X	98934999	3.0	46.0
X	102502033	4.0	34.0
X	103287502	4.0	20.0
X	103735088	4.0	35.0
X	108161767	4.0	32.0
X	108317570	7.0	37.0
X	108318323	7.0	29.0
X	108970537	5.0	21.0
X	110019843	8.0	33.0
X	110069939	11.0	36.0
X	115290706	7.0	23.0
X	118406965	3.0	21.0
X	122291111	4.0	30.0
X	125448772	5.0	31.0
X	125502737	11.0	24.0
X	125755044	6.0	24.0
X	126056149	9.0	29.0
X	127282549	5.0	35.0
X	127358479	9.0	28.0
X	130635497	10.0	31.0
X	132346097	8.0	27.0
X	133233946	8.0	28.0
X	134051123	7.0	34.0
X	136593308	7.0	26.0
X	136719427	4.0	34.0
X	139516812	9.0	23.0
X	139950884	12.0	38.0
X	140082515	8.0	27.0
X	140777076	5.0	63.0
X	141664991	10.0	27.0
X	142111492	15.0	30.0
X	142111597	7.0	22.0
X	143147633	9.0	30.0
X	143414426	7.0	23.0
X	143770240	4.0	28.0
X	143991066	8.0	27.0
X	144466404	4.0	25.0
X	145651154	13.0	33.0
X	145658027	6.0	28.0
X	147889574	6.0	33.0
X	147932307	8.0	26.0
X	147974067	4.0	32.0
X	149326253	8.0	16.0
X	150296501	5.0	21.0
X	152093796	4.0	28.0
X	152200048	5.0	16.0
X	154985731	8.0	74.0
Y	8666999	5.0	29.0
Y	14338111	3.0	21.0
Y	14408200	10.0	10.0
Y	15133977	6.0	38.0
Y	17613526	9.0	23.0
Y	18786648	8.0	33.0
Y	19024442	4.0	27.0
Y	19153235	7.0	33.0
Y	19478027	8.0	24.0
Y	23839990	10.0	31.0
Y	23894295	4.0	31.0
Y	28652908	10.0	44.0
Y	28763811	4.0	31.0
Y	28783805	4.0	18.0
