chromosome_index position alt_count ref_count
1 28261707 8 171
1 53972275 11 208
1 152659492 41 1167
1 167024256 13 312
2 96873900 15 199
2 228884216 13 367
3 160233331 21 511
5 132432935 14 528
5 140176604 16 510
5 140176666 18 571
5 140516722 11 358
5 145979904 17 536
5 167420045 12 360
5 172744699 3 43
6 155776951 23 346
6 161020531 60 1807
7 4899881 17 394
7 144097345 10 277
8 125058136 36 536
9 35092197 16 317
9 35092359 28 397
9 104385694 18 361
10 37431076 17 456
10 122334762 15 332
11 117651364 15 574
12 41419082 72 1044
13 39262608 20 403
13 42876975 10 317
13 113772782 26 268
14 102749891 17 343
15 28391388 9 236
15 33858937 16 446
16 4733904 10 100
16 49315201 16 216
16 55690874 19 523
16 68055453 8 131
16 71423849 10 151
17 42937897 37 392
17 65688807 17 514
17 78351573 49 684
19 4499495 7 154
19 9056276 27 719
19 19330065 4 62
19 38989876 12 467
20 16360516 13 538
20 22565009 12 12
21 47918690 13 238
22 26423121 15 329
