chromosome_index	position	alt_count	ref_count
1	2411240	17.0	31.0
1	2719687	29.0	30.0
1	3251692	3.0	37.0
1	4090287	12.0	30.0
1	4729308	28.0	12.0
1	4784330	21.0	27.0
1	5160560	31.0	29.0
1	5384270	1.0	42.0
1	12269154	15.0	34.0
1	12560929	23.0	31.0
1	19012142	19.0	23.0
1	19765470	19.0	31.0
1	26273486	30.0	17.0
1	26481427	23.0	17.0
1	26513381	6.0	35.0
1	27496290	17.0	16.0
1	30325409	4.0	48.0
1	33251038	14.0	26.0
1	34874315	5.0	48.0
1	36074272	31.0	33.0
1	36739060	5.0	61.0
1	37170641	29.0	28.0
1	40999552	13.0	17.0
1	45437153	22.0	31.0
1	49662119	20.0	38.0
1	50022041	15.0	18.0
1	50300598	6.0	59.0
1	53736412	17.0	20.0
1	54325030	21.0	26.0
1	59261706	26.0	23.0
1	60217510	21.0	34.0
1	61927764	14.0	22.0
1	64198827	18.0	26.0
1	64879878	4.0	15.0
1	67870283	5.0	33.0
1	73883159	20.0	30.0
1	75531134	6.0	38.0
1	77753525	25.0	33.0
1	82823941	21.0	21.0
1	83125200	21.0	27.0
1	88640890	14.0	23.0
1	89786311	25.0	26.0
1	90269684	25.0	32.0
1	95310095	19.0	30.0
1	99726765	27.0	28.0
1	100307810	19.0	28.0
1	100465049	25.0	31.0
1	102603191	17.0	33.0
1	104672618	16.0	31.0
1	105411950	25.0	21.0
1	106658758	22.0	31.0
1	106873743	10.0	44.0
1	106976810	21.0	24.0
1	107047324	18.0	35.0
1	107277566	20.0	19.0
1	112039819	9.0	26.0
1	114594134	22.0	25.0
1	115962235	10.0	58.0
1	117294499	32.0	38.0
1	119283398	19.0	31.0
1	119843033	38.0	30.0
1	147143059	165.0	189.0
1	147197275	289.0	41.0
1	147197306	225.0	43.0
1	147236324	25.0	31.0
1	149711251	89.0	361.0
1	149711693	80.0	347.0
1	149711832	101.0	335.0
1	149711867	93.0	348.0
1	149852087	102.0	188.0
1	149992167	11.0	239.0
1	149999154	29.0	236.0
1	151740253	20.0	62.0
1	151740340	40.0	53.0
1	151740413	61.0	65.0
1	151740746	59.0	68.0
1	151740864	70.0	72.0
1	151740887	68.0	55.0
1	152270024	6.0	63.0
1	152338839	106.0	54.0
1	152338852	101.0	52.0
1	152338869	95.0	55.0
1	152339100	315.0	52.0
1	152416177	34.0	35.0
1	153847979	35.0	40.0
1	154874265	11.0	40.0
1	154910707	7.0	51.0
1	157564952	18.0	36.0
1	158558198	33.0	43.0
1	158558215	31.0	46.0
1	159682021	155.0	776.0
1	159683597	148.0	743.0
1	159979651	59.0	181.0
1	159979899	61.0	215.0
1	160003357	57.0	288.0
1	160066132	77.0	433.0
1	160678231	69.0	321.0
1	160856326	168.0	149.0
1	161078592	34.0	326.0
1	161078853	36.0	349.0
1	161078993	25.0	350.0
1	161079188	27.0	374.0
1	161094606	23.0	221.0
1	161094667	29.0	247.0
1	161094800	27.0	249.0
1	161213708	26.0	162.0
1	161726446	29.0	93.0
1	161726834	31.0	85.0
1	161726859	37.0	95.0
1	161804909	149.0	96.0
1	161933732	33.0	58.0
1	161934076	45.0	63.0
1	161934586	29.0	45.0
1	161934661	29.0	41.0
1	161936838	37.0	52.0
1	161937145	31.0	57.0
1	161978217	33.0	141.0
1	161978492	28.0	164.0
1	161979308	3.0	168.0
1	161979310	1.0	170.0
1	161979311	1.0	171.0
1	161979315	1.0	173.0
1	161979347	14.0	163.0
1	161979355	19.0	157.0
1	162023559	112.0	211.0
1	162023564	109.0	211.0
1	162024982	35.0	264.0
1	162026037	35.0	279.0
1	162029287	95.0	142.0
1	162029531	103.0	130.0
1	163526933	4.0	37.0
1	164981936	7.0	54.0
1	165453947	20.0	32.0
1	169464042	99.0	39.0
1	170548602	180.0	67.0
1	170677272	21.0	629.0
1	170985752	94.0	191.0
1	170985803	90.0	201.0
1	170986173	103.0	206.0
1	170986250	104.0	197.0
1	170986618	101.0	192.0
1	170986713	79.0	174.0
1	170986869	51.0	154.0
1	170986922	12.0	151.0
1	170986929	8.0	147.0
1	170986932	13.0	147.0
1	170986996	65.0	148.0
1	170987031	90.0	156.0
1	170997091	28.0	178.0
1	170997181	36.0	215.0
1	170997236	41.0	219.0
1	170997461	31.0	168.0
1	170997704	18.0	240.0
1	170997722	10.0	245.0
1	170997737	2.0	243.0
1	171031716	14.0	191.0
1	171765642	19.0	171.0
1	171919099	68.0	139.0
1	171942036	10.0	228.0
1	172194815	211.0	138.0
1	173076028	25.0	21.0
1	174842206	16.0	30.0
1	175432510	23.0	26.0
1	179852974	8.0	31.0
1	181080676	28.0	28.0
1	181556622	16.0	34.0
1	182912525	15.0	24.0
1	187263335	4.0	45.0
1	188825697	26.0	29.0
1	188971472	15.0	26.0
1	189317386	20.0	27.0
1	189465354	23.0	16.0
1	190237611	7.0	36.0
1	190462795	14.0	22.0
1	191570206	18.0	29.0
1	191823108	18.0	37.0
1	193746917	3.0	28.0
1	194020196	22.0	29.0
1	194368331	18.0	32.0
1	195668113	15.0	47.0
1	197038391	22.0	26.0
1	199997840	20.0	35.0
1	206538787	21.0	20.0
1	209813720	30.0	17.0
1	214813608	6.0	51.0
1	215238009	15.0	25.0
1	216972420	3.0	37.0
1	217408084	17.0	34.0
1	217409576	15.0	27.0
1	225106197	4.0	26.0
1	226177525	17.0	22.0
1	238063280	14.0	25.0
1	238223419	26.0	34.0
1	239817505	15.0	20.0
1	240090162	25.0	23.0
1	242561689	23.0	28.0
1	243411264	34.0	20.0
1	247085992	11.0	18.0
10	2357017	18.0	18.0
10	3012919	17.0	18.0
10	4314124	20.0	29.0
10	6005917	5.0	58.0
10	9065584	26.0	25.0
10	14747817	25.0	25.0
10	20226883	11.0	22.0
10	20361258	14.0	17.0
10	22428769	19.0	20.0
10	26132576	4.0	31.0
10	27755471	8.0	57.0
10	29555102	7.0	40.0
10	29890762	19.0	26.0
10	33952663	24.0	19.0
10	38475420	16.0	22.0
10	43583565	17.0	25.0
10	44701650	22.0	20.0
10	47680245	29.0	25.0
10	49837194	14.0	32.0
10	50256081	22.0	32.0
10	52334905	6.0	31.0
10	52377198	17.0	34.0
10	53491779	6.0	30.0
10	53525375	3.0	36.0
10	53525389	4.0	34.0
10	54586674	19.0	27.0
10	56024043	32.0	20.0
10	56391425	22.0	22.0
10	57030187	4.0	37.0
10	68362504	25.0	22.0
10	68754322	23.0	30.0
10	68969632	17.0	23.0
10	69869026	20.0	25.0
10	71422299	24.0	36.0
10	72397424	23.0	36.0
10	74664316	4.0	48.0
10	75873897	20.0	21.0
10	83171551	15.0	28.0
10	83381404	4.0	47.0
10	84134545	21.0	23.0
10	85688147	5.0	32.0
10	86991390	20.0	34.0
10	91542007	25.0	31.0
10	98075236	18.0	27.0
10	105582289	22.0	25.0
10	105719611	4.0	37.0
10	107573773	19.0	27.0
10	108214040	17.0	25.0
10	108826648	10.0	26.0
10	109050639	17.0	17.0
10	110715745	30.0	31.0
10	113970188	24.0	31.0
10	114003978	22.0	32.0
10	118474396	24.0	34.0
10	121809560	24.0	24.0
10	121942429	30.0	28.0
10	123528168	35.0	35.0
10	127291896	4.0	33.0
10	128179393	21.0	26.0
10	128389534	10.0	11.0
10	129661418	9.0	30.0
10	129669840	24.0	24.0
10	132930435	9.0	40.0
10	133154661	4.0	55.0
10	133518107	24.0	22.0
11	3950453	18.0	44.0
11	5816864	18.0	40.0
11	6101291	19.0	28.0
11	7695594	18.0	21.0
11	8160115	25.0	20.0
11	13143993	19.0	25.0
11	13574375	27.0	35.0
11	13608726	31.0	18.0
11	18137149	3.0	46.0
11	19725486	27.0	22.0
11	20084386	13.0	18.0
11	20218994	4.0	47.0
11	20710415	18.0	21.0
11	21936960	23.0	26.0
11	22049671	18.0	33.0
11	22368715	8.0	49.0
11	22494664	20.0	30.0
11	23448764	22.0	21.0
11	24341381	13.0	34.0
11	24975994	4.0	44.0
11	25259388	19.0	18.0
11	28792919	6.0	45.0
11	29917153	29.0	36.0
11	32827533	22.0	23.0
11	34046744	29.0	30.0
11	37064124	22.0	31.0
11	37326958	21.0	27.0
11	38059741	24.0	32.0
11	38904076	18.0	31.0
11	41759948	9.0	30.0
11	41826094	6.0	29.0
11	41962618	28.0	27.0
11	42770081	21.0	34.0
11	42981761	10.0	50.0
11	48343243	18.0	15.0
11	48744546	9.0	39.0
11	48938432	29.0	24.0
11	49826301	6.0	47.0
11	51320735	17.0	29.0
11	55506978	22.0	29.0
11	56536559	8.0	22.0
11	58218189	6.0	37.0
11	59785618	19.0	30.0
11	64775904	22.0	31.0
11	65504850	4.0	54.0
11	67891576	29.0	34.0
11	70946405	22.0	30.0
11	72987160	22.0	30.0
11	73119744	25.0	30.0
11	78407605	24.0	33.0
11	80173309	18.0	29.0
11	81079937	36.0	24.0
11	81147677	22.0	29.0
11	81258475	17.0	28.0
11	83505627	17.0	43.0
11	83505704	7.0	47.0
11	84102809	4.0	50.0
11	84177206	27.0	28.0
11	84315911	8.0	49.0
11	84607738	8.0	51.0
11	85281069	5.0	48.0
11	87524188	13.0	36.0
11	90077823	20.0	25.0
11	90578746	14.0	29.0
11	90751837	23.0	23.0
11	91144069	13.0	36.0
11	96627696	21.0	30.0
11	96954146	6.0	54.0
11	97929688	14.0	41.0
11	98168082	22.0	34.0
11	100118050	32.0	20.0
11	103006085	10.0	35.0
11	103078149	28.0	29.0
11	105786767	14.0	11.0
11	110209931	18.0	24.0
11	116119653	20.0	29.0
11	117965191	30.0	32.0
11	119866614	15.0	29.0
11	122625448	21.0	31.0
11	124089634	15.0	32.0
11	126125692	5.0	51.0
11	127710449	26.0	22.0
11	128386465	14.0	37.0
11	129414691	32.0	33.0
11	131029486	11.0	51.0
11	131574460	21.0	30.0
11	132858950	6.0	55.0
11	134940938	19.0	25.0
12	327652	3.0	41.0
12	1718851	44.0	298.0
12	1721063	29.0	312.0
12	1721257	24.0	379.0
12	4036401	199.0	387.0
12	4036655	102.0	385.0
12	4036656	102.0	386.0
12	4036708	94.0	349.0
12	4221342	125.0	534.0
12	4320537	86.0	515.0
12	6732174	17.0	25.0
12	7470437	29.0	28.0
12	9150938	22.0	25.0
12	10919496	25.0	37.0
12	12681417	25.0	30.0
12	12839042	21.0	27.0
12	14048496	18.0	414.0
12	14156621	13.0	29.0
12	14821168	94.0	46.0
12	14821428	99.0	38.0
12	14821458	111.0	43.0
12	14821535	88.0	36.0
12	14821800	6.0	35.0
12	14821819	10.0	38.0
12	14821903	100.0	55.0
12	15409810	68.0	634.0
12	15409971	55.0	555.0
12	16945947	22.0	31.0
12	17250758	89.0	49.0
12	18771767	28.0	24.0
12	18930133	31.0	24.0
12	20962951	21.0	22.0
12	21092182	317.0	39.0
12	21099751	357.0	60.0
12	21099805	358.0	50.0
12	21100273	274.0	59.0
12	21100319	201.0	64.0
12	21100394	291.0	60.0
12	21578552	48.0	161.0
12	21999411	257.0	160.0
12	22085998	109.0	478.0
12	22347784	200.0	50.0
12	22816437	157.0	622.0
12	22817050	118.0	473.0
12	22817116	133.0	526.0
12	22817638	149.0	582.0
12	22817640	146.0	582.0
12	22817827	140.0	543.0
12	22838336	159.0	533.0
12	22838405	143.0	541.0
12	22838777	143.0	541.0
12	22839004	122.0	513.0
12	22839049	126.0	564.0
12	22839368	160.0	554.0
12	22977339	283.0	212.0
12	22977401	288.0	202.0
12	22977495	301.0	205.0
12	22977921	300.0	212.0
12	22977985	257.0	208.0
12	24333115	20.0	22.0
12	24738485	29.0	216.0
12	24767283	169.0	55.0
12	25028466	42.0	169.0
12	25028756	30.0	172.0
12	25042098	41.0	136.0
12	25042178	48.0	150.0
12	25042234	44.0	174.0
12	25435562	23.0	23.0
12	26051456	23.0	27.0
12	26536212	143.0	362.0
12	28748398	296.0	186.0
12	28748413	289.0	186.0
12	28748562	277.0	197.0
12	28756711	156.0	212.0
12	29412260	29.0	175.0
12	29412368	41.0	215.0
12	29412693	30.0	199.0
12	31315840	484.0	46.0
12	31867112	24.0	28.0
12	32205278	181.0	38.0
12	32599195	3.0	43.0
12	33435692	2.0	60.0
12	33663149	22.0	31.0
12	34515327	28.0	24.0
12	39512124	13.0	23.0
12	39877950	39.0	45.0
12	39878831	28.0	51.0
12	39878832	30.0	51.0
12	39969061	105.0	51.0
12	39985714	168.0	201.0
12	39992855	321.0	71.0
12	40119131	26.0	319.0
12	40119209	31.0	309.0
12	40119510	27.0	333.0
12	40119761	26.0	285.0
12	40441648	282.0	129.0
12	40441680	253.0	110.0
12	40441698	259.0	113.0
12	40442275	500.0	119.0
12	40442368	479.0	110.0
12	40442385	476.0	114.0
12	40965991	62.0	41.0
12	40966016	4.0	52.0
12	40966017	5.0	51.0
12	40966041	63.0	54.0
12	40989711	66.0	235.0
12	42331816	161.0	251.0
12	42406084	33.0	448.0
12	42420544	376.0	59.0
12	42420572	372.0	52.0
12	42421574	396.0	44.0
12	42421575	394.0	45.0
12	42425748	439.0	55.0
12	42427988	511.0	64.0
12	42823733	4.0	41.0
12	43957068	3.0	30.0
12	44468123	4.0	48.0
12	48083699	27.0	570.0
12	48083811	21.0	368.0
12	48083870	24.0	640.0
12	48084340	30.0	699.0
12	48085079	38.0	777.0
12	48085178	43.0	743.0
12	48085282	30.0	797.0
12	48312246	267.0	612.0
12	48312361	258.0	623.0
12	48312715	292.0	630.0
12	48313067	195.0	550.0
12	48313153	229.0	455.0
12	48315639	259.0	601.0
12	48316343	248.0	607.0
12	48317031	234.0	561.0
12	48317397	234.0	577.0
12	48751358	221.0	260.0
12	48751797	225.0	333.0
12	48752161	206.0	321.0
12	48752247	210.0	288.0
12	48752258	208.0	288.0
12	49085995	74.0	47.0
12	55659175	108.0	48.0
12	55659361	109.0	33.0
12	56023893	105.0	393.0
12	56140381	29.0	363.0
12	56140601	47.0	387.0
12	56140809	37.0	401.0
12	56140867	42.0	397.0
12	56141198	31.0	367.0
12	56141245	22.0	362.0
12	56141290	24.0	373.0
12	56141324	21.0	388.0
12	56141380	10.0	392.0
12	56141420	2.0	428.0
12	56141430	1.0	419.0
12	56141467	12.0	397.0
12	56141473	12.0	404.0
12	56141567	42.0	374.0
12	56141675	26.0	379.0
12	56141693	20.0	348.0
12	56141730	14.0	333.0
12	56141766	29.0	359.0
12	56141821	41.0	405.0
12	56565431	200.0	237.0
12	56565571	207.0	210.0
12	56566563	109.0	227.0
12	56566571	105.0	230.0
12	56566591	103.0	232.0
12	56566682	214.0	248.0
12	56566683	213.0	246.0
12	56566847	222.0	200.0
12	56566884	226.0	225.0
12	56567134	221.0	245.0
12	56567225	221.0	222.0
12	56567263	202.0	215.0
12	56567544	181.0	159.0
12	56568082	214.0	205.0
12	56568337	229.0	216.0
12	56568899	227.0	222.0
12	57134721	4.0	200.0
12	57134722	4.0	202.0
12	58298814	198.0	512.0
12	58298831	211.0	527.0
12	58351614	99.0	466.0
12	58471877	631.0	58.0
12	58480513	64.0	534.0
12	59692531	21.0	26.0
12	59882010	161.0	31.0
12	60353171	25.0	440.0
12	61172927	23.0	31.0
12	63621606	16.0	21.0
12	63847659	14.0	24.0
12	68518462	21.0	180.0
12	68866090	20.0	29.0
12	69259369	26.0	801.0
12	69328091	181.0	649.0
12	69412411	194.0	577.0
12	69417358	17.0	598.0
12	69417365	9.0	587.0
12	69617009	598.0	44.0
12	69632144	127.0	634.0
12	69642553	307.0	184.0
12	69684648	24.0	554.0
12	69718096	40.0	615.0
12	69719293	29.0	638.0
12	69720597	39.0	641.0
12	69820607	138.0	151.0
12	69820673	114.0	130.0
12	69820862	117.0	128.0
12	69820925	101.0	153.0
12	69821609	86.0	128.0
12	69821834	23.0	153.0
12	69821835	23.0	151.0
12	69821846	30.0	151.0
12	69822405	108.0	144.0
12	69822755	102.0	144.0
12	69844501	179.0	102.0
12	69844642	168.0	85.0
12	69844652	174.0	85.0
12	70015079	70.0	46.0
12	70230644	449.0	96.0
12	70231037	437.0	67.0
12	70231668	425.0	82.0
12	70363602	34.0	65.0
12	71116879	11.0	36.0
12	71332500	30.0	24.0
12	73109069	20.0	25.0
12	73149925	22.0	27.0
12	73753242	20.0	59.0
12	74250185	24.0	20.0
12	75521655	25.0	29.0
12	77030548	23.0	32.0
12	78163848	20.0	24.0
12	79193713	15.0	21.0
12	83894686	106.0	175.0
12	83974684	56.0	267.0
12	85404576	5.0	36.0
12	87329756	31.0	916.0
12	87329795	4.0	982.0
12	87329834	43.0	986.0
12	87329844	57.0	962.0
12	87329922	131.0	1039.0
12	87330039	142.0	944.0
12	87330091	147.0	1011.0
12	87330198	24.0	1045.0
12	87330229	13.0	1056.0
12	87330298	104.0	1045.0
12	87330365	113.0	920.0
12	87330384	124.0	925.0
12	87357671	128.0	887.0
12	87357708	137.0	903.0
12	87357974	68.0	884.0
12	87358008	67.0	965.0
12	87358018	69.0	970.0
12	87358396	130.0	897.0
12	87358481	158.0	836.0
12	87358932	129.0	812.0
12	87473913	53.0	377.0
12	87814918	9.0	26.0
12	88412577	20.0	21.0
12	90563017	260.0	51.0
12	90615562	411.0	50.0
12	92319566	22.0	24.0
12	93975000	5.0	46.0
12	94111381	3.0	36.0
12	105377503	16.0	15.0
12	105941132	20.0	19.0
12	106316724	20.0	31.0
12	108057351	15.0	28.0
12	110788651	24.0	25.0
12	114044685	4.0	32.0
12	114058625	14.0	26.0
12	114731992	15.0	27.0
12	118152064	22.0	24.0
12	119190116	5.0	35.0
12	121357158	20.0	31.0
12	121719522	4.0	36.0
12	122459659	11.0	12.0
12	124444920	28.0	23.0
12	124683341	15.0	21.0
12	125123567	25.0	31.0
12	126004115	5.0	36.0
12	127027213	4.0	44.0
12	127198158	22.0	30.0
12	130259698	28.0	28.0
12	130544971	4.0	36.0
12	130576511	25.0	29.0
12	131160487	22.0	32.0
12	133781821	2.0	32.0
13	22988116	21.0	28.0
13	23355703	19.0	25.0
13	28619766	29.0	26.0
13	28650551	22.0	28.0
13	29808205	19.0	33.0
13	31713988	4.0	48.0
13	33138106	12.0	22.0
13	37020694	8.0	50.0
13	39204445	19.0	33.0
13	39324927	3.0	30.0
13	39560254	5.0	34.0
13	40341977	6.0	42.0
13	40443480	22.0	19.0
13	41374753	29.0	27.0
13	48893896	18.0	26.0
13	52160831	25.0	25.0
13	53984678	7.0	33.0
13	55985905	24.0	26.0
13	56365843	34.0	28.0
13	57607937	17.0	32.0
13	58328414	5.0	29.0
13	58787676	22.0	36.0
13	60160011	16.0	27.0
13	60336490	20.0	26.0
13	64885210	16.0	28.0
13	65312717	22.0	21.0
13	66614960	16.0	28.0
13	68339815	13.0	22.0
13	69112498	20.0	24.0
13	69844170	19.0	19.0
13	70964906	16.0	29.0
13	75523455	24.0	30.0
13	78180262	17.0	35.0
13	78493786	28.0	17.0
13	80663093	20.0	36.0
13	81436667	26.0	16.0
13	83163067	26.0	35.0
13	83331093	17.0	32.0
13	84588367	26.0	21.0
13	85212327	11.0	47.0
13	89181205	21.0	30.0
13	91611541	19.0	32.0
13	93043348	20.0	33.0
13	93818064	30.0	28.0
13	93937883	6.0	24.0
13	94304447	26.0	28.0
13	95335585	4.0	34.0
13	96715220	23.0	38.0
13	100480131	5.0	40.0
13	101211612	22.0	16.0
13	101508984	10.0	57.0
13	103528715	28.0	28.0
13	106849730	19.0	24.0
13	107483511	24.0	19.0
13	111200125	23.0	34.0
13	112750769	29.0	21.0
13	114803629	4.0	41.0
14	19120606	7.0	118.0
14	21298119	19.0	29.0
14	21951985	12.0	49.0
14	22019433	20.0	43.0
14	22289896	25.0	50.0
14	23042558	21.0	37.0
14	23844721	4.0	76.0
14	25159179	18.0	60.0
14	26784074	11.0	34.0
14	26964400	6.0	73.0
14	28637389	22.0	42.0
14	33612341	18.0	47.0
14	36862525	28.0	54.0
14	36956563	19.0	34.0
14	37258419	26.0	38.0
14	37263486	8.0	76.0
14	37584374	15.0	56.0
14	37789150	13.0	49.0
14	38321974	29.0	35.0
14	38741404	17.0	41.0
14	40120294	15.0	46.0
14	41381239	17.0	50.0
14	42241087	18.0	44.0
14	43944667	9.0	43.0
14	44823781	5.0	35.0
14	45187104	18.0	44.0
14	45902882	29.0	47.0
14	46684369	6.0	64.0
14	47260403	22.0	48.0
14	48366275	18.0	40.0
14	48937044	7.0	61.0
14	49039590	18.0	45.0
14	49075847	5.0	65.0
14	49357065	10.0	24.0
14	52145822	13.0	29.0
14	54197161	21.0	44.0
14	55183479	4.0	69.0
14	55380326	18.0	52.0
14	57160862	23.0	52.0
14	59261483	20.0	47.0
14	60199132	17.0	43.0
14	61815452	4.0	61.0
14	62687980	20.0	54.0
14	63573568	15.0	45.0
14	63824437	11.0	53.0
14	65645331	21.0	37.0
14	66416532	15.0	48.0
14	66816031	25.0	46.0
14	68229454	15.0	49.0
14	69546214	22.0	46.0
14	70558443	17.0	40.0
14	77597985	12.0	43.0
14	78072542	17.0	38.0
14	78543505	22.0	49.0
14	79373748	20.0	56.0
14	81176750	5.0	69.0
14	81463083	4.0	70.0
14	82767416	15.0	44.0
14	83037413	26.0	35.0
14	85462735	15.0	47.0
14	85997559	18.0	29.0
14	89778053	12.0	29.0
14	89915341	15.0	32.0
14	90302222	11.0	34.0
14	94926194	23.0	36.0
14	96608396	11.0	49.0
14	98005973	16.0	30.0
14	99121290	22.0	50.0
14	99521166	4.0	66.0
14	102223403	25.0	43.0
14	102582391	17.0	40.0
14	102783477	10.0	33.0
14	102981304	19.0	44.0
14	104189842	17.0	52.0
14	104516197	24.0	34.0
14	106659021	6.0	55.0
14	106696379	18.0	41.0
14	106917921	17.0	60.0
14	107074265	19.0	38.0
15	22985048	18.0	31.0
15	37977756	16.0	32.0
15	38584908	21.0	27.0
15	43195567	25.0	36.0
15	44762074	21.0	31.0
15	56315507	24.0	27.0
15	59508268	22.0	42.0
15	60236521	13.0	22.0
15	60679738	18.0	21.0
15	65635104	5.0	60.0
15	69225470	5.0	38.0
15	70910150	28.0	29.0
15	71592528	6.0	44.0
15	79631185	28.0	26.0
15	80923003	22.0	24.0
15	86179501	24.0	20.0
15	89611781	20.0	24.0
15	90097169	16.0	28.0
15	91897600	24.0	27.0
15	92366978	26.0	22.0
15	95424307	22.0	19.0
15	97108622	17.0	14.0
15	97339530	22.0	32.0
15	100089120	8.0	33.0
16	961661	5.0	4.0
16	1863846	26.0	23.0
16	2587156	18.0	25.0
16	4231804	34.0	25.0
16	5580649	22.0	28.0
16	6067591	9.0	50.0
16	6563129	28.0	29.0
16	6769849	11.0	37.0
16	7428296	21.0	27.0
16	7523204	19.0	23.0
16	7990149	30.0	27.0
16	9285008	16.0	29.0
16	11539518	5.0	36.0
16	11666604	16.0	20.0
16	19417478	25.0	37.0
16	19634341	25.0	21.0
16	20242414	12.0	15.0
16	20307312	24.0	25.0
16	22820247	25.0	36.0
16	25997283	7.0	32.0
16	31385552	4.0	48.0
16	31676858	27.0	30.0
16	31926515	4.0	50.0
16	32542690	22.0	93.0
16	32570563	26.0	64.0
16	33867633	24.0	41.0
16	35183601	24.0	25.0
16	47875808	24.0	26.0
16	54570665	20.0	32.0
16	56750333	20.0	21.0
16	58520250	8.0	40.0
16	59340650	22.0	33.0
16	60216734	24.0	28.0
16	61133603	19.0	33.0
16	61612077	28.0	25.0
16	62954310	15.0	26.0
16	64483170	23.0	42.0
16	75369494	14.0	12.0
16	76768023	23.0	26.0
16	77400090	23.0	21.0
16	78599934	4.0	35.0
16	78877407	12.0	3.0
16	80131836	12.0	31.0
16	83014126	24.0	38.0
16	84898747	25.0	24.0
16	85272984	24.0	26.0
17	1846414	24.0	29.0
17	1958229	19.0	26.0
17	1961286	19.0	23.0
17	4436615	28.0	26.0
17	4822517	12.0	19.0
17	5997252	23.0	23.0
17	7037568	16.0	29.0
17	8775002	17.0	23.0
17	9026428	26.0	31.0
17	12677185	5.0	23.0
17	12879552	20.0	33.0
17	12919054	15.0	27.0
17	13600532	24.0	23.0
17	14025311	24.0	24.0
17	14869857	15.0	28.0
17	15038735	24.0	21.0
17	20610927	26.0	21.0
17	21309574	6.0	46.0
17	29220695	19.0	29.0
17	32433438	37.0	23.0
17	33801927	12.0	25.0
17	35910139	25.0	25.0
17	45347094	22.0	29.0
17	48179251	21.0	28.0
17	49685844	18.0	39.0
17	51389761	15.0	30.0
17	51598924	22.0	34.0
17	52568701	14.0	38.0
17	52579978	23.0	33.0
17	54921099	19.0	26.0
17	56109338	18.0	27.0
17	58120485	16.0	32.0
17	60042707	22.0	21.0
17	60771749	16.0	28.0
17	60808717	24.0	15.0
17	69284639	7.0	16.0
17	71808989	18.0	31.0
17	72873278	25.0	22.0
17	75797435	19.0	22.0
17	75815494	20.0	21.0
17	79125849	16.0	27.0
17	80265901	16.0	34.0
17	80349498	10.0	28.0
18	624228	20.0	27.0
18	3161963	16.0	28.0
18	5000934	16.0	19.0
18	6881497	11.0	47.0
18	9620502	2.0	12.0
18	12905925	17.0	25.0
18	23072866	19.0	25.0
18	24678685	17.0	24.0
18	24942503	9.0	32.0
18	28076397	19.0	23.0
18	28164372	10.0	27.0
18	33336669	7.0	46.0
18	35223049	24.0	31.0
18	37139474	27.0	32.0
18	39388216	18.0	29.0
18	39398542	18.0	26.0
18	40206991	24.0	24.0
18	41050285	21.0	28.0
18	41166962	11.0	15.0
18	44232980	12.0	40.0
18	46235615	31.0	39.0
18	48919135	6.0	38.0
18	49371631	6.0	34.0
18	49774000	22.0	23.0
18	50508994	13.0	24.0
18	50508995	13.0	24.0
18	51198601	25.0	26.0
18	51519083	25.0	27.0
18	54770664	34.0	35.0
18	55564215	30.0	34.0
18	58310898	25.0	32.0
18	61786698	19.0	20.0
18	63027790	2.0	62.0
18	64056663	20.0	23.0
18	64412901	22.0	30.0
18	64709853	21.0	31.0
18	65390823	22.0	21.0
18	66330076	26.0	27.0
18	68786825	17.0	21.0
18	68942340	17.0	30.0
18	69088371	11.0	49.0
18	75560784	19.0	17.0
18	77317910	7.0	39.0
18	77473913	9.0	46.0
19	2644990	4.0	59.0
19	3953061	24.0	39.0
19	13389492	22.0	26.0
19	17864889	18.0	17.0
19	18390611	4.0	43.0
19	20757088	23.0	29.0
19	20781424	14.0	20.0
19	23659407	11.0	22.0
19	28189987	7.0	43.0
19	28689328	31.0	32.0
19	30951873	23.0	24.0
19	32174499	11.0	24.0
19	34846620	20.0	19.0
19	39653200	18.0	28.0
19	39732146	24.0	27.0
19	41251903	30.0	26.0
19	42766581	5.0	53.0
19	43753447	13.0	24.0
19	44920712	23.0	29.0
19	45809895	10.0	27.0
19	45809898	11.0	27.0
19	46462630	19.0	24.0
19	47379717	29.0	20.0
19	50027374	14.0	38.0
19	51288945	5.0	44.0
19	56248690	19.0	28.0
19	56451827	16.0	29.0
19	57606427	18.0	23.0
2	21539	12.0	52.0
2	777000	24.0	22.0
2	1503037	6.0	34.0
2	1835256	19.0	21.0
2	1934324	15.0	30.0
2	2994744	24.0	26.0
2	4365058	21.0	28.0
2	6768967	29.0	21.0
2	9877015	19.0	28.0
2	10335510	12.0	17.0
2	19170962	21.0	29.0
2	22075181	24.0	24.0
2	22819822	29.0	36.0
2	30314305	13.0	24.0
2	31353228	20.0	20.0
2	31521406	27.0	34.0
2	31696134	23.0	31.0
2	34170197	19.0	34.0
2	34522307	6.0	32.0
2	34760834	5.0	42.0
2	35108411	5.0	34.0
2	35351743	22.0	34.0
2	35523819	20.0	31.0
2	41759431	27.0	20.0
2	43139520	20.0	29.0
2	45741803	16.0	23.0
2	47918604	14.0	31.0
2	48349065	29.0	40.0
2	49307498	6.0	32.0
2	58021394	10.0	30.0
2	58576295	18.0	30.0
2	59514239	22.0	29.0
2	60227435	20.0	26.0
2	61139712	24.0	23.0
2	68833925	6.0	48.0
2	69777406	29.0	27.0
2	70503805	25.0	38.0
2	75757326	5.0	57.0
2	76205453	20.0	23.0
2	76219762	12.0	25.0
2	77169906	27.0	15.0
2	78993809	26.0	16.0
2	78994472	23.0	28.0
2	79141954	14.0	42.0
2	79252877	24.0	34.0
2	79392428	20.0	25.0
2	80753934	26.0	31.0
2	82638761	14.0	35.0
2	83009757	26.0	25.0
2	83634358	18.0	18.0
2	89130677	28.0	31.0
2	101043757	18.0	21.0
2	101646269	23.0	23.0
2	102707850	21.0	32.0
2	107837546	7.0	48.0
2	113311604	24.0	26.0
2	114915562	22.0	17.0
2	115033137	11.0	28.0
2	115143432	4.0	39.0
2	118142390	13.0	20.0
2	123016465	5.0	44.0
2	124380445	5.0	41.0
2	124833924	18.0	31.0
2	126950104	8.0	46.0
2	129590504	16.0	30.0
2	129789713	23.0	26.0
2	132273504	19.0	21.0
2	133508021	21.0	24.0
2	133868278	22.0	25.0
2	134724068	21.0	24.0
2	134916124	4.0	46.0
2	137268499	6.0	38.0
2	141236404	4.0	43.0
2	141298112	20.0	22.0
2	141840325	26.0	26.0
2	142844612	22.0	26.0
2	143586034	21.0	19.0
2	146191456	27.0	29.0
2	151890961	29.0	20.0
2	154000111	10.0	37.0
2	156498658	20.0	23.0
2	156902090	17.0	24.0
2	158899468	29.0	31.0
2	159749878	10.0	20.0
2	163661374	17.0	13.0
2	164170292	23.0	26.0
2	164681547	18.0	38.0
2	165402014	29.0	21.0
2	166126741	10.0	39.0
2	166716668	20.0	24.0
2	166872547	16.0	23.0
2	167614610	28.0	18.0
2	170777258	23.0	25.0
2	171167892	13.0	31.0
2	172031025	27.0	24.0
2	172307321	4.0	33.0
2	173083950	25.0	31.0
2	174469699	18.0	23.0
2	174921711	21.0	27.0
2	176960266	28.0	26.0
2	177230169	5.0	47.0
2	178255112	27.0	34.0
2	185997417	22.0	17.0
2	186086970	5.0	48.0
2	186361915	20.0	14.0
2	187089803	32.0	21.0
2	188928624	12.0	36.0
2	189233479	14.0	15.0
2	190882781	19.0	30.0
2	192026593	25.0	29.0
2	192609069	22.0	27.0
2	193234039	5.0	37.0
2	194271172	4.0	63.0
2	194878141	20.0	18.0
2	200356209	5.0	45.0
2	202807475	26.0	27.0
2	206621802	18.0	18.0
2	210454176	4.0	47.0
2	210590713	24.0	23.0
2	212715272	19.0	24.0
2	212815492	4.0	50.0
2	214064188	23.0	29.0
2	218792879	6.0	40.0
2	219812097	15.0	19.0
2	225800468	22.0	24.0
2	228649986	25.0	27.0
2	228751291	27.0	30.0
2	230464957	16.0	22.0
2	232049022	9.0	29.0
2	235506871	20.0	32.0
2	237504583	26.0	25.0
2	238089521	17.0	27.0
2	238281165	21.0	33.0
2	240152714	31.0	32.0
2	241129296	15.0	28.0
20	3387241	5.0	39.0
20	3722348	20.0	15.0
20	4394952	24.0	37.0
20	6921202	21.0	31.0
20	11589316	16.0	21.0
20	14267922	4.0	42.0
20	21478453	5.0	52.0
20	23009307	22.0	31.0
20	26305958	13.0	21.0
20	33504672	20.0	34.0
20	34419171	23.0	26.0
20	35612439	20.0	32.0
20	41698911	32.0	25.0
20	44889144	31.0	35.0
20	45545009	5.0	46.0
20	46429609	23.0	13.0
20	50499814	15.0	24.0
20	51220256	27.0	27.0
20	51242296	20.0	27.0
20	52145612	14.0	30.0
20	58034672	25.0	23.0
20	59655851	22.0	42.0
21	9655095	9.0	170.0
21	17399589	12.0	12.0
21	19504256	4.0	55.0
21	21769979	23.0	18.0
21	23017710	16.0	15.0
21	26262971	27.0	23.0
21	26297758	16.0	24.0
21	26934349	4.0	19.0
21	28120095	24.0	23.0
21	30126163	19.0	34.0
21	30822808	18.0	19.0
21	31406868	24.0	27.0
21	31809667	16.0	27.0
21	32062931	22.0	31.0
21	34283849	4.0	41.0
21	34728034	22.0	23.0
21	35113649	21.0	38.0
21	36735130	24.0	26.0
21	44560269	27.0	21.0
21	45147176	23.0	24.0
22	19616219	26.0	25.0
22	21233988	25.0	23.0
22	26921866	4.0	57.0
22	27797464	5.0	48.0
22	31877396	27.0	30.0
22	33956003	19.0	27.0
22	34611948	18.0	27.0
22	34996813	4.0	50.0
22	36533531	21.0	27.0
22	36906560	23.0	33.0
22	37388197	11.0	26.0
22	43281206	27.0	42.0
22	43283071	21.0	30.0
22	48304761	16.0	27.0
22	48369033	24.0	21.0
22	49237415	23.0	25.0
22	49237430	21.0	29.0
3	234416	22.0	10.0
3	370047	17.0	25.0
3	4918886	22.0	28.0
3	5935041	15.0	17.0
3	6203988	18.0	30.0
3	6523705	22.0	20.0
3	10196038	7.0	8.0
3	10630405	25.0	20.0
3	10630406	25.0	19.0
3	11428186	25.0	35.0
3	18446366	24.0	32.0
3	20565247	20.0	23.0
3	22593325	20.0	28.0
3	25695695	23.0	31.0
3	27012022	23.0	19.0
3	27472860	8.0	32.0
3	27699848	5.0	38.0
3	27732067	8.0	49.0
3	28572613	21.0	26.0
3	29271416	7.0	57.0
3	32347375	5.0	57.0
3	32384387	22.0	32.0
3	34815856	21.0	26.0
3	34842998	30.0	30.0
3	35672726	27.0	24.0
3	38039892	4.0	52.0
3	38614892	29.0	29.0
3	40425293	15.0	29.0
3	43240027	22.0	45.0
3	44085690	22.0	34.0
3	44702947	17.0	32.0
3	45572212	26.0	24.0
3	47106804	25.0	39.0
3	52547961	21.0	27.0
3	58057206	22.0	23.0
3	59060354	18.0	29.0
3	61597154	29.0	38.0
3	62447100	18.0	19.0
3	63583252	19.0	21.0
3	64826831	23.0	25.0
3	67371891	22.0	30.0
3	68633573	22.0	25.0
3	68973920	4.0	49.0
3	69005793	17.0	38.0
3	71133705	5.0	66.0
3	76453360	15.0	20.0
3	77465808	5.0	25.0
3	77773676	4.0	41.0
3	79378618	19.0	41.0
3	79413725	4.0	39.0
3	80741489	19.0	28.0
3	82948958	5.0	36.0
3	83639528	5.0	54.0
3	83995634	4.0	42.0
3	84491267	9.0	41.0
3	86243709	5.0	48.0
3	87047039	4.0	23.0
3	87305973	9.0	40.0
3	88915452	94.0	50.0
3	89605660	100.0	43.0
3	89817798	109.0	39.0
3	90062607	16.0	121.0
3	90122713	21.0	133.0
3	94788683	25.0	34.0
3	98669778	4.0	43.0
3	107092777	24.0	27.0
3	108041284	5.0	38.0
3	109232448	22.0	21.0
3	112694127	29.0	29.0
3	114162919	14.0	21.0
3	114499132	4.0	60.0
3	115666905	17.0	28.0
3	118583418	27.0	21.0
3	119769448	4.0	48.0
3	120040818	21.0	22.0
3	122668723	20.0	17.0
3	123069232	15.0	18.0
3	124589365	19.0	30.0
3	127151017	24.0	22.0
3	131990884	11.0	32.0
3	132538283	17.0	34.0
3	133199281	19.0	26.0
3	135457982	21.0	28.0
3	140219723	4.0	40.0
3	140406482	19.0	26.0
3	145706689	19.0	25.0
3	146374991	25.0	26.0
3	146982970	14.0	34.0
3	148138828	26.0	26.0
3	148534717	22.0	24.0
3	148847470	18.0	19.0
3	150777685	23.0	22.0
3	154290796	25.0	23.0
3	157706772	29.0	27.0
3	159687001	16.0	25.0
3	163745690	32.0	13.0
3	167120729	29.0	25.0
3	169619898	1.0	30.0
3	172087422	27.0	29.0
3	172706616	21.0	13.0
3	174517619	4.0	48.0
3	174839053	11.0	48.0
3	178736500	17.0	27.0
3	180874305	25.0	38.0
3	181172253	12.0	26.0
3	185704488	22.0	16.0
3	186012891	15.0	24.0
3	189042585	30.0	28.0
3	191347167	27.0	29.0
4	3582406	14.0	20.0
4	3865502	19.0	28.0
4	6226753	22.0	26.0
4	8186556	25.0	31.0
4	9678868	19.0	33.0
4	11181996	20.0	39.0
4	15322590	21.0	23.0
4	15665162	18.0	27.0
4	15903645	26.0	21.0
4	23229450	22.0	31.0
4	23476711	7.0	36.0
4	25253751	15.0	25.0
4	28192837	6.0	51.0
4	28464375	6.0	48.0
4	30992343	24.0	20.0
4	31237882	27.0	25.0
4	31272801	3.0	34.0
4	31511004	27.0	25.0
4	32475758	16.0	24.0
4	33575295	20.0	25.0
4	36817286	15.0	19.0
4	40287653	22.0	25.0
4	40773894	7.0	32.0
4	41378249	19.0	34.0
4	41791812	6.0	45.0
4	42317470	17.0	23.0
4	42992603	7.0	35.0
4	43938143	3.0	33.0
4	44807805	17.0	26.0
4	44972985	23.0	32.0
4	45748995	17.0	24.0
4	47066141	11.0	26.0
4	47125243	5.0	33.0
4	49611611	6.0	14.0
4	53123313	18.0	19.0
4	54640867	25.0	27.0
4	57009179	19.0	26.0
4	59243978	18.0	30.0
4	59598384	18.0	7.0
4	60433466	6.0	52.0
4	60895378	5.0	37.0
4	60920437	33.0	28.0
4	61060600	31.0	22.0
4	61733155	19.0	25.0
4	61867037	18.0	14.0
4	61956666	14.0	27.0
4	61964344	18.0	23.0
4	64699242	10.0	25.0
4	64984095	21.0	32.0
4	67006815	28.0	32.0
4	67978499	15.0	20.0
4	68822521	19.0	34.0
4	68838867	4.0	38.0
4	69154488	33.0	31.0
4	70953216	12.0	32.0
4	73809719	7.0	36.0
4	74411491	19.0	24.0
4	83245065	17.0	21.0
4	83245075	21.0	21.0
4	83322817	26.0	29.0
4	84765816	27.0	21.0
4	92078661	25.0	28.0
4	94860918	3.0	37.0
4	94861199	25.0	25.0
4	95378298	19.0	27.0
4	97027130	21.0	25.0
4	97453745	12.0	34.0
4	97668783	31.0	29.0
4	98914565	4.0	42.0
4	102487744	23.0	35.0
4	105469552	5.0	41.0
4	106434705	23.0	20.0
4	106478347	4.0	48.0
4	106673280	14.0	18.0
4	107899762	15.0	31.0
4	114147381	20.0	29.0
4	115966087	4.0	45.0
4	116312073	22.0	27.0
4	116434188	17.0	33.0
4	117141449	15.0	26.0
4	117606167	25.0	17.0
4	118828522	15.0	32.0
4	119757616	21.0	30.0
4	122828237	20.0	30.0
4	125591357	8.0	41.0
4	127036789	24.0	21.0
4	127226843	22.0	22.0
4	128761182	24.0	19.0
4	129686773	24.0	29.0
4	130101852	16.0	36.0
4	130933894	5.0	37.0
4	131222895	11.0	26.0
4	131439561	25.0	32.0
4	135006359	10.0	37.0
4	136362436	19.0	23.0
4	139404469	26.0	26.0
4	142249722	17.0	28.0
4	146312927	27.0	32.0
4	151153800	7.0	44.0
4	152512893	25.0	22.0
4	157646406	27.0	27.0
4	158014732	21.0	31.0
4	158048144	15.0	34.0
4	158123951	20.0	22.0
4	158828091	19.0	26.0
4	161072234	20.0	23.0
4	162413983	18.0	25.0
4	162597871	15.0	27.0
4	163371155	20.0	31.0
4	163784707	19.0	38.0
4	164109548	16.0	33.0
4	164274126	26.0	34.0
4	164825389	4.0	44.0
4	165606719	32.0	30.0
4	167484712	4.0	41.0
4	168681849	7.0	34.0
4	169252114	19.0	24.0
4	171483535	16.0	31.0
4	176779864	20.0	27.0
4	176864458	4.0	39.0
4	178609918	23.0	24.0
4	180575911	29.0	16.0
4	180870285	9.0	42.0
4	183910662	3.0	38.0
4	188461373	21.0	20.0
4	189017719	11.0	19.0
5	818197	13.0	25.0
5	1165773	2.0	31.0
5	3182312	18.0	29.0
5	9022076	20.0	27.0
5	11609568	15.0	27.0
5	11884540	24.0	28.0
5	16628614	19.0	23.0
5	18007440	4.0	33.0
5	19111330	24.0	25.0
5	19607961	26.0	34.0
5	20414418	25.0	22.0
5	21076151	19.0	23.0
5	21076489	8.0	44.0
5	23572275	15.0	18.0
5	25754809	14.0	25.0
5	28633751	18.0	24.0
5	37424236	7.0	10.0
5	37917489	18.0	26.0
5	39105028	21.0	30.0
5	42353195	5.0	59.0
5	43390823	6.0	29.0
5	45640699	9.0	11.0
5	46166766	26.0	19.0
5	50756602	6.0	47.0
5	50828875	25.0	30.0
5	52433329	16.0	20.0
5	52690721	24.0	28.0
5	57505275	19.0	34.0
5	58367044	14.0	45.0
5	61281557	14.0	21.0
5	61494398	26.0	37.0
5	63199842	4.0	49.0
5	65732663	20.0	30.0
5	71822566	16.0	24.0
5	73520244	15.0	24.0
5	75318094	19.0	18.0
5	83112984	19.0	28.0
5	84366190	21.0	26.0
5	84734493	14.0	32.0
5	84800214	26.0	13.0
5	85356157	19.0	26.0
5	86141188	25.0	33.0
5	90131463	11.0	55.0
5	91080617	27.0	23.0
5	91139550	26.0	20.0
5	93901605	19.0	26.0
5	95485220	20.0	26.0
5	97496283	27.0	35.0
5	97790658	22.0	32.0
5	99037072	22.0	32.0
5	100339496	25.0	17.0
5	100622461	6.0	36.0
5	103733557	23.0	37.0
5	107367523	21.0	25.0
5	110366635	20.0	32.0
5	114094988	18.0	18.0
5	116364108	17.0	20.0
5	116804706	18.0	21.0
5	119190756	16.0	17.0
5	119474814	17.0	30.0
5	121515257	18.0	25.0
5	123360379	38.0	24.0
5	124089483	14.0	22.0
5	126623527	22.0	27.0
5	126656729	19.0	32.0
5	138576360	32.0	35.0
5	141498966	23.0	27.0
5	142238781	15.0	20.0
5	142764585	20.0	27.0
5	146242451	7.0	22.0
5	146760577	21.0	30.0
5	151358404	18.0	22.0
5	155398778	21.0	31.0
5	157086677	19.0	22.0
5	162398067	24.0	37.0
5	164837073	23.0	24.0
5	165391904	14.0	27.0
5	165730621	23.0	24.0
5	168192291	7.0	38.0
5	170527168	16.0	24.0
5	173163230	4.0	31.0
5	174453583	28.0	27.0
5	176086668	22.0	28.0
5	176248012	27.0	32.0
5	179112848	23.0	26.0
6	624117	16.0	31.0
6	4639232	27.0	34.0
6	4642720	23.0	33.0
6	8657048	22.0	32.0
6	9198879	12.0	26.0
6	9351036	28.0	34.0
6	9671366	19.0	25.0
6	13443233	22.0	36.0
6	16737626	24.0	29.0
6	22097171	35.0	37.0
6	22156407	24.0	24.0
6	28712185	5.0	34.0
6	34291018	18.0	32.0
6	34633220	16.0	21.0
6	39020960	26.0	28.0
6	40085774	21.0	28.0
6	40112271	23.0	24.0
6	48716685	27.0	26.0
6	50311968	24.0	34.0
6	50396067	12.0	24.0
6	51452982	18.0	32.0
6	52416763	22.0	37.0
6	53512551	21.0	22.0
6	57927232	15.0	26.0
6	62954335	5.0	43.0
6	63296779	4.0	43.0
6	65432698	29.0	29.0
6	65444576	20.0	25.0
6	67632022	16.0	35.0
6	69839495	5.0	41.0
6	74114062	26.0	25.0
6	75226974	6.0	46.0
6	78032845	9.0	25.0
6	81750641	22.0	26.0
6	83335353	6.0	38.0
6	84111641	18.0	19.0
6	84145589	20.0	31.0
6	87029029	26.0	26.0
6	87599685	16.0	28.0
6	88158194	28.0	22.0
6	89763171	7.0	71.0
6	92668973	8.0	27.0
6	94279786	4.0	40.0
6	94279787	4.0	40.0
6	94443459	66.0	55.0
6	94443565	49.0	50.0
6	94443612	30.0	49.0
6	94443961	68.0	37.0
6	94444091	72.0	32.0
6	94444192	72.0	47.0
6	94444231	72.0	47.0
6	94444477	126.0	44.0
6	94444524	129.0	41.0
6	94444771	183.0	39.0
6	94444879	172.0	44.0
6	94445055	150.0	55.0
6	94445061	156.0	56.0
6	94461234	144.0	54.0
6	94528275	144.0	44.0
6	94812575	10.0	308.0
6	95229477	100.0	261.0
6	95447615	6.0	38.0
6	95943014	19.0	29.0
6	96258435	170.0	47.0
6	96599796	4.0	123.0
6	96709303	114.0	43.0
6	97693861	4.0	53.0
6	99089122	18.0	21.0
6	99420715	133.0	62.0
6	99420722	129.0	60.0
6	99420847	140.0	61.0
6	99421196	138.0	59.0
6	103279827	4.0	40.0
6	103410132	21.0	29.0
6	103610946	22.0	22.0
6	104150319	13.0	40.0
6	104408235	64.0	48.0
6	105546838	71.0	43.0
6	105618222	76.0	44.0
6	112813688	15.0	21.0
6	114651506	14.0	33.0
6	117133509	23.0	32.0
6	117135034	26.0	29.0
6	117438503	13.0	23.0
6	119090307	25.0	21.0
6	120103404	14.0	15.0
6	120217251	25.0	16.0
6	120241694	29.0	36.0
6	120425116	4.0	44.0
6	125186329	15.0	37.0
6	134056112	22.0	26.0
6	135872057	23.0	15.0
6	136409746	8.0	49.0
6	136575117	21.0	27.0
6	139531824	13.0	22.0
6	147641587	22.0	24.0
6	154926548	3.0	46.0
6	156836017	5.0	32.0
6	160772546	27.0	29.0
6	161148779	22.0	30.0
6	162508687	6.0	31.0
6	162555247	27.0	30.0
6	166122176	17.0	23.0
6	169193677	20.0	26.0
6	169226018	3.0	9.0
6	170496702	26.0	31.0
6	170558193	15.0	31.0
7	2632210	23.0	22.0
7	3658081	24.0	43.0
7	6461646	26.0	26.0
7	11781132	6.0	42.0
7	12784169	19.0	26.0
7	13187947	18.0	32.0
7	14052057	18.0	17.0
7	15045885	14.0	32.0
7	15582213	8.0	37.0
7	15697378	30.0	27.0
7	16159800	20.0	31.0
7	19754168	10.0	39.0
7	21356846	9.0	46.0
7	21460660	21.0	28.0
7	22241545	7.0	35.0
7	24076641	28.0	11.0
7	24128828	18.0	32.0
7	24542974	10.0	57.0
7	26042645	23.0	26.0
7	28568930	4.0	44.0
7	32461168	28.0	26.0
7	34330178	17.0	25.0
7	38038004	19.0	28.0
7	38313791	7.0	47.0
7	40665140	23.0	19.0
7	41683180	29.0	27.0
7	42928534	19.0	27.0
7	45460833	20.0	25.0
7	48010168	15.0	19.0
7	48443054	18.0	22.0
7	48533410	24.0	44.0
7	49278479	19.0	26.0
7	52521645	19.0	21.0
7	52541990	24.0	21.0
7	55548038	17.0	29.0
7	55654629	13.0	19.0
7	56432056	10.0	15.0
7	62982730	13.0	65.0
7	63405146	26.0	87.0
7	65230067	5.0	92.0
7	65230420	11.0	139.0
7	65300412	2.0	103.0
7	65300438	3.0	110.0
7	65300525	7.0	132.0
7	68352479	92.0	59.0
7	69306664	8.0	149.0
7	69327756	6.0	132.0
7	70440412	20.0	135.0
7	70859493	67.0	47.0
7	70859614	94.0	39.0
7	70859662	88.0	45.0
7	70859757	87.0	52.0
7	70859761	90.0	53.0
7	70860415	99.0	36.0
7	70860947	90.0	56.0
7	70861067	83.0	48.0
7	71515433	4.0	150.0
7	71782080	5.0	29.0
7	75658062	14.0	159.0
7	76232710	13.0	31.0
7	77749547	20.0	45.0
7	79458704	4.0	67.0
7	80980630	26.0	36.0
7	81849026	21.0	29.0
7	82385131	28.0	26.0
7	82548489	23.0	30.0
7	85176184	22.0	26.0
7	85684336	5.0	49.0
7	85985881	13.0	29.0
7	87693775	27.0	24.0
7	88169035	15.0	24.0
7	91779139	22.0	133.0
7	92047665	15.0	142.0
7	92120503	24.0	129.0
7	92583156	17.0	77.0
7	93143529	48.0	48.0
7	93389643	59.0	60.0
7	93610274	23.0	80.0
7	94478563	24.0	20.0
7	94994908	17.0	37.0
7	96126922	4.0	47.0
7	96575187	15.0	25.0
7	100167874	11.0	32.0
7	101081519	21.0	28.0
7	101161423	22.0	34.0
7	102419161	10.0	19.0
7	103390022	23.0	34.0
7	104114262	30.0	26.0
7	112672320	20.0	27.0
7	113505290	26.0	24.0
7	114245140	17.0	51.0
7	114453061	13.0	50.0
7	114453073	13.0	50.0
7	114453098	15.0	48.0
7	114464289	26.0	61.0
7	114962974	21.0	18.0
7	119357478	5.0	20.0
7	120366148	22.0	25.0
7	124074371	21.0	17.0
7	125963861	3.0	33.0
7	126140852	8.0	49.0
7	128866766	21.0	35.0
7	129941233	25.0	32.0
7	133154280	16.0	63.0
7	133713880	16.0	82.0
7	134520645	9.0	57.0
7	134930642	78.0	46.0
7	135922757	25.0	46.0
7	135937992	26.0	56.0
7	136134447	21.0	36.0
7	136134448	23.0	37.0
7	137220306	21.0	45.0
7	138079304	18.0	55.0
7	138447177	13.0	65.0
7	138748988	40.0	46.0
7	138758730	71.0	53.0
7	138758820	99.0	53.0
7	139491217	14.0	26.0
7	142258434	9.0	30.0
7	146714613	18.0	30.0
7	148293650	22.0	26.0
7	149217513	101.0	50.0
7	150579381	26.0	52.0
7	150824570	24.0	21.0
7	156390303	18.0	17.0
7	156679479	25.0	20.0
7	159075574	21.0	33.0
8	978409	11.0	27.0
8	986018	20.0	35.0
8	4008277	21.0	21.0
8	4248277	18.0	17.0
8	4451337	25.0	33.0
8	4658293	14.0	23.0
8	4756377	18.0	26.0
8	4850903	5.0	54.0
8	5334030	5.0	51.0
8	5634571	27.0	18.0
8	5809713	12.0	25.0
8	8786246	18.0	28.0
8	15281962	20.0	22.0
8	20690462	8.0	36.0
8	24934534	25.0	33.0
8	29313890	16.0	30.0
8	31362856	15.0	29.0
8	31590966	26.0	29.0
8	32146249	18.0	23.0
8	34717900	24.0	22.0
8	35046259	6.0	31.0
8	37065550	20.0	36.0
8	40818404	17.0	28.0
8	47289854	18.0	36.0
8	47662941	23.0	29.0
8	53128410	23.0	25.0
8	57968695	17.0	35.0
8	59042335	3.0	39.0
8	59943169	20.0	35.0
8	60225886	26.0	33.0
8	60888453	14.0	29.0
8	62698232	5.0	59.0
8	63392404	4.0	50.0
8	69355968	14.0	25.0
8	70271788	25.0	22.0
8	71709012	25.0	17.0
8	72504548	5.0	32.0
8	76291983	9.0	26.0
8	77860572	4.0	41.0
8	78299202	5.0	37.0
8	79173484	17.0	26.0
8	82385223	12.0	23.0
8	82445508	19.0	15.0
8	83170060	18.0	31.0
8	84860158	5.0	37.0
8	85375501	17.0	22.0
8	90889013	15.0	29.0
8	92791872	23.0	20.0
8	96361567	23.0	29.0
8	98020068	22.0	26.0
8	98160649	7.0	40.0
8	103768006	23.0	31.0
8	108918566	20.0	22.0
8	109546894	16.0	29.0
8	110495045	5.0	49.0
8	115061550	4.0	49.0
8	117352076	25.0	22.0
8	118090727	18.0	27.0
8	122479978	23.0	33.0
8	126466335	22.0	21.0
8	127040436	19.0	22.0
8	132004182	16.0	25.0
8	133038698	26.0	16.0
8	134676849	18.0	32.0
8	136124906	16.0	29.0
8	136697561	18.0	17.0
8	136962730	23.0	23.0
8	137171653	16.0	21.0
8	137550675	19.0	25.0
8	138471813	25.0	24.0
8	139495352	20.0	39.0
8	142571584	28.0	23.0
9	2247057	10.0	56.0
9	9718750	3.0	29.0
9	11457806	15.0	33.0
9	13886343	5.0	42.0
9	19665664	20.0	22.0
9	22562306	23.0	29.0
9	24275798	14.0	28.0
9	25039143	23.0	22.0
9	25596805	4.0	51.0
9	25694148	20.0	31.0
9	25729897	31.0	34.0
9	26947685	20.0	36.0
9	31175026	27.0	40.0
9	32320433	18.0	20.0
9	34468654	30.0	23.0
9	36541677	19.0	23.0
9	38684145	24.0	25.0
9	39108384	21.0	23.0
9	66537799	16.0	46.0
9	71703216	3.0	2.0
9	74000439	19.0	25.0
9	74682943	21.0	26.0
9	75920695	29.0	26.0
9	77498204	21.0	29.0
9	77932605	19.0	33.0
9	83248792	4.0	52.0
9	87204954	4.0	46.0
9	90565400	6.0	37.0
9	105899169	25.0	20.0
9	106080292	21.0	22.0
9	109794177	25.0	29.0
9	115215254	26.0	31.0
9	116528228	24.0	26.0
9	118001620	17.0	26.0
9	122768209	22.0	44.0
9	125214449	16.0	23.0
9	133910336	7.0	47.0
9	137218022	9.0	10.0
9	138168388	8.0	20.0
9	139764406	17.0	33.0
X	1341781	24.0	36.0
X	1600473	4.0	41.0
X	1761175	5.0	66.0
X	2630928	6.0	48.0
X	4380734	27.0	4.0
X	9533993	22.0	85.0
X	10202524	3.0	30.0
X	11126112	28.0	4.0
X	11709133	3.0	15.0
X	12152592	14.0	3.0
X	16248594	120.0	66.0
X	16431620	33.0	28.0
X	16432229	34.0	25.0
X	16432307	33.0	20.0
X	16432508	49.0	30.0
X	17614173	23.0	219.0
X	17999110	108.0	22.0
X	18724739	30.0	2.0
X	19114876	110.0	178.0
X	19115004	124.0	173.0
X	20833296	310.0	37.0
X	20905759	168.0	169.0
X	20980501	30.0	321.0
X	21040167	36.0	352.0
X	21044715	26.0	308.0
X	21044730	25.0	308.0
X	21044815	8.0	305.0
X	21044823	8.0	312.0
X	21044996	28.0	308.0
X	21045068	36.0	309.0
X	21045096	29.0	316.0
X	21045163	30.0	344.0
X	21045187	31.0	338.0
X	21045339	32.0	362.0
X	21046750	41.0	387.0
X	21046906	24.0	331.0
X	21047130	31.0	329.0
X	21047159	30.0	336.0
X	21047351	38.0	360.0
X	21047395	24.0	356.0
X	21047438	15.0	318.0
X	21047449	18.0	307.0
X	21047608	25.0	341.0
X	21047700	34.0	294.0
X	21714054	21.0	370.0
X	22262531	29.0	324.0
X	23170278	160.0	209.0
X	23170492	117.0	186.0
X	23170557	135.0	208.0
X	23170585	134.0	213.0
X	23170658	68.0	210.0
X	23170675	68.0	216.0
X	23170703	75.0	218.0
X	23170768	156.0	201.0
X	23170806	140.0	196.0
X	23201181	20.0	162.0
X	23255714	134.0	19.0
X	24303292	145.0	35.0
X	24611559	1.0	149.0
X	24756956	25.0	179.0
X	25472619	153.0	24.0
X	27426027	134.0	331.0
X	27578640	14.0	513.0
X	27765754	13.0	440.0
X	27766412	15.0	575.0
X	27768384	19.0	495.0
X	27768634	16.0	509.0
X	28522175	16.0	606.0
X	28774144	25.0	382.0
X	28786828	6.0	72.0
X	28823837	50.0	258.0
X	29286572	270.0	17.0
X	29509765	117.0	253.0
X	30376170	24.0	226.0
X	30559390	14.0	214.0
X	31159757	13.0	268.0
X	31462736	68.0	201.0
X	31619599	26.0	269.0
X	31619750	38.0	265.0
X	31619755	38.0	275.0
X	31619924	41.0	271.0
X	31620001	36.0	283.0
X	31620249	24.0	277.0
X	31620308	6.0	285.0
X	31620367	14.0	262.0
X	31620387	16.0	247.0
X	31620655	35.0	279.0
X	31620671	35.0	269.0
X	31620851	25.0	263.0
X	31621349	35.0	281.0
X	31621426	43.0	295.0
X	31621622	34.0	252.0
X	31621699	31.0	259.0
X	31621721	27.0	262.0
X	31723246	180.0	15.0
X	31824198	57.0	189.0
X	31861246	13.0	273.0
X	32272349	7.0	95.0
X	32335333	9.0	118.0
X	33059456	146.0	19.0
X	33442297	110.0	28.0
X	34123832	104.0	17.0
X	35975718	69.0	150.0
X	35977702	56.0	121.0
X	35977745	55.0	105.0
X	36449131	41.0	105.0
X	36729976	13.0	127.0
X	36788775	31.0	141.0
X	36870495	9.0	164.0
X	37509376	12.0	88.0
X	39459342	48.0	127.0
X	39845969	39.0	13.0
X	39846727	131.0	20.0
X	40230233	27.0	23.0
X	43205631	22.0	9.0
X	45972461	23.0	9.0
X	46711809	7.0	190.0
X	47164058	29.0	4.0
X	55237491	22.0	5.0
X	78872088	18.0	2.0
X	81448647	25.0	3.0
X	82236049	2.0	16.0
X	83340944	6.0	39.0
X	85202183	24.0	2.0
X	85326559	20.0	6.0
X	85381669	6.0	22.0
X	85978463	3.0	21.0
X	93130433	13.0	4.0
X	94195580	21.0	2.0
X	96775848	20.0	5.0
X	96866532	3.0	22.0
X	102410728	27.0	6.0
X	102683227	15.0	2.0
X	102806316	17.0	2.0
X	104693006	18.0	2.0
X	105587436	20.0	2.0
X	112979116	22.0	3.0
X	113685867	3.0	18.0
X	116111974	3.0	30.0
X	117984425	16.0	5.0
X	122981065	22.0	2.0
X	124517656	3.0	25.0
X	125610903	21.0	2.0
X	141948301	18.0	3.0
X	144824824	4.0	23.0
X	145662823	9.0	11.0
X	145687905	20.0	3.0
Y	13494022	14.0	1.0
Y	16241303	17.0	4.0
Y	17958664	24.0	3.0
Y	18017154	3.0	15.0
Y	18662177	23.0	2.0
