chromosome_index position alt_count ref_count
1 85648788 8 136
1 209800244 15 52
2 44207047 21 49
2 167284362 14 29
3 48510782 24 95
3 160249310 27 90
4 42037333 30 96
5 80600585 31 81
5 140753888 33 60
5 159520919 32 75
6 35436591 4 15
6 138200108 15 51
8 101932785 3 8
8 124787418 29 37
9 116132384 34 73
11 10011061 13 42
11 74880776 39 103
12 6932873 47 36
12 57005874 49 16
13 41767953 26 68
13 61103190 30 49
13 99083438 3 29
14 45650876 12 34
14 55890942 36 89
14 63447722 34 41
15 33603296 15 27
16 716291 25 65
16 27519910 31 73
16 68867455 10 24
17 4575082 11 49
17 7492754 20 31
17 7758402 10 28
17 7758962 3 37
17 27052951 26 46
17 36003445 15 62
17 38933310 24 96
17 39296291 5 48
17 74134123 16 37
17 79632531 15 59
18 22040669 12 33
19 8551158 25 44
19 19976752 22 57
19 23159778 3 28
19 48551593 12 37
19 58867603 9 18
20 56090837 126 142
22 18293564 19 61
22 42154472 12 23
22 43010826 22 77
22 43533107 57 166
