chromosome_index	start_position	end_position	major_cn	minor_cn	total_cn
1	61735	71509800	2	1	3
1	71510419	76132414	2	2	4
1	76133823	116192059	2	1	3
1	116192759	117991746	1	1	2
1	117993379	189329739	2	1	3
1	189330041	214462209	1	1	2
1	214465595	214565318	1	0	1
1	214565954	216551614	1	1	2
1	216551904	218014901	2	1	3
1	218016907	249224388	1	1	2
2	12784	10630248	4	1	5
2	10630361	68463612	2	1	3
2	68464271	82788806	3	1	4
2	82788979	174459427	2	1	3
2	174459497	175477367	3	1	4
2	175479527	243089456	2	1	3
3	60345	7149645	4	0	4
3	7151264	7977514	6	0	6
3	7981800	16522582	4	0	4
3	16522835	17266601	6	0	6
3	17269269	30029444	4	0	4
3	30029554	88757565	3	0	3
3	88757831	88972827	0	0	0
3	88973713	90455162	3	0	3
3	90485636	136759104	3	2	5
3	136759730	136832749	2	1	3
3	136835237	197896118	3	2	5
4	12281	191027923	2	1	3
5	15532	4223900	4	0	4
5	4224788	19844528	2	0	2
5	19844853	40831808	4	0	4
5	40832682	41951750	5	0	5
5	41955359	46251306	5	1	6
5	46271008	46389273	3	0	3
5	49432831	112839667	2	0	2
5	112842197	114339255	1	0	1
5	114340446	136932221	2	0	2
5	136934158	160388952	3	0	3
5	160389013	160451374	8	0	8
5	160452213	180790320	3	0	3
6	149661	24605024	3	0	3
6	24605057	33481571	3	1	4
6	33481922	52561774	3	2	5
6	52565211	52664572	2	0	2
6	52665539	62040564	3	3	6
6	62042253	80719463	2	1	3
6	80719515	171051005	2	0	2
7	43259	11558089	3	2	5
7	11559671	11600972	2	0	2
7	11605015	38159445	3	2	5
7	38159740	50897471	2	1	3
7	50902069	52336385	3	1	4
7	52338597	52989315	6	1	7
7	52989552	57378886	5	1	6
7	57379877	68018930	3	2	5
7	68021481	69190351	2	2	4
7	69190837	144534582	3	3	6
7	144534833	159127004	2	1	3
8	31254	2943588	3	0	3
8	2944495	36003656	2	0	2
8	36006073	37308772	3	0	3
8	37309249	37735037	4	0	4
8	37738616	40980094	2	0	2
8	40981119	42349230	3	0	3
8	42353718	46847534	2	0	2
8	46863535	52361928	3	3	6
8	52362251	84325376	4	1	5
8	84325643	146298155	5	1	6
9	46587	9895583	4	0	4
9	9898577	17669006	3	0	3
9	17669209	17771272	5	0	5
9	17771324	47217176	3	0	3
9	65616971	72069326	2	0	2
9	72071298	72559166	1	0	1
9	72559567	141091394	2	0	2
10	72759	42830807	2	1	3
10	42831215	43911428	2	2	4
10	43920148	46995420	2	0	2
10	46995474	47948060	2	1	3
10	47960476	51502392	2	0	2
10	51503375	51780609	2	2	4
10	51784591	78340145	2	0	2
10	78340260	79141926	3	0	3
10	79143875	135506704	2	0	2
11	198572	51096372	2	0	2
11	51126742	58937751	4	2	6
11	58938044	134944770	2	2	4
12	150442	30580981	3	0	3
12	30590083	31265057	1	0	1
12	31269298	31871152	2	0	2
12	31872609	38161452	3	0	3
12	38162480	47706717	4	0	4
12	47707019	77791521	3	0	3
12	77793460	92625370	4	0	4
12	92626452	92675041	0	0	0
12	92679009	133778189	4	0	4
13	19026949	103059493	2	0	2
13	103061193	115108397	3	0	3
14	19002124	23977010	2	2	4
14	23984843	24225035	3	2	5
14	24225269	73544390	2	1	3
14	73544618	107285437	2	2	4
15	20016328	36791127	2	1	3
15	36792051	44509500	2	0	2
15	44514571	45107595	1	0	1
15	45111379	102469040	2	0	2
16	60777	3635147	2	0	2
16	3636249	57061215	2	1	3
16	57061535	60144549	2	2	4
16	60146143	60347848	2	0	2
16	60348692	60983851	2	1	3
16	60985494	63079361	1	0	1
16	63089370	75001355	2	1	3
16	75001394	76701803	2	2	4
16	76703500	90287535	2	1	3
17	526	22113920	2	0	2
17	22116652	25270411	0	0	0
17	25270517	33101402	3	1	4
17	33101862	35637786	4	1	5
17	35639975	42165818	3	2	5
17	42166498	51862911	2	2	4
17	51863129	66836520	3	2	5
17	66836570	81049726	3	1	4
18	48133	10974839	2	2	4
18	10975049	42861569	2	0	2
18	42861797	43170892	3	0	3
18	43171992	78015057	2	0	2
19	90910	59097854	1	1	2
20	61305	23291140	1	1	2
20	23291773	25124458	2	1	3
20	25124782	29467892	1	1	2
20	29469374	57393941	2	1	3
20	57397566	57949475	1	1	2
20	57950622	59537525	2	1	3
20	59538369	60335060	1	1	2
20	60335914	62956153	2	1	3
21	10736871	45762716	2	0	2
21	45763642	48096957	2	1	3
22	16052528	39300048	2	1	3
22	39300205	51234455	1	1	2
