chromosome_index	start_position	end_position	major_cn	minor_cn	total_cn
1	61735	3559379	2	2	4
1	3565825	4302161	4	2	6
1	4308903	4699334	2	2	4
1	4700465	7926542	4	2	6
1	7927340	9166344	7	2	9
1	9166437	12340093	4	2	6
1	12343086	15871622	2	2	4
1	15874279	18470435	4	2	6
1	18471296	21579334	2	2	4
1	21581765	22417677	4	3	7
1	22425631	24288476	4	2	6
1	24289057	28388579	2	2	4
1	28388869	30123153	4	3	7
1	30123429	30486128	4	2	6
1	30487394	32775347	6	2	8
1	32784954	36201388	2	2	4
1	36205166	38873846	4	2	6
1	38877429	40114624	4	4	8
1	40116111	41983137	4	2	6
1	41983573	64915629	2	2	4
1	64916457	67747023	4	2	6
1	67747415	68792860	4	4	8
1	68797360	100351216	2	2	4
1	100351635	102751712	4	2	6
1	102752929	108721468	2	2	4
1	108726460	109164118	4	2	6
1	109164397	150390066	2	2	4
1	150392552	150762278	6	4	10
1	150764006	153642395	6	2	8
1	153646382	155230622	4	2	6
1	155231303	157559122	2	2	4
1	157561127	161172731	4	2	6
1	161175195	165196400	2	2	4
1	165197844	165542842	4	2	6
1	165544701	168758121	6	2	8
1	168758306	168997364	4	2	6
1	169002925	177570761	2	2	4
1	177571397	180400859	4	2	6
1	180402668	182738009	2	2	4
1	182739814	184254657	4	2	6
1	184257396	186510590	2	2	4
1	186510797	187175580	4	2	6
1	187176326	190499960	2	2	4
1	190504531	190907722	4	2	6
1	190912603	200317478	2	2	4
1	200317877	201780395	4	4	8
1	201783720	205453347	4	2	6
1	205456028	218266650	2	2	4
1	218267152	218556202	4	2	6
1	218556297	249224388	2	2	4
2	12784	1842794	2	1	3
2	1845540	4625462	4	1	5
2	4625548	8494893	2	1	3
2	8495388	10497685	4	1	5
2	10498418	26917910	2	1	3
2	26919089	27839539	4	1	5
2	27840539	37682217	2	1	3
2	37683299	41063421	2	2	4
2	41064339	43165147	3	2	5
2	43166002	45238306	2	2	4
2	45238710	45996506	2	1	3
2	45996657	53195552	2	2	4
2	53203292	53612367	4	2	6
2	53613124	56332483	4	1	5
2	56332596	59432122	2	1	3
2	59434775	59644842	4	1	5
2	59645680	60191884	2	1	3
2	60192658	61840018	2	2	4
2	61841370	62708186	2	1	3
2	62715331	64436039	4	1	5
2	64436372	65275502	9	1	10
2	65276452	68570461	6	1	7
2	68570772	69664976	8	1	9
2	69665216	71038565	4	1	5
2	71040352	72402810	6	1	7
2	72403670	74300962	4	1	5
2	74302778	76404263	6	1	7
2	76404966	79531670	4	1	5
2	79533856	86545018	2	1	3
2	86545338	87120902	4	1	5
2	87123751	102662888	2	1	3
2	102663628	103089227	2	2	4
2	103089678	141182072	2	1	3
2	141194627	141741350	1	1	2
2	141747293	152530036	2	1	3
2	152531077	153117959	4	1	5
2	153120091	159358192	2	1	3
2	159359412	160106125	4	1	5
2	160106735	162144744	6	1	7
2	162149270	162994206	4	1	5
2	162997265	164918872	2	1	3
2	164920137	165619110	4	1	5
2	165619163	169383551	2	1	3
2	169385588	172820588	2	2	4
2	172824158	178385378	2	1	3
2	178388898	180671706	4	1	5
2	180673441	186456943	2	1	3
2	186461719	187407732	4	1	5
2	187416202	190020159	2	1	3
2	190027125	190574390	4	2	6
2	190578157	191344132	5	1	6
2	191345244	196431309	2	1	3
2	196434312	196459058	4	2	6
2	196460042	198911245	4	1	5
2	198912170	202841043	2	1	3
2	202841545	203844167	3	2	5
2	203845301	205212629	2	2	4
2	205213379	206733864	3	2	5
2	206734416	216492719	2	1	3
2	216493691	216654118	4	1	5
2	216655490	231085172	2	1	3
2	231086177	231840608	2	2	4
2	231840796	243089456	2	1	3
3	60345	3946051	4	2	6
3	3946090	7246241	3	2	5
3	7248950	14350659	4	3	7
3	14350769	15512276	6	4	10
3	15512676	16670548	6	2	8
3	16670655	28642285	4	2	6
3	28642925	31136830	6	2	8
3	31137630	32192640	4	2	6
3	32196578	32568114	8	2	10
3	32570461	36344115	6	4	10
3	36344479	37533347	4	2	6
3	37538778	40334996	5	4	9
3	40340146	46730749	4	2	6
3	46737979	55655108	2	2	4
3	55655268	55883013	4	2	6
3	55883073	56290991	2	2	4
3	56295967	58723380	4	2	6
3	58723896	62399349	2	2	4
3	62402389	62640343	4	2	6
3	62641993	62941437	2	2	4
3	62942407	63361496	4	2	6
3	63361571	64083450	4	4	8
3	64083799	65637492	6	5	11
3	65638248	67605629	4	4	8
3	67606256	67680039	4	2	6
3	67683198	94116047	2	2	4
3	94116380	97365025	4	2	6
3	97365074	97711587	8	2	10
3	97711997	104299640	2	2	4
3	104300018	111195706	3	2	5
3	111196140	115132550	4	3	7
3	115134299	116786470	3	2	5
3	116786572	120106521	2	2	4
3	120106539	122762440	4	2	6
3	122765105	123291619	4	3	7
3	123291815	125268685	4	2	6
3	125275037	125668316	2	2	4
3	125669048	125947779	4	2	6
3	125956158	144443848	2	2	4
3	144445726	144946219	4	2	6
3	144949453	148586327	2	2	4
3	148587489	148945455	4	2	6
3	148945719	163572825	2	2	4
3	163572907	163753252	4	2	6
3	163757601	167639057	2	2	4
3	167639672	167893832	4	2	6
3	167896868	170250400	7	4	11
3	170250991	171422525	6	2	8
3	171424463	171551830	6	4	10
3	171553796	172314679	6	2	8
3	172315322	173036043	7	4	11
3	173036766	173985441	4	2	6
3	173985467	174551338	4	3	7
3	174552883	178365896	2	2	4
3	178370441	179014155	5	2	7
3	179022528	183449920	7	2	9
3	183451148	184746679	7	4	11
3	184747275	188726085	4	2	6
3	188726254	197896118	2	2	4
4	12281	4166518	2	2	4
4	4166983	4697671	3	2	5
4	4697784	16334967	2	2	4
4	16335379	16740215	4	2	6
4	16740601	17209596	2	2	4
4	17210786	18150835	3	2	5
4	18157788	20310173	5	2	7
4	20310276	21157245	3	2	5
4	21157481	22228209	2	1	3
4	22228253	26940369	2	2	4
4	26941069	29128738	4	2	6
4	29129043	35376029	2	2	4
4	35376082	38133667	4	2	6
4	38133985	47496353	2	2	4
4	47496962	47980208	3	2	5
4	47983448	61075851	2	2	4
4	61080628	64174672	4	2	6
4	64174876	65351929	2	2	4
4	65352603	67125954	4	4	8
4	67126529	69650860	3	2	5
4	69652625	78996827	2	2	4
4	78997048	81223154	3	2	5
4	81225455	86183738	2	2	4
4	86184237	87759673	3	2	5
4	87763512	92275757	2	2	4
4	92282897	93362178	2	1	3
4	93368860	94593265	2	2	4
4	94594199	95420318	4	2	6
4	95429441	96631016	6	2	8
4	96631060	97807484	4	2	6
4	97807779	107320728	2	2	4
4	107323410	137949803	2	0	2
4	137952705	139712769	6	0	6
4	139718625	144399948	4	0	4
4	144402464	145246608	5	0	5
4	145250180	149885046	2	0	2
4	149886088	150145947	4	0	4
4	150155167	155945399	2	0	2
4	155946119	157443780	4	0	4
4	157445557	167186941	2	0	2
4	167192637	167359900	4	0	4
4	167364945	171427175	2	0	2
4	171429701	174654043	4	0	4
4	174655914	191027923	2	0	2
5	15532	863797	2	2	4
5	866370	1325803	4	3	7
5	1340458	2473048	4	2	6
5	2474146	11220946	2	2	4
5	11221171	11446448	4	2	6
5	11450247	38157419	2	2	4
5	38158666	38668158	4	2	6
5	38671951	43418520	2	2	4
5	43419792	45040465	4	2	6
5	45043602	72588291	2	2	4
5	72588972	76045764	4	2	6
5	76046655	79134149	2	2	4
5	79137177	80545341	4	2	6
5	80547883	82792662	2	2	4
5	82797741	84577299	4	2	6
5	84578250	89587531	2	2	4
5	89587551	92187531	4	2	6
5	92191705	92339045	8	2	10
5	92339461	94839454	4	2	6
5	94842362	106473749	2	2	4
5	106473862	107092422	4	2	6
5	107095465	117871073	2	2	4
5	117882620	120575648	4	2	6
5	120575763	122409684	4	4	8
5	122411336	123840604	4	2	6
5	123845706	141619031	2	2	4
5	141621884	142232672	4	2	6
5	142234119	146962852	2	2	4
5	146962917	147138519	4	2	6
5	147141712	155763769	2	2	4
5	155767746	155896817	4	2	6
5	155900401	156563201	2	2	4
5	156563506	156917515	4	2	6
5	156918381	159339946	2	2	4
5	159344446	161802128	4	2	6
5	161808074	168025189	2	2	4
5	168025424	169194853	4	2	6
5	169196282	172118669	2	2	4
5	172119559	175328235	4	2	6
5	175329033	180790320	2	2	4
6	149661	3500839	4	2	6
6	3502878	12075679	2	2	4
6	12075929	12384564	4	2	6
6	12384972	14260584	2	2	4
6	14261358	16577292	4	2	6
6	16577955	17799594	2	2	4
6	17800044	22507916	4	2	6
6	22510636	31023840	2	2	4
6	31025479	34713703	4	2	6
6	34714078	84845797	2	2	4
6	84846607	85400505	4	2	6
6	85401110	90387233	6	2	8
6	90387591	92014180	4	2	6
6	92014790	103384255	2	2	4
6	103386766	103518819	4	2	6
6	103518951	110010377	2	2	4
6	110010736	110459874	4	2	6
6	110462643	117401039	2	2	4
6	117405834	118891582	4	2	6
6	118894468	121483622	2	2	4
6	121499580	122341685	6	2	8
6	122344336	123326756	4	2	6
6	123327130	126012084	8	2	10
6	126012478	126359232	14	2	16
6	126364121	126516317	10	0	10
6	126521516	128157907	4	2	6
6	128158535	129742786	8	2	10
6	129745345	130962874	11	2	13
6	130964273	131074746	6	2	8
6	131075949	136986161	2	2	4
6	136990988	139450838	4	2	6
6	139451852	141861714	2	2	4
6	141865287	142110766	8	2	10
6	142116632	144101712	4	2	6
6	144103945	145094537	6	2	8
6	145096340	153390354	2	2	4
6	153391618	154349701	4	2	6
6	154351342	154983401	6	2	8
6	154986082	157232937	4	2	6
6	157233912	171051005	2	2	4
7	43259	11807761	2	0	2
7	11807958	11992154	4	0	4
7	11992607	12495140	2	0	2
7	12495832	12917029	1	0	1
7	12917306	17163278	2	0	2
7	17166574	20006481	6	2	8
7	20006630	24088113	8	2	10
7	24088243	24464343	10	2	12
7	24465784	26405669	6	2	8
7	26406530	31534506	2	2	4
7	31534855	31736492	4	2	6
7	31737125	33552621	3	2	5
7	33552840	37885251	2	2	4
7	37886135	38181300	4	2	6
7	38186423	38378730	2	2	4
7	38381971	39241610	4	2	6
7	39242083	46611306	2	2	4
7	46612609	46720419	4	2	6
7	46722577	47053361	2	2	4
7	47055888	47547548	4	2	6
7	47547922	69119153	2	2	4
7	69121593	70547132	4	2	6
7	70551949	75468069	2	2	4
7	75469815	77355290	4	2	6
7	77357413	83346372	2	2	4
7	83348737	83403157	8	4	12
7	83403349	89379860	2	2	4
7	89381115	93681649	4	2	6
7	93682185	94295587	2	2	4
7	94296951	94633926	4	2	6
7	94638066	98478189	2	2	4
7	98480781	101723300	4	2	6
7	101729795	104548632	2	2	4
7	104552636	105701241	4	2	6
7	105702586	110704702	2	2	4
7	110708969	115767859	4	2	6
7	115768689	118237653	6	2	8
7	118239080	125486596	4	2	6
7	125487653	135478427	2	2	4
7	135480958	135689375	4	2	6
7	135691400	145632144	2	2	4
7	145632350	153097472	8	2	10
7	153099046	159127004	2	2	4
8	31254	5997583	2	0	2
8	5999117	6375904	3	0	3
8	6376224	17657234	2	0	2
8	17660538	20350527	4	0	4
8	20353108	28334161	2	0	2
8	28337044	31561664	4	0	4
8	31564184	32970871	4	2	6
8	32971808	34418468	2	2	4
8	34420002	36341083	2	0	2
8	36341137	40240122	2	2	4
8	40240463	40456194	3	2	5
8	40456591	58977019	2	2	4
8	58977170	62689076	4	2	6
8	62689301	64018607	2	2	4
8	64020212	64246941	7	2	9
8	64247852	64451482	4	2	6
8	64451685	66905425	2	2	4
8	66909520	68469094	4	2	6
8	68474674	70364904	6	2	8
8	70365008	72805884	4	2	6
8	72806639	81406669	2	2	4
8	81411335	83491968	4	2	6
8	83498885	84020118	2	2	4
8	84020904	84454944	4	2	6
8	84464415	101646390	2	2	4
8	101651991	104572121	3	2	5
8	104572640	106118083	4	2	6
8	106118264	110285269	6	2	8
8	110287677	111174133	5	4	9
8	111181385	123153036	3	2	5
8	123153330	125033632	6	3	9
8	125035533	126016723	9	3	12
8	126019249	129032648	6	3	9
8	129033872	130426226	4	4	8
8	130426945	133877938	3	2	5
8	133879827	136816446	5	2	7
8	136816800	146298155	3	2	5
9	46587	8198871	2	2	4
9	8205622	8494532	3	2	5
9	8496566	9503941	2	2	4
9	9504430	10799331	4	2	6
9	10799364	11296740	2	2	4
9	11299834	14057907	4	2	6
9	14058548	20968659	2	2	4
9	20969393	21297199	4	2	6
9	21303058	47217176	2	2	4
9	65616971	83415808	2	1	3
9	83419399	85324922	4	1	5
9	85326428	89854041	2	1	3
9	89861967	90303937	4	1	5
9	90306807	91359502	4	2	6
9	91360186	91733875	4	1	5
9	91735438	99607885	2	1	3
9	99611678	103544885	2	2	4
9	103545257	105432833	5	2	7
9	105435212	107022377	3	2	5
9	107022836	113573388	2	1	3
9	113574115	116635490	2	2	4
9	116636243	121383979	2	1	3
9	121384143	123418892	2	2	4
9	123420675	141091394	2	1	3
10	72759	1277716	4	3	7
10	1280669	4827224	7	3	10
10	4827302	16716024	4	3	7
10	16718607	18270422	5	3	8
10	18270722	20307167	4	3	7
10	20307406	23821358	4	2	6
10	23825625	26019605	4	3	7
10	26020237	34713086	4	2	6
10	34714826	35045866	12	2	14
10	35046001	36934667	7	2	9
10	36934712	38498255	4	2	6
10	38501936	46033327	2	2	4
10	46033443	47657676	3	2	5
10	47659140	55135787	2	2	4
10	55136043	55284004	4	2	6
10	55284430	58570628	2	1	3
10	58573676	59113403	3	1	4
10	59113421	65312950	2	1	3
10	65312959	65704055	4	1	5
10	65712395	69933132	2	1	3
10	69933969	71151395	2	2	4
10	71154037	88109287	2	1	3
10	88110247	89588471	2	2	4
10	89598694	90904002	2	1	3
10	90904076	94228678	2	2	4
10	94229124	97250630	2	1	3
10	97254305	97713559	2	2	4
10	97717072	101422451	2	1	3
10	101422496	102119603	4	1	5
10	102123043	106405935	2	1	3
10	106407448	112031057	2	0	2
10	112032630	112504721	4	0	4
10	112507307	112845451	6	0	6
10	112848733	115552555	4	0	4
10	115553092	123961754	2	0	2
10	123964227	125580834	4	0	4
10	125583770	130037344	2	0	2
10	130041697	130199141	4	0	4
10	130205063	130214217	5	0	5
10	130214277	133517373	2	0	2
10	133519868	135506704	2	2	4
11	198572	20236940	2	2	4
11	20238646	20408087	5	2	7
11	20412064	28268718	2	2	4
11	28270793	29863330	4	2	6
11	29863909	38332540	2	2	4
11	38333638	41893898	4	2	6
11	41897857	50071539	2	2	4
11	50094248	51443391	3	2	5
11	51447389	57946170	2	2	4
11	57947264	58253916	4	2	6
11	58255372	58681370	2	2	4
11	58685134	59763088	5	2	7
11	59763271	63181799	2	2	4
11	63181842	64573762	2	1	3
11	64584959	68804889	4	1	5
11	68807112	70221717	2	1	3
11	70223831	72327525	4	1	5
11	72327567	75671047	2	1	3
11	75671382	76420325	3	2	5
11	76420526	79302837	4	2	6
11	79303409	81067763	2	2	4
11	81071843	85825069	2	1	3
11	85829040	91362402	2	2	4
11	91363055	95620359	2	1	3
11	95624032	97298190	4	1	5
11	97299102	119840052	2	1	3
11	119840442	120123895	2	2	4
11	120124514	123828187	2	1	3
11	123830512	125647526	3	1	4
11	125647712	126307225	4	1	5
11	126308164	134944770	2	1	3
12	150442	6643316	2	0	2
12	6643329	8294917	4	0	4
12	8295148	17266938	2	0	2
12	17270652	17566428	4	0	4
12	17569834	21177120	2	0	2
12	21180331	27898297	2	2	4
12	27899112	31787201	4	2	6
12	31789622	31883473	5	5	10
12	31885703	34835837	4	2	6
12	34854498	40817867	2	2	4
12	40817918	44069239	4	2	6
12	44070138	51775746	2	2	4
12	51776494	53421569	3	2	5
12	53423505	64283014	2	2	4
12	64284039	65729131	4	2	6
12	65731264	66885137	4	4	8
12	66886984	68635196	4	2	6
12	68635277	69576685	8	2	10
12	69577670	72619188	6	2	8
12	72620122	78557582	2	2	4
12	78566389	81215308	4	2	6
12	81217143	87520959	2	2	4
12	87521306	89674579	4	2	6
12	89674849	92997562	2	2	4
12	92997796	93563655	4	2	6
12	93564033	96904105	2	2	4
12	96904166	99587543	4	2	6
12	99588819	103580200	2	2	4
12	103581985	104325459	3	2	5
12	104325871	106050721	2	2	4
12	106051660	109054381	4	2	6
12	109056377	110830561	4	4	8
12	110831754	116874676	4	2	6
12	116874804	117132780	2	2	4
12	117133400	119994518	4	2	6
12	119995001	126486671	2	2	4
12	126486851	126576115	5	2	7
12	126576115	133778189	2	2	4
13	19026949	19732312	4	2	6
13	19733374	20888378	4	1	5
13	20888666	26292954	2	1	3
13	26294203	27415761	2	2	4
13	27416251	43776703	2	1	3
13	43776912	47573616	4	1	5
13	47574726	52762669	2	1	3
13	52763162	54153557	4	1	5
13	54156842	58572753	2	1	3
13	58577755	59550498	6	1	7
13	59553234	60897949	6	2	8
13	60898718	61218442	9	1	10
13	61219815	62430497	6	1	7
13	62439238	63977729	2	1	3
13	63977769	64321881	2	2	4
13	64329031	77166149	2	1	3
13	77173831	77760080	4	1	5
13	77760351	79653728	2	1	3
13	79656828	82251064	4	1	5
13	82253473	89357929	2	1	3
13	89365596	90627509	2	2	4
13	90627791	91635187	4	2	6
13	91641308	92069638	2	2	4
13	92070109	97956754	2	1	3
13	97956839	101016939	8	1	9
13	101017925	106555358	2	1	3
13	106558376	108332511	6	1	7
13	108332559	110599453	6	2	8
13	110600254	115108397	2	1	3
14	19002124	20945949	2	0	2
14	20946919	21946535	4	0	4
14	21947857	35284284	2	0	2
14	35287642	35912107	4	0	4
14	35914303	42340281	2	0	2
14	42343830	46227494	4	0	4
14	46227755	46692646	2	0	2
14	46695171	51687642	4	0	4
14	51691525	57042842	2	0	2
14	57044520	59511944	4	0	4
14	59512393	65862377	2	0	2
14	65863784	68537293	6	0	6
14	68547276	69267152	7	0	7
14	69273905	94247902	2	0	2
14	94249070	94334063	4	0	4
14	94334357	107285437	2	0	2
15	20016328	29058041	2	1	3
15	29067308	29859705	2	2	4
15	29859793	33850372	4	2	6
15	33851817	44360706	2	2	4
15	44367290	44470073	3	2	5
15	44470607	46435558	4	4	8
15	46435949	47273889	4	2	6
15	47274828	78345272	2	2	4
15	78346260	78694688	4	2	6
15	78695911	83943317	2	2	4
15	83944360	85157144	6	2	8
15	85157720	86778249	8	2	10
15	86778589	102469040	2	2	4
16	60777	23280055	2	1	3
16	23280125	24807346	4	1	5
16	24809992	25906665	6	1	7
16	25908440	35283226	2	1	3
16	46463782	47303838	3	0	3
16	47307615	55881469	4	0	4
16	55883761	56883438	6	0	6
16	56884242	65557406	4	0	4
16	65557607	69203457	5	0	5
16	69205926	72845224	3	0	3
16	72846208	73179754	5	0	5
16	73181874	82528086	3	0	3
16	82529368	85932132	4	0	4
16	85932988	90287535	2	0	2
17	526	5970119	2	0	2
17	5975043	9469549	4	0	4
17	9471711	16832577	2	0	2
17	16837930	17191684	4	0	4
17	17192125	18571345	2	0	2
17	18571664	20004952	4	0	4
17	20007319	27201060	2	0	2
17	27202888	27976736	4	0	4
17	27978455	46464933	2	0	2
17	46465868	55596541	3	0	3
17	55596778	58248154	6	0	6
17	58250936	62765914	3	0	3
17	62766595	63818156	6	0	6
17	63821503	68429702	3	0	3
17	68432596	68635841	6	0	6
17	68640345	81049726	3	0	3
18	48133	2694114	2	1	3
18	2702386	3046986	3	1	4
18	3047266	5245247	2	1	3
18	5247432	5632197	2	2	4
18	5632969	9492476	2	1	3
18	9492876	9604231	1	0	1
18	9609297	11974956	2	1	3
18	11975465	13309360	4	1	5
18	13310057	15375162	1	1	2
18	15390947	30131419	2	1	3
18	30132707	32966049	2	2	4
18	32968289	36554288	2	1	3
18	36555785	37417738	2	2	4
18	37424449	43582612	2	1	3
18	43582892	46787110	3	1	4
18	46794815	50155338	1	1	2
18	50158078	50355017	2	1	3
18	50355122	55326920	1	1	2
18	55327300	60501251	2	1	3
18	60502730	61456426	1	1	2
18	61456752	63435260	2	1	3
18	63435405	74888609	1	1	2
18	74893739	77675963	2	1	3
18	77677315	78015057	1	1	2
19	90910	9677585	2	1	3
19	9685137	12489726	5	1	6
19	12490341	14490109	2	1	3
19	14490653	15333310	4	1	5
19	15333499	16648232	9	1	10
19	16656022	17782851	4	1	5
19	17783019	24521623	2	1	3
19	24582577	28424804	2	2	4
19	28424869	28870214	2	1	3
19	28873809	29419653	4	1	5
19	29422401	30198465	4	3	7
19	30199665	31053540	5	2	7
19	31056453	33203659	2	2	4
19	33204544	34118387	3	2	5
19	34118950	34278645	2	1	3
19	34280451	38435019	4	1	5
19	38438505	38606836	2	1	3
19	38613712	59097854	2	0	2
20	61305	8699532	2	2	4
20	8700797	9463693	4	2	6
20	9468437	21508494	2	2	4
20	21512532	22521838	6	2	8
20	22522336	25187193	4	2	6
20	25187575	40315895	2	2	4
20	40317721	43060004	4	2	6
20	43065028	44687999	5	3	8
20	44693897	45585222	2	2	4
20	45585770	45974549	4	2	6
20	45978466	46326607	8	2	10
20	46327442	48316878	4	2	6
20	48317940	62956153	2	2	4
21	10736871	16513343	2	2	4
21	16521617	16812081	5	2	7
21	16812552	18816346	2	2	4
21	18818510	20179412	4	2	6
21	20181198	23613456	5	4	9
21	23613723	23822568	4	2	6
21	23823718	25062635	2	2	4
21	25062876	27214114	4	2	6
21	27214291	27418025	6	2	8
21	27420255	28118995	4	2	6
21	28119065	31754153	2	2	4
21	31754171	31894652	4	2	6
21	31895760	34872040	2	2	4
21	34874260	38291053	4	2	6
21	38294427	42626706	2	2	4
21	42627783	48096957	2	0	2
22	16052528	21934230	2	0	2
22	21934568	24761449	4	0	4
22	24770343	51234455	2	0	2
