chromosome_index	start_position	end_position	major_cn	minor_cn	total_cn
1	61735	24707937	2	2	4
1	24708654	26015238	2	1	3
1	26015472	33669774	2	0	2
1	33673559	58365396	2	1	3
1	58365994	59394716	1	0	1
1	59394773	65226223	2	1	3
1	65230947	66744152	1	0	1
1	66747356	78494732	2	1	3
1	78497532	100109949	2	0	2
1	100112007	205560119	2	1	3
1	205561294	218275877	2	0	2
1	218276144	249224388	2	1	3
2	12784	243089456	2	2	4
3	60345	23904969	2	2	4
3	23906463	30541472	2	0	2
3	30546699	30681095	0	0	0
3	30683506	50126730	2	0	2
3	50128349	60124187	2	2	4
3	60124255	60944975	2	1	3
3	60944975	197896118	2	2	4
4	12281	13540518	2	2	4
4	13551909	47852803	2	0	2
4	47854619	77500947	2	2	4
4	77501357	119170256	2	0	2
4	119170929	191027923	3	0	3
5	15532	56468799	2	1	3
5	56478909	130304613	2	0	2
5	130308754	180790320	2	1	3
6	149661	20971985	2	1	3
6	20972940	171051005	2	2	4
7	43259	129336240	2	1	3
7	129340226	151701964	2	0	2
7	151702159	159127004	3	2	5
8	31254	93330957	2	2	4
8	93336303	146298155	2	1	3
9	46587	15418440	2	2	4
9	15418445	21401193	2	0	2
9	21405363	24240405	0	0	0
9	24240987	34687936	2	0	2
9	34688366	141091394	2	2	4
10	72759	101558837	2	2	4
10	101559415	102396012	2	0	2
10	102399510	135506704	2	2	4
11	198572	3267131	2	2	4
11	3267999	46924236	2	0	2
11	46928345	57126040	2	2	4
11	57128317	72130951	2	1	3
11	72131875	73712859	1	0	1
11	73713442	75904638	2	1	3
11	75907344	119086629	2	2	4
11	119087823	120170030	2	0	2
11	120170521	134944770	2	2	4
12	150442	11166635	4	0	4
12	11166968	33865210	2	0	2
12	33868230	50634354	2	2	4
12	50639249	56907446	2	0	2
12	56908376	133778189	2	2	4
13	19026949	21435051	2	2	4
13	21437977	24324703	3	2	5
13	24325402	24390391	2	0	2
13	24390593	65987873	2	1	3
13	65992870	68121613	1	0	1
13	68122238	112069757	2	1	3
13	112072016	112505865	2	0	2
13	112510557	115108397	2	1	3
14	19002124	107285437	2	0	2
15	20016328	41101124	2	2	4
15	41101145	64927171	2	0	2
15	64929403	73586372	2	2	4
15	73590579	79045102	2	0	2
15	79045857	102469040	2	2	4
16	60777	57511625	2	2	4
16	57512517	88630667	2	0	2
16	88637783	90287535	2	2	4
17	526	831852	2	2	4
17	832177	17787772	2	0	2
17	17788132	74719376	2	2	4
17	74727907	78392391	2	0	2
17	78394076	81049726	2	2	4
18	48133	78015057	2	0	2
19	90910	39931059	2	2	4
19	39939991	42245871	2	1	3
19	42246489	59097854	2	0	2
20	61305	62956153	2	2	4
21	10736871	48096957	2	0	2
22	16052528	51234455	2	1	3
