chromosome_index	start_position	end_position	major_cn	minor_cn	total_cn
1	61735	249224388	1	1	2
2	12784	243089456	1	1	2
3	60345	96743837	1	1	2
3	96746815	101515055	1	0	1
3	101516139	197896118	1	1	2
4	12281	61669710	1	1	2
4	61671689	62501870	1	0	1
4	62503140	122932214	1	1	2
4	122937198	126351049	1	0	1
4	126351067	191027923	1	1	2
5	15532	105382185	1	1	2
5	105382320	111546456	1	0	1
5	111546946	112192856	0	0	0
5	112194693	134978463	1	0	1
5	134978976	180790320	1	1	2
6	149661	69571486	1	1	2
6	69575610	70939452	1	0	1
6	70939497	74378808	1	1	2
6	74379809	81380540	1	0	1
6	81381213	82410383	1	1	2
6	82411367	116520348	1	0	1
6	116522615	155297621	1	1	2
6	155297756	162807694	1	0	1
6	162808884	164973625	1	1	2
6	164974093	166404335	1	0	1
6	166405260	171051005	1	1	2
7	43259	146700346	1	1	2
7	146702080	147169224	1	0	1
7	147169275	159127004	1	1	2
8	31254	146298155	1	1	2
9	46587	22613556	1	1	2
9	22613796	33083908	1	0	1
9	33084282	141091394	1	1	2
10	72759	49396507	1	1	2
10	49397232	52655501	1	0	1
10	52669807	135506704	1	1	2
11	198572	97165756	1	1	2
11	97175147	101972233	1	0	1
11	101972265	134944770	1	1	2
12	150442	133778189	1	1	2
13	19026949	31924703	1	1	2
13	31924893	84978202	1	0	1
13	84978573	115108397	1	1	2
14	19002124	107285437	1	1	2
15	20016328	102469040	1	1	2
16	60777	65088392	1	1	2
16	65088804	77268507	1	0	1
16	77268935	90287535	1	1	2
17	526	81049726	1	1	2
18	48133	18609580	1	1	2
18	18610067	35429122	1	0	1
18	35429570	52746433	1	1	2
18	52746706	63423482	1	0	1
18	63423560	78015057	1	1	2
19	90910	59097854	1	1	2
20	61305	62956153	1	1	2
21	10736871	48096957	1	1	2
22	16052528	51234455	1	1	2
