chromosome_index position alt_count ref_count
1 1104459 5 12
1 114184768 19 69
1 152280282 26 40
1 223994599 36 105
1 248005200 10 39
2 15758358 26 89
2 71190307 8 28
2 198362076 11 33
3 48732030 6 14
3 52651357 34 65
4 104080236 14 140
5 82815685 24 74
5 140480794 11 33
6 12292680 9 34
6 43272019 3 30
7 1012903 20 76
8 43147724 5 11
9 136234216 8 32
10 5951142 9 29
10 33199338 5 71
10 81838462 17 45
10 90682964 9 95
10 95720827 52 157
11 5474970 6 80
11 65426222 22 64
11 118779364 4 20
11 123753906 31 99
12 58220853 20 38
12 123800154 51 123
14 24600851 3 25
15 88476307 11 45
18 72516044 19 39
19 10334693 9 24
19 10335160 3 19
19 37733520 17 45
19 46318935 4 11
19 55221501 8 20
20 422395 18 45
20 5098236 30 62
