chromosome_index position alt_count ref_count
1 6304617 14 57
1 17326506 16 32
1 20107215 8 69
1 21050138 13 42
1 39750872 35 95
1 45798605 25 114
1 45981409 38 119
1 52704947 56 136
1 52704948 57 138
1 52861860 51 125
1 54060494 14 31
1 90049089 72 219
1 92446354 23 61
1 99470069 9 154
1 101343225 12 190
1 103427475 14 54
1 147087647 28 145
1 152327479 172 969
1 152760109 13 346
1 152770592 59 363
1 153177402 40 203
1 153745758 170 158
1 154744782 58 66
1 158369010 20 101
1 158724743 197 204
1 162335106 18 46
1 167038193 28 155
1 169565180 1102 766
1 170934354 63 251
1 173456971 73 183
1 182569642 45 177
1 183913403 29 228
1 186106048 284 205
1 197297633 29 146
1 197890472 58 179
1 201980247 35 222
1 204937425 35 336
1 204937426 36 345
1 206225037 54 333
1 207644833 189 126
1 207748949 25 859
1 230503892 122 81
1 236738176 19 130
1 241886730 90 52
1 248059203 70 234
1 248059204 73 229
1 248084474 45 219
1 248458726 112 152
1 248458791 270 174
1 248616676 53 155
2 18765365 51 198
2 21236243 44 139
2 32639984 18 53
2 50850470 21 64
2 97405605 41 118
2 137988633 26 62
2 165947027 35 76
2 170361444 31 72
2 172822364 66 228
2 182542723 34 123
2 185463677 24 61
2 189599270 26 41
2 198267481 26 65
2 203149196 31 123
2 231103065 22 96
2 242066203 59 147
3 10070326 21 76
3 35724361 27 109
3 39226506 58 137
3 52402841 93 268
3 52818371 24 82
3 54959211 13 65
3 58139114 68 169
3 68055689 12 34
3 108288251 12 49
3 114070631 26 80
3 121838357 21 78
3 124385987 5 87
3 124632460 45 118
3 129247528 13 57
3 130300581 41 98
3 139279789 30 97
3 167248972 35 149
3 184093302 53 135
3 196669381 11 37
4 887203 31 73
4 3447890 13 43
4 48082040 60 210
4 55141105 41 121
4 62845387 117 297
4 65147201 19 70
4 68619559 13 39
4 76809404 36 181
4 88996617 144 493
4 88996618 144 484
4 91230436 46 94
4 103832677 15 102
4 108535322 17 43
4 115997288 56 156
4 120188592 22 99
4 120188600 23 98
4 126240570 78 174
4 134071180 8 23
4 158234012 9 219
5 225612 42 129
5 491990 10 36
5 14608879 20 60
5 15937257 13 27
5 21975483 43 154
5 35659120 16 62
5 50685751 22 50
5 112349214 15 159
5 137728897 30 123
5 140554409 67 456
5 140720584 180 377
5 140731379 56 154
5 149459664 42 116
5 149901000 45 132
5 180046339 26 89
6 13486957 64 244
6 29054138 13 85
6 29274539 111 148
6 47649835 46 59
6 53516940 29 63
6 74229616 15 153
6 74229620 13 159
6 80635962 22 62
6 80881011 17 38
6 88853545 58 122
6 97053782 15 58
6 110048374 17 179
6 112506489 12 268
6 135254133 18 39
6 149983170 13 141
6 155577906 30 96
6 161134100 110 229
6 168479586 73 130
7 27169186 33 82
7 31622773 15 226
7 53103862 19 60
7 66264340 18 75
7 94791272 13 31
7 100364825 20 89
7 101188641 13 41
7 105656384 7 28
7 106509302 45 117
7 121651319 42 117
7 126698177 6 36
7 142622610 5 90
7 149477052 7 28
8 1497208 5 27
8 3245041 4 17
8 4494967 50 136
8 27729441 56 145
8 52320747 39 253
8 53558357 34 90
8 59512551 32 119
8 81897324 39 106
8 87235286 95 188
9 3266222 26 62
9 15486865 14 209
9 21409567 66 244
9 35403186 35 97
9 100222622 23 59
9 105767340 21 51
9 130580453 28 90
9 135942012 112 262
9 136029298 46 146
10 15761681 8 19
10 34420400 28 89
10 45920487 59 160
10 48389064 24 151
10 48390154 25 82
10 52566444 11 44
10 55955618 27 97
10 73767293 19 41
10 85970907 7 148
10 88416037 67 198
10 135180498 12 47
11 557472 24 17
11 1097832 24 56
11 4566849 44 111
11 21592356 46 132
11 47182919 18 38
11 55038374 55 234
11 56468356 34 194
11 58125726 48 166
11 58207305 45 112
11 58602069 46 149
11 58602127 28 98
11 62416148 67 193
11 64419574 36 112
11 67833337 5 114
11 69062831 7 23
11 73789208 22 184
11 76255796 56 224
11 78147623 63 180
11 107833102 11 34
11 107833103 12 34
11 113237006 36 128
11 116767928 37 90
11 124761447 8 216
11 124763783 5 36
11 133815980 10 17
12 6128067 18 51
12 9085944 7 21
12 29670389 55 167
12 40020070 12 30
12 50394955 11 66
12 50394958 11 67
12 50483693 29 97
12 52056596 85 260
12 62749183 21 71
12 89918896 22 89
12 100774500 80 295
12 102302116 44 144
12 125613930 129 505
13 46559839 53 185
13 50366664 38 85
13 102029276 30 88
13 108861780 53 129
13 113030692 10 14
14 19378026 43 369
14 20296002 43 267
14 20864037 41 111
14 24711492 48 107
14 57676686 5 19
14 58605152 18 251
14 63757713 11 171
14 64936469 14 28
14 68029323 7 52
14 81744032 34 97
14 94909507 27 120
14 104642350 4 15
14 105945514 32 61
14 106757742 76 197
15 24922555 156 471
15 25953142 13 61
15 42457975 38 139
15 48060806 20 61
15 51860697 9 32
15 53992106 72 175
15 67555484 20 57
16 14958985 12 46
16 22143018 12 54
16 23555995 10 31
16 27367205 56 157
16 30745018 51 138
16 33020692 90 316
16 47622972 6 131
16 49671979 12 48
16 50707702 5 18
16 57113522 61 176
16 70432338 6 90
16 75327766 12 21
16 78011606 7 21
16 89804127 12 34
17 3801805 19 79
17 8020298 8 35
17 42288499 17 260
17 48940480 38 95
17 56635170 64 142
17 63049747 70 185
17 68128495 35 124
17 74533526 20 64
17 80007615 8 22
17 80559374 19 66
18 3100356 9 54
18 6237960 45 151
18 42618506 25 94
18 55027316 37 77
18 56586643 37 118
18 76754904 17 36
19 1220369 4 15
19 9056418 28 90
19 10602581 14 25
19 11132438 8 40
19 11944626 25 50
19 14992036 37 42
19 21366322 25 89
19 22155616 31 96
19 22952013 27 185
19 30506049 11 25
19 30936418 65 168
19 31039649 32 124
19 31768363 6 128
19 33202801 83 211
19 33597741 34 101
19 34821245 9 84
19 36159326 21 61
19 36205652 41 122
19 36229345 20 66
19 36605823 25 73
19 37266918 9 22
19 38956784 9 46
19 39799011 14 39
19 43428862 14 59
19 43679578 114 309
19 44470960 47 105
19 44793056 44 88
19 45406510 10 21
19 46443885 9 20
19 47424934 8 115
19 48925068 57 176
19 51742804 25 61
19 53643586 56 198
19 54137805 38 166
19 54824404 4 11
19 54967576 30 84
19 57840697 26 77
19 57840699 24 76
19 58499672 22 42
20 16729544 22 59
20 30918002 7 76
20 42815293 35 110
20 44641106 42 173
20 44839157 8 92
20 45354608 43 146
21 34030155 11 83
22 22385611 35 86
22 23101501 170 520
22 23523153 5 9
22 29706677 15 29
22 33733757 15 71
22 35811868 132 371
22 37326823 38 140
22 39884102 41 90
22 46654189 58 103
