chromosome_index position alt_count ref_count
1 19018401 8 16
1 22191363 4 12
1 22205082 8 34
1 47689752 23 69
1 59002204 12 31
1 156031179 49 114
1 157509002 3 43
1 197889131 32 87
1 200017721 24 53
1 212798505 5 46
1 226420174 6 25
2 1271203 9 13
2 25054533 5 26
2 33036234 8 33
2 71591185 25 47
2 71755438 7 19
2 99013652 10 45
2 120194723 21 71
2 128384586 7 7
2 136575003 12 37
2 166627124 10 22
2 228563678 22 41
2 234775957 4 7
2 239147619 6 13
3 37523001 11 73
3 58145386 4 32
3 58395289 4 28
3 58516345 7 16
3 127703084 22 32
3 142511763 11 35
3 152173353 22 73
3 169801877 18 37
3 183756386 5 18
4 2307028 9 40
4 22737769 29 91
4 22820363 7 12
4 37848660 37 110
4 130030466 29 93
5 11346651 18 105
5 34924964 10 75
5 86675667 19 27
5 86675668 18 25
5 122337107 3 16
5 140216300 21 12
5 140801398 12 30
6 24437398 15 47
6 27792123 9 34
6 38825334 15 49
6 43152214 19 38
6 105606599 22 111
6 107780282 11 37
6 108723212 3 12
6 129714240 13 47
6 130425615 33 68
7 23731200 25 53
7 55233012 26 46
7 100391590 5 17
7 100686824 42 117
7 101840038 33 76
7 119915562 12 23
7 127255554 16 88
7 139107106 18 42
7 141445354 16 42
7 149430329 43 127
7 149462766 4 10
8 61178601 11 32
8 99440583 22 40
8 100729474 28 34
8 133848943 15 77
8 144919579 4 9
9 35377547 16 279
9 35724888 21 204
9 74305092 23 78
9 79840885 24 100
9 129458759 4 41
10 21106596 17 58
10 48390514 30 74
10 74700977 25 74
10 100003924 6 22
10 115804437 11 20
11 14913703 11 19
11 22272376 40 55
11 55433179 51 66
11 57088123 5 30
11 70332944 20 52
11 71721849 76 243
11 125315828 6 17
11 128781352 28 67
12 2566851 76 208
12 4705363 51 88
12 14019155 4 14
12 53450797 3 16
12 54576249 26 71
12 58143283 8 22
12 78583919 9 40
12 104496888 7 109
13 29002024 13 57
13 52864041 7 11
13 99378415 12 34
13 99378417 12 34
14 21820784 48 129
14 21928533 6 14
14 24608771 9 25
14 39716136 5 20
14 50318366 4 62
14 64565540 5 20
14 71209185 14 37
14 73720589 14 41
14 74345930 47 120
14 75348653 4 6
14 76967127 13 25
14 77872373 7 26
14 90485752 7 15
14 92347671 11 35
14 92357591 3 46
14 99182522 8 13
14 105518369 17 54
14 106478357 17 28
15 25332880 44 129
15 42434752 13 54
15 52664414 13 26
15 65555626 6 19
15 82512532 47 157
16 20348717 14 30
16 67979117 15 50
16 71482652 9 29
17 6942181 31 107
17 7577538 6 38
17 7577548 20 31
17 7800529 17 47
17 40940718 12 38
17 45822604 12 32
17 62080239 4 16
17 72915896 14 73
17 72915913 19 91
17 78211342 7 11
19 2210646 21 82
19 4338788 5 11
19 5789493 5 9
19 10124179 14 29
19 13227291 4 13
19 14992152 9 13
19 35757379 20 27
19 39521762 28 42
19 44131798 21 70
19 46842835 16 86
19 47423751 63 102
19 47823721 38 83
19 48806034 31 64
19 49436959 14 39
19 49552197 5 7
19 49564963 6 15
19 50461907 22 100
19 56321143 13 45
19 57955756 25 64
20 9510395 12 43
20 18123437 12 110
20 24646189 12 55
20 31876618 10 42
20 43930045 22 32
20 49354499 37 39
20 57415178 32 31
20 57430002 5 4
20 61870794 31 31
21 41561106 22 49
22 30061031 2 10
22 32179890 47 94
22 36708123 28 31
