chromosome_index	start_position	end_position	major_cn	minor_cn	total_cn
1	61735	34610222	3	2	5
1	34614166	35038296	3	1	4
1	35042287	56046405	3	2	5
1	56047538	85107587	3	3	6
1	85109094	121482979	2	0	2
1	144007049	145233670	3	2	5
1	145235251	152626061	5	2	7
1	152626170	177265341	4	2	6
1	177271797	249224388	2	1	3
2	12784	2557763	3	2	5
2	2559100	4062958	2	1	3
2	4064259	5819288	3	2	5
2	5819517	7097845	2	2	4
2	7098007	15823885	2	1	3
2	15825988	20743917	2	2	4
2	20744067	26078062	2	1	3
2	26079458	54404024	2	2	4
2	54404107	54764579	3	2	5
2	54765152	84766211	2	0	2
2	84770411	86183427	2	2	4
2	86183897	87051300	2	0	2
2	87053152	99859714	2	2	4
2	99863293	115156602	1	1	2
2	115156669	120134126	2	1	3
2	120141153	132932112	1	1	2
2	132932734	133302296	3	1	4
2	133302367	135386581	2	1	3
2	135386837	243089456	1	1	2
3	60345	50641312	2	1	3
3	50641452	70640976	1	1	2
3	70650403	70787103	4	1	5
3	70789564	72492315	1	1	2
3	72494150	72551748	3	1	4
3	72554528	78579242	1	1	2
3	78583020	79600171	5	1	6
3	79604443	82497349	1	1	2
3	82498077	83252060	5	1	6
3	83255207	86020372	1	1	2
3	86020469	86512756	6	1	7
3	86513177	86677718	9	1	10
3	86679539	87775449	26	1	27
3	87776084	90502862	1	1	2
3	93519478	95182752	2	1	3
3	95182856	100082857	2	0	2
3	100083056	100320344	2	1	3
3	100324275	101349673	2	0	2
3	101359328	103542124	2	1	3
3	103550404	105068937	2	0	2
3	105074328	105716090	11	2	13
3	105732369	106999717	2	1	3
3	107000250	111283667	2	0	2
3	111285876	112881539	2	1	3
3	112882880	113908748	2	2	4
3	113909223	116357042	3	3	6
3	116361660	116573816	13	2	15
3	116574034	117748994	2	0	2
3	117749753	140126576	2	1	3
3	140127240	141377330	2	2	4
3	141377532	142094677	4	2	6
3	142095386	144558027	2	1	3
3	144565731	146938546	3	2	5
3	146941870	185155616	2	1	3
3	185158960	187175707	2	2	4
3	187175819	188433722	3	2	5
3	188434149	188937251	2	1	3
3	188938885	190239743	3	2	5
3	190239790	191008999	2	1	3
3	191009161	191093434	12	4	16
3	191097538	191431496	3	2	5
3	191434831	193491850	2	1	3
3	193495155	194551992	11	2	13
3	194554814	194646814	3	2	5
3	194647609	196768248	2	1	3
3	196768756	197896118	2	2	4
4	12281	49656513	3	0	3
4	49656595	124584369	3	3	6
4	124585858	124860967	4	4	8
4	124861991	137496422	4	2	6
4	137496985	137854382	2	0	2
4	137857294	138154201	2	2	4
4	138158783	191027923	2	0	2
5	15532	5662528	4	2	6
5	5663473	22431467	2	1	3
5	22431977	27178622	3	2	5
5	27185107	180790320	2	2	4
6	149661	6818779	4	1	5
6	6819029	6879756	4	0	4
6	6882525	7824102	4	4	8
6	7824236	15400335	4	1	5
6	15401909	24605057	4	0	4
6	24606036	31184196	3	1	4
6	31184425	44154053	4	0	4
6	44154325	44281884	2	0	2
6	44281900	49777568	4	0	4
6	49778621	63821584	3	0	3
6	63825551	64533947	4	2	6
6	64534000	65336231	3	0	3
6	65336942	67339254	3	1	4
6	67346603	67403879	7	2	9
6	67403944	67443343	8	2	10
6	67447277	67940232	2	0	2
6	67945129	68137344	2	2	4
6	68139721	69937817	2	0	2
6	69938177	70204613	2	1	3
6	70215315	70582437	2	0	2
6	70585040	71027239	2	1	3
6	71033478	85696163	2	0	2
6	85696272	87952562	4	0	4
6	87953333	124708022	2	0	2
6	124709362	126146711	4	0	4
6	126146941	127407627	2	0	2
6	127408236	129389242	4	0	4
6	129389266	129806058	2	0	2
6	129809107	130302202	4	0	4
6	130311090	130611063	2	0	2
6	130611578	130873791	4	0	4
6	130876070	132622813	2	0	2
6	132623184	134546685	4	0	4
6	134546767	136377254	2	0	2
6	136378509	138168214	4	0	4
6	138172973	139216426	2	0	2
6	139219114	139410271	4	0	4
6	139411399	141061546	2	0	2
6	141061742	143015378	4	0	4
6	143015543	144048460	2	0	2
6	144050805	147143079	4	0	4
6	147143291	148168400	2	0	2
6	148173543	171051005	4	0	4
7	43259	37504470	2	1	3
7	37504751	40048257	2	2	4
7	40050307	101966831	2	1	3
7	101967075	102778399	2	0	2
7	102778775	137611579	2	1	3
7	137618152	138086366	2	0	2
7	138086495	143873377	2	1	3
7	143873952	144942033	2	0	2
7	144945011	145981370	2	1	3
7	145988501	146447464	2	0	2
7	146448412	148163784	2	1	3
7	148176513	152593022	2	0	2
7	152593168	153982035	2	1	3
7	153987318	159127004	2	0	2
8	31254	1399978	1	1	2
8	1400221	4139459	1	0	1
8	4139493	4634400	1	1	2
8	4634415	8017932	2	1	3
8	8018036	10894327	1	1	2
8	10896389	12241505	2	1	3
8	12241522	13631881	1	1	2
8	13632001	14267036	2	1	3
8	14267835	14737262	1	1	2
8	14741390	15078037	2	1	3
8	15078161	19810787	1	1	2
8	19811417	20029603	2	1	3
8	20029668	43824048	1	1	2
8	46847534	69265483	1	0	1
8	69265651	69380851	2	1	3
8	69382843	70616800	1	0	1
8	70617045	71012811	2	1	3
8	71012811	71931120	1	0	1
8	71932086	77888054	5	1	6
8	77889111	81503085	3	1	4
8	81503192	83266811	7	1	8
8	83268108	84615740	8	1	9
8	84616614	86557413	10	1	11
8	86835379	88998040	6	1	7
8	89013301	92362167	10	1	11
8	92363390	93909356	8	1	9
8	93909815	94636585	5	1	6
8	94640296	144290410	3	1	4
8	144295782	146298155	1	1	2
9	46587	78132625	2	2	4
9	78132771	78480543	2	0	2
9	78481519	111149589	2	2	4
9	111149859	111543705	5	2	7
9	111544255	141091394	2	2	4
10	72759	132260142	2	2	4
10	132260627	132446383	4	2	6
10	132448916	132611610	2	2	4
10	132614805	133434173	2	0	2
10	133434783	133619433	3	1	4
10	133624539	133869632	1	0	1
10	133870799	133996585	2	1	3
10	133997031	135506704	2	2	4
11	198572	20608789	2	0	2
11	20608950	24849741	2	1	3
11	24850070	25489631	2	0	2
11	25493001	30295876	2	1	3
11	30297075	31632633	2	2	4
11	31636100	32053007	2	1	3
11	32053419	34490647	2	2	4
11	34491148	36949076	2	1	3
11	36951361	39242638	2	2	4
11	39248173	39707399	2	0	2
11	39713929	43069161	2	1	3
11	43071237	43571405	2	0	2
11	43575729	43699418	2	1	3
11	43709429	48022492	4	2	6
11	48028343	110811164	2	1	3
11	110811795	129808106	2	0	2
11	129810174	130199813	3	0	3
11	130210001	131079238	3	3	6
11	131080289	134944770	3	2	5
12	150442	698043	2	1	3
12	698571	1152768	8	2	10
12	1163647	1442192	2	1	3
12	1443043	3088757	1	1	2
12	3089011	9889076	2	1	3
12	9894161	11226913	1	1	2
12	11231455	13183411	1	0	1
12	13184886	15879408	2	0	2
12	15884746	22474889	1	0	1
12	22482438	24667752	2	0	2
12	24670302	34758266	2	1	3
12	34759583	48036013	2	2	4
12	48041891	48368989	4	2	6
12	48369607	133778189	2	2	4
13	19026949	115108397	2	0	2
14	19002124	22246896	4	1	5
14	22247684	22953607	5	1	6
14	22955716	25591537	4	1	5
14	25591641	27404781	7	1	8
14	27406001	28226166	4	1	5
14	28227586	34722289	7	1	8
14	34722609	36048396	6	1	7
14	36052594	38254664	9	1	10
14	38257390	41107539	4	1	5
14	41108018	51630340	1	1	2
14	51633314	107285437	2	1	3
15	20016328	23877607	2	1	3
15	23880551	23894967	4	2	6
15	23895635	25021068	7	1	8
15	25021204	25484474	5	1	6
15	25486581	60527154	2	1	3
15	60527219	60841510	3	2	5
15	60844164	61117865	6	2	8
15	61119165	61126105	5	0	5
15	61127356	88743394	2	1	3
15	88744388	89715077	1	1	2
15	89715940	102469040	2	1	3
16	60777	3252779	3	2	5
16	3252900	34012168	4	2	6
16	34197351	35283226	3	0	3
16	46463782	49089137	2	0	2
16	49089422	70842097	3	0	3
16	70854381	71143067	4	1	5
16	71143487	79149120	3	0	3
16	79149513	79309490	5	0	5
16	79312083	90287535	3	0	3
17	526	15692955	4	0	4
17	15694785	17056295	7	0	7
17	17057608	17865278	4	0	4
17	17871343	20191285	4	4	8
17	20194436	25270411	4	3	7
17	25270517	80681072	2	1	3
17	80683718	81049726	1	1	2
18	48133	1024472	1	1	2
18	1024698	11695992	2	1	3
18	11703636	14736746	1	1	2
18	14737026	54506336	2	1	3
18	54508975	54563703	2	0	2
18	54564233	78015057	2	2	4
19	90910	5077583	4	1	5
19	5078415	6519469	4	2	6
19	6522794	19874871	5	2	7
19	19875915	30093128	6	2	8
19	30093215	30274623	6	0	6
19	30274664	31990230	7	2	9
19	31993987	34825044	3	2	5
19	34826387	36523990	2	2	4
19	36524282	39249071	3	2	5
19	39249704	44331765	8	1	9
19	44332320	44848708	10	2	12
19	44849357	47172547	7	1	8
19	47174408	55804415	2	1	3
19	55805413	59097854	1	1	2
20	61305	10906653	1	0	1
20	10907037	14389113	2	0	2
20	14391106	14798517	1	0	1
20	14801117	15283554	3	0	3
20	15287021	15952866	1	0	1
20	15956742	19406526	3	0	3
20	19406983	21101844	4	0	4
20	21107833	23040948	3	2	5
20	23040971	24032840	3	1	4
20	24033255	29631350	3	2	5
20	29635466	31011937	5	3	8
20	31013487	34213005	3	3	6
20	34224037	44741498	4	3	7
20	44742064	52843910	3	2	5
20	52844282	53251559	2	0	2
20	53253618	53363232	2	2	4
20	53363463	53513053	2	0	2
20	53514380	54733628	2	2	4
20	54734769	54849656	2	0	2
20	54851746	62956153	3	2	5
21	10736871	15298447	3	1	4
21	15299249	19786851	2	2	4
21	19787426	48096957	2	1	3
22	16052528	51234455	3	0	3
