chromosome_index	start_position	end_position	major_cn	minor_cn	total_cn
1	61735	121482979	2	0	2
1	144007049	155910707	3	2	5
1	155910985	159592683	3	1	4
1	159592915	163031580	3	2	5
1	163031621	168194927	2	2	4
1	168197420	173614951	2	1	3
1	173616525	209483196	3	2	5
1	209484497	209696025	6	2	8
1	209696347	236033308	3	2	5
1	236033329	247166743	2	0	2
1	247167077	249224388	3	0	3
2	12784	25492467	2	1	3
2	25493187	27853573	2	2	4
2	27854369	42779709	2	1	3
2	42781775	62561021	2	2	4
2	62562310	95327887	2	1	3
2	95329927	158693082	2	2	4
2	158695697	197363507	2	1	3
2	197364427	201305827	2	2	4
2	201308117	243089456	2	0	2
3	60345	56343544	2	0	2
3	56345064	58568885	3	2	5
3	58569590	87407008	2	0	2
3	87408634	118603030	2	2	4
3	118613877	120283945	5	2	7
3	120284782	148696479	2	2	4
3	148703787	165675999	5	2	7
3	165676566	171218063	2	2	4
3	171219927	172782306	4	2	6
3	172783720	179428221	3	3	6
3	179428456	192548545	6	2	8
3	192552460	197896118	4	2	6
4	12281	7774352	2	0	2
4	7775907	19623210	4	0	4
4	19623609	28411744	2	0	2
4	28415435	78866690	2	2	4
4	78868326	165982398	2	0	2
4	165982775	191027923	1	0	1
5	15532	6133573	6	3	9
5	6137463	24235870	4	3	7
5	24247673	38922853	4	2	6
5	38923171	49459054	3	2	5
5	49459535	126133293	2	0	2
5	126133469	137976946	4	0	4
5	137977109	180790320	3	0	3
6	149661	7385153	3	0	3
6	7385953	92594051	2	0	2
6	92597158	98545793	1	0	1
6	98547827	171051005	2	0	2
7	43259	32290187	2	0	2
7	32290565	32315443	5	2	7
7	32315546	44555690	2	2	4
7	44558859	53458256	2	1	3
7	53458290	62014329	2	0	2
7	62020156	68682673	2	2	4
7	68684145	80813114	2	1	3
7	80813445	86185490	1	1	2
7	86186533	89209201	2	1	3
7	89209613	99477426	3	1	4
7	99478284	140524697	4	1	5
7	140526869	158257760	3	1	4
7	158257969	159127004	3	0	3
8	31254	9641811	2	0	2
8	9647226	20678845	2	2	4
8	20678942	39397732	2	1	3
8	39397989	41264427	2	0	2
8	41267344	42624001	2	2	4
8	42625663	55643526	2	1	3
8	55644027	85016195	3	1	4
8	85025807	97100460	2	1	3
8	97102839	146298155	3	2	5
9	46587	1448386	5	0	5
9	1449084	1760428	7	0	7
9	1760672	9981069	5	0	5
9	9985322	21918580	3	0	3
9	21920661	26822262	0	0	0
9	26825738	28355725	3	0	3
9	28356131	47217176	3	1	4
9	65616971	76437389	1	0	1
9	76437709	121016201	3	0	3
9	121016602	127291278	4	0	4
9	127291446	133417635	3	0	3
9	133427524	133440502	0	0	0
9	133440620	134474154	3	0	3
9	134476177	141091394	4	0	4
10	72759	720958	5	0	5
10	721219	4111688	2	0	2
10	4115015	5375758	2	1	3
10	5375877	20241043	2	0	2
10	20241401	20504312	0	0	0
10	20509048	24334607	1	0	1
10	24334635	42614436	2	1	3
10	42621181	125827447	2	0	2
10	125827502	135506704	3	0	3
11	198572	10058970	1	1	2
11	10062652	10368976	1	0	1
11	10369340	50769317	1	1	2
11	51096372	57883148	2	1	3
11	57884247	71513455	1	1	2
11	71513597	72418951	1	0	1
11	72428411	134944770	2	0	2
12	150442	1204877	3	2	5
12	1205702	2281925	4	2	6
12	2283195	5981353	3	2	5
12	5981405	16616476	3	1	4
12	16616740	22309558	3	3	6
12	22310865	34308133	2	2	4
12	34309494	76057091	2	1	3
12	76057632	78642023	3	1	4
12	78647049	116195164	2	1	3
12	116195519	117286981	3	1	4
12	117290096	120380992	2	1	3
12	120382896	133778189	3	0	3
13	19026949	115108397	2	0	2
14	19002124	107285437	2	0	2
15	20016328	23771999	2	1	3
15	23775544	26167159	3	1	4
15	26167437	42573115	1	1	2
15	42573584	72494499	2	1	3
15	72495477	89050628	4	1	5
15	89052984	92399103	2	1	3
15	92399657	93589177	4	1	5
15	93589502	96155531	7	1	8
15	96156368	96711009	10	1	11
15	96715611	100584650	2	1	3
15	100584725	102469040	1	0	1
16	60777	58885423	2	0	2
16	58885485	74869637	3	0	3
16	74869794	81232590	6	0	6
16	81233418	83284338	5	0	5
16	83284834	86409502	2	0	2
16	86409572	90287535	3	0	3
17	526	13909488	3	0	3
17	13909792	20697583	1	0	1
17	20697797	21693871	2	0	2
17	21707731	29161358	2	2	4
17	29161503	30896455	2	1	3
17	30896756	81049726	2	2	4
18	48133	11519814	4	3	7
18	11522532	18541906	3	2	5
18	18546748	43378121	3	1	4
18	43381465	57631737	1	0	1
18	57633654	66902525	2	1	3
18	66902552	68700239	1	0	1
18	68700338	78015057	2	0	2
19	90910	2060089	1	1	2
19	2064619	9490760	2	1	3
19	9490814	53615991	2	2	4
19	53616373	56230999	2	1	3
19	56231144	59097854	2	0	2
20	61305	1930111	4	1	5
20	1930464	6417646	3	1	4
20	6420595	10276281	1	1	2
20	10277452	15471807	2	1	3
20	15475083	16119047	2	2	4
20	16124113	16709853	2	1	3
20	16709886	17482853	1	1	2
20	17486576	20234059	2	1	3
20	20236519	29846281	2	2	4
20	29846303	29995517	3	1	4
20	29997048	31737467	4	2	6
20	31740804	35995777	2	2	4
20	35998625	62956153	2	1	3
21	10736871	48096957	2	0	2
22	16052528	18250268	1	0	1
22	18258476	20737903	2	0	2
22	20737926	28716020	2	1	3
22	28716739	40439041	3	1	4
22	40439127	51234455	3	2	5
