chromosome_index	start_position	end_position	major_cn	minor_cn	total_cn
1	10001	790008	1.0	1.0	2.0
1	790009	12902499	1.0	1.0	2.0
1	12902500	57336016	1.0	1.0	2.0
1	57336017	58270011	2.0	2.0	4.0
1	58270012	58750034	1.0	1.0	2.0
1	58750035	59597553	1.0	1.0	2.0
1	59597554	60579905	2.0	2.0	4.0
1	60579906	66300034	1.0	1.0	2.0
1	66300035	72464801	1.0	1.0	2.0
1	72464802	74372047	1.0	1.0	2.0
1	74372048	74613450	4.0	3.0	7.0
1	74613451	77264790	1.0	1.0	2.0
1	77264791	80729972	1.0	1.0	2.0
1	80729973	82944753	1.0	1.0	2.0
1	82944754	83107829	1.0	1.0	2.0
1	83107830	83949906	1.0	1.0	2.0
1	83949907	88447527	1.0	1.0	2.0
1	88447528	89029998	4.0	3.0	7.0
1	89029999	101165558	1.0	1.0	2.0
1	101165559	103679953	1.0	1.0	2.0
1	103679954	107939989	1.0	1.0	2.0
1	107939990	118774913	1.0	1.0	2.0
1	118774914	121499999	2.0	2.0	4.0
1	142962500	153632640	2.0	2.0	4.0
1	153632641	163761337	2.0	2.0	4.0
1	163761338	188225808	3.0	2.0	5.0
1	188225809	190317620	2.0	1.0	3.0
1	190317621	190707861	2.0	1.0	3.0
1	190707862	194513394	2.0	1.0	3.0
1	194513395	198368601	2.0	0.0	2.0
1	198368602	203849065	2.0	0.0	2.0
1	203849066	203931348	5.0	0.0	5.0
1	203931349	214140002	2.0	1.0	3.0
1	214140003	216069994	2.0	1.0	3.0
1	216069995	216930018	2.0	1.0	3.0
1	216930019	217235801	2.0	1.0	3.0
1	217235802	221159947	2.0	1.0	3.0
1	221159948	247247500	2.0	1.0	3.0
1	247247501	249250620	2.0	0.0	2.0
2	11607	17648265	2.0	1.0	3.0
2	17648266	22707474	3.0	1.0	4.0
2	22707475	22881926	3.0	1.0	4.0
2	22881927	30025802	3.0	1.0	4.0
2	30025803	35023101	2.0	1.0	3.0
2	35023102	37627492	3.0	1.0	4.0
2	37627493	37768848	2.0	2.0	4.0
2	37768849	37770985	2.0	2.0	4.0
2	37770986	37771036	2.0	2.0	4.0
2	37771037	39763934	2.0	1.0	3.0
2	39763935	40049311	4.0	1.0	5.0
2	40049312	40518884	3.0	1.0	4.0
2	40518885	40518900	2.0	2.0	4.0
2	40518901	41809963	2.0	2.0	4.0
2	41809964	41887994	2.0	2.0	4.0
2	41887995	49603709	2.0	2.0	4.0
2	49603710	53120000	2.0	2.0	4.0
2	53120001	53499418	2.0	2.0	4.0
2	53499419	53545922	2.0	2.0	4.0
2	53545923	53700002	2.0	2.0	4.0
2	53700003	55052331	2.0	2.0	4.0
2	55052332	56381629	3.0	1.0	4.0
2	56381630	58304578	3.0	1.0	4.0
2	58304579	58850025	3.0	1.0	4.0
2	58850026	60090060	2.0	2.0	4.0
2	60090061	66279993	2.0	2.0	4.0
2	66279994	68175106	2.0	2.0	4.0
2	68175107	81645997	2.0	2.0	4.0
2	81645998	89846811	2.0	2.0	4.0
2	89846812	90499999	2.0	2.0	4.0
2	90500000	96799999	2.0	2.0	4.0
2	96800000	103529939	2.0	2.0	4.0
2	103529940	117032905	2.0	1.0	3.0
2	117032906	117034959	2.0	2.0	4.0
2	117034960	122744829	2.0	1.0	3.0
2	122744830	122746290	2.0	2.0	4.0
2	122746291	123479971	2.0	2.0	4.0
2	123479972	123744021	2.0	2.0	4.0
2	123744022	125439968	2.0	2.0	4.0
2	125439969	125959986	2.0	2.0	4.0
2	125959987	126600027	2.0	2.0	4.0
2	126600028	139802994	2.0	1.0	3.0
2	139802995	140252767	2.0	2.0	4.0
2	140252768	141079903	2.0	2.0	4.0
2	141079904	141739992	2.0	2.0	4.0
2	141739993	142790065	2.0	2.0	4.0
2	142790066	145410085	2.0	2.0	4.0
2	145410086	163459966	2.0	2.0	4.0
2	163459967	179400278	2.0	2.0	4.0
2	179400279	185095008	2.0	2.0	4.0
2	185095009	185873173	2.0	2.0	4.0
2	185873174	187993583	2.0	2.0	4.0
2	187993584	198969886	2.0	2.0	4.0
2	198969887	226326964	2.0	2.0	4.0
2	226326965	226789985	4.0	3.0	7.0
2	226789986	242985695	2.0	2.0	4.0
3	101145	917108	2.0	2.0	4.0
3	917109	1666839	2.0	2.0	4.0
3	1666840	6160009	2.0	2.0	4.0
3	6160010	18979699	2.0	2.0	4.0
3	18979700	19679906	2.0	2.0	4.0
3	19679907	20865993	2.0	2.0	4.0
3	20865994	21908173	2.0	2.0	4.0
3	21908174	22289983	2.0	2.0	4.0
3	22289984	24291377	2.0	2.0	4.0
3	24291378	25985038	2.0	2.0	4.0
3	25985039	27139990	2.0	2.0	4.0
3	27139991	30449914	2.0	2.0	4.0
3	30449915	34289024	2.0	2.0	4.0
3	34289025	36136807	2.0	2.0	4.0
3	36136808	36633901	2.0	2.0	4.0
3	36633902	36759985	2.0	2.0	4.0
3	36759986	59724914	2.0	2.0	4.0
3	59724915	60060337	2.0	2.0	4.0
3	60060338	62599997	2.0	2.0	4.0
3	62599998	62698284	2.0	2.0	4.0
3	62698285	64739983	3.0	3.0	6.0
3	64739984	65184723	2.0	2.0	4.0
3	65184724	67711401	2.0	2.0	4.0
3	67711402	70067602	3.0	3.0	6.0
3	70067603	70919952	2.0	2.0	4.0
3	70919953	74745802	2.0	2.0	4.0
3	74745803	81847854	2.0	2.0	4.0
3	81847855	83575984	2.0	2.0	4.0
3	83575985	83578625	2.0	2.0	4.0
3	83578626	84901553	2.0	2.0	4.0
3	84901554	87899999	2.0	2.0	4.0
3	87900000	93899999	2.0	2.0	4.0
3	93900000	94462811	2.0	2.0	4.0
3	94462812	96792681	2.0	2.0	4.0
3	96792682	96968479	2.0	2.0	4.0
3	96968480	100878548	3.0	2.0	5.0
3	100878549	102280003	2.0	2.0	4.0
3	102280004	103330306	2.0	2.0	4.0
3	103330307	106787356	2.0	2.0	4.0
3	106787357	114750012	2.0	2.0	4.0
3	114750013	116439900	2.0	2.0	4.0
3	116439901	131299980	2.0	1.0	3.0
3	131299981	140020667	2.0	1.0	3.0
3	140020668	140519788	2.0	2.0	4.0
3	140519789	161135017	2.0	2.0	4.0
3	161135018	163745415	2.0	1.0	3.0
3	163745416	173310041	2.0	1.0	3.0
3	173310042	176500083	2.0	1.0	3.0
3	176500084	197847500	2.0	1.0	3.0
4	27500	8942611	2.0	0.0	2.0
4	8942612	10734799	2.0	0.0	2.0
4	10734800	13888571	2.0	0.0	2.0
4	13888572	23323759	2.0	0.0	2.0
4	23323760	33482384	2.0	0.0	2.0
4	33482385	35810004	2.0	0.0	2.0
4	35810005	39344960	2.0	0.0	2.0
4	39344961	44017218	2.0	1.0	3.0
4	44017219	46229957	2.0	1.0	3.0
4	46229958	46940006	2.0	1.0	3.0
4	46940007	47156462	2.0	1.0	3.0
4	47156463	48199999	2.0	1.0	3.0
4	48200000	53175292	2.0	1.0	3.0
4	53175293	67061253	2.0	1.0	3.0
4	67061254	67065596	3.0	0.0	3.0
4	67065597	67243166	3.0	0.0	3.0
4	67243167	69609996	2.0	1.0	3.0
4	69609997	70100686	2.0	1.0	3.0
4	70100687	70290009	2.0	2.0	4.0
4	70290010	71279490	2.0	1.0	3.0
4	71279491	72426065	2.0	1.0	3.0
4	72426066	78182950	2.0	1.0	3.0
4	78182951	80520015	3.0	2.0	5.0
4	80520016	84918720	2.0	1.0	3.0
4	84918721	92200001	2.0	1.0	3.0
4	92200002	92479938	2.0	0.0	2.0
4	92479939	108498227	2.0	0.0	2.0
4	108498228	114843496	2.0	1.0	3.0
4	114843497	136662524	2.0	1.0	3.0
4	136662525	136721466	2.0	1.0	3.0
4	136721467	138429064	2.0	2.0	4.0
4	138429065	145299980	2.0	2.0	4.0
4	145299981	147090023	2.0	2.0	4.0
4	147090024	149789200	2.0	2.0	4.0
4	149789201	150175353	2.0	2.0	4.0
4	150175354	151019890	2.0	2.0	4.0
4	151019891	158833679	2.0	2.0	4.0
4	158833680	172985321	2.0	2.0	4.0
4	172985322	182795055	2.0	2.0	4.0
4	182795056	182795067	2.0	2.0	4.0
4	182795068	190774549	2.0	2.0	4.0
5	22500	25250003	2.0	2.0	4.0
5	25250004	29726002	2.0	2.0	4.0
5	29726003	30709978	2.0	2.0	4.0
5	30709979	31195201	2.0	2.0	4.0
5	31195202	43811552	2.0	2.0	4.0
5	43811553	44837001	2.0	2.0	4.0
5	44837002	46099999	2.0	2.0	4.0
5	46100000	50699999	2.0	2.0	4.0
5	50700000	51517053	2.0	2.0	4.0
5	51517054	52098834	2.0	2.0	4.0
5	52098835	52619983	2.0	2.0	4.0
5	52619984	62414313	2.0	2.0	4.0
5	62414314	63079167	2.0	2.0	4.0
5	63079168	63795578	4.0	4.0	8.0
5	63795579	63933155	2.0	2.0	4.0
5	63933156	64058840	2.0	2.0	4.0
5	64058841	73667032	2.0	0.0	2.0
5	73667033	84805072	2.0	0.0	2.0
5	84805073	88241424	2.0	0.0	2.0
5	88241425	89284877	2.0	0.0	2.0
5	89284878	89629896	2.0	0.0	2.0
5	89629897	90977982	2.0	0.0	2.0
5	90977983	91453401	2.0	0.0	2.0
5	91453402	92229940	2.0	0.0	2.0
5	92229941	110690795	2.0	0.0	2.0
5	110690796	111240010	2.0	0.0	2.0
5	111240011	117081071	2.0	2.0	4.0
5	117081072	121127200	2.0	2.0	4.0
5	121127201	121930034	2.0	2.0	4.0
5	121930035	123529893	2.0	2.0	4.0
5	123529894	124607236	2.0	2.0	4.0
5	124607237	124828730	2.0	2.0	4.0
5	124828731	125326683	2.0	2.0	4.0
5	125326684	125553886	2.0	2.0	4.0
5	125553887	129154572	2.0	2.0	4.0
5	129154573	136189999	2.0	2.0	4.0
5	136190000	144990202	2.0	1.0	3.0
5	144990203	152619925	2.0	2.0	4.0
5	152619926	152745331	2.0	2.0	4.0
5	152745332	163270018	2.0	2.0	4.0
5	163270019	167123061	2.0	2.0	4.0
5	167123062	180685900	2.0	2.0	4.0
6	242501	48120733	2.0	2.0	4.0
6	48120734	48440003	2.0	2.0	4.0
6	48440004	51858956	2.0	2.0	4.0
6	51858957	56199995	2.0	2.0	4.0
6	56199996	58699999	2.0	2.0	4.0
6	63300000	65032580	2.0	0.0	2.0
6	65032581	69010035	2.0	0.0	2.0
6	69010036	75041857	2.0	0.0	2.0
6	75041858	78238697	1.0	1.0	2.0
6	78238698	85927932	2.0	0.0	2.0
6	85927933	98434559	2.0	0.0	2.0
6	98434560	98528518	2.0	0.0	2.0
6	98528519	98785339	2.0	0.0	2.0
6	98785340	98787024	2.0	0.0	2.0
6	98787025	98787268	2.0	0.0	2.0
6	98787269	105112908	2.0	0.0	2.0
6	105112909	122610079	2.0	0.0	2.0
6	122610080	124804296	2.0	0.0	2.0
6	124804297	125027664	2.0	0.0	2.0
6	125027665	170859751	2.0	0.0	2.0
7	46239	6095610	2.0	2.0	4.0
7	6095611	6098474	2.0	2.0	4.0
7	6098475	8503801	2.0	2.0	4.0
7	8503802	11298766	2.0	2.0	4.0
7	11298767	11800034	2.0	2.0	4.0
7	11800035	25888014	2.0	2.0	4.0
7	25888015	31869994	2.0	2.0	4.0
7	31869995	53627040	2.0	2.0	4.0
7	53627041	57999999	2.0	2.0	4.0
7	58000000	61699999	2.0	2.0	4.0
7	61700000	75418025	2.0	2.0	4.0
7	75418026	75462019	2.0	2.0	4.0
7	75462020	78644076	2.0	2.0	4.0
7	78644077	84164071	2.0	2.0	4.0
7	84164072	85059999	2.0	2.0	4.0
7	85060000	86611014	2.0	2.0	4.0
7	86611015	89704995	2.0	2.0	4.0
7	89704996	90681945	2.0	2.0	4.0
7	90681946	90683127	2.0	2.0	4.0
7	90683128	90987058	4.0	4.0	8.0
7	90987059	91116576	4.0	4.0	8.0
7	91116577	96605032	2.0	2.0	4.0
7	96605033	106119951	2.0	2.0	4.0
7	106119952	106420847	2.0	2.0	4.0
7	106420848	115659472	2.0	2.0	4.0
7	115659473	117539998	2.0	2.0	4.0
7	117539999	120873938	2.0	2.0	4.0
7	120873939	122659918	2.0	2.0	4.0
7	122659919	123744602	2.0	2.0	4.0
7	123744603	135977364	2.0	2.0	4.0
7	135977365	136935504	4.0	4.0	8.0
7	136935505	149717311	2.0	2.0	4.0
7	149717312	149720903	2.0	2.0	4.0
7	149720904	158821400	2.0	2.0	4.0
8	10001	172499	1.0	0.0	1.0
8	172500	11992520	1.0	0.0	1.0
8	11992521	24579984	1.0	0.0	1.0
8	24579985	31620021	1.0	0.0	1.0
8	31620022	42549730	1.0	0.0	1.0
8	42549731	42633083	1.0	0.0	1.0
8	42633084	42697200	1.0	0.0	1.0
8	42697201	43099999	1.0	0.0	1.0
8	48100000	52477430	5.0	1.0	6.0
8	52477431	56158982	4.0	1.0	5.0
8	56161094	63579961	4.0	0.0	4.0
8	63579962	69629832	4.0	0.0	4.0
8	69629833	73234182	4.0	0.0	4.0
8	73234183	74012247	1.0	1.0	2.0
8	74012248	74012512	4.0	0.0	4.0
8	74012513	98067288	4.0	0.0	4.0
8	98067289	98129934	4.0	0.0	4.0
8	98129935	106020751	4.0	0.0	4.0
8	106020752	109627625	4.0	0.0	4.0
8	109627626	119443617	4.0	0.0	4.0
8	119443618	129168202	4.0	0.0	4.0
8	129168203	146364021	4.0	0.0	4.0
9	10001	153760	1.0	1.0	2.0
9	153761	1480026	1.0	1.0	2.0
9	1480027	9049991	1.0	1.0	2.0
9	9049992	9633443	1.0	1.0	2.0
9	9633444	10347635	1.0	1.0	2.0
9	10347636	10415773	1.0	1.0	2.0
9	10415774	11220000	1.0	1.0	2.0
9	11220001	12156818	1.0	1.0	2.0
9	12156819	12272262	1.0	1.0	2.0
9	12272263	13620898	1.0	1.0	2.0
9	13620899	13830006	3.0	2.0	5.0
9	13830007	14831396	2.0	1.0	3.0
9	14831397	17163455	2.0	1.0	3.0
9	17163456	17365756	1.0	1.0	2.0
9	17365757	17740018	1.0	1.0	2.0
9	17740019	20448601	2.0	2.0	4.0
9	20448602	21068467	1.0	1.0	2.0
9	21068468	21068921	1.0	1.0	2.0
9	21068922	23613747	1.0	1.0	2.0
9	23613748	23617207	1.0	1.0	2.0
9	23617208	24057798	1.0	1.0	2.0
9	24057799	24138906	1.0	1.0	2.0
9	24138907	27785016	1.0	1.0	2.0
9	27785017	28192710	4.0	3.0	7.0
9	28192711	29940079	1.0	1.0	2.0
9	29940080	31799914	1.0	1.0	2.0
9	31799915	32079961	1.0	1.0	2.0
9	32079962	32125009	1.0	1.0	2.0
9	32125010	43852499	1.0	1.0	2.0
9	43852500	47299999	1.0	1.0	2.0
9	50700000	78044610	1.0	1.0	2.0
9	78044611	78309993	1.0	1.0	2.0
9	78309994	103985828	1.0	1.0	2.0
9	103985829	119860071	1.0	1.0	2.0
9	119860072	121560091	1.0	1.0	2.0
9	121560092	122309977	1.0	1.0	2.0
9	122309978	122664595	1.0	1.0	2.0
9	122664596	122757602	1.0	1.0	2.0
9	122757603	140273200	1.0	1.0	2.0
10	102500	19140068	2.0	2.0	4.0
10	19140069	21132297	2.0	2.0	4.0
10	21132298	37999999	2.0	2.0	4.0
10	38000000	42446636	2.0	2.0	4.0
10	42446637	42855927	2.0	2.0	4.0
10	42855928	54839544	1.0	1.0	2.0
10	54839545	67045111	2.0	2.0	4.0
10	67045112	77719972	1.0	1.0	2.0
10	77719973	87250884	2.0	2.0	4.0
10	87250885	96800237	2.0	2.0	4.0
10	96800238	97761768	2.0	2.0	4.0
10	97761769	97785153	2.0	2.0	4.0
10	97785154	98987995	2.0	2.0	4.0
10	98987996	109140007	1.0	1.0	2.0
10	109140008	114798270	2.0	2.0	4.0
10	114798271	114968158	2.0	2.0	4.0
10	114968159	130436695	1.0	1.0	2.0
10	130436696	130464755	2.0	2.0	4.0
10	130464756	135389924	2.0	2.0	4.0
11	20721	199255	2.0	2.0	4.0
11	199256	9666343	2.0	2.0	4.0
11	9666344	9850766	2.0	2.0	4.0
11	9850767	15779998	2.0	2.0	4.0
11	15779999	21735863	2.0	2.0	4.0
11	21735864	25200000	2.0	2.0	4.0
11	25200001	27887375	2.0	2.0	4.0
11	27887376	28020149	2.0	2.0	4.0
11	28020150	29950027	2.0	2.0	4.0
11	29950028	36840020	2.0	2.0	4.0
11	36840021	37049994	2.0	2.0	4.0
11	37049995	37359992	2.0	2.0	4.0
11	37359993	38310838	2.0	2.0	4.0
11	38310839	42269996	2.0	2.0	4.0
11	42269997	43173161	2.0	2.0	4.0
11	43173162	50330901	2.0	2.0	4.0
11	50330902	51599999	2.0	2.0	4.0
11	55868602	56690026	2.0	2.0	4.0
11	56690027	68734576	2.0	2.0	4.0
11	68734577	68976987	23.0	1.0	24.0
11	68976988	69318258	2.0	2.0	4.0
11	69318259	69365889	3.0	3.0	6.0
11	69365890	69421498	26.0	1.0	27.0
11	69421499	69421983	26.0	1.0	27.0
11	69421984	69452023	26.0	1.0	27.0
11	69452024	69489020	26.0	1.0	27.0
11	69489021	69489921	26.0	1.0	27.0
11	69489922	69704524	26.0	1.0	27.0
11	69704525	79453053	2.0	2.0	4.0
11	79453054	80243853	2.0	2.0	4.0
11	80243854	80871012	4.0	4.0	8.0
11	80871013	80916003	20.0	1.0	21.0
11	80916004	80958867	20.0	1.0	21.0
11	80958868	81325477	2.0	2.0	4.0
11	81325478	81890497	2.0	2.0	4.0
11	81890498	82013617	2.0	2.0	4.0
11	82013618	83128612	2.0	2.0	4.0
11	83128613	83422996	2.0	2.0	4.0
11	83422997	83489216	38.0	1.0	39.0
11	83489217	83539598	38.0	1.0	39.0
11	83539599	83586443	38.0	1.0	39.0
11	83586444	83604319	38.0	1.0	39.0
11	83604320	83667827	22.0	1.0	23.0
11	83667828	83903808	2.0	2.0	4.0
11	83903809	84064371	2.0	2.0	4.0
11	84064372	84629012	2.0	2.0	4.0
11	84629013	84756089	2.0	2.0	4.0
11	84756090	84811756	19.0	2.0	21.0
11	84811757	88449988	3.0	3.0	6.0
11	88449989	89424871	2.0	2.0	4.0
11	89424872	90256919	2.0	2.0	4.0
11	90256920	91822055	2.0	2.0	4.0
11	91822056	92040829	2.0	2.0	4.0
11	92040830	93400000	2.0	2.0	4.0
11	93400001	103962998	2.0	2.0	4.0
11	103962999	104326956	2.0	2.0	4.0
11	104326957	106361367	4.0	3.0	7.0
11	106361368	106364334	2.0	2.0	4.0
11	106364335	106519984	4.0	4.0	8.0
11	106519985	127010004	2.0	2.0	4.0
11	127010005	134452200	2.0	2.0	4.0
12	110107	28222723	2.0	2.0	4.0
12	28222724	29149088	2.0	2.0	4.0
12	29149089	33299999	2.0	2.0	4.0
12	38200000	40956297	2.0	2.0	4.0
12	40956298	41958000	2.0	2.0	4.0
12	41958001	62193801	2.0	2.0	4.0
12	62193802	71578808	2.0	2.0	4.0
12	71578809	79605223	2.0	2.0	4.0
12	79605224	86070810	2.0	2.0	4.0
12	86070811	98320037	2.0	2.0	4.0
12	98320038	108692485	2.0	2.0	4.0
12	108692486	114496055	2.0	2.0	4.0
12	114496056	119317195	2.0	2.0	4.0
12	119317196	119448946	2.0	2.0	4.0
12	119448947	132349400	2.0	2.0	4.0
12	132349401	133851894	2.0	2.0	4.0
13	16300000	19499999	1.0	1.0	2.0
13	19500000	35894982	2.0	2.0	4.0
13	35894983	48010000	2.0	2.0	4.0
13	48010001	56300038	2.0	2.0	4.0
13	56300039	56739996	2.0	2.0	4.0
13	56739997	68283541	2.0	2.0	4.0
13	68283542	75781017	2.0	2.0	4.0
13	75781018	76580005	2.0	2.0	4.0
13	76580006	78285710	2.0	2.0	4.0
13	78285711	88150309	2.0	2.0	4.0
13	88150310	97280010	2.0	2.0	4.0
13	97280011	104009973	2.0	2.0	4.0
13	104009974	114184345	2.0	2.0	4.0
14	16100000	19099999	1.0	1.0	2.0
14	19100000	20483836	1.0	1.0	2.0
14	20483837	26569023	2.0	2.0	4.0
14	26569024	36907701	2.0	2.0	4.0
14	36907702	40745041	2.0	2.0	4.0
14	40745042	41527689	2.0	2.0	4.0
14	41527690	43941952	2.0	2.0	4.0
14	43941953	46353289	2.0	2.0	4.0
14	46353290	53910133	2.0	2.0	4.0
14	53910134	54400017	4.0	3.0	7.0
14	54400018	56860001	2.0	2.0	4.0
14	56860002	80049537	2.0	1.0	3.0
14	80049538	83946644	2.0	2.0	4.0
14	83946645	84937735	2.0	2.0	4.0
14	84937736	84981381	1.0	1.0	2.0
14	84981382	85026058	1.0	1.0	2.0
14	85026059	85394216	1.0	1.0	2.0
14	85394217	85660695	4.0	3.0	7.0
14	85660696	88220250	2.0	2.0	4.0
14	88220251	88440068	2.0	2.0	4.0
14	88440069	106368400	2.0	2.0	4.0
15	15800000	20699999	1.0	1.0	2.0
15	20700000	38846346	1.0	1.0	2.0
15	38846347	39559059	1.0	1.0	2.0
15	39559060	46360109	2.0	2.0	4.0
15	46360110	53548245	2.0	2.0	4.0
15	53548246	100338800	2.0	2.0	4.0
15	100338801	102422796	1.0	1.0	2.0
16	89279	8288323	1.0	1.0	2.0
16	8288324	13399983	1.0	1.0	2.0
16	13399984	25151111	1.0	1.0	2.0
16	25151112	25244498	1.0	0.0	1.0
16	25244499	25244707	2.0	1.0	3.0
16	25244708	25381673	2.0	1.0	3.0
16	25381674	25388353	2.0	1.0	3.0
16	25388354	25660365	2.0	1.0	3.0
16	25660366	28490659	1.0	1.0	2.0
16	28490660	28490940	1.0	0.0	1.0
16	28490941	29992561	2.0	1.0	3.0
16	29992562	33437499	2.0	1.0	3.0
16	33437500	34599999	2.0	1.0	3.0
16	34600000	38599999	2.0	1.0	3.0
16	38600000	46452500	2.0	1.0	3.0
16	46452501	52119949	2.0	1.0	3.0
16	52119950	52819934	2.0	1.0	3.0
16	52819935	61546643	2.0	1.0	3.0
16	61546644	61548535	2.0	1.0	3.0
16	61548536	67676327	2.0	1.0	3.0
16	67676328	88827200	2.0	0.0	2.0
16	88827201	90354752	2.0	0.0	2.0
17	12500	22199999	2.0	0.0	2.0
17	25800000	31531955	2.0	2.0	4.0
17	31531956	31639894	2.0	2.0	4.0
17	31639895	40293240	2.0	2.0	4.0
17	40293241	44162500	3.0	2.0	5.0
17	44162501	44232499	1.0	1.0	2.0
17	44232500	49625973	3.0	2.0	5.0
17	49625974	50792624	3.0	2.0	5.0
17	50792625	52701329	3.0	2.0	5.0
17	52701330	78799211	2.0	2.0	4.0
17	78799212	81195209	3.0	2.0	5.0
18	10001	15399999	2.0	2.0	4.0
18	15400000	18999999	2.0	2.0	4.0
18	19000000	27239600	2.0	2.0	4.0
18	27239601	27873561	2.0	2.0	4.0
18	27873562	35510005	2.0	2.0	4.0
18	35510006	38435417	2.0	2.0	4.0
18	38435418	40600005	2.0	2.0	4.0
18	40600006	42177400	2.0	2.0	4.0
18	42177401	49522254	2.0	2.0	4.0
18	49522255	49689976	2.0	2.0	4.0
18	49689977	50805754	2.0	2.0	4.0
18	50805755	58811240	2.0	2.0	4.0
18	58811241	66600105	2.0	1.0	3.0
18	66600106	76117000	2.0	1.0	3.0
18	76117001	78077247	2.0	1.0	3.0
19	102500	245674	2.0	2.0	4.0
19	245675	21008837	2.0	2.0	4.0
19	21008838	24399999	2.0	1.0	3.0
19	24400000	28599999	2.0	1.0	3.0
19	28600000	59128982	2.0	1.0	3.0
20	76731	6676921	2.0	2.0	4.0
20	6676922	12916440	2.0	2.0	4.0
20	12916441	15450010	2.0	2.0	4.0
20	15450011	16191934	2.0	2.0	4.0
20	16191935	17129982	2.0	2.0	4.0
20	17129983	25599999	2.0	2.0	4.0
20	29400000	41199986	1.0	1.0	2.0
20	41199987	62432500	1.0	1.0	2.0
21	10900000	15281496	2.0	2.0	4.0
21	15281497	18567845	2.0	0.0	2.0
21	18567846	20019979	2.0	0.0	2.0
21	20019980	27863708	2.0	0.0	2.0
21	27863709	46937500	2.0	0.0	2.0
21	46937501	48129894	2.0	0.0	2.0
22	12200000	17899999	1.0	1.0	2.0
22	17900000	35184973	2.0	2.0	4.0
22	35184974	35366201	2.0	2.0	4.0
22	35366202	37205219	2.0	2.0	4.0
22	37205220	37396005	2.0	2.0	4.0
22	37396006	49641400	2.0	2.0	4.0
22	49641401	51304565	2.0	2.0	4.0
