chromosome_index	start_position	end_position	major_cn	minor_cn	total_cn
1	10001	121499999	1.0	1.0	2.0
1	121500000	128899999	1.0	1.0	2.0
1	128900000	247247500	1.0	1.0	2.0
1	247247501	249250620	1.0	1.0	2.0
2	20016	89132001	1.0	1.0	2.0
2	89132002	89447499	1.0	0.0	1.0
2	89447500	90499999	1.0	1.0	2.0
2	90500000	96799999	1.0	1.0	2.0
2	96800000	242979500	1.0	1.0	2.0
3	100074	35812499	1.0	1.0	2.0
3	35812500	35948080	1.0	0.0	1.0
3	35948081	87899999	1.0	1.0	2.0
3	87900000	93899999	1.0	1.0	2.0
3	93900000	198022429	1.0	1.0	2.0
4	27500	48199999	1.0	1.0	2.0
4	48200000	52699999	1.0	1.0	2.0
4	52700000	190939996	1.0	1.0	2.0
5	22500	46099999	1.0	1.0	2.0
5	46100000	50699999	1.0	1.0	2.0
5	50700000	92886035	1.0	1.0	2.0
5	92886036	92890874	1.0	1.0	2.0
5	92890875	180689978	1.0	1.0	2.0
6	39681	201975	1.0	1.0	2.0
6	201976	58699999	1.0	1.0	2.0
6	58700000	63299999	1.0	1.0	2.0
6	63300000	170899934	1.0	1.0	2.0
7	40386	57999999	1.0	1.0	2.0
7	58000000	61699999	1.0	1.0	2.0
7	61700000	158817500	1.0	1.0	2.0
8	10001	170011	1.0	1.0	2.0
8	170012	43099999	1.0	1.0	2.0
8	43100000	48099999	1.0	1.0	2.0
8	48100000	114171091	1.0	1.0	2.0
8	114171092	114173187	1.0	1.0	2.0
8	114173188	146364021	1.0	1.0	2.0
9	10001	153936	1.0	1.0	2.0
9	153937	44882499	1.0	1.0	2.0
9	44882500	47205106	1.0	1.0	2.0
9	47205107	50699999	1.0	1.0	2.0
9	50700000	140267500	1.0	1.0	2.0
10	102500	37999999	1.0	1.0	2.0
10	38000000	42299999	1.0	1.0	2.0
10	42300000	135389924	1.0	1.0	2.0
11	20721	190009	1.0	1.0	2.0
11	190010	51599999	1.0	1.0	2.0
11	51600000	55699999	1.0	1.0	2.0
11	55700000	68357499	1.0	1.0	2.0
11	68357500	68627791	1.0	0.0	1.0
11	68627792	134442500	1.0	1.0	2.0
12	110107	33299999	1.0	1.0	2.0
12	33300000	38199999	1.0	1.0	2.0
12	38200000	132349400	1.0	1.0	2.0
12	132349401	133851894	1.0	1.0	2.0
13	1	16299999	1.0	1.0	2.0
13	16300000	19499999	1.0	1.0	2.0
13	19500000	66823875	1.0	1.0	2.0
13	66823876	66926675	1.0	1.0	2.0
13	66926676	114137500	1.0	1.0	2.0
13	114137501	115169877	1.0	1.0	2.0
14	1	16099999	1.0	1.0	2.0
14	16100000	19099999	1.0	1.0	2.0
14	19100000	106161001	1.0	1.0	2.0
14	106161002	106324340	1.0	0.0	1.0
14	106324341	106326850	1.0	1.0	2.0
14	106326851	106347399	1.0	1.0	2.0
14	106347400	107349539	1.0	1.0	2.0
15	1	15799999	1.0	1.0	2.0
15	15800000	20699999	1.0	1.0	2.0
15	20700000	100332500	1.0	1.0	2.0
15	100332501	102399919	1.0	1.0	2.0
16	100010	32351262	2.0	0.0	2.0
16	32351263	34599999	2.0	0.0	2.0
16	38600000	46442499	1.0	1.0	2.0
16	46442500	88822500	1.0	1.0	2.0
16	88822501	90354752	1.0	1.0	2.0
17	12500	22199999	1.0	1.0	2.0
17	22200000	25799999	1.0	1.0	2.0
17	25800000	78772500	1.0	1.0	2.0
17	78772501	81195209	1.0	1.0	2.0
18	10001	15399999	1.0	1.0	2.0
18	15400000	18999999	1.0	1.0	2.0
18	19000000	60787271	1.0	1.0	2.0
18	60787272	60988011	1.0	1.0	2.0
18	60988012	76112500	1.0	1.0	2.0
18	76112501	78077247	1.0	1.0	2.0
19	102500	260136	1.0	1.0	2.0
19	260137	24399999	1.0	1.0	2.0
19	24400000	28599999	1.0	1.0	2.0
19	28600000	59128982	1.0	1.0	2.0
20	32217	25599999	1.0	1.0	2.0
20	25600000	29399999	1.0	1.0	2.0
20	29400000	62432500	1.0	1.0	2.0
21	10900000	14729456	1.0	1.0	2.0
21	14729457	46937500	1.0	1.0	2.0
21	46937501	48129894	1.0	1.0	2.0
22	1	12199999	1.0	1.0	2.0
22	12200000	17899999	1.0	1.0	2.0
22	17900000	49687500	1.0	1.0	2.0
22	49687501	51304565	1.0	1.0	2.0
