chromosome_index position alt_count ref_count
1 2429996 4 13
1 18809454 8 46
1 38227387 14 72
1 40230563 5 60
1 44750540 10 53
1 53122519 24 112
1 55060276 7 36
1 67142663 10 34
1 70034315 5 22
1 70715696 11 55
1 87043639 8 35
1 92161256 8 109
1 103427822 14 68
1 103440407 4 58
1 103544311 8 42
1 104112639 8 35
1 110883214 13 56
1 147231030 24 157
1 151006393 74 185
1 152191370 43 342
1 152193475 33 230
1 152749092 8 78
1 154437894 13 75
1 157769856 10 40
1 158389873 18 98
1 158449763 37 151
1 158627314 26 153
1 158645987 39 105
1 158645988 41 107
1 159023368 12 67
1 161683163 8 74
1 161722885 44 115
1 164815956 30 62
1 165859550 12 72
1 171504671 25 157
1 176153798 30 164
1 186275895 54 136
1 196927062 13 96
1 197065239 73 184
1 197396975 10 24
1 200978394 13 26
1 202318255 24 42
1 204009482 6 7
1 206666379 4 16
1 215342686 13 36
1 216369929 15 72
1 220792037 5 54
1 223567834 6 12
1 225609925 14 60
1 226125399 13 29
1 234367270 16 115
1 236902752 15 89
1 237024505 14 75
1 237993846 21 147
1 240071786 10 26
1 247836182 17 37
1 248004298 28 71
1 248059468 21 140
1 248085207 67 167
1 249106196 9 23
2 1983535 9 26
2 10126264 51 191
2 11053359 10 42
2 24205881 12 32
2 26569027 3 18
2 27355541 12 72
2 32822859 5 35
2 39494378 10 60
2 40656493 27 163
2 44508605 10 22
2 49210102 9 27
2 50723093 6 38
2 62228008 16 49
2 63283419 8 64
2 65540999 33 140
2 74007070 17 82
2 74689757 28 188
2 79255428 6 41
2 85576626 14 71
2 88474273 21 83
2 89117842 4 23
2 99013028 14 32
2 101591311 7 54
2 102476325 3 12
2 111850528 14 60
2 125521700 17 71
2 128324281 6 20
2 132021317 23 148
2 133541991 37 166
2 143715264 11 25
2 168115313 10 35
2 179446892 14 95
2 179455328 21 120
2 185800718 5 54
2 197712671 4 34
2 197878371 34 209
2 197878372 34 210
2 198274687 18 71
2 207174855 5 42
2 207176110 3 17
2 210560641 10 65
2 211163206 9 98
2 212537946 14 82
2 218999542 11 92
2 225729643 9 210
2 228884712 24 203
3 4687110 4 26
3 13546070 7 66
3 13896107 15 189
3 14798940 13 46
3 15116382 10 67
3 15499779 14 78
3 19575454 8 72
3 39942332 22 100
3 48628953 14 98
3 51978525 21 156
3 53904143 13 71
3 73111553 4 19
3 89499492 10 54
3 93615497 37 152
3 118865753 8 89
3 118865771 6 86
3 118865774 6 85
3 119325679 31 161
3 120489651 30 232
3 121414623 13 94
3 127379625 11 63
3 132226082 9 61
3 147108970 6 41
3 147113693 28 128
3 157823845 4 37
3 164906009 21 122
3 183209738 12 91
3 186503788 5 50
3 194081447 7 72
4 1733028 17 56
4 4275328 17 92
4 26483303 25 144
4 55602663 19 92
4 57182249 6 45
4 62598746 8 43
4 68688116 20 140
4 69111267 20 77
4 69111268 20 75
4 70080447 29 164
4 70360873 12 57
4 74285336 14 79
4 81967361 17 98
4 88055667 89 397
4 100231927 12 43
4 104101595 5 44
4 111539669 13 50
4 114158754 13 62
4 154525149 8 70
4 159048600 38 175
4 160252815 14 76
4 164247633 7 52
4 164271488 14 49
4 167012334 8 43
4 176561298 12 64
4 185694265 12 51
4 186544881 10 72
5 195068 19 50
5 678034 8 65
5 5239793 36 112
5 7869320 18 87
5 10407232 42 132
5 11117652 20 129
5 11732360 31 75
5 21752095 15 69
5 33462222 21 105
5 35871178 14 47
5 37169412 13 140
5 45262209 13 50
5 56777820 13 61
5 80109418 10 58
5 109026153 6 29
5 115813603 27 149
5 121188294 30 182
5 121786272 30 139
5 127595228 24 132
5 128362849 11 65
5 132061893 6 50
5 135383018 29 192
5 140038606 12 62
5 140176297 14 121
5 140202930 31 156
5 140474443 9 76
5 140481091 14 74
5 140503916 18 95
5 140531365 37 214
5 140558989 29 229
5 140574002 18 99
5 140574378 23 186
5 140603152 10 42
5 140723667 42 228
5 140725254 56 227
5 140725835 16 133
5 140732157 8 32
5 140801052 20 78
5 141243248 60 250
5 148206928 24 180
5 148420208 17 59
5 150945590 10 62
5 150946786 10 97
5 154320679 22 128
5 157078281 11 75
5 157158616 30 176
5 161128728 12 55
5 161580240 18 123
5 175110087 3 26
5 176047764 11 57
5 179227513 3 18
5 179227594 4 29
6 4892523 13 57
6 9903606 6 32
6 25619837 14 67
6 29429522 18 76
6 30104804 3 35
6 41773944 7 79
6 42672193 4 42
6 43020329 11 109
6 44310868 9 44
6 49580220 10 40
6 53385617 15 181
6 55198661 23 94
6 56471533 14 79
6 56471763 17 89
6 72960115 4 17
6 75840577 12 49
6 84799141 10 55
6 85447051 10 60
6 112457342 6 27
6 117121757 14 46
6 133072284 14 79
6 138628520 13 96
6 143823540 9 210
6 147704039 18 123
6 149340286 10 74
6 152737815 13 76
6 153043182 14 83
6 157527447 44 287
6 157528318 20 129
6 160468236 10 61
6 165715274 21 70
6 167595301 5 43
6 168479740 13 52
7 909028 34 162
7 14724966 11 67
7 27238029 18 103
7 38433709 28 155
7 43916860 19 60
7 43917673 35 156
7 64168858 5 23
7 75959153 44 197
7 76111844 20 100
7 82545660 64 407
7 83610711 5 19
7 86824364 7 62
7 99015095 6 34
7 99030992 28 147
7 100732499 25 123
7 103151413 7 20
7 113558946 14 88
7 119915431 12 68
7 126086184 32 156
7 132192798 18 125
7 141672456 13 42
7 142231575 18 100
7 142561931 35 137
7 142750269 13 61
7 143141079 28 158
7 143701858 13 128
7 150715032 4 15
7 151716812 15 50
7 151970805 8 226
7 155538132 7 30
8 10466663 9 32
8 20022571 19 74
8 36698038 5 20
8 51314903 11 95
8 53853025 4 14
8 91075512 5 20
8 95178176 11 41
8 103667925 3 9
8 105257206 33 131
8 105361085 13 56
8 113402960 14 38
8 113697783 21 75
8 120651050 10 74
8 133935738 13 44
8 139144923 54 258
8 145999678 8 30
9 6015050 13 52
9 8492961 22 91
9 23701398 52 215
9 43822694 9 36
9 94486708 19 45
9 100286423 10 26
9 101810113 65 130
9 125281713 57 124
9 127255381 13 22
9 137676928 4 46
9 140991002 26 59
10 1405255 4 20
10 5808594 10 74
10 6527227 19 91
10 7621858 8 59
10 25701316 8 240
10 26559665 22 116
10 44873881 3 11
10 56128918 7 28
10 69700789 20 76
10 81850697 8 52
10 87484184 7 37
10 88415988 11 99
10 95276916 26 85
10 104638606 9 34
10 115374047 5 76
10 117026348 20 73
10 118030531 7 71
10 123970146 18 83
11 1104128 4 24
11 4703067 10 54
11 6913354 14 65
11 7324419 33 117
11 7982838 19 74
11 17531216 5 26
11 17793517 13 95
11 22707280 12 53
11 27147268 4 31
11 32953644 25 133
11 33108609 37 240
11 51515712 24 163
11 55032685 9 87
11 55541127 27 112
11 55653015 10 59
11 55735603 13 49
11 55735739 13 63
11 55872682 62 294
11 55944520 22 92
11 57947124 30 147
11 59225093 18 98
11 59271238 55 229
11 59573868 45 184
11 59814444 24 98
11 60310044 3 9
11 61295600 25 72
11 62557391 22 196
11 64393933 15 38
11 64527451 6 29
11 64564003 13 79
11 65043444 11 81
11 82643414 38 116
11 85375677 24 114
11 89166020 4 16
11 89413826 8 33
11 101868485 5 24
11 109294692 22 97
11 113281557 14 97
11 114392778 23 61
11 123676321 12 41
11 130275652 47 194
11 130278466 18 119
11 133799663 14 50
12 5154561 6 41
12 6181546 18 98
12 8628803 13 74
12 8628804 13 74
12 13769510 15 85
12 26753039 3 20
12 50794740 99 407
12 53038775 6 35
12 55356595 13 39
12 77421680 14 39
12 94694764 16 57
12 97137624 3 27
12 112669411 17 60
12 130648510 8 39
13 20656961 6 27
13 26975623 9 30
13 28542718 6 6
13 29608247 9 43
13 53624469 30 145
13 58207657 11 73
13 101726022 3 33
13 103710636 14 91
13 109707814 15 53
14 20216098 9 110
14 22133904 21 60
14 33291625 4 79
14 44976080 34 130
14 50734574 25 75
14 51239122 11 48
14 52481130 17 45
14 57268600 30 73
14 63417043 15 70
14 91749723 5 31
14 95899631 25 113
14 102452915 19 113
14 105413664 38 249
14 105417186 43 276
14 105417188 34 278
14 107170008 52 244
15 21071276 7 66
15 22368804 47 547
15 22368830 17 532
15 25436448 7 94
15 34077909 4 63
15 38234566 8 58
15 40564615 11 50
15 41687110 11 53
15 45365705 17 87
15 48052056 19 88
15 49800432 5 45
15 72968489 7 20
15 74425301 18 64
15 78401674 4 72
15 85345586 3 38
15 89401442 10 42
15 98995202 9 41
16 1308196 12 29
16 1308350 17 72
16 20370659 36 144
16 31121042 9 73
16 33647406 61 393
16 33647407 62 387
16 48212511 18 95
16 48221296 3 33
16 51175648 20 44
16 67679982 23 107
16 70590926 10 38
16 71604215 11 60
16 71663520 6 14
16 75327845 7 29
17 7578290 10 41
17 10247257 24 81
17 10295913 19 113
17 20108350 19 192
17 30665284 27 144
17 33520287 9 49
17 39023359 9 77
17 40134324 10 74
17 45668224 14 248
17 48195635 6 65
17 48692748 8 52
17 56349109 16 54
17 56694958 6 79
17 66924151 7 34
17 67197675 11 56
17 72345400 10 56
17 78082517 8 30
17 80332682 6 15
18 2762143 19 63
18 7231664 25 124
18 7888243 20 83
18 10696216 11 59
18 13731900 13 80
18 14848905 6 23
18 19780813 6 19
18 20832975 10 59
18 21110037 69 375
18 29056010 21 99
18 29867127 28 113
18 31319709 16 71
18 31538265 33 179
18 43418724 4 17
18 50450202 10 43
18 55024500 12 57
18 64172450 22 190
18 67812964 9 94
18 67812965 9 93
18 72913562 9 67
19 6380303 29 179
19 6897259 11 38
19 12501876 20 86
19 15990654 28 145
19 17892527 32 141
19 17892528 32 142
19 21607859 4 30
19 22574719 6 43
19 22574832 5 10
19 23329555 4 29
19 23544912 9 72
19 31040324 6 32
19 33077677 4 8
19 41086559 7 64
19 42821947 23 82
19 43922565 13 46
19 43922567 13 46
19 48517427 44 126
19 51742847 8 44
19 53015320 8 48
19 54310871 9 47
19 55019118 39 163
19 55148268 20 67
19 55665404 25 103
19 55665459 17 75
19 56369531 19 112
19 57175196 36 113
19 58421422 15 68
19 58846460 7 53
20 1298980 11 42
20 3128895 12 47
20 14307338 16 53
20 30450488 16 74
20 37546820 37 139
20 42680134 8 24
20 62595244 12 71
21 44152188 10 27
21 44317035 4 64
21 45711088 9 24
22 35809931 9 53
22 50518354 18 71
