chromosome_index	start_position	end_position	major_cn	minor_cn	total_cn
1	61735	31094625	2	0	2
1	31096980	58703311	2	2	4
1	58703428	68785213	2	0	2
1	68785893	121482979	2	2	4
1	144007049	149835493	2	0	2
1	149844995	228295200	4	2	6
1	228295574	229062692	2	2	4
1	229070679	232694744	4	2	6
1	232695646	233163578	2	2	4
1	233163913	235125866	4	2	6
1	235127802	243026558	3	2	5
1	243027585	243662470	4	2	6
1	243662773	249224388	2	2	4
2	12784	75297859	2	2	4
2	75298355	85480715	3	2	5
2	85480817	243089456	2	2	4
3	60345	28137305	2	2	4
3	28140322	31304525	4	2	6
3	31304941	35152160	2	2	4
3	35152472	36556725	5	2	7
3	36561141	197896118	2	2	4
4	12281	191027923	2	2	4
5	15532	17852349	3	2	5
5	17856495	68829347	2	0	2
5	68846303	144316918	2	1	3
5	144324159	144691299	2	0	2
5	144692103	167064703	2	1	3
5	167068169	167453656	2	0	2
5	167455001	169131347	2	1	3
5	169132375	169817285	2	0	2
5	169818569	172852920	2	1	3
5	172853683	174343849	2	0	2
5	174346162	180790320	2	1	3
6	149661	16744640	3	2	5
6	16744687	24665340	3	3	6
6	24667323	32826233	3	2	5
6	32829714	33553370	5	2	7
6	33553580	52350838	3	2	5
6	52351603	54299529	7	2	9
6	54299683	63065044	3	2	5
6	63066328	65550782	2	1	3
6	65550856	65986031	3	2	5
6	65986503	89810512	2	1	3
6	89820708	90470593	1	0	1
6	90472070	171051005	2	1	3
7	43259	63322036	3	3	6
7	63323866	75456241	3	1	4
7	75457315	79984360	2	1	3
7	79984508	80341269	1	1	2
7	80348951	104413849	2	1	3
7	104414321	104727443	1	1	2
7	104729197	159127004	2	1	3
8	31254	32488806	1	1	2
8	32490907	50891046	5	1	6
8	50891980	50937906	1	1	2
8	50938203	50988734	2	1	3
8	50990264	73030058	5	1	6
8	73030939	146298155	9	1	10
9	46587	10047099	2	2	4
9	10055437	27608104	2	0	2
9	27610116	141091394	2	2	4
10	72759	6925313	2	1	3
10	6926362	7047999	1	0	1
10	7048329	135506704	2	1	3
11	198572	134944770	2	2	4
12	150442	53874770	3	2	5
12	53875535	55594397	2	0	2
12	55597182	90538652	3	2	5
12	90538676	93151544	5	2	7
12	93152115	97557708	2	0	2
12	97559117	114840041	3	2	5
12	114853678	118042672	2	0	2
12	118043876	120543406	3	3	6
12	120546927	125394828	3	2	5
12	125398733	133778189	3	3	6
13	19026949	115108397	2	0	2
14	19002124	22420620	3	2	5
14	22420778	22983223	4	3	7
14	22988022	107285437	3	2	5
15	20016328	102469040	2	1	3
16	60777	1353676	2	2	4
16	1368010	3029028	4	2	6
16	3035041	5419424	2	2	4
16	5420572	35283226	3	2	5
16	46463782	76923670	2	2	4
16	76924062	77323235	6	2	8
16	77327861	78202820	6	5	11
16	78203222	78542999	5	2	7
16	78544042	90287535	2	2	4
17	526	31246703	2	0	2
17	31250961	31372309	4	1	5
17	31372625	37190017	2	0	2
17	37190141	37764855	9	2	11
17	37765175	39155221	22	2	24
17	39156224	45066267	2	0	2
17	45066601	45269359	17	3	20
17	45272321	45393984	2	2	4
17	45394752	46684329	2	0	2
17	46697758	47352145	10	2	12
17	47355225	49451714	16	1	17
17	49451881	49622254	8	3	11
17	49630932	51003139	3	2	5
17	51003758	51388292	12	2	14
17	51395770	51686970	4	2	6
17	51687381	51755168	7	4	11
17	51763936	54017904	20	2	22
17	54018443	54732378	6	3	9
17	54733715	56163300	2	0	2
17	56164541	57626260	2	2	4
17	57626602	59481373	13	2	15
17	59483608	59949533	2	2	4
17	59952168	62410571	9	2	11
17	62460996	63561592	2	2	4
17	63561796	63876899	16	2	18
17	63877587	64607963	12	2	14
17	64611222	81049726	2	2	4
18	48133	50698529	2	0	2
18	50698926	78015057	4	0	4
19	90910	35012367	2	2	4
19	35017959	37298700	4	2	6
19	37299428	59097854	2	2	4
20	61305	15656090	7	1	8
20	15656143	16922065	8	2	10
20	16922582	51056446	7	1	8
20	51065677	52905277	7	6	13
20	52905837	56826883	8	1	9
20	56835753	61708708	7	6	13
20	61709005	62163267	6	2	8
20	62170618	62956153	6	5	11
21	10736871	43087708	3	3	6
21	43087772	48096957	3	2	5
22	16052528	51234455	2	1	3
