chromosome_index position alt_count ref_count
1 1159234 5 14
1 12943129 51 202
1 23420867 4 9
1 38301384 7 28
1 55472792 15 46
1 75039113 10 47
1 75065536 18 131
1 92442734 11 19
1 145459765 6 33
1 154842038 13 51
1 156616805 3 33
1 167745392 7 34
1 179620089 15 59
1 190067703 26 111
1 198721885 8 34
1 207748982 34 177
1 215987086 28 75
1 224380184 7 11
1 231406660 19 84
1 248343566 63 234
2 11774311 12 133
2 15770208 35 76
2 20458086 12 36
2 29240726 10 19
2 37483810 5 13
2 44201795 8 27
2 46211737 42 174
2 70451689 6 44
2 79384795 27 76
2 90108914 8 112
2 90212201 26 167
2 121726480 19 21
2 121745926 5 8
2 163002103 35 123
2 163123637 3 7
2 163250953 28 27
2 166231281 9 45
2 166535416 30 32
2 176996067 45 63
2 179418491 7 46
2 179553413 26 33
2 179588590 33 40
2 179742739 31 32
2 185802074 29 53
2 217342936 29 103
2 228881648 37 43
3 14799006 7 45
3 44945414 22 93
3 58510245 16 70
3 77637987 8 25
3 107778362 6 31
3 108572538 14 40
3 121356085 14 93
3 122942523 17 116
3 125725265 7 20
3 135801115 14 26
3 142297565 5 33
3 154147108 16 99
3 157178091 12 70
3 164786967 3 39
3 170625527 27 236
3 171392322 6 73
3 182910878 71 107
3 184642731 5 50
3 184642753 5 42
4 69687988 15 75
4 84502947 46 92
4 113435759 4 14
4 126241120 13 48
4 145628329 8 40
4 155156125 13 43
4 155529637 7 16
4 177138023 16 48
4 187454963 23 90
4 189020314 19 107
5 2747719 14 45
5 14291117 12 55
5 19503202 11 31
5 39316087 4 15
5 82836057 11 34
5 101593686 11 43
5 140222769 21 96
5 140237903 5 15
5 140554486 23 791
5 140554487 22 798
5 140782956 20 76
5 141334809 13 47
5 150097852 5 39
5 161116284 10 68
5 176860999 4 26
5 178373428 15 83
6 20126890 14 45
6 25776864 30 160
6 26189224 20 51
6 27368675 9 44
6 31658376 22 51
6 33406323 22 83
6 34850822 7 30
6 46826240 10 37
6 64408158 12 66
6 76527308 7 39
6 80383448 16 74
6 100369037 10 55
6 152557283 22 73
6 152826417 8 34
6 166844021 20 57
6 170592142 24 110
7 2296656 6 18
7 8198282 6 29
7 29546982 8 27
7 47892804 22 49
7 71571175 4 27
7 73280117 37 156
7 73280118 37 156
7 87196132 9 29
7 99771488 61 271
7 117876881 19 92
7 128489476 13 50
7 149543282 8 25
7 151878499 16 85
7 152549306 19 57
8 2050563 6 28
8 10755749 17 59
8 13948047 14 71
8 17419583 14 45
8 22478985 6 40
8 27145367 4 23
8 59490595 4 38
8 66992654 10 56
8 113301679 43 31
8 124989783 41 34
8 133650252 33 17
8 139833446 17 71
9 35616138 26 98
9 102769929 6 42
9 113213668 10 28
9 118997731 5 15
9 120476269 6 22
9 122075630 22 35
9 125154602 21 116
9 125512689 20 117
9 133376447 18 79
9 136901477 6 28
10 5979221 4 14
10 13375967 6 32
10 15702901 4 35
10 96448021 10 58
10 104170638 28 93
10 104170839 13 65
10 104171956 38 133
10 116055900 18 88
11 1157564 11 17
11 6640612 60 197
11 6891104 24 150
11 8752757 6 9
11 20649524 14 42
11 31823138 15 45
11 32635724 10 76
11 46398736 4 38
11 55761643 10 42
11 57182524 13 73
11 59271777 34 174
11 65661516 5 11
11 67433592 20 76
11 68305274 6 20
11 76234246 19 48
11 89392779 6 43
11 89392780 6 42
11 95712552 6 21
11 116691451 6 39
11 116691500 10 71
11 117279622 8 44
11 119215067 12 18
11 134095013 3 13
12 10586439 20 40
12 20864443 9 35
12 58144829 10 66
12 71002927 7 55
12 78334883 9 34
12 78513134 21 80
12 81610684 9 47
12 81688639 3 16
12 83290168 9 89
12 85441038 19 49
12 97331166 10 27
12 98850335 3 9
12 98991683 16 33
12 120899834 9 49
12 126128820 6 27
12 129431972 9 40
12 130184419 11 48
12 133306612 23 93
13 26112187 10 39
13 28130393 10 27
13 33692315 15 61
13 73649905 13 42
13 113973954 8 38
14 20389683 15 98
14 32563038 9 46
14 33204914 11 57
14 73440836 6 46
14 74086024 10 47
14 89307238 9 39
14 100615546 15 58
14 101513664 9 49
14 106110054 39 220
15 20488872 11 118
15 31355407 17 55
15 40914725 4 21
15 42714711 5 33
15 49611855 22 44
15 50769529 8 32
15 50929679 5 57
15 52652234 8 19
15 54586116 7 31
15 74574139 13 72
15 75688603 19 59
15 79317794 16 49
16 602418 6 16
16 1254246 8 16
16 1544471 23 128
16 3065782 8 54
16 3434804 34 162
16 3434805 34 160
16 11000892 14 83
16 16184382 7 26
16 51173840 18 57
16 67320222 17 81
16 67516678 7 66
16 69727974 7 66
16 70605767 10 34
16 70989299 11 56
16 72158747 34 134
16 77896771 22 65
17 1557084 27 80
17 4712843 18 34
17 4805647 26 68
17 7577580 15 28
17 7984329 7 17
17 26086045 3 32
17 34893435 25 140
17 48165112 6 36
17 59147259 28 83
17 61972365 12 51
17 63049832 23 105
18 6942004 8 64
18 13742599 9 62
18 50683790 18 103
18 51851234 9 34
18 67993290 11 48
18 74778306 6 48
19 1113666 3 20
19 9070952 12 35
19 9721932 12 51
19 10428444 5 5
19 11327907 5 15
19 20808397 9 47
19 30936242 19 90
19 33600846 6 33
19 36370039 11 52
19 39406283 19 95
19 51920149 56 91
19 52869014 18 116
19 53740488 4 44
19 55912864 9 37
20 1161702 9 32
20 2968700 26 104
20 8719934 4 57
20 30556213 13 49
20 37353313 6 20
20 44507208 26 104
20 47991139 14 38
20 56179575 8 37
21 33825794 5 10
21 33840135 4 10
21 38444947 13 19
22 23135269 64 265
22 23135470 23 113
22 24106849 20 59
22 38055359 3 32
22 39772180 20 105
22 42912067 9 45
22 43539196 3 9
