chromosome_index	start_position	end_position	major_cn	minor_cn	total_cn
1	61735	4291863	2	2	4
1	4298933	9479569	2	0	2
1	9483206	249224388	2	2	4
2	12784	80138245	2	2	4
2	80138306	80266793	2	1	3
2	80266897	141079858	2	2	4
2	141080797	141404105	2	0	2
2	141405172	142823419	2	1	3
2	142824137	243089456	2	2	4
3	60345	122116557	2	2	4
3	122117038	142848334	2	1	3
3	142848367	166007974	3	1	4
3	166008551	175515097	3	2	5
3	175515776	197896118	3	3	6
4	12281	191027923	2	2	4
5	15532	180790320	2	2	4
6	149661	13225132	2	0	2
6	13226844	13473046	0	0	0
6	13473244	171051005	2	0	2
7	43259	5329448	2	2	4
7	5338714	9057683	2	0	2
7	9058629	9767984	2	2	4
7	9769216	10587973	5	2	7
7	10588579	10611592	14	6	20
7	10614030	10638898	8	3	11
7	10644962	12204395	22	1	23
7	12214967	14123238	9	2	11
7	14124065	15035571	4	2	6
7	15039499	16457584	6	2	8
7	16458474	16833994	4	2	6
7	16834444	16860714	18	5	23
7	16863727	16889926	4	2	6
7	16890368	17339619	19	3	22
7	17345501	17480994	7	3	10
7	17481089	17911366	4	2	6
7	17911752	22841826	6	2	8
7	22842319	23172284	4	2	6
7	23175734	23385829	17	3	20
7	23388197	26023090	2	0	2
7	26025877	29158712	23	2	25
7	29159293	30920254	4	2	6
7	30925550	36228467	23	2	25
7	36229407	37378873	8	2	10
7	37380563	39930518	5	2	7
7	39930679	47485222	3	2	5
7	47485965	50024626	2	1	3
7	50026593	50040549	5	0	5
7	50040790	50135200	12	8	20
7	50136663	50989366	3	2	5
7	50989383	51683192	2	1	3
7	51683500	54752418	19	2	21
7	54752423	55442699	30	2	32
7	55446933	66904395	17	2	19
7	66906831	69483567	2	2	4
7	69484117	69625871	21	0	21
7	69628435	159127004	2	2	4
8	31254	3589490	2	0	2
8	3589501	3888502	1	0	1
8	3888984	43783984	2	0	2
8	43786802	54649491	2	1	3
8	54651177	146298155	2	0	2
9	46587	21416492	2	0	2
9	21419723	22520493	1	0	1
9	22526470	141091394	2	0	2
10	72759	135506704	2	0	2
11	198572	79967209	2	2	4
11	79967504	80399595	2	1	3
11	80399615	134944770	2	2	4
12	150442	133778189	2	2	4
13	19026949	20996581	2	1	3
13	20996798	115108397	1	1	2
14	19002124	22394325	2	0	2
14	22394384	22983223	4	1	5
14	22988022	107285437	2	0	2
15	20016328	32935057	2	2	4
15	32937463	50306149	2	0	2
15	50306522	62176363	2	1	3
15	62179168	102469040	2	2	4
16	60777	19727998	2	2	4
16	19731410	27803887	2	0	2
16	27804403	57853084	2	2	4
16	57857459	90287535	2	0	2
17	526	81049726	2	2	4
18	48133	78015057	2	2	4
19	90910	59097854	2	2	4
20	61305	62956153	2	2	4
21	10736871	48096957	2	2	4
22	16052528	51234455	2	0	2
