chromosome_index position alt_count ref_count
1 1147457 6 18
1 3679939 4 27
1 9795145 33 125
1 11077026 21 84
1 12819396 14 52
1 12837643 26 75
1 15904338 6 22
1 17084717 3 33
1 19478158 23 58
1 20474786 8 47
1 22456196 14 40
1 27942093 8 23
1 28793131 11 35
1 32632895 23 82
1 33263435 13 30
1 34329745 6 48
1 37941518 4 12
1 38040301 20 29
1 38323027 20 69
1 43630388 13 59
1 44069508 11 26
1 44069632 8 23
1 44069731 21 62
1 44456097 27 105
1 44456112 17 85
1 54426051 33 65
1 60334000 10 44
1 62703988 7 32
1 67236139 37 116
1 75055435 15 104
1 75171909 10 33
1 82456919 9 14
1 86289244 22 63
1 86939133 7 50
1 89486310 26 82
1 94027770 10 45
1 94037340 6 95
1 101339776 7 14
1 115282405 102 275
1 120906057 27 50
1 150233959 15 38
1 150923439 17 56
1 151630850 19 135
1 152191644 11 46
1 153536239 17 46
1 155030888 9 24
1 155884115 7 31
1 156006763 30 99
1 156252438 7 28
1 158324275 18 53
1 158641186 9 39
1 160281696 6 30
1 160535406 38 120
1 169761757 3 8
1 175299264 13 33
1 179041145 38 91
1 180166602 10 28
1 205238423 8 9
1 207643212 10 25
1 210415084 42 100
1 215368397 53 153
1 227842557 43 125
2 8871880 31 103
2 15415720 14 51
2 18113476 20 54
2 25965130 9 21
2 32605289 3 11
2 37028511 43 111
2 37480245 10 36
2 55561259 10 30
2 61300626 11 38
2 69045102 16 42
2 74757145 10 38
2 74757169 10 46
2 75100416 18 107
2 84517923 3 17
2 98409038 6 10
2 101010229 14 40
2 108489124 23 120
2 130911298 6 45
2 141259290 12 86
2 166020352 8 22
2 166533010 29 80
2 176982029 16 112
2 191859795 7 50
2 191859849 7 51
2 204000956 11 44
2 219000650 20 72
2 220102389 20 51
2 220111834 9 24
2 227660640 19 85
2 233344817 5 18
2 233710554 12 44
2 234104054 15 52
2 234888876 6 28
2 242194963 21 79
3 3887186 15 71
3 8940660 9 34
3 10264469 25 75
3 14706577 11 134
3 23932140 8 16
3 24003755 13 41
3 24003916 9 28
3 37343673 8 18
3 40223839 9 30
3 47448093 8 24
3 47484421 6 29
3 50334679 9 42
3 53834389 17 51
3 57857389 10 56
3 64582503 14 46
3 108380811 10 24
3 109026903 12 15
3 119135106 16 32
3 121410602 51 123
3 121411229 23 69
3 124731790 21 76
3 127298673 4 45
3 129324855 3 13
3 133647141 8 65
3 141272764 22 69
3 161063858 6 19
3 164733862 26 82
3 164906954 4 53
3 169572619 16 69
3 172607255 17 35
3 180327993 8 40
3 182683478 19 59
3 184039824 20 51
3 184039888 17 66
3 184044351 19 52
3 185304089 6 29
3 195965715 3 12
4 755157 18 53
4 844827 26 82
4 3317944 28 100
4 25676182 15 60
4 48490651 37 98
4 62679581 7 45
4 70710039 8 68
4 74853901 9 19
4 74904074 15 62
4 123109097 14 59
4 123283407 10 32
4 123844435 36 90
4 126238052 3 25
4 140468192 14 43
4 156281397 13 42
4 187455394 14 61
4 187628329 13 63
5 33455163 14 30
5 35709234 10 44
5 36976261 22 60
5 65459693 18 65
5 70841044 12 50
5 102472491 46 150
5 107700445 20 67
5 112418582 26 94
5 127637197 27 82
5 132439956 12 45
5 138707763 38 143
5 138979957 9 26
5 140625334 11 41
5 140743929 5 20
5 141020092 4 4
5 147715230 9 82
5 150275396 12 50
5 153026577 30 86
5 153390822 11 60
5 154397020 7 25
5 161322869 27 67
5 161324342 24 110
5 162887134 9 19
5 174869513 13 90
5 176026823 3 16
5 176709547 28 84
5 176709577 24 72
6 2954925 11 46
6 7861772 30 92
6 10404933 11 60
6 24145891 34 34
6 25862525 5 66
6 26017460 42 169
6 26225488 30 25
6 27114494 21 149
6 29912344 39 83
6 31525604 4 32
6 31548552 7 23
6 31606973 3 21
6 31937512 11 30
6 31974817 4 12
6 32782246 30 102
6 33284041 5 40
6 41250194 6 27
6 42666224 13 23
6 46660213 37 115
6 49704110 46 102
6 49754450 22 53
6 52053869 8 30
6 52659022 43 110
6 54806332 8 36
6 111688626 20 181
6 111880462 3 10
6 143486275 25 118
6 151939129 5 75
6 160164726 9 35
6 160906954 22 203
6 169623478 14 74
6 170873691 12 40
7 6089666 9 36
7 6426892 22 61
7 7273948 13 52
7 12254482 11 32
7 21678666 8 47
7 23768842 11 23
7 29552289 13 50
7 31614170 31 115
7 32612918 16 39
7 48147942 11 32
7 55241688 16 49
7 77558594 5 14
7 81598239 16 85
7 82586178 6 24
7 87179592 8 36
7 98992106 16 55
7 99489924 24 108
7 99751027 34 124
7 102097817 6 38
7 104783666 21 88
7 112124970 26 80
7 123185709 14 56
7 129841908 8 30
7 141408625 23 78
7 142605909 10 35
7 149482281 12 54
7 150845999 27 75
8 1728810 4 12
8 10755509 19 36
8 17731930 30 47
8 23538827 4 44
8 37687368 12 44
8 39695769 4 12
8 49832516 10 76
8 67759505 46 59
8 67926687 14 74
8 68005835 36 43
8 69633646 16 25
8 77766385 3 12
8 81899695 7 71
8 94746486 7 173
8 97299316 31 189
8 100779029 15 39
8 100990142 17 57
8 104337587 27 167
8 120809951 6 82
8 121823703 11 21
8 142477621 10 44
9 117889 32 114
9 18474122 10 9
9 19619622 17 118
9 21409280 30 88
9 33038791 8 47
9 35660981 19 95
9 37486584 8 11
9 71152191 4 43
9 77354741 53 73
9 88642728 18 28
9 101765755 16 88
9 102769866 12 43
9 114134893 4 23
9 115805660 28 93
9 117568332 4 27
9 119460354 19 83
9 119976688 16 117
9 129851244 24 122
9 130486622 6 23
9 130569916 5 26
9 131084583 7 64
9 132566591 27 90
9 137990304 17 61
9 139402742 32 71
9 139686222 35 52
9 140446891 11 23
9 140622883 10 87
10 1063059 15 66
10 1123898 22 70
10 12126746 12 56
10 64946111 8 33
10 69881415 12 52
10 70156607 18 42
10 70958267 21 92
10 75051064 23 129
10 75877857 4 70
10 93242780 18 42
10 96702031 16 72
10 99527298 5 21
10 99527328 9 29
10 102003530 30 94
10 104173810 4 47
11 1016425 5 27
11 6424874 13 59
11 6622653 11 42
11 11988594 18 47
11 16760339 3 51
11 32417879 18 52
11 33689480 7 12
11 49598167 6 19
11 57428910 32 53
11 62286412 9 50
11 62291157 55 169
11 62294428 50 154
11 62296791 61 252
11 62296833 76 285
11 62297749 88 259
11 62298201 94 300
11 62298786 14 86
11 62434972 8 48
11 62620401 19 72
11 62620412 17 70
11 62649362 10 54
11 62649516 14 57
11 64536578 16 86
11 65623593 19 58
11 68704300 5 18
11 72600885 7 12
11 73372592 7 65
11 74056565 10 57
11 74799889 21 67
11 94179020 35 103
11 102195711 50 161
11 108384448 6 87
11 110306635 13 41
11 113281596 13 45
11 118361969 37 123
11 132082033 18 72
12 978248 36 270
12 7942253 11 114
12 11214128 19 137
12 12284896 11 52
12 22015908 5 28
12 31116785 21 54
12 39947792 6 39
12 49061257 12 23
12 49171950 5 19
12 50027427 5 46
12 52967185 27 69
12 54367025 8 21
12 54635494 28 61
12 54730999 32 95
12 56531676 18 58
12 58018660 21 76
12 65722331 9 48
12 67699870 31 55
12 70983837 12 104
12 75444683 21 31
12 81613830 8 55
12 95478362 25 41
12 109613984 139 184
12 110628776 21 49
12 117603392 7 62
12 121670829 22 252
12 121670850 18 217
12 125398224 14 183
12 129569056 5 12
13 20716822 14 36
13 23912713 21 153
13 25026704 22 67
13 26125501 9 35
13 28009980 18 64
13 31495235 4 25
13 35751193 3 9
13 42876840 5 45
13 46733075 32 95
13 48563043 42 129
13 58207078 6 11
13 77633702 8 74
13 77699528 43 168
13 111077163 13 44
13 114079395 17 80
13 114781703 11 50
13 115004930 7 32
14 23745036 6 34
14 50734600 28 75
14 59821922 45 134
14 64691209 10 93
14 70518823 25 63
14 75279341 5 8
14 77319682 12 36
14 77319694 6 26
14 88935898 6 57
14 92040776 5 9
14 94528623 23 73
14 99929847 4 25
14 100405558 4 42
14 100405590 4 34
14 100789775 16 19
14 100847981 5 48
14 102455173 11 31
14 102549502 22 80
14 103596165 7 20
14 104129155 9 19
14 106829597 40 145
15 41602045 20 56
15 43513073 11 32
15 43891383 58 135
15 49327631 25 98
15 52069169 13 40
15 52905993 11 28
15 64791723 17 66
15 65458988 57 152
15 65499240 6 24
15 67482843 14 15
15 72638768 8 29
15 73615835 8 39
15 73616079 9 28
15 74325651 9 29
15 74365132 5 100
15 77471990 33 74
15 83221346 19 61
15 89862269 6 98
15 91510405 21 61
16 1272193 12 36
16 17235129 37 104
16 20791878 5 11
16 30365574 64 203
16 31499472 24 101
16 56492471 7 39
16 56492479 7 37
16 56535295 37 136
16 56703788 17 94
16 57016142 6 51
16 58019836 8 53
16 58296295 33 102
16 58757719 44 150
16 67405069 23 100
16 67573997 29 78
16 69148496 17 43
16 70553601 4 25
16 81991683 2 6
16 87451158 51 146
16 89655212 15 29
17 455171 5 10
17 649539 16 43
17 3119610 35 115
17 7228995 27 94
17 7496331 10 52
17 7752247 4 12
17 7753196 41 128
17 15942786 7 39
17 16029434 3 7
17 17719301 5 45
17 18220060 18 57
17 18670101 14 27
17 26114730 24 87
17 26940613 7 84
17 28506198 5 19
17 34937844 30 59
17 38450695 20 71
17 38978336 31 110
17 39975508 27 77
17 40318431 4 26
17 40318439 5 23
17 40362425 22 91
17 40843231 14 103
17 42855094 9 33
17 43159088 6 8
17 43159090 4 7
17 43364681 7 32
17 46926688 34 80
17 47388699 24 82
17 48646576 8 32
17 57963531 6 78
17 58288742 9 140
17 61512584 12 48
17 61611639 15 39
17 66972084 3 12
17 78063659 6 31
17 78317686 20 98
17 79632428 9 24
18 2913162 8 44
18 8370921 9 76
18 9256444 26 116
18 9887362 33 77
18 12324975 7 20
18 21478998 20 37
18 34802101 5 5
18 44560858 13 58
18 55359051 8 40
18 60642651 7 88
18 67365819 3 18
18 67406304 10 112
18 72183552 15 50
19 1109708 12 39
19 2110821 8 39
19 3028341 4 10
19 3494056 4 17
19 3494073 4 16
19 5622555 8 12
19 6007164 7 29
19 6833552 23 105
19 8587564 7 28
19 8650504 7 14
19 9492159 16 140
19 9875665 12 101
19 10226442 18 61
19 10870479 34 99
19 11036435 8 18
19 12297854 16 33
19 12383859 10 43
19 12883482 14 130
19 13356019 20 41
19 17311114 4 24
19 17835961 21 68
19 21992317 10 13
19 22155770 11 51
19 37368436 19 61
19 39989650 24 92
19 42753748 14 65
19 42875617 9 49
19 49477904 8 34
19 52091027 11 19
19 55179456 15 63
19 55591869 4 20
19 56658417 4 5
19 58439254 23 100
20 1559329 7 101
20 3171833 9 36
20 25282852 7 28
20 30584822 17 47
20 31022345 8 32
20 35827507 21 74
20 35827508 21 75
20 42275663 13 99
20 43047076 27 92
20 43379022 4 21
20 47582443 13 70
20 49510683 25 83
20 50049030 5 18
21 15561416 5 44
21 46226908 10 39
21 47546045 50 147
22 21104247 9 33
22 23495243 26 110
22 24759250 14 29
22 30660370 8 18
22 36661869 6 47
22 41565529 15 60
22 50356510 9 25
22 50656779 13 38
22 50724643 31 85
