chromosome_index	start_position	end_position	major_cn	minor_cn	total_cn
1	61735	5897007	2	1	3
1	5898323	16306877	1	0	1
1	16310103	18651073	2	1	3
1	18654307	18765521	4	1	5
1	18766761	20373424	2	1	3
1	20376374	25119406	1	0	1
1	25121843	249224388	2	1	3
2	12784	218301402	1	1	2
2	218301473	218338829	33	1	34
2	218338968	218513067	50	1	51
2	218513781	219047624	3	1	4
2	219047782	219242862	38	8	46
2	219243836	243089456	1	1	2
3	60345	122834618	1	1	2
3	122834746	122964184	2	1	3
3	122964900	197896118	1	1	2
4	12281	10139157	1	1	2
4	10139191	14528872	1	0	1
4	14530066	191027923	1	1	2
5	15532	180790320	1	1	2
6	149661	127996957	1	1	2
6	127997194	171051005	1	0	1
7	43259	54607757	2	1	3
7	54610925	55417895	45	0	45
7	55424027	87550234	2	1	3
7	87561792	88275261	3	2	5
7	88275318	130476341	2	1	3
7	130476833	131359008	3	1	4
7	131360657	159127004	2	1	3
8	31254	146298155	1	1	2
9	46587	141091394	1	1	2
10	72759	14874644	1	1	2
10	14874692	24872013	1	0	1
10	24879389	25654747	2	0	2
10	25655815	29606974	1	0	1
10	29609271	42783494	1	1	2
10	42786973	89069796	1	0	1
10	89070745	90329922	0	0	0
10	90330483	135506704	1	0	1
11	198572	134944770	1	1	2
12	150442	3658352	1	1	2
12	3659476	4373320	2	1	3
12	4374373	133778189	1	1	2
13	19026949	115108397	1	0	1
14	19002124	69211175	1	0	1
14	69212984	75088309	1	1	2
14	75088558	84113303	1	0	1
14	84114242	84220690	1	1	2
14	84223384	86341666	1	0	1
14	86341799	99568639	1	1	2
14	99582174	104343852	1	0	1
14	104350756	105420376	1	1	2
14	105423773	107285437	1	0	1
15	20016328	102469040	1	1	2
16	60777	22718938	1	1	2
16	22720189	23363399	2	1	3
16	23364081	90287535	1	1	2
17	526	78644018	1	1	2
17	78656487	79503472	2	1	3
17	79505189	81049726	1	1	2
18	48133	69137685	1	1	2
18	69138343	71840514	1	0	1
18	71841985	72125540	1	1	2
18	72126710	74455260	1	0	1
18	74464602	74588528	1	1	2
18	74598408	75630702	1	0	1
18	75630849	78015057	1	1	2
19	90910	59097854	1	1	2
20	61305	62956153	2	1	3
21	10736871	44295859	1	1	2
21	44295957	45057905	2	1	3
21	45058776	48096957	1	1	2
22	16052528	18876713	1	1	2
22	18877461	19310812	2	1	3
22	19314032	51234455	1	1	2
