chromosome_index	start_position	end_position	major_cn	minor_cn	total_cn
1	61735	121482979	1	1	2
1	144007049	185537472	3	1	4
1	185539142	200153035	4	1	5
1	200153210	249224388	3	1	4
2	12784	243089456	2	1	3
3	60345	197896118	1	1	2
4	12281	191027923	1	1	2
5	15532	180790320	2	1	3
6	149661	61994504	2	1	3
6	61995411	67461660	1	1	2
6	67463702	171051005	1	0	1
7	43259	159127004	1	1	2
8	31254	146298155	1	1	2
9	46587	112750411	1	0	1
9	112751482	141091394	2	0	2
10	72759	42441972	2	1	3
10	42443238	135506704	1	1	2
11	198572	134944770	1	1	2
12	150442	133778189	1	1	2
13	19026949	114175270	1	1	2
13	114188366	114261395	1	0	1
13	114263127	115108397	1	1	2
14	19002124	22494712	1	1	2
14	22496414	22960832	2	1	3
14	22965037	107285437	1	1	2
15	20016328	102469040	1	1	2
16	60777	90287535	1	1	2
17	526	33945599	1	1	2
17	33946107	81049726	2	1	3
18	48133	78015057	1	1	2
19	90910	15237173	1	0	1
19	15237947	59097854	1	1	2
20	61305	62956153	1	1	2
21	10736871	48096957	1	1	2
22	16052528	51234455	1	1	2
