chromosome_index position alt_count ref_count
1 6662016 5 52
1 20640980 16 56
1 27226541 13 40
1 32504170 15 43
1 109180405 5 19
1 113213565 7 14
1 163044230 45 44
1 175116431 3 17
1 211545949 10 54
1 214170735 4 30
2 11965296 4 16
2 21230020 4 39
2 24952647 13 36
2 45169896 26 71
2 85555050 7 168
2 159107379 9 30
2 239133936 15 8
2 240981437 8 39
3 8923102 36 45
3 50153413 4 64
3 123386029 13 20
4 16175888 5 70
5 39306841 9 26
5 70862019 7 61
5 85578580 27 104
5 148742394 3 27
5 167868692 12 35
6 36169057 15 28
6 100895160 4 42
6 109308577 3 23
6 138615233 9 33
7 71177055 17 36
7 86577102 9 25
7 154681018 11 28
8 22380235 8 15
8 41788230 3 14
8 113323227 28 45
8 136533530 4 78
8 139727925 50 88
9 37425959 14 40
9 78773925 9 50
10 17401541 6 20
10 26800821 20 43
10 70506953 21 59
10 95107389 14 36
10 119029874 17 38
11 22215049 9 20
11 49194959 28 52
11 61032500 14 36
11 62678321 5 23
11 132527153 11 41
12 42499669 4 35
12 51868974 14 47
12 53874907 3 49
12 57111518 9 12
12 98849551 6 65
14 73140953 19 57
15 83502192 12 58
16 4730049 6 99
16 66586678 6 15
16 66657382 3 29
17 8660630 39 58
17 41108334 11 36
17 60679480 3 28
17 73842761 5 90
17 74774408 12 24
18 347218 5 70
18 20602198 14 64
18 32833423 20 49
19 14065218 20 53
19 16902374 4 17
19 47920748 4 68
19 58565408 15 21
20 29634000 5 97
20 43379406 11 18
20 55033599 12 37
