chromosome_index	position	alt_count	ref_count
1	1040122	11.0	28.0
1	3115301	4.0	22.0
1	3290834	3.0	16.0
1	5116040	17.0	62.0
1	5993789	51.0	46.0
1	7173981	24.0	34.0
1	8516433	11.0	65.0
1	8644821	22.0	52.0
1	9117078	21.0	18.0
1	11057127	4.0	22.0
1	11068357	8.0	42.0
1	11363365	3.0	38.0
1	14931254	22.0	39.0
1	15202723	24.0	57.0
1	17931249	17.0	34.0
1	19116485	31.0	40.0
1	19737483	41.0	50.0
1	19999223	4.0	66.0
1	20162468	26.0	29.0
1	20584699	28.0	29.0
1	20975752	9.0	25.0
1	21579187	45.0	35.0
1	22510023	8.0	45.0
1	22599300	13.0	19.0
1	22926538	14.0	29.0
1	23308795	14.0	78.0
1	29029551	6.0	48.0
1	29276305	16.0	44.0
1	31449108	11.0	58.0
1	33202487	6.0	58.0
1	33704056	5.0	43.0
1	33926559	14.0	61.0
1	36967071	19.0	35.0
1	37127154	17.0	18.0
1	37607429	23.0	33.0
1	37706487	10.0	14.0
1	42459784	6.0	59.0
1	45512611	29.0	28.0
1	47545535	4.0	28.0
1	48519548	45.0	38.0
1	50447440	33.0	47.0
1	53013170	39.0	38.0
1	55683025	25.0	49.0
1	56159131	25.0	56.0
1	56515538	13.0	65.0
1	56847405	32.0	45.0
1	56921287	9.0	61.0
1	57079682	18.0	46.0
1	57309073	38.0	47.0
1	58497910	17.0	21.0
1	59854060	20.0	23.0
1	68755853	23.0	17.0
1	71185988	9.0	20.0
1	73500142	27.0	22.0
1	78197207	15.0	27.0
1	79761332	29.0	12.0
1	82206811	16.0	13.0
1	83287004	12.0	20.0
1	83475186	6.0	30.0
1	86811616	30.0	16.0
1	90708666	35.0	26.0
1	92919217	14.0	14.0
1	96944679	19.0	16.0
1	98960670	12.0	24.0
1	99514599	26.0	19.0
1	100342684	6.0	36.0
1	101677773	11.0	25.0
1	101961255	29.0	20.0
1	104930080	9.0	31.0
1	109449546	20.0	16.0
1	109724877	16.0	17.0
1	111546846	25.0	16.0
1	111573279	33.0	13.0
1	113648415	11.0	24.0
1	113781939	3.0	38.0
1	113852791	18.0	18.0
1	116159182	29.0	15.0
1	118906701	21.0	29.0
1	142611266	21.0	189.0
1	146849185	23.0	43.0
1	151911920	21.0	30.0
1	152974968	17.0	41.0
1	153028055	7.0	53.0
1	153098047	28.0	51.0
1	153437368	5.0	10.0
1	154645382	10.0	48.0
1	157338821	12.0	24.0
1	157619899	18.0	45.0
1	157815857	14.0	37.0
1	158061267	10.0	9.0
1	158498173	19.0	38.0
1	158548804	31.0	45.0
1	158576400	21.0	28.0
1	158697712	18.0	35.0
1	159718732	11.0	37.0
1	160557760	10.0	47.0
1	163433842	28.0	34.0
1	163999878	15.0	43.0
1	168805123	15.0	31.0
1	168884975	30.0	36.0
1	170328545	20.0	52.0
1	171287535	17.0	39.0
1	171350736	4.0	28.0
1	172468538	7.0	28.0
1	173372768	5.0	30.0
1	174464409	19.0	36.0
1	175334494	24.0	26.0
1	175607334	22.0	38.0
1	175618133	18.0	19.0
1	176851401	7.0	33.0
1	177479234	27.0	45.0
1	177618891	29.0	37.0
1	178739962	11.0	16.0
1	182246003	22.0	27.0
1	182616002	17.0	35.0
1	184254589	15.0	32.0
1	186391282	17.0	47.0
1	186989412	18.0	48.0
1	187360129	19.0	44.0
1	187911275	20.0	31.0
1	188319003	11.0	56.0
1	188612923	18.0	34.0
1	188612924	18.0	35.0
1	188859974	26.0	31.0
1	188907637	18.0	42.0
1	189302092	6.0	54.0
1	189379528	8.0	52.0
1	189393618	26.0	35.0
1	189400043	6.0	47.0
1	190131429	18.0	42.0
1	190727204	13.0	44.0
1	190899520	14.0	30.0
1	191004404	8.0	48.0
1	193445676	10.0	55.0
1	193847860	11.0	53.0
1	194275011	25.0	46.0
1	194811295	17.0	37.0
1	195223681	11.0	59.0
1	195352006	6.0	25.0
1	196571280	15.0	44.0
1	196935077	19.0	38.0
1	197141329	21.0	38.0
1	199526117	7.0	21.0
1	199584647	26.0	41.0
1	199987356	14.0	37.0
1	203275365	3.0	15.0
1	207785459	15.0	29.0
1	209011318	24.0	34.0
1	210279635	24.0	38.0
1	211189695	7.0	56.0
1	213882354	21.0	21.0
1	215429444	13.0	65.0
1	216011621	20.0	46.0
1	216059486	10.0	58.0
1	216237136	32.0	38.0
1	216275695	21.0	35.0
1	216412997	10.0	50.0
1	216455552	10.0	53.0
1	228024985	16.0	55.0
1	229351116	24.0	32.0
1	229392613	6.0	20.0
1	230125295	8.0	24.0
1	230650202	14.0	55.0
1	232771210	6.0	44.0
1	233080751	12.0	39.0
1	233585275	26.0	34.0
1	233894201	16.0	47.0
1	236620256	8.0	21.0
1	236783621	10.0	27.0
1	237178789	5.0	16.0
1	238063274	13.0	19.0
1	238269144	24.0	32.0
1	238685540	21.0	38.0
1	238759300	25.0	37.0
1	239261295	23.0	25.0
1	239471937	9.0	44.0
1	239606144	21.0	38.0
1	240285472	12.0	18.0
1	241566397	20.0	32.0
1	241566975	14.0	42.0
1	241604588	17.0	32.0
1	241670086	6.0	53.0
1	241722354	12.0	36.0
1	241787576	1.0	28.0
1	242651489	21.0	25.0
1	244251318	7.0	16.0
1	247065720	25.0	36.0
1	247678817	16.0	44.0
1	247990075	8.0	13.0
1	248024542	15.0	34.0
1	248213316	21.0	40.0
1	248446362	11.0	45.0
1	248529533	10.0	38.0
1	248529567	15.0	40.0
10	1675545	6.0	19.0
10	5167508	28.0	19.0
10	6343299	4.0	39.0
10	7044696	15.0	9.0
10	7421900	22.0	22.0
10	7781814	5.0	24.0
10	8712308	10.0	21.0
10	9984659	15.0	12.0
10	10087263	18.0	11.0
10	10229532	16.0	28.0
10	18684628	6.0	22.0
10	19092908	26.0	15.0
10	19481269	16.0	23.0
10	20943890	12.0	27.0
10	37338715	24.0	9.0
10	37960450	12.0	22.0
10	42358463	16.0	22.0
10	42480620	25.0	41.0
10	42608081	1.0	8.0
10	43316146	15.0	44.0
10	43754053	12.0	11.0
10	44122495	10.0	38.0
10	45085616	7.0	35.0
10	45624820	13.0	45.0
10	48692839	3.0	5.0
10	50647256	9.0	25.0
10	53488510	21.0	34.0
10	55282111	22.0	53.0
10	55889007	27.0	51.0
10	55948162	6.0	54.0
10	55948163	5.0	54.0
10	55982126	5.0	66.0
10	56804498	9.0	48.0
10	56893814	14.0	39.0
10	57023696	10.0	11.0
10	57164369	18.0	37.0
10	57515671	7.0	46.0
10	57638989	8.0	48.0
10	57666721	5.0	64.0
10	57773825	20.0	32.0
10	57802053	4.0	43.0
10	58838816	26.0	38.0
10	61740103	20.0	38.0
10	64294466	4.0	60.0
10	66075294	19.0	45.0
10	66099657	16.0	40.0
10	66212367	24.0	44.0
10	66544354	12.0	57.0
10	66546678	22.0	49.0
10	68099808	4.0	65.0
10	68878660	29.0	35.0
10	69193837	16.0	56.0
10	69376843	16.0	35.0
10	77372917	5.0	38.0
10	78741140	23.0	43.0
10	83677653	14.0	35.0
10	83965244	4.0	57.0
10	85163306	21.0	39.0
10	85379610	31.0	28.0
10	85473665	14.0	33.0
10	85687121	20.0	29.0
10	85720307	15.0	43.0
10	85975394	7.0	38.0
10	86684894	15.0	48.0
10	86967443	7.0	51.0
10	87269403	7.0	53.0
10	87462439	23.0	34.0
10	88419055	6.0	9.0
10	88844329	24.0	36.0
10	90631909	21.0	45.0
10	91769324	8.0	44.0
10	91947683	25.0	32.0
10	92166848	28.0	43.0
10	97130990	27.0	49.0
10	97238905	15.0	49.0
10	97976537	8.0	43.0
10	99502180	5.0	44.0
10	104705552	4.0	49.0
10	106918897	10.0	50.0
10	107859909	19.0	36.0
10	107980889	29.0	37.0
10	108039137	11.0	53.0
10	109455962	13.0	37.0
10	109456935	22.0	55.0
10	110439788	25.0	38.0
10	112454060	16.0	33.0
10	113391549	19.0	36.0
10	113431121	14.0	58.0
10	113635690	7.0	46.0
10	114843069	17.0	31.0
10	114964013	22.0	43.0
10	117354214	17.0	32.0
10	117680834	11.0	55.0
10	119479857	4.0	29.0
10	121328784	22.0	48.0
10	121840375	13.0	57.0
10	122433004	10.0	63.0
10	124359128	9.0	19.0
10	125563622	17.0	53.0
10	126840983	4.0	7.0
10	127109477	25.0	43.0
10	129400371	12.0	44.0
10	129827282	9.0	10.0
10	132461116	27.0	31.0
10	132780664	3.0	21.0
10	132876754	3.0	23.0
10	133197966	10.0	29.0
10	134016610	6.0	11.0
10	134535223	12.0	16.0
11	1245312	5.0	6.0
11	3569217	13.0	34.0
11	4402980	12.0	41.0
11	6137962	9.0	22.0
11	7152797	12.0	33.0
11	7508231	11.0	21.0
11	10155914	15.0	25.0
11	11336506	5.0	12.0
11	12846586	9.0	21.0
11	13146058	10.0	33.0
11	13234390	12.0	24.0
11	13837866	19.0	35.0
11	18630728	8.0	50.0
11	20776909	11.0	23.0
11	21472029	12.0	32.0
11	25176446	14.0	33.0
11	27013685	13.0	25.0
11	27602569	4.0	17.0
11	28079045	8.0	20.0
11	28856976	15.0	38.0
11	28861610	16.0	27.0
11	29083066	16.0	31.0
11	29271272	11.0	25.0
11	30909903	5.0	27.0
11	31953274	13.0	27.0
11	32486164	12.0	27.0
11	33710644	61.0	20.0
11	34797170	5.0	93.0
11	34798113	7.0	70.0
11	34798175	6.0	81.0
11	34799597	4.0	65.0
11	34802506	6.0	84.0
11	34802633	5.0	88.0
11	35192409	21.0	83.0
11	36886442	5.0	66.0
11	37392558	11.0	48.0
11	37904544	14.0	53.0
11	37972396	38.0	28.0
11	38131496	9.0	67.0
11	38292809	15.0	67.0
11	38519764	11.0	64.0
11	38927946	10.0	67.0
11	39079837	28.0	31.0
11	39682808	8.0	74.0
11	40427084	19.0	34.0
11	41092574	14.0	52.0
11	41491828	13.0	40.0
11	41705871	4.0	52.0
11	42565552	33.0	26.0
11	43200815	45.0	37.0
11	43259950	13.0	65.0
11	43762044	12.0	62.0
11	45716220	5.0	50.0
11	45820945	19.0	96.0
11	47560402	17.0	53.0
11	49154204	10.0	31.0
11	49576409	11.0	21.0
11	49694558	13.0	34.0
11	49881258	13.0	33.0
11	49919949	11.0	28.0
11	50104152	14.0	29.0
11	50218430	5.0	15.0
11	50493383	14.0	28.0
11	50529564	7.0	29.0
11	50558875	11.0	30.0
11	50627952	6.0	38.0
11	54800052	14.0	41.0
11	55135557	15.0	41.0
11	55190896	22.0	36.0
11	55192834	28.0	24.0
11	55266604	12.0	50.0
11	55640377	9.0	11.0
11	55692000	11.0	37.0
11	56014716	11.0	12.0
11	56806030	14.0	38.0
11	57000519	11.0	38.0
11	57812790	12.0	35.0
11	57929498	23.0	35.0
11	59940534	36.0	34.0
11	68447079	14.0	31.0
11	69288966	16.0	14.0
11	71044740	6.0	17.0
11	72135995	9.0	23.0
11	72190562	7.0	25.0
11	74151561	26.0	29.0
11	75156112	15.0	40.0
11	75299654	9.0	23.0
11	75825747	5.0	46.0
11	78349495	4.0	33.0
11	79426560	10.0	55.0
11	80499049	16.0	16.0
11	84543842	17.0	42.0
11	84816675	4.0	50.0
11	87751266	4.0	51.0
11	89259530	11.0	48.0
11	91170609	10.0	41.0
11	92739506	12.0	40.0
11	94446209	31.0	37.0
11	94674702	28.0	32.0
11	96466813	24.0	29.0
11	97564494	8.0	55.0
11	98133289	19.0	34.0
11	98604469	6.0	39.0
11	98936590	21.0	30.0
11	99217840	14.0	37.0
11	99219459	26.0	32.0
11	99520465	6.0	38.0
11	104161126	35.0	21.0
11	105271202	30.0	26.0
11	105523524	13.0	28.0
11	105578373	39.0	31.0
11	105606324	21.0	30.0
11	105637821	12.0	37.0
11	105731413	9.0	38.0
11	105863398	6.0	38.0
11	107441562	7.0	25.0
11	108432504	12.0	36.0
11	109324634	32.0	21.0
11	109760365	19.0	38.0
11	111743706	11.0	28.0
11	111814424	7.0	27.0
11	112268821	4.0	37.0
11	113351569	9.0	39.0
11	114136905	8.0	30.0
11	116216711	24.0	27.0
11	117646707	7.0	42.0
11	121468063	19.0	30.0
11	121523406	5.0	36.0
11	123250461	5.0	56.0
11	125046006	7.0	23.0
11	126602180	20.0	28.0
11	127951531	16.0	37.0
11	131449460	8.0	27.0
11	132726062	14.0	54.0
11	132767570	11.0	36.0
11	133137582	16.0	30.0
11	133237650	28.0	20.0
11	133486047	21.0	34.0
11	133524380	18.0	15.0
11	134611823	8.0	29.0
12	5255428	33.0	19.0
12	10897730	41.0	13.0
12	11482283	9.0	41.0
12	13171466	142.0	12.0
12	13304196	20.0	129.0
12	13750881	13.0	80.0
12	13750957	6.0	78.0
12	13751319	8.0	95.0
12	14097150	9.0	134.0
12	14097809	13.0	124.0
12	14098189	15.0	133.0
12	14098528	10.0	126.0
12	14098574	11.0	125.0
12	14099001	12.0	124.0
12	14099538	8.0	127.0
12	14100154	20.0	125.0
12	14100438	13.0	127.0
12	14101407	11.0	145.0
12	14101454	5.0	133.0
12	14106012	12.0	117.0
12	14193606	8.0	66.0
12	15988349	7.0	85.0
12	17287707	86.0	19.0
12	17784327	44.0	14.0
12	17998934	15.0	81.0
12	18127492	68.0	18.0
12	18534324	12.0	73.0
12	18543991	7.0	75.0
12	19069281	9.0	89.0
12	19069432	11.0	85.0
12	19069435	11.0	83.0
12	19077759	6.0	61.0
12	19177054	22.0	68.0
12	21396706	107.0	13.0
12	23387041	22.0	115.0
12	23458502	9.0	106.0
12	23665472	13.0	123.0
12	24630154	11.0	49.0
12	24843803	62.0	19.0
12	26048519	50.0	11.0
12	30568048	1.0	61.0
12	30627832	6.0	60.0
12	31802889	27.0	13.0
12	32694869	49.0	8.0
12	33401690	14.0	57.0
12	33401706	20.0	59.0
12	33401773	21.0	52.0
12	33401966	7.0	72.0
12	33402014	4.0	82.0
12	33402072	10.0	73.0
12	33402140	22.0	75.0
12	33402223	15.0	72.0
12	33402412	22.0	79.0
12	33402487	31.0	70.0
12	33402647	22.0	74.0
12	33402664	21.0	67.0
12	33408355	23.0	65.0
12	33525004	55.0	41.0
12	33530253	52.0	52.0
12	33674742	24.0	59.0
12	37941055	5.0	13.0
12	38305744	15.0	33.0
12	39394305	20.0	14.0
12	40681595	32.0	18.0
12	40824646	30.0	15.0
12	42521916	21.0	21.0
12	43139801	17.0	11.0
12	48532695	7.0	18.0
12	49059313	15.0	17.0
12	50445074	7.0	4.0
12	51614708	20.0	10.0
12	59060380	6.0	15.0
12	59688057	10.0	32.0
12	60380154	26.0	15.0
12	62117451	29.0	21.0
12	70541020	11.0	29.0
12	71019412	23.0	17.0
12	71676900	26.0	20.0
12	71756477	7.0	28.0
12	72424065	16.0	33.0
12	72514575	23.0	11.0
12	74839433	9.0	17.0
12	79791302	12.0	12.0
12	81129967	13.0	29.0
12	84079112	18.0	38.0
12	87117739	34.0	11.0
12	87302358	15.0	33.0
12	87484648	24.0	28.0
12	90769499	3.0	13.0
12	97597111	25.0	18.0
12	97649967	23.0	25.0
12	99280207	24.0	16.0
12	103510242	17.0	13.0
12	103708549	27.0	16.0
12	105049013	8.0	19.0
12	107135069	18.0	27.0
12	107302238	20.0	28.0
12	109221538	18.0	8.0
12	113222219	26.0	17.0
12	113868235	14.0	13.0
12	114616802	19.0	21.0
12	114679031	8.0	27.0
12	118382520	17.0	10.0
12	119114757	27.0	14.0
12	120422756	24.0	14.0
12	120990385	12.0	32.0
12	122187313	13.0	5.0
12	125975110	6.0	18.0
12	126688065	24.0	12.0
12	127113379	10.0	32.0
12	129063526	12.0	15.0
12	129084096	22.0	10.0
12	133358128	12.0	13.0
13	22656598	25.0	20.0
13	24504598	22.0	23.0
13	25503101	24.0	15.0
13	25588100	5.0	12.0
13	25604834	28.0	12.0
13	27667471	15.0	17.0
13	30984186	18.0	21.0
13	32343400	26.0	19.0
13	32532719	7.0	31.0
13	32631299	16.0	18.0
13	32735836	16.0	21.0
13	32985332	24.0	23.0
13	37282835	12.0	28.0
13	37282844	11.0	30.0
13	37796379	4.0	40.0
13	39418337	23.0	25.0
13	39880356	11.0	15.0
13	44529007	4.0	30.0
13	45879521	16.0	8.0
13	46599614	9.0	36.0
13	52150630	17.0	12.0
13	53527173	13.0	21.0
13	54007094	22.0	16.0
13	55122428	27.0	13.0
13	55606539	16.0	15.0
13	56027262	7.0	26.0
13	56179102	25.0	19.0
13	56536045	14.0	25.0
13	57177085	14.0	13.0
13	57178424	19.0	14.0
13	57431581	14.0	42.0
13	61581120	22.0	13.0
13	63173911	30.0	19.0
13	63754817	10.0	17.0
13	64001622	12.0	38.0
13	65031571	6.0	39.0
13	66307071	24.0	22.0
13	71575856	24.0	15.0
13	71843163	12.0	30.0
13	71914812	32.0	16.0
13	72074607	9.0	44.0
13	72176116	20.0	19.0
13	73248275	8.0	26.0
13	75618430	26.0	24.0
13	81699990	23.0	23.0
13	84946239	17.0	19.0
13	87027713	8.0	22.0
13	87370064	27.0	22.0
13	88480910	15.0	30.0
13	89582476	10.0	21.0
13	89704059	11.0	35.0
13	90719724	24.0	21.0
13	91128808	24.0	22.0
13	91159026	32.0	21.0
13	91159140	27.0	19.0
13	91159180	24.0	22.0
13	92971715	8.0	30.0
13	95106920	14.0	34.0
13	96156636	18.0	16.0
13	96407519	5.0	22.0
13	96805293	25.0	26.0
13	98945507	21.0	15.0
13	100075264	14.0	7.0
13	101927553	4.0	22.0
13	104649539	4.0	42.0
13	105745947	30.0	22.0
13	105975036	22.0	9.0
13	106211835	32.0	12.0
13	106216279	24.0	16.0
13	106977754	14.0	10.0
13	107521541	14.0	12.0
13	109797830	27.0	12.0
13	109867827	11.0	32.0
13	110990535	19.0	18.0
13	111686549	16.0	16.0
13	114549369	10.0	7.0
14	19458847	29.0	97.0
14	20226112	7.0	57.0
14	21971202	6.0	51.0
14	22141556	27.0	41.0
14	24315470	7.0	53.0
14	27056588	22.0	46.0
14	28474485	34.0	35.0
14	28824697	22.0	51.0
14	28996383	11.0	52.0
14	29366285	17.0	37.0
14	29859212	29.0	48.0
14	29979543	20.0	38.0
14	30284079	24.0	47.0
14	30765859	4.0	59.0
14	30884723	20.0	43.0
14	33601403	24.0	47.0
14	34043735	21.0	42.0
14	34679303	24.0	43.0
14	35334369	16.0	38.0
14	35810112	9.0	22.0
14	36397363	11.0	45.0
14	36456502	12.0	52.0
14	36710474	11.0	52.0
14	37556843	22.0	42.0
14	42211439	20.0	40.0
14	42558481	22.0	49.0
14	42568091	23.0	47.0
14	42763783	20.0	37.0
14	42988790	18.0	44.0
14	44242236	24.0	35.0
14	45138103	18.0	48.0
14	45226160	28.0	38.0
14	45531610	10.0	59.0
14	45740726	29.0	38.0
14	47652029	14.0	38.0
14	48338038	10.0	31.0
14	49321949	26.0	41.0
14	49647430	15.0	62.0
14	50630014	20.0	41.0
14	52557235	11.0	68.0
14	53337536	12.0	45.0
14	54483077	12.0	56.0
14	54884412	26.0	41.0
14	57377000	22.0	34.0
14	57626141	30.0	43.0
14	60178378	31.0	49.0
14	61137348	21.0	35.0
14	62672609	11.0	61.0
14	64592105	13.0	49.0
14	65604650	15.0	34.0
14	67073103	9.0	67.0
14	70996754	17.0	40.0
14	71085621	15.0	64.0
14	72268707	23.0	40.0
14	72479664	13.0	58.0
14	72543330	15.0	66.0
14	74875032	12.0	23.0
14	76966697	13.0	21.0
14	77264076	20.0	37.0
14	79045260	15.0	59.0
14	79139463	5.0	52.0
14	81467343	25.0	33.0
14	81469924	30.0	46.0
14	82392559	29.0	40.0
14	84447332	7.0	70.0
14	84528130	8.0	55.0
14	84881754	11.0	49.0
14	85732018	33.0	50.0
14	85965097	21.0	46.0
14	88351291	12.0	51.0
14	93150545	14.0	8.0
14	94773861	29.0	37.0
14	95181607	9.0	52.0
14	95191510	24.0	65.0
14	96746218	6.0	27.0
14	105414221	3.0	6.0
14	106353756	3.0	41.0
14	106825039	10.0	58.0
14	106890056	18.0	19.0
15	20409877	7.0	84.0
15	20861924	12.0	76.0
15	22009103	8.0	61.0
15	23913396	11.0	35.0
15	24346367	4.0	15.0
15	27927799	12.0	32.0
15	29588090	13.0	35.0
15	29588091	13.0	35.0
15	31514391	10.0	4.0
15	32102367	5.0	12.0
15	37541559	12.0	44.0
15	38358014	23.0	24.0
15	39029658	18.0	31.0
15	40319537	19.0	33.0
15	40535046	6.0	10.0
15	45105572	21.0	35.0
15	46142455	14.0	40.0
15	46349763	20.0	28.0
15	46679432	13.0	45.0
15	46784482	9.0	26.0
15	50415852	13.0	32.0
15	50509676	20.0	31.0
15	50976148	9.0	24.0
15	53377824	9.0	30.0
15	53805360	21.0	28.0
15	54305554	12.0	35.0
15	54428235	19.0	40.0
15	54481500	7.0	45.0
15	55427363	10.0	33.0
15	60042433	13.0	24.0
15	61440573	16.0	32.0
15	61806968	24.0	18.0
15	63084825	3.0	28.0
15	64249238	10.0	24.0
15	66103184	8.0	17.0
15	68706015	10.0	26.0
15	70599371	18.0	25.0
15	71539298	16.0	19.0
15	72853710	6.0	49.0
15	74473360	4.0	12.0
15	78452567	10.0	42.0
15	78618220	16.0	37.0
15	78899474	9.0	38.0
15	79875960	8.0	41.0
15	86538096	4.0	45.0
15	86824133	11.0	46.0
15	87104750	14.0	35.0
15	87839812	13.0	44.0
15	89005685	11.0	30.0
15	91928289	10.0	43.0
15	92293539	6.0	19.0
15	93196628	14.0	28.0
15	95499918	18.0	22.0
15	95847991	25.0	32.0
15	95974811	24.0	30.0
15	96692292	22.0	46.0
15	97170480	23.0	23.0
15	97391168	20.0	27.0
15	97624671	24.0	22.0
15	98175519	8.0	32.0
15	99640201	7.0	21.0
16	3089532	5.0	21.0
16	5562425	16.0	38.0
16	5692204	13.0	45.0
16	6649904	11.0	58.0
16	6697047	11.0	52.0
16	6725421	8.0	44.0
16	6933187	4.0	47.0
16	6966068	14.0	49.0
16	7045103	6.0	43.0
16	7110783	12.0	43.0
16	9159446	14.0	37.0
16	9991442	25.0	39.0
16	10372604	16.0	27.0
16	10537812	21.0	29.0
16	12182073	5.0	15.0
16	14410525	11.0	52.0
16	15205038	10.0	9.0
16	17593873	19.0	34.0
16	17999858	14.0	47.0
16	18829382	5.0	32.0
16	18964052	22.0	23.0
16	19335754	17.0	37.0
16	20043857	15.0	40.0
16	20529867	33.0	36.0
16	22207099	7.0	27.0
16	23483492	4.0	17.0
16	23959787	14.0	27.0
16	24485039	24.0	41.0
16	25887926	10.0	46.0
16	26367689	23.0	40.0
16	28576879	11.0	25.0
16	28653513	16.0	23.0
16	30740279	4.0	40.0
16	31824024	29.0	44.0
16	33745708	7.0	37.0
16	33892490	16.0	55.0
16	34742365	10.0	86.0
16	34999161	29.0	38.0
16	35011216	37.0	49.0
16	46866376	25.0	38.0
16	47441326	9.0	50.0
16	49077657	23.0	40.0
16	50126372	7.0	14.0
16	51431664	7.0	48.0
16	51600581	19.0	32.0
16	52482160	25.0	45.0
16	54669600	28.0	49.0
16	59227719	25.0	36.0
16	59762174	13.0	69.0
16	60155091	17.0	25.0
16	60582848	7.0	63.0
16	62086268	26.0	48.0
16	62379620	13.0	61.0
16	63136329	26.0	41.0
16	63373674	27.0	31.0
16	63682072	15.0	49.0
16	64456125	14.0	47.0
16	64765647	30.0	41.0
16	64978893	26.0	59.0
16	65327040	8.0	48.0
16	68405173	3.0	16.0
16	68623816	31.0	33.0
16	71470973	23.0	35.0
16	72645183	19.0	37.0
16	74021403	13.0	58.0
16	76079579	21.0	48.0
16	79142788	18.0	26.0
16	81839021	15.0	33.0
16	86547609	19.0	10.0
16	86851977	7.0	38.0
16	86877512	21.0	9.0
16	87447848	3.0	14.0
17	4552217	26.0	22.0
17	4855257	8.0	16.0
17	6109897	19.0	14.0
17	6721481	29.0	21.0
17	10348081	24.0	16.0
17	11271615	5.0	28.0
17	12790007	22.0	59.0
17	18017030	10.0	29.0
17	18895778	5.0	17.0
17	19320166	11.0	27.0
17	20464175	23.0	35.0
17	20570864	5.0	19.0
17	26576519	6.0	25.0
17	30166868	11.0	6.0
17	30399667	4.0	21.0
17	31320246	10.0	12.0
17	32385629	17.0	31.0
17	32756652	32.0	11.0
17	33343459	20.0	15.0
17	34302128	11.0	6.0
17	36303600	25.0	224.0
17	44901796	12.0	9.0
17	46343974	13.0	2.0
17	46366712	29.0	16.0
17	50135220	19.0	35.0
17	50144146	8.0	56.0
17	50296073	11.0	64.0
17	51622235	21.0	38.0
17	51997067	24.0	35.0
17	52215576	20.0	50.0
17	52422210	12.0	64.0
17	53477951	22.0	47.0
17	57175323	27.0	48.0
17	58656138	5.0	6.0
17	59488228	12.0	16.0
17	59508019	20.0	30.0
17	59692041	15.0	44.0
17	60185583	5.0	32.0
17	60993651	18.0	27.0
17	64935897	7.0	31.0
17	70246975	20.0	38.0
17	71365413	8.0	17.0
17	73776911	15.0	41.0
17	76530636	7.0	16.0
17	76629174	6.0	33.0
17	77149059	8.0	12.0
17	80375367	7.0	15.0
18	11046745	22.0	12.0
18	11156173	4.0	37.0
18	18869898	33.0	18.0
18	20666546	14.0	9.0
18	23565106	16.0	11.0
18	24420873	24.0	12.0
18	24566683	4.0	40.0
18	24946371	7.0	34.0
18	24996999	25.0	13.0
18	28260110	24.0	14.0
18	28399063	23.0	11.0
18	30006688	16.0	32.0
18	31162728	26.0	13.0
18	31771045	22.0	15.0
18	34784182	15.0	13.0
18	38117456	17.0	23.0
18	38251053	23.0	11.0
18	40747031	27.0	22.0
18	40789415	26.0	17.0
18	40951064	31.0	17.0
18	42098033	22.0	20.0
18	44092938	22.0	16.0
18	44119158	19.0	19.0
18	44533592	11.0	21.0
18	45000542	20.0	14.0
18	45250516	5.0	28.0
18	46512005	4.0	37.0
18	48750473	21.0	22.0
18	49232086	9.0	25.0
18	50394021	16.0	28.0
18	57997050	32.0	13.0
18	58333367	15.0	15.0
18	59158669	22.0	19.0
18	63632870	18.0	14.0
18	64104376	24.0	16.0
18	65517698	37.0	17.0
18	67368111	8.0	26.0
18	68574732	25.0	20.0
18	68850492	22.0	17.0
18	69426714	33.0	8.0
18	71715235	30.0	12.0
18	75323081	10.0	22.0
18	75654941	13.0	31.0
19	607943	8.0	8.0
19	918805	4.0	10.0
19	2403847	4.0	23.0
19	6258953	4.0	25.0
19	6764398	14.0	42.0
19	15260000	19.0	42.0
19	19932606	3.0	15.0
19	22671148	26.0	48.0
19	23168417	25.0	42.0
19	24179223	10.0	44.0
19	24518863	16.0	109.0
19	27871710	26.0	48.0
19	28322586	7.0	54.0
19	29112848	22.0	35.0
19	29438601	28.0	30.0
19	29486642	14.0	49.0
19	29867769	14.0	33.0
19	30002909	12.0	33.0
19	30376928	22.0	26.0
19	30457161	10.0	55.0
19	32188825	12.0	46.0
19	32356375	29.0	51.0
19	32694296	11.0	16.0
19	33345764	18.0	31.0
19	33345769	17.0	31.0
19	34266800	3.0	19.0
19	34770869	5.0	5.0
19	37385657	27.0	33.0
19	37615363	20.0	44.0
19	43682145	33.0	47.0
19	46158737	11.0	43.0
19	49603935	4.0	17.0
19	50987099	5.0	26.0
19	51072326	7.0	12.0
19	51079812	19.0	26.0
19	51161819	5.0	17.0
19	51963418	9.0	55.0
19	52077319	15.0	29.0
19	52900224	17.0	18.0
19	54417632	14.0	32.0
19	55457480	4.0	16.0
19	55658937	2.0	11.0
19	55716129	8.0	34.0
19	55763669	5.0	20.0
19	57203318	12.0	24.0
19	57967606	22.0	42.0
2	674107	7.0	18.0
2	988907	16.0	26.0
2	1468599	9.0	68.0
2	2274328	14.0	33.0
2	2879993	7.0	18.0
2	4032871	13.0	22.0
2	5594332	14.0	40.0
2	6985732	8.0	62.0
2	7853188	5.0	52.0
2	7997117	16.0	42.0
2	8151247	6.0	63.0
2	8272207	9.0	56.0
2	9927263	6.0	13.0
2	10842685	23.0	30.0
2	11566778	4.0	52.0
2	12804670	12.0	54.0
2	13838208	9.0	55.0
2	14813315	5.0	57.0
2	15213462	11.0	29.0
2	16008036	18.0	33.0
2	16406057	16.0	26.0
2	16608252	27.0	35.0
2	19093135	2.0	20.0
2	19479703	6.0	17.0
2	21037303	20.0	39.0
2	21697653	10.0	59.0
2	21860983	22.0	49.0
2	22366494	24.0	46.0
2	22669982	28.0	62.0
2	23706067	27.0	40.0
2	24009304	9.0	55.0
2	25431072	9.0	34.0
2	28742944	11.0	19.0
2	29248796	9.0	27.0
2	30070612	15.0	56.0
2	31163784	14.0	39.0
2	31372132	17.0	37.0
2	32987239	20.0	42.0
2	34590706	13.0	39.0
2	35496872	30.0	43.0
2	36160187	14.0	23.0
2	36306786	28.0	39.0
2	40280162	20.0	49.0
2	40949517	16.0	71.0
2	41089570	4.0	56.0
2	43188817	9.0	41.0
2	44246760	19.0	29.0
2	47076193	24.0	27.0
2	47562661	4.0	24.0
2	49651162	33.0	49.0
2	49832753	8.0	42.0
2	49832754	8.0	41.0
2	50386603	18.0	39.0
2	51214370	23.0	55.0
2	51241422	12.0	57.0
2	51538170	22.0	35.0
2	52034748	26.0	42.0
2	52034754	26.0	42.0
2	52934410	19.0	52.0
2	53486144	11.0	41.0
2	53784625	28.0	41.0
2	56144335	31.0	43.0
2	56678174	17.0	42.0
2	57497796	22.0	41.0
2	57544323	23.0	42.0
2	58783323	26.0	46.0
2	59171095	5.0	70.0
2	59565369	7.0	71.0
2	59935467	27.0	44.0
2	62017547	26.0	30.0
2	64642551	10.0	42.0
2	65458691	19.0	31.0
2	67471511	20.0	41.0
2	67620326	23.0	41.0
2	67679557	17.0	36.0
2	68890974	28.0	47.0
2	69119776	23.0	38.0
2	70817506	23.0	35.0
2	71069478	20.0	20.0
2	72144485	18.0	61.0
2	73902446	22.0	29.0
2	75107901	4.0	31.0
2	76010117	12.0	18.0
2	76223436	9.0	59.0
2	76512519	27.0	29.0
2	76917091	18.0	37.0
2	77030606	14.0	43.0
2	78892503	20.0	41.0
2	79569056	13.0	51.0
2	80724433	19.0	40.0
2	81808974	19.0	58.0
2	82522864	9.0	13.0
2	84133696	24.0	42.0
2	84790423	25.0	46.0
2	84791020	20.0	42.0
2	86550619	8.0	43.0
2	88501372	5.0	64.0
2	88571092	28.0	40.0
2	89251425	27.0	38.0
2	89256678	22.0	44.0
2	89291068	4.0	63.0
2	89880353	33.0	101.0
2	90039395	16.0	54.0
2	92297256	29.0	303.0
2	95723176	14.0	19.0
2	96691370	11.0	21.0
2	97441743	1.0	24.0
2	98254051	33.0	42.0
2	99790698	5.0	43.0
2	101734975	12.0	13.0
2	102940992	11.0	17.0
2	103386549	31.0	37.0
2	104210800	21.0	33.0
2	105591635	9.0	18.0
2	107502453	5.0	34.0
2	108647244	12.0	57.0
2	108995410	5.0	57.0
2	109501889	26.0	40.0
2	109955122	15.0	23.0
2	115068484	6.0	66.0
2	115209101	26.0	55.0
2	115719559	25.0	40.0
2	115904327	21.0	49.0
2	115992241	19.0	45.0
2	116159484	6.0	56.0
2	117598554	24.0	33.0
2	118496496	12.0	61.0
2	118628244	6.0	32.0
2	119294627	17.0	52.0
2	120265229	7.0	29.0
2	122770062	8.0	25.0
2	123302066	5.0	69.0
2	123509827	22.0	37.0
2	123509828	22.0	37.0
2	123615444	16.0	34.0
2	123655468	22.0	47.0
2	123728170	15.0	33.0
2	123906588	30.0	47.0
2	123907750	26.0	40.0
2	124068754	30.0	59.0
2	124157978	25.0	43.0
2	124185958	5.0	47.0
2	124586754	13.0	64.0
2	125741656	17.0	28.0
2	125897202	21.0	67.0
2	125968279	11.0	61.0
2	126008687	4.0	44.0
2	126975992	8.0	54.0
2	127559259	7.0	27.0
2	127568707	19.0	27.0
2	128364285	11.0	32.0
2	129173731	9.0	39.0
2	130012162	12.0	39.0
2	137445798	10.0	59.0
2	137482009	27.0	42.0
2	137847108	29.0	35.0
2	139983745	14.0	39.0
2	140137556	10.0	53.0
2	140774620	9.0	56.0
2	140779116	28.0	49.0
2	140941694	33.0	38.0
2	141077610	32.0	42.0
2	142177346	35.0	41.0
2	142568674	31.0	41.0
2	143293870	14.0	45.0
2	146960388	23.0	49.0
2	150005168	24.0	48.0
2	150218230	14.0	51.0
2	151647735	27.0	32.0
2	151795237	19.0	64.0
2	152073038	28.0	26.0
2	153115928	8.0	53.0
2	154298684	28.0	34.0
2	154538985	19.0	42.0
2	154650294	11.0	73.0
2	155095687	30.0	41.0
2	155256484	29.0	48.0
2	155446918	9.0	48.0
2	155510697	20.0	41.0
2	155772580	12.0	68.0
2	155821436	24.0	52.0
2	156411603	33.0	48.0
2	156563546	15.0	69.0
2	157400676	17.0	54.0
2	159004665	10.0	21.0
2	161482923	22.0	34.0
2	163258763	28.0	47.0
2	163297838	21.0	36.0
2	163657402	31.0	47.0
2	163738936	26.0	37.0
2	164344975	20.0	30.0
2	165668412	23.0	40.0
2	165806913	15.0	52.0
2	166221052	26.0	45.0
2	167277813	30.0	54.0
2	167486742	9.0	36.0
2	167486765	12.0	38.0
2	168038266	22.0	29.0
2	168091263	17.0	49.0
2	168851799	10.0	14.0
2	169823509	27.0	36.0
2	172822229	15.0	72.0
2	173594708	24.0	42.0
2	174081575	31.0	40.0
2	175612490	22.0	38.0
2	178079710	17.0	33.0
2	178740078	15.0	28.0
2	179856170	23.0	54.0
2	180482556	24.0	34.0
2	180951081	17.0	67.0
2	182120491	15.0	58.0
2	183315588	22.0	38.0
2	184726691	8.0	41.0
2	185115953	24.0	42.0
2	185620508	17.0	58.0
2	185681432	22.0	41.0
2	185741585	18.0	46.0
2	188334948	21.0	39.0
2	191187885	19.0	54.0
2	192640660	18.0	42.0
2	193466648	22.0	56.0
2	193822695	11.0	42.0
2	195003516	9.0	48.0
2	195197481	11.0	48.0
2	196805004	21.0	39.0
2	199246886	36.0	45.0
2	199886024	31.0	33.0
2	199980644	12.0	75.0
2	200520426	25.0	39.0
2	207407838	18.0	37.0
2	208144059	14.0	36.0
2	209494566	25.0	43.0
2	209583844	31.0	47.0
2	210050023	24.0	40.0
2	210174700	31.0	46.0
2	210243187	15.0	43.0
2	210966411	32.0	51.0
2	212253456	13.0	47.0
2	212982121	12.0	65.0
2	214357651	9.0	58.0
2	214742351	29.0	42.0
2	214798346	11.0	41.0
2	215387238	13.0	29.0
2	215483671	7.0	33.0
2	216004259	16.0	41.0
2	216379477	7.0	12.0
2	220111896	20.0	26.0
2	221336081	7.0	53.0
2	221932142	19.0	37.0
2	223242579	26.0	39.0
2	225480969	10.0	51.0
2	226430938	25.0	42.0
2	226834225	22.0	50.0
2	226949815	21.0	38.0
2	230534459	22.0	44.0
2	232563948	5.0	33.0
2	234844042	27.0	30.0
2	237366891	25.0	43.0
2	242760619	1.0	18.0
20	5302611	22.0	13.0
20	7069301	33.0	15.0
20	7846602	4.0	39.0
20	7897311	30.0	14.0
20	8368504	8.0	29.0
20	9350427	17.0	32.0
20	12197703	16.0	31.0
20	16729931	15.0	25.0
20	17377871	29.0	16.0
20	21390694	19.0	11.0
20	22190155	18.0	25.0
20	23890333	19.0	8.0
20	24710590	3.0	22.0
20	25167857	22.0	13.0
20	30778371	3.0	10.0
20	32108245	31.0	12.0
20	40165279	37.0	24.0
20	40212014	9.0	29.0
20	40501241	6.0	43.0
20	44269984	7.0	7.0
20	53986417	15.0	16.0
20	55254147	14.0	7.0
20	55604978	17.0	16.0
20	56149488	17.0	23.0
20	59046599	20.0	22.0
20	59149617	24.0	9.0
20	59175521	4.0	28.0
20	59460024	27.0	15.0
20	61715842	4.0	27.0
21	10804607	25.0	99.0
21	11062332	13.0	268.0
21	15527327	8.0	61.0
21	16211894	25.0	47.0
21	16909956	16.0	38.0
21	18403749	27.0	45.0
21	18626717	17.0	43.0
21	19078941	5.0	52.0
21	19584760	7.0	66.0
21	19910426	13.0	33.0
21	20545173	14.0	54.0
21	23265173	12.0	55.0
21	24346871	7.0	54.0
21	24465072	24.0	40.0
21	24483893	28.0	37.0
21	24573939	18.0	55.0
21	25010483	4.0	58.0
21	25354768	28.0	35.0
21	25717470	6.0	50.0
21	25882530	10.0	63.0
21	26297344	13.0	53.0
21	26871480	6.0	59.0
21	29071214	27.0	38.0
21	32932895	9.0	40.0
21	33163923	6.0	45.0
21	33734549	12.0	23.0
21	39753357	17.0	32.0
21	40001640	16.0	55.0
21	40227680	5.0	34.0
21	42913623	17.0	24.0
21	44065459	12.0	19.0
21	44850272	5.0	7.0
21	45037759	15.0	36.0
21	45815210	7.0	15.0
21	45922890	10.0	14.0
22	17234471	24.0	23.0
22	21397131	14.0	10.0
22	23216788	6.0	36.0
22	23954224	28.0	18.0
22	31242530	18.0	31.0
22	35053622	9.0	31.0
22	35160100	32.0	19.0
22	35316191	21.0	10.0
22	35365932	20.0	17.0
22	35874178	9.0	14.0
22	48256650	16.0	10.0
22	49966956	5.0	3.0
22	50073187	29.0	13.0
22	50345519	4.0	4.0
3	1291163	20.0	46.0
3	1325005	27.0	30.0
3	1326886	24.0	45.0
3	1359175	18.0	42.0
3	1401703	25.0	46.0
3	1588553	14.0	61.0
3	1624160	14.0	17.0
3	1733410	16.0	46.0
3	1816356	25.0	41.0
3	2659810	27.0	38.0
3	3154601	15.0	26.0
3	3682978	32.0	57.0
3	5612718	25.0	37.0
3	6755471	28.0	40.0
3	7494036	24.0	42.0
3	7617054	30.0	42.0
3	9511773	7.0	58.0
3	10524262	8.0	12.0
3	14096554	21.0	44.0
3	14380002	21.0	31.0
3	14705982	12.0	55.0
3	16259160	8.0	52.0
3	18753926	12.0	29.0
3	19273237	17.0	24.0
3	21111029	31.0	21.0
3	21271170	19.0	17.0
3	21744517	6.0	44.0
3	22257055	26.0	22.0
3	22718797	4.0	36.0
3	24886695	22.0	24.0
3	26224691	27.0	13.0
3	26608841	4.0	35.0
3	29767597	24.0	26.0
3	30010308	19.0	16.0
3	36086076	25.0	15.0
3	39670103	36.0	11.0
3	41077956	28.0	14.0
3	42494336	26.0	22.0
3	43621374	20.0	19.0
3	45040722	17.0	26.0
3	49078986	16.0	14.0
3	61513046	17.0	16.0
3	65592582	14.0	8.0
3	66472401	17.0	12.0
3	67629240	20.0	13.0
3	71186330	15.0	28.0
3	76546594	21.0	13.0
3	80194308	11.0	33.0
3	80407679	17.0	16.0
3	80760122	10.0	42.0
3	82998002	33.0	12.0
3	83298912	18.0	18.0
3	84331682	36.0	17.0
3	84932388	18.0	29.0
3	85771565	10.0	26.0
3	87679903	3.0	26.0
3	90034003	8.0	12.0
3	90167727	8.0	46.0
3	90348491	8.0	86.0
3	94681210	24.0	39.0
3	95330836	14.0	59.0
3	95541496	8.0	50.0
3	95824804	17.0	36.0
3	95838332	24.0	49.0
3	96070293	6.0	60.0
3	96121926	12.0	51.0
3	96123134	6.0	59.0
3	96349119	13.0	56.0
3	96830532	26.0	52.0
3	97289671	35.0	39.0
3	97835029	7.0	49.0
3	97936952	6.0	40.0
3	98474128	7.0	28.0
3	101961359	25.0	41.0
3	102638260	22.0	26.0
3	102648281	16.0	33.0
3	103420688	26.0	32.0
3	103444768	10.0	41.0
3	103609958	17.0	47.0
3	104378294	12.0	46.0
3	104780734	29.0	36.0
3	104986169	14.0	50.0
3	106911927	15.0	49.0
3	107357622	3.0	7.0
3	109347999	12.0	29.0
3	109522720	6.0	13.0
3	116134243	16.0	35.0
3	117729261	20.0	32.0
3	120801916	17.0	38.0
3	121464838	22.0	52.0
3	122529030	32.0	41.0
3	123201281	10.0	25.0
3	123956157	9.0	64.0
3	124266034	23.0	43.0
3	124772283	30.0	35.0
3	124997555	31.0	47.0
3	125081696	22.0	39.0
3	129545650	15.0	52.0
3	130316539	11.0	58.0
3	132089360	16.0	39.0
3	132131492	7.0	62.0
3	132462377	24.0	38.0
3	133168778	21.0	35.0
3	133226791	25.0	42.0
3	133233493	8.0	69.0
3	133987786	6.0	71.0
3	134112342	9.0	55.0
3	134505789	13.0	57.0
3	134565112	23.0	36.0
3	134618467	30.0	54.0
3	137562461	45.0	40.0
3	137565545	22.0	34.0
3	137933097	33.0	50.0
3	138301690	31.0	42.0
3	139440830	33.0	37.0
3	139475477	15.0	60.0
3	139831606	32.0	47.0
3	139914179	17.0	45.0
3	140534757	33.0	34.0
3	143521177	8.0	61.0
3	143746203	21.0	49.0
3	144508671	8.0	73.0
3	144669772	6.0	62.0
3	144800321	21.0	36.0
3	146428473	10.0	74.0
3	147205564	43.0	35.0
3	147205572	41.0	34.0
3	148782221	20.0	56.0
3	150063396	17.0	68.0
3	150366336	21.0	52.0
3	153334682	31.0	46.0
3	153695664	24.0	63.0
3	154051047	43.0	47.0
3	154220756	29.0	41.0
3	154402657	7.0	48.0
3	154410214	26.0	41.0
3	154463240	18.0	66.0
3	154566066	32.0	23.0
3	155260501	9.0	59.0
3	155578841	7.0	50.0
3	155637636	33.0	42.0
3	157315667	27.0	34.0
3	158889260	10.0	49.0
3	160089628	19.0	39.0
3	162305183	6.0	24.0
3	162319756	8.0	62.0
3	162813988	11.0	23.0
3	163767902	9.0	45.0
3	164093770	6.0	45.0
3	164281653	13.0	59.0
3	164707381	24.0	37.0
3	164974554	22.0	37.0
3	165041725	24.0	43.0
3	165507586	30.0	41.0
3	166364297	21.0	26.0
3	168452102	31.0	35.0
3	169078351	21.0	33.0
3	169110920	29.0	33.0
3	169779017	11.0	41.0
3	170488809	26.0	52.0
3	171357771	37.0	34.0
3	172384777	16.0	64.0
3	176037841	32.0	46.0
3	177043069	7.0	53.0
3	177758565	33.0	48.0
3	178952090	29.0	48.0
3	179612785	5.0	76.0
3	180010737	4.0	14.0
3	180061389	16.0	66.0
3	180179032	9.0	65.0
3	180564137	31.0	44.0
3	181350593	15.0	37.0
3	181945321	25.0	40.0
3	182050820	24.0	43.0
3	182852246	12.0	65.0
3	182902277	8.0	65.0
3	183504738	13.0	21.0
3	186525530	27.0	25.0
3	187081125	41.0	53.0
3	187670003	40.0	37.0
3	188389832	19.0	64.0
3	188666485	24.0	40.0
3	189121829	9.0	79.0
3	189732092	10.0	77.0
3	191123113	27.0	33.0
3	191580944	17.0	14.0
3	191769685	2.0	66.0
3	192125564	16.0	60.0
3	192134246	11.0	71.0
3	192733081	6.0	63.0
3	194805981	8.0	25.0
3	197113706	9.0	71.0
4	455160	15.0	38.0
4	1088872	4.0	28.0
4	3394934	12.0	12.0
4	4221341	18.0	17.0
4	5275587	9.0	30.0
4	6444544	8.0	22.0
4	9452558	9.0	13.0
4	9481905	12.0	14.0
4	10610202	9.0	38.0
4	10698240	10.0	33.0
4	11061669	12.0	20.0
4	11232229	10.0	30.0
4	11555916	13.0	43.0
4	11588665	17.0	30.0
4	11622503	12.0	45.0
4	12414748	10.0	48.0
4	12500021	24.0	30.0
4	14922921	9.0	42.0
4	17083667	7.0	36.0
4	18130010	7.0	44.0
4	19074191	17.0	23.0
4	19780993	12.0	33.0
4	19866968	14.0	33.0
4	20491486	5.0	24.0
4	20988607	14.0	38.0
4	21252412	16.0	43.0
4	22291605	18.0	29.0
4	22358567	7.0	16.0
4	22919215	4.0	49.0
4	23002448	14.0	34.0
4	23674912	11.0	55.0
4	26859055	4.0	12.0
4	27486681	12.0	40.0
4	28478731	27.0	27.0
4	28916638	4.0	44.0
4	28924919	15.0	43.0
4	29013926	19.0	30.0
4	29540924	5.0	43.0
4	29718561	12.0	21.0
4	30087458	12.0	21.0
4	31084305	8.0	35.0
4	32054304	14.0	30.0
4	34056549	18.0	19.0
4	34281928	24.0	28.0
4	34584729	26.0	44.0
4	35008587	12.0	33.0
4	35440224	33.0	35.0
4	37099869	18.0	28.0
4	37725548	15.0	26.0
4	38315491	8.0	41.0
4	38349468	16.0	32.0
4	40191642	20.0	23.0
4	40221240	5.0	34.0
4	41011848	22.0	34.0
4	46591910	13.0	47.0
4	48122244	17.0	23.0
4	49518124	2.0	14.0
4	53730642	26.0	30.0
4	55240154	12.0	33.0
4	55554580	11.0	32.0
4	56868280	28.0	28.0
4	57163510	7.0	37.0
4	57887137	13.0	37.0
4	59113789	22.0	31.0
4	59847641	3.0	33.0
4	60053820	4.0	43.0
4	60777754	11.0	46.0
4	61245217	10.0	40.0
4	61249283	11.0	46.0
4	64585169	18.0	46.0
4	64951469	29.0	21.0
4	65104102	11.0	26.0
4	65155109	16.0	32.0
4	66001365	23.0	41.0
4	66900780	11.0	41.0
4	68257839	9.0	38.0
4	68338133	9.0	34.0
4	69019202	14.0	41.0
4	69653433	23.0	24.0
4	69666320	17.0	36.0
4	70935984	24.0	36.0
4	70944067	8.0	27.0
4	71684094	16.0	29.0
4	73008192	7.0	26.0
4	73114770	4.0	42.0
4	73312789	8.0	55.0
4	75203292	3.0	6.0
4	76269423	12.0	38.0
4	77875542	10.0	40.0
4	78546188	16.0	25.0
4	79953960	17.0	35.0
4	83657775	14.0	32.0
4	83869505	6.0	46.0
4	84752050	13.0	40.0
4	85175618	24.0	29.0
4	85311566	14.0	30.0
4	85372838	21.0	40.0
4	85382143	32.0	29.0
4	88298724	6.0	28.0
4	88820677	6.0	18.0
4	89759891	14.0	16.0
4	91248314	10.0	29.0
4	91499924	11.0	48.0
4	91619969	11.0	29.0
4	91860315	14.0	44.0
4	92226156	17.0	30.0
4	92535312	5.0	56.0
4	92602010	28.0	39.0
4	92742654	30.0	22.0
4	92774910	7.0	40.0
4	92867449	9.0	42.0
4	93005429	17.0	33.0
4	93523116	4.0	47.0
4	94239995	19.0	50.0
4	94307552	18.0	53.0
4	96513010	20.0	33.0
4	97050466	6.0	5.0
4	99667538	11.0	34.0
4	103144088	12.0	36.0
4	104189729	9.0	42.0
4	104618844	1.0	22.0
4	105166288	9.0	24.0
4	105650776	15.0	41.0
4	109237483	6.0	39.0
4	109351870	15.0	49.0
4	109459086	11.0	36.0
4	109535173	13.0	35.0
4	109608573	18.0	30.0
4	110031445	9.0	37.0
4	110621990	12.0	16.0
4	110827155	16.0	37.0
4	110827302	16.0	38.0
4	110828961	16.0	39.0
4	111016742	9.0	35.0
4	111143173	14.0	40.0
4	111937228	13.0	31.0
4	113052855	9.0	28.0
4	113128928	14.0	36.0
4	114112261	15.0	35.0
4	115736764	18.0	13.0
4	116443536	28.0	31.0
4	116560714	16.0	38.0
4	116932507	19.0	34.0
4	116944433	4.0	58.0
4	117083863	11.0	40.0
4	117157781	14.0	28.0
4	117422761	7.0	48.0
4	117705978	7.0	33.0
4	117851955	14.0	42.0
4	118338116	22.0	46.0
4	118367230	24.0	34.0
4	118503276	26.0	32.0
4	118644354	5.0	50.0
4	118801473	32.0	31.0
4	118866636	7.0	33.0
4	119289003	9.0	43.0
4	120117304	27.0	29.0
4	121704840	14.0	35.0
4	123072682	23.0	32.0
4	128245856	18.0	49.0
4	128664071	12.0	47.0
4	130544106	21.0	56.0
4	130587712	7.0	31.0
4	131694344	21.0	35.0
4	132716945	24.0	39.0
4	134148475	15.0	41.0
4	134679763	13.0	32.0
4	135094329	9.0	28.0
4	135991888	22.0	22.0
4	136987886	11.0	45.0
4	137972245	5.0	16.0
4	138795747	11.0	41.0
4	139419353	18.0	33.0
4	140420917	8.0	40.0
4	141802790	17.0	38.0
4	142486394	7.0	12.0
4	143006631	11.0	45.0
4	143730240	9.0	29.0
4	144526935	24.0	33.0
4	145303162	4.0	43.0
4	145627169	31.0	35.0
4	147855450	4.0	36.0
4	148159384	16.0	37.0
4	148401185	13.0	33.0
4	149309565	9.0	35.0
4	150055022	4.0	46.0
4	150424976	8.0	40.0
4	150497989	14.0	43.0
4	155278274	11.0	36.0
4	155871728	21.0	28.0
4	156059723	6.0	44.0
4	156704427	10.0	39.0
4	157016034	4.0	27.0
4	157788811	19.0	37.0
4	159514217	7.0	12.0
4	160560751	32.0	26.0
4	160872746	15.0	57.0
4	160902987	7.0	44.0
4	161768543	17.0	45.0
4	161788730	9.0	49.0
4	162435882	11.0	35.0
4	162901484	14.0	39.0
4	162989548	16.0	39.0
4	163024357	14.0	35.0
4	163154432	13.0	33.0
4	163426501	12.0	49.0
4	163661301	17.0	23.0
4	164569224	6.0	50.0
4	164590095	10.0	45.0
4	164620264	10.0	47.0
4	164738292	12.0	54.0
4	164765855	20.0	42.0
4	167218450	11.0	24.0
4	168163035	20.0	22.0
4	168969502	20.0	27.0
4	170242264	11.0	42.0
4	171549400	14.0	28.0
4	171640255	19.0	36.0
4	171647001	8.0	53.0
4	172388237	14.0	49.0
4	172943418	20.0	35.0
4	172971217	10.0	46.0
4	172987470	10.0	37.0
4	173143150	33.0	33.0
4	175637255	7.0	53.0
4	176952891	9.0	32.0
4	178821319	20.0	35.0
4	178983781	10.0	37.0
4	179537100	10.0	44.0
4	181255867	15.0	39.0
4	181515081	5.0	29.0
4	181792141	14.0	37.0
4	181934867	26.0	28.0
4	182397253	17.0	20.0
4	183300202	18.0	22.0
4	183577591	23.0	29.0
4	185694717	15.0	38.0
4	189416926	25.0	23.0
4	189984640	19.0	41.0
4	190039683	13.0	43.0
4	191040554	19.0	162.0
4	191041061	9.0	135.0
5	578684	25.0	35.0
5	1233386	6.0	26.0
5	1890698	6.0	14.0
5	2142752	9.0	23.0
5	2332114	14.0	33.0
5	2700985	12.0	27.0
5	2734951	23.0	30.0
5	2908672	11.0	34.0
5	2923223	20.0	36.0
5	3658982	12.0	26.0
5	4277932	13.0	48.0
5	5577514	23.0	29.0
5	5929788	12.0	32.0
5	8316991	18.0	38.0
5	8465213	9.0	47.0
5	8661509	8.0	56.0
5	8832376	24.0	29.0
5	8877165	25.0	36.0
5	8952308	18.0	41.0
5	9279952	11.0	49.0
5	9744939	20.0	33.0
5	11014291	19.0	38.0
5	12163155	11.0	46.0
5	12617560	25.0	36.0
5	12700983	28.0	47.0
5	12706185	24.0	43.0
5	13388631	7.0	43.0
5	14387126	7.0	44.0
5	15323472	31.0	37.0
5	15912778	8.0	43.0
5	19015020	5.0	60.0
5	19015041	4.0	65.0
5	19105158	7.0	65.0
5	19370672	18.0	44.0
5	19680151	27.0	40.0
5	20311328	8.0	62.0
5	21278086	26.0	28.0
5	22267420	14.0	36.0
5	22341421	13.0	51.0
5	23019813	27.0	42.0
5	23061509	4.0	53.0
5	23113296	16.0	48.0
5	23221502	7.0	50.0
5	23495763	13.0	51.0
5	23509091	15.0	23.0
5	23887957	4.0	48.0
5	23954954	30.0	31.0
5	24002484	9.0	35.0
5	24363440	25.0	33.0
5	24403240	11.0	58.0
5	24481529	33.0	39.0
5	24608806	16.0	38.0
5	24853416	24.0	29.0
5	25203893	9.0	32.0
5	25666258	13.0	28.0
5	26130109	15.0	43.0
5	26214574	9.0	51.0
5	26859858	15.0	44.0
5	28070132	11.0	60.0
5	29053909	9.0	39.0
5	29378367	10.0	56.0
5	29563882	8.0	45.0
5	30891404	11.0	52.0
5	30891817	10.0	53.0
5	30946172	17.0	52.0
5	33041074	11.0	40.0
5	33387840	7.0	26.0
5	34702525	9.0	16.0
5	38605248	22.0	34.0
5	39030830	11.0	58.0
5	40216234	7.0	50.0
5	41195765	26.0	45.0
5	41570483	8.0	22.0
5	41673719	13.0	47.0
5	43642703	24.0	36.0
5	43653862	15.0	37.0
5	43977408	29.0	60.0
5	44589928	23.0	30.0
5	44955938	14.0	52.0
5	45620509	7.0	44.0
5	46046024	13.0	58.0
5	46350226	16.0	47.0
5	50351462	24.0	16.0
5	51139324	26.0	5.0
5	51165601	7.0	17.0
5	51768129	5.0	19.0
5	52277689	36.0	20.0
5	55402875	26.0	31.0
5	57822763	24.0	14.0
5	58189993	28.0	22.0
5	61313929	21.0	20.0
5	61778642	6.0	41.0
5	62907856	31.0	17.0
5	65011257	6.0	29.0
5	71448430	4.0	17.0
5	72802004	24.0	20.0
5	76098927	11.0	41.0
5	84278867	17.0	35.0
5	93465956	27.0	23.0
5	95174805	18.0	9.0
5	95398096	34.0	24.0
5	97414284	37.0	23.0
5	97672903	23.0	16.0
5	98940953	31.0	20.0
5	99281021	20.0	19.0
5	99967700	41.0	23.0
5	106047549	31.0	18.0
5	106512295	6.0	30.0
5	109643213	8.0	32.0
5	109643559	5.0	40.0
5	111320773	19.0	15.0
5	111320876	20.0	22.0
5	112337429	19.0	21.0
5	112961896	25.0	15.0
5	119610237	25.0	28.0
5	119811022	12.0	17.0
5	120619779	26.0	16.0
5	120737038	27.0	20.0
5	124664355	6.0	25.0
5	130162445	7.0	20.0
5	133424858	10.0	5.0
5	138047220	19.0	10.0
5	140550384	24.0	13.0
5	142498473	14.0	26.0
5	143826555	12.0	46.0
5	147414556	28.0	15.0
5	153331031	18.0	10.0
5	154764878	27.0	16.0
5	161191838	17.0	22.0
5	161537664	34.0	16.0
5	162086841	33.0	23.0
5	163086709	20.0	21.0
5	164501927	7.0	14.0
5	166101947	30.0	20.0
5	166509369	14.0	16.0
5	168605117	32.0	15.0
5	169682488	9.0	21.0
5	170473781	5.0	33.0
5	177479381	32.0	27.0
5	180448778	25.0	19.0
6	2915716	14.0	11.0
6	7078871	4.0	19.0
6	9767578	23.0	21.0
6	9865953	12.0	25.0
6	10153418	33.0	23.0
6	10292539	17.0	10.0
6	12030028	23.0	16.0
6	12676814	30.0	29.0
6	15185202	4.0	25.0
6	17839725	20.0	17.0
6	18809481	31.0	17.0
6	25745279	11.0	19.0
6	26010049	17.0	25.0
6	26579016	25.0	13.0
6	27611032	15.0	7.0
6	27999010	15.0	34.0
6	29917214	9.0	10.0
6	31168982	13.0	7.0
6	36279620	20.0	12.0
6	41907594	16.0	16.0
6	43629419	7.0	11.0
6	44044272	4.0	9.0
6	46671463	10.0	33.0
6	48087351	25.0	17.0
6	48555851	23.0	26.0
6	48892830	18.0	14.0
6	49619323	27.0	20.0
6	50531508	16.0	18.0
6	54480917	15.0	21.0
6	54866308	6.0	26.0
6	55069014	10.0	29.0
6	56036309	32.0	15.0
6	61974792	24.0	21.0
6	62752902	8.0	36.0
6	63488894	14.0	36.0
6	65382530	24.0	8.0
6	72625662	19.0	23.0
6	76969623	15.0	19.0
6	77212587	26.0	16.0
6	77987376	12.0	13.0
6	81853034	13.0	28.0
6	86201795	11.0	36.0
6	86532905	8.0	32.0
6	88567701	7.0	16.0
6	89106478	15.0	30.0
6	92086996	14.0	24.0
6	92247523	24.0	14.0
6	92627634	24.0	18.0
6	93696337	26.0	23.0
6	94478457	3.0	11.0
6	94975320	21.0	22.0
6	95027792	9.0	31.0
6	95869586	27.0	15.0
6	97397936	19.0	22.0
6	98370957	26.0	6.0
6	99636026	12.0	26.0
6	100405742	27.0	21.0
6	101076578	7.0	37.0
6	103064933	19.0	14.0
6	103305833	21.0	19.0
6	103958287	30.0	18.0
6	104417122	4.0	48.0
6	104989762	11.0	31.0
6	105122564	18.0	17.0
6	106394568	20.0	23.0
6	108315449	19.0	11.0
6	111426932	26.0	10.0
6	112082823	9.0	26.0
6	112812421	13.0	18.0
6	113013738	35.0	24.0
6	113460939	22.0	18.0
6	115632960	20.0	15.0
6	115684536	13.0	20.0
6	117111727	22.0	42.0
6	119223031	8.0	23.0
6	119407567	26.0	19.0
6	119838751	14.0	31.0
6	124284285	9.0	41.0
6	125308108	4.0	47.0
6	125816040	28.0	15.0
6	132661208	4.0	24.0
6	132936244	33.0	9.0
6	134979782	18.0	21.0
6	135947348	10.0	27.0
6	137471661	6.0	22.0
6	138516640	26.0	15.0
6	139944095	22.0	7.0
6	140268216	24.0	19.0
6	145269332	23.0	23.0
6	149952507	15.0	9.0
6	156351694	23.0	16.0
6	157011674	16.0	34.0
6	158913051	13.0	15.0
6	163828413	6.0	20.0
6	164210589	16.0	13.0
6	168904842	8.0	25.0
6	169714472	6.0	17.0
7	344885	5.0	24.0
7	3611026	19.0	45.0
7	7193362	26.0	40.0
7	7433804	18.0	36.0
7	8204677	15.0	41.0
7	9781807	6.0	52.0
7	10151966	24.0	37.0
7	10519077	19.0	62.0
7	10556122	8.0	71.0
7	10925851	13.0	27.0
7	11421203	15.0	50.0
7	13191513	9.0	60.0
7	13794250	16.0	66.0
7	14036708	21.0	30.0
7	18591559	20.0	37.0
7	19104694	29.0	48.0
7	21229718	20.0	52.0
7	21235503	14.0	58.0
7	25476138	17.0	51.0
7	26363217	23.0	41.0
7	26375598	7.0	12.0
7	26549602	19.0	41.0
7	28032319	24.0	46.0
7	28347055	18.0	39.0
7	29423351	29.0	38.0
7	29583509	27.0	51.0
7	31312082	14.0	51.0
7	32146313	27.0	46.0
7	33122236	23.0	26.0
7	33172836	30.0	51.0
7	33771016	11.0	25.0
7	33869995	27.0	40.0
7	35190754	14.0	28.0
7	36184360	14.0	55.0
7	37251301	13.0	46.0
7	39659939	7.0	51.0
7	44431021	17.0	23.0
7	46550873	16.0	47.0
7	47528328	13.0	19.0
7	48204222	10.0	63.0
7	49536477	23.0	43.0
7	49815736	22.0	36.0
7	49981307	22.0	39.0
7	50336062	29.0	38.0
7	51087524	26.0	37.0
7	51643954	3.0	50.0
7	51842063	10.0	21.0
7	52072145	14.0	43.0
7	52120509	30.0	40.0
7	52395844	7.0	62.0
7	52456519	15.0	47.0
7	52497742	6.0	55.0
7	52906599	3.0	61.0
7	53134510	18.0	31.0
7	53573900	22.0	40.0
7	53596069	13.0	44.0
7	53843152	18.0	61.0
7	55005611	26.0	42.0
7	56375711	16.0	39.0
7	56620706	22.0	29.0
7	61849329	19.0	34.0
7	62494411	26.0	26.0
7	63675552	18.0	45.0
7	63973803	9.0	32.0
7	66613784	8.0	35.0
7	67022242	13.0	41.0
7	68550329	12.0	41.0
7	68699581	8.0	31.0
7	68719870	4.0	40.0
7	68719875	4.0	44.0
7	69010135	13.0	33.0
7	69930904	7.0	29.0
7	70881221	7.0	28.0
7	71450406	11.0	45.0
7	75259086	7.0	24.0
7	78250561	17.0	34.0
7	79574218	4.0	41.0
7	80721642	12.0	29.0
7	80821884	17.0	37.0
7	82294146	26.0	26.0
7	82727643	26.0	43.0
7	82770011	13.0	42.0
7	83188584	20.0	54.0
7	83511613	17.0	44.0
7	84525518	4.0	54.0
7	84890337	15.0	32.0
7	85355086	19.0	41.0
7	85930308	14.0	37.0
7	87433000	10.0	48.0
7	87496943	19.0	20.0
7	87778931	12.0	37.0
7	88332040	7.0	50.0
7	89062624	15.0	34.0
7	89110419	11.0	22.0
7	89169232	11.0	30.0
7	89911868	16.0	35.0
7	90584388	14.0	43.0
7	90603186	4.0	51.0
7	90919638	16.0	40.0
7	93117315	16.0	36.0
7	93620771	17.0	34.0
7	96591319	13.0	42.0
7	97443339	8.0	60.0
7	99691897	7.0	26.0
7	100199689	5.0	6.0
7	103216243	20.0	28.0
7	103404122	23.0	31.0
7	106441961	5.0	51.0
7	107418701	19.0	29.0
7	107703557	14.0	36.0
7	108540137	9.0	20.0
7	109521708	10.0	49.0
7	109594544	13.0	47.0
7	112319392	26.0	29.0
7	112860192	12.0	43.0
7	112925698	9.0	47.0
7	113377959	15.0	39.0
7	115335568	12.0	49.0
7	117193370	23.0	29.0
7	117318210	31.0	28.0
7	117432487	7.0	35.0
7	118227073	8.0	45.0
7	118591954	6.0	41.0
7	118876171	11.0	36.0
7	119016445	4.0	58.0
7	119125994	11.0	28.0
7	122033747	9.0	37.0
7	122089282	11.0	47.0
7	122290736	19.0	21.0
7	122327713	24.0	32.0
7	122933441	29.0	30.0
7	123602915	11.0	39.0
7	123830770	12.0	34.0
7	124147285	11.0	41.0
7	124376242	16.0	36.0
7	125249886	13.0	45.0
7	125868869	12.0	48.0
7	127213184	17.0	32.0
7	132560265	19.0	44.0
7	134644168	21.0	10.0
7	134906570	30.0	24.0
7	134937468	14.0	23.0
7	135643803	14.0	39.0
7	136289074	10.0	36.0
7	136714427	18.0	47.0
7	138855383	6.0	56.0
7	140839078	8.0	32.0
7	141361058	15.0	46.0
7	141628108	22.0	31.0
7	142146506	11.0	38.0
7	143747180	12.0	53.0
7	144654714	16.0	34.0
7	145698873	6.0	43.0
7	145984127	15.0	46.0
7	146077122	16.0	42.0
7	146251869	9.0	40.0
7	146659746	13.0	25.0
7	146724055	13.0	33.0
7	147029231	10.0	32.0
7	147082568	7.0	42.0
7	147201162	20.0	30.0
7	147802217	17.0	45.0
7	149133160	13.0	36.0
7	150025695	11.0	33.0
7	150582277	7.0	49.0
7	153173668	11.0	34.0
7	153799455	7.0	20.0
7	153890337	8.0	38.0
7	154006208	11.0	45.0
7	155688984	12.0	37.0
7	155830796	20.0	20.0
7	156259182	11.0	38.0
7	156389908	2.0	28.0
7	157992645	29.0	30.0
7	158707376	10.0	58.0
7	158928181	5.0	28.0
8	1909614	10.0	13.0
8	2305097	8.0	41.0
8	2866615	12.0	37.0
8	2968190	17.0	35.0
8	3129133	11.0	55.0
8	3235702	22.0	23.0
8	3249274	21.0	19.0
8	4080784	7.0	39.0
8	4354708	4.0	41.0
8	4545432	20.0	39.0
8	4944301	29.0	24.0
8	5557437	8.0	46.0
8	5867077	12.0	45.0
8	9648816	11.0	30.0
8	10097197	13.0	44.0
8	11507473	6.0	15.0
8	12629325	3.0	60.0
8	13521551	31.0	29.0
8	13824902	13.0	49.0
8	14237333	7.0	24.0
8	14294441	13.0	50.0
8	15735114	9.0	37.0
8	15785666	20.0	28.0
8	18675762	17.0	21.0
8	18825380	14.0	48.0
8	19921060	12.0	49.0
8	20721136	29.0	23.0
8	20921586	10.0	51.0
8	24354002	18.0	45.0
8	25013979	31.0	28.0
8	25124366	24.0	29.0
8	25768859	23.0	31.0
8	27255452	8.0	36.0
8	29256982	31.0	34.0
8	29759253	17.0	32.0
8	30294579	14.0	12.0
8	31001350	17.0	58.0
8	31681552	23.0	29.0
8	33868573	13.0	44.0
8	34069090	15.0	36.0
8	36098317	16.0	44.0
8	36404750	23.0	22.0
8	39350302	9.0	45.0
8	39659208	12.0	13.0
8	39920936	21.0	25.0
8	40949568	8.0	43.0
8	41403566	6.0	33.0
8	41748237	5.0	15.0
8	42510340	7.0	33.0
8	47081743	10.0	35.0
8	47698284	11.0	46.0
8	47988496	12.0	41.0
8	48387321	26.0	39.0
8	50642235	26.0	30.0
8	50663178	15.0	41.0
8	52062734	26.0	39.0
8	52676471	23.0	28.0
8	52779164	14.0	35.0
8	53442415	7.0	40.0
8	55755976	12.0	22.0
8	56020822	15.0	29.0
8	57589135	12.0	39.0
8	60123652	14.0	44.0
8	60914187	9.0	38.0
8	61291056	6.0	41.0
8	62828033	14.0	34.0
8	63822436	5.0	45.0
8	63974084	4.0	38.0
8	64702471	21.0	28.0
8	65068068	23.0	30.0
8	65845368	27.0	29.0
8	66800119	4.0	65.0
8	67613006	8.0	16.0
8	68342901	18.0	27.0
8	68378389	16.0	28.0
8	68408892	15.0	12.0
8	68633846	8.0	33.0
8	69343709	17.0	43.0
8	69746227	11.0	45.0
8	70546772	11.0	31.0
8	71312416	11.0	41.0
8	72340456	9.0	41.0
8	72365803	4.0	41.0
8	72613314	8.0	43.0
8	74664486	7.0	44.0
8	75121114	22.0	29.0
8	76031470	12.0	55.0
8	76832117	28.0	31.0
8	77763219	16.0	48.0
8	78255060	12.0	31.0
8	78255106	18.0	26.0
8	78737954	6.0	47.0
8	81016145	15.0	55.0
8	82214322	13.0	36.0
8	82499041	14.0	35.0
8	83374903	22.0	26.0
8	83393544	10.0	45.0
8	83393560	9.0	46.0
8	83839839	14.0	37.0
8	84208443	23.0	30.0
8	84236343	24.0	28.0
8	85085480	17.0	47.0
8	85241304	16.0	52.0
8	85299777	12.0	50.0
8	85441927	12.0	43.0
8	86504584	13.0	39.0
8	92868377	11.0	42.0
8	98407015	10.0	40.0
8	99444250	19.0	45.0
8	100066051	5.0	33.0
8	100116314	31.0	24.0
8	102992551	15.0	19.0
8	103925091	10.0	39.0
8	105887922	11.0	53.0
8	108617253	13.0	45.0
8	109053818	10.0	40.0
8	109498788	22.0	16.0
8	109925131	16.0	33.0
8	111154752	31.0	37.0
8	111656901	25.0	40.0
8	111908841	4.0	43.0
8	112185882	6.0	51.0
8	112537326	13.0	51.0
8	112789239	9.0	45.0
8	112789395	16.0	50.0
8	112882975	6.0	33.0
8	112921989	14.0	42.0
8	113470371	9.0	36.0
8	113986392	16.0	46.0
8	114369159	35.0	31.0
8	114673305	10.0	37.0
8	114699490	14.0	36.0
8	114976081	23.0	26.0
8	116417661	6.0	56.0
8	116479123	13.0	39.0
8	118172076	13.0	56.0
8	118612735	24.0	19.0
8	119125872	9.0	18.0
8	119878680	13.0	38.0
8	120088115	8.0	14.0
8	120684577	11.0	12.0
8	121583189	12.0	36.0
8	122681025	4.0	14.0
8	123364241	24.0	27.0
8	126162630	12.0	41.0
8	126182267	7.0	40.0
8	126556160	10.0	41.0
8	127260910	11.0	39.0
8	129375052	15.0	32.0
8	129599037	23.0	37.0
8	130109770	17.0	37.0
8	131850663	13.0	41.0
8	132313947	29.0	31.0
8	132545962	14.0	40.0
8	132598863	28.0	39.0
8	133654742	21.0	24.0
8	136815771	20.0	23.0
8	136977952	12.0	34.0
8	137014505	13.0	36.0
8	137034001	11.0	45.0
8	137486904	8.0	35.0
8	137657472	7.0	52.0
8	137777903	19.0	36.0
8	137865217	14.0	33.0
8	138026921	27.0	32.0
8	138200318	8.0	5.0
8	138442559	18.0	38.0
8	138442575	17.0	42.0
8	138696007	21.0	30.0
8	139022994	12.0	37.0
8	139403446	7.0	23.0
8	139409499	10.0	35.0
8	139461973	14.0	22.0
8	139738833	7.0	26.0
8	139751424	20.0	31.0
8	140456726	14.0	43.0
8	140476478	23.0	30.0
8	140521089	15.0	31.0
8	142895864	3.0	18.0
9	3149571	34.0	11.0
9	10319225	30.0	18.0
9	10542273	37.0	13.0
9	13614156	8.0	47.0
9	14553570	10.0	48.0
9	14659302	11.0	36.0
9	32255124	27.0	13.0
9	38471760	6.0	45.0
9	44183127	9.0	41.0
9	44183155	5.0	38.0
9	72215746	9.0	30.0
9	73572171	22.0	9.0
9	74287324	29.0	19.0
9	75461985	28.0	14.0
9	75998401	26.0	20.0
9	76597640	23.0	20.0
9	76599979	3.0	23.0
9	77038611	26.0	19.0
9	77388437	24.0	18.0
9	77536044	23.0	18.0
9	78982239	23.0	15.0
9	80732610	4.0	22.0
9	81803917	37.0	11.0
9	82257296	8.0	25.0
9	83039599	26.0	14.0
9	87285978	10.0	25.0
9	94094891	12.0	18.0
9	96734806	14.0	39.0
9	105244095	17.0	19.0
9	110414804	17.0	25.0
9	111574773	12.0	21.0
9	121202641	9.0	21.0
9	126948292	17.0	17.0
9	127459608	29.0	39.0
9	128100505	9.0	50.0
9	128174945	14.0	21.0
9	130362286	11.0	18.0
9	134859953	15.0	56.0
9	135681273	11.0	47.0
9	136195961	15.0	32.0
9	140129657	3.0	9.0
9	140823742	15.0	44.0
X	311780	3.0	5.0
X	818934	6.0	36.0
X	1237315	4.0	11.0
X	1559133	7.0	4.0
X	1981597	6.0	23.0
X	4210461	5.0	19.0
X	4855791	9.0	14.0
X	5721795	20.0	6.0
X	5847152	32.0	15.0
X	6241556	19.0	8.0
X	6553954	6.0	26.0
X	6601701	31.0	8.0
X	6634982	11.0	17.0
X	6933423	6.0	20.0
X	6933450	8.0	27.0
X	7731849	12.0	13.0
X	7737003	6.0	24.0
X	8773380	31.0	7.0
X	9760405	10.0	22.0
X	11863343	3.0	40.0
X	11960336	6.0	15.0
X	13371316	6.0	12.0
X	14213554	15.0	5.0
X	14815297	26.0	6.0
X	18359743	11.0	18.0
X	18367906	15.0	4.0
X	25505299	27.0	3.0
X	27621485	27.0	6.0
X	28074504	16.0	13.0
X	30479025	17.0	8.0
X	31966361	29.0	17.0
X	32348739	28.0	8.0
X	33878241	36.0	7.0
X	33947811	21.0	4.0
X	34910767	15.0	6.0
X	41623998	15.0	20.0
X	42558149	10.0	19.0
X	43736441	12.0	19.0
X	44948792	4.0	19.0
X	51021315	31.0	13.0
X	51111110	12.0	18.0
X	55240613	12.0	25.0
X	55609896	11.0	16.0
X	55817885	6.0	10.0
X	61800800	26.0	15.0
X	61816528	29.0	10.0
X	62105572	26.0	7.0
X	62269525	24.0	3.0
X	63606322	15.0	4.0
X	63847561	6.0	26.0
X	65062265	33.0	6.0
X	66350162	11.0	23.0
X	67814385	9.0	19.0
X	72450665	7.0	13.0
X	74018620	9.0	21.0
X	74971341	32.0	9.0
X	78055220	30.0	3.0
X	79130447	5.0	35.0
X	80227011	29.0	11.0
X	80228363	13.0	2.0
X	80521592	17.0	7.0
X	80951540	29.0	4.0
X	82041056	21.0	12.0
X	82585162	5.0	27.0
X	84340263	23.0	9.0
X	84427546	11.0	16.0
X	84947033	5.0	27.0
X	85403928	17.0	4.0
X	85684888	21.0	8.0
X	87036172	12.0	16.0
X	90340726	9.0	17.0
X	92053910	3.0	29.0
X	92770456	11.0	21.0
X	93775121	16.0	17.0
X	94004619	21.0	11.0
X	97996474	5.0	24.0
X	98593229	12.0	19.0
X	99587954	22.0	4.0
X	100436436	27.0	10.0
X	100827722	5.0	27.0
X	103803637	18.0	8.0
X	105645440	6.0	14.0
X	105871077	23.0	15.0
X	108096145	31.0	13.0
X	111528194	22.0	10.0
X	111630181	28.0	6.0
X	112661241	13.0	25.0
X	113506026	39.0	11.0
X	114122446	19.0	1.0
X	115581485	15.0	21.0
X	115786563	22.0	12.0
X	115803707	33.0	11.0
X	115878871	25.0	10.0
X	116150046	38.0	5.0
X	116166893	27.0	8.0
X	116740031	20.0	8.0
X	116956881	16.0	8.0
X	119474498	24.0	10.0
X	122054106	30.0	6.0
X	122175174	9.0	25.0
X	125280821	23.0	10.0
X	125545165	27.0	5.0
X	126325273	25.0	11.0
X	126461406	20.0	10.0
X	126637317	4.0	34.0
X	128565253	1.0	16.0
X	128565255	1.0	18.0
X	130710887	10.0	21.0
X	133198506	19.0	6.0
X	133261571	18.0	4.0
X	134167594	12.0	21.0
X	137014515	10.0	17.0
X	139979474	14.0	14.0
X	140049920	4.0	5.0
X	140860100	16.0	18.0
X	141389436	22.0	9.0
X	141389651	29.0	11.0
X	141598708	15.0	25.0
X	143072567	21.0	11.0
X	143398447	8.0	27.0
X	143469549	6.0	6.0
X	143573898	31.0	6.0
X	144721143	16.0	7.0
X	144768595	28.0	5.0
X	144839288	26.0	9.0
X	144936277	16.0	11.0
X	144936278	16.0	11.0
X	144954899	17.0	4.0
X	145408393	29.0	10.0
X	145624873	9.0	26.0
X	148024885	12.0	27.0
X	148417978	6.0	27.0
X	148417987	6.0	28.0
X	150005728	8.0	15.0
X	150071923	14.0	7.0
X	152785723	10.0	5.0
X	154180799	10.0	3.0
X	155011478	12.0	43.0
X	155220229	12.0	31.0
Y	4670733	8.0	6.0
Y	22777713	14.0	10.0
Y	23465722	5.0	6.0
