chromosome_index position alt_count ref_count
1 43916447 5 41
1 75086505 23 142
1 92185570 44 134
1 93169005 31 102
1 93169006 32 102
1 180959145 14 82
1 184764091 236 212
1 201355707 8 218
1 204518254 9 250
1 211654728 6 53
2 11741042 29 172
2 11741046 24 166
2 50149200 40 210
2 67637095 44 252
2 71839934 7 42
2 73680484 22 122
2 75196559 64 391
2 90260042 77 333
2 102636142 12 86
2 136594681 53 188
2 178417285 19 10
3 42741274 5 25
3 51274942 8 39
3 101284410 40 247
3 164777005 9 100
3 183014888 63 328
4 2661684 81 70
4 30726071 6 14
4 71472119 8 41
4 77230934 7 69
4 110619483 91 144
4 115748943 29 152
5 54404085 54 32
5 82836625 41 95
5 131994030 6 7
5 140595880 8 26
5 140741916 7 87
5 180582342 62 105
6 29365185 71 515
6 29365186 70 523
6 39285600 6 22
6 62611219 30 212
6 90039598 26 105
6 149395034 10 134
7 86468360 14 168
7 92985338 17 124
7 105187424 27 166
7 107342418 20 155
7 122811924 37 270
7 134261796 34 382
7 150772563 12 73
7 157387998 5 37
8 17407850 15 31
8 145947298 6 157
9 80049381 10 53
10 7822036 140 240
10 12803024 24 206
10 35468244 30 179
10 87406804 20 88
10 104678630 9 13
11 61041992 15 82
11 92085537 23 44
11 110450709 20 71
11 111845747 5 16
12 32145408 68 358
12 58189959 11 60
13 111372144 17 3
14 21860877 138 225
14 94079386 56 136
15 22368759 162 1046
15 32450703 27 157
15 40684206 79 281
15 76452443 29 86
16 30999120 31 45
16 31510846 5 43
16 61689507 24 135
17 7578265 135 46
17 10303815 6 177
17 10354093 25 197
17 39889011 30 67
18 19429212 57 161
18 24035660 28 65
19 17291814 15 138
19 50314899 29 508
20 34091857 43 35
20 40770604 59 446
22 18384707 33 75
22 23055635 11 30
