chromosome_index position alt_count ref_count
1 151502428 92 91
1 154471704 35 88
1 201166405 33 80
1 207669654 4 32
1 214170147 7 140
1 241661272 30 78
2 77746638 24 69
2 89976362 19 447
2 135738691 22 54
3 63981359 95 245
5 14497115 35 99
6 31431638 26 31
6 32037362 7 97
6 133849920 14 244
7 75145521 182 312
7 92932815 13 24
7 128482660 11 98
8 29037680 137 199
8 87443954 5 123
8 133829702 8 56
9 84608041 93 100
9 93375537 111 157
10 15688856 6 83
10 88718401 4 46
11 2432685 23 50
11 124135723 14 214
11 134131026 67 83
12 57440666 13 155
13 39438496 9 108
15 91517424 18 187
16 20871250 80 107
16 32893883 52 384
16 61687954 46 108
16 89627425 32 35
17 4871031 16 51
17 48148253 86 128
17 67081770 12 274
18 31224902 4 38
18 44560193 53 80
19 12574997 54 127
19 19654855 27 49
19 52327625 62 84
20 36870194 38 132
21 15599303 125 171
