chromosome_index	start_position	end_position	major_cn	minor_cn	total_cn
1	61735	162324445	1	1	2
1	162325613	249224388	2	1	3
2	12784	243089456	1	1	2
3	60345	197896118	1	1	2
4	12281	191027923	1	1	2
5	15532	180790320	1	1	2
6	149661	80453074	1	1	2
6	80453170	171051005	1	0	1
7	43259	55710088	1	1	2
7	55710103	76277909	2	1	3
7	76282709	159127004	1	1	2
8	31254	8448688	1	0	1
8	8450418	43532226	1	1	2
8	43532850	66491676	3	0	3
8	66493742	146298155	2	2	4
9	46587	141091394	1	1	2
10	72759	44953571	1	1	2
10	44953629	59176431	1	0	1
10	59178459	135506704	1	1	2
11	198572	134944770	1	1	2
12	150442	56372588	1	1	2
12	56376810	56604489	11	3	14
12	56607927	63918671	1	1	2
12	63919488	64377169	5	1	6
12	64378900	69134402	1	1	2
12	69136425	71713098	10	1	11
12	71713517	72465057	1	1	2
12	72466385	73889769	8	1	9
12	73890104	76462612	1	1	2
12	76466230	76985289	14	1	15
12	76986783	77315273	7	1	8
12	77316860	93454686	1	0	1
12	93454823	93781195	9	3	12
12	93782868	133778189	1	1	2
13	19026949	115108397	1	1	2
14	19002124	22533887	1	1	2
14	22533957	22943648	2	2	4
14	22943705	107285437	1	1	2
15	20016328	46846088	1	0	1
15	46846206	102469040	1	1	2
16	60777	4773865	1	1	2
16	4774237	53419611	2	1	3
16	53424745	90287535	1	1	2
17	526	37766439	1	1	2
17	37779521	38472590	11	1	12
17	38472620	45957591	1	0	1
17	45958511	46448597	11	2	13
17	46448760	46978180	4	1	5
17	46988044	48777966	13	1	14
17	48780881	49888900	29	0	29
17	49889215	50193787	15	1	16
17	50195708	50613653	5	2	7
17	50613712	51180792	16	1	17
17	51181007	51780401	9	1	10
17	51781250	53381885	2	2	4
17	53382485	53925001	1	1	2
17	53930680	58564118	2	1	3
17	58567047	59645585	1	1	2
17	59658120	61593000	2	2	4
17	61596405	81049726	1	1	2
18	48133	22986179	1	1	2
18	22987297	78015057	1	0	1
19	90910	36332522	1	1	2
19	36332620	56602374	2	1	3
19	56608641	56829817	1	0	1
19	56835949	59097854	2	1	3
20	61305	62956153	2	1	3
21	10736871	48096957	1	1	2
22	16052528	51234455	1	1	2
