chromosome_index position alt_count ref_count
1 15771156 11 53
1 234743247 53 173
2 27598749 19 76
2 37586819 5 105
2 110919218 22 84
2 162730485 6 30
2 179598118 19 182
2 219746998 11 63
3 10188315 55 171
3 47043759 3 19
3 52236547 20 76
3 186459690 6 32
4 47427845 3 71
6 4125471 37 103
6 7230362 12 36
6 24714642 16 144
6 46657418 51 144
6 64416765 51 199
6 100061916 3 46
6 150174138 15 78
7 95614210 10 259
7 113559039 22 121
7 139724549 31 66
8 63492147 41 164
9 127118949 5 33
9 133760875 28 83
11 430378 4 38
11 59361486 14 44
11 68704210 3 51
12 25264775 41 150
12 120636946 13 67
13 25466970 43 225
14 61789073 4 57
14 69349260 3 53
15 34544539 19 92
15 49170496 5 48
16 2817282 32 110
17 41197795 12 75
19 6681963 63 200
19 18466813 22 79
20 30064360 20 74
21 47542435 12 71
