chromosome_index	start_position	end_position	major_cn	minor_cn	total_cn
1	61735	249224388	2	1	3
2	12784	33947264	2	2	4
2	33947985	36610069	3	2	5
2	36610325	48821306	2	2	4
2	48821941	53593857	3	2	5
2	53594233	243089456	2	2	4
3	60345	197896118	2	0	2
4	12281	191027923	2	1	3
5	15532	14071861	3	2	5
5	14072057	17395269	2	2	4
5	17395944	30245758	3	2	5
5	30246152	180790320	2	2	4
6	149661	171051005	1	1	2
7	43259	159127004	2	1	3
8	31254	82713823	2	2	4
8	82726201	90961512	3	2	5
8	90961615	146298155	2	2	4
9	46587	141091394	2	1	3
10	72759	36031497	2	1	3
10	36033211	42787842	3	1	4
10	42790028	68715042	2	1	3
10	68715930	135506704	1	1	2
11	198572	38458932	2	2	4
11	38460043	43517027	3	2	5
11	43517122	48340957	2	2	4
11	48345958	55474227	3	2	5
11	55475356	134944770	2	2	4
12	150442	126238948	2	2	4
12	126240938	130348733	3	2	5
12	130348817	133778189	2	2	4
13	19026949	115108397	2	1	3
14	19002124	107285437	2	1	3
15	20016328	28239710	3	2	5
15	28239735	94187081	2	2	4
15	94187613	98936776	3	2	5
15	98937552	102469040	2	2	4
16	60777	5542362	2	1	3
16	5542382	35283226	2	2	4
16	46463782	90287535	2	1	3
17	526	49846126	2	2	4
17	49846263	52870514	3	2	5
17	52870855	81049726	2	2	4
18	48133	78015057	2	1	3
19	90910	20342393	2	2	4
19	20352206	29031140	3	2	5
19	29031844	59097854	2	2	4
20	61305	62956153	2	2	4
21	10736871	48096957	2	2	4
22	16052528	17561913	3	2	5
22	17565013	51234455	2	2	4
