chromosome_index	start_position	end_position	major_cn	minor_cn	total_cn
1	10001	790008	2.0	2.0	4.0
1	790009	121353601	2.0	2.0	4.0
1	121353602	128899999	2.0	2.0	4.0
1	128900000	247247500	2.0	2.0	4.0
1	247247501	249250620	2.0	2.0	4.0
2	11320	90499999	2.0	2.0	4.0
2	90500000	96799999	2.0	2.0	4.0
2	96800000	242985695	2.0	2.0	4.0
3	100074	75423244	2.0	1.0	3.0
3	75423245	75643401	2.0	1.0	3.0
3	75643402	87899999	2.0	1.0	3.0
3	87900000	93899999	2.0	1.0	3.0
3	93900000	197816684	2.0	1.0	3.0
4	27500	46974146	2.0	1.0	3.0
4	46974147	47015744	2.0	1.0	3.0
4	47015745	48199999	2.0	1.0	3.0
4	48200000	52699999	2.0	1.0	3.0
4	52700000	191154275	2.0	1.0	3.0
5	14676	45900014	3.0	2.0	5.0
5	45900015	46099999	3.0	2.0	5.0
5	46100000	50699999	3.0	2.0	5.0
5	50700000	180689978	3.0	2.0	5.0
6	39681	249442	2.0	2.0	4.0
6	249443	384470	2.0	2.0	4.0
6	384471	58699999	2.0	2.0	4.0
6	58700000	63299999	2.0	2.0	4.0
6	63300000	170899934	2.0	2.0	4.0
7	40386	57999999	2.0	2.0	4.0
7	58000000	62439961	2.0	2.0	4.0
7	62439962	158817500	2.0	2.0	4.0
8	10001	199994	2.0	1.0	3.0
8	199995	43099999	2.0	1.0	3.0
8	43100000	48099999	2.0	1.0	3.0
8	48100000	146364021	2.0	1.0	3.0
9	10001	200100	2.0	2.0	4.0
9	200101	47299999	2.0	2.0	4.0
9	47300000	50699999	2.0	2.0	4.0
9	50700000	68419975	2.0	2.0	4.0
9	68419976	140267500	2.0	2.0	4.0
9	140267501	141019790	2.0	2.0	4.0
10	102500	37999999	2.0	1.0	3.0
10	38000000	42299999	2.0	1.0	3.0
10	42300000	81724820	2.0	1.0	3.0
10	81724821	135389924	1.0	1.0	2.0
11	20721	187499	1.0	1.0	2.0
11	187500	51599999	1.0	1.0	2.0
11	51600000	55699999	1.0	1.0	2.0
11	55700000	134442500	1.0	1.0	2.0
12	110107	196574	3.0	1.0	4.0
12	196575	9629557	3.0	1.0	4.0
12	9629558	33299999	3.0	1.0	4.0
12	33300000	38423014	3.0	1.0	4.0
12	38423015	132342500	3.0	1.0	4.0
12	132342501	133851894	3.0	1.0	4.0
13	1	16299999	1.0	1.0	2.0
13	16300000	19499999	1.0	1.0	2.0
13	19500000	114137500	1.0	1.0	2.0
13	114137501	115169877	1.0	1.0	2.0
14	1	16099999	2.0	2.0	4.0
14	19100000	20375050	2.0	1.0	3.0
14	20375051	106362500	2.0	2.0	4.0
15	1	15799999	2.0	2.0	4.0
15	15800000	20699999	2.0	2.0	4.0
15	20700000	100332500	2.0	2.0	4.0
15	100332501	102399919	2.0	2.0	4.0
16	84130	33841707	1.0	1.0	2.0
16	33841708	38599999	1.0	1.0	2.0
16	38600000	46447499	1.0	1.0	2.0
16	46447500	88822500	1.0	1.0	2.0
16	88822501	90354752	1.0	1.0	2.0
17	12500	22199999	2.0	2.0	4.0
17	22200000	25799999	2.0	2.0	4.0
17	25800000	78772500	2.0	2.0	4.0
17	78772501	81195209	2.0	2.0	4.0
18	27500	130030	3.0	3.0	6.0
18	130031	15399999	3.0	3.0	6.0
18	15400000	18999999	3.0	3.0	6.0
18	19000000	47700047	3.0	3.0	6.0
18	47700048	76112500	3.0	2.0	5.0
18	76112501	78077247	3.0	2.0	5.0
19	108847	260136	2.0	2.0	4.0
19	260137	24399999	2.0	2.0	4.0
19	24400000	28599999	2.0	2.0	4.0
19	28600000	59128982	2.0	2.0	4.0
20	32012	25599999	2.0	1.0	3.0
20	25600000	29399999	2.0	1.0	3.0
20	29400000	62432500	2.0	1.0	3.0
21	10807202	14299999	2.0	1.0	3.0
21	14300000	46894200	2.0	1.0	3.0
21	46894201	48129894	2.0	1.0	3.0
22	1	12199999	2.0	1.0	3.0
22	12200000	17899999	2.0	1.0	3.0
22	17900000	49687500	2.0	1.0	3.0
22	49687501	51304565	2.0	1.0	3.0
