chromosome_index position alt_count ref_count
1 948868 23 12
1 4772005 115 104
1 12322010 4 62
1 26629320 9 16
1 29189476 15 3
1 40533235 21 8
1 42045602 51 36
1 53556284 4 22
1 92200383 29 54
1 150483549 43 321
1 153654997 8 16
1 154144672 8 36
1 159900084 24 308
1 160783691 61 359
1 162762484 7 44
1 169511322 93 121
1 171511030 27 78
1 176738805 47 66
1 179033537 54 64
1 179460853 8 146
1 181754540 14 3
1 183853039 52 32
1 201020161 92 44
1 205633874 16 3
1 218458662 80 25
1 236737515 6 66
1 240371131 9 29
1 248402530 65 25
1 248551356 56 26
2 27276439 13 86
2 30143176 4 7
2 31593273 30 20
2 33783405 25 17
2 48807810 23 83
2 64863200 11 100
2 65492200 17 171
2 103068750 6 8
2 109399134 43 208
2 109964273 49 34
2 128186330 259 130
2 130877913 67 202
2 130877975 58 184
2 130877979 65 182
2 141055519 59 87
2 153575469 35 43
2 155115548 23 17
2 160027246 21 72
2 160028680 9 44
2 170502449 21 73
2 176945414 3 21
2 178098953 19 10
2 179516868 25 83
2 188247926 9 61
2 204103713 10 12
2 228560606 16 13
2 234526672 17 29
2 234669383 39 56
2 238280759 20 50
2 238296390 10 16
2 242757500 14 10
3 38307609 4 31
3 39544036 7 3
3 47158203 28 8
3 49136817 31 25
3 89259161 30 48
3 98600521 11 83
3 113311891 11 77
3 114026897 12 119
3 119301051 14 65
3 119306464 14 34
3 126224811 10 51
3 140277501 12 58
3 142103461 33 61
3 150931261 13 125
3 155200719 59 114
3 159976356 32 78
3 164906571 11 106
3 183273378 38 325
3 188592375 13 10
3 195516377 54 266
3 196242131 13 78
4 502747 8 19
4 4281244 4 17
4 13601481 13 50
4 39408642 15 40
4 41984277 19 98
4 44450437 16 6
4 46043081 7 34
4 71068479 12 6
4 71232706 20 15
4 89574052 17 15
4 114436251 22 51
4 115997691 9 26
4 126367671 16 52
4 128694685 15 17
4 162380380 16 8
5 914647 83 192
5 1093674 4 8
5 7804734 25 36
5 10448440 15 26
5 23509647 149 79
5 32388774 52 28
5 33881275 40 84
5 35628633 10 70
5 35968177 7 13
5 38493728 34 83
5 40936463 9 32
5 43619172 9 8
5 56177864 4 17
5 56177867 9 16
5 59901589 34 24
5 72311468 17 8
5 89992917 43 33
5 137894329 22 29
5 138860818 50 37
5 140572321 12 20
5 141304256 11 30
5 141304258 12 28
5 170736781 3 29
5 176827148 8 14
6 25850721 18 22
6 28366039 14 7
6 30610762 104 43
6 31737513 112 39
6 38899752 22 73
6 43172719 21 379
6 43322531 144 98
6 75890696 23 68
6 83900692 21 20
6 97063638 19 19
6 97620972 27 13
6 100369042 19 53
6 102337560 13 48
6 102337598 19 66
6 128134866 25 16
6 133013591 13 16
6 133804178 7 11
6 152757198 3 36
6 160491055 16 10
6 160514552 7 16
6 160858173 87 68
7 23164674 3 17
7 31683476 22 71
7 45632441 35 79
7 50467708 14 27
7 55565326 61 62
7 66410077 29 42
7 76126707 27 127
7 76909787 4 11
7 83029447 14 101
7 86469086 9 75
7 91844034 12 21
7 91855133 22 20
7 95751034 72 89
7 102738797 4 43
7 110764535 14 23
7 114284743 7 49
7 116339952 7 119
7 117232179 4 47
7 119915607 15 58
7 126173373 22 46
7 128483566 13 52
7 133868566 30 74
7 137341245 37 155
7 137792224 10 35
7 141765161 3 8
7 142423416 29 50
7 142829192 107 289
7 144015392 25 68
7 149473163 10 17
7 157370773 40 32
8 22885881 45 22
8 41585500 20 21
8 72754871 28 334
8 90921935 5 14
8 92407386 41 25
8 124998327 8 31
8 139631719 93 52
8 143545827 10 2
9 2054679 24 16
9 33311111 5 86
9 43625020 162 204
9 69117772 21 49
9 84199086 6 19
9 100403895 25 43
9 119976966 24 48
9 120474737 7 19
9 120474738 7 18
9 130493545 15 47
9 131670093 6 32
9 132687402 16 66
9 138515842 6 5
9 138590929 16 8
9 139752866 8 57
9 140811856 29 44
10 1229220 11 22
10 22015186 66 33
10 73122071 26 115
10 87379642 18 23
10 96291153 10 36
10 101578605 31 20
10 105037862 12 15
10 105209648 18 81
10 119043360 106 72
10 124377703 136 127
10 124697615 38 28
11 4936791 23 61
11 5221464 12 38
11 5602436 5 64
11 8246198 4 10
11 18955385 16 33
11 20629113 36 45
11 36598034 14 11
11 47788784 4 13
11 49192766 15 26
11 50003262 9 34
11 51412282 21 19
11 55136211 63 63
11 55873189 14 59
11 57947383 24 28
11 64428480 26 17
11 64428481 26 17
11 65271110 9 20
11 73834163 7 26
11 77920984 11 16
11 89403596 13 27
11 89768754 8 21
11 93468371 4 28
11 102076624 16 44
11 113650692 51 56
11 113813797 26 21
11 118221328 13 57
11 123753816 5 43
11 124252311 7 24
11 125618677 4 45
11 128679099 11 35
11 128781607 68 63
12 2693688 25 60
12 4920711 40 74
12 6968661 17 85
12 7528018 4 44
12 8290909 45 87
12 9994931 20 29
12 14941969 18 27
12 20864335 26 47
12 21472380 70 26
12 22211606 10 170
12 22354954 9 64
12 26878586 24 14
12 31944836 13 174
12 31944864 9 175
12 40713847 25 43
12 47630066 11 41
12 48373342 54 54
12 48490190 12 21
12 49308255 12 135
12 49742665 26 155
12 52452740 58 42
12 56755344 23 70
12 80749528 8 22
12 94806209 10 42
12 95604817 67 64
12 126137138 67 31
12 126137139 65 32
13 26788182 45 31
13 38320465 53 25
13 49772542 17 54
13 49795354 11 5
13 58208883 47 26
13 77566218 13 6
13 79175607 36 33
13 84455552 40 29
14 19377925 24 57
14 34269008 5 14
14 36946184 30 109
14 47389306 10 23
14 54417182 43 26
14 94089157 4 31
14 100376627 11 33
14 106204146 26 44
15 22956407 11 42
15 23890320 21 50
15 23932285 7 14
15 34648739 21 37
15 45427387 23 46
15 52505415 8 17
15 53907745 8 19
15 59191772 17 34
15 62253920 39 61
15 64499794 28 21
15 72639042 9 176
15 79323834 8 31
15 86124904 11 54
15 91293022 8 29
15 99434729 10 63
16 2812069 54 29
16 3639054 93 57
16 20482945 101 42
16 20491921 86 26
16 23700890 8 55
16 24953375 75 52
16 27221663 12 82
16 29908245 41 24
16 29908246 41 23
16 58568156 9 20
16 67914783 50 47
16 72923641 13 17
16 85946744 75 73
17 5462513 33 23
17 7577530 33 19
17 8076904 7 19
17 11520768 20 4
17 17700148 73 47
17 25975934 54 392
17 27576207 25 101
17 62462593 6 37
17 64880933 58 25
17 65548387 44 26
17 73258009 15 62
17 76565328 9 9
18 12680731 54 54
18 14542965 35 416
18 19751516 7 35
18 21957393 8 29
18 30254584 14 66
18 50278739 8 9
18 77679326 36 24
19 901510 11 16
19 2120971 24 73
19 2431797 8 87
19 3938680 17 38
19 3938681 15 40
19 4037727 10 16
19 4538033 32 66
19 6380693 23 39
19 6664834 21 69
19 10385575 34 124
19 13010924 19 28
19 13249233 23 44
19 14640448 22 37
19 15636213 32 70
19 16665982 9 101
19 17615416 17 34
19 17662739 11 18
19 18197598 6 11
19 19627006 28 28
19 20807495 7 47
19 22780201 9 24
19 37676514 6 65
19 38782512 5 52
19 40368387 19 440
19 42584408 43 200
19 43349410 75 169
19 48342668 24 135
19 49649244 18 85
19 49967898 81 161
19 49994466 47 114
19 51466732 17 45
19 51955699 43 71
19 53270098 21 33
19 53303623 39 62
19 53644360 26 80
19 53645770 5 9
19 53884466 13 52
19 53994695 5 65
19 54080951 22 43
19 54224359 47 87
19 54481420 5 26
19 55493920 41 67
19 56895387 30 70
19 57066640 66 247
19 57081658 14 15
19 57286127 15 40
19 57286128 15 40
19 57327779 26 53
19 58018274 37 51
19 58018452 18 95
20 3674871 37 43
20 7886949 19 20
20 23425493 15 45
20 24565495 49 103
20 31389202 5 87
20 33519203 12 48
20 37570718 41 63
20 43752788 18 55
20 47261008 5 39
20 61939936 9 14
20 62122072 32 41
20 62839464 22 97
21 19775821 20 60
21 27284088 6 21
21 32253695 16 44
21 43531644 31 19
21 46326862 38 20
22 17073164 33 46
22 17280817 47 78
22 17589625 7 31
22 20094138 23 62
22 37770517 19 111
22 38061840 22 69
22 38097385 8 27
22 42144176 13 17
22 42293161 7 10
22 46656042 4 30
22 50660921 26 55
