chromosome_index position alt_count ref_count
1 100985240 33 58
1 120480488 6 36
1 162722987 14 49
1 203456411 8 53
1 247875683 12 46
2 15743373 24 45
2 23916391 5 28
2 44683864 7 29
2 73651968 13 21
2 101667087 13 35
2 178977293 10 17
2 179594184 10 16
2 179595299 22 56
2 179595307 21 51
2 202005121 3 26
3 130454763 35 34
3 164906171 14 42
3 178952085 14 17
4 845678 16 40
4 20598129 41 34
4 55606530 29 72
4 119952660 10 25
5 6663007 22 112
5 60079993 8 47
5 106722968 10 31
5 140482680 20 72
6 5771710 16 52
6 33236395 31 19
6 33359619 20 31
6 70642694 26 49
7 95499217 21 45
7 128032468 23 37
7 150721003 38 52
7 157926524 36 63
8 25747294 10 32
8 81552614 22 29
8 92971664 7 20
8 92971666 5 21
8 92971671 6 20
8 110439324 28 98
9 100124574 25 16
9 117848957 30 14
9 117849163 26 15
9 121929962 16 8
10 43691231 27 43
10 95386562 22 67
10 104172164 37 64
10 105356422 14 19
11 771072 7 158
11 1262580 9 67
11 17794066 25 49
11 31832720 17 26
11 36600032 6 57
11 95564559 9 23
11 126870458 20 7
12 19671508 15 9
12 52943888 25 97
13 26594129 36 80
13 96506701 9 39
14 39501886 4 13
14 39769095 8 127
15 72668338 19 10
16 21262201 16 19
16 30376911 17 74
16 30744741 14 42
17 9818699 4 23
17 47074903 66 73
17 71431705 16 84
17 72948429 22 78
17 80393721 17 59
18 22806796 20 25
18 63530268 7 2
19 5925680 55 68
19 7605846 8 107
19 11287434 41 63
19 12383720 22 56
19 13030082 48 86
19 23543146 27 38
19 23543480 29 50
19 23543820 31 38
19 38916711 29 57
19 52130755 26 103
20 1161794 17 76
21 46918318 39 38
21 47695144 40 49
22 41527549 17 19
