chromosome_index position alt_count ref_count
1 12888632 47 45
1 154544434 3 23
1 161954711 71 550
1 162743378 117 121
1 228506585 5 24
1 236157078 31 17
2 24092569 103 332
2 32822992 83 87
2 46070194 92 289
2 135745195 40 142
3 142503607 134 188
4 88535329 66 232
6 10410138 8 35
6 116879271 84 53
6 168476527 36 13
7 150741305 18 86
8 72963051 15 347
8 77895909 25 141
8 97506479 10 35
9 33941724 11 229
9 104152702 3 43
10 103588945 17 41
10 106970986 7 166
11 1101090 13 64
11 49221856 107 93
11 56185039 107 113
12 56992725 39 65
14 21796707 105 40
14 74975371 12 20
15 42140773 77 470
17 3776749 21 94
17 4837763 40 18
17 18221324 33 73
17 80369359 17 58
19 6833625 76 285
19 22836154 79 487
19 32968544 35 117
19 36014402 75 116
19 49129267 4 13
19 54650352 34 123
19 58102287 18 204
20 48604456 31 79
21 44520691 17 85
