chromosome_index	start_position	end_position	major_cn	minor_cn	total_cn
1	61735	161409213	2	2	4
1	161409230	168714002	2	1	3
1	168725876	249224388	2	2	4
2	12784	166094965	3	2	5
2	166095537	243089456	3	0	3
3	60345	7977514	5	1	6
3	7981800	16593431	4	1	5
3	16595616	77248647	5	1	6
3	77251195	77352126	3	1	4
3	77356386	182355770	5	1	6
3	182356873	186632868	4	1	5
3	186633439	188594186	3	1	4
3	188594412	191758017	5	1	6
3	191758352	197896118	4	1	5
4	12281	18301096	2	2	4
4	18301299	21872202	2	1	3
4	21875812	33080064	2	2	4
4	33081334	172620583	2	1	3
4	172621586	173135544	1	0	1
4	173136826	191027923	2	1	3
5	15532	46313520	8	1	9
5	46313535	50525859	6	1	7
5	50530394	52855090	3	1	4
5	52861667	52989420	9	1	10
5	52995707	53448014	22	0	22
5	53448401	54004843	17	0	17
5	54007311	54141187	2	0	2
5	54144888	54662820	8	1	9
5	54664854	60136717	1	1	2
5	60143946	60285331	10	0	10
5	60295362	105273530	1	1	2
5	105276821	136091795	1	0	1
5	136093373	141054240	1	1	2
5	141066161	141549536	1	0	1
5	141549716	180790320	1	1	2
6	149661	38585653	2	2	4
6	38589154	39046794	2	0	2
6	39048491	83063827	2	2	4
6	83064256	171051005	2	1	3
7	43259	159127004	2	2	4
8	31254	10294115	2	2	4
8	10300951	11084480	2	1	3
8	11084501	16380969	2	2	4
8	16382735	16848651	2	1	3
8	16850498	146298155	2	2	4
9	46587	4643446	2	0	2
9	4643573	6981678	1	0	1
9	6982200	20696130	2	0	2
9	20697202	22904069	0	0	0
9	22907647	22925244	1	1	2
9	22929988	141091394	2	0	2
10	72759	14128271	2	1	3
10	14128560	14137502	3	0	3
10	14137678	26971879	1	0	1
10	26973305	135506704	2	1	3
11	198572	62663867	2	0	2
11	62671014	62784194	8	2	10
11	62788269	64772862	2	0	2
11	64776767	65689509	9	2	11
11	65689655	68513190	4	2	6
11	68513466	69332260	9	2	11
11	69334307	69661334	42	1	43
11	69663181	72562308	8	2	10
11	72562396	134944770	2	1	3
12	150442	58750680	2	2	4
12	58750741	84085235	3	2	5
12	84092928	84666830	2	1	3
12	84666929	116750065	2	2	4
12	116751137	116841539	5	2	7
12	116844438	119953037	2	2	4
12	119953698	120710845	2	1	3
12	120719882	133778189	2	2	4
13	19026949	106170099	3	1	4
13	106172729	108002257	3	0	3
13	108005167	115108397	3	1	4
14	19002124	67257161	3	3	6
14	67259389	70086974	2	0	2
14	70089235	78766814	3	2	5
14	78768796	88353310	4	2	6
14	88353486	100230846	3	2	5
14	100231685	107200900	5	2	7
14	107205734	107284480	2	1	3
14	107284555	107285437	4	1	5
15	20016328	22567148	3	1	4
15	22571118	102469040	2	2	4
16	60777	90287535	2	1	3
17	526	25270800	3	0	3
17	25271294	66696711	3	1	4
17	66702640	70050221	4	1	5
17	70051103	81049726	3	1	4
18	48133	78015057	3	2	5
19	90910	24507167	2	2	4
19	24507172	46118029	3	2	5
19	46139301	48038043	2	0	2
19	48039797	59097854	3	2	5
20	61305	50826430	3	2	5
20	50828285	55530726	3	3	6
20	55530787	62956153	3	2	5
21	10736871	48096957	1	1	2
22	16052528	21335082	2	2	4
22	21336362	27323117	3	2	5
22	27323691	28795132	2	2	4
22	28801009	33180544	3	2	5
22	33181213	49367821	2	2	4
22	49369890	50278438	2	0	2
22	50288345	51234455	2	2	4
