chromosome_index position alt_count ref_count
1 113213798 10 20
1 113234375 13 40
1 150779260 4 25
1 155883021 3 23
1 158299185 11 36
1 182550476 10 23
1 232650479 3 16
2 1677547 20 55
2 70905912 7 27
2 71755483 5 28
2 132919286 21 26
2 152402931 3 34
2 233349744 7 21
3 3886551 9 20
3 38180161 9 16
3 63823667 9 17
3 134898754 12 30
3 190127745 10 44
3 195481170 14 30
4 23795826 9 27
4 71114982 4 15
5 1037676 6 16
5 26915767 3 8
5 67589537 6 17
5 95067315 4 14
5 140347423 4 34
5 173385952 6 48
6 35217663 23 38
6 41119038 19 51
6 80409356 8 27
6 137018434 8 16
6 143092631 9 20
6 143094119 3 14
7 1510086 7 8
7 2565992 10 34
7 143097099 10 35
7 151848559 11 5
8 139143853 4 20
9 126144060 8 58
10 27539734 14 50
10 55782711 13 19
10 103988606 7 20
10 111647946 6 18
10 126676804 14 40
10 128114324 6 16
11 597555 6 13
11 5322607 6 26
11 6867799 10 25
11 56230100 8 34
11 104761930 9 37
12 56510561 5 53
12 123285733 14 21
13 24444223 9 43
13 103443257 3 18
14 19904273 9 35
14 45623962 9 24
14 80327445 3 53
15 40861777 8 32
15 74888323 5 26
15 100331592 8 23
16 9943750 3 31
16 54966722 13 35
17 2266394 10 10
17 7577545 92 101
17 8172141 5 22
17 11757419 8 26
17 27233372 7 26
17 38991667 11 11
17 56247408 20 19
17 79502077 4 12
18 909674 16 28
18 13056228 4 20
18 50961530 16 12
19 1255011 6 5
19 8592306 12 29
19 9069914 16 61
19 15726500 17 54
19 43228177 15 29
19 45260408 3 20
19 47112420 22 28
19 47823663 4 84
19 53085583 18 59
19 55869940 7 59
19 55943782 8 24
20 2797573 6 44
20 4713189 7 112
20 17462531 8 31
21 45175962 8 36
22 18640567 7 27
