chromosome_index position alt_count ref_count
1 67133216 18 57
1 113253421 9 67
1 162337658 19 106
1 186291478 18 115
1 204093768 32 52
1 248487167 29 190
2 77746478 22 56
2 174774449 14 60
2 220250714 5 21
3 107762215 8 233
3 142413372 31 93
3 169663089 3 24
3 196311036 3 34
4 11401564 4 20
4 70346363 37 94
5 140590002 87 223
7 94293244 10 39
7 122342850 34 88
7 152497690 26 103
7 154795624 12 23
8 41788230 4 41
8 70617271 24 80
9 138387161 4 21
9 139371732 21 29
11 8252000 3 29
11 71155238 10 94
11 112020826 13 53
11 112085593 5 89
11 118452164 22 51
12 49427049 4 79
13 20660940 3 23
13 86370398 17 67
14 80329273 3 19
14 92268648 30 81
16 845995 10 21
16 2547100 9 12
16 24226752 12 15
17 3656666 14 39
18 11851617 6 118
19 4891366 10 45
19 50774730 22 45
20 32256308 6 39
20 44600812 38 94
20 57769251 14 57
21 34444433 11 19
22 42526619 20 147
