chromosome_index	position	alt_count	ref_count
1	1126403	13.0	34.0
1	2005156	13.0	44.0
1	3148337	7.0	28.0
1	3215010	19.0	26.0
1	4418641	15.0	30.0
1	4503569	24.0	37.0
1	5204572	8.0	32.0
1	8328134	15.0	44.0
1	8995222	5.0	26.0
1	9493621	28.0	22.0
1	11639931	25.0	28.0
1	12178984	14.0	34.0
1	12527319	10.0	38.0
1	16131521	11.0	40.0
1	17777712	9.0	24.0
1	17886628	18.0	28.0
1	18583977	10.0	46.0
1	18790944	19.0	22.0
1	18899972	8.0	29.0
1	20409592	5.0	49.0
1	20414208	17.0	35.0
1	20614011	10.0	39.0
1	20796625	7.0	38.0
1	21013908	16.0	34.0
1	21688762	14.0	33.0
1	22154758	5.0	30.0
1	22414297	35.0	30.0
1	22609052	7.0	28.0
1	27235082	14.0	42.0
1	27287541	13.0	39.0
1	27620326	16.0	31.0
1	27671199	8.0	28.0
1	30795597	16.0	40.0
1	31664915	13.0	32.0
1	34741929	5.0	44.0
1	34860756	10.0	39.0
1	34893000	16.0	42.0
1	35498033	4.0	47.0
1	36342555	6.0	55.0
1	40439403	10.0	50.0
1	40603861	10.0	42.0
1	41836707	24.0	26.0
1	42428157	15.0	41.0
1	43672846	14.0	30.0
1	44263469	7.0	43.0
1	44404700	10.0	38.0
1	44451048	4.0	13.0
1	45005834	11.0	44.0
1	45005835	11.0	44.0
1	46961615	9.0	27.0
1	47430886	12.0	34.0
1	48101186	4.0	37.0
1	48275594	14.0	46.0
1	49552905	8.0	41.0
1	51326165	7.0	53.0
1	51662824	5.0	39.0
1	52528956	10.0	33.0
1	52709013	26.0	30.0
1	53586664	8.0	52.0
1	53812672	17.0	32.0
1	53975640	11.0	22.0
1	54273704	5.0	48.0
1	54900342	5.0	33.0
1	56629198	12.0	42.0
1	57198137	7.0	54.0
1	57312415	7.0	24.0
1	57503112	16.0	30.0
1	57603056	6.0	52.0
1	57765461	31.0	29.0
1	59657693	7.0	40.0
1	61263200	8.0	50.0
1	61401514	4.0	65.0
1	61477168	23.0	41.0
1	61743429	19.0	17.0
1	63227024	11.0	28.0
1	65449360	17.0	42.0
1	68123466	21.0	19.0
1	68496890	15.0	41.0
1	68623202	22.0	44.0
1	69118794	21.0	19.0
1	70540051	15.0	44.0
1	70576536	28.0	37.0
1	71227378	10.0	45.0
1	72561341	6.0	40.0
1	74055740	15.0	50.0
1	74329778	11.0	13.0
1	76610298	14.0	34.0
1	77329390	9.0	29.0
1	78559663	19.0	34.0
1	78571693	13.0	32.0
1	78793039	12.0	27.0
1	78855608	10.0	47.0
1	79629116	27.0	23.0
1	79783702	8.0	39.0
1	81562797	9.0	46.0
1	81991258	10.0	36.0
1	82252346	30.0	26.0
1	82646886	27.0	31.0
1	84252374	32.0	23.0
1	84410111	13.0	43.0
1	85025548	8.0	23.0
1	86322923	10.0	27.0
1	86941176	30.0	31.0
1	89275417	23.0	23.0
1	89573964	15.0	39.0
1	89787757	32.0	27.0
1	90857219	21.0	31.0
1	95772624	11.0	40.0
1	96133795	8.0	50.0
1	97393853	11.0	31.0
1	98776120	12.0	24.0
1	98846518	13.0	35.0
1	98987934	15.0	47.0
1	99010356	9.0	44.0
1	99449848	14.0	51.0
1	99743996	14.0	38.0
1	99913087	20.0	36.0
1	102307758	13.0	52.0
1	104922901	11.0	31.0
1	104940310	7.0	53.0
1	105392968	12.0	33.0
1	105734384	11.0	51.0
1	106013212	16.0	35.0
1	106206663	21.0	19.0
1	106291810	11.0	27.0
1	106372717	9.0	33.0
1	106765806	10.0	31.0
1	109625856	8.0	35.0
1	110309292	11.0	37.0
1	111254057	22.0	31.0
1	112912890	17.0	37.0
1	113148994	16.0	31.0
1	113392975	17.0	29.0
1	113852125	15.0	41.0
1	115142410	17.0	19.0
1	115697733	15.0	37.0
1	118318518	11.0	56.0
1	118810230	11.0	37.0
1	120584605	8.0	92.0
1	144528119	7.0	124.0
1	144859389	16.0	91.0
1	147158497	10.0	34.0
1	149034627	4.0	40.0
1	149224219	5.0	50.0
1	149274362	8.0	93.0
1	152191585	10.0	26.0
1	153052790	5.0	38.0
1	155731537	18.0	34.0
1	157779239	5.0	43.0
1	158658506	9.0	43.0
1	160198878	7.0	49.0
1	161577818	12.0	43.0
1	162271203	4.0	47.0
1	162510788	7.0	22.0
1	162716045	22.0	26.0
1	163079496	7.0	37.0
1	163170466	30.0	25.0
1	164286808	11.0	55.0
1	164428100	4.0	51.0
1	164962745	18.0	39.0
1	165706858	24.0	42.0
1	166953378	8.0	33.0
1	166970641	10.0	50.0
1	167170917	9.0	36.0
1	167170918	8.0	37.0
1	168572676	8.0	44.0
1	171178092	21.0	29.0
1	171336229	4.0	50.0
1	172598409	15.0	40.0
1	173006359	10.0	31.0
1	174472258	4.0	32.0
1	174896587	13.0	26.0
1	175979421	19.0	41.0
1	178589429	13.0	36.0
1	180243421	10.0	34.0
1	180356895	22.0	25.0
1	183149547	9.0	41.0
1	185256507	3.0	33.0
1	186513652	13.0	47.0
1	186904923	30.0	13.0
1	188023658	4.0	49.0
1	188410007	4.0	36.0
1	188577685	17.0	30.0
1	189031704	17.0	23.0
1	189194607	3.0	24.0
1	189299729	9.0	33.0
1	189914955	26.0	38.0
1	190532701	11.0	49.0
1	190706151	22.0	31.0
1	191444154	17.0	35.0
1	191811303	33.0	19.0
1	191934916	30.0	57.0
1	192984396	22.0	47.0
1	193215307	23.0	45.0
1	194048407	16.0	32.0
1	194100851	9.0	38.0
1	194128279	12.0	40.0
1	194637984	19.0	30.0
1	196859532	19.0	27.0
1	197095861	21.0	44.0
1	197393678	23.0	29.0
1	198684502	6.0	26.0
1	199432532	8.0	38.0
1	200079163	10.0	43.0
1	200449167	7.0	41.0
1	201415858	14.0	42.0
1	202238703	7.0	38.0
1	204825563	11.0	19.0
1	204990484	9.0	39.0
1	205148827	7.0	48.0
1	206671597	5.0	31.0
1	207242765	9.0	41.0
1	212758665	16.0	28.0
1	216473428	18.0	41.0
1	217459072	4.0	58.0
1	217778226	10.0	42.0
1	218483172	8.0	45.0
1	218941211	8.0	57.0
1	219189279	11.0	40.0
1	220317287	4.0	33.0
1	223108645	26.0	26.0
1	224923264	12.0	24.0
1	228986459	19.0	41.0
1	230358123	9.0	53.0
1	230855239	6.0	11.0
1	230878614	4.0	41.0
1	232441359	10.0	46.0
1	233205458	23.0	41.0
1	233602728	13.0	37.0
1	233772966	3.0	17.0
1	234036496	14.0	44.0
1	234108097	6.0	44.0
1	236976567	10.0	42.0
1	237212390	16.0	22.0
1	237517832	21.0	34.0
1	237885195	8.0	41.0
1	238300124	6.0	42.0
1	239546862	11.0	37.0
1	239828370	15.0	27.0
1	241050591	7.0	21.0
1	242713695	11.0	43.0
1	242915024	5.0	39.0
1	243818858	14.0	36.0
1	244590727	29.0	38.0
1	244929971	5.0	52.0
1	245525854	10.0	32.0
1	245964370	19.0	37.0
1	246565304	13.0	36.0
1	247873241	9.0	47.0
1	247950308	10.0	50.0
1	248006743	22.0	43.0
10	1077328	14.0	21.0
10	1296105	8.0	37.0
10	2000153	11.0	56.0
10	2456569	6.0	43.0
10	2492198	18.0	35.0
10	2831718	26.0	40.0
10	2840976	5.0	43.0
10	3514024	13.0	33.0
10	3616206	8.0	49.0
10	3685174	13.0	27.0
10	4280974	18.0	33.0
10	5151973	11.0	39.0
10	5864777	4.0	42.0
10	5896076	19.0	24.0
10	6694710	11.0	38.0
10	7384439	4.0	20.0
10	7494154	4.0	31.0
10	8154395	6.0	29.0
10	8240733	16.0	33.0
10	8402185	18.0	30.0
10	8546441	10.0	40.0
10	8794395	16.0	33.0
10	8847113	15.0	27.0
10	9299200	25.0	26.0
10	9831111	18.0	29.0
10	10618571	9.0	45.0
10	10834769	12.0	32.0
10	12386200	7.0	31.0
10	12976165	16.0	54.0
10	13138448	13.0	25.0
10	13681502	18.0	38.0
10	14127387	21.0	31.0
10	16561933	20.0	16.0
10	17391253	6.0	40.0
10	20079081	14.0	42.0
10	21769527	5.0	39.0
10	22638913	19.0	33.0
10	23603030	9.0	28.0
10	24620208	18.0	44.0
10	26037546	17.0	27.0
10	28578466	16.0	25.0
10	29113970	5.0	45.0
10	30848446	6.0	45.0
10	30875286	8.0	38.0
10	30976494	9.0	42.0
10	33451021	9.0	27.0
10	34711475	18.0	30.0
10	35138068	20.0	21.0
10	37225734	4.0	33.0
10	37484346	11.0	37.0
10	39084677	20.0	24.0
10	42807118	15.0	26.0
10	43565252	5.0	34.0
10	44421269	8.0	34.0
10	45540918	19.0	44.0
10	45561292	19.0	32.0
10	46047651	23.0	26.0
10	50121796	9.0	31.0
10	50612374	7.0	37.0
10	53108384	10.0	47.0
10	53115149	13.0	52.0
10	53404918	8.0	46.0
10	53928714	6.0	49.0
10	54470496	7.0	31.0
10	54779994	10.0	22.0
10	55049421	20.0	37.0
10	55125628	24.0	29.0
10	55339451	6.0	55.0
10	55898490	4.0	49.0
10	55945058	14.0	46.0
10	56852822	12.0	54.0
10	57599907	25.0	20.0
10	58983868	18.0	26.0
10	59322451	12.0	34.0
10	60259521	28.0	22.0
10	61112061	18.0	35.0
10	61302059	9.0	49.0
10	61358067	12.0	42.0
10	61373341	10.0	22.0
10	64722922	20.0	33.0
10	66113052	10.0	46.0
10	66253766	23.0	21.0
10	66331911	4.0	38.0
10	66553970	13.0	61.0
10	67446859	15.0	25.0
10	68331433	4.0	50.0
10	68649539	8.0	24.0
10	69331442	30.0	18.0
10	69486162	4.0	12.0
10	71233938	6.0	24.0
10	74162286	18.0	36.0
10	75416785	15.0	32.0
10	75550562	16.0	27.0
10	76169417	24.0	38.0
10	78080134	15.0	32.0
10	78307776	20.0	31.0
10	79605966	7.0	42.0
10	79605967	7.0	40.0
10	80552085	20.0	37.0
10	83504259	24.0	38.0
10	85107593	10.0	37.0
10	89504708	31.0	21.0
10	89588245	13.0	46.0
10	89915277	3.0	38.0
10	89995584	12.0	43.0
10	90460585	31.0	22.0
10	90640385	7.0	15.0
10	91263662	12.0	33.0
10	92172792	29.0	40.0
10	92447293	4.0	50.0
10	92868804	7.0	56.0
10	95035852	33.0	26.0
10	96610292	11.0	47.0
10	96925220	8.0	29.0
10	97243825	3.0	35.0
10	97519468	20.0	35.0
10	99158432	10.0	26.0
10	103960622	10.0	22.0
10	104331565	13.0	41.0
10	104350600	5.0	56.0
10	104816098	5.0	39.0
10	105316078	9.0	40.0
10	106423024	4.0	38.0
10	106423025	4.0	39.0
10	108145253	10.0	50.0
10	108808393	8.0	36.0
10	109143859	6.0	60.0
10	109440524	17.0	45.0
10	109680720	12.0	34.0
10	111925617	6.0	44.0
10	112156268	19.0	30.0
10	113062924	15.0	32.0
10	113085187	7.0	46.0
10	113993632	13.0	33.0
10	114028051	7.0	41.0
10	114086480	12.0	48.0
10	116150656	17.0	30.0
10	119728053	7.0	44.0
10	119733763	8.0	42.0
10	120176424	27.0	29.0
10	120354261	6.0	31.0
10	120588073	15.0	48.0
10	121310834	21.0	41.0
10	121460990	12.0	35.0
10	121643499	19.0	35.0
10	122128937	15.0	45.0
10	122133253	14.0	46.0
10	122800522	7.0	42.0
10	122876928	14.0	40.0
10	122979837	20.0	38.0
10	124832874	6.0	38.0
10	125145277	10.0	42.0
10	126494240	26.0	47.0
10	126655303	6.0	46.0
10	126965409	11.0	35.0
10	127131145	20.0	35.0
10	127471703	10.0	37.0
10	127926516	8.0	61.0
10	129268897	18.0	39.0
10	129527026	10.0	26.0
10	129630701	5.0	46.0
10	130318716	9.0	56.0
10	130580571	13.0	27.0
10	131126464	4.0	29.0
10	131602558	11.0	46.0
10	132079226	15.0	33.0
10	132228396	9.0	40.0
10	132443006	23.0	29.0
10	133972942	3.0	10.0
10	134517989	3.0	32.0
10	134527428	11.0	34.0
11	1609707	20.0	32.0
11	2902133	10.0	39.0
11	3168927	1.0	43.0
11	4118532	5.0	15.0
11	5411335	8.0	31.0
11	6041816	9.0	46.0
11	6295298	8.0	49.0
11	6885382	9.0	44.0
11	7319261	10.0	39.0
11	10836986	16.0	37.0
11	10955034	12.0	37.0
11	11520550	6.0	42.0
11	11876901	5.0	41.0
11	14203746	25.0	24.0
11	16215155	10.0	29.0
11	16215661	19.0	35.0
11	18713803	12.0	35.0
11	18745085	14.0	37.0
11	19029017	28.0	28.0
11	19542070	7.0	35.0
11	22323456	17.0	36.0
11	22534832	27.0	24.0
11	23382503	22.0	32.0
11	23569521	15.0	26.0
11	23652555	5.0	35.0
11	26032559	21.0	43.0
11	26396450	9.0	43.0
11	26450029	29.0	40.0
11	26535835	36.0	32.0
11	26539368	6.0	53.0
11	26583312	24.0	27.0
11	26712486	16.0	43.0
11	26834226	10.0	38.0
11	29523413	23.0	24.0
11	30385236	16.0	37.0
11	30733123	10.0	46.0
11	30939221	24.0	22.0
11	30972544	26.0	40.0
11	31044897	24.0	22.0
11	32583153	24.0	19.0
11	32999969	4.0	55.0
11	34906812	21.0	39.0
11	36791242	16.0	31.0
11	37358088	11.0	37.0
11	38453466	13.0	19.0
11	39508281	11.0	48.0
11	39603761	25.0	33.0
11	40062397	9.0	42.0
11	40257443	10.0	40.0
11	40413157	10.0	54.0
11	40776732	16.0	35.0
11	41572327	10.0	17.0
11	42075851	9.0	38.0
11	42935187	9.0	40.0
11	44053936	9.0	41.0
11	45580412	18.0	35.0
11	46153050	16.0	40.0
11	48284851	16.0	37.0
11	48815910	16.0	51.0
11	49036116	13.0	49.0
11	49172521	8.0	46.0
11	49520057	7.0	32.0
11	49775392	23.0	44.0
11	49847717	9.0	45.0
11	50130264	22.0	33.0
11	50266655	24.0	42.0
11	50378832	19.0	43.0
11	50556649	7.0	35.0
11	50730518	6.0	44.0
11	51190980	23.0	36.0
11	54921461	19.0	39.0
11	55091917	18.0	31.0
11	55102121	17.0	23.0
11	55168103	9.0	41.0
11	55515456	22.0	25.0
11	55760073	14.0	21.0
11	55767854	16.0	38.0
11	56455890	7.0	42.0
11	57051604	13.0	29.0
11	57886796	23.0	27.0
11	58039066	26.0	35.0
11	58101487	10.0	22.0
11	59029133	4.0	33.0
11	59224683	25.0	30.0
11	59494746	19.0	18.0
11	59813155	11.0	41.0
11	60106298	6.0	38.0
11	61823558	11.0	35.0
11	61995847	31.0	29.0
11	62034921	8.0	39.0
11	62814104	3.0	45.0
11	63109872	12.0	38.0
11	65799646	16.0	24.0
11	66081264	3.0	33.0
11	66081276	3.0	34.0
11	67235825	18.0	21.0
11	67242992	7.0	28.0
11	68315459	6.0	50.0
11	68646402	15.0	28.0
11	69363933	13.0	42.0
11	70314331	28.0	24.0
11	70988354	14.0	27.0
11	71309080	8.0	48.0
11	71991884	11.0	32.0
11	73164963	14.0	42.0
11	73848857	7.0	42.0
11	75718206	13.0	28.0
11	75993367	21.0	22.0
11	76348921	4.0	41.0
11	80477572	23.0	38.0
11	80626774	11.0	29.0
11	80868627	7.0	34.0
11	81065552	27.0	19.0
11	81335598	12.0	38.0
11	81759474	17.0	27.0
11	83645879	9.0	49.0
11	84761521	6.0	48.0
11	86029216	19.0	24.0
11	86663233	12.0	37.0
11	88621473	26.0	23.0
11	89654569	14.0	47.0
11	90127792	22.0	43.0
11	90202159	11.0	42.0
11	90580629	10.0	43.0
11	91090657	10.0	54.0
11	93367280	33.0	30.0
11	93412253	13.0	30.0
11	93755916	28.0	27.0
11	96156767	13.0	23.0
11	96498651	13.0	59.0
11	97618329	19.0	38.0
11	99038294	15.0	32.0
11	99264645	18.0	25.0
11	101037359	6.0	35.0
11	101103827	18.0	33.0
11	101217438	10.0	24.0
11	101887156	10.0	39.0
11	102456498	14.0	49.0
11	102755737	4.0	34.0
11	103065376	8.0	43.0
11	103084617	4.0	42.0
11	105834836	11.0	37.0
11	106906510	26.0	12.0
11	107776517	8.0	45.0
11	111110018	10.0	41.0
11	111290301	14.0	36.0
11	111757614	6.0	31.0
11	112457535	12.0	31.0
11	114292519	11.0	36.0
11	117772818	14.0	21.0
11	117859590	20.0	28.0
11	118502727	27.0	22.0
11	118832416	13.0	22.0
11	119694138	16.0	27.0
11	119738715	14.0	35.0
11	119803893	4.0	46.0
11	120021807	11.0	52.0
11	123010987	14.0	46.0
11	123218215	27.0	26.0
11	123345966	9.0	39.0
11	126929224	8.0	55.0
11	127573925	13.0	27.0
11	129438747	6.0	59.0
11	129681954	10.0	39.0
11	129725288	23.0	20.0
11	130438836	8.0	32.0
11	130580488	31.0	24.0
11	131025109	9.0	49.0
11	131173423	15.0	25.0
11	132801242	11.0	21.0
11	133853439	9.0	34.0
11	134270931	5.0	39.0
11	134718425	25.0	24.0
12	1694421	16.0	26.0
12	3299204	11.0	34.0
12	4344391	19.0	35.0
12	4536305	6.0	45.0
12	4851952	10.0	18.0
12	4857741	18.0	41.0
12	7544243	20.0	24.0
12	7592349	15.0	33.0
12	7758298	19.0	29.0
12	8677611	17.0	56.0
12	9067980	5.0	29.0
12	10151506	23.0	30.0
12	10167283	24.0	38.0
12	10338653	8.0	35.0
12	10411274	15.0	36.0
12	10511816	18.0	33.0
12	11493621	11.0	47.0
12	12137872	7.0	39.0
12	12137873	7.0	38.0
12	13724854	7.0	45.0
12	13927480	14.0	42.0
12	14077797	22.0	49.0
12	14191787	16.0	48.0
12	14789363	18.0	44.0
12	14984673	9.0	16.0
12	16910396	15.0	25.0
12	16972528	19.0	29.0
12	18521223	13.0	40.0
12	19484690	13.0	35.0
12	20168669	4.0	10.0
12	20489796	11.0	30.0
12	20856317	25.0	35.0
12	20887486	24.0	23.0
12	22531970	22.0	41.0
12	22844584	10.0	46.0
12	23503717	19.0	31.0
12	24621990	22.0	32.0
12	24737761	11.0	32.0
12	25273107	6.0	41.0
12	26442484	25.0	39.0
12	26442978	6.0	32.0
12	28856687	12.0	30.0
12	29098233	7.0	46.0
12	29636812	22.0	26.0
12	30259581	10.0	44.0
12	31356138	8.0	42.0
12	31968351	30.0	49.0
12	32220217	19.0	15.0
12	32245619	7.0	28.0
12	33340836	5.0	37.0
12	33435280	9.0	34.0
12	33901534	36.0	34.0
12	34449151	21.0	20.0
12	38067919	18.0	44.0
12	38251318	22.0	37.0
12	38260205	10.0	30.0
12	38749963	17.0	39.0
12	39123470	11.0	35.0
12	39690147	15.0	26.0
12	40506351	8.0	55.0
12	40653374	28.0	32.0
12	42463737	13.0	33.0
12	42474875	5.0	50.0
12	42742015	7.0	30.0
12	43065655	12.0	25.0
12	43094309	19.0	49.0
12	43195921	6.0	52.0
12	44960277	16.0	37.0
12	45280555	17.0	42.0
12	46555568	20.0	45.0
12	47258512	8.0	43.0
12	47444684	30.0	24.0
12	47458920	27.0	34.0
12	47699960	6.0	34.0
12	47835287	28.0	37.0
12	49318039	11.0	36.0
12	50363121	16.0	25.0
12	55496550	5.0	43.0
12	59478782	16.0	29.0
12	59951132	11.0	62.0
12	60281056	6.0	38.0
12	60721678	5.0	51.0
12	60775007	9.0	40.0
12	61571260	5.0	44.0
12	61926519	25.0	31.0
12	62808369	10.0	44.0
12	63580269	7.0	39.0
12	64908635	7.0	47.0
12	66436236	9.0	39.0
12	68775415	31.0	29.0
12	69622304	15.0	38.0
12	71408135	22.0	43.0
12	73136077	19.0	51.0
12	75285921	17.0	38.0
12	76516424	4.0	20.0
12	76531868	28.0	23.0
12	80377887	10.0	30.0
12	80738139	6.0	41.0
12	80806317	24.0	36.0
12	81250415	28.0	24.0
12	81272279	6.0	31.0
12	81540483	13.0	41.0
12	83087519	8.0	34.0
12	84301359	20.0	32.0
12	84959197	5.0	35.0
12	85487624	11.0	29.0
12	86123263	25.0	34.0
12	87953429	10.0	22.0
12	88341490	17.0	25.0
12	88468498	15.0	40.0
12	88707001	27.0	29.0
12	88780567	8.0	51.0
12	88811864	7.0	52.0
12	89314117	16.0	36.0
12	90664909	20.0	33.0
12	92065374	10.0	47.0
12	93088517	5.0	41.0
12	95052213	4.0	51.0
12	95187378	11.0	27.0
12	95682153	22.0	38.0
12	98554426	21.0	37.0
12	100813374	18.0	26.0
12	101935287	14.0	28.0
12	102172146	7.0	55.0
12	102872604	26.0	27.0
12	103354257	32.0	29.0
12	104101994	17.0	30.0
12	104567246	8.0	34.0
12	106556615	22.0	27.0
12	107611965	16.0	39.0
12	108209131	21.0	29.0
12	108999701	19.0	17.0
12	109552955	8.0	40.0
12	109961010	7.0	44.0
12	110074920	15.0	46.0
12	110522901	5.0	57.0
12	110587831	7.0	56.0
12	113676993	6.0	43.0
12	114637483	17.0	40.0
12	115042486	11.0	30.0
12	116361907	10.0	30.0
12	116504824	7.0	43.0
12	117558929	6.0	35.0
12	118425964	12.0	41.0
12	121412741	7.0	29.0
12	122121484	12.0	25.0
12	122278316	6.0	44.0
12	124380139	18.0	32.0
12	124805360	11.0	23.0
12	124934281	8.0	22.0
12	126032340	21.0	29.0
12	126072492	31.0	16.0
12	127680920	5.0	41.0
12	128241706	16.0	43.0
12	129420865	14.0	25.0
12	129591825	13.0	35.0
12	129750112	6.0	15.0
12	130397693	6.0	36.0
12	130435480	10.0	50.0
12	130921738	11.0	18.0
12	132024959	13.0	28.0
12	133230136	19.0	37.0
12	133245107	9.0	24.0
13	20463386	14.0	47.0
13	21484501	15.0	32.0
13	21487365	21.0	29.0
13	21549230	12.0	43.0
13	21780773	9.0	38.0
13	21832571	18.0	24.0
13	22332758	17.0	28.0
13	23033725	16.0	35.0
13	24343008	14.0	43.0
13	26247702	5.0	51.0
13	28571550	10.0	53.0
13	29357155	7.0	42.0
13	29499755	8.0	38.0
13	29532749	32.0	24.0
13	29639419	21.0	24.0
13	30511139	11.0	41.0
13	30604981	23.0	40.0
13	30719797	15.0	37.0
13	31017672	4.0	47.0
13	31186892	7.0	50.0
13	31503684	9.0	36.0
13	32534431	16.0	33.0
13	36632894	10.0	38.0
13	37157095	12.0	56.0
13	37784288	19.0	33.0
13	38291968	7.0	42.0
13	38404997	16.0	24.0
13	38816438	21.0	37.0
13	40908860	6.0	29.0
13	44114194	16.0	43.0
13	45498266	19.0	33.0
13	46739255	10.0	39.0
13	46841192	12.0	45.0
13	47554865	18.0	33.0
13	47893569	22.0	26.0
13	49452644	5.0	26.0
13	49933187	17.0	37.0
13	50337767	15.0	48.0
13	50413965	11.0	40.0
13	50613273	9.0	22.0
13	50989258	10.0	22.0
13	51356784	13.0	42.0
13	51362833	28.0	23.0
13	52486556	4.0	40.0
13	54775128	20.0	35.0
13	55160509	6.0	41.0
13	55184904	4.0	46.0
13	55247974	18.0	44.0
13	55389289	9.0	35.0
13	55463530	8.0	62.0
13	56495656	5.0	14.0
13	58081680	14.0	41.0
13	58294801	10.0	44.0
13	58365731	11.0	36.0
13	59391721	13.0	25.0
13	61276166	7.0	36.0
13	61767842	17.0	23.0
13	62586582	13.0	30.0
13	63265781	4.0	23.0
13	63968007	7.0	39.0
13	64550245	8.0	38.0
13	66673905	3.0	38.0
13	67143082	7.0	28.0
13	69082108	9.0	43.0
13	69984221	3.0	34.0
13	70718678	19.0	44.0
13	71223186	24.0	35.0
13	71428211	29.0	32.0
13	71601132	11.0	45.0
13	71836087	11.0	37.0
13	71842341	24.0	34.0
13	72597085	14.0	32.0
13	77249167	18.0	40.0
13	77384860	25.0	30.0
13	78293074	17.0	43.0
13	78905440	22.0	36.0
13	79830247	15.0	36.0
13	81667569	16.0	39.0
13	81768470	20.0	31.0
13	81895519	13.0	34.0
13	82080224	7.0	67.0
13	82489944	12.0	39.0
13	82595489	6.0	45.0
13	82703023	10.0	36.0
13	83159848	6.0	37.0
13	84202028	26.0	30.0
13	84386150	7.0	50.0
13	85455666	17.0	42.0
13	85800858	24.0	32.0
13	86411147	15.0	34.0
13	86604712	9.0	37.0
13	86750200	10.0	28.0
13	87214889	10.0	17.0
13	87776239	11.0	42.0
13	87790013	8.0	38.0
13	89542797	10.0	30.0
13	89734515	13.0	25.0
13	90678241	14.0	29.0
13	90844216	17.0	46.0
13	91303507	5.0	56.0
13	91305917	13.0	30.0
13	91434883	14.0	33.0
13	92377797	17.0	29.0
13	92827037	12.0	35.0
13	92943190	12.0	26.0
13	94210346	23.0	27.0
13	94768821	10.0	32.0
13	95020335	4.0	30.0
13	95641777	8.0	41.0
13	96656874	5.0	25.0
13	98061612	20.0	45.0
13	99310886	21.0	25.0
13	99856022	10.0	34.0
13	101119903	18.0	32.0
13	103110115	22.0	22.0
13	104347739	11.0	35.0
13	104868513	20.0	36.0
13	105634337	16.0	35.0
13	105691962	13.0	29.0
13	106167028	10.0	36.0
13	106236464	4.0	46.0
13	106236741	8.0	37.0
13	106921546	17.0	17.0
13	107352543	26.0	33.0
13	107503776	23.0	29.0
13	107765374	9.0	58.0
13	108346862	25.0	23.0
13	110356960	14.0	27.0
13	111077462	4.0	48.0
13	111211617	17.0	30.0
13	111338314	6.0	23.0
13	112099762	11.0	31.0
13	113165587	21.0	40.0
13	113948642	23.0	28.0
13	114514644	6.0	22.0
13	114547506	18.0	40.0
13	114794616	11.0	25.0
14	19437319	21.0	103.0
14	20311989	7.0	46.0
14	20644822	12.0	53.0
14	21422066	12.0	49.0
14	21706293	8.0	69.0
14	21803063	12.0	36.0
14	23308476	7.0	42.0
14	23350396	13.0	28.0
14	23439307	12.0	18.0
14	23897366	4.0	40.0
14	24133275	13.0	33.0
14	25459796	24.0	32.0
14	26132311	15.0	32.0
14	26168837	8.0	41.0
14	28410450	33.0	40.0
14	29018055	9.0	38.0
14	29409448	19.0	33.0
14	29699483	10.0	37.0
14	31577795	12.0	39.0
14	31878895	10.0	40.0
14	32115520	11.0	41.0
14	33467209	10.0	35.0
14	34603922	20.0	35.0
14	34947923	22.0	22.0
14	35753044	20.0	30.0
14	35807353	7.0	35.0
14	36547846	11.0	53.0
14	36933567	4.0	51.0
14	37544068	4.0	47.0
14	37548898	22.0	34.0
14	38006782	16.0	38.0
14	38219304	8.0	46.0
14	40015818	7.0	35.0
14	40726797	9.0	37.0
14	41036051	18.0	36.0
14	41950881	21.0	29.0
14	42327108	25.0	17.0
14	43299459	4.0	32.0
14	44111472	6.0	42.0
14	44387285	27.0	28.0
14	44710678	22.0	35.0
14	44943826	12.0	31.0
14	47236060	9.0	58.0
14	47994630	9.0	26.0
14	48641325	13.0	30.0
14	49878951	22.0	30.0
14	50620550	6.0	51.0
14	50665731	8.0	50.0
14	51198538	20.0	44.0
14	53746118	11.0	43.0
14	53912743	4.0	46.0
14	55072950	5.0	19.0
14	56782620	8.0	54.0
14	58591991	23.0	18.0
14	62360316	10.0	52.0
14	62440685	16.0	34.0
14	62576517	17.0	44.0
14	62633060	17.0	42.0
14	63146248	9.0	41.0
14	64456240	6.0	37.0
14	64950237	12.0	32.0
14	65758235	8.0	45.0
14	66881514	25.0	36.0
14	68815489	3.0	11.0
14	69272031	11.0	31.0
14	71533689	20.0	31.0
14	71544364	10.0	41.0
14	71713529	24.0	37.0
14	72198015	20.0	27.0
14	75127086	7.0	47.0
14	75311495	20.0	41.0
14	75400567	21.0	39.0
14	76659938	7.0	46.0
14	77647984	16.0	35.0
14	79685141	17.0	35.0
14	80099489	11.0	47.0
14	80284482	7.0	20.0
14	80574260	20.0	33.0
14	84588630	14.0	41.0
14	85130068	14.0	34.0
14	86451946	13.0	38.0
14	87403276	24.0	37.0
14	88683296	21.0	34.0
14	88795839	20.0	32.0
14	89065220	8.0	43.0
14	89274361	21.0	26.0
14	89756085	21.0	35.0
14	91279158	24.0	33.0
14	91604866	7.0	41.0
14	92048164	10.0	32.0
14	92051828	9.0	54.0
14	92061841	21.0	25.0
14	93766899	5.0	29.0
14	94393784	13.0	12.0
14	94711261	6.0	46.0
14	94761955	14.0	29.0
14	95118937	19.0	45.0
14	95925511	40.0	34.0
14	95946433	7.0	43.0
14	96062292	6.0	58.0
14	96902408	14.0	33.0
14	99056720	4.0	40.0
14	99407043	8.0	47.0
14	99464918	6.0	39.0
14	100986237	11.0	34.0
14	101211980	8.0	30.0
14	101290614	14.0	24.0
14	102049818	5.0	34.0
14	102574364	17.0	38.0
14	103475388	22.0	20.0
14	103625655	29.0	21.0
14	104035337	10.0	46.0
14	104549470	15.0	27.0
14	104973580	8.0	25.0
14	105627573	8.0	25.0
14	106272011	18.0	29.0
14	106492385	25.0	29.0
14	107235175	26.0	28.0
15	20005102	14.0	44.0
15	24414387	10.0	23.0
15	24728735	13.0	25.0
15	25047307	4.0	45.0
15	25774030	12.0	35.0
15	25913349	11.0	37.0
15	26590551	6.0	62.0
15	26873353	21.0	30.0
15	27056605	14.0	25.0
15	27485645	15.0	42.0
15	27842315	20.0	26.0
15	28751698	12.0	40.0
15	29636434	10.0	43.0
15	31417228	8.0	45.0
15	31443570	12.0	31.0
15	32173765	13.0	31.0
15	32219932	13.0	31.0
15	32282623	8.0	50.0
15	32516138	21.0	23.0
15	33623434	23.0	40.0
15	36303271	8.0	59.0
15	36643720	20.0	47.0
15	36769832	25.0	35.0
15	37332549	13.0	35.0
15	38032355	10.0	39.0
15	38791087	11.0	42.0
15	40406211	21.0	40.0
15	42034361	16.0	34.0
15	43405036	10.0	31.0
15	45095114	12.0	36.0
15	45992054	14.0	34.0
15	49051967	12.0	46.0
15	51068520	19.0	24.0
15	51241025	8.0	38.0
15	53698624	17.0	38.0
15	53753487	5.0	32.0
15	55748271	6.0	37.0
15	55789245	9.0	32.0
15	56479233	7.0	59.0
15	58204206	12.0	25.0
15	60157071	17.0	39.0
15	60177890	13.0	44.0
15	60943435	9.0	25.0
15	63370292	11.0	43.0
15	65941182	8.0	33.0
15	69178849	8.0	46.0
15	70721027	26.0	23.0
15	71038914	11.0	41.0
15	71687995	3.0	36.0
15	72204676	14.0	28.0
15	74262820	25.0	32.0
15	74865094	6.0	36.0
15	75542657	15.0	41.0
15	76777852	11.0	40.0
15	77095733	23.0	37.0
15	77633797	4.0	28.0
15	78859374	13.0	26.0
15	80291053	13.0	35.0
15	80854961	19.0	42.0
15	80937239	9.0	39.0
15	80990006	15.0	25.0
15	81940179	26.0	27.0
15	83371846	4.0	39.0
15	84338515	15.0	25.0
15	85230301	16.0	39.0
15	87590278	6.0	46.0
15	89357686	7.0	37.0
15	89551038	27.0	26.0
15	91071927	12.0	50.0
15	93653144	11.0	26.0
15	94202887	29.0	28.0
15	94273388	10.0	48.0
15	94680479	18.0	41.0
15	94788538	12.0	58.0
15	96269984	6.0	43.0
15	96327878	9.0	39.0
15	96974249	20.0	19.0
15	96978471	5.0	49.0
15	97608071	17.0	32.0
15	98015713	11.0	51.0
15	98387798	17.0	37.0
15	99308505	22.0	21.0
15	99455076	9.0	40.0
15	99778288	27.0	28.0
15	100065070	14.0	44.0
15	101290495	11.0	34.0
15	101566236	13.0	37.0
16	703464	35.0	24.0
16	938608	10.0	32.0
16	1034323	20.0	26.0
16	1774419	5.0	44.0
16	3180002	6.0	34.0
16	5308692	9.0	50.0
16	6602883	14.0	37.0
16	7890970	17.0	37.0
16	8139470	8.0	43.0
16	8897323	5.0	32.0
16	10452861	6.0	36.0
16	11288809	11.0	43.0
16	11495214	18.0	24.0
16	11634247	7.0	29.0
16	12382248	13.0	18.0
16	12967459	8.0	35.0
16	14066744	21.0	40.0
16	14439607	21.0	20.0
16	15581041	6.0	49.0
16	17496195	17.0	38.0
16	19760617	17.0	29.0
16	19966131	7.0	34.0
16	20160928	8.0	44.0
16	20209209	13.0	34.0
16	23868837	3.0	40.0
16	25510232	5.0	36.0
16	26695036	18.0	30.0
16	26744588	13.0	28.0
16	26796477	11.0	27.0
16	27042181	7.0	43.0
16	27359234	7.0	29.0
16	27500465	23.0	26.0
16	28023808	5.0	48.0
16	29640134	14.0	19.0
16	30698795	20.0	33.0
16	31173122	15.0	28.0
16	33483245	22.0	56.0
16	34239746	7.0	39.0
16	34256502	12.0	41.0
16	34430154	14.0	36.0
16	34580497	27.0	47.0
16	34730187	7.0	59.0
16	35086092	22.0	35.0
16	35239114	4.0	52.0
16	46448021	10.0	40.0
16	46537705	26.0	35.0
16	46845245	17.0	41.0
16	47425404	15.0	37.0
16	47787812	13.0	38.0
16	49423163	24.0	40.0
16	50490265	18.0	40.0
16	50925825	11.0	39.0
16	51282972	9.0	28.0
16	51541504	4.0	45.0
16	52095133	7.0	67.0
16	52706157	20.0	35.0
16	52765579	10.0	40.0
16	53027301	10.0	41.0
16	53823693	24.0	22.0
16	57524045	9.0	45.0
16	57788507	8.0	32.0
16	57938259	11.0	31.0
16	60431768	15.0	39.0
16	60857570	16.0	32.0
16	62215079	12.0	48.0
16	62960892	15.0	30.0
16	64042504	9.0	35.0
16	64044711	10.0	50.0
16	64721653	21.0	24.0
16	69014636	26.0	35.0
16	69456415	19.0	47.0
16	69764326	23.0	35.0
16	71695972	21.0	14.0
16	73182423	19.0	24.0
16	73509153	11.0	23.0
16	74004694	20.0	30.0
16	74943892	7.0	12.0
16	78983686	8.0	40.0
16	79018384	5.0	43.0
16	80781208	10.0	45.0
16	81305965	14.0	17.0
16	82433048	18.0	39.0
16	83595591	19.0	34.0
16	84446429	5.0	32.0
16	85624763	12.0	37.0
16	87023126	5.0	38.0
16	87718891	13.0	23.0
16	88686981	19.0	19.0
16	88817311	8.0	31.0
16	88918257	14.0	31.0
16	88974841	8.0	40.0
16	89743126	18.0	26.0
17	490595	5.0	44.0
17	687985	13.0	37.0
17	982582	14.0	35.0
17	1289452	7.0	52.0
17	3458768	7.0	33.0
17	4247296	10.0	45.0
17	5822162	12.0	27.0
17	6370185	13.0	40.0
17	6842017	20.0	41.0
17	7078707	5.0	19.0
17	7190874	16.0	18.0
17	7270952	8.0	34.0
17	8691002	12.0	39.0
17	8828442	4.0	49.0
17	9761404	15.0	48.0
17	11533674	12.0	34.0
17	11552201	21.0	29.0
17	13536222	18.0	39.0
17	14669373	23.0	48.0
17	17523868	11.0	28.0
17	19158224	16.0	37.0
17	20764541	8.0	38.0
17	20984946	35.0	20.0
17	21973793	11.0	19.0
17	25746419	11.0	35.0
17	25779608	17.0	43.0
17	32705852	17.0	36.0
17	32706968	7.0	32.0
17	33589121	6.0	35.0
17	34337305	16.0	28.0
17	36637410	8.0	39.0
17	37597573	12.0	35.0
17	38242265	16.0	22.0
17	38467844	5.0	50.0
17	38931128	23.0	50.0
17	38950495	20.0	34.0
17	40224084	21.0	15.0
17	40298045	19.0	32.0
17	42550896	20.0	34.0
17	44865145	10.0	44.0
17	45316183	9.0	34.0
17	46106975	8.0	51.0
17	46897738	16.0	31.0
17	47232573	5.0	43.0
17	47512704	5.0	21.0
17	47702708	6.0	40.0
17	48713694	10.0	40.0
17	48851583	14.0	25.0
17	48905728	3.0	32.0
17	50749691	14.0	40.0
17	51558633	10.0	28.0
17	51621023	11.0	35.0
17	53900285	16.0	39.0
17	55386473	5.0	37.0
17	56220149	5.0	13.0
17	56975440	18.0	29.0
17	57041480	10.0	46.0
17	57406230	22.0	34.0
17	57485598	9.0	44.0
17	58578948	7.0	46.0
17	58785189	11.0	40.0
17	60462731	16.0	31.0
17	62236028	9.0	45.0
17	62372277	17.0	30.0
17	65372388	14.0	45.0
17	65879170	5.0	36.0
17	66524000	15.0	39.0
17	66526136	14.0	33.0
17	66526421	9.0	37.0
17	68430114	9.0	47.0
17	69252964	5.0	48.0
17	69406921	6.0	51.0
17	69850031	15.0	24.0
17	71138349	13.0	33.0
17	72298319	17.0	27.0
17	72760258	7.0	24.0
17	72874370	9.0	33.0
17	74331097	24.0	25.0
17	74896569	16.0	36.0
17	77380561	13.0	38.0
17	80711572	15.0	44.0
18	78557	12.0	87.0
18	722420	13.0	59.0
18	1349127	21.0	48.0
18	1475396	34.0	44.0
18	4679101	12.0	23.0
18	7216071	24.0	34.0
18	8250846	17.0	39.0
18	9843371	6.0	35.0
18	11716268	4.0	51.0
18	13089447	11.0	45.0
18	13749945	8.0	42.0
18	18731675	10.0	36.0
18	18866418	7.0	44.0
18	19739204	19.0	39.0
18	21195895	8.0	36.0
18	21346742	6.0	33.0
18	21545805	5.0	49.0
18	23148245	10.0	55.0
18	25234375	13.0	47.0
18	25304608	13.0	35.0
18	27177007	3.0	18.0
18	27702642	24.0	31.0
18	28108949	22.0	31.0
18	30236209	10.0	39.0
18	34191282	12.0	52.0
18	35303146	8.0	39.0
18	35383504	16.0	34.0
18	35577615	26.0	22.0
18	35894216	19.0	39.0
18	36515287	7.0	37.0
18	36609873	10.0	40.0
18	37390222	7.0	38.0
18	38045832	31.0	30.0
18	38901143	10.0	56.0
18	38907289	17.0	26.0
18	39517133	6.0	19.0
18	41567951	15.0	29.0
18	41906611	14.0	40.0
18	41957096	17.0	26.0
18	42531907	10.0	31.0
18	42831020	10.0	54.0
18	43780024	10.0	44.0
18	44103201	12.0	29.0
18	44233071	15.0	27.0
18	44560978	6.0	39.0
18	47374006	16.0	31.0
18	48327599	16.0	22.0
18	48948594	14.0	49.0
18	53018135	11.0	27.0
18	53527537	9.0	33.0
18	54184935	8.0	38.0
18	54198764	8.0	37.0
18	54281763	16.0	40.0
18	55922403	7.0	37.0
18	56615309	9.0	48.0
18	57333437	8.0	43.0
18	58405616	12.0	42.0
18	58782308	7.0	43.0
18	60444120	24.0	17.0
18	61105832	13.0	28.0
18	62717660	6.0	49.0
18	63006295	21.0	40.0
18	63888049	18.0	44.0
18	66813139	8.0	38.0
18	66829221	17.0	34.0
18	68459732	18.0	32.0
18	68892032	14.0	33.0
18	70170319	4.0	31.0
18	70396009	26.0	46.0
18	72146089	13.0	47.0
18	72232001	5.0	35.0
18	73238704	6.0	25.0
18	74051177	5.0	45.0
18	74709327	3.0	46.0
18	76043633	14.0	39.0
18	76289501	31.0	22.0
19	407975	4.0	22.0
19	1122376	9.0	29.0
19	1678814	4.0	27.0
19	3238073	13.0	32.0
19	4066243	5.0	10.0
19	6885359	6.0	43.0
19	7002692	15.0	28.0
19	7092873	7.0	34.0
19	7103080	11.0	22.0
19	9572717	24.0	35.0
19	9935439	7.0	35.0
19	10105877	6.0	40.0
19	10612434	17.0	23.0
19	12394508	23.0	28.0
19	14752668	8.0	55.0
19	14854082	15.0	44.0
19	15015586	21.0	55.0
19	16472931	5.0	40.0
19	16586659	24.0	20.0
19	16855664	6.0	39.0
19	18350562	31.0	23.0
19	18431974	21.0	40.0
19	19401819	13.0	33.0
19	21450001	17.0	29.0
19	22039054	8.0	44.0
19	22128304	17.0	43.0
19	22361158	7.0	18.0
19	22431318	23.0	23.0
19	22520213	6.0	30.0
19	23190539	17.0	26.0
19	23370122	6.0	27.0
19	24475205	7.0	40.0
19	28219964	16.0	38.0
19	28388971	5.0	38.0
19	28601709	31.0	35.0
19	29969857	13.0	33.0
19	30035694	14.0	25.0
19	32126609	7.0	30.0
19	32283348	17.0	44.0
19	32307841	4.0	31.0
19	32648419	18.0	47.0
19	33534175	9.0	34.0
19	33701723	14.0	23.0
19	33952810	7.0	45.0
19	35621691	7.0	43.0
19	35932833	22.0	44.0
19	36342242	20.0	15.0
19	37506152	20.0	21.0
19	39413808	8.0	43.0
19	39999684	14.0	34.0
19	40947717	18.0	18.0
19	41691558	5.0	40.0
19	42347147	13.0	22.0
19	43789789	20.0	27.0
19	43906878	22.0	19.0
19	43910867	25.0	41.0
19	44948274	7.0	63.0
19	45053068	20.0	47.0
19	45215347	9.0	46.0
19	45555652	4.0	33.0
19	46021988	6.0	38.0
19	46078977	8.0	46.0
19	46408585	13.0	27.0
19	47536445	7.0	38.0
19	47768058	12.0	10.0
19	48299539	13.0	40.0
19	52576910	28.0	35.0
19	52725404	5.0	32.0
19	53733426	5.0	22.0
19	54230512	12.0	27.0
19	54910097	20.0	23.0
19	54934969	6.0	36.0
19	55036043	11.0	41.0
19	55640433	24.0	32.0
19	58218832	27.0	20.0
2	36867	11.0	24.0
2	136105	7.0	39.0
2	894718	19.0	32.0
2	979016	6.0	41.0
2	2289997	12.0	28.0
2	2588343	4.0	53.0
2	2637874	15.0	33.0
2	3136227	10.0	26.0
2	3996400	27.0	26.0
2	5496257	15.0	47.0
2	6105211	13.0	48.0
2	9035195	11.0	35.0
2	9413374	14.0	27.0
2	9875108	5.0	60.0
2	9906098	2.0	24.0
2	9961168	13.0	24.0
2	10598577	9.0	49.0
2	11181641	7.0	32.0
2	12014199	23.0	37.0
2	12723285	21.0	36.0
2	12849546	17.0	30.0
2	13333836	6.0	26.0
2	15395369	16.0	47.0
2	15694251	10.0	35.0
2	17040600	8.0	48.0
2	17091812	22.0	25.0
2	17921132	8.0	18.0
2	18029582	13.0	29.0
2	18616296	27.0	17.0
2	21351296	15.0	14.0
2	23715994	9.0	30.0
2	25728062	5.0	55.0
2	27755979	14.0	27.0
2	28879614	13.0	31.0
2	29198211	21.0	15.0
2	31673803	15.0	32.0
2	33413200	9.0	38.0
2	33452456	24.0	28.0
2	33999851	13.0	53.0
2	34149733	32.0	30.0
2	34425140	5.0	41.0
2	34579704	29.0	30.0
2	35701756	10.0	41.0
2	35971645	7.0	46.0
2	35998871	12.0	41.0
2	36403637	24.0	25.0
2	37000117	33.0	30.0
2	38256162	26.0	24.0
2	38541887	18.0	36.0
2	39046570	9.0	33.0
2	39266437	8.0	48.0
2	39894809	8.0	40.0
2	40767976	16.0	20.0
2	41136452	11.0	24.0
2	41652941	18.0	56.0
2	42235327	20.0	23.0
2	42271325	11.0	16.0
2	42677731	10.0	44.0
2	44302816	9.0	18.0
2	45106210	7.0	35.0
2	45326640	25.0	34.0
2	46083495	9.0	46.0
2	47013707	17.0	30.0
2	48295623	5.0	48.0
2	52686228	34.0	27.0
2	53096148	2.0	38.0
2	53885804	9.0	23.0
2	54068999	13.0	34.0
2	55120628	6.0	38.0
2	58089016	17.0	27.0
2	58593286	10.0	43.0
2	58971070	16.0	35.0
2	60176386	7.0	54.0
2	60663720	18.0	29.0
2	63686718	8.0	40.0
2	63876464	6.0	54.0
2	64215597	7.0	46.0
2	67332817	16.0	41.0
2	67905119	26.0	14.0
2	70101744	19.0	28.0
2	71014721	16.0	34.0
2	73346088	8.0	44.0
2	74430321	7.0	36.0
2	76166893	19.0	46.0
2	76356616	9.0	48.0
2	76695862	17.0	32.0
2	77367999	6.0	33.0
2	78065245	12.0	48.0
2	78065776	15.0	33.0
2	78182764	16.0	45.0
2	78313057	9.0	32.0
2	78392341	15.0	38.0
2	80134121	5.0	40.0
2	81435759	15.0	32.0
2	82414801	11.0	20.0
2	82658025	5.0	36.0
2	85480488	28.0	22.0
2	85522986	11.0	15.0
2	86531242	5.0	50.0
2	90188812	9.0	37.0
2	91769567	5.0	264.0
2	96778738	7.0	20.0
2	97556183	9.0	42.0
2	99405552	15.0	36.0
2	100182078	18.0	40.0
2	101168192	6.0	31.0
2	102072981	14.0	35.0
2	102655593	8.0	36.0
2	103117557	9.0	34.0
2	103189491	25.0	34.0
2	103235693	10.0	14.0
2	103276199	7.0	49.0
2	105736820	18.0	36.0
2	105877032	6.0	35.0
2	106066234	17.0	31.0
2	106190327	20.0	26.0
2	106318189	7.0	47.0
2	106961401	13.0	24.0
2	108034482	16.0	48.0
2	111090695	12.0	57.0
2	113220584	20.0	28.0
2	114501750	5.0	46.0
2	114777022	12.0	31.0
2	116699222	36.0	27.0
2	117347725	21.0	43.0
2	117643054	5.0	58.0
2	119057189	8.0	47.0
2	119556959	7.0	50.0
2	120365741	5.0	52.0
2	121360433	10.0	46.0
2	121489677	7.0	41.0
2	121731075	9.0	37.0
2	122012231	21.0	20.0
2	123545683	9.0	41.0
2	123906976	19.0	36.0
2	124369232	7.0	55.0
2	124440191	10.0	15.0
2	124893983	13.0	46.0
2	125428821	6.0	43.0
2	125849782	13.0	41.0
2	126543025	7.0	53.0
2	127235778	11.0	38.0
2	127238656	29.0	33.0
2	127258927	8.0	50.0
2	128346217	6.0	24.0
2	129690774	17.0	34.0
2	131584533	8.0	40.0
2	132724161	5.0	18.0
2	133697642	23.0	31.0
2	138571345	13.0	41.0
2	138835189	11.0	33.0
2	140794803	14.0	49.0
2	141161844	11.0	23.0
2	141428818	14.0	25.0
2	141661883	5.0	48.0
2	142045967	8.0	44.0
2	142475872	14.0	40.0
2	142543201	18.0	37.0
2	143304624	6.0	25.0
2	144043832	9.0	44.0
2	145086744	9.0	29.0
2	146151872	19.0	42.0
2	146426259	10.0	30.0
2	147001137	5.0	50.0
2	147161744	13.0	26.0
2	147444071	31.0	33.0
2	147509137	10.0	49.0
2	147639012	7.0	46.0
2	147961082	17.0	32.0
2	149141491	1.0	62.0
2	149952749	9.0	38.0
2	150005551	8.0	41.0
2	150072918	15.0	38.0
2	154022595	7.0	48.0
2	154182538	7.0	44.0
2	155573923	7.0	41.0
2	156129718	21.0	36.0
2	156186777	12.0	39.0
2	156919436	12.0	28.0
2	157333662	19.0	39.0
2	158292086	28.0	40.0
2	158316627	8.0	30.0
2	161163745	11.0	51.0
2	162627997	4.0	28.0
2	163266293	8.0	37.0
2	163487560	8.0	32.0
2	165137986	12.0	32.0
2	166891512	9.0	35.0
2	166945930	18.0	38.0
2	168199995	17.0	30.0
2	168888646	16.0	32.0
2	169379594	19.0	35.0
2	169549211	15.0	46.0
2	169958042	9.0	46.0
2	170201528	14.0	27.0
2	172329286	20.0	37.0
2	174118726	7.0	32.0
2	175521514	19.0	35.0
2	175694551	11.0	46.0
2	176756575	4.0	43.0
2	176942253	11.0	32.0
2	177003619	10.0	35.0
2	177488228	12.0	26.0
2	179022330	10.0	43.0
2	179877849	8.0	40.0
2	181839958	13.0	36.0
2	182216330	16.0	39.0
2	182911566	11.0	51.0
2	184730425	18.0	18.0
2	185341082	4.0	46.0
2	186493814	4.0	34.0
2	187032562	15.0	60.0
2	187140766	19.0	31.0
2	187195414	13.0	40.0
2	189184135	5.0	45.0
2	191249715	20.0	30.0
2	193413942	6.0	26.0
2	194519627	6.0	36.0
2	195182303	4.0	57.0
2	195240164	9.0	40.0
2	195336090	4.0	34.0
2	195545830	16.0	32.0
2	197682161	5.0	47.0
2	199784731	16.0	44.0
2	199855304	3.0	41.0
2	200734987	15.0	32.0
2	200917860	16.0	36.0
2	201300319	6.0	48.0
2	202306573	9.0	37.0
2	202452760	18.0	39.0
2	203746315	13.0	22.0
2	208998465	5.0	49.0
2	209218461	4.0	59.0
2	209703718	10.0	25.0
2	210772997	24.0	35.0
2	210798824	23.0	34.0
2	211180349	7.0	40.0
2	213795166	7.0	58.0
2	214092432	4.0	40.0
2	214223047	8.0	36.0
2	215029403	28.0	28.0
2	215235979	16.0	24.0
2	217215081	5.0	21.0
2	218098624	19.0	34.0
2	218565474	10.0	45.0
2	218669306	11.0	36.0
2	218785701	9.0	28.0
2	221978335	20.0	32.0
2	223219953	9.0	41.0
2	226871424	22.0	34.0
2	226901600	17.0	29.0
2	227031546	27.0	22.0
2	227789352	5.0	44.0
2	227802033	22.0	34.0
2	228506528	5.0	51.0
2	228935739	14.0	34.0
2	229798492	6.0	54.0
2	230622523	6.0	41.0
2	230946398	11.0	36.0
2	231354630	23.0	48.0
2	231652827	16.0	28.0
2	231856381	11.0	40.0
2	232137283	21.0	21.0
2	233164073	10.0	33.0
2	234394312	22.0	25.0
2	234532900	17.0	40.0
2	235091424	8.0	42.0
2	235468287	4.0	37.0
2	235496260	9.0	40.0
2	235763236	3.0	47.0
2	236051193	5.0	48.0
2	239089033	9.0	45.0
2	239271892	11.0	41.0
2	239530477	8.0	44.0
2	239753808	10.0	49.0
2	240555630	6.0	30.0
2	241167575	8.0	35.0
2	242794417	10.0	27.0
2	242969601	13.0	36.0
20	72729	9.0	24.0
20	932936	14.0	24.0
20	2108384	8.0	39.0
20	2890796	20.0	18.0
20	4326773	14.0	50.0
20	4676334	7.0	43.0
20	8021633	20.0	24.0
20	9845839	21.0	26.0
20	11435792	16.0	42.0
20	11456062	13.0	40.0
20	12126405	21.0	46.0
20	12605663	30.0	26.0
20	13107508	28.0	22.0
20	15865332	15.0	34.0
20	16379461	18.0	28.0
20	16632880	7.0	32.0
20	17514804	18.0	38.0
20	18198998	24.0	31.0
20	18261535	11.0	49.0
20	19130948	9.0	46.0
20	22020849	14.0	36.0
20	22492051	3.0	45.0
20	23759492	19.0	36.0
20	25618876	10.0	64.0
20	25719854	19.0	31.0
20	26198394	15.0	18.0
20	29494836	11.0	37.0
20	31377696	18.0	37.0
20	33233558	14.0	21.0
20	33316344	7.0	35.0
20	35597756	17.0	34.0
20	35666971	7.0	16.0
20	36587931	18.0	38.0
20	36731882	15.0	32.0
20	38771927	22.0	41.0
20	39004410	25.0	32.0
20	40032639	12.0	40.0
20	42808815	17.0	23.0
20	45208144	24.0	35.0
20	46504657	10.0	24.0
20	46600454	19.0	30.0
20	47101361	23.0	27.0
20	47149383	7.0	28.0
20	47191942	9.0	41.0
20	47252169	5.0	44.0
20	48191039	16.0	51.0
20	48644500	22.0	9.0
20	48980857	24.0	26.0
20	49455952	14.0	35.0
20	49525289	19.0	32.0
20	51272882	12.0	29.0
20	51634305	4.0	51.0
20	51820138	4.0	33.0
20	52892671	26.0	26.0
20	53726310	3.0	7.0
20	53952811	27.0	43.0
20	55033730	4.0	35.0
20	55188389	9.0	38.0
20	55273004	5.0	46.0
20	56214368	9.0	43.0
20	57691678	22.0	18.0
20	57757195	16.0	37.0
20	59126096	4.0	45.0
20	59840596	8.0	39.0
20	60201465	13.0	30.0
20	60473406	5.0	52.0
21	9662073	8.0	116.0
21	10856587	11.0	89.0
21	10954603	14.0	88.0
21	15645130	12.0	53.0
21	15645532	7.0	48.0
21	16209619	13.0	37.0
21	16892185	22.0	28.0
21	17661015	16.0	42.0
21	18147921	24.0	27.0
21	18605313	23.0	26.0
21	19765436	9.0	37.0
21	19825629	10.0	43.0
21	20740603	15.0	27.0
21	20951025	7.0	45.0
21	21715907	13.0	32.0
21	22172248	8.0	54.0
21	22431468	11.0	54.0
21	22440994	9.0	25.0
21	22596587	23.0	26.0
21	22826027	12.0	35.0
21	22882981	8.0	57.0
21	23051185	4.0	42.0
21	24096153	10.0	31.0
21	24306164	17.0	38.0
21	24469484	10.0	48.0
21	24625575	20.0	28.0
21	24755725	8.0	45.0
21	24966798	7.0	44.0
21	28433417	4.0	52.0
21	30160520	21.0	36.0
21	30339067	19.0	33.0
21	30769419	7.0	44.0
21	31091042	13.0	35.0
21	31362892	17.0	46.0
21	33557080	17.0	31.0
21	35677237	3.0	22.0
21	37350792	21.0	23.0
21	37451449	19.0	27.0
21	37460738	10.0	33.0
21	37735394	17.0	27.0
21	38694722	7.0	32.0
21	40046884	31.0	44.0
21	40082068	20.0	41.0
21	40730668	16.0	39.0
21	41597259	31.0	25.0
21	41848239	21.0	41.0
21	41877123	9.0	43.0
21	42246486	28.0	27.0
21	43165641	14.0	42.0
21	43726650	8.0	39.0
21	44078823	22.0	28.0
21	46969227	9.0	29.0
21	47152825	9.0	36.0
22	18196916	6.0	29.0
22	18893298	12.0	20.0
22	19533399	6.0	49.0
22	19573265	17.0	34.0
22	20737249	15.0	29.0
22	21410974	6.0	34.0
22	22236390	15.0	24.0
22	23904871	14.0	19.0
22	26143544	10.0	45.0
22	27873644	8.0	33.0
22	28128922	13.0	18.0
22	31053306	3.0	27.0
22	32423668	8.0	51.0
22	33109559	18.0	26.0
22	33203321	5.0	10.0
22	37765224	8.0	35.0
22	38309314	13.0	29.0
22	38455980	6.0	36.0
22	40246236	26.0	28.0
22	40306040	12.0	49.0
22	43591821	27.0	29.0
22	44982306	18.0	17.0
22	46019245	11.0	26.0
22	46691658	13.0	27.0
22	47988842	14.0	36.0
22	48740075	15.0	34.0
22	48783840	8.0	44.0
22	50238656	24.0	30.0
22	50482358	21.0	24.0
22	50632582	8.0	38.0
22	50990535	31.0	26.0
3	1273290	20.0	26.0
3	1975931	19.0	24.0
3	2776035	6.0	39.0
3	2936475	8.0	55.0
3	3800773	6.0	52.0
3	3806231	9.0	40.0
3	3821566	5.0	36.0
3	5905237	6.0	38.0
3	6859555	18.0	39.0
3	7944364	23.0	44.0
3	8863894	21.0	28.0
3	9481429	12.0	32.0
3	11684205	9.0	38.0
3	12243888	7.0	44.0
3	12289013	5.0	48.0
3	12435950	20.0	31.0
3	12441500	21.0	21.0
3	12918244	7.0	42.0
3	14085761	4.0	37.0
3	15651722	8.0	39.0
3	16410603	7.0	51.0
3	16475363	18.0	33.0
3	17652229	13.0	30.0
3	17652615	25.0	26.0
3	18322090	9.0	31.0
3	21867135	4.0	54.0
3	22475062	16.0	38.0
3	22809212	17.0	31.0
3	22936082	29.0	22.0
3	23814451	10.0	40.0
3	23857923	6.0	33.0
3	25045095	33.0	28.0
3	27395626	8.0	50.0
3	27935907	14.0	39.0
3	28187497	10.0	36.0
3	29977556	7.0	47.0
3	30331390	14.0	42.0
3	30513704	10.0	32.0
3	30650790	6.0	70.0
3	31316173	10.0	34.0
3	32282227	12.0	39.0
3	33989046	7.0	34.0
3	34615773	6.0	37.0
3	35185337	6.0	47.0
3	35307479	7.0	51.0
3	35579527	6.0	38.0
3	35766763	25.0	30.0
3	36849976	13.0	40.0
3	37017779	9.0	23.0
3	37545917	28.0	28.0
3	37618184	12.0	27.0
3	37904108	9.0	27.0
3	38324186	4.0	33.0
3	39306497	19.0	30.0
3	40839379	12.0	43.0
3	44588108	20.0	39.0
3	44623751	9.0	35.0
3	45091959	5.0	35.0
3	49995584	4.0	24.0
3	51165974	24.0	31.0
3	51944521	16.0	29.0
3	53735520	5.0	45.0
3	54254233	23.0	40.0
3	55567936	5.0	46.0
3	56392103	6.0	48.0
3	57388097	10.0	53.0
3	57683384	3.0	33.0
3	57683385	3.0	34.0
3	58122061	31.0	23.0
3	58628561	11.0	36.0
3	59097007	6.0	34.0
3	59101952	14.0	61.0
3	59329429	15.0	43.0
3	59948753	20.0	21.0
3	60642665	10.0	45.0
3	60943056	26.0	25.0
3	62493874	17.0	31.0
3	63771819	6.0	51.0
3	65470344	7.0	39.0
3	67694866	17.0	35.0
3	67757777	7.0	41.0
3	67981784	10.0	42.0
3	68899000	18.0	31.0
3	68941048	16.0	36.0
3	69400000	9.0	5.0
3	70294867	4.0	15.0
3	70419340	12.0	33.0
3	71882000	7.0	41.0
3	71957416	18.0	35.0
3	72788280	11.0	20.0
3	73678291	13.0	36.0
3	75153509	9.0	51.0
3	80618800	26.0	28.0
3	81418667	12.0	51.0
3	81845228	11.0	23.0
3	82005373	7.0	51.0
3	83057177	16.0	37.0
3	83280671	23.0	28.0
3	83306019	4.0	47.0
3	84290635	8.0	45.0
3	84825739	8.0	36.0
3	87587245	14.0	22.0
3	88799824	8.0	28.0
3	89388204	18.0	45.0
3	90486489	17.0	40.0
3	94230661	21.0	30.0
3	94400963	8.0	37.0
3	94473504	15.0	25.0
3	95610848	5.0	37.0
3	95668974	6.0	46.0
3	95977969	24.0	23.0
3	96002908	29.0	19.0
3	96033793	8.0	43.0
3	96106373	16.0	39.0
3	96700574	8.0	47.0
3	96879214	21.0	33.0
3	96974397	17.0	42.0
3	99816496	17.0	38.0
3	100511308	8.0	53.0
3	101815907	23.0	31.0
3	101992757	19.0	38.0
3	102526177	14.0	36.0
3	102567947	8.0	37.0
3	102661824	12.0	39.0
3	103164443	8.0	22.0
3	103289384	30.0	33.0
3	103296961	20.0	38.0
3	103540805	8.0	31.0
3	103640084	16.0	17.0
3	103673103	16.0	35.0
3	103974761	21.0	30.0
3	103974780	24.0	35.0
3	105770176	12.0	45.0
3	106384599	7.0	29.0
3	108013907	8.0	36.0
3	108374515	6.0	23.0
3	108777075	9.0	31.0
3	108816062	9.0	48.0
3	108903710	5.0	24.0
3	109282498	23.0	32.0
3	109434196	20.0	36.0
3	110034836	12.0	44.0
3	110361559	7.0	34.0
3	111171762	25.0	34.0
3	112525385	21.0	29.0
3	112596357	39.0	23.0
3	112997417	19.0	23.0
3	113655668	17.0	21.0
3	113890961	29.0	43.0
3	114154254	9.0	50.0
3	114973457	5.0	30.0
3	115087029	22.0	33.0
3	115160876	8.0	49.0
3	116185246	12.0	41.0
3	116720771	7.0	43.0
3	117254830	20.0	35.0
3	118367263	10.0	36.0
3	120669247	10.0	39.0
3	121515060	14.0	34.0
3	123241864	10.0	39.0
3	123565662	9.0	52.0
3	125436025	10.0	37.0
3	126104216	7.0	39.0
3	128018926	19.0	34.0
3	129974913	8.0	37.0
3	130194067	11.0	45.0
3	130971953	13.0	45.0
3	131050471	6.0	41.0
3	131437122	16.0	19.0
3	132301890	7.0	50.0
3	137160280	4.0	57.0
3	138160505	17.0	39.0
3	140266034	7.0	41.0
3	140280431	28.0	26.0
3	141116615	8.0	44.0
3	143134476	20.0	21.0
3	143350431	11.0	53.0
3	143492940	27.0	24.0
3	144091586	18.0	38.0
3	144200107	10.0	45.0
3	144252886	8.0	42.0
3	145312738	11.0	41.0
3	145445374	10.0	20.0
3	147391039	13.0	35.0
3	147616933	5.0	36.0
3	147665539	17.0	19.0
3	147667097	8.0	26.0
3	148685641	4.0	40.0
3	148760435	13.0	38.0
3	150425994	6.0	38.0
3	151172282	11.0	29.0
3	152238210	6.0	52.0
3	152861391	10.0	42.0
3	154709940	11.0	50.0
3	155738417	10.0	51.0
3	156508083	15.0	31.0
3	157545989	30.0	37.0
3	158162055	6.0	34.0
3	158270056	9.0	40.0
3	160170691	14.0	22.0
3	160320889	22.0	34.0
3	161205771	21.0	44.0
3	161659473	6.0	47.0
3	162053285	25.0	44.0
3	162375791	4.0	53.0
3	162906127	11.0	20.0
3	163431132	3.0	49.0
3	163732479	31.0	28.0
3	164464507	7.0	54.0
3	164613136	9.0	44.0
3	164999200	13.0	35.0
3	165056859	19.0	26.0
3	165736054	16.0	28.0
3	166651423	19.0	22.0
3	167347212	18.0	38.0
3	167677680	10.0	48.0
3	168829042	5.0	41.0
3	168852540	11.0	58.0
3	169047648	18.0	26.0
3	169111738	18.0	31.0
3	169321154	7.0	38.0
3	171145309	6.0	44.0
3	171811344	11.0	29.0
3	172483169	11.0	45.0
3	173386208	21.0	25.0
3	173921200	10.0	31.0
3	174054358	16.0	28.0
3	174629379	13.0	26.0
3	174661680	18.0	41.0
3	175422828	9.0	47.0
3	175422829	10.0	46.0
3	176162243	9.0	28.0
3	176438062	14.0	37.0
3	177030490	28.0	30.0
3	177781225	28.0	28.0
3	178872795	19.0	36.0
3	179157532	19.0	35.0
3	179266692	11.0	44.0
3	179984373	8.0	49.0
3	180083870	16.0	41.0
3	180404361	9.0	50.0
3	181832360	10.0	46.0
3	181922292	26.0	36.0
3	182472514	28.0	20.0
3	182503205	6.0	46.0
3	183242566	14.0	37.0
3	183322050	25.0	39.0
3	185145138	13.0	35.0
3	185602948	18.0	22.0
3	185891377	9.0	40.0
3	187016838	4.0	28.0
3	187545346	8.0	31.0
3	187816754	4.0	28.0
3	189457580	19.0	29.0
3	190008227	13.0	35.0
3	190631972	6.0	50.0
3	193730074	12.0	46.0
3	195197828	8.0	54.0
3	196099029	10.0	48.0
3	196353221	6.0	41.0
3	197328020	11.0	40.0
4	44677	20.0	248.0
4	121183	5.0	46.0
4	677026	8.0	21.0
4	1494850	13.0	36.0
4	2384600	25.0	35.0
4	3297964	17.0	17.0
4	6220492	4.0	47.0
4	6276643	9.0	39.0
4	7436115	14.0	28.0
4	7458876	3.0	43.0
4	8218251	10.0	24.0
4	9519652	7.0	32.0
4	9919940	7.0	44.0
4	10515572	8.0	15.0
4	10951200	27.0	29.0
4	11666511	21.0	26.0
4	11768506	27.0	26.0
4	12650400	9.0	34.0
4	12806603	31.0	35.0
4	13160267	5.0	40.0
4	15094721	8.0	49.0
4	18490793	8.0	43.0
4	18728574	16.0	32.0
4	19103037	23.0	37.0
4	19419023	24.0	40.0
4	19665150	21.0	35.0
4	19785931	14.0	37.0
4	19830027	5.0	29.0
4	20811199	18.0	27.0
4	22271157	14.0	44.0
4	24274205	17.0	47.0
4	25696864	16.0	36.0
4	27691904	28.0	37.0
4	27905167	9.0	35.0
4	27910068	16.0	40.0
4	27915860	15.0	40.0
4	28087223	17.0	22.0
4	29038668	4.0	15.0
4	29809285	8.0	39.0
4	29884740	15.0	34.0
4	30178316	12.0	47.0
4	31261335	15.0	20.0
4	31316858	9.0	41.0
4	31620060	20.0	33.0
4	31817492	3.0	19.0
4	31819549	6.0	4.0
4	32308870	20.0	42.0
4	33174377	20.0	35.0
4	33587266	7.0	39.0
4	34011161	15.0	40.0
4	34488092	18.0	41.0
4	34682464	29.0	23.0
4	35042179	7.0	46.0
4	35133054	16.0	38.0
4	35180369	7.0	41.0
4	35592562	20.0	33.0
4	35766314	5.0	57.0
4	36184395	6.0	46.0
4	36676686	20.0	28.0
4	37458509	8.0	39.0
4	37615804	10.0	55.0
4	40251732	10.0	44.0
4	41567407	6.0	32.0
4	41724617	17.0	40.0
4	41804963	13.0	35.0
4	41990361	13.0	29.0
4	42163779	5.0	51.0
4	42568691	16.0	47.0
4	43562838	16.0	39.0
4	47147974	15.0	46.0
4	47633299	9.0	34.0
4	48935735	20.0	46.0
4	49551350	4.0	48.0
4	49571305	15.0	211.0
4	54779622	15.0	24.0
4	54784139	14.0	37.0
4	54943359	27.0	34.0
4	55635591	23.0	19.0
4	55852905	8.0	33.0
4	57062067	17.0	43.0
4	57594297	11.0	34.0
4	58079555	9.0	60.0
4	58554674	12.0	40.0
4	58655338	9.0	55.0
4	59325970	6.0	27.0
4	60038226	5.0	43.0
4	60318912	6.0	31.0
4	60563543	14.0	35.0
4	60642924	15.0	35.0
4	62369345	30.0	41.0
4	63251835	18.0	23.0
4	63694442	10.0	38.0
4	63850571	9.0	40.0
4	63952243	4.0	56.0
4	64067915	9.0	4.0
4	64129070	9.0	32.0
4	64603188	18.0	42.0
4	64830030	12.0	21.0
4	65122701	9.0	30.0
4	65582382	5.0	41.0
4	65642575	9.0	39.0
4	66308552	22.0	40.0
4	66639010	10.0	29.0
4	67260270	6.0	44.0
4	67811385	13.0	42.0
4	67813717	29.0	28.0
4	67859899	5.0	38.0
4	68697239	11.0	35.0
4	69693315	17.0	35.0
4	71064583	7.0	16.0
4	72535455	28.0	21.0
4	73048916	6.0	56.0
4	73251717	19.0	42.0
4	73723168	17.0	49.0
4	75252696	8.0	24.0
4	76195713	28.0	34.0
4	76486306	3.0	30.0
4	77383998	15.0	26.0
4	78381185	14.0	46.0
4	80463375	24.0	33.0
4	80523153	6.0	50.0
4	80728246	23.0	27.0
4	81479803	12.0	52.0
4	81653781	6.0	53.0
4	81959965	13.0	46.0
4	82017848	9.0	49.0
4	87517379	15.0	32.0
4	88645557	7.0	44.0
4	90452142	3.0	25.0
4	90720973	13.0	36.0
4	91358129	22.0	18.0
4	92622297	13.0	31.0
4	93053450	18.0	42.0
4	93156299	10.0	59.0
4	94582796	11.0	37.0
4	95078588	5.0	18.0
4	96553354	5.0	46.0
4	96688549	23.0	24.0
4	96915336	7.0	56.0
4	97787211	4.0	50.0
4	98538343	17.0	33.0
4	100724221	16.0	43.0
4	101852130	6.0	45.0
4	103890144	4.0	37.0
4	104189459	6.0	49.0
4	104499526	21.0	33.0
4	104617050	13.0	24.0
4	104727223	12.0	38.0
4	105179130	9.0	34.0
4	106601869	24.0	34.0
4	108237715	7.0	48.0
4	108775875	20.0	36.0
4	109934776	14.0	55.0
4	110319641	8.0	50.0
4	111164249	13.0	40.0
4	111340772	14.0	14.0
4	112205785	6.0	26.0
4	112867935	11.0	40.0
4	113144387	7.0	37.0
4	113409366	3.0	41.0
4	113802998	6.0	31.0
4	116261105	11.0	33.0
4	116734108	8.0	47.0
4	116996212	19.0	40.0
4	117062742	10.0	43.0
4	118149864	6.0	39.0
4	118222725	5.0	5.0
4	119046850	7.0	35.0
4	119723496	15.0	34.0
4	120914828	11.0	35.0
4	121269815	17.0	39.0
4	121904843	11.0	35.0
4	122286828	2.0	8.0
4	123727536	10.0	25.0
4	124462714	16.0	25.0
4	124713760	20.0	44.0
4	125361068	18.0	27.0
4	127085322	9.0	47.0
4	130130919	39.0	28.0
4	130541261	7.0	45.0
4	131053270	13.0	31.0
4	131563534	9.0	45.0
4	132127841	7.0	18.0
4	133476498	27.0	17.0
4	133663055	6.0	30.0
4	134030838	23.0	28.0
4	134382215	12.0	26.0
4	135768484	15.0	12.0
4	135888288	16.0	33.0
4	138052025	11.0	57.0
4	138742814	9.0	52.0
4	140431552	26.0	42.0
4	140723183	17.0	31.0
4	141897348	17.0	27.0
4	142382698	26.0	29.0
4	142611495	14.0	24.0
4	143295840	4.0	45.0
4	143327549	10.0	37.0
4	144971196	9.0	43.0
4	146526818	9.0	51.0
4	146816590	13.0	50.0
4	149633611	12.0	50.0
4	150917230	23.0	28.0
4	151862323	11.0	34.0
4	152081873	13.0	18.0
4	152081887	15.0	20.0
4	152295668	29.0	26.0
4	153258983	6.0	32.0
4	154360397	12.0	45.0
4	156541194	23.0	37.0
4	157084519	17.0	45.0
4	161539824	12.0	52.0
4	162102438	5.0	37.0
4	162740909	7.0	45.0
4	165005301	9.0	38.0
4	165558047	17.0	42.0
4	167109963	14.0	46.0
4	168234891	15.0	26.0
4	171970902	12.0	43.0
4	172610896	5.0	41.0
4	172776458	13.0	36.0
4	175288125	25.0	35.0
4	176158852	17.0	17.0
4	177396798	26.0	15.0
4	177403824	7.0	27.0
4	177952055	5.0	45.0
4	178093405	17.0	28.0
4	178715569	20.0	37.0
4	178761286	25.0	33.0
4	178820585	8.0	33.0
4	179357713	17.0	34.0
4	179684143	3.0	47.0
4	180523009	19.0	32.0
4	181694914	21.0	37.0
4	181781650	3.0	41.0
4	182134322	10.0	41.0
4	185296819	14.0	38.0
4	185424344	14.0	28.0
4	186269868	13.0	36.0
4	186639055	8.0	52.0
4	187202691	11.0	44.0
4	187807984	9.0	54.0
4	189044766	16.0	22.0
4	189078306	12.0	16.0
5	1378302	13.0	25.0
5	2163720	3.0	39.0
5	2771080	15.0	21.0
5	3339026	5.0	36.0
5	3418854	12.0	31.0
5	4785302	13.0	27.0
5	4840588	7.0	53.0
5	5668257	5.0	45.0
5	6728085	18.0	37.0
5	6846325	1.0	13.0
5	8072703	7.0	43.0
5	9190556	3.0	42.0
5	9371739	9.0	41.0
5	9709382	9.0	44.0
5	10347014	10.0	18.0
5	11597389	8.0	38.0
5	12322894	24.0	42.0
5	13679211	18.0	41.0
5	13713381	13.0	40.0
5	14026597	11.0	45.0
5	15342882	6.0	53.0
5	16235775	11.0	43.0
5	16302510	15.0	34.0
5	16452172	7.0	48.0
5	16997887	6.0	26.0
5	17134645	19.0	38.0
5	17792734	7.0	19.0
5	18117151	9.0	50.0
5	18312936	10.0	36.0
5	19445882	9.0	21.0
5	20324267	13.0	30.0
5	20346812	7.0	47.0
5	21136948	13.0	17.0
5	21271443	16.0	40.0
5	21430951	3.0	41.0
5	21684712	6.0	31.0
5	21849004	7.0	33.0
5	22828283	16.0	38.0
5	23528298	22.0	18.0
5	23862898	21.0	25.0
5	25263421	21.0	32.0
5	25324655	8.0	41.0
5	25506337	8.0	42.0
5	26049853	19.0	32.0
5	27017292	25.0	37.0
5	27147958	12.0	39.0
5	27431795	13.0	34.0
5	28048335	4.0	33.0
5	29282286	7.0	36.0
5	29349831	17.0	40.0
5	29564041	22.0	30.0
5	29712382	17.0	42.0
5	30649499	12.0	37.0
5	32166867	18.0	17.0
5	32216671	12.0	29.0
5	32732492	7.0	40.0
5	32816783	10.0	36.0
5	33362252	8.0	36.0
5	33426910	13.0	41.0
5	33909785	15.0	37.0
5	35337405	9.0	49.0
5	39476368	27.0	18.0
5	40804963	24.0	12.0
5	41172985	21.0	31.0
5	41545918	7.0	33.0
5	42723924	23.0	30.0
5	43804802	26.0	34.0
5	44593952	12.0	41.0
5	45710970	14.0	30.0
5	50133664	7.0	47.0
5	50264389	6.0	41.0
5	50373043	11.0	51.0
5	50474591	9.0	38.0
5	50707736	14.0	37.0
5	50718642	9.0	46.0
5	51111859	8.0	31.0
5	51353081	23.0	37.0
5	51422606	8.0	55.0
5	51577126	7.0	39.0
5	51670900	10.0	39.0
5	53419502	24.0	52.0
5	54552895	9.0	61.0
5	56370922	22.0	34.0
5	57227145	30.0	35.0
5	58289279	20.0	36.0
5	59357646	12.0	35.0
5	59522759	11.0	43.0
5	59602622	15.0	34.0
5	59716667	11.0	37.0
5	62199368	8.0	50.0
5	62320573	14.0	28.0
5	62846288	9.0	36.0
5	64169736	24.0	45.0
5	65383143	5.0	43.0
5	65393650	15.0	39.0
5	66006117	20.0	44.0
5	67827633	13.0	42.0
5	71846580	9.0	26.0
5	74901354	8.0	44.0
5	76099773	10.0	31.0
5	76289718	20.0	26.0
5	76490455	5.0	42.0
5	77395347	28.0	25.0
5	79276248	9.0	51.0
5	81821862	24.0	44.0
5	82696164	17.0	39.0
5	82856637	31.0	23.0
5	83972011	11.0	31.0
5	84315287	14.0	22.0
5	84882736	4.0	43.0
5	85124986	10.0	44.0
5	85230693	11.0	42.0
5	86099830	17.0	40.0
5	87060537	17.0	34.0
5	87782392	3.0	38.0
5	88417324	20.0	32.0
5	88630379	19.0	41.0
5	89728026	14.0	35.0
5	89838842	10.0	45.0
5	90151555	16.0	40.0
5	90767194	9.0	50.0
5	92360392	22.0	49.0
5	92425027	5.0	35.0
5	93432525	6.0	42.0
5	97265461	22.0	33.0
5	99816082	15.0	30.0
5	100921226	13.0	39.0
5	101020483	11.0	18.0
5	101109625	18.0	42.0
5	102668267	24.0	20.0
5	102716262	14.0	30.0
5	103190335	16.0	38.0
5	104707061	8.0	31.0
5	105091608	18.0	41.0
5	105419332	8.0	27.0
5	105659219	5.0	58.0
5	107042450	10.0	59.0
5	108886822	16.0	44.0
5	109074008	16.0	18.0
5	109466678	12.0	21.0
5	110347993	20.0	30.0
5	110695337	8.0	43.0
5	110935857	16.0	20.0
5	111428672	15.0	32.0
5	116008995	20.0	40.0
5	118852995	5.0	26.0
5	118971200	16.0	28.0
5	121908361	7.0	37.0
5	123107608	10.0	41.0
5	123512034	17.0	38.0
5	123788865	25.0	37.0
5	125999522	4.0	28.0
5	126039628	9.0	29.0
5	126414818	7.0	25.0
5	127150599	13.0	43.0
5	127459033	23.0	30.0
5	129382024	20.0	37.0
5	130041196	24.0	25.0
5	130354968	20.0	31.0
5	130449875	19.0	32.0
5	131468203	19.0	38.0
5	133475410	24.0	46.0
5	134631964	22.0	33.0
5	135254531	11.0	40.0
5	135725413	15.0	29.0
5	137832503	19.0	36.0
5	137929811	27.0	32.0
5	138178471	16.0	33.0
5	138713955	12.0	30.0
5	141066132	7.0	46.0
5	141284719	6.0	43.0
5	141359097	25.0	36.0
5	143686850	15.0	36.0
5	145216183	16.0	35.0
5	145479937	17.0	28.0
5	145610030	19.0	37.0
5	147563040	11.0	53.0
5	150753759	7.0	35.0
5	150840341	8.0	26.0
5	151077225	12.0	31.0
5	151802066	8.0	41.0
5	152039180	10.0	21.0
5	152233189	6.0	58.0
5	153580834	10.0	26.0
5	153679959	10.0	36.0
5	153837545	20.0	31.0
5	153957536	19.0	29.0
5	154042850	9.0	45.0
5	154412533	12.0	20.0
5	155453325	19.0	48.0
5	157543206	11.0	50.0
5	160118269	15.0	32.0
5	160191348	16.0	32.0
5	161049926	22.0	16.0
5	161685605	9.0	45.0
5	161908454	35.0	31.0
5	162807035	13.0	34.0
5	163224185	14.0	27.0
5	163827128	23.0	40.0
5	164210262	10.0	18.0
5	164352326	10.0	42.0
5	164413761	17.0	33.0
5	164539863	13.0	50.0
5	164609429	16.0	37.0
5	165483351	13.0	46.0
5	165615307	13.0	44.0
5	165975773	20.0	43.0
5	166081826	26.0	31.0
5	166161852	9.0	44.0
5	166697263	4.0	46.0
5	168195253	15.0	22.0
5	168562756	7.0	40.0
5	168755446	20.0	37.0
5	169501579	10.0	54.0
5	170854751	7.0	48.0
5	170876916	13.0	17.0
5	172565881	13.0	28.0
5	172989352	8.0	32.0
5	177123307	5.0	18.0
5	177382606	32.0	22.0
5	177417447	13.0	27.0
5	177624297	3.0	32.0
5	177989411	15.0	28.0
5	179761984	15.0	28.0
5	180409712	4.0	44.0
6	1701235	8.0	40.0
6	2290571	10.0	41.0
6	2385559	9.0	52.0
6	2589702	5.0	20.0
6	3447891	4.0	29.0
6	3588563	10.0	52.0
6	4725641	10.0	18.0
6	4858459	10.0	47.0
6	5529659	10.0	41.0
6	7839036	9.0	38.0
6	8719610	15.0	41.0
6	8993173	21.0	34.0
6	10377209	13.0	30.0
6	12170770	24.0	27.0
6	12463211	11.0	27.0
6	12597299	13.0	32.0
6	12711589	10.0	40.0
6	13032018	7.0	48.0
6	13567527	21.0	31.0
6	14460040	9.0	54.0
6	17010643	5.0	41.0
6	17756866	13.0	28.0
6	19481847	6.0	54.0
6	21629510	4.0	32.0
6	22701148	16.0	40.0
6	25243520	18.0	32.0
6	25690464	14.0	40.0
6	25803776	7.0	53.0
6	28089523	10.0	36.0
6	28143885	20.0	41.0
6	28371282	17.0	23.0
6	28548213	3.0	24.0
6	28685493	7.0	14.0
6	28791163	3.0	49.0
6	28799845	4.0	37.0
6	28898074	15.0	43.0
6	28971343	17.0	24.0
6	29446809	6.0	47.0
6	29753528	12.0	32.0
6	30861128	30.0	23.0
6	31066263	28.0	20.0
6	31092922	12.0	35.0
6	32402490	14.0	32.0
6	32920963	6.0	36.0
6	34202071	9.0	43.0
6	34953228	9.0	36.0
6	37153588	13.0	38.0
6	38081480	21.0	31.0
6	38146172	20.0	33.0
6	39042426	17.0	18.0
6	39129303	9.0	56.0
6	43524627	3.0	40.0
6	44052243	25.0	29.0
6	45912247	21.0	15.0
6	46393728	7.0	53.0
6	46713336	18.0	42.0
6	48221152	28.0	23.0
6	48541135	12.0	30.0
6	48734800	14.0	41.0
6	48738708	11.0	48.0
6	48947568	6.0	40.0
6	49098065	14.0	24.0
6	53096319	1.0	25.0
6	53108395	10.0	53.0
6	53376134	10.0	54.0
6	54146334	12.0	35.0
6	54612696	9.0	35.0
6	58236573	14.0	38.0
6	58510624	11.0	37.0
6	62063288	5.0	36.0
6	62186436	12.0	34.0
6	62224360	16.0	35.0
6	62235429	5.0	31.0
6	62322628	6.0	34.0
6	62366069	8.0	48.0
6	62410216	18.0	41.0
6	62501374	15.0	37.0
6	62579893	3.0	13.0
6	62754710	11.0	37.0
6	62798269	7.0	63.0
6	62899735	19.0	22.0
6	63056555	12.0	21.0
6	63570305	7.0	27.0
6	63597958	17.0	33.0
6	63816479	5.0	39.0
6	63946067	5.0	52.0
6	64060626	23.0	20.0
6	64331770	17.0	36.0
6	64383902	12.0	37.0
6	64476950	14.0	42.0
6	64480481	20.0	32.0
6	65681064	4.0	39.0
6	66310186	19.0	41.0
6	66884952	8.0	37.0
6	67258244	5.0	46.0
6	67906229	15.0	27.0
6	68163329	7.0	32.0
6	68282391	4.0	20.0
6	68557889	16.0	45.0
6	68666736	10.0	41.0
6	68793043	20.0	39.0
6	69227012	10.0	29.0
6	69440255	13.0	39.0
6	71104099	13.0	31.0
6	72568155	7.0	42.0
6	72925058	22.0	28.0
6	73340466	21.0	15.0
6	73374012	18.0	43.0
6	74383332	14.0	29.0
6	74542547	26.0	28.0
6	75556096	22.0	32.0
6	76248642	15.0	33.0
6	76910860	4.0	30.0
6	77559201	22.0	15.0
6	77616223	23.0	32.0
6	77677516	6.0	35.0
6	78094686	16.0	28.0
6	78147217	22.0	32.0
6	78321627	25.0	24.0
6	78465297	16.0	36.0
6	79092793	9.0	48.0
6	79899670	28.0	32.0
6	80004587	16.0	28.0
6	80300126	5.0	14.0
6	81396573	13.0	31.0
6	82293239	24.0	33.0
6	82344706	10.0	31.0
6	83054819	22.0	50.0
6	83076311	16.0	35.0
6	83869999	10.0	63.0
6	84249226	11.0	40.0
6	85124632	5.0	49.0
6	85446060	10.0	50.0
6	86098134	10.0	44.0
6	87292236	11.0	46.0
6	87450808	5.0	53.0
6	89358306	13.0	35.0
6	90066192	13.0	31.0
6	90598538	14.0	20.0
6	90861657	11.0	44.0
6	91589970	2.0	7.0
6	91620574	10.0	34.0
6	92481910	4.0	39.0
6	92481911	4.0	40.0
6	93489932	19.0	30.0
6	93493134	17.0	45.0
6	94376782	8.0	42.0
6	94390498	14.0	29.0
6	95560144	9.0	35.0
6	96263052	9.0	47.0
6	96548555	14.0	33.0
6	96804949	25.0	46.0
6	97570834	9.0	33.0
6	97771703	6.0	45.0
6	97836899	8.0	45.0
6	99301100	10.0	18.0
6	99548567	11.0	27.0
6	103006164	19.0	45.0
6	103249543	14.0	31.0
6	103436461	8.0	44.0
6	103635121	8.0	44.0
6	103658351	11.0	37.0
6	105345026	13.0	31.0
6	105855483	11.0	48.0
6	106336682	24.0	46.0
6	106701945	8.0	33.0
6	110286355	9.0	42.0
6	110361373	4.0	37.0
6	111045615	7.0	36.0
6	111740399	4.0	42.0
6	112316097	20.0	35.0
6	112887751	7.0	45.0
6	115633367	8.0	49.0
6	115774093	10.0	45.0
6	117051553	11.0	24.0
6	117231932	12.0	38.0
6	117411804	6.0	31.0
6	117665867	17.0	27.0
6	120452202	21.0	21.0
6	120696602	5.0	32.0
6	121079897	5.0	29.0
6	122111880	19.0	32.0
6	122682894	15.0	29.0
6	123646656	22.0	38.0
6	124625161	7.0	38.0
6	125431603	15.0	42.0
6	125481033	6.0	33.0
6	126349834	5.0	58.0
6	127921435	18.0	32.0
6	128642125	21.0	43.0
6	128888676	3.0	45.0
6	128909677	11.0	52.0
6	128990570	10.0	43.0
6	129335441	7.0	35.0
6	129529460	13.0	54.0
6	130451336	15.0	31.0
6	131658650	10.0	38.0
6	132621340	10.0	34.0
6	132990093	8.0	40.0
6	133403202	24.0	32.0
6	134185862	12.0	32.0
6	134198821	14.0	54.0
6	134506889	14.0	17.0
6	134943830	35.0	23.0
6	136078411	6.0	45.0
6	137296989	12.0	39.0
6	138216212	26.0	38.0
6	138443425	13.0	38.0
6	138596062	9.0	32.0
6	139676429	27.0	30.0
6	144248257	3.0	39.0
6	144466146	11.0	28.0
6	145980557	21.0	26.0
6	146521450	4.0	39.0
6	147443409	19.0	39.0
6	147642566	19.0	44.0
6	147794462	11.0	33.0
6	147842998	12.0	39.0
6	148422029	6.0	53.0
6	148446873	10.0	73.0
6	150732948	8.0	47.0
6	151212256	18.0	38.0
6	152727321	22.0	45.0
6	154142354	18.0	45.0
6	155675389	7.0	44.0
6	158658731	9.0	49.0
6	158756037	4.0	38.0
6	158948277	19.0	29.0
6	159006423	29.0	33.0
6	160134678	17.0	29.0
6	161629474	9.0	38.0
6	163597216	5.0	47.0
6	163703264	35.0	29.0
6	164151869	23.0	19.0
6	164334046	8.0	45.0
6	164420143	13.0	41.0
6	164955688	14.0	33.0
6	167602618	10.0	43.0
6	168135921	3.0	10.0
6	169875684	5.0	54.0
7	1074117	14.0	41.0
7	2304007	4.0	41.0
7	3988311	4.0	35.0
7	5022092	11.0	40.0
7	5055323	7.0	45.0
7	6853124	6.0	60.0
7	7518629	8.0	24.0
7	9052688	19.0	31.0
7	9261409	13.0	29.0
7	9322477	17.0	33.0
7	9701098	26.0	30.0
7	9709919	7.0	35.0
7	10217974	15.0	29.0
7	10263315	22.0	30.0
7	10909340	20.0	31.0
7	11908477	6.0	38.0
7	12419685	6.0	26.0
7	12743841	20.0	32.0
7	14402873	7.0	40.0
7	15929260	15.0	29.0
7	16082848	4.0	42.0
7	16821108	19.0	33.0
7	16997506	5.0	36.0
7	18765548	16.0	45.0
7	19293139	24.0	27.0
7	19454092	15.0	54.0
7	19786156	6.0	52.0
7	19990403	10.0	39.0
7	20258840	9.0	52.0
7	20556390	12.0	22.0
7	21140130	7.0	37.0
7	21514948	7.0	42.0
7	21793616	16.0	36.0
7	22008900	4.0	40.0
7	23467906	9.0	43.0
7	23835428	8.0	55.0
7	25063988	12.0	43.0
7	25999400	7.0	51.0
7	26274208	24.0	38.0
7	27947581	16.0	39.0
7	28057625	9.0	44.0
7	28156302	11.0	35.0
7	29635064	21.0	39.0
7	29926362	17.0	39.0
7	31194989	21.0	43.0
7	31633951	5.0	51.0
7	31668103	4.0	35.0
7	31901442	12.0	46.0
7	32704533	7.0	41.0
7	32984250	12.0	33.0
7	33516975	24.0	32.0
7	34444535	15.0	34.0
7	35600756	20.0	32.0
7	37244932	15.0	33.0
7	38790118	35.0	27.0
7	39472897	14.0	29.0
7	39933609	29.0	23.0
7	40648045	14.0	34.0
7	40809172	23.0	31.0
7	40855750	5.0	66.0
7	40881017	27.0	30.0
7	40924780	4.0	31.0
7	43115235	10.0	51.0
7	45612263	25.0	40.0
7	45924335	20.0	27.0
7	46452031	10.0	44.0
7	46790952	30.0	33.0
7	47153142	5.0	52.0
7	48034452	7.0	41.0
7	48089969	11.0	44.0
7	48251544	22.0	26.0
7	49477595	5.0	43.0
7	49642419	14.0	29.0
7	49990866	9.0	43.0
7	51438203	21.0	41.0
7	51681363	11.0	38.0
7	52010350	12.0	48.0
7	53761793	3.0	28.0
7	54115567	16.0	44.0
7	54877534	7.0	38.0
7	54911329	7.0	43.0
7	56566322	8.0	45.0
7	56586898	13.0	25.0
7	57062611	8.0	28.0
7	57247840	24.0	27.0
7	57271373	14.0	20.0
7	57584947	15.0	52.0
7	57601830	13.0	29.0
7	57807163	33.0	24.0
7	61572229	8.0	61.0
7	62048019	12.0	36.0
7	62230212	13.0	39.0
7	62260246	23.0	27.0
7	62511528	10.0	14.0
7	62684314	11.0	33.0
7	63101072	5.0	37.0
7	63248488	9.0	40.0
7	63492505	10.0	22.0
7	63652944	16.0	27.0
7	63766880	14.0	28.0
7	63842213	18.0	32.0
7	64058629	16.0	26.0
7	64085586	9.0	45.0
7	64705502	14.0	25.0
7	66318466	11.0	45.0
7	67062039	8.0	31.0
7	67293175	6.0	34.0
7	67893259	11.0	9.0
7	68252135	17.0	27.0
7	68710240	7.0	45.0
7	70228580	14.0	33.0
7	70380485	20.0	34.0
7	71058880	15.0	47.0
7	73536372	4.0	37.0
7	74359970	10.0	14.0
7	75727409	14.0	42.0
7	77364165	15.0	41.0
7	77528488	8.0	44.0
7	77697213	8.0	34.0
7	77939622	7.0	32.0
7	79807288	10.0	45.0
7	81949022	5.0	40.0
7	82882090	9.0	50.0
7	83010888	20.0	41.0
7	83671875	20.0	18.0
7	84929242	6.0	32.0
7	86185644	7.0	48.0
7	87083893	22.0	32.0
7	87098140	12.0	22.0
7	88429874	17.0	31.0
7	90289067	6.0	53.0
7	93348308	22.0	48.0
7	93396446	10.0	45.0
7	93451770	5.0	42.0
7	93544810	10.0	50.0
7	93642699	23.0	37.0
7	94293075	11.0	24.0
7	96863830	15.0	38.0
7	97824755	19.0	25.0
7	98117975	18.0	33.0
7	99806620	8.0	47.0
7	100878937	12.0	39.0
7	101132198	5.0	36.0
7	103043824	5.0	62.0
7	103095880	9.0	38.0
7	103467976	20.0	45.0
7	103492540	4.0	42.0
7	104778984	19.0	27.0
7	105291524	24.0	35.0
7	105680804	7.0	28.0
7	105851037	13.0	29.0
7	106076342	15.0	42.0
7	107001399	8.0	39.0
7	107107256	5.0	34.0
7	108391472	15.0	30.0
7	110149330	10.0	46.0
7	110628301	34.0	25.0
7	110749019	9.0	43.0
7	110757522	15.0	43.0
7	111249104	12.0	34.0
7	111456093	32.0	31.0
7	111519416	26.0	20.0
7	111585270	8.0	34.0
7	115258950	8.0	45.0
7	116572642	14.0	27.0
7	117637935	19.0	36.0
7	119148993	13.0	48.0
7	119321460	16.0	36.0
7	119799053	24.0	33.0
7	121627565	3.0	32.0
7	121842608	20.0	33.0
7	122024702	7.0	45.0
7	122944392	38.0	26.0
7	124072008	11.0	55.0
7	125599958	21.0	32.0
7	125998044	13.0	56.0
7	126804554	21.0	49.0
7	128086807	3.0	37.0
7	129538155	13.0	43.0
7	129855159	18.0	32.0
7	130002801	15.0	45.0
7	130106810	16.0	35.0
7	130615212	16.0	49.0
7	131914640	7.0	29.0
7	132238384	9.0	41.0
7	132593007	21.0	25.0
7	133300498	24.0	33.0
7	133622662	10.0	36.0
7	133707892	10.0	42.0
7	135428769	18.0	30.0
7	141902759	11.0	46.0
7	142133754	22.0	25.0
7	143992453	5.0	21.0
7	144137929	7.0	43.0
7	144512709	9.0	54.0
7	144748500	6.0	42.0
7	145182482	5.0	50.0
7	146167177	15.0	29.0
7	147001342	4.0	45.0
7	150160916	14.0	20.0
7	150166308	14.0	27.0
7	150497007	9.0	24.0
7	152492791	4.0	44.0
7	153610005	7.0	46.0
7	154376320	20.0	41.0
7	154545441	8.0	37.0
7	155319806	9.0	19.0
7	155556463	8.0	41.0
7	157442398	14.0	19.0
7	158479166	16.0	37.0
8	1672076	21.0	23.0
8	2259160	7.0	37.0
8	2277253	10.0	95.0
8	2466428	26.0	25.0
8	2587125	13.0	43.0
8	5255514	16.0	39.0
8	5702432	16.0	29.0
8	7216872	16.0	88.0
8	8141753	5.0	29.0
8	8456298	13.0	27.0
8	8859697	6.0	36.0
8	9282921	22.0	22.0
8	10448837	16.0	27.0
8	11582564	5.0	41.0
8	11822553	9.0	41.0
8	13061887	5.0	51.0
8	13105390	6.0	45.0
8	13250831	27.0	32.0
8	13354747	16.0	36.0
8	13809373	7.0	38.0
8	13894885	17.0	43.0
8	15082113	7.0	40.0
8	15781154	13.0	31.0
8	15847392	37.0	29.0
8	15923752	7.0	55.0
8	15958841	6.0	39.0
8	16031545	11.0	28.0
8	16225125	23.0	32.0
8	16305332	20.0	40.0
8	16618746	15.0	47.0
8	16854873	17.0	32.0
8	17314929	6.0	39.0
8	17320256	10.0	29.0
8	17656733	15.0	39.0
8	17764775	15.0	29.0
8	18474413	5.0	38.0
8	19098878	8.0	55.0
8	21902745	11.0	24.0
8	22174870	22.0	24.0
8	23089238	4.0	28.0
8	23544523	21.0	32.0
8	23804217	9.0	59.0
8	23809450	13.0	25.0
8	23926897	12.0	55.0
8	24228635	15.0	35.0
8	26933798	8.0	45.0
8	27516435	22.0	29.0
8	28728990	5.0	47.0
8	28895297	15.0	62.0
8	29212745	12.0	29.0
8	31631459	33.0	37.0
8	33568768	15.0	28.0
8	33900715	8.0	34.0
8	34347769	13.0	36.0
8	34625422	18.0	53.0
8	35084669	11.0	34.0
8	35235837	13.0	37.0
8	35657020	14.0	31.0
8	35696884	7.0	32.0
8	35828563	6.0	50.0
8	36566352	7.0	32.0
8	36808318	8.0	45.0
8	37259685	13.0	54.0
8	37937292	6.0	38.0
8	37941499	10.0	46.0
8	39486259	23.0	44.0
8	39755211	6.0	40.0
8	40668427	28.0	35.0
8	41017225	16.0	29.0
8	42099603	6.0	39.0
8	43458781	8.0	53.0
8	43532841	14.0	22.0
8	47057853	21.0	34.0
8	47452725	8.0	34.0
8	47521124	27.0	34.0
8	48149140	4.0	31.0
8	49494702	3.0	34.0
8	49654295	32.0	26.0
8	50377343	11.0	29.0
8	51629627	8.0	39.0
8	51927022	18.0	30.0
8	51944522	15.0	30.0
8	52545648	20.0	30.0
8	53062369	4.0	46.0
8	53087695	10.0	35.0
8	53203063	12.0	38.0
8	53485505	4.0	20.0
8	53580815	29.0	18.0
8	53603713	12.0	37.0
8	54031932	20.0	40.0
8	55446296	9.0	45.0
8	55694432	15.0	46.0
8	55943017	10.0	31.0
8	56596681	9.0	44.0
8	56618960	6.0	35.0
8	57412245	15.0	52.0
8	57503510	18.0	44.0
8	57582898	8.0	46.0
8	57593539	13.0	48.0
8	60321299	12.0	31.0
8	60938961	40.0	41.0
8	61953540	8.0	60.0
8	62482647	8.0	42.0
8	63296285	28.0	34.0
8	63622038	5.0	46.0
8	64126429	16.0	38.0
8	64361660	23.0	38.0
8	64554787	27.0	25.0
8	64673932	4.0	44.0
8	65289897	5.0	13.0
8	71562117	17.0	29.0
8	72645921	18.0	27.0
8	74612555	13.0	47.0
8	74804396	11.0	44.0
8	76557992	19.0	36.0
8	76589447	25.0	45.0
8	76603605	14.0	52.0
8	76818631	9.0	32.0
8	77348326	9.0	43.0
8	77382071	4.0	41.0
8	77518420	17.0	26.0
8	78230521	17.0	27.0
8	79363168	9.0	38.0
8	80876882	9.0	45.0
8	82918974	14.0	39.0
8	85552867	34.0	30.0
8	85835772	19.0	32.0
8	86544861	23.0	44.0
8	86922918	29.0	36.0
8	86925734	22.0	43.0
8	88093950	3.0	46.0
8	90017937	12.0	45.0
8	90437588	16.0	46.0
8	90661858	4.0	34.0
8	92193503	12.0	48.0
8	94204057	11.0	46.0
8	94885214	4.0	36.0
8	96399354	20.0	33.0
8	98461452	6.0	28.0
8	98751924	4.0	31.0
8	98810766	14.0	30.0
8	99332079	17.0	31.0
8	100018440	12.0	33.0
8	100489767	7.0	46.0
8	101227613	14.0	43.0
8	102016695	8.0	50.0
8	102084157	24.0	24.0
8	103964718	18.0	36.0
8	104394217	7.0	18.0
8	107562973	21.0	40.0
8	107894679	23.0	28.0
8	107981517	8.0	32.0
8	108232834	13.0	45.0
8	109757864	6.0	60.0
8	109810849	23.0	26.0
8	110190245	7.0	45.0
8	110732777	6.0	40.0
8	111356457	9.0	37.0
8	112088268	16.0	29.0
8	112619769	7.0	44.0
8	112687652	9.0	46.0
8	112837190	8.0	23.0
8	112960089	9.0	49.0
8	113102056	11.0	35.0
8	113201355	26.0	36.0
8	113242292	10.0	38.0
8	114202692	27.0	26.0
8	114228391	4.0	43.0
8	116723554	12.0	46.0
8	117660726	6.0	60.0
8	118058199	17.0	43.0
8	118112904	20.0	23.0
8	119600617	30.0	29.0
8	120280923	15.0	46.0
8	120353351	12.0	36.0
8	120514108	25.0	20.0
8	120977300	12.0	29.0
8	121302849	12.0	35.0
8	122319696	8.0	36.0
8	122985589	20.0	11.0
8	124771506	9.0	34.0
8	124834599	26.0	40.0
8	126937047	7.0	39.0
8	128233922	5.0	24.0
8	128499952	14.0	17.0
8	129210228	18.0	38.0
8	129487874	19.0	36.0
8	129759350	13.0	35.0
8	134308329	13.0	20.0
8	135524626	9.0	29.0
8	139508313	6.0	31.0
8	140107328	11.0	37.0
8	140336540	24.0	29.0
8	140834255	9.0	44.0
8	142034145	14.0	39.0
8	146059681	28.0	26.0
9	236353	6.0	43.0
9	1826926	17.0	25.0
9	2119352	6.0	40.0
9	3613092	17.0	31.0
9	4044484	15.0	38.0
9	4418349	10.0	46.0
9	7267430	18.0	37.0
9	8305430	15.0	29.0
9	9984141	11.0	50.0
9	10632517	6.0	49.0
9	10681796	20.0	50.0
9	11044866	14.0	31.0
9	11405149	20.0	41.0
9	12363930	12.0	49.0
9	14137208	7.0	37.0
9	14206720	14.0	14.0
9	16610207	6.0	48.0
9	17525206	22.0	36.0
9	21320379	8.0	39.0
9	21469036	16.0	27.0
9	21546644	14.0	28.0
9	22295457	11.0	44.0
9	23056557	3.0	42.0
9	23429437	6.0	48.0
9	23865754	18.0	43.0
9	24790071	15.0	42.0
9	26179571	9.0	56.0
9	27087397	10.0	36.0
9	27114381	4.0	38.0
9	27798881	6.0	27.0
9	29061609	8.0	43.0
9	29611123	18.0	28.0
9	29667619	17.0	24.0
9	29738475	8.0	42.0
9	29785496	4.0	30.0
9	30476624	20.0	47.0
9	30681095	15.0	28.0
9	32948713	10.0	35.0
9	33445363	20.0	42.0
9	33467034	14.0	29.0
9	33674974	10.0	42.0
9	34174856	13.0	36.0
9	35966734	15.0	32.0
9	37925096	10.0	31.0
9	37994304	4.0	48.0
9	38374407	10.0	33.0
9	44180177	12.0	42.0
9	71491041	21.0	38.0
9	72501768	22.0	47.0
9	72739041	16.0	16.0
9	73360995	10.0	31.0
9	74273764	8.0	38.0
9	75827057	14.0	48.0
9	75907754	5.0	27.0
9	76472325	22.0	32.0
9	76946255	6.0	54.0
9	77236957	12.0	47.0
9	77539793	11.0	47.0
9	77692511	14.0	24.0
9	78146023	5.0	39.0
9	79270744	10.0	49.0
9	79540343	27.0	29.0
9	79614829	10.0	34.0
9	79678379	17.0	40.0
9	80500352	15.0	31.0
9	80905633	27.0	38.0
9	81008440	15.0	44.0
9	82738188	3.0	46.0
9	86334290	20.0	32.0
9	86597765	9.0	45.0
9	86617863	11.0	35.0
9	89245057	17.0	30.0
9	89656955	6.0	34.0
9	89860585	6.0	40.0
9	90210171	4.0	37.0
9	91289150	9.0	34.0
9	92828088	13.0	32.0
9	93007110	29.0	26.0
9	94097856	20.0	35.0
9	95589699	15.0	38.0
9	95602056	8.0	35.0
9	96428545	12.0	27.0
9	97334616	15.0	27.0
9	97364893	4.0	13.0
9	99818092	11.0	29.0
9	99857944	26.0	25.0
9	99963297	6.0	46.0
9	101011119	26.0	31.0
9	101481579	17.0	27.0
9	102097173	6.0	33.0
9	104067234	30.0	37.0
9	105035336	6.0	44.0
9	105776733	13.0	20.0
9	107654021	8.0	18.0
9	110758767	16.0	24.0
9	111114966	9.0	32.0
9	111286509	20.0	28.0
9	112114172	9.0	51.0
9	112172088	9.0	44.0
9	112388182	23.0	33.0
9	112720811	7.0	32.0
9	113021297	15.0	29.0
9	114325946	6.0	29.0
9	115531102	16.0	30.0
9	115947599	16.0	39.0
9	116629455	25.0	17.0
9	118119680	6.0	38.0
9	119286343	11.0	40.0
9	119330303	21.0	35.0
9	120034541	22.0	35.0
9	120158127	18.0	43.0
9	120992936	21.0	30.0
9	124686026	7.0	36.0
9	125114600	10.0	40.0
9	125152052	21.0	36.0
9	126274989	8.0	34.0
9	129176635	7.0	47.0
9	129204588	18.0	34.0
9	130890825	9.0	27.0
9	132002776	7.0	29.0
9	132006539	21.0	21.0
9	133377618	13.0	19.0
9	133545308	14.0	22.0
9	134049589	6.0	47.0
9	134685689	17.0	30.0
9	135259081	13.0	25.0
9	136144522	20.0	50.0
9	137127842	9.0	23.0
9	137585231	19.0	42.0
9	137764141	5.0	44.0
9	137940659	6.0	43.0
9	138200635	13.0	39.0
9	138511160	12.0	35.0
9	139051802	4.0	37.0
9	140845014	11.0	36.0
X	582462	8.0	28.0
X	607910	14.0	19.0
X	758297	5.0	33.0
X	936068	15.0	68.0
X	1018678	16.0	62.0
X	1258954	3.0	32.0
X	1365764	17.0	19.0
X	1506487	12.0	24.0
X	1681849	21.0	17.0
X	1743736	3.0	19.0
X	1961302	9.0	37.0
X	2127453	8.0	41.0
X	3178796	16.0	8.0
X	3289592	17.0	13.0
X	8734966	8.0	15.0
X	17118238	13.0	9.0
X	18176234	5.0	24.0
X	20538990	18.0	5.0
X	21022651	21.0	10.0
X	24354605	16.0	13.0
X	25918757	15.0	6.0
X	25977319	14.0	9.0
X	28326262	18.0	10.0
X	29622150	22.0	6.0
X	29827736	17.0	8.0
X	31434966	13.0	12.0
X	31818553	6.0	22.0
X	32134076	19.0	8.0
X	32206861	11.0	10.0
X	33643640	3.0	19.0
X	34053031	26.0	2.0
X	34112365	11.0	20.0
X	34445427	20.0	6.0
X	34916134	22.0	6.0
X	35103009	7.0	9.0
X	35850829	9.0	16.0
X	36092137	5.0	28.0
X	36317125	14.0	11.0
X	36972583	28.0	8.0
X	37363139	24.0	9.0
X	38801872	4.0	13.0
X	41205866	25.0	7.0
X	44240509	25.0	1.0
X	45563478	9.0	25.0
X	45572501	12.0	9.0
X	47958240	17.0	10.0
X	49563140	9.0	15.0
X	49697984	11.0	21.0
X	50553345	17.0	9.0
X	50943127	9.0	15.0
X	51655009	7.0	25.0
X	51727951	7.0	17.0
X	56174612	8.0	11.0
X	56748509	8.0	12.0
X	57338760	20.0	10.0
X	57862829	8.0	23.0
X	58535599	25.0	11.0
X	58556614	22.0	8.0
X	61761265	3.0	23.0
X	61765509	3.0	29.0
X	62084542	12.0	9.0
X	62489824	6.0	10.0
X	64144946	4.0	18.0
X	65032913	6.0	14.0
X	65479071	9.0	17.0
X	66598170	5.0	24.0
X	66980427	11.0	24.0
X	67849902	9.0	23.0
X	69259997	19.0	1.0
X	70470915	9.0	7.0
X	71959975	12.0	20.0
X	72679046	13.0	21.0
X	72681063	22.0	8.0
X	72991929	17.0	7.0
X	74509000	17.0	19.0
X	75768342	9.0	27.0
X	77775391	3.0	22.0
X	79547308	9.0	12.0
X	80685042	7.0	23.0
X	80871387	13.0	22.0
X	80883000	13.0	8.0
X	81565181	5.0	20.0
X	82085185	20.0	9.0
X	82322979	11.0	12.0
X	82511771	16.0	9.0
X	82749233	11.0	19.0
X	82872035	10.0	28.0
X	84471882	20.0	11.0
X	85146824	4.0	22.0
X	89557768	8.0	14.0
X	93761987	10.0	11.0
X	97155190	8.0	9.0
X	97873113	6.0	20.0
X	98306533	22.0	2.0
X	98861196	10.0	17.0
X	105389849	12.0	15.0
X	108045284	18.0	15.0
X	112461580	3.0	19.0
X	113117909	12.0	6.0
X	113133441	10.0	15.0
X	113835111	6.0	22.0
X	113971918	7.0	16.0
X	114042059	21.0	15.0
X	114817809	24.0	8.0
X	116659424	16.0	8.0
X	117200917	7.0	22.0
X	118369277	17.0	6.0
X	121744785	10.0	12.0
X	122146937	9.0	14.0
X	125812849	20.0	9.0
X	126291947	16.0	15.0
X	126984522	6.0	14.0
X	129638022	18.0	8.0
X	131063863	19.0	7.0
X	134588916	5.0	30.0
X	134602793	2.0	15.0
X	137051095	37.0	1.0
X	139436006	6.0	8.0
X	139971384	10.0	16.0
X	140880757	11.0	6.0
X	141014048	19.0	11.0
X	141026071	6.0	16.0
X	141446429	22.0	13.0
X	142824937	9.0	18.0
X	145130928	8.0	23.0
X	150526732	16.0	9.0
X	150809874	9.0	15.0
X	150813830	33.0	2.0
X	151197823	27.0	1.0
X	151245160	3.0	27.0
X	151835418	17.0	19.0
X	153350618	10.0	15.0
X	155168022	36.0	24.0
Y	5737440	8.0	12.0
Y	5872253	17.0	9.0
Y	7332590	17.0	11.0
Y	7921535	13.0	13.0
Y	8577423	3.0	8.0
Y	8828977	7.0	18.0
Y	9058757	15.0	7.0
Y	9738619	4.0	13.0
Y	13128283	10.0	11.0
Y	13458834	5.0	13.0
Y	13534904	11.0	20.0
Y	15976466	10.0	20.0
Y	16247633	20.0	9.0
Y	16248150	15.0	5.0
Y	16249810	15.0	11.0
Y	16364406	7.0	18.0
Y	17304517	7.0	25.0
Y	17450650	8.0	17.0
Y	17588979	9.0	6.0
Y	18797408	13.0	7.0
Y	19273718	21.0	9.0
Y	21999586	20.0	10.0
Y	23896944	20.0	10.0
Y	24875265	14.0	12.0
Y	59017271	8.0	200.0
