chromosome_index position alt_count ref_count
1 16257994 18 105
1 16257995 17 101
1 16262076 9 41
1 19465596 6 135
1 32842063 23 117
1 38192872 5 28
1 78325069 16 97
1 151955649 56 374
1 152283060 45 336
1 160261217 22 91
1 176015396 6 133
1 177199237 16 110
1 183204764 14 85
2 37486752 10 94
2 86732851 24 102
2 118854300 15 232
2 152300220 21 127
2 219232614 10 45
2 242179325 9 64
3 52678806 4 33
3 66502055 8 63
3 120495384 25 123
3 172607188 6 23
4 8009692 9 58
4 164050358 21 104
5 31468136 3 45
5 64907630 32 141
5 140594137 34 225
6 7373597 6 59
6 27860781 19 119
6 30891256 8 116
6 106975346 22 345
7 5752486 6 43
7 31682989 10 70
7 44801378 3 22
7 117199625 28 209
7 123517219 23 147
7 148876816 6 52
7 150784022 7 22
8 9623811 14 200
9 39085772 51 348
9 133911635 9 55
9 140040311 3 13
10 375466 4 36
10 15154856 19 157
10 89717762 13 80
11 372684 5 31
11 65268083 18 92
11 118940211 16 76
12 58140428 14 111
13 26974672 32 258
13 103474191 36 142
13 103474193 36 141
14 44975274 21 85
15 73590937 10 74
15 80253472 14 140
17 5290385 22 120
17 10426861 22 125
17 33464021 16 175
17 56603081 9 76
17 73485346 6 58
18 47432966 6 77
18 72346178 25 92
19 11917136 26 141
20 15967789 26 125
20 42344673 25 189
20 60921136 4 36
22 41574794 9 67
22 42273293 16 164
22 45937233 16 63
22 50903272 7 88
