chromosome_index position alt_count ref_count
1 1327995 6 17
1 1562041 12 14
1 1684258 11 68
1 2939025 8 38
1 6292043 12 37
1 9793559 25 44
1 9804040 17 19
1 11888235 47 54
1 12359260 13 41
1 12979805 58 235
1 13719053 12 36
1 15445329 22 26
1 16272248 13 27
1 16302584 7 11
1 16464590 18 24
1 16534543 11 20
1 16812131 25 64
1 18960971 18 34
1 22418448 3 24
1 22850903 12 16
1 23240453 3 8
1 26691604 7 14
1 26887617 17 20
1 27676920 12 30
1 27732209 10 8
1 28858420 38 54
1 32207517 15 20
1 32950981 6 24
1 33747277 48 75
1 40011518 31 41
1 40236206 17 32
1 40758196 24 70
1 42621343 14 12
1 44456476 10 28
1 46124788 15 23
1 46498365 21 47
1 54678222 33 65
1 55451992 26 45
1 64017488 17 30
1 65301127 19 34
1 65897629 16 20
1 68153407 16 37
1 70385023 7 37
1 70385422 23 74
1 84810762 7 11
1 84971794 7 12
1 85406657 11 15
1 86591080 20 40
1 89730592 14 66
1 91977480 8 12
1 109242866 20 40
1 109816692 36 44
1 110996591 34 64
1 112298617 7 6
1 120166726 13 21
1 144923777 6 174
1 148344695 30 163
1 149859284 22 40
1 150529765 19 31
1 150548604 13 16
1 150967152 21 50
1 151214649 41 73
1 151378646 36 60
1 152080579 29 44
1 153603068 32 47
1 153744278 13 29
1 155108394 22 31
1 155108799 21 43
1 155207183 6 69
1 155854016 7 12
1 156131247 6 49
1 156563879 18 43
1 156675226 14 9
1 158532774 15 23
1 161680614 6 38
1 165551016 9 13
1 169586281 28 39
1 171293283 39 80
1 172539197 9 19
1 176738759 18 21
1 181754871 17 67
1 182026671 19 27
1 184761613 6 23
1 186121915 18 23
1 190250697 12 24
1 196300387 15 24
1 197031011 11 15
1 197145725 26 51
1 200144641 18 20
1 201374444 24 38
1 203771853 11 9
1 205493397 7 19
1 205628462 3 27
1 207133774 19 42
1 207318030 12 14
1 208390271 12 14
1 210111611 17 23
1 220195762 24 29
1 220231575 14 23
1 221912983 41 50
1 222920005 7 12
1 224927089 18 18
1 228471274 15 21
1 228522879 16 40
1 228547620 27 46
1 228550402 20 32
1 232941290 12 21
1 232941346 5 5
1 235594044 20 37
1 237205783 8 5
1 237982384 51 80
1 243652339 22 44
1 244615061 22 26
1 244855234 14 23
1 247024287 19 63
1 247058023 22 36
1 247587544 5 20
1 248756250 11 35
1 249211560 11 21
2 1457506 13 14
2 11323096 11 13
2 24260787 8 25
2 25013253 10 48
2 25326505 15 16
2 25457259 11 15
2 26358551 22 53
2 27150215 18 39
2 29023794 33 35
2 29416563 9 59
2 32640606 5 3
2 37035749 24 40
2 38302417 10 151
2 42509960 16 36
2 45169644 3 33
2 46988698 18 30
2 48034520 15 31
2 54133829 12 27
2 60685567 8 14
2 62066951 13 12
2 63348815 5 3
2 69092798 24 48
2 69093514 10 25
2 69098453 5 21
2 71188070 16 34
2 71206311 8 5
2 73483832 4 4
2 74460538 4 45
2 85255047 13 16
2 95950791 23 28
2 96781839 4 18
2 96952517 14 33
2 96955104 17 34
2 97361182 5 24
2 97559705 16 35
2 99797464 13 13
2 102835523 15 26
2 111886216 6 29
2 112526865 37 68
2 112725713 49 60
2 128100798 8 14
2 133542987 5 5
2 149248152 6 24
2 157181441 13 17
2 166221753 26 42
2 169764433 27 53
2 174228592 15 38
2 177037244 35 53
2 179397513 14 27
2 179413301 16 30
2 179430061 18 25
2 179447313 14 11
2 179452344 10 24
2 179517414 23 33
2 183731169 27 30
2 187627023 8 11
2 196749503 4 11
2 198351634 6 8
2 202028687 7 9
2 206166544 12 14
2 207631598 6 20
2 207988688 12 33
2 211438123 21 41
2 216295576 9 27
2 217012807 11 15
2 220338301 28 45
2 223066790 20 50
2 226447138 5 7
2 226447359 11 25
2 228162432 16 22
2 231033819 7 10
2 235949575 34 44
2 236649676 20 31
2 237033433 6 29
2 237272440 6 49
2 239033942 23 28
2 239353006 21 28
2 239355275 12 33
2 242407742 17 20
2 242793286 22 36
3 1134631 4 11
3 3215935 8 24
3 7348331 21 37
3 9976216 6 15
3 10370121 12 19
3 11643312 6 54
3 12626349 29 47
3 19961463 13 15
3 30046434 6 17
3 32032217 23 32
3 33038573 29 45
3 37555280 38 51
3 38023759 20 36
3 38039174 8 19
3 44692628 7 13
3 45518051 19 45
3 45636586 5 23
3 47144850 20 27
3 47543255 14 40
3 48677156 25 60
3 48681037 26 44
3 48718867 3 36
3 49061945 29 37
3 49294417 8 16
3 49836214 20 17
3 51430485 26 23
3 52014555 10 20
3 52584605 12 24
3 52726784 22 57
3 55501271 10 10
3 58494665 22 24
3 64142923 13 12
3 67059506 14 42
3 69050757 14 21
3 74350673 27 40
3 88101513 32 37
3 97356885 5 14
3 98073422 17 46
3 107765991 22 37
3 111812331 21 28
3 115342547 10 13
3 118619686 7 21
3 119121137 19 18
3 121713081 10 30
3 122423554 35 48
3 123038613 4 54
3 124438037 17 23
3 126748826 8 24
3 129290633 26 43
3 132182621 14 29
3 136323153 10 31
3 136701135 11 18
3 137881192 26 52
3 137960768 21 47
3 138213904 19 121
3 142840790 6 24
3 142841053 24 50
3 147128443 17 18
3 148890142 9 21
3 148903102 22 58
3 150916434 30 64
3 154055514 48 32
3 156234149 7 30
3 164907543 28 31
3 169381319 12 27
3 172117555 22 36
3 176767784 12 21
3 179311611 15 48
3 180334375 4 32
3 180694861 3 16
3 181431190 10 17
3 183960177 11 10
3 184071538 27 42
3 186760439 24 34
3 189615043 9 36
3 193855957 28 30
3 197401372 10 28
4 247586 6 12
4 738404 11 23
4 981867 8 17
4 3317884 15 18
4 3449295 25 34
4 3590662 23 123
4 3944284 32 70
4 6884376 4 6
4 9785349 5 33
4 10099395 12 15
4 15562209 4 29
4 25256790 16 24
4 44700642 8 16
4 46252540 14 19
4 46307725 5 35
4 48140756 12 24
4 52861839 58 88
4 52862304 4 6
4 54966782 14 8
4 57180227 9 31
4 62066987 10 20
4 66189859 22 43
4 69097051 6 43
4 76846935 21 23
4 81967226 9 14
4 83857171 18 27
4 84342792 9 9
4 87744776 11 18
4 89345030 22 32
4 100002532 19 40
4 102019624 10 9
4 108552898 20 28
4 108566106 14 17
4 110971500 5 18
4 122071360 15 15
4 128703720 14 34
4 144446640 38 68
4 146076615 8 8
4 151773314 7 20
4 153247366 9 11
4 154257404 3 21
4 154649508 15 21
4 154709810 32 54
4 155156461 7 13
4 155461791 11 32
4 186598367 16 39
4 187628184 9 12
4 187630312 22 33
5 442595 15 57
5 2752541 17 32
5 10973196 7 8
5 13864596 22 48
5 14397218 16 32
5 32058087 13 24
5 33588802 19 19
5 38933564 3 10
5 41176680 8 24
5 53839018 4 10
5 63257393 4 12
5 70806665 7 8
5 71494222 10 9
5 71757189 14 33
5 72209005 6 20
5 72744223 6 5
5 76265287 6 15
5 79039649 9 21
5 79815571 15 24
5 95748171 3 21
5 98192095 9 17
5 102894936 10 16
5 110835669 19 32
5 123983232 11 23
5 127647092 18 29
5 134367156 31 53
5 137288332 5 19
5 138643063 9 17
5 139193212 8 10
5 140038712 19 29
5 140207875 33 73
5 140242832 48 66
5 140263573 68 56
5 140347117 8 26
5 140531698 71 105
5 140574394 6 99
5 140605088 37 73
5 140751300 22 35
5 140751305 21 34
5 140772869 13 29
5 140794684 33 88
5 140890651 11 33
5 141017388 13 18
5 148206945 18 47
5 149771714 21 17
5 151054186 3 31
5 156381674 5 28
5 160718123 5 14
5 170222296 7 54
5 175740828 6 15
5 175955708 3 20
5 176524386 14 26
5 176729615 42 71
5 176918093 17 21
5 179050074 10 33
5 179528000 4 43
5 180035976 34 55
5 180326271 39 69
6 7231823 5 8
6 17292269 9 18
6 29408459 22 43
6 29713265 14 27
6 29911978 37 82
6 30080442 12 32
6 30313110 27 53
6 31828348 6 12
6 31895941 3 6
6 33131496 25 36
6 33690817 12 33
6 36169334 10 16
6 36710217 18 27
6 36887405 18 63
6 41562647 18 43
6 41703974 9 31
6 42672324 28 43
6 42833517 16 14
6 43017253 28 69
6 43753880 6 7
6 51893047 17 33
6 54002158 9 8
6 56535600 12 28
6 71270038 8 11
6 75898945 9 11
6 84234127 3 10
6 85472390 13 24
6 88768468 11 13
6 89816963 25 40
6 90385818 12 16
6 96652432 17 38
6 99969022 50 91
6 105530078 6 23
6 107088315 10 20
6 109819047 16 24
6 111587284 12 18
6 111620424 13 18
6 112672116 24 37
6 131929157 9 37
6 131995500 20 22
6 142396810 13 26
6 142764511 10 10
6 152542070 23 77
6 159404813 15 39
6 159660947 20 17
6 160170023 9 18
6 160858038 10 21
6 160872167 3 9
6 168396984 21 27
6 169622408 20 32
7 5680885 12 31
7 6730893 20 22
7 19035736 26 32
7 22771407 19 37
7 24910443 15 28
7 44806100 19 47
7 45122194 3 6
7 47408645 10 20
7 50459522 12 10
7 73254371 34 53
7 74212155 12 18
7 77585908 12 39
7 87564401 8 20
7 94919602 4 9
7 95751218 6 47
7 99054119 50 53
7 99705082 11 28
7 100174951 5 15
7 100202052 13 55
7 100218401 10 21
7 100850936 37 55
7 101892593 3 14
7 103969222 6 7
7 107732802 9 6
7 119914847 22 28
7 120373073 20 26
7 121741726 3 8
7 127732121 3 10
7 129962465 15 80
7 131872250 9 24
7 134880937 26 57
7 141478314 13 17
7 143098605 12 22
7 149556587 32 36
7 150772521 12 63
8 3019784 24 51
8 3443712 15 34
8 11617339 13 3
8 11619407 40 70
8 19262137 8 11
8 20004892 29 21
8 20038550 5 17
8 24241954 12 32
8 24771698 9 49
8 25268857 19 53
8 27634330 4 14
8 30560690 75 65
8 30890192 8 19
8 37594097 5 10
8 38849014 18 46
8 41120666 10 19
8 41551613 15 25
8 41791087 50 99
8 48805748 63 68
8 65517310 31 27
8 67513962 16 10
8 72987729 14 7
8 77617590 3 21
8 77776800 3 9
8 86241951 19 74
8 87151726 16 53
8 89051556 7 27
8 96166368 10 25
8 105263283 19 52
8 113516149 9 22
8 124335285 32 33
8 124821208 22 21
8 133920445 5 44
8 134146960 13 33
8 134232893 13 37
8 135613793 13 54
8 139895394 26 74
8 142228994 70 40
8 142367851 48 40
8 143694727 39 107
8 143747233 13 16
8 144992255 8 26
8 145109628 4 48
8 145740393 17 50
9 6893234 4 14
9 7174986 8 21
9 8465673 3 19
9 21166628 40 68
9 34370749 50 71
9 35662674 7 14
9 37537656 10 64
9 37740570 14 31
9 39103865 13 72
9 71152202 20 25
9 77354745 22 23
9 79897065 18 30
9 93641215 6 19
9 95475261 3 6
9 95887262 39 53
9 96318666 11 32
9 104324581 6 19
9 112899788 4 10
9 113191470 10 27
9 116037999 28 43
9 117063369 24 50
9 119461039 6 21
9 126777423 18 29
9 126777643 14 18
9 129645198 16 19
9 130485557 15 36
9 130550876 13 32
9 130684324 46 96
9 131018456 3 5
9 131397174 17 30
9 133779630 12 18
9 135042180 7 15
9 135211683 8 14
9 138701879 9 22
9 139277970 3 8
9 139317551 48 102
9 139343115 16 35
9 139699938 19 17
9 139990814 11 16
9 140706023 27 43
10 1063195 37 65
10 6262752 14 66
10 7605278 5 16
10 15145661 5 6
10 21783445 9 10
10 24909711 33 61
10 30318028 23 30
10 35501492 6 14
10 50819144 10 14
10 51580586 20 37
10 61549031 6 7
10 63850880 8 6
10 64974815 11 20
10 70426847 15 28
10 97987318 5 21
10 99219817 13 16
10 99527373 20 68
10 112837946 13 21
10 115490196 7 17
10 119302260 7 6
10 122625206 32 41
10 124924480 6 14
10 129537198 11 9
10 134218228 3 23
10 134648246 14 22
11 373802 15 33
11 607422 13 16
11 691591 13 13
11 792634 12 26
11 800213 14 11
11 825041 5 9
11 867118 16 28
11 893444 58 87
11 1017665 56 428
11 1095284 37 56
11 1266662 28 52
11 1270433 18 175
11 1718967 4 36
11 2338692 24 34
11 4104523 10 16
11 4824786 15 32
11 5602694 28 56
11 10555566 17 20
11 10785748 23 37
11 10827529 25 34
11 13393824 13 28
11 18159395 32 31
11 27016201 15 36
11 31284507 11 17
11 36522788 10 29
11 43364746 10 11
11 46417962 6 13
11 55035844 39 52
11 56127962 9 68
11 57464311 11 14
11 57958763 23 26
11 60690240 15 27
11 60690872 11 23
11 61725741 27 38
11 62363315 12 31
11 63683907 8 8
11 64511526 4 24
11 64900213 12 17
11 65147339 16 14
11 65652637 13 12
11 66082338 10 18
11 66590088 42 75
11 67024880 3 19
11 67051731 14 36
11 67135064 21 48
11 67786664 6 46
11 68029234 24 26
11 69466019 17 11
11 70265913 27 31
11 71809012 7 15
11 73008058 18 37
11 76508413 13 14
11 86522025 13 18
11 87847073 16 29
11 94759275 20 60
11 102641498 14 10
11 108032314 5 14
11 118037754 14 12
11 118343094 8 21
11 118947635 11 38
11 119054532 22 113
11 122774794 14 12
11 122848438 9 36
11 122954540 3 32
11 123448131 21 41
11 128838937 32 41
11 129751644 11 19
11 129775615 17 17
11 134249704 9 4
12 304491 12 25
12 977417 8 25
12 1902908 3 20
12 5020712 31 55
12 5021724 14 33
12 5603542 13 11
12 6428119 19 29
12 7046348 5 10
12 7310669 10 25
12 7942303 22 43
12 8330126 30 47
12 9393083 8 16
12 11546435 18 55
12 13243721 10 20
12 18891368 9 21
12 20864317 7 15
12 21711229 18 38
12 23999014 14 13
12 26217449 8 17
12 27129201 7 7
12 40076519 6 29
12 46300189 21 42
12 48596616 9 20
12 49431932 16 26
12 49444836 12 76
12 49960536 12 29
12 50263069 18 23
12 50369358 12 47
12 51034557 8 61
12 51461550 7 56
12 52168072 46 75
12 52566078 5 77
12 52845515 41 117
12 53824028 21 29
12 54575535 8 10
12 56750351 5 27
12 57606531 13 27
12 57630450 22 28
12 57974790 18 27
12 69985881 5 107
12 71095073 8 57
12 72050733 41 55
12 80865923 6 13
12 88487642 16 32
12 95500751 11 6
12 96641297 13 22
12 96688891 14 13
12 100904615 15 26
12 106460124 4 19
12 108626623 10 28
12 109679022 7 35
12 109971281 24 46
12 110813895 15 43
12 111885545 19 38
12 112622419 27 58
12 117494619 19 29
12 120156549 33 50
12 120241159 27 34
12 122622974 19 19
12 122756579 4 8
12 123944369 3 11
12 123950635 11 15
12 125465074 27 51
12 133149202 5 46
13 25160800 10 18
13 26620554 16 32
13 28367724 9 18
13 28896928 12 22
13 36396959 40 51
13 39917889 17 36
13 45965403 12 19
13 52508984 19 32
13 52607334 19 17
13 52952397 13 15
13 58206914 5 12
13 61987617 20 27
13 98829257 14 10
13 101712255 21 37
13 103459787 9 19
13 111290950 4 8
13 111372179 4 28
14 20846216 19 90
14 21550212 13 19
14 21894324 4 13
14 23532257 15 16
14 24682897 3 7
14 24878081 5 30
14 24880588 23 27
14 47120959 16 23
14 52520341 16 39
14 58768371 9 15
14 60194028 36 52
14 60194247 8 16
14 60441424 4 22
14 61748115 9 15
14 64634032 11 20
14 68221831 24 36
14 69701626 7 20
14 72055553 7 16
14 73423139 24 34
14 73718733 13 14
14 74040127 45 76
14 74185767 3 30
14 77229454 8 16
14 88477641 18 25
14 89069216 18 36
14 89077178 20 38
14 92347691 18 30
14 93118949 6 13
14 103412012 8 26
15 23260878 36 85
15 26825488 10 27
15 28491958 14 19
15 34652382 11 21
15 40866252 17 26
15 43009149 30 72
15 43622773 20 27
15 43724653 23 48
15 44853655 5 26
15 45561535 38 45
15 45777176 15 32
15 48796005 19 27
15 51289839 26 32
15 52471977 6 7
15 53994390 19 28
15 54542483 5 52
15 57731297 8 26
15 65694732 9 15
15 66599197 14 52
15 67786628 15 23
15 72106736 3 5
15 72643618 8 17
15 73528774 19 31
15 73735532 5 83
15 75312660 7 14
15 75687179 17 34
15 75694279 7 22
15 77473379 9 14
15 78585578 5 39
15 78921527 30 49
15 79585821 18 22
15 82935003 36 123
15 91425567 13 22
15 91448726 16 24
15 92988069 35 63
15 100214720 31 43
15 100673510 11 24
15 101569420 20 30
15 101933626 5 15
16 397047 6 8
16 602527 15 43
16 727806 13 14
16 1814355 25 30
16 2147463 50 79
16 2152889 70 136
16 2161079 63 94
16 2226670 16 31
16 2279672 13 24
16 2499427 3 8
16 3073518 16 21
16 3254411 38 65
16 4015695 8 14
16 4310574 23 27
16 4827995 16 27
16 4945712 14 20
16 8858626 26 37
16 12162930 13 24
16 15133849 5 11
16 15221451 31 84
16 19041609 7 21
16 19194992 20 33
16 20753055 6 18
16 21185399 21 70
16 25228700 14 40
16 28330448 13 36
16 29985654 12 14
16 30017440 15 18
16 30075187 14 23
16 30667444 19 32
16 30750031 18 24
16 31089032 9 35
16 46771740 16 38
16 46943701 34 44
16 52473515 42 57
16 57490437 18 58
16 57965783 20 38
16 58030781 11 32
16 61851503 3 34
16 66819747 14 20
16 67214217 16 67
16 67233096 7 55
16 67289049 25 33
16 67574376 34 38
16 67986249 15 31
16 68725742 16 33
16 71572159 9 12
16 71884736 11 18
16 72003919 23 45
16 72139015 10 26
16 72984406 22 32
16 74444891 11 75
16 74445624 16 152
16 81080567 5 63
16 81209220 14 35
16 81388217 31 51
16 84228007 13 18
16 86601510 7 9
16 88697557 8 18
16 88927465 3 9
16 89220686 9 6
16 89598338 15 33
16 89981242 17 30
17 1399174 9 18
17 1637373 8 27
17 1802397 22 29
17 2594953 11 23
17 3527383 13 17
17 3743402 17 34
17 4798441 6 44
17 5032373 7 12
17 5085734 21 53
17 7188426 25 49
17 7221651 10 45
17 7385950 20 115
17 7721751 12 15
17 8062707 6 19
17 10314241 31 49
17 10415443 10 101
17 11520887 13 17
17 16344602 20 49
17 18181321 17 34
17 18418748 46 122
17 19287725 7 17
17 20425486 16 45
17 21477541 20 15
17 27953450 8 14
17 29284856 22 51
17 33592576 53 39
17 34171101 35 128
17 37237413 16 28
17 38498829 4 6
17 38854416 7 12
17 39580174 18 16
17 39766153 29 76
17 40828433 48 108
17 41610303 11 33
17 42083959 26 20
17 42195039 20 46
17 42330648 22 70
17 45198117 4 25
17 45286729 27 31
17 45895919 6 43
17 48434076 8 38
17 53158524 20 63
17 56349049 8 78
17 56408611 3 28
17 56584529 10 52
17 57292296 72 62
17 58153595 3 28
17 59486439 6 17
17 59533845 18 87
17 60759017 6 7
17 61895115 12 42
17 62130213 67 27
17 62891271 18 34
17 67024675 14 64
17 67148509 23 70
17 67170868 12 33
17 71166462 29 52
17 71434121 36 62
17 72346846 9 91
17 73590942 43 111
17 73610709 3 24
17 73774974 25 58
17 73832424 13 31
17 73915779 56 55
17 74625193 43 41
17 74625356 41 40
17 74846470 8 51
17 76105600 6 34
17 76446773 31 37
17 77761321 25 19
17 79428548 5 54
17 80045299 17 20
17 80400196 24 48
18 5197103 25 68
18 11852166 3 17
18 12254392 4 18
18 12310983 15 62
18 12817238 21 51
18 12817239 21 50
18 13059290 40 39
18 21115543 10 104
18 34092468 28 56
18 34298520 33 25
18 44057860 29 75
18 44260433 15 11
18 47796412 16 29
18 48255714 14 27
18 58039611 84 92
18 74639914 18 54
18 76755216 7 14
18 77917592 3 15
19 572659 18 46
19 685662 4 73
19 1272325 16 29
19 1506116 24 26
19 3586641 29 39
19 3751036 58 83
19 4101230 18 31
19 6692960 34 64
19 7505052 22 36
19 7584458 20 32
19 7708120 5 17
19 7928331 6 6
19 7937189 30 47
19 7978741 10 15
19 8455271 3 32
19 8551236 16 27
19 8555601 21 26
19 9062933 15 34
19 9075401 12 73
19 9578481 7 8
19 10385697 11 13
19 10697965 17 37
19 10818220 16 27
19 10823648 19 40
19 11343970 41 47
19 12692194 11 18
19 12865825 10 28
19 13049492 7 28
19 14561914 9 11
19 17370502 20 17
19 18054360 7 13
19 18121128 21 46
19 18418096 8 15
19 18897424 4 58
19 19654091 39 52
19 19745834 6 9
19 19749050 5 11
19 30156685 27 31
19 31767965 12 37
19 34844075 23 49
19 35449232 23 51
19 35622407 7 24
19 35752871 23 17
19 35850215 8 35
19 35850463 27 106
19 36339659 22 30
19 40396248 13 26
19 42231195 5 85
19 42891352 9 87
19 44051114 19 3
19 44086069 21 7
19 44099430 6 74
19 44891717 5 23
19 45594168 35 18
19 45594398 48 25
19 46192553 30 11
19 47113067 19 4
19 50376182 11 33
19 53619121 36 10
19 55324750 15 74
19 56089340 11 101
19 56223310 4 45
19 57134957 22 7
19 58966943 16 37
20 2819062 15 42
20 3672817 7 17
20 4163263 20 47
20 19702153 7 25
20 23028328 3 11
20 23969288 16 27
20 25255253 20 41
20 30745740 22 43
20 30753788 12 16
20 32349692 14 28
20 33299035 9 14
20 36640485 25 30
20 40706606 4 6
20 43571518 5 8
20 43964517 20 39
20 44433951 5 55
20 44685018 20 37
20 46268544 10 31
20 52789612 35 37
20 57568125 15 58
20 60902369 8 49
20 62191344 20 30
20 62598331 14 23
20 62729230 14 30
20 62836390 10 28
21 18937752 37 46
21 30331873 15 18
21 33750783 4 41
21 34617303 11 21
21 37618810 17 34
21 42860362 18 34
21 45679341 4 28
21 45843534 17 27
21 45877433 23 35
21 47542031 11 21
21 47574209 28 49
21 47704738 10 13
21 47734762 31 70
22 17309849 3 11
22 17597897 4 6
22 18256514 13 18
22 18846364 8 26
22 19006509 35 55
22 19187279 17 32
22 21989754 10 25
22 22890594 11 27
22 23437923 5 29
22 25498838 11 15
22 25771975 22 45
22 28194939 24 44
22 28194945 23 43
22 29455140 13 29
22 38641940 13 26
22 38881964 16 24
22 39387545 20 41
22 39497941 28 67
22 41257654 11 13
22 41754743 6 5
22 41923891 8 15
22 42394857 18 34
22 43088675 4 6
22 44282293 21 46
22 44582595 8 13
22 46795637 22 38
22 47087651 13 27
22 50615800 11 12
22 50635703 5 64
22 50944597 33 51
