chromosome_index position alt_count ref_count
1 17318535 158 14
2 46987103 92 18
4 30724413 15 173
4 100512918 87 21
4 123372913 104 19
5 79733160 47 86
7 11151041 31 41
7 57529562 3 37
7 103183277 5 113
7 143175367 38 45
8 23060257 6 153
8 61766037 131 25
9 108120655 39 37
10 104183193 7 147
11 21596620 12 37
12 13717131 95 163
12 21960411 44 35
12 69233423 164 170
12 98849194 54 48
14 57272121 52 23
16 3304219 35 32
16 28842312 8 12
17 7579311 95 17
17 29187537 17 67
19 9057171 105 105
19 44934458 94 74
19 45260388 59 56
19 55758252 46 66
19 58132312 49 61
20 3209573 20 155
20 17445920 21 21
20 61048581 66 144
21 42749766 22 138
21 46640924 30 93
22 31741420 15 93
