chromosome_index	position	alt_count	ref_count
1	1078429	7.0	17.0
1	2885283	8.0	28.0
1	4503987	13.0	22.0
1	4775461	8.0	35.0
1	4792770	9.0	29.0
1	5471849	10.0	42.0
1	6557025	10.0	17.0
1	9706280	5.0	33.0
1	9754361	4.0	38.0
1	13809693	3.0	48.0
1	14275625	5.0	51.0
1	14508536	5.0	39.0
1	15828036	4.0	16.0
1	16396422	4.0	43.0
1	17746340	13.0	25.0
1	18524525	9.0	57.0
1	22374071	6.0	40.0
1	22637152	8.0	34.0
1	26001692	4.0	36.0
1	26611136	4.0	43.0
1	26616889	3.0	30.0
1	27210057	5.0	40.0
1	28115546	8.0	41.0
1	29466455	2.0	28.0
1	30456465	8.0	44.0
1	31499965	9.0	37.0
1	31557832	6.0	31.0
1	33337300	13.0	36.0
1	33711195	5.0	35.0
1	34152307	5.0	58.0
1	34186464	5.0	29.0
1	34449481	14.0	43.0
1	35416867	8.0	49.0
1	37757067	6.0	49.0
1	39765412	8.0	35.0
1	41266319	10.0	22.0
1	41429131	3.0	22.0
1	44466004	6.0	37.0
1	45691420	9.0	40.0
1	47533386	14.0	28.0
1	48692442	4.0	26.0
1	50630179	7.0	28.0
1	51884716	4.0	47.0
1	51959247	6.0	32.0
1	52543118	4.0	47.0
1	52824970	6.0	46.0
1	53921895	4.0	24.0
1	56605293	18.0	48.0
1	57817640	11.0	48.0
1	60710542	6.0	36.0
1	61198276	11.0	24.0
1	61582864	12.0	40.0
1	63513990	16.0	58.0
1	64184107	24.0	45.0
1	65037355	8.0	51.0
1	65108260	12.0	48.0
1	67488096	5.0	42.0
1	69819068	13.0	46.0
1	69948856	13.0	43.0
1	72104998	4.0	45.0
1	72474990	12.0	40.0
1	72552825	9.0	21.0
1	74123229	17.0	44.0
1	74255268	8.0	59.0
1	75413632	4.0	45.0
1	75461480	15.0	31.0
1	76002233	3.0	28.0
1	76130155	5.0	41.0
1	76412843	10.0	15.0
1	77411759	7.0	43.0
1	77498819	5.0	55.0
1	79296292	5.0	42.0
1	80075056	11.0	49.0
1	80468214	9.0	46.0
1	80903312	20.0	60.0
1	80995632	7.0	46.0
1	81395011	6.0	31.0
1	81575659	6.0	46.0
1	81668362	4.0	33.0
1	85614509	14.0	38.0
1	85877946	4.0	43.0
1	87079674	15.0	40.0
1	87093585	6.0	33.0
1	91864390	17.0	24.0
1	92375228	6.0	6.0
1	92959942	10.0	43.0
1	94061073	9.0	47.0
1	94222456	4.0	55.0
1	94358032	18.0	28.0
1	95270652	12.0	37.0
1	95454719	13.0	45.0
1	97037570	6.0	14.0
1	98579537	7.0	32.0
1	101090470	7.0	54.0
1	101417861	5.0	42.0
1	102087362	12.0	45.0
1	102458849	12.0	29.0
1	102726221	5.0	49.0
1	103019383	9.0	44.0
1	103184811	6.0	36.0
1	103476826	8.0	27.0
1	103653325	10.0	34.0
1	103725433	4.0	42.0
1	104805375	14.0	20.0
1	104886898	5.0	58.0
1	105148662	9.0	41.0
1	105471302	13.0	45.0
1	106771426	10.0	14.0
1	107061547	3.0	22.0
1	107613163	4.0	33.0
1	108202023	6.0	25.0
1	108358844	14.0	38.0
1	108629779	7.0	46.0
1	109712300	5.0	54.0
1	110261731	10.0	24.0
1	111538660	4.0	43.0
1	114615549	11.0	30.0
1	116067392	5.0	57.0
1	116791302	7.0	19.0
1	117001494	4.0	39.0
1	117608849	4.0	49.0
1	117669627	1.0	43.0
1	117786809	5.0	43.0
1	118397287	15.0	44.0
1	118977078	6.0	25.0
1	119297198	12.0	38.0
1	121353261	5.0	34.0
1	145072960	17.0	168.0
1	145290497	10.0	251.0
1	150586843	4.0	56.0
1	151151836	4.0	37.0
1	152018588	5.0	71.0
1	152968192	11.0	36.0
1	153493969	28.0	46.0
1	154818546	3.0	35.0
1	155850619	4.0	59.0
1	156350112	8.0	25.0
1	156800166	4.0	43.0
1	157900498	12.0	45.0
1	157924703	5.0	55.0
1	158842641	7.0	34.0
1	161322074	16.0	34.0
1	161654852	4.0	32.0
1	162148288	16.0	62.0
1	163727242	3.0	34.0
1	165164793	5.0	36.0
1	165330294	11.0	38.0
1	165630258	11.0	44.0
1	165753225	6.0	49.0
1	166623309	8.0	30.0
1	166909857	10.0	60.0
1	168310889	4.0	51.0
1	168310890	4.0	51.0
1	169818206	22.0	42.0
1	170009354	6.0	36.0
1	170234877	11.0	44.0
1	172270260	27.0	52.0
1	174225065	6.0	81.0
1	175053292	9.0	45.0
1	175118896	6.0	34.0
1	175556662	8.0	47.0
1	175802538	16.0	33.0
1	175889467	4.0	45.0
1	175934634	6.0	51.0
1	176540913	25.0	44.0
1	176915654	19.0	53.0
1	177445816	14.0	48.0
1	177729358	11.0	36.0
1	178315874	4.0	46.0
1	178713240	24.0	25.0
1	179003642	9.0	31.0
1	179218693	5.0	29.0
1	181171934	20.0	45.0
1	181420974	4.0	49.0
1	181594577	7.0	59.0
1	181692758	22.0	48.0
1	181956742	6.0	40.0
1	182052702	5.0	41.0
1	182920163	4.0	65.0
1	183271859	14.0	45.0
1	183868007	6.0	69.0
1	184009722	3.0	34.0
1	184493697	8.0	46.0
1	185384063	11.0	31.0
1	185741347	10.0	74.0
1	186662840	15.0	34.0
1	187124502	6.0	40.0
1	187173763	9.0	49.0
1	187617459	5.0	49.0
1	188360731	1.0	64.0
1	188360732	1.0	63.0
1	188448623	4.0	44.0
1	188507770	5.0	50.0
1	189209362	9.0	47.0
1	190069731	4.0	41.0
1	190423131	6.0	49.0
1	191110986	9.0	42.0
1	191207964	18.0	47.0
1	191507769	3.0	33.0
1	192601132	10.0	54.0
1	194755950	3.0	10.0
1	194813242	9.0	36.0
1	195341811	12.0	40.0
1	195601724	5.0	36.0
1	196736559	4.0	48.0
1	197061347	4.0	52.0
1	200542457	16.0	50.0
1	202349148	12.0	54.0
1	204108233	18.0	61.0
1	205382799	3.0	22.0
1	205524325	5.0	59.0
1	206310961	11.0	51.0
1	208006001	6.0	56.0
1	208651950	6.0	49.0
1	208929903	8.0	63.0
1	209286088	5.0	58.0
1	210162221	11.0	51.0
1	210952665	7.0	57.0
1	211039684	7.0	50.0
1	211580673	4.0	61.0
1	212728126	5.0	50.0
1	213901641	3.0	41.0
1	213916277	7.0	55.0
1	214396020	8.0	51.0
1	215454941	6.0	46.0
1	216470516	4.0	47.0
1	216508564	6.0	41.0
1	216509457	4.0	49.0
1	216584809	16.0	37.0
1	216938009	6.0	55.0
1	217341329	5.0	58.0
1	218097135	15.0	23.0
1	219892547	9.0	49.0
1	220694962	11.0	47.0
1	221114293	5.0	66.0
1	222193758	17.0	45.0
1	223108253	11.0	65.0
1	225599121	8.0	45.0
1	226108965	4.0	43.0
1	226983468	3.0	45.0
1	227358795	4.0	59.0
1	227521050	5.0	69.0
1	229545740	5.0	26.0
1	230647571	7.0	29.0
1	231097305	6.0	60.0
1	232081463	23.0	49.0
1	234437635	4.0	61.0
1	236119048	4.0	45.0
1	236145109	6.0	64.0
1	236818805	6.0	21.0
1	237032690	8.0	70.0
1	238529933	16.0	39.0
1	238538566	8.0	52.0
1	238907219	4.0	57.0
1	239390069	6.0	76.0
1	239607169	7.0	57.0
1	239667991	16.0	39.0
1	240088093	3.0	34.0
1	240162103	8.0	44.0
1	240440165	8.0	44.0
1	240570762	4.0	48.0
1	241900482	8.0	36.0
1	242432320	4.0	49.0
1	242731908	10.0	47.0
1	242974132	11.0	34.0
1	244639943	5.0	42.0
1	245227465	8.0	50.0
1	245772289	4.0	34.0
1	246038449	12.0	57.0
1	246123366	8.0	31.0
1	247029697	25.0	35.0
1	247236482	11.0	25.0
1	248171061	4.0	63.0
10	258837	7.0	51.0
10	1364228	5.0	34.0
10	3090836	5.0	36.0
10	3324288	7.0	63.0
10	6844536	6.0	26.0
10	7936835	8.0	40.0
10	8346202	8.0	32.0
10	8497051	13.0	32.0
10	8894325	4.0	57.0
10	9293019	7.0	65.0
10	9487667	16.0	41.0
10	10069768	8.0	28.0
10	10349966	4.0	41.0
10	11163801	5.0	55.0
10	12188946	9.0	42.0
10	12846621	2.0	33.0
10	13945183	11.0	42.0
10	14248664	4.0	26.0
10	14531220	9.0	32.0
10	14792491	4.0	47.0
10	17304851	5.0	35.0
10	17304853	5.0	39.0
10	18581454	10.0	25.0
10	18971357	11.0	47.0
10	19091258	9.0	33.0
10	19503075	14.0	43.0
10	19856830	15.0	34.0
10	20376398	10.0	40.0
10	21671453	3.0	19.0
10	22426515	4.0	42.0
10	22428087	7.0	37.0
10	23435747	11.0	66.0
10	23905406	8.0	41.0
10	24063581	9.0	43.0
10	25517951	4.0	24.0
10	25691204	10.0	33.0
10	26821164	6.0	39.0
10	27647248	14.0	38.0
10	27819138	13.0	38.0
10	27996311	10.0	46.0
10	28254310	12.0	64.0
10	28575880	8.0	51.0
10	28663428	7.0	27.0
10	28681664	3.0	34.0
10	29185785	6.0	33.0
10	29279114	10.0	47.0
10	29847819	8.0	18.0
10	31660138	6.0	49.0
10	31749010	3.0	25.0
10	33273237	5.0	56.0
10	33628887	7.0	59.0
10	36254537	8.0	29.0
10	36444655	4.0	26.0
10	36444657	4.0	25.0
10	36891057	7.0	58.0
10	36925108	8.0	52.0
10	37027718	11.0	35.0
10	37124339	4.0	26.0
10	37396117	8.0	47.0
10	37846570	6.0	42.0
10	38106798	5.0	38.0
10	38781751	17.0	59.0
10	42484666	3.0	23.0
10	42949653	5.0	40.0
10	44382826	15.0	49.0
10	46002092	12.0	56.0
10	48580044	10.0	46.0
10	50221068	9.0	32.0
10	50485189	12.0	30.0
10	50622167	10.0	50.0
10	53325078	9.0	38.0
10	53774302	3.0	41.0
10	54837940	11.0	62.0
10	54875630	4.0	43.0
10	56196191	7.0	27.0
10	56207340	4.0	44.0
10	57106552	5.0	28.0
10	57291588	7.0	42.0
10	57769768	6.0	30.0
10	58333798	7.0	43.0
10	59178957	12.0	45.0
10	59740957	14.0	41.0
10	61097251	13.0	37.0
10	62444079	6.0	36.0
10	63057913	10.0	38.0
10	63263341	16.0	50.0
10	63564403	11.0	49.0
10	65538950	5.0	31.0
10	66287236	4.0	39.0
10	66552262	9.0	28.0
10	67191554	10.0	42.0
10	67730154	8.0	38.0
10	67912996	16.0	51.0
10	69460220	11.0	53.0
10	69653987	12.0	34.0
10	70137877	9.0	32.0
10	71053255	5.0	60.0
10	71568590	10.0	32.0
10	72596948	4.0	20.0
10	76729502	13.0	42.0
10	76970950	5.0	37.0
10	77107192	12.0	34.0
10	77326013	7.0	59.0
10	79559653	9.0	50.0
10	79559655	10.0	51.0
10	80862341	4.0	43.0
10	81075434	15.0	41.0
10	82481960	4.0	24.0
10	82796781	8.0	48.0
10	82848513	11.0	53.0
10	83511413	7.0	50.0
10	83795777	11.0	54.0
10	83798085	6.0	61.0
10	84431169	5.0	78.0
10	85423770	11.0	43.0
10	86159808	6.0	27.0
10	86311884	5.0	36.0
10	87057756	11.0	42.0
10	87785566	10.0	48.0
10	88094714	4.0	49.0
10	88689001	19.0	40.0
10	88884037	6.0	29.0
10	89536368	10.0	48.0
10	89622071	10.0	41.0
10	90390767	10.0	34.0
10	94827185	9.0	32.0
10	94904738	7.0	52.0
10	95051318	8.0	28.0
10	95135123	3.0	39.0
10	96596705	5.0	48.0
10	98193208	9.0	35.0
10	99197459	4.0	45.0
10	99313128	14.0	44.0
10	99715373	10.0	64.0
10	100264706	10.0	57.0
10	101429911	12.0	45.0
10	101788013	10.0	49.0
10	102214649	5.0	37.0
10	102465014	10.0	38.0
10	102465184	7.0	52.0
10	102513842	11.0	49.0
10	104216103	9.0	37.0
10	104810348	8.0	37.0
10	104881774	7.0	34.0
10	106185636	5.0	33.0
10	106593482	3.0	60.0
10	106999058	10.0	64.0
10	107473228	4.0	53.0
10	107522967	4.0	59.0
10	107710225	10.0	58.0
10	107975827	4.0	58.0
10	108371751	4.0	35.0
10	108480355	15.0	48.0
10	109034694	6.0	59.0
10	109153857	9.0	34.0
10	109198238	10.0	39.0
10	109664689	6.0	50.0
10	110392279	4.0	61.0
10	110468029	5.0	40.0
10	110792205	5.0	54.0
10	110964934	5.0	43.0
10	111852019	17.0	49.0
10	113907170	14.0	54.0
10	114079708	6.0	56.0
10	114833512	9.0	39.0
10	114940786	4.0	34.0
10	115498127	10.0	31.0
10	117269496	8.0	37.0
10	117314501	11.0	48.0
10	117435481	11.0	34.0
10	117874032	17.0	33.0
10	119468918	7.0	42.0
10	119970467	11.0	35.0
10	120014751	11.0	32.0
10	120720576	4.0	48.0
10	120759929	9.0	32.0
10	122333813	15.0	42.0
10	122862446	8.0	51.0
10	123222564	8.0	50.0
10	125400827	8.0	31.0
10	125689330	3.0	32.0
10	125983316	12.0	25.0
10	126648770	6.0	34.0
10	127269559	13.0	45.0
10	129577555	17.0	55.0
10	130581640	5.0	31.0
10	132560002	5.0	44.0
10	132764895	9.0	56.0
10	134648059	4.0	21.0
11	1393119	3.0	19.0
11	2191021	5.0	42.0
11	2213525	3.0	32.0
11	4915196	21.0	29.0
11	4933465	5.0	56.0
11	5242370	7.0	46.0
11	5419722	4.0	42.0
11	5705661	10.0	49.0
11	5971880	16.0	53.0
11	7210481	13.0	50.0
11	7230021	15.0	39.0
11	7543518	5.0	55.0
11	8809068	5.0	67.0
11	9759190	5.0	68.0
11	10477217	7.0	31.0
11	11134436	6.0	56.0
11	11206843	5.0	62.0
11	13595506	4.0	61.0
11	14099440	6.0	56.0
11	15314230	17.0	43.0
11	16394589	7.0	51.0
11	16471000	6.0	44.0
11	16496930	12.0	47.0
11	18209953	6.0	50.0
11	18514228	6.0	42.0
11	18869594	22.0	61.0
11	20774674	7.0	50.0
11	20930344	7.0	40.0
11	21094510	7.0	64.0
11	21193253	5.0	34.0
11	21612749	4.0	45.0
11	21870735	6.0	37.0
11	22557725	7.0	63.0
11	23541351	5.0	46.0
11	23641293	5.0	35.0
11	23803985	4.0	44.0
11	25002886	10.0	52.0
11	25039946	6.0	55.0
11	25512187	7.0	43.0
11	25650305	6.0	18.0
11	26420044	11.0	55.0
11	27548035	3.0	57.0
11	27575856	14.0	51.0
11	27661992	4.0	43.0
11	28399403	6.0	52.0
11	30755825	7.0	61.0
11	33096971	8.0	39.0
11	33096972	10.0	38.0
11	33792255	14.0	53.0
11	34535580	6.0	29.0
11	35089317	8.0	40.0
11	35773719	14.0	51.0
11	36403717	4.0	56.0
11	36526266	15.0	50.0
11	36730304	5.0	43.0
11	37452044	7.0	46.0
11	37861772	9.0	40.0
11	37928999	15.0	55.0
11	38307841	13.0	45.0
11	38610071	5.0	59.0
11	38856778	8.0	55.0
11	39576213	7.0	57.0
11	40909173	18.0	41.0
11	41127470	4.0	60.0
11	41306293	11.0	44.0
11	41467022	10.0	27.0
11	41928037	10.0	44.0
11	42322083	10.0	43.0
11	42837835	7.0	49.0
11	43129463	4.0	25.0
11	43305263	3.0	44.0
11	44587475	10.0	17.0
11	44987781	8.0	35.0
11	45031374	9.0	49.0
11	45502813	4.0	69.0
11	46709160	5.0	44.0
11	49151286	8.0	37.0
11	49326051	11.0	29.0
11	49336160	17.0	55.0
11	49374466	6.0	45.0
11	49625370	18.0	69.0
11	49933153	20.0	48.0
11	49981472	8.0	30.0
11	50096828	5.0	60.0
11	50646176	8.0	42.0
11	55154701	3.0	35.0
11	55890363	9.0	47.0
11	55919422	5.0	44.0
11	56303748	4.0	56.0
11	57937779	10.0	33.0
11	59849248	14.0	49.0
11	61830225	10.0	47.0
11	61990057	10.0	51.0
11	62929083	12.0	46.0
11	63572192	3.0	33.0
11	64418094	7.0	29.0
11	64654895	12.0	36.0
11	66188482	3.0	28.0
11	66954714	4.0	37.0
11	67263955	10.0	32.0
11	67742667	4.0	45.0
11	67817321	12.0	33.0
11	68214222	8.0	23.0
11	68413266	7.0	23.0
11	69988279	11.0	48.0
11	70578577	4.0	28.0
11	71092553	8.0	42.0
11	71507561	4.0	28.0
11	73886445	4.0	35.0
11	75945633	5.0	18.0
11	78765679	4.0	36.0
11	79183593	12.0	43.0
11	80074626	6.0	46.0
11	80781288	7.0	41.0
11	81322784	10.0	35.0
11	81338290	16.0	35.0
11	82349510	5.0	52.0
11	82674357	5.0	37.0
11	82857129	7.0	35.0
11	83010510	5.0	39.0
11	83424213	9.0	41.0
11	83789119	6.0	45.0
11	84341367	6.0	39.0
11	84445003	12.0	37.0
11	85210424	12.0	56.0
11	85382532	12.0	57.0
11	85832711	15.0	46.0
11	86676849	16.0	53.0
11	87875361	4.0	66.0
11	90294028	9.0	58.0
11	90479088	5.0	48.0
11	90516994	6.0	39.0
11	90896573	15.0	40.0
11	90957991	8.0	40.0
11	91621579	16.0	48.0
11	92320155	4.0	34.0
11	92844373	11.0	47.0
11	93690293	4.0	40.0
11	96135165	9.0	34.0
11	97476050	14.0	47.0
11	97559949	4.0	29.0
11	98155871	8.0	40.0
11	98184528	5.0	23.0
11	98716711	5.0	60.0
11	98724317	10.0	32.0
11	103311426	6.0	71.0
11	104267896	8.0	44.0
11	104517212	5.0	38.0
11	105363390	9.0	35.0
11	106089688	11.0	46.0
11	106570710	4.0	23.0
11	107041245	4.0	35.0
11	108085036	4.0	53.0
11	110875047	13.0	53.0
11	111265338	8.0	42.0
11	111651557	19.0	47.0
11	113353375	9.0	27.0
11	113718261	5.0	24.0
11	115365948	4.0	34.0
11	115736992	9.0	45.0
11	117943423	5.0	49.0
11	118044707	2.0	25.0
11	120251846	5.0	75.0
11	122517441	5.0	42.0
11	124363140	14.0	44.0
11	124497151	22.0	46.0
11	125224328	6.0	41.0
11	125624310	7.0	32.0
11	126815074	4.0	48.0
11	129117865	4.0	51.0
11	130189564	6.0	29.0
11	130215917	6.0	48.0
11	130431347	9.0	33.0
11	131157630	13.0	40.0
11	134587105	7.0	36.0
12	190234	7.0	50.0
12	417890	6.0	44.0
12	825638	11.0	47.0
12	978455	9.0	38.0
12	1163812	5.0	80.0
12	1729499	9.0	37.0
12	2236080	7.0	64.0
12	3051454	6.0	20.0
12	5480721	6.0	32.0
12	11388205	7.0	25.0
12	11835271	12.0	53.0
12	12750603	7.0	35.0
12	14042233	18.0	57.0
12	15500629	13.0	35.0
12	15618993	7.0	47.0
12	15964019	4.0	50.0
12	15964020	4.0	48.0
12	16964397	11.0	45.0
12	17810351	7.0	36.0
12	18208498	4.0	43.0
12	18321602	4.0	38.0
12	20505642	3.0	64.0
12	20552867	11.0	49.0
12	21952820	11.0	58.0
12	22102076	4.0	40.0
12	23617815	8.0	40.0
12	24425616	4.0	33.0
12	24822192	3.0	37.0
12	24903878	8.0	39.0
12	25216131	3.0	37.0
12	26308017	8.0	45.0
12	26729169	8.0	41.0
12	29715053	10.0	49.0
12	29850856	13.0	52.0
12	29937284	3.0	17.0
12	30518151	11.0	50.0
12	30614206	10.0	54.0
12	30907479	4.0	16.0
12	32331288	8.0	55.0
12	32823633	6.0	30.0
12	33750004	7.0	28.0
12	34550789	11.0	45.0
12	38501974	6.0	22.0
12	38932629	8.0	58.0
12	39163402	7.0	43.0
12	39189643	11.0	51.0
12	41754439	9.0	52.0
12	42413447	7.0	35.0
12	43071471	6.0	56.0
12	43743730	4.0	36.0
12	45084395	11.0	39.0
12	46862128	4.0	54.0
12	47185577	7.0	37.0
12	49901233	6.0	47.0
12	50366364	3.0	23.0
12	50893448	12.0	34.0
12	51766395	5.0	51.0
12	53490798	6.0	19.0
12	54283427	4.0	31.0
12	55032171	10.0	40.0
12	55669004	6.0	39.0
12	55677584	6.0	49.0
12	56444328	7.0	20.0
12	56628683	9.0	33.0
12	57834219	4.0	25.0
12	58235029	9.0	41.0
12	58986109	3.0	34.0
12	59342037	9.0	54.0
12	60930227	6.0	30.0
12	60981649	4.0	46.0
12	61687217	9.0	29.0
12	61774105	5.0	38.0
12	61929791	10.0	35.0
12	62478472	4.0	35.0
12	65055855	10.0	56.0
12	65219771	11.0	50.0
12	65383497	13.0	55.0
12	65705951	11.0	53.0
12	66196831	5.0	43.0
12	67110308	4.0	15.0
12	68609520	3.0	31.0
12	69378228	9.0	46.0
12	71194877	8.0	42.0
12	72496507	7.0	36.0
12	73115833	5.0	27.0
12	73206886	5.0	46.0
12	73504437	5.0	59.0
12	73531416	5.0	34.0
12	74048094	5.0	42.0
12	75237986	11.0	36.0
12	75285810	5.0	53.0
12	75884474	7.0	23.0
12	76762830	9.0	26.0
12	76811997	4.0	15.0
12	76915629	7.0	33.0
12	77868908	7.0	43.0
12	78057012	10.0	40.0
12	78532535	7.0	52.0
12	78878545	6.0	35.0
12	79255470	14.0	51.0
12	79602084	7.0	36.0
12	80720648	8.0	31.0
12	80988377	8.0	44.0
12	80994742	5.0	24.0
12	81022686	8.0	27.0
12	81277044	5.0	58.0
12	81394123	5.0	34.0
12	81405438	9.0	38.0
12	83817689	14.0	37.0
12	83905708	6.0	34.0
12	84279525	17.0	44.0
12	84493672	10.0	48.0
12	85103034	9.0	42.0
12	85168586	5.0	35.0
12	85594410	13.0	52.0
12	86084105	10.0	48.0
12	86490650	6.0	24.0
12	86517903	8.0	41.0
12	86775105	8.0	51.0
12	87190131	7.0	51.0
12	87218384	6.0	38.0
12	89329079	10.0	37.0
12	89653074	10.0	43.0
12	90290856	10.0	55.0
12	90668584	5.0	61.0
12	90967499	9.0	33.0
12	91583793	11.0	43.0
12	93041215	5.0	49.0
12	93225007	4.0	27.0
12	93752108	4.0	38.0
12	93954358	15.0	50.0
12	94061191	6.0	33.0
12	94427296	7.0	49.0
12	95289076	6.0	36.0
12	95981442	4.0	33.0
12	96836636	5.0	37.0
12	97022971	14.0	39.0
12	97336413	20.0	50.0
12	97399619	4.0	29.0
12	98303817	7.0	25.0
12	99118537	6.0	34.0
12	99171300	8.0	24.0
12	99171302	8.0	23.0
12	99297915	8.0	25.0
12	99626582	6.0	54.0
12	99930413	4.0	35.0
12	101461701	13.0	47.0
12	102040045	6.0	31.0
12	102159225	4.0	26.0
12	104550927	4.0	30.0
12	107609055	8.0	54.0
12	107949487	11.0	39.0
12	110425401	6.0	19.0
12	111069991	9.0	38.0
12	111069992	9.0	38.0
12	111684892	9.0	44.0
12	112565931	4.0	44.0
12	112764458	7.0	45.0
12	114654212	6.0	29.0
12	115314392	8.0	30.0
12	115883408	13.0	43.0
12	116344688	9.0	23.0
12	119105893	3.0	33.0
12	120012467	15.0	57.0
12	124916833	6.0	40.0
12	125160237	4.0	53.0
12	126001616	5.0	32.0
12	126738428	9.0	32.0
12	128519442	4.0	36.0
12	129759320	6.0	11.0
12	129912618	5.0	44.0
12	130038528	5.0	57.0
12	130522427	10.0	35.0
12	131233791	4.0	36.0
12	131352213	9.0	39.0
12	132194375	7.0	56.0
13	20918864	16.0	29.0
13	22462944	14.0	49.0
13	22791307	11.0	42.0
13	23285519	6.0	46.0
13	23991482	4.0	43.0
13	26191877	6.0	35.0
13	26662263	4.0	42.0
13	27949064	6.0	24.0
13	27993263	11.0	35.0
13	29416867	4.0	59.0
13	29494678	7.0	29.0
13	29494679	7.0	32.0
13	29599402	9.0	43.0
13	29881837	5.0	49.0
13	30357521	6.0	37.0
13	30718976	9.0	41.0
13	31240995	11.0	43.0
13	31542992	4.0	46.0
13	31713376	7.0	43.0
13	32175150	13.0	43.0
13	32568814	10.0	57.0
13	32966125	6.0	31.0
13	33756410	4.0	58.0
13	35198523	13.0	37.0
13	35743156	6.0	26.0
13	38036037	6.0	15.0
13	38040750	4.0	24.0
13	38271935	11.0	58.0
13	42332563	3.0	19.0
13	43360161	9.0	52.0
13	44924988	4.0	45.0
13	45651038	7.0	51.0
13	46968163	4.0	49.0
13	47288152	13.0	54.0
13	47582876	3.0	29.0
13	47867103	11.0	42.0
13	47910470	14.0	46.0
13	48896162	11.0	39.0
13	49563565	6.0	58.0
13	49785564	6.0	57.0
13	51165193	7.0	71.0
13	51644689	10.0	39.0
13	54266764	15.0	35.0
13	54801511	4.0	36.0
13	55045084	5.0	41.0
13	55368798	7.0	27.0
13	56182687	16.0	42.0
13	56236965	13.0	25.0
13	56743422	19.0	34.0
13	58815288	18.0	43.0
13	59212960	10.0	30.0
13	60156942	19.0	40.0
13	61676009	5.0	37.0
13	62819774	13.0	32.0
13	63350601	10.0	52.0
13	64478334	10.0	35.0
13	65207291	8.0	20.0
13	65424100	11.0	35.0
13	65434083	12.0	34.0
13	65530348	5.0	24.0
13	65894282	4.0	53.0
13	67027007	15.0	41.0
13	67865550	5.0	42.0
13	69225298	7.0	27.0
13	71036179	4.0	34.0
13	71100805	10.0	38.0
13	72245188	6.0	44.0
13	73261012	18.0	45.0
13	73403324	4.0	49.0
13	73460459	17.0	33.0
13	76775136	6.0	37.0
13	77141164	5.0	15.0
13	77425327	9.0	26.0
13	78664232	8.0	36.0
13	78958776	4.0	43.0
13	79245358	13.0	38.0
13	79682407	17.0	36.0
13	81620017	6.0	26.0
13	82343256	14.0	26.0
13	82553711	12.0	37.0
13	84386858	4.0	40.0
13	85384700	4.0	50.0
13	87921831	20.0	25.0
13	88005461	15.0	56.0
13	88589154	4.0	37.0
13	88599317	23.0	43.0
13	88854130	9.0	37.0
13	89146546	7.0	45.0
13	89397949	9.0	28.0
13	89707046	7.0	39.0
13	90337703	22.0	37.0
13	91237250	8.0	38.0
13	92051198	7.0	27.0
13	92560218	8.0	41.0
13	92667039	13.0	48.0
13	93192708	7.0	45.0
13	93817318	8.0	52.0
13	94130934	8.0	61.0
13	94452300	24.0	46.0
13	96819968	17.0	46.0
13	97614106	4.0	51.0
13	98716725	6.0	36.0
13	100575066	5.0	56.0
13	103463992	4.0	41.0
13	105368244	6.0	70.0
13	106183476	14.0	48.0
13	107244055	6.0	36.0
13	107293576	22.0	43.0
13	107587406	7.0	43.0
13	107669270	6.0	50.0
13	108316899	12.0	42.0
13	109171805	5.0	30.0
13	109456425	5.0	42.0
13	109456426	5.0	41.0
13	109898622	17.0	41.0
13	110975871	14.0	51.0
13	111259695	7.0	22.0
13	112240925	5.0	35.0
13	112639381	15.0	47.0
13	113020353	4.0	39.0
13	113296435	5.0	32.0
13	113640109	8.0	36.0
13	114490593	8.0	31.0
13	114552159	18.0	49.0
14	21285705	8.0	46.0
14	22238954	6.0	49.0
14	23823494	6.0	49.0
14	24953480	10.0	46.0
14	27459119	5.0	34.0
14	27837376	6.0	38.0
14	28011332	7.0	42.0
14	28155202	6.0	57.0
14	28578121	7.0	33.0
14	28640541	13.0	54.0
14	28640578	13.0	45.0
14	28954417	6.0	38.0
14	29455549	5.0	34.0
14	31294482	8.0	48.0
14	32750550	5.0	50.0
14	35391536	5.0	35.0
14	35857130	9.0	56.0
14	36628572	8.0	35.0
14	36727613	3.0	25.0
14	38797434	7.0	58.0
14	38872608	12.0	52.0
14	40943649	7.0	43.0
14	41022301	4.0	27.0
14	42201640	4.0	47.0
14	43021882	6.0	32.0
14	43082441	9.0	36.0
14	43141481	3.0	31.0
14	43446013	4.0	42.0
14	44090764	5.0	33.0
14	44447506	6.0	44.0
14	44708947	9.0	21.0
14	45346451	5.0	35.0
14	45968061	5.0	37.0
14	46158274	6.0	48.0
14	46500670	9.0	43.0
14	47027258	6.0	48.0
14	47741789	4.0	51.0
14	47909110	4.0	42.0
14	48230135	5.0	59.0
14	48920829	4.0	41.0
14	49540654	5.0	45.0
14	50084927	8.0	46.0
14	50327208	6.0	37.0
14	54917897	8.0	45.0
14	55312123	6.0	31.0
14	55325913	4.0	44.0
14	56334545	4.0	51.0
14	57313118	4.0	63.0
14	59103341	9.0	40.0
14	59782451	9.0	50.0
14	60143691	4.0	51.0
14	60178163	4.0	51.0
14	60369937	6.0	40.0
14	60725082	5.0	41.0
14	62992711	7.0	24.0
14	63133166	4.0	32.0
14	63143787	8.0	47.0
14	69795307	4.0	30.0
14	70487216	9.0	40.0
14	74463899	5.0	51.0
14	74793785	17.0	33.0
14	75257169	6.0	37.0
14	75848420	6.0	56.0
14	76539138	5.0	54.0
14	76557731	5.0	32.0
14	77489684	9.0	42.0
14	77896472	12.0	27.0
14	78997905	5.0	39.0
14	80503990	8.0	36.0
14	82017170	6.0	41.0
14	82782351	4.0	24.0
14	82979560	8.0	37.0
14	83298156	4.0	44.0
14	83710008	11.0	56.0
14	83841123	4.0	63.0
14	83921201	10.0	43.0
14	83965455	9.0	38.0
14	84112369	4.0	31.0
14	84474805	6.0	39.0
14	85095588	6.0	52.0
14	85118950	12.0	38.0
14	85213933	4.0	20.0
14	85472244	4.0	51.0
14	86376777	16.0	44.0
14	87036351	6.0	39.0
14	87267751	11.0	43.0
14	87311731	4.0	45.0
14	92868630	9.0	37.0
14	94355644	8.0	44.0
14	94523332	5.0	68.0
14	95751941	8.0	41.0
14	95823316	9.0	36.0
14	96359697	14.0	32.0
14	98274963	4.0	26.0
14	98451735	7.0	48.0
14	98589646	5.0	54.0
14	102046209	9.0	32.0
14	103178480	4.0	33.0
14	103301567	6.0	42.0
14	104658771	6.0	19.0
14	106485072	4.0	22.0
15	20162419	11.0	50.0
15	20486629	6.0	94.0
15	22446708	4.0	75.0
15	22593583	5.0	105.0
15	24216993	7.0	42.0
15	24260931	14.0	43.0
15	24824273	11.0	43.0
15	25474466	4.0	42.0
15	26204712	12.0	33.0
15	26722594	10.0	44.0
15	26766521	8.0	47.0
15	27697359	9.0	53.0
15	27945271	7.0	50.0
15	28282626	4.0	40.0
15	29644134	11.0	29.0
15	29823183	5.0	39.0
15	34138484	8.0	38.0
15	34351554	8.0	57.0
15	35145842	8.0	28.0
15	35146275	5.0	29.0
15	35406306	7.0	30.0
15	36847014	3.0	28.0
15	37890616	4.0	43.0
15	40828084	4.0	47.0
15	41615232	7.0	45.0
15	41750848	6.0	27.0
15	42386263	4.0	20.0
15	43666294	7.0	48.0
15	43812099	9.0	44.0
15	44693612	4.0	32.0
15	45570032	4.0	41.0
15	47018592	7.0	40.0
15	47074632	4.0	39.0
15	47135188	6.0	67.0
15	47479664	7.0	36.0
15	47843507	5.0	42.0
15	49588511	14.0	37.0
15	50112925	9.0	39.0
15	50351346	7.0	36.0
15	50451888	10.0	40.0
15	51580348	6.0	32.0
15	51724970	5.0	38.0
15	54214842	5.0	41.0
15	55203372	13.0	41.0
15	55385541	12.0	43.0
15	55717039	15.0	45.0
15	56580912	5.0	47.0
15	57091476	5.0	46.0
15	57414945	10.0	35.0
15	57900676	4.0	39.0
15	57945111	14.0	39.0
15	58095886	4.0	38.0
15	58959065	5.0	24.0
15	60165581	5.0	40.0
15	60561914	7.0	32.0
15	62070419	7.0	35.0
15	63464440	4.0	38.0
15	63776744	3.0	13.0
15	63957244	10.0	45.0
15	64829747	8.0	32.0
15	66657387	4.0	39.0
15	66811984	3.0	31.0
15	67305655	4.0	43.0
15	68383032	5.0	29.0
15	69566640	6.0	63.0
15	70661143	6.0	43.0
15	72708497	5.0	41.0
15	73411984	4.0	45.0
15	75231921	4.0	50.0
15	75408470	9.0	39.0
15	75909281	11.0	44.0
15	75933315	7.0	60.0
15	78287490	5.0	24.0
15	78916517	11.0	38.0
15	79352033	4.0	27.0
15	79712158	8.0	35.0
15	80045465	10.0	47.0
15	83253604	4.0	32.0
15	83379567	8.0	35.0
15	84700984	6.0	42.0
15	86966122	8.0	39.0
15	87039977	4.0	34.0
15	87328595	9.0	40.0
15	87426485	6.0	38.0
15	87563284	9.0	31.0
15	87563369	8.0	27.0
15	88300045	11.0	45.0
15	88859623	14.0	42.0
15	89457559	10.0	13.0
15	90132841	10.0	46.0
15	91429547	6.0	56.0
15	91532953	5.0	39.0
15	91649549	7.0	46.0
15	93384631	4.0	34.0
15	93736584	6.0	34.0
15	94641108	9.0	35.0
15	95706114	6.0	52.0
15	95727938	4.0	30.0
15	95727948	4.0	34.0
15	96310266	4.0	44.0
15	96322214	5.0	27.0
15	96532813	5.0	33.0
15	96753557	9.0	36.0
15	97744547	8.0	47.0
15	97985742	7.0	38.0
15	98710743	11.0	37.0
15	98872765	7.0	44.0
15	98875699	5.0	44.0
15	99460215	7.0	29.0
15	100040239	9.0	44.0
15	101987007	8.0	56.0
15	102190067	9.0	43.0
16	1135791	4.0	17.0
16	5981845	8.0	52.0
16	6761034	9.0	49.0
16	7155628	10.0	48.0
16	7283689	4.0	36.0
16	7886807	6.0	31.0
16	8105986	10.0	33.0
16	8309756	8.0	33.0
16	10188069	6.0	36.0
16	13388265	10.0	40.0
16	13529941	7.0	37.0
16	13539590	8.0	35.0
16	13608446	9.0	28.0
16	17786381	5.0	47.0
16	22231761	7.0	45.0
16	24595888	5.0	34.0
16	24760321	2.0	41.0
16	25474621	6.0	44.0
16	25832141	4.0	24.0
16	25951092	12.0	28.0
16	26281704	4.0	47.0
16	26869548	9.0	47.0
16	28995027	7.0	26.0
16	30724241	4.0	38.0
16	31162847	6.0	22.0
16	32420759	4.0	40.0
16	32956335	3.0	17.0
16	33879731	8.0	59.0
16	34608379	4.0	44.0
16	35187421	7.0	34.0
16	46774574	5.0	27.0
16	46795183	6.0	21.0
16	47376851	8.0	41.0
16	49047863	4.0	39.0
16	49048852	4.0	21.0
16	49919565	6.0	33.0
16	52073490	8.0	17.0
16	54780220	10.0	36.0
16	59251151	15.0	54.0
16	59360574	7.0	25.0
16	59384660	9.0	33.0
16	60189385	7.0	47.0
16	60611281	4.0	39.0
16	61440577	9.0	40.0
16	61551682	4.0	45.0
16	61796774	12.0	31.0
16	62257860	4.0	49.0
16	62372853	4.0	31.0
16	62441560	7.0	38.0
16	64566961	7.0	37.0
16	64628010	4.0	42.0
16	64664714	10.0	28.0
16	65134446	5.0	25.0
16	68291657	5.0	43.0
16	69019666	5.0	32.0
16	70109882	7.0	17.0
16	70621421	6.0	24.0
16	71285776	8.0	46.0
16	73690771	8.0	30.0
16	74751601	7.0	34.0
16	76292505	5.0	50.0
16	76487418	4.0	42.0
16	76878824	8.0	35.0
16	77033876	4.0	40.0
16	77288353	4.0	26.0
16	78188904	8.0	45.0
16	78892000	3.0	27.0
16	78892008	3.0	29.0
16	81730124	4.0	28.0
16	85245965	4.0	31.0
16	87969091	5.0	25.0
16	88202271	5.0	32.0
16	88224690	4.0	25.0
17	258372	4.0	14.0
17	615543	5.0	27.0
17	951810	12.0	41.0
17	1161078	11.0	37.0
17	1730720	6.0	34.0
17	3345487	6.0	60.0
17	4779669	7.0	37.0
17	5539392	4.0	41.0
17	6672332	7.0	58.0
17	7012453	11.0	21.0
17	7607158	5.0	23.0
17	9126531	5.0	50.0
17	10405863	14.0	42.0
17	11402560	8.0	48.0
17	11580484	12.0	37.0
17	12250077	9.0	40.0
17	12408215	11.0	48.0
17	12447219	9.0	50.0
17	13366908	12.0	39.0
17	14120120	8.0	42.0
17	15062941	11.0	30.0
17	15073099	14.0	25.0
17	16560156	4.0	47.0
17	16592982	9.0	27.0
17	17424261	8.0	46.0
17	18568587	5.0	35.0
17	18921444	7.0	40.0
17	19902927	7.0	25.0
17	20751948	3.0	51.0
17	21965247	4.0	45.0
17	25600745	11.0	49.0
17	26099269	8.0	30.0
17	30742600	16.0	34.0
17	30875225	7.0	57.0
17	31618531	9.0	19.0
17	31885694	28.0	45.0
17	32656672	17.0	43.0
17	32727224	5.0	55.0
17	33490300	16.0	56.0
17	34879269	9.0	34.0
17	35220008	10.0	31.0
17	37202647	10.0	59.0
17	37349590	13.0	37.0
17	38018314	4.0	49.0
17	38591274	4.0	58.0
17	39597122	6.0	53.0
17	42155298	5.0	63.0
17	44065012	5.0	65.0
17	44893415	4.0	30.0
17	45769187	4.0	59.0
17	46332043	5.0	58.0
17	47509750	3.0	37.0
17	47538831	4.0	45.0
17	47580351	23.0	40.0
17	49184820	11.0	28.0
17	49542959	4.0	74.0
17	50192744	23.0	42.0
17	50337627	10.0	40.0
17	50532096	24.0	60.0
17	51120787	8.0	30.0
17	51290884	9.0	61.0
17	51300077	15.0	49.0
17	51756494	14.0	27.0
17	52050948	22.0	38.0
17	52111827	13.0	72.0
17	52221699	8.0	51.0
17	53743777	5.0	60.0
17	54055869	5.0	65.0
17	54347540	21.0	47.0
17	55316247	21.0	35.0
17	55643997	11.0	55.0
17	57408251	6.0	26.0
17	57633678	7.0	50.0
17	58213648	8.0	20.0
17	59406685	12.0	31.0
17	63243405	5.0	49.0
17	64419274	10.0	47.0
17	64861141	5.0	31.0
17	65487223	28.0	29.0
17	65915591	5.0	34.0
17	66608505	7.0	54.0
17	67023743	8.0	40.0
17	67947374	6.0	45.0
17	69337938	10.0	71.0
17	70067502	6.0	77.0
17	70462468	19.0	26.0
17	77738497	8.0	16.0
17	79048577	7.0	49.0
17	79056312	16.0	24.0
17	79259344	19.0	31.0
17	80362564	4.0	35.0
18	275462	13.0	39.0
18	1927105	7.0	46.0
18	2090355	12.0	43.0
18	3152765	8.0	57.0
18	5086322	5.0	33.0
18	5091257	4.0	28.0
18	5384610	10.0	18.0
18	5486372	10.0	48.0
18	5553637	5.0	54.0
18	5821885	14.0	52.0
18	5825050	4.0	56.0
18	6412800	4.0	54.0
18	6491362	10.0	37.0
18	6652538	8.0	52.0
18	6677685	6.0	52.0
18	7122812	8.0	44.0
18	7405675	4.0	49.0
18	7597749	13.0	41.0
18	8279832	14.0	36.0
18	8675967	4.0	43.0
18	10614305	12.0	70.0
18	12075322	10.0	48.0
18	13160824	9.0	28.0
18	18723449	3.0	25.0
18	18805081	13.0	34.0
18	20163885	4.0	47.0
18	20677027	10.0	28.0
18	21765617	7.0	25.0
18	22021449	5.0	62.0
18	22728845	20.0	48.0
18	23196259	9.0	50.0
18	23218640	4.0	69.0
18	23322565	11.0	44.0
18	23738801	4.0	45.0
18	24940092	6.0	46.0
18	25207841	13.0	40.0
18	27219227	8.0	41.0
18	27587844	8.0	26.0
18	28014681	5.0	45.0
18	28390977	15.0	42.0
18	29690614	13.0	37.0
18	29845013	7.0	24.0
18	30116914	4.0	52.0
18	30412171	5.0	37.0
18	31428922	15.0	51.0
18	31681021	6.0	43.0
18	32765324	4.0	36.0
18	32955772	7.0	22.0
18	34842859	4.0	30.0
18	35832814	4.0	56.0
18	35960122	4.0	42.0
18	36067946	10.0	39.0
18	36664852	3.0	34.0
18	37081582	4.0	36.0
18	37822606	12.0	27.0
18	38087529	4.0	52.0
18	38311820	13.0	39.0
18	38422493	5.0	58.0
18	38606328	8.0	44.0
18	38784703	9.0	24.0
18	39008312	5.0	28.0
18	39008313	5.0	28.0
18	39204497	5.0	44.0
18	39236000	8.0	43.0
18	39722027	7.0	17.0
18	40063749	4.0	34.0
18	40490780	12.0	51.0
18	40697588	3.0	41.0
18	40697597	3.0	43.0
18	40802015	5.0	34.0
18	41367289	12.0	54.0
18	41832605	6.0	60.0
18	42822645	16.0	22.0
18	43543319	7.0	52.0
18	45052132	13.0	36.0
18	47121840	8.0	38.0
18	47969379	5.0	44.0
18	48677816	4.0	18.0
18	49400869	10.0	48.0
18	50018078	3.0	39.0
18	50729792	14.0	21.0
18	50897335	8.0	34.0
18	51179351	6.0	42.0
18	52537703	7.0	40.0
18	53087584	16.0	32.0
18	54666186	15.0	35.0
18	54861264	3.0	41.0
18	56721048	4.0	38.0
18	57500298	20.0	65.0
18	57760198	8.0	24.0
18	58192762	8.0	45.0
18	60718761	14.0	33.0
18	62004308	8.0	36.0
18	62157288	5.0	29.0
18	62729881	9.0	22.0
18	62824207	16.0	38.0
18	63161164	10.0	40.0
18	63509493	9.0	41.0
18	63744490	9.0	37.0
18	63924056	11.0	42.0
18	64886898	4.0	44.0
18	65264291	5.0	40.0
18	65430021	8.0	43.0
18	65534606	4.0	45.0
18	66167470	11.0	51.0
18	66260455	9.0	31.0
18	66584465	4.0	45.0
18	66651484	8.0	25.0
18	66722548	6.0	46.0
18	66836363	4.0	47.0
18	66896345	4.0	51.0
18	67184197	11.0	46.0
18	67326469	4.0	30.0
18	68363966	13.0	51.0
18	69477021	12.0	29.0
18	69891584	12.0	38.0
18	70716166	6.0	39.0
18	73301437	13.0	27.0
18	73349673	15.0	38.0
18	73574350	5.0	40.0
18	74615013	5.0	38.0
18	75789014	9.0	38.0
18	75790847	7.0	24.0
18	75820233	4.0	28.0
18	75935479	12.0	35.0
18	75979000	6.0	44.0
18	76289814	8.0	39.0
18	76609477	1.0	32.0
18	76936268	8.0	51.0
18	77432460	7.0	39.0
19	946058	3.0	10.0
19	1078776	15.0	15.0
19	1099407	9.0	24.0
19	3959123	3.0	29.0
19	5576156	9.0	26.0
19	7243204	11.0	25.0
19	7530234	9.0	38.0
19	9119889	8.0	33.0
19	9577562	6.0	51.0
19	13332870	3.0	18.0
19	13564228	10.0	58.0
19	13820578	4.0	16.0
19	15370711	9.0	33.0
19	16053675	4.0	39.0
19	16712326	6.0	34.0
19	20653049	6.0	41.0
19	20907196	5.0	51.0
19	20981546	7.0	29.0
19	21184104	5.0	47.0
19	21423239	9.0	39.0
19	21638260	15.0	32.0
19	23329014	4.0	53.0
19	23462683	7.0	28.0
19	24490910	6.0	19.0
19	28794821	16.0	33.0
19	29552403	12.0	47.0
19	29917544	4.0	66.0
19	30443573	15.0	46.0
19	30736000	7.0	49.0
19	31095098	9.0	42.0
19	32212247	12.0	37.0
19	33015318	5.0	61.0
19	34042106	11.0	42.0
19	34176314	5.0	22.0
19	35359839	20.0	45.0
19	36678200	10.0	38.0
19	37742641	14.0	45.0
19	38000751	13.0	32.0
19	38283090	5.0	51.0
19	38468453	5.0	47.0
19	40111329	20.0	53.0
19	42102858	4.0	56.0
19	42102867	4.0	47.0
19	42102873	5.0	50.0
19	42955006	18.0	56.0
19	43524191	6.0	25.0
19	44083502	8.0	54.0
19	45475394	11.0	41.0
19	46055704	5.0	41.0
19	46805955	8.0	37.0
19	49004808	6.0	22.0
19	49026830	5.0	37.0
19	51655774	10.0	33.0
19	53272168	12.0	47.0
19	53970193	5.0	27.0
19	55148142	4.0	26.0
19	55414326	6.0	38.0
19	56512134	3.0	21.0
19	56981870	4.0	50.0
19	57034652	6.0	36.0
19	57977181	11.0	57.0
19	58109550	12.0	37.0
19	58145559	13.0	53.0
19	58539806	6.0	40.0
19	59016949	11.0	32.0
2	864756	5.0	28.0
2	1254673	19.0	48.0
2	1448388	14.0	50.0
2	1697469	21.0	42.0
2	1962991	10.0	53.0
2	2518043	6.0	83.0
2	2570143	6.0	37.0
2	2804030	9.0	20.0
2	3838955	5.0	49.0
2	4094469	14.0	41.0
2	4970392	19.0	38.0
2	5278854	22.0	46.0
2	5474281	6.0	56.0
2	5579987	19.0	46.0
2	6374810	25.0	37.0
2	7018597	5.0	58.0
2	7598818	25.0	35.0
2	7678042	19.0	26.0
2	7764966	6.0	63.0
2	8002391	6.0	67.0
2	8945049	21.0	21.0
2	9970475	4.0	44.0
2	10611004	29.0	46.0
2	14405718	7.0	22.0
2	14452545	6.0	70.0
2	15590380	20.0	46.0
2	16090256	5.0	59.0
2	16835296	15.0	29.0
2	17863394	11.0	37.0
2	18846916	4.0	40.0
2	19653223	4.0	52.0
2	20351662	3.0	18.0
2	21682211	12.0	33.0
2	22533634	5.0	45.0
2	22686250	6.0	79.0
2	24313413	3.0	24.0
2	26280910	18.0	42.0
2	26747814	5.0	41.0
2	28038838	7.0	59.0
2	28438721	15.0	36.0
2	30433383	13.0	34.0
2	30454602	4.0	26.0
2	30646280	22.0	27.0
2	31645340	23.0	34.0
2	32575975	10.0	22.0
2	36673354	20.0	54.0
2	38407096	6.0	67.0
2	38761666	4.0	42.0
2	39803975	7.0	54.0
2	40790997	12.0	26.0
2	40973919	14.0	23.0
2	41224035	26.0	34.0
2	41841489	4.0	71.0
2	41939799	7.0	52.0
2	43609795	29.0	42.0
2	44037125	5.0	44.0
2	49291826	6.0	58.0
2	49716964	6.0	50.0
2	50239918	4.0	60.0
2	50427310	5.0	67.0
2	50639965	5.0	58.0
2	51062696	18.0	39.0
2	52355336	7.0	48.0
2	53077122	7.0	38.0
2	53266156	7.0	50.0
2	54374927	16.0	36.0
2	54574590	17.0	43.0
2	54761157	4.0	70.0
2	54981413	14.0	23.0
2	56316698	15.0	31.0
2	56822739	25.0	38.0
2	57128845	24.0	35.0
2	57265185	13.0	35.0
2	57479573	6.0	51.0
2	57665537	3.0	37.0
2	59153845	10.0	32.0
2	59304714	29.0	50.0
2	63437891	4.0	43.0
2	63459712	13.0	35.0
2	65196253	7.0	46.0
2	67177478	6.0	48.0
2	68900776	7.0	53.0
2	69165156	9.0	54.0
2	72061378	10.0	38.0
2	74322965	6.0	54.0
2	76272451	13.0	39.0
2	77398061	6.0	43.0
2	77476560	4.0	63.0
2	77505358	19.0	33.0
2	77651762	7.0	55.0
2	79074106	5.0	43.0
2	79547341	10.0	31.0
2	81134887	17.0	35.0
2	81438120	2.0	54.0
2	82533241	4.0	44.0
2	82838178	17.0	32.0
2	83846576	5.0	62.0
2	83857053	5.0	46.0
2	84304796	6.0	67.0
2	84986434	6.0	37.0
2	86005989	17.0	35.0
2	88305684	12.0	66.0
2	88672526	3.0	34.0
2	90158395	20.0	26.0
2	97400700	25.0	39.0
2	98089665	13.0	48.0
2	98678945	4.0	55.0
2	99382672	16.0	33.0
2	99453103	6.0	63.0
2	100201649	7.0	66.0
2	103511970	19.0	26.0
2	103838909	27.0	46.0
2	105303494	19.0	36.0
2	106008917	5.0	47.0
2	107794259	21.0	42.0
2	108144236	16.0	41.0
2	108967781	25.0	35.0
2	112516452	9.0	71.0
2	114462248	9.0	26.0
2	115137194	4.0	54.0
2	115793346	19.0	32.0
2	115829233	20.0	31.0
2	116303609	5.0	71.0
2	116543382	4.0	42.0
2	116915905	6.0	61.0
2	117028896	16.0	24.0
2	117105901	4.0	35.0
2	118847351	8.0	62.0
2	119175801	4.0	48.0
2	120180314	9.0	48.0
2	120575621	21.0	38.0
2	120670655	4.0	54.0
2	122514071	21.0	44.0
2	123126863	3.0	58.0
2	124243855	24.0	39.0
2	124752767	23.0	38.0
2	128897115	4.0	37.0
2	129403754	24.0	45.0
2	129984133	9.0	48.0
2	131148095	15.0	21.0
2	132045337	4.0	31.0
2	133415158	5.0	63.0
2	133439514	6.0	54.0
2	135159256	20.0	45.0
2	135328617	4.0	65.0
2	137627298	20.0	44.0
2	137744137	5.0	69.0
2	138416882	18.0	37.0
2	139048621	7.0	58.0
2	140829297	16.0	34.0
2	142351806	13.0	43.0
2	142725123	5.0	49.0
2	143064661	10.0	43.0
2	144409849	11.0	43.0
2	146833510	19.0	48.0
2	147087544	15.0	23.0
2	147305411	5.0	55.0
2	147383409	24.0	48.0
2	148476825	7.0	55.0
2	149062521	3.0	6.0
2	150562998	5.0	61.0
2	151552621	4.0	54.0
2	151817000	4.0	37.0
2	153708784	4.0	47.0
2	153962633	19.0	37.0
2	154013734	5.0	62.0
2	154208208	5.0	68.0
2	154409864	16.0	29.0
2	155100894	11.0	34.0
2	155975976	5.0	74.0
2	156962512	7.0	52.0
2	159749098	6.0	73.0
2	159936101	16.0	43.0
2	160456553	5.0	43.0
2	162442432	6.0	41.0
2	164144469	29.0	30.0
2	165165574	18.0	11.0
2	165167351	5.0	67.0
2	165292283	6.0	35.0
2	167144976	14.0	26.0
2	167326465	4.0	71.0
2	167338652	25.0	36.0
2	167924657	5.0	62.0
2	168328199	23.0	38.0
2	168437322	4.0	39.0
2	170371362	13.0	43.0
2	172935765	6.0	44.0
2	174696099	14.0	27.0
2	174696100	13.0	27.0
2	174821272	6.0	63.0
2	176001515	14.0	47.0
2	176956193	4.0	48.0
2	178100445	13.0	37.0
2	179740855	4.0	55.0
2	181072852	4.0	65.0
2	181517329	14.0	56.0
2	182224987	15.0	30.0
2	182424004	12.0	34.0
2	182918150	9.0	23.0
2	184534591	30.0	29.0
2	185886780	5.0	48.0
2	187709938	7.0	25.0
2	188249712	27.0	47.0
2	189073087	24.0	56.0
2	192792489	24.0	49.0
2	193443539	18.0	34.0
2	195080982	17.0	37.0
2	195767303	4.0	55.0
2	200057741	4.0	46.0
2	200582777	4.0	45.0
2	200839279	11.0	80.0
2	204354151	4.0	44.0
2	204759413	5.0	39.0
2	205910712	4.0	36.0
2	206725872	5.0	49.0
2	206803904	8.0	56.0
2	208108337	16.0	43.0
2	208321201	5.0	42.0
2	209226276	6.0	55.0
2	209550439	17.0	40.0
2	211303427	9.0	49.0
2	211659996	19.0	30.0
2	212393669	16.0	29.0
2	212569655	11.0	34.0
2	212709394	22.0	46.0
2	212880881	9.0	29.0
2	212886777	25.0	43.0
2	213372425	24.0	39.0
2	215371023	4.0	46.0
2	217166848	18.0	37.0
2	217180061	24.0	27.0
2	217512274	12.0	32.0
2	217872182	4.0	48.0
2	218940355	15.0	27.0
2	221363309	5.0	58.0
2	222089243	5.0	67.0
2	224114560	5.0	47.0
2	224746419	5.0	57.0
2	224961161	14.0	20.0
2	225475872	6.0	46.0
2	231453818	11.0	35.0
2	231809029	11.0	32.0
2	231945880	16.0	22.0
2	231981768	19.0	46.0
2	234378506	22.0	32.0
2	234439707	6.0	55.0
2	235450750	21.0	30.0
2	236164174	11.0	17.0
2	236898475	5.0	46.0
2	237944213	21.0	35.0
2	238426236	6.0	34.0
2	239043260	5.0	53.0
2	240885882	4.0	45.0
2	241145309	5.0	50.0
2	241201710	4.0	40.0
2	241752837	8.0	9.0
2	242364218	4.0	63.0
20	971604	5.0	56.0
20	1228539	5.0	49.0
20	1339723	10.0	16.0
20	3511833	10.0	49.0
20	4871797	7.0	22.0
20	5330603	4.0	64.0
20	7022691	7.0	39.0
20	9228079	11.0	51.0
20	9810949	11.0	42.0
20	10210215	4.0	47.0
20	12977049	14.0	54.0
20	14774013	16.0	53.0
20	15219761	9.0	33.0
20	15749502	7.0	26.0
20	17095462	11.0	28.0
20	17653814	16.0	31.0
20	18043474	7.0	36.0
20	19853192	10.0	25.0
20	20099745	9.0	39.0
20	20237332	4.0	51.0
20	20864327	4.0	47.0
20	21256842	4.0	43.0
20	21399871	4.0	15.0
20	22388515	13.0	43.0
20	23634576	4.0	49.0
20	23836764	4.0	41.0
20	24194023	4.0	48.0
20	24198802	15.0	65.0
20	24198803	15.0	64.0
20	24755171	15.0	42.0
20	25524316	11.0	46.0
20	29956157	10.0	45.0
20	30590262	11.0	40.0
20	31496776	5.0	43.0
20	31539320	8.0	46.0
20	32250107	5.0	30.0
20	32958702	5.0	33.0
20	33839000	9.0	42.0
20	35013436	5.0	39.0
20	35017368	4.0	52.0
20	35242605	15.0	30.0
20	36935441	5.0	26.0
20	37954012	7.0	58.0
20	38008919	7.0	39.0
20	38529035	8.0	35.0
20	38746497	6.0	56.0
20	40824957	4.0	56.0
20	40891632	7.0	59.0
20	41195206	9.0	36.0
20	41303183	6.0	39.0
20	41309264	10.0	45.0
20	42355178	13.0	41.0
20	47735710	13.0	31.0
20	48055897	9.0	17.0
20	48145797	12.0	40.0
20	49804283	8.0	39.0
20	50013619	3.0	30.0
20	52008988	16.0	44.0
20	52961503	5.0	43.0
20	53395294	12.0	45.0
20	54466410	10.0	50.0
20	54485626	13.0	43.0
20	55022198	9.0	37.0
20	58286741	12.0	35.0
20	58329497	7.0	31.0
20	59007522	5.0	48.0
20	59276911	5.0	37.0
20	59388303	8.0	31.0
20	59534355	15.0	35.0
20	59539797	5.0	57.0
20	60025579	6.0	65.0
20	60029694	13.0	37.0
20	61190445	8.0	30.0
21	10730741	13.0	97.0
21	14355404	9.0	58.0
21	16115493	13.0	41.0
21	17503770	11.0	60.0
21	18150506	5.0	59.0
21	19153968	19.0	44.0
21	20045362	14.0	33.0
21	20086843	5.0	36.0
21	20138130	6.0	56.0
21	20338893	10.0	23.0
21	20346422	5.0	42.0
21	20432554	4.0	50.0
21	21041491	11.0	46.0
21	21878785	7.0	24.0
21	22015260	5.0	45.0
21	22190536	16.0	35.0
21	22839895	11.0	15.0
21	22900407	4.0	64.0
21	23067741	4.0	48.0
21	23241279	6.0	62.0
21	23290306	10.0	35.0
21	23427685	4.0	34.0
21	23457912	8.0	40.0
21	23653263	16.0	35.0
21	23712804	8.0	38.0
21	23840642	3.0	28.0
21	24248388	14.0	46.0
21	24335269	10.0	34.0
21	24503336	11.0	40.0
21	24903282	8.0	42.0
21	25117304	8.0	31.0
21	25202670	12.0	49.0
21	25654428	14.0	32.0
21	26062776	16.0	30.0
21	26241339	8.0	24.0
21	27344897	12.0	27.0
21	28107176	11.0	40.0
21	28643327	4.0	48.0
21	28681871	9.0	36.0
21	28774596	7.0	46.0
21	31177564	13.0	57.0
21	31434515	7.0	19.0
21	32024854	5.0	30.0
21	32097082	4.0	44.0
21	33356794	3.0	46.0
21	34761120	13.0	36.0
21	35683212	6.0	52.0
21	36668939	4.0	53.0
21	36768197	16.0	35.0
21	37278672	13.0	50.0
21	39551819	15.0	38.0
21	39911030	10.0	65.0
21	41424315	4.0	64.0
21	41981410	17.0	40.0
21	42566127	7.0	53.0
21	42637953	11.0	44.0
21	42670935	12.0	47.0
21	42800531	9.0	59.0
21	44218391	4.0	19.0
21	44433227	15.0	51.0
22	17308989	9.0	43.0
22	17925436	10.0	37.0
22	19544747	10.0	31.0
22	19642092	4.0	19.0
22	20971843	16.0	40.0
22	23525553	11.0	31.0
22	25951389	5.0	44.0
22	28138190	13.0	39.0
22	28272244	4.0	45.0
22	28823774	4.0	33.0
22	30088306	10.0	25.0
22	33225407	3.0	32.0
22	33931726	6.0	33.0
22	33960420	6.0	38.0
22	34634849	10.0	41.0
22	34660098	6.0	66.0
22	35098556	14.0	43.0
22	35321909	11.0	26.0
22	36964699	4.0	18.0
22	38747801	15.0	31.0
22	42840685	5.0	36.0
22	43543599	3.0	18.0
22	43858261	8.0	52.0
22	43876401	6.0	48.0
22	46614212	4.0	35.0
22	47899736	5.0	37.0
22	48008302	8.0	30.0
22	48679190	7.0	36.0
22	48727690	5.0	22.0
22	49533149	6.0	50.0
22	50528243	4.0	5.0
22	50964209	6.0	23.0
3	276487	4.0	38.0
3	317199	5.0	31.0
3	360943	11.0	35.0
3	674443	7.0	33.0
3	1090820	6.0	34.0
3	1943385	10.0	31.0
3	2082726	9.0	52.0
3	2115764	4.0	53.0
3	2908423	4.0	54.0
3	4277402	7.0	53.0
3	5433502	4.0	46.0
3	5964943	8.0	62.0
3	5979830	6.0	54.0
3	6816672	13.0	34.0
3	7898452	5.0	52.0
3	8385028	12.0	29.0
3	9569992	4.0	35.0
3	10760756	8.0	29.0
3	12839938	6.0	42.0
3	14209084	4.0	58.0
3	15461537	5.0	17.0
3	16573964	7.0	52.0
3	17221960	4.0	57.0
3	17715369	7.0	40.0
3	22557228	6.0	56.0
3	23330874	16.0	44.0
3	24568920	9.0	36.0
3	24775575	5.0	58.0
3	24916628	8.0	32.0
3	25796380	17.0	23.0
3	25837133	9.0	41.0
3	26352195	4.0	43.0
3	29256794	3.0	39.0
3	31950453	14.0	41.0
3	34183151	5.0	52.0
3	34434612	10.0	41.0
3	34585074	12.0	42.0
3	35422596	6.0	47.0
3	35430381	8.0	47.0
3	35827374	6.0	34.0
3	35827375	7.0	32.0
3	37069461	11.0	49.0
3	37576931	3.0	46.0
3	38259506	13.0	44.0
3	38856321	11.0	27.0
3	41753663	6.0	40.0
3	41763633	7.0	39.0
3	44497453	4.0	53.0
3	44902418	6.0	45.0
3	45423701	5.0	36.0
3	46138515	6.0	42.0
3	49465108	6.0	30.0
3	49676798	6.0	39.0
3	49937849	6.0	24.0
3	50426676	6.0	44.0
3	51040493	14.0	48.0
3	52293625	10.0	47.0
3	52354484	9.0	36.0
3	52486456	6.0	43.0
3	52985632	5.0	37.0
3	53570882	12.0	32.0
3	53750231	4.0	31.0
3	54126019	7.0	51.0
3	55418663	8.0	38.0
3	55641800	10.0	35.0
3	56363389	6.0	38.0
3	56486118	4.0	40.0
3	58114518	5.0	52.0
3	60003393	10.0	53.0
3	61241028	4.0	48.0
3	62801335	13.0	36.0
3	63825287	4.0	26.0
3	63948560	4.0	42.0
3	64213384	8.0	48.0
3	65561769	4.0	63.0
3	65839296	9.0	35.0
3	66621706	5.0	46.0
3	66767256	4.0	42.0
3	67739941	5.0	52.0
3	71882331	9.0	38.0
3	72167951	9.0	28.0
3	75866884	10.0	26.0
3	75972657	10.0	42.0
3	76352030	4.0	40.0
3	76802186	16.0	42.0
3	77160384	4.0	45.0
3	77640276	7.0	49.0
3	77668751	4.0	44.0
3	78556555	6.0	35.0
3	78807242	4.0	45.0
3	79052825	17.0	36.0
3	79179019	5.0	16.0
3	79297001	12.0	34.0
3	79331673	12.0	49.0
3	79413736	4.0	25.0
3	79602744	10.0	55.0
3	79770205	13.0	31.0
3	79981798	6.0	58.0
3	81138641	4.0	63.0
3	82226625	14.0	39.0
3	82558397	21.0	32.0
3	82705541	12.0	40.0
3	82805463	16.0	35.0
3	84118825	7.0	35.0
3	84237457	10.0	28.0
3	84272221	6.0	58.0
3	84361330	7.0	46.0
3	84411489	9.0	36.0
3	84707522	6.0	35.0
3	84765243	7.0	74.0
3	86537448	4.0	38.0
3	86686107	6.0	50.0
3	87271799	5.0	60.0
3	88659624	15.0	34.0
3	89421100	11.0	48.0
3	89483727	9.0	17.0
3	89820138	7.0	40.0
3	94018539	17.0	36.0
3	94182320	14.0	66.0
3	94687345	6.0	56.0
3	96346359	15.0	45.0
3	96403002	2.0	48.0
3	96403005	2.0	52.0
3	96508380	11.0	35.0
3	96934951	8.0	35.0
3	97217560	4.0	46.0
3	99378554	7.0	36.0
3	100697778	5.0	55.0
3	101914736	11.0	36.0
3	102208478	13.0	16.0
3	102496668	5.0	41.0
3	102896924	5.0	42.0
3	104031976	8.0	38.0
3	104524270	7.0	51.0
3	104694427	4.0	50.0
3	104706623	7.0	38.0
3	104877050	7.0	52.0
3	105256457	5.0	50.0
3	106052641	11.0	31.0
3	106560660	6.0	37.0
3	107489274	10.0	24.0
3	111145520	16.0	36.0
3	113833052	6.0	48.0
3	114485208	4.0	34.0
3	115260735	7.0	50.0
3	116156620	7.0	40.0
3	116409783	5.0	56.0
3	116423825	7.0	33.0
3	117256814	3.0	41.0
3	117395815	8.0	57.0
3	118442435	13.0	42.0
3	118700962	2.0	38.0
3	118700963	2.0	37.0
3	122296035	7.0	38.0
3	122473201	5.0	58.0
3	123615771	4.0	32.0
3	124962217	16.0	50.0
3	125009368	8.0	43.0
3	126986018	5.0	29.0
3	127424727	10.0	49.0
3	129458831	10.0	64.0
3	129625391	4.0	56.0
3	129967528	4.0	46.0
3	129967529	4.0	46.0
3	131690173	3.0	58.0
3	131943189	1.0	44.0
3	133375843	7.0	29.0
3	135073142	4.0	47.0
3	135082946	5.0	47.0
3	135668971	4.0	33.0
3	136753233	2.0	21.0
3	138234948	9.0	48.0
3	140063945	13.0	38.0
3	142654140	4.0	35.0
3	142766761	2.0	17.0
3	143683591	2.0	30.0
3	144245812	9.0	44.0
3	144801571	6.0	40.0
3	145026651	9.0	34.0
3	145206378	11.0	43.0
3	146391920	13.0	32.0
3	146430897	9.0	61.0
3	147535258	6.0	46.0
3	147535259	6.0	45.0
3	147919904	5.0	68.0
3	149569311	15.0	66.0
3	151417802	3.0	40.0
3	151716838	5.0	65.0
3	152334538	11.0	43.0
3	153409075	5.0	43.0
3	153435376	7.0	33.0
3	154370102	5.0	43.0
3	155098139	7.0	19.0
3	155428157	4.0	40.0
3	157293825	12.0	58.0
3	157293826	12.0	58.0
3	157924234	5.0	45.0
3	157992459	7.0	50.0
3	158349603	5.0	36.0
3	158812170	9.0	40.0
3	159006679	7.0	43.0
3	159178502	13.0	54.0
3	160461176	12.0	49.0
3	161781896	13.0	44.0
3	162888156	11.0	45.0
3	162910300	13.0	44.0
3	163112323	7.0	35.0
3	163237945	11.0	15.0
3	163527845	13.0	41.0
3	163545244	10.0	68.0
3	163632076	6.0	35.0
3	163789821	3.0	29.0
3	163913550	14.0	42.0
3	165173689	6.0	40.0
3	165201988	5.0	43.0
3	165320914	8.0	22.0
3	165523256	6.0	49.0
3	166130716	7.0	22.0
3	167130240	9.0	38.0
3	167359435	17.0	44.0
3	167588141	12.0	41.0
3	168226616	14.0	34.0
3	168280720	10.0	54.0
3	168842651	7.0	34.0
3	169407189	5.0	40.0
3	169829203	5.0	32.0
3	169988031	5.0	44.0
3	170118994	11.0	32.0
3	171427779	7.0	41.0
3	172130959	4.0	38.0
3	172450702	4.0	59.0
3	173537389	4.0	35.0
3	174219231	8.0	34.0
3	175533766	4.0	41.0
3	175915046	9.0	25.0
3	178548663	4.0	42.0
3	179454322	4.0	44.0
3	179695120	12.0	37.0
3	180133339	10.0	48.0
3	180624510	4.0	20.0
3	182470099	9.0	36.0
3	183710397	5.0	31.0
3	183878276	7.0	35.0
3	184670096	5.0	49.0
3	186841060	15.0	44.0
3	187100440	10.0	52.0
3	187721029	10.0	46.0
3	187832527	12.0	41.0
3	194788823	5.0	42.0
3	196202389	9.0	33.0
3	197801763	4.0	56.0
4	1176267	9.0	34.0
4	1480647	6.0	37.0
4	4331660	6.0	39.0
4	5153035	4.0	35.0
4	5365252	5.0	31.0
4	5462976	8.0	30.0
4	5581623	8.0	48.0
4	5748871	8.0	33.0
4	6800416	6.0	34.0
4	7873966	5.0	64.0
4	9582296	3.0	43.0
4	9797504	5.0	46.0
4	11827695	10.0	46.0
4	12702204	4.0	49.0
4	14402891	4.0	39.0
4	14623063	7.0	46.0
4	15539204	6.0	44.0
4	17758323	4.0	33.0
4	18398113	9.0	41.0
4	21130161	9.0	38.0
4	21966656	13.0	40.0
4	22410532	16.0	43.0
4	23846773	4.0	29.0
4	27431749	9.0	35.0
4	28075470	6.0	36.0
4	28162398	9.0	26.0
4	28190520	4.0	48.0
4	28308884	14.0	40.0
4	28413128	10.0	47.0
4	28711197	6.0	38.0
4	28750011	13.0	43.0
4	28908620	7.0	52.0
4	29158359	11.0	42.0
4	29454382	7.0	48.0
4	29553560	15.0	42.0
4	30265756	7.0	36.0
4	30318787	5.0	37.0
4	31498941	9.0	52.0
4	31500862	4.0	41.0
4	31754206	4.0	40.0
4	31940909	6.0	44.0
4	32350259	5.0	41.0
4	33314592	10.0	40.0
4	33314684	11.0	37.0
4	33374740	4.0	40.0
4	34573519	5.0	44.0
4	34770886	5.0	24.0
4	36489652	1.0	28.0
4	37476640	4.0	43.0
4	37859627	8.0	44.0
4	41364029	8.0	27.0
4	41923278	5.0	53.0
4	43009935	9.0	32.0
4	43272544	6.0	34.0
4	43339155	9.0	51.0
4	43657183	7.0	29.0
4	43671600	9.0	35.0
4	44903226	5.0	33.0
4	45042204	6.0	32.0
4	46112967	8.0	42.0
4	46209512	6.0	63.0
4	46553033	6.0	32.0
4	46822597	4.0	29.0
4	47639032	10.0	42.0
4	47780074	13.0	37.0
4	53395105	7.0	34.0
4	57002935	10.0	44.0
4	57314520	6.0	41.0
4	57474761	7.0	46.0
4	57765133	11.0	29.0
4	58455060	3.0	15.0
4	58476118	4.0	44.0
4	58584760	5.0	32.0
4	59087209	7.0	39.0
4	59118829	5.0	23.0
4	59301799	7.0	46.0
4	59972455	6.0	61.0
4	60477318	3.0	35.0
4	60887264	5.0	52.0
4	61129674	15.0	63.0
4	61541462	7.0	39.0
4	62970110	13.0	35.0
4	63111426	5.0	37.0
4	63223198	10.0	42.0
4	63652767	6.0	48.0
4	63854837	9.0	30.0
4	64447202	4.0	37.0
4	65121439	6.0	51.0
4	65203556	10.0	48.0
4	65780571	4.0	45.0
4	65965172	12.0	37.0
4	65979405	5.0	46.0
4	66313349	8.0	33.0
4	66927758	6.0	48.0
4	66930975	10.0	37.0
4	67358034	13.0	38.0
4	69153414	9.0	36.0
4	69865045	6.0	33.0
4	71093513	17.0	35.0
4	74736246	8.0	41.0
4	75770996	6.0	41.0
4	76288062	8.0	42.0
4	77129906	4.0	55.0
4	81636802	14.0	48.0
4	81708356	4.0	31.0
4	81923300	4.0	42.0
4	82557031	2.0	28.0
4	82841717	5.0	43.0
4	85235244	6.0	29.0
4	85899854	7.0	56.0
4	86969850	7.0	39.0
4	87176675	7.0	35.0
4	88201944	7.0	31.0
4	89272290	11.0	48.0
4	89680826	7.0	57.0
4	89760367	6.0	31.0
4	90672207	5.0	44.0
4	93036066	4.0	36.0
4	93580816	13.0	47.0
4	93814935	5.0	55.0
4	94150127	9.0	34.0
4	94444749	7.0	38.0
4	94536061	7.0	33.0
4	94781607	4.0	47.0
4	95460599	7.0	61.0
4	96783890	11.0	49.0
4	96916174	6.0	24.0
4	97152062	4.0	48.0
4	97397888	4.0	48.0
4	97397889	4.0	48.0
4	97550112	3.0	33.0
4	97554095	4.0	52.0
4	98005288	7.0	31.0
4	99079721	11.0	41.0
4	101805992	7.0	32.0
4	102502015	4.0	45.0
4	102677846	10.0	52.0
4	102692052	4.0	70.0
4	104994376	4.0	47.0
4	105097516	6.0	34.0
4	106064257	3.0	21.0
4	106581018	5.0	31.0
4	108167176	5.0	33.0
4	108251308	5.0	27.0
4	109431532	5.0	31.0
4	109656439	6.0	38.0
4	109907823	13.0	36.0
4	109970708	6.0	34.0
4	110609431	5.0	38.0
4	111759024	7.0	45.0
4	111898045	9.0	37.0
4	112102164	4.0	36.0
4	112227302	5.0	34.0
4	112286345	4.0	56.0
4	112356429	6.0	28.0
4	113060589	4.0	38.0
4	115563074	8.0	43.0
4	116041432	3.0	43.0
4	116649764	6.0	34.0
4	116841180	4.0	37.0
4	117113988	8.0	32.0
4	117982151	11.0	38.0
4	118399591	4.0	43.0
4	118692736	11.0	24.0
4	119026562	7.0	41.0
4	119231372	4.0	49.0
4	121403534	7.0	49.0
4	121571143	6.0	57.0
4	122928127	5.0	44.0
4	123974194	7.0	48.0
4	124900396	4.0	44.0
4	125824472	7.0	42.0
4	125990583	5.0	53.0
4	126045096	12.0	38.0
4	126391923	14.0	66.0
4	126997351	8.0	47.0
4	128021900	5.0	50.0
4	129588245	7.0	25.0
4	129710114	7.0	49.0
4	129838226	10.0	51.0
4	130252192	8.0	41.0
4	130766631	5.0	45.0
4	131453143	4.0	30.0
4	131503725	4.0	40.0
4	133071072	7.0	35.0
4	133273463	6.0	43.0
4	133511770	6.0	36.0
4	133650571	4.0	37.0
4	133855348	17.0	56.0
4	134734130	12.0	41.0
4	135144917	5.0	43.0
4	135364547	10.0	44.0
4	135677186	7.0	40.0
4	135810981	6.0	31.0
4	136095350	5.0	46.0
4	137147483	11.0	49.0
4	138151453	7.0	22.0
4	138221679	11.0	32.0
4	139925546	9.0	47.0
4	140819100	10.0	34.0
4	141067484	3.0	32.0
4	142187467	10.0	27.0
4	144956663	4.0	43.0
4	145489209	8.0	49.0
4	145568696	5.0	40.0
4	145597598	11.0	55.0
4	146143500	5.0	50.0
4	146271807	12.0	54.0
4	146470723	8.0	49.0
4	146673191	9.0	58.0
4	146980082	9.0	44.0
4	147417868	5.0	50.0
4	147903466	13.0	44.0
4	148223778	6.0	38.0
4	149365850	6.0	34.0
4	150105417	6.0	42.0
4	150183101	7.0	28.0
4	150911242	3.0	30.0
4	151506751	10.0	52.0
4	151879081	8.0	45.0
4	152559363	9.0	33.0
4	152820854	3.0	55.0
4	153513976	8.0	71.0
4	153583033	4.0	43.0
4	153969524	7.0	50.0
4	154986346	9.0	45.0
4	157058876	13.0	47.0
4	159722755	18.0	54.0
4	160485070	5.0	32.0
4	160606276	10.0	48.0
4	160939008	8.0	38.0
4	161255201	7.0	27.0
4	162237209	4.0	59.0
4	163347575	7.0	26.0
4	163832980	6.0	39.0
4	164103199	15.0	56.0
4	164931552	4.0	31.0
4	165076203	9.0	41.0
4	165281529	8.0	38.0
4	166639398	10.0	30.0
4	167064712	8.0	42.0
4	167562441	3.0	28.0
4	167729470	7.0	35.0
4	167925486	4.0	50.0
4	168114013	7.0	38.0
4	168233544	7.0	35.0
4	168388828	5.0	31.0
4	168571577	8.0	44.0
4	168946443	6.0	31.0
4	171680301	6.0	30.0
4	171727705	4.0	41.0
4	171827816	9.0	36.0
4	172344384	7.0	51.0
4	172344441	6.0	38.0
4	172628394	4.0	30.0
4	172725314	14.0	46.0
4	172967608	7.0	34.0
4	173119113	8.0	33.0
4	174058415	6.0	54.0
4	175179763	4.0	36.0
4	176131113	11.0	42.0
4	176747830	11.0	31.0
4	176902901	10.0	39.0
4	177426350	8.0	36.0
4	177524456	10.0	45.0
4	177590941	5.0	25.0
4	178118813	5.0	41.0
4	178957007	6.0	34.0
4	179541388	10.0	50.0
4	180641214	7.0	45.0
4	181028413	8.0	49.0
4	181338854	6.0	38.0
4	181766170	9.0	53.0
4	182099632	13.0	36.0
4	183397229	4.0	49.0
4	183769006	6.0	47.0
4	183864900	4.0	35.0
4	183864922	4.0	27.0
4	184161683	16.0	41.0
4	185070451	6.0	52.0
4	185340430	5.0	43.0
4	185617122	6.0	37.0
4	185849009	6.0	38.0
4	186035366	5.0	47.0
4	186056790	10.0	37.0
4	186093146	5.0	38.0
4	188602338	4.0	45.0
4	189090748	8.0	33.0
4	189209340	14.0	46.0
4	189655088	8.0	31.0
4	190362764	9.0	48.0
4	190632119	5.0	43.0
5	466363	6.0	22.0
5	1563566	6.0	42.0
5	1738545	5.0	46.0
5	1881781	9.0	14.0
5	2757328	11.0	33.0
5	2778139	14.0	26.0
5	2832744	4.0	45.0
5	2902388	8.0	39.0
5	2939781	8.0	48.0
5	2948156	4.0	57.0
5	3393153	5.0	22.0
5	3572133	6.0	43.0
5	3814571	14.0	38.0
5	3839003	6.0	35.0
5	3871274	7.0	49.0
5	4368470	7.0	29.0
5	4638941	7.0	53.0
5	6084945	5.0	43.0
5	8944294	8.0	45.0
5	11732487	5.0	51.0
5	12771155	12.0	31.0
5	13134016	6.0	42.0
5	13370328	17.0	40.0
5	13412205	6.0	42.0
5	14475178	5.0	61.0
5	15749510	6.0	40.0
5	17160620	12.0	48.0
5	18340157	4.0	37.0
5	20489547	14.0	43.0
5	20554908	11.0	42.0
5	21065663	10.0	17.0
5	21415355	7.0	44.0
5	21464296	6.0	21.0
5	22995266	9.0	32.0
5	23286332	5.0	44.0
5	23821711	9.0	47.0
5	24385176	4.0	45.0
5	24824917	14.0	31.0
5	24904200	3.0	14.0
5	25516199	21.0	48.0
5	25955717	18.0	37.0
5	25999009	6.0	47.0
5	26018012	6.0	22.0
5	26068636	15.0	31.0
5	26424706	5.0	57.0
5	26424707	5.0	58.0
5	27310553	9.0	30.0
5	27666417	17.0	28.0
5	28086644	4.0	29.0
5	28717513	4.0	42.0
5	29109614	10.0	44.0
5	29109915	12.0	37.0
5	29128068	7.0	42.0
5	29402070	10.0	26.0
5	29445490	5.0	41.0
5	29738527	13.0	25.0
5	29855652	15.0	18.0
5	30748686	7.0	56.0
5	31256454	4.0	38.0
5	31924757	4.0	60.0
5	32140398	8.0	47.0
5	36494733	4.0	38.0
5	36498449	16.0	44.0
5	36810260	4.0	64.0
5	37826027	4.0	40.0
5	38093640	10.0	51.0
5	38777857	10.0	22.0
5	39202825	12.0	31.0
5	40570196	15.0	35.0
5	41518123	5.0	40.0
5	42045946	18.0	53.0
5	42246582	5.0	49.0
5	42262526	8.0	39.0
5	42400695	14.0	39.0
5	42854966	9.0	47.0
5	43401276	15.0	47.0
5	43985796	5.0	62.0
5	45404361	11.0	32.0
5	45492829	11.0	29.0
5	46210639	6.0	54.0
5	49463198	9.0	33.0
5	50449746	4.0	44.0
5	50825444	9.0	51.0
5	51512351	10.0	48.0
5	51564479	4.0	38.0
5	53052386	4.0	45.0
5	53894761	4.0	62.0
5	57182190	4.0	34.0
5	57472493	4.0	29.0
5	57964778	9.0	39.0
5	57986219	5.0	40.0
5	58578423	5.0	20.0
5	59232294	10.0	46.0
5	59374626	21.0	42.0
5	59613776	9.0	48.0
5	60870029	12.0	52.0
5	61183151	9.0	52.0
5	62170645	9.0	45.0
5	62325238	4.0	44.0
5	62416604	10.0	46.0
5	63156541	8.0	40.0
5	66717716	4.0	45.0
5	73063999	14.0	60.0
5	73724129	7.0	33.0
5	73780154	7.0	21.0
5	74900591	6.0	50.0
5	75351319	8.0	50.0
5	75389146	4.0	28.0
5	75730438	14.0	57.0
5	76994962	7.0	51.0
5	81369142	18.0	47.0
5	82603406	7.0	43.0
5	82927164	8.0	46.0
5	83220506	12.0	55.0
5	83295758	8.0	32.0
5	83990822	11.0	44.0
5	84333445	10.0	33.0
5	84806301	5.0	58.0
5	85092609	14.0	29.0
5	86895870	6.0	50.0
5	88272625	16.0	48.0
5	89211076	5.0	59.0
5	89824485	4.0	42.0
5	90480014	9.0	43.0
5	91700208	17.0	47.0
5	91715142	18.0	42.0
5	92821824	3.0	8.0
5	92903739	14.0	33.0
5	93042543	10.0	25.0
5	94030181	5.0	39.0
5	94416432	8.0	38.0
5	94752893	11.0	37.0
5	95244890	15.0	25.0
5	95924885	16.0	35.0
5	97766076	6.0	41.0
5	99472208	13.0	42.0
5	100447831	5.0	50.0
5	100954608	4.0	37.0
5	101014208	5.0	48.0
5	101760722	11.0	54.0
5	102038532	16.0	40.0
5	102120763	5.0	36.0
5	103107455	5.0	51.0
5	103157296	11.0	37.0
5	104217614	5.0	49.0
5	104461818	7.0	27.0
5	104564858	10.0	28.0
5	104616707	5.0	36.0
5	104616721	8.0	43.0
5	104640787	12.0	42.0
5	105311737	8.0	46.0
5	107091434	5.0	34.0
5	109128670	8.0	54.0
5	109810524	18.0	52.0
5	110343103	12.0	52.0
5	110811831	15.0	43.0
5	111461534	11.0	44.0
5	111910463	6.0	49.0
5	113073608	8.0	32.0
5	113077756	8.0	34.0
5	115509276	9.0	52.0
5	116741662	11.0	45.0
5	118271338	4.0	50.0
5	119137937	6.0	45.0
5	120182093	4.0	35.0
5	120608778	4.0	61.0
5	120621555	12.0	37.0
5	120669250	7.0	23.0
5	120718495	4.0	46.0
5	121226085	5.0	71.0
5	121433793	7.0	43.0
5	122073884	9.0	56.0
5	122245780	6.0	51.0
5	122449006	6.0	68.0
5	123222185	4.0	56.0
5	124907990	5.0	59.0
5	125877316	6.0	35.0
5	127015971	7.0	36.0
5	128612988	9.0	23.0
5	128676195	10.0	45.0
5	128803980	16.0	51.0
5	129387079	7.0	45.0
5	129440209	7.0	39.0
5	129713810	7.0	35.0
5	130206635	7.0	29.0
5	130608069	11.0	40.0
5	131151644	15.0	55.0
5	132229774	14.0	38.0
5	132244068	13.0	28.0
5	132380270	5.0	31.0
5	133819730	4.0	41.0
5	137383953	17.0	38.0
5	140265565	4.0	36.0
5	141999913	7.0	39.0
5	143952259	5.0	50.0
5	146413901	5.0	45.0
5	146623802	20.0	49.0
5	147240407	6.0	35.0
5	147549072	14.0	46.0
5	149689015	4.0	52.0
5	151559452	17.0	49.0
5	151623264	5.0	45.0
5	152781910	14.0	30.0
5	153786110	4.0	43.0
5	153849764	6.0	38.0
5	155085473	7.0	44.0
5	155088583	7.0	32.0
5	155301161	4.0	30.0
5	155536674	4.0	55.0
5	155738310	6.0	45.0
5	158402552	6.0	43.0
5	161515811	17.0	44.0
5	161746746	4.0	48.0
5	162170426	11.0	56.0
5	163280993	5.0	37.0
5	163854239	4.0	26.0
5	166898448	9.0	61.0
5	166907978	8.0	46.0
5	168958093	11.0	42.0
5	169640238	13.0	28.0
5	170158947	3.0	29.0
5	170600282	5.0	32.0
5	170641830	13.0	39.0
5	173542696	8.0	46.0
5	174513745	14.0	31.0
5	174775994	15.0	35.0
5	176725258	11.0	46.0
5	177391675	16.0	27.0
5	178041119	10.0	40.0
5	178851968	12.0	47.0
5	179066584	13.0	33.0
5	179195192	6.0	33.0
5	180005691	10.0	32.0
5	180104728	9.0	43.0
5	180407277	5.0	17.0
6	1766515	7.0	42.0
6	2283940	12.0	33.0
6	3554393	5.0	56.0
6	4531974	11.0	48.0
6	4784994	17.0	32.0
6	6083896	16.0	51.0
6	6289487	5.0	45.0
6	7027692	9.0	47.0
6	8889738	8.0	34.0
6	10280077	13.0	40.0
6	10540900	7.0	32.0
6	11302076	6.0	58.0
6	11389898	5.0	41.0
6	11793428	8.0	50.0
6	14306603	6.0	39.0
6	14560341	9.0	39.0
6	15782775	16.0	37.0
6	16204822	7.0	47.0
6	16373209	20.0	36.0
6	17131857	4.0	38.0
6	17506497	11.0	44.0
6	18889021	3.0	28.0
6	19258944	11.0	48.0
6	20803280	14.0	44.0
6	21789691	6.0	42.0
6	22717380	5.0	60.0
6	23211189	5.0	51.0
6	25057446	4.0	36.0
6	27420481	5.0	55.0
6	28757758	4.0	27.0
6	28941396	14.0	36.0
6	29526497	18.0	54.0
6	29659199	8.0	38.0
6	34617974	3.0	27.0
6	35411024	16.0	68.0
6	35495276	5.0	26.0
6	36340109	12.0	30.0
6	37304873	9.0	40.0
6	37557264	10.0	48.0
6	37819606	9.0	49.0
6	38196576	7.0	47.0
6	38804525	5.0	54.0
6	39583910	10.0	56.0
6	39741834	8.0	41.0
6	40226124	4.0	40.0
6	41243884	17.0	33.0
6	41425158	17.0	35.0
6	44643413	26.0	51.0
6	45104124	5.0	41.0
6	45462617	10.0	52.0
6	47830263	4.0	55.0
6	47937614	5.0	46.0
6	48311957	10.0	54.0
6	49698381	4.0	68.0
6	50060242	7.0	36.0
6	50159264	6.0	60.0
6	50172065	14.0	39.0
6	51089047	4.0	72.0
6	57682878	5.0	43.0
6	58504990	3.0	16.0
6	62280420	16.0	45.0
6	62946654	4.0	48.0
6	63417596	8.0	57.0
6	65542399	8.0	35.0
6	66633552	3.0	19.0
6	67034707	9.0	42.0
6	67441430	10.0	30.0
6	68031822	4.0	33.0
6	68337274	6.0	27.0
6	68447298	9.0	27.0
6	68768379	14.0	25.0
6	69794566	9.0	37.0
6	69916383	5.0	29.0
6	70102267	6.0	28.0
6	71109215	10.0	38.0
6	73396753	11.0	30.0
6	75710111	6.0	21.0
6	78256304	5.0	32.0
6	79756413	5.0	26.0
6	80854990	5.0	45.0
6	82433322	13.0	34.0
6	82564371	8.0	34.0
6	83312960	11.0	47.0
6	84086342	4.0	23.0
6	84522384	5.0	47.0
6	85553332	15.0	48.0
6	88869439	6.0	29.0
6	88869596	4.0	35.0
6	88869786	3.0	12.0
6	89451077	8.0	32.0
6	89897296	4.0	35.0
6	91809950	8.0	31.0
6	91989571	16.0	29.0
6	92002652	9.0	29.0
6	92564514	8.0	37.0
6	93194357	12.0	27.0
6	93280251	8.0	28.0
6	93540802	9.0	22.0
6	93682285	9.0	29.0
6	94713073	9.0	31.0
6	96310167	9.0	28.0
6	96390686	6.0	34.0
6	98965126	9.0	27.0
6	102137655	5.0	50.0
6	103629594	6.0	31.0
6	103817420	6.0	25.0
6	106359678	4.0	34.0
6	108825217	9.0	46.0
6	109140476	9.0	31.0
6	109291260	5.0	44.0
6	109545605	4.0	53.0
6	110648801	10.0	55.0
6	113924225	4.0	16.0
6	114628661	12.0	54.0
6	114813463	6.0	53.0
6	115601799	6.0	55.0
6	116387063	6.0	58.0
6	116664328	13.0	46.0
6	117242996	14.0	38.0
6	117320176	12.0	42.0
6	117360638	13.0	51.0
6	118912278	11.0	50.0
6	119582356	10.0	25.0
6	120020940	4.0	35.0
6	120168255	6.0	35.0
6	120265371	11.0	48.0
6	120332532	4.0	52.0
6	120691366	11.0	45.0
6	121536866	16.0	53.0
6	122318570	6.0	49.0
6	123508350	10.0	41.0
6	123852064	11.0	43.0
6	123950122	5.0	45.0
6	124211116	5.0	54.0
6	124265474	4.0	45.0
6	124818740	10.0	40.0
6	126968332	3.0	46.0
6	127221803	12.0	38.0
6	127368952	12.0	40.0
6	129082122	6.0	46.0
6	129110214	6.0	20.0
6	129274610	11.0	39.0
6	131125036	14.0	52.0
6	131191836	11.0	52.0
6	133755194	16.0	40.0
6	134726904	13.0	53.0
6	135569248	12.0	48.0
6	137752180	5.0	33.0
6	139954870	4.0	21.0
6	140798253	17.0	60.0
6	141070091	13.0	46.0
6	141576037	10.0	26.0
6	142015998	9.0	40.0
6	143372786	3.0	39.0
6	143413811	8.0	43.0
6	146357508	12.0	37.0
6	146667724	12.0	27.0
6	148041179	5.0	34.0
6	153526746	5.0	48.0
6	153646052	4.0	38.0
6	156624363	7.0	27.0
6	158193935	5.0	44.0
6	158269176	5.0	39.0
6	158282216	19.0	30.0
6	158282257	19.0	37.0
6	159135640	14.0	38.0
6	159517790	13.0	66.0
6	161755621	21.0	39.0
6	163342191	8.0	38.0
6	163407254	5.0	45.0
6	164033173	6.0	41.0
6	164728797	8.0	48.0
6	164825836	12.0	55.0
6	165389300	10.0	41.0
6	168403081	6.0	47.0
6	169208281	6.0	64.0
6	169390378	4.0	39.0
6	169795730	6.0	45.0
6	170013336	8.0	70.0
6	170191541	10.0	36.0
7	111615	14.0	62.0
7	829715	10.0	39.0
7	1212388	12.0	38.0
7	3801392	10.0	47.0
7	3805984	6.0	66.0
7	5229430	10.0	26.0
7	6439807	21.0	48.0
7	6459043	6.0	38.0
7	7207623	18.0	50.0
7	7365011	4.0	65.0
7	8525041	10.0	53.0
7	8969539	5.0	50.0
7	9076386	12.0	64.0
7	9808206	15.0	41.0
7	10898493	10.0	69.0
7	11564187	7.0	68.0
7	12644308	9.0	36.0
7	12974722	13.0	45.0
7	14174372	13.0	41.0
7	14318370	5.0	63.0
7	15420728	22.0	54.0
7	15644350	5.0	61.0
7	15898976	5.0	56.0
7	16041970	11.0	30.0
7	16969695	9.0	73.0
7	17551368	18.0	46.0
7	17684487	12.0	22.0
7	17879753	13.0	39.0
7	18386765	17.0	60.0
7	19076419	6.0	51.0
7	19425710	11.0	44.0
7	19596700	8.0	58.0
7	20341594	15.0	38.0
7	21630690	9.0	32.0
7	22850195	22.0	63.0
7	24333840	5.0	58.0
7	27751284	11.0	41.0
7	30310363	13.0	52.0
7	31162538	20.0	51.0
7	31256369	26.0	64.0
7	31375618	4.0	45.0
7	32233662	6.0	42.0
7	32240857	23.0	51.0
7	33197124	17.0	51.0
7	34146255	21.0	54.0
7	34231669	8.0	79.0
7	35740685	5.0	82.0
7	36190111	6.0	31.0
7	37597906	5.0	71.0
7	37597907	5.0	70.0
7	37873156	6.0	37.0
7	38284225	14.0	45.0
7	38448127	17.0	35.0
7	39167744	13.0	44.0
7	39660377	21.0	67.0
7	39774527	3.0	35.0
7	39862400	21.0	38.0
7	41106448	5.0	75.0
7	41254431	13.0	40.0
7	41452005	5.0	65.0
7	41482797	15.0	54.0
7	41942628	6.0	61.0
7	42481359	5.0	75.0
7	45902619	17.0	49.0
7	46073028	8.0	44.0
7	47102427	4.0	41.0
7	47882895	7.0	55.0
7	48219991	18.0	55.0
7	48303127	8.0	61.0
7	48518555	6.0	41.0
7	48574412	15.0	40.0
7	48800581	14.0	55.0
7	48936942	5.0	55.0
7	48988529	6.0	64.0
7	49762859	22.0	41.0
7	49899455	5.0	49.0
7	49905143	20.0	45.0
7	50030381	15.0	56.0
7	50768922	5.0	55.0
7	51211205	5.0	67.0
7	51576944	4.0	72.0
7	52572126	5.0	56.0
7	52598459	18.0	52.0
7	52741339	5.0	69.0
7	52889434	7.0	60.0
7	53201701	15.0	43.0
7	53651960	9.0	40.0
7	53820320	17.0	53.0
7	54223406	10.0	67.0
7	54471535	6.0	51.0
7	57239659	10.0	47.0
7	57461624	5.0	66.0
7	58010271	13.0	46.0
7	58019048	16.0	61.0
7	61820791	3.0	36.0
7	62340991	21.0	51.0
7	62438743	25.0	46.0
7	62672877	19.0	37.0
7	63020568	9.0	7.0
7	63029416	3.0	42.0
7	63278822	14.0	23.0
7	63317439	7.0	49.0
7	63506717	10.0	68.0
7	63593610	4.0	42.0
7	63633507	18.0	46.0
7	63960519	4.0	36.0
7	65345118	5.0	47.0
7	65513927	8.0	55.0
7	66439520	9.0	38.0
7	66538811	6.0	36.0
7	66961359	14.0	46.0
7	67415443	7.0	59.0
7	67936750	10.0	63.0
7	68516537	11.0	43.0
7	69379878	4.0	73.0
7	69655802	27.0	41.0
7	69996163	5.0	64.0
7	70143484	6.0	51.0
7	70145006	7.0	62.0
7	70447544	6.0	32.0
7	70531845	24.0	33.0
7	71124475	35.0	55.0
7	71235547	11.0	46.0
7	71315013	6.0	70.0
7	71327634	9.0	72.0
7	71720283	3.0	23.0
7	76025153	11.0	39.0
7	77725283	14.0	70.0
7	78036903	29.0	41.0
7	81394594	15.0	26.0
7	81558029	4.0	66.0
7	81971200	9.0	25.0
7	82114206	21.0	68.0
7	82910396	26.0	28.0
7	83806374	11.0	70.0
7	83900069	5.0	39.0
7	84231675	8.0	57.0
7	84978533	9.0	73.0
7	85716163	26.0	44.0
7	85817124	6.0	26.0
7	85940560	10.0	55.0
7	86152826	5.0	69.0
7	86252876	8.0	31.0
7	87350084	5.0	29.0
7	88553129	9.0	64.0
7	89565479	17.0	28.0
7	89565480	18.0	29.0
7	90134484	12.0	54.0
7	91371070	6.0	45.0
7	93387099	5.0	52.0
7	94725820	21.0	38.0
7	94810673	6.0	27.0
7	95968830	4.0	28.0
7	96134410	20.0	41.0
7	96631717	15.0	50.0
7	96780543	10.0	39.0
7	96781014	3.0	42.0
7	96879857	12.0	53.0
7	97618751	6.0	30.0
7	98148327	23.0	29.0
7	100737244	23.0	35.0
7	104477095	4.0	67.0
7	104841444	26.0	55.0
7	105058302	3.0	35.0
7	105521416	23.0	36.0
7	105775294	5.0	54.0
7	106937546	6.0	54.0
7	108318928	19.0	47.0
7	108955603	25.0	41.0
7	109219910	5.0	64.0
7	109775525	25.0	42.0
7	110135475	6.0	81.0
7	110248029	16.0	64.0
7	110440406	5.0	61.0
7	110440407	5.0	60.0
7	112719258	26.0	36.0
7	113674593	17.0	59.0
7	116679440	10.0	28.0
7	118533158	24.0	42.0
7	118728411	9.0	55.0
7	118983501	4.0	44.0
7	118989757	13.0	38.0
7	119342426	8.0	49.0
7	119673334	13.0	43.0
7	119794401	19.0	38.0
7	121064384	5.0	65.0
7	122407791	33.0	33.0
7	122436570	8.0	58.0
7	122953856	4.0	43.0
7	123901931	5.0	76.0
7	124172738	7.0	51.0
7	125501940	25.0	41.0
7	125664436	28.0	62.0
7	125789129	6.0	63.0
7	126074600	19.0	41.0
7	126600858	4.0	56.0
7	127048573	8.0	74.0
7	127995757	11.0	49.0
7	128758244	5.0	72.0
7	129097993	5.0	66.0
7	129397889	8.0	51.0
7	131041859	30.0	65.0
7	131047332	5.0	61.0
7	131260484	5.0	72.0
7	133121028	5.0	59.0
7	133506827	24.0	73.0
7	133527145	31.0	52.0
7	135753417	25.0	73.0
7	135909837	13.0	60.0
7	137150392	24.0	37.0
7	137533613	7.0	48.0
7	139101880	6.0	45.0
7	140173147	5.0	61.0
7	140844915	14.0	85.0
7	141236212	9.0	62.0
7	141318615	7.0	47.0
7	141756343	23.0	36.0
7	142988997	6.0	49.0
7	143162403	5.0	83.0
7	144345781	6.0	49.0
7	144718340	15.0	48.0
7	144996125	26.0	41.0
7	145292061	13.0	59.0
7	145388879	10.0	61.0
7	145480605	4.0	50.0
7	145533362	20.0	54.0
7	145647668	4.0	42.0
7	145669572	5.0	59.0
7	145947375	18.0	36.0
7	146108068	7.0	49.0
7	146957516	9.0	48.0
7	147471281	4.0	35.0
7	148402032	23.0	40.0
7	149231050	28.0	59.0
7	149377184	8.0	65.0
7	150156529	23.0	67.0
7	150331759	4.0	63.0
7	151189531	7.0	41.0
7	151233584	9.0	56.0
7	151534620	24.0	34.0
7	152427097	8.0	56.0
7	153019288	9.0	46.0
7	153623453	31.0	53.0
7	154057523	9.0	54.0
7	154088958	21.0	50.0
7	154924034	7.0	31.0
7	155436280	20.0	41.0
7	156163093	12.0	48.0
7	157270212	3.0	41.0
7	157540098	5.0	21.0
7	158248995	6.0	51.0
7	158934682	8.0	49.0
8	505220	4.0	36.0
8	621987	3.0	35.0
8	1233965	19.0	49.0
8	1261296	5.0	50.0
8	2217950	6.0	48.0
8	4173642	2.0	44.0
8	4646877	7.0	43.0
8	5072621	6.0	49.0
8	5780131	4.0	33.0
8	6400772	6.0	60.0
8	9261389	4.0	43.0
8	10072779	7.0	60.0
8	12497687	5.0	35.0
8	12844934	16.0	34.0
8	13057220	4.0	43.0
8	13254812	4.0	27.0
8	13880724	6.0	40.0
8	14295598	10.0	29.0
8	15070675	6.0	38.0
8	15108146	9.0	83.0
8	15484642	11.0	42.0
8	18583504	5.0	46.0
8	20000428	5.0	36.0
8	20054083	17.0	34.0
8	20140702	17.0	46.0
8	22463215	10.0	41.0
8	22683763	4.0	50.0
8	24497343	21.0	46.0
8	25744417	15.0	33.0
8	26094966	4.0	40.0
8	27108493	8.0	10.0
8	28016600	11.0	47.0
8	28955105	17.0	32.0
8	30166084	32.0	30.0
8	30826056	13.0	35.0
8	31238654	4.0	48.0
8	31239793	4.0	34.0
8	31820362	18.0	36.0
8	32425592	17.0	29.0
8	32701654	14.0	36.0
8	33569799	13.0	26.0
8	33860485	9.0	24.0
8	34428273	10.0	41.0
8	34532929	6.0	54.0
8	34633596	5.0	35.0
8	36317831	4.0	28.0
8	36330993	10.0	67.0
8	37066683	14.0	34.0
8	37273840	8.0	55.0
8	37472592	4.0	53.0
8	37472593	4.0	54.0
8	38201724	14.0	55.0
8	40351268	6.0	66.0
8	41804059	6.0	19.0
8	42197212	5.0	20.0
8	43219907	4.0	70.0
8	43453527	18.0	35.0
8	48032655	7.0	37.0
8	48532513	9.0	43.0
8	49053747	15.0	52.0
8	49430647	7.0	48.0
8	50573318	23.0	45.0
8	52050155	11.0	44.0
8	52101265	5.0	48.0
8	52469435	6.0	56.0
8	53494125	13.0	40.0
8	53669508	5.0	51.0
8	54223171	15.0	53.0
8	54986141	10.0	33.0
8	56502021	5.0	69.0
8	56766997	8.0	50.0
8	57269668	4.0	46.0
8	57326412	4.0	48.0
8	57724915	14.0	58.0
8	57729465	3.0	16.0
8	58356279	5.0	42.0
8	58756428	6.0	57.0
8	59038938	4.0	63.0
8	60353333	19.0	26.0
8	60545975	11.0	33.0
8	61064914	7.0	69.0
8	63626121	10.0	44.0
8	63852739	6.0	38.0
8	64015129	3.0	10.0
8	64038736	13.0	22.0
8	64446975	15.0	39.0
8	65448127	8.0	36.0
8	65518065	6.0	37.0
8	67822818	14.0	30.0
8	68023828	4.0	50.0
8	68715291	4.0	42.0
8	69230443	15.0	34.0
8	69320162	3.0	36.0
8	69557183	15.0	45.0
8	69774185	14.0	34.0
8	70495304	3.0	31.0
8	70915574	3.0	29.0
8	71904107	4.0	53.0
8	72564679	4.0	37.0
8	73038972	4.0	45.0
8	73622032	5.0	42.0
8	75874463	15.0	41.0
8	75968918	6.0	40.0
8	76044300	22.0	33.0
8	77239784	5.0	47.0
8	77393374	14.0	35.0
8	78497841	4.0	22.0
8	78572356	16.0	31.0
8	78768576	5.0	39.0
8	79031349	12.0	39.0
8	79327502	6.0	51.0
8	80075614	6.0	55.0
8	80095957	4.0	47.0
8	80456128	24.0	58.0
8	82198637	5.0	82.0
8	82274127	5.0	69.0
8	82613430	5.0	46.0
8	83208492	24.0	27.0
8	83222707	4.0	59.0
8	83594350	25.0	37.0
8	83595948	4.0	69.0
8	83595957	5.0	68.0
8	84614881	27.0	39.0
8	86933699	6.0	49.0
8	88745899	11.0	58.0
8	88937782	3.0	38.0
8	89039723	4.0	58.0
8	89187469	28.0	32.0
8	89411607	42.0	54.0
8	89739580	15.0	57.0
8	89770375	20.0	56.0
8	89863582	4.0	48.0
8	90374944	31.0	35.0
8	90382798	10.0	47.0
8	90488640	19.0	68.0
8	91498052	12.0	46.0
8	92624178	4.0	30.0
8	92752783	6.0	62.0
8	93322942	6.0	69.0
8	96036291	4.0	59.0
8	96856116	9.0	73.0
8	97772407	5.0	77.0
8	98420685	15.0	52.0
8	98484576	4.0	69.0
8	99770510	4.0	78.0
8	100247219	13.0	30.0
8	100966375	6.0	33.0
8	101472381	28.0	30.0
8	102089255	14.0	35.0
8	102556132	27.0	44.0
8	102617768	2.0	55.0
8	102617769	2.0	55.0
8	104086288	9.0	56.0
8	104262068	4.0	31.0
8	105618853	17.0	47.0
8	106110068	18.0	38.0
8	108073142	6.0	54.0
8	108967096	10.0	48.0
8	109109544	5.0	48.0
8	109221631	29.0	32.0
8	109734961	26.0	51.0
8	111095770	4.0	58.0
8	111312549	4.0	59.0
8	111365061	8.0	60.0
8	112342797	17.0	39.0
8	112412901	22.0	23.0
8	113187714	25.0	27.0
8	113266606	19.0	45.0
8	113271400	22.0	65.0
8	113594421	6.0	59.0
8	113729935	10.0	63.0
8	113756705	28.0	26.0
8	113963871	5.0	50.0
8	114608188	15.0	37.0
8	114833442	12.0	48.0
8	114959781	7.0	51.0
8	115250198	5.0	54.0
8	115354651	19.0	50.0
8	115497329	24.0	49.0
8	115710254	28.0	41.0
8	116246233	18.0	18.0
8	116342844	6.0	50.0
8	117138709	5.0	79.0
8	119149079	5.0	79.0
8	119539037	5.0	60.0
8	119622803	15.0	51.0
8	120339452	17.0	61.0
8	120946858	19.0	53.0
8	121085577	10.0	53.0
8	121242465	34.0	48.0
8	121520357	6.0	57.0
8	122844573	15.0	35.0
8	125254661	3.0	61.0
8	126827408	9.0	39.0
8	127053260	22.0	62.0
8	127783727	10.0	54.0
8	128389214	18.0	23.0
8	128600693	5.0	75.0
8	130094852	11.0	28.0
8	130554110	5.0	60.0
8	131131066	6.0	39.0
8	131420290	16.0	50.0
8	132224662	20.0	45.0
8	133334545	5.0	62.0
8	135180895	22.0	30.0
8	135803820	17.0	49.0
8	136034114	10.0	55.0
8	137440772	6.0	66.0
8	137485231	5.0	66.0
8	137747255	6.0	85.0
8	137828256	15.0	68.0
8	137926050	5.0	62.0
8	138063826	9.0	56.0
8	138063834	9.0	52.0
8	138170459	11.0	55.0
8	138825020	4.0	41.0
8	138990774	5.0	33.0
8	139981312	6.0	19.0
8	142185767	10.0	68.0
8	142351807	6.0	39.0
8	143971996	4.0	75.0
8	144084089	22.0	58.0
8	145737321	7.0	33.0
9	328469	21.0	45.0
9	4955267	11.0	29.0
9	5112454	4.0	30.0
9	5365100	12.0	30.0
9	7233656	15.0	28.0
9	8663767	5.0	23.0
9	9043838	3.0	27.0
9	9137328	17.0	24.0
9	9712010	9.0	35.0
9	10612354	8.0	21.0
9	10652573	12.0	17.0
9	11791524	6.0	19.0
9	11927672	4.0	41.0
9	12509087	3.0	11.0
9	12828076	10.0	32.0
9	13753137	21.0	38.0
9	17016176	14.0	30.0
9	17275973	4.0	57.0
9	22902802	18.0	44.0
9	23301547	6.0	35.0
9	23353217	6.0	27.0
9	25421478	14.0	57.0
9	25960951	5.0	52.0
9	25962487	16.0	53.0
9	26059523	10.0	53.0
9	26205344	17.0	39.0
9	26278679	16.0	50.0
9	26305116	7.0	44.0
9	26385708	4.0	45.0
9	28598263	18.0	47.0
9	29139645	12.0	26.0
9	29347532	14.0	27.0
9	30284927	4.0	40.0
9	30975060	13.0	39.0
9	31121944	6.0	44.0
9	33705543	4.0	42.0
9	35683672	6.0	42.0
9	36356491	11.0	26.0
9	37745379	11.0	47.0
9	38669815	6.0	27.0
9	44800879	7.0	83.0
9	65485688	4.0	11.0
9	69166932	3.0	11.0
9	71226868	4.0	32.0
9	73665401	9.0	31.0
9	73984747	5.0	57.0
9	74168635	15.0	32.0
9	76297463	15.0	40.0
9	76351848	5.0	51.0
9	76365657	10.0	34.0
9	76519513	11.0	46.0
9	76589462	5.0	59.0
9	78396579	4.0	42.0
9	78977781	9.0	46.0
9	79605208	13.0	37.0
9	80681433	12.0	44.0
9	80808765	12.0	35.0
9	81299524	18.0	46.0
9	81625637	15.0	49.0
9	81688004	14.0	67.0
9	81844991	4.0	35.0
9	81844992	4.0	32.0
9	82740482	4.0	34.0
9	83102517	5.0	23.0
9	84991186	15.0	33.0
9	85390145	12.0	23.0
9	86282406	9.0	31.0
9	86368108	7.0	49.0
9	87377192	16.0	48.0
9	90315427	10.0	32.0
9	90410286	13.0	23.0
9	90834693	4.0	30.0
9	91826581	11.0	59.0
9	92141790	16.0	61.0
9	92486723	5.0	52.0
9	93203951	13.0	44.0
9	93802055	6.0	28.0
9	94606718	10.0	34.0
9	95017079	12.0	43.0
9	96692237	11.0	29.0
9	98662921	13.0	36.0
9	99838562	7.0	28.0
9	101047098	18.0	33.0
9	101080492	9.0	18.0
9	101939803	14.0	30.0
9	102620496	12.0	45.0
9	102620676	11.0	52.0
9	103934452	8.0	28.0
9	104508228	12.0	48.0
9	105006568	15.0	43.0
9	105757074	4.0	61.0
9	105947274	7.0	52.0
9	106140290	18.0	48.0
9	106297516	7.0	35.0
9	106792215	5.0	45.0
9	106858874	19.0	48.0
9	107516546	12.0	47.0
9	109241539	15.0	28.0
9	109256910	7.0	32.0
9	111326645	11.0	38.0
9	113168086	21.0	59.0
9	114161247	4.0	39.0
9	115152389	3.0	35.0
9	115993983	12.0	45.0
9	118666418	10.0	38.0
9	119245004	4.0	35.0
9	119724697	4.0	41.0
9	121025026	10.0	51.0
9	121241075	18.0	63.0
9	121559097	11.0	39.0
9	122358591	5.0	48.0
9	122365097	18.0	39.0
9	122531539	20.0	58.0
9	122840332	9.0	56.0
9	124929412	6.0	35.0
9	125066231	6.0	31.0
9	125339640	10.0	49.0
9	125350840	8.0	46.0
9	126607797	6.0	34.0
9	126877696	10.0	43.0
9	126930909	13.0	51.0
9	128992182	14.0	51.0
9	130257108	12.0	37.0
9	130434471	23.0	39.0
9	131632314	6.0	34.0
9	132562719	3.0	32.0
9	133759338	9.0	44.0
9	134639094	9.0	32.0
9	135242327	3.0	34.0
9	135894335	6.0	46.0
9	136234562	8.0	50.0
9	136530545	10.0	38.0
9	139476842	22.0	70.0
9	140121770	7.0	33.0
9	140856631	4.0	60.0
X	567017	3.0	17.0
X	2257471	12.0	48.0
X	2261678	8.0	52.0
X	2261679	8.0	53.0
X	3111150	14.0	34.0
X	3182669	13.0	34.0
X	3429482	8.0	34.0
X	5351325	4.0	46.0
X	6232095	20.0	25.0
X	6779441	12.0	53.0
X	7292381	7.0	45.0
X	7454354	8.0	55.0
X	8344403	10.0	74.0
X	8654878	10.0	31.0
X	9014375	4.0	49.0
X	10006524	7.0	45.0
X	10721053	11.0	31.0
X	12332140	11.0	45.0
X	12373000	13.0	46.0
X	12658522	6.0	50.0
X	13120323	8.0	48.0
X	15080964	4.0	54.0
X	15080965	5.0	52.0
X	15383900	6.0	36.0
X	16484298	4.0	40.0
X	17185272	9.0	55.0
X	17351270	11.0	61.0
X	17491805	6.0	42.0
X	17746530	12.0	41.0
X	18076674	5.0	57.0
X	18264129	8.0	53.0
X	18757187	6.0	44.0
X	18820837	6.0	42.0
X	19101189	9.0	41.0
X	19186329	4.0	39.0
X	19197268	4.0	46.0
X	19346067	6.0	34.0
X	19433337	6.0	29.0
X	19880135	5.0	44.0
X	20493497	5.0	40.0
X	20646662	14.0	39.0
X	21284195	14.0	46.0
X	22063120	9.0	6.0
X	22406497	5.0	48.0
X	23358330	11.0	47.0
X	23402355	7.0	47.0
X	23941686	5.0	26.0
X	24354581	3.0	28.0
X	24588535	3.0	29.0
X	25104150	4.0	51.0
X	25459603	6.0	32.0
X	25691567	12.0	35.0
X	26001969	5.0	48.0
X	26523326	3.0	20.0
X	26538842	13.0	29.0
X	27314562	5.0	36.0
X	27337413	4.0	63.0
X	28723711	12.0	39.0
X	28890161	11.0	40.0
X	29071817	14.0	41.0
X	29712688	9.0	47.0
X	31252077	14.0	44.0
X	32305879	16.0	39.0
X	32719617	9.0	56.0
X	33150322	6.0	48.0
X	34002058	3.0	38.0
X	34052196	5.0	34.0
X	34448003	7.0	57.0
X	34579587	10.0	29.0
X	34747537	8.0	59.0
X	34909038	7.0	41.0
X	35264032	15.0	36.0
X	35753263	5.0	57.0
X	36101605	5.0	40.0
X	36232422	4.0	33.0
X	36419485	4.0	33.0
X	36608686	11.0	36.0
X	36717804	7.0	45.0
X	36838453	10.0	40.0
X	36888674	3.0	33.0
X	37929954	4.0	39.0
X	39149415	5.0	51.0
X	41105422	8.0	44.0
X	41205514	5.0	43.0
X	41721090	6.0	37.0
X	41951434	6.0	40.0
X	42112570	7.0	38.0
X	42223352	6.0	36.0
X	42351062	7.0	50.0
X	42351067	7.0	48.0
X	42377790	7.0	47.0
X	42397993	9.0	50.0
X	42533038	4.0	66.0
X	43046491	7.0	52.0
X	44442552	6.0	60.0
X	45357219	5.0	51.0
X	45594800	4.0	38.0
X	46565266	11.0	48.0
X	46934361	5.0	31.0
X	47203864	4.0	45.0
X	47420680	4.0	18.0
X	47714110	6.0	46.0
X	47735546	5.0	51.0
X	48272558	3.0	26.0
X	48714278	6.0	27.0
X	50973344	8.0	49.0
X	51362024	5.0	46.0
X	51764153	8.0	37.0
X	52903209	7.0	14.0
X	53352688	4.0	36.0
X	53933249	10.0	28.0
X	55865472	6.0	38.0
X	57347788	5.0	36.0
X	58115078	8.0	50.0
X	63156622	5.0	35.0
X	63807324	4.0	44.0
X	64232123	6.0	21.0
X	64400745	9.0	42.0
X	65289041	11.0	32.0
X	65496273	5.0	39.0
X	65549060	7.0	28.0
X	65947939	8.0	36.0
X	65950636	8.0	48.0
X	66211313	7.0	51.0
X	66430375	8.0	31.0
X	67030626	6.0	42.0
X	67411378	5.0	53.0
X	67777306	6.0	36.0
X	67906145	3.0	13.0
X	67980977	14.0	30.0
X	68102113	6.0	54.0
X	68246591	7.0	36.0
X	68246592	7.0	37.0
X	68435770	4.0	37.0
X	68645564	10.0	48.0
X	69460977	9.0	29.0
X	69540525	11.0	32.0
X	69836925	5.0	30.0
X	69935161	9.0	47.0
X	70000133	7.0	23.0
X	70173861	7.0	25.0
X	70735405	9.0	35.0
X	71498279	7.0	44.0
X	71596039	5.0	34.0
X	72921844	4.0	42.0
X	73571017	5.0	35.0
X	74558509	4.0	41.0
X	74558510	3.0	42.0
X	74740088	11.0	40.0
X	74887396	7.0	40.0
X	74924548	10.0	35.0
X	74951237	10.0	50.0
X	75197532	10.0	47.0
X	75228652	10.0	24.0
X	75535835	7.0	55.0
X	76108519	11.0	47.0
X	76160075	5.0	49.0
X	76414402	10.0	56.0
X	77580754	5.0	51.0
X	78341392	7.0	28.0
X	79734701	15.0	46.0
X	79862948	14.0	50.0
X	80292446	6.0	29.0
X	80779827	6.0	54.0
X	81123436	12.0	47.0
X	81123437	12.0	48.0
X	81211321	9.0	41.0
X	81355845	7.0	33.0
X	82714561	11.0	34.0
X	83023295	5.0	48.0
X	83229570	5.0	40.0
X	83275957	11.0	49.0
X	83407116	4.0	50.0
X	83492954	20.0	47.0
X	83692305	6.0	56.0
X	84089444	8.0	27.0
X	84938146	7.0	30.0
X	85599926	4.0	35.0
X	87629028	18.0	29.0
X	87972768	5.0	33.0
X	88133855	12.0	50.0
X	88175901	21.0	40.0
X	90292191	6.0	34.0
X	90805962	7.0	51.0
X	90822390	7.0	48.0
X	92025986	5.0	25.0
X	92687005	10.0	35.0
X	93060991	10.0	34.0
X	94897217	16.0	42.0
X	95173203	13.0	45.0
X	96206929	7.0	37.0
X	96310813	4.0	57.0
X	97012241	7.0	49.0
X	97217077	5.0	30.0
X	97305537	12.0	38.0
X	98422816	4.0	52.0
X	98874579	6.0	54.0
X	99124885	6.0	58.0
X	99402342	8.0	38.0
X	99688580	10.0	32.0
X	99858325	9.0	38.0
X	100670659	5.0	61.0
X	101035006	3.0	53.0
X	101882928	5.0	41.0
X	101913742	8.0	38.0
X	101915974	6.0	54.0
X	101969990	8.0	54.0
X	102327182	9.0	43.0
X	102783804	19.0	52.0
X	103483079	4.0	38.0
X	103581748	6.0	56.0
X	103932303	7.0	49.0
X	103934736	9.0	53.0
X	103998919	9.0	43.0
X	105686936	6.0	44.0
X	106533248	8.0	63.0
X	106988807	4.0	58.0
X	107786980	4.0	72.0
X	108092677	4.0	56.0
X	108113589	8.0	44.0
X	108410225	6.0	47.0
X	108609391	3.0	36.0
X	109027113	5.0	61.0
X	109058376	4.0	54.0
X	109310446	4.0	41.0
X	110355102	4.0	45.0
X	110356490	7.0	53.0
X	111537784	10.0	49.0
X	111846458	4.0	59.0
X	112805009	9.0	53.0
X	112842842	4.0	55.0
X	113305201	5.0	47.0
X	114013968	7.0	42.0
X	114724627	4.0	46.0
X	116200583	11.0	60.0
X	116909954	8.0	68.0
X	117462130	5.0	52.0
X	117503496	4.0	17.0
X	118814089	5.0	32.0
X	120172705	7.0	61.0
X	120344353	8.0	48.0
X	120383084	7.0	54.0
X	120478131	4.0	52.0
X	120702941	4.0	73.0
X	120970668	6.0	53.0
X	121455103	9.0	59.0
X	121475637	6.0	54.0
X	122011185	13.0	49.0
X	123315117	4.0	42.0
X	123764353	6.0	56.0
X	124076659	5.0	46.0
X	124090046	4.0	52.0
X	124170577	8.0	49.0
X	124621721	8.0	48.0
X	124901534	6.0	38.0
X	125096817	5.0	64.0
X	125282126	12.0	43.0
X	125446926	4.0	39.0
X	125669916	10.0	31.0
X	126956910	6.0	45.0
X	126956911	6.0	43.0
X	127386808	5.0	62.0
X	127390273	5.0	65.0
X	127617873	10.0	54.0
X	127696550	4.0	41.0
X	127754931	8.0	26.0
X	128210373	21.0	47.0
X	128440761	7.0	56.0
X	130399802	9.0	53.0
X	130575302	18.0	47.0
X	132420346	10.0	45.0
X	132435494	6.0	51.0
X	132529443	7.0	37.0
X	132756846	6.0	57.0
X	133870264	4.0	33.0
X	134313453	7.0	53.0
X	134518255	5.0	48.0
X	134545460	5.0	43.0
X	135040597	5.0	68.0
X	135176171	16.0	37.0
X	135650053	8.0	52.0
X	135684753	15.0	35.0
X	136072775	19.0	32.0
X	136236594	8.0	33.0
X	136236595	8.0	32.0
X	136602375	11.0	50.0
X	136690597	4.0	46.0
X	137140803	8.0	49.0
X	137235829	5.0	57.0
X	137336345	14.0	43.0
X	138821693	6.0	54.0
X	140947179	5.0	56.0
X	141525636	9.0	54.0
X	142120868	9.0	45.0
X	142446225	22.0	39.0
X	142563338	8.0	52.0
X	142709160	7.0	48.0
X	142713560	3.0	58.0
X	142771143	6.0	51.0
X	142809778	8.0	23.0
X	142861853	6.0	57.0
X	143614913	4.0	46.0
X	143763766	8.0	49.0
X	144174056	5.0	60.0
X	144308073	10.0	35.0
X	144482619	8.0	50.0
X	144552840	17.0	48.0
X	144705114	13.0	49.0
X	144721459	7.0	49.0
X	144893452	10.0	27.0
X	145044703	7.0	56.0
X	145211406	5.0	56.0
X	145261025	6.0	55.0
X	145271041	13.0	56.0
X	145372242	8.0	54.0
X	145461287	6.0	47.0
X	145516047	8.0	52.0
X	145641220	6.0	41.0
X	146345095	16.0	57.0
X	146751286	6.0	38.0
X	147369366	14.0	44.0
X	147518112	6.0	54.0
X	148188522	4.0	36.0
X	149993298	4.0	38.0
X	150565750	6.0	31.0
X	151495320	6.0	54.0
X	151774441	13.0	32.0
X	152468823	7.0	57.0
X	152616974	7.0	38.0
X	153366669	9.0	48.0
X	153552926	8.0	49.0
X	154070696	5.0	49.0
X	154680819	6.0	64.0
X	154765803	4.0	64.0
X	154909332	4.0	50.0
