chromosome_index	start_position	end_position	major_cn	minor_cn	total_cn
1	10001	121499999	1.0	1.0	2.0
1	121500000	128899999	1.0	1.0	2.0
1	128900000	143119938	1.0	1.0	2.0
1	143119939	144920086	1.0	1.0	2.0
1	144920087	148024937	3.0	1.0	4.0
1	148024938	149704742	4.0	1.0	5.0
1	149704743	162180998	3.0	1.0	4.0
1	162180999	162181169	3.0	1.0	4.0
1	162181170	162181233	3.0	1.0	4.0
1	162181234	162181542	3.0	1.0	4.0
1	162181543	162184332	3.0	1.0	4.0
1	162184333	188284375	3.0	1.0	4.0
1	188284376	188928356	2.0	1.0	3.0
1	188928357	190436359	3.0	1.0	4.0
1	190436360	196758000	3.0	1.0	4.0
1	196758001	247247500	3.0	1.0	4.0
1	247247501	249250620	3.0	1.0	4.0
2	50972	90439402	1.0	1.0	2.0
2	90439403	90499999	1.0	1.0	2.0
2	90500000	96799999	1.0	1.0	2.0
2	96800000	242985759	1.0	1.0	2.0
3	100074	87899999	1.0	1.0	2.0
3	87900000	93899999	1.0	1.0	2.0
3	93900000	124984124	1.0	1.0	2.0
3	124984125	125061054	1.0	0.0	1.0
3	125061055	198022429	1.0	1.0	2.0
4	27500	19754380	1.0	1.0	2.0
4	19754381	19782779	1.0	1.0	2.0
4	19782780	48199999	1.0	1.0	2.0
4	48200000	52699999	1.0	1.0	2.0
4	52700000	190987500	1.0	1.0	2.0
5	50470	46099999	1.0	1.0	2.0
5	46100000	50699999	1.0	1.0	2.0
5	50700000	180662500	1.0	1.0	2.0
6	39681	202330	1.0	1.0	2.0
6	202331	58699999	1.0	1.0	2.0
6	58700000	63299999	1.0	1.0	2.0
6	63300000	170899934	1.0	1.0	2.0
7	40386	57999999	1.0	1.0	2.0
7	58000000	61699999	1.0	1.0	2.0
7	61700000	158817500	1.0	1.0	2.0
8	10001	170011	1.0	1.0	2.0
8	170012	43099999	1.0	1.0	2.0
8	43100000	48099999	1.0	1.0	2.0
8	48100000	146364021	1.0	1.0	2.0
9	10001	223232	1.0	1.0	2.0
9	223233	38773740	1.0	1.0	2.0
9	38773741	47299999	1.0	1.0	2.0
9	47300000	50699999	1.0	1.0	2.0
9	50700000	140267500	1.0	1.0	2.0
10	102500	37999999	1.0	1.0	2.0
10	38000000	42382499	1.0	1.0	2.0
10	42382500	70827517	1.0	1.0	2.0
10	70827518	132431837	2.0	0.0	2.0
10	132431838	132431893	2.0	0.0	2.0
10	132431894	135389924	2.0	0.0	2.0
11	202875	51599999	1.0	1.0	2.0
11	51600000	55699999	1.0	1.0	2.0
11	55700000	134442500	1.0	1.0	2.0
12	110107	33299999	1.0	1.0	2.0
12	33300000	38199999	1.0	1.0	2.0
12	38200000	129070855	1.0	1.0	2.0
12	129070856	132342500	1.0	1.0	2.0
12	132342501	133851894	1.0	1.0	2.0
13	1	16299999	1.0	1.0	2.0
13	16300000	19499999	1.0	1.0	2.0
13	19500000	33212509	1.0	1.0	2.0
13	33212510	33212867	1.0	1.0	2.0
13	33212868	33273786	1.0	1.0	2.0
13	33273787	33283115	1.0	0.0	1.0
13	33283116	33283333	1.0	0.0	1.0
13	33283334	47335511	1.0	0.0	1.0
13	47335512	93903494	1.0	1.0	2.0
13	93903495	93903638	1.0	1.0	2.0
13	93903639	93904037	1.0	1.0	2.0
13	93904038	93904072	1.0	1.0	2.0
13	93904073	94478118	1.0	1.0	2.0
13	94478119	94844553	1.0	0.0	1.0
13	94844554	110622370	1.0	1.0	2.0
13	110622371	110622626	1.0	1.0	2.0
13	110622627	114137500	1.0	1.0	2.0
13	114137501	115014987	1.0	1.0	2.0
14	1	16099999	1.0	1.0	2.0
14	16100000	19099999	1.0	1.0	2.0
14	19100000	106362500	1.0	1.0	2.0
15	1	15799999	1.0	1.0	2.0
15	15800000	20699999	1.0	1.0	2.0
15	20700000	100332500	1.0	1.0	2.0
15	100332501	102399919	1.0	1.0	2.0
16	100010	8521029	1.0	1.0	2.0
16	8521030	34599999	1.0	1.0	2.0
16	34600000	38599999	1.0	1.0	2.0
16	38600000	88827200	1.0	1.0	2.0
16	88827201	90354752	1.0	1.0	2.0
17	12500	22199999	1.0	1.0	2.0
17	22200000	25799999	1.0	1.0	2.0
17	25800000	32325497	1.0	1.0	2.0
17	32325498	68701721	1.0	1.0	2.0
17	68701722	68702823	1.0	1.0	2.0
17	68702824	78774600	1.0	1.0	2.0
17	78774601	81195209	1.0	1.0	2.0
18	27500	15399999	1.0	1.0	2.0
18	15400000	18999999	1.0	1.0	2.0
18	19000000	76117000	1.0	1.0	2.0
18	76117001	78077247	1.0	1.0	2.0
19	102500	260136	1.0	1.0	2.0
19	260137	24399999	1.0	1.0	2.0
19	24400000	28599999	1.0	1.0	2.0
19	28600000	33518308	1.0	1.0	2.0
19	33518309	33524295	1.0	1.0	2.0
19	33524296	59128982	1.0	1.0	2.0
20	17500	25599999	1.0	1.0	2.0
20	25600000	29399999	1.0	1.0	2.0
20	29400000	62432500	1.0	1.0	2.0
21	10900000	15273816	1.0	1.0	2.0
21	15273817	46937500	1.0	1.0	2.0
21	46937501	48129894	1.0	1.0	2.0
22	1	12199999	1.0	1.0	2.0
22	12200000	17899999	1.0	1.0	2.0
22	17900000	49687500	1.0	1.0	2.0
22	49687501	51304565	1.0	1.0	2.0
