chromosome_index position alt_count ref_count
1 228473959 14 26
2 44459558 3 32
2 99976781 4 36
2 99976782 4 36
3 4825546 51 93
3 42680994 7 135
3 88041053 4 46
3 132394111 5 51
4 20552448 8 159
5 36049209 14 407
5 158595879 4 29
5 179994980 48 64
7 21892083 5 52
7 65705649 25 25
8 113303875 7 104
10 8007071 5 64
11 57252654 15 27
11 94300736 13 33
15 66794244 38 62
15 88670420 35 89
15 89398614 10 19
17 7577100 55 92
17 7577609 120 250
18 59483338 44 49
19 18779843 4 23
20 34797449 3 33
21 15745969 12 80
