chromosome_index	start_position	end_position	major_cn	minor_cn	total_cn
1	61735	249224388	1	1	2
2	12784	243089456	1	1	2
3	60345	101931966	1	0	1
3	101931981	102372748	1	1	2
3	102372877	102582039	1	0	1
3	102584920	103033726	1	1	2
3	103042048	104644461	1	0	1
3	104644564	108309709	1	1	2
3	108312827	108508163	1	0	1
3	108509607	108975007	1	1	2
3	108987628	109246085	1	0	1
3	109246635	110249684	1	1	2
3	110255772	110531901	1	0	1
3	110534177	197896118	1	1	2
4	12281	154225135	1	1	2
4	154225588	155492720	1	0	1
4	155493171	156745450	1	1	2
4	156745915	157145352	1	0	1
4	157146711	157520774	1	1	2
4	157521069	158719328	1	0	1
4	158720969	159916043	1	1	2
4	159916410	191027923	1	0	1
5	15532	180790320	1	1	2
6	149661	171051005	1	1	2
7	43259	159127004	1	1	2
8	31254	146298155	1	1	2
9	46587	141091394	1	1	2
10	72759	135506704	1	1	2
11	198572	134944770	1	1	2
12	150442	133778189	1	1	2
13	19026949	115108397	1	1	2
14	19002124	107285437	1	1	2
15	20016328	102469040	1	1	2
16	60777	90287535	1	1	2
17	526	81049726	1	1	2
18	48133	78015057	1	1	2
19	90910	59097854	1	1	2
20	61305	62956153	1	1	2
21	10736871	48096957	1	1	2
22	16052528	51234455	1	1	2
