chromosome_index position alt_count ref_count
1 809689 8 212
1 3765275 12 136
1 19467977 10 117
1 70482168 11 145
1 71534977 5 83
1 76280711 7 78
1 101185311 3 30
1 154544128 16 194
1 156565284 154 521
1 158263072 30 546
1 158650398 56 269
1 161179712 3 48
1 209933511 4 69
1 220152836 14 204
1 237870287 75 310
1 247614915 20 99
2 11770204 16 101
2 27449096 17 83
2 87085349 12 121
2 102851383 17 104
2 109086493 11 198
2 166909449 4 70
2 179485341 9 142
2 228135511 6 106
2 241829491 5 68
3 3139576 6 87
3 39227577 12 205
3 46574382 17 251
3 52257452 6 66
3 62423878 12 62
3 127340632 16 40
3 132071602 30 214
3 147113823 34 246
3 151161030 8 219
3 167023649 9 84
3 180324305 17 300
3 180372682 7 41
3 182841950 35 489
3 183778105 59 578
3 183859720 12 220
3 196650360 56 201
4 3189537 7 222
4 54292082 8 183
4 95376450 3 60
4 114277103 10 164
4 126241388 15 190
4 134071806 5 132
4 148549579 9 227
4 155219360 13 189
4 187195476 17 38
4 187539060 30 124
4 187554967 11 214
5 13700924 22 404
5 31515208 24 284
5 33937978 12 109
5 41186243 30 169
5 63510147 27 124
5 82969301 10 208
6 17640218 19 338
6 17640222 20 337
6 26234964 13 188
6 27114544 13 220
6 33381294 17 67
6 34004261 35 107
6 39864710 10 62
6 42713543 5 84
6 96053893 13 158
6 152660412 8 170
7 30791874 37 126
7 31862822 26 140
7 64453031 10 63
7 87056086 17 169
7 87179536 8 56
7 106791406 5 49
7 110764114 37 293
7 111448922 3 46
7 113518838 13 276
7 117007445 6 57
7 143657678 6 195
7 150648568 12 235
8 25897562 31 285
8 70617409 16 206
8 100514011 23 321
8 110598380 3 24
9 2717996 15 36
9 8633316 29 233
9 101981079 10 100
10 1043190 23 491
10 21845583 3 40
10 26589987 5 33
10 32322782 9 113
10 46914632 6 72
10 50723759 35 454
10 118434726 3 52
10 129901609 32 277
11 618689 11 150
11 1718724 23 139
11 5537287 25 159
11 5809595 24 104
11 57297665 25 127
11 61295405 16 168
11 64525759 11 194
11 85692224 8 220
12 2778165 9 121
12 52913973 7 75
12 100452092 24 196
12 124209287 52 276
12 129360565 78 336
13 35864575 43 318
13 46559779 29 387
13 50306891 10 84
13 58208468 16 50
13 70514196 6 97
13 77760189 8 96
13 110864803 44 385
13 111138086 11 137
14 22580363 14 132
14 64593522 6 100
14 67805337 18 328
14 81380730 19 188
14 102916045 12 172
14 102916046 11 167
14 104026793 14 202
14 105415980 20 391
15 25953150 16 64
16 3340467 33 236
16 24971010 8 135
16 28841947 10 67
16 30749733 8 135
16 31123627 4 47
16 69727791 16 189
16 88898492 5 32
17 18188474 53 345
17 36705423 8 35
17 37949057 14 231
17 39394356 7 125
17 52978259 8 137
17 62291306 28 328
17 66267716 42 143
17 73698642 10 99
17 80019200 5 55
18 20573509 24 185
19 19329873 7 71
19 19339016 12 192
19 36335017 11 56
19 50165456 7 75
19 54627995 3 54
19 56481994 30 307
20 1285887 4 45
20 3209565 4 83
20 33450711 10 56
20 36560111 33 205
20 54573676 7 172
20 54941160 8 122
22 17443716 7 97
22 26997948 23 115
22 37888691 4 34
22 38122102 15 148
22 39122020 29 266
22 44285398 15 228
