chromosome_index position alt_count ref_count
1 31196429 15 67
1 46124749 7 69
1 99470160 19 99
1 197115320 18 81
2 101612407 5 23
2 167085326 6 99
2 189452633 44 226
3 67578573 7 58
3 87289878 46 185
3 138724293 22 115
3 138763612 10 55
5 138713761 12 64
6 393255 23 113
7 94214734 17 41
7 137266651 3 44
7 139756947 10 28
8 116599271 8 52
10 23270572 8 33
10 63995874 4 77
11 122848423 6 18
11 130068300 7 101
12 7947397 23 169
16 3367499 35 151
16 55601279 19 97
16 76555039 22 44
17 8280958 3 6
17 38244622 12 43
19 17838362 8 19
19 38388907 19 52
