chromosome_index	start_position	end_position	major_cn	minor_cn	total_cn
1	10001	790008	3.0	3.0	6.0
1	790009	47720798	3.0	3.0	6.0
1	47720799	47723725	3.0	3.0	6.0
1	47723726	75235374	3.0	3.0	6.0
1	75235375	75360572	3.0	3.0	6.0
1	75360573	116044836	3.0	3.0	6.0
1	116044837	116046529	10.0	5.0	15.0
1	116046530	116295643	15.0	3.0	18.0
1	116295644	116414565	5.0	3.0	8.0
1	116414566	121499999	3.0	3.0	6.0
1	121500000	128899999	3.0	3.0	6.0
1	128900000	143516938	3.0	3.0	6.0
1	143516939	173980001	3.0	3.0	6.0
1	173980002	174209802	4.0	4.0	8.0
1	174209803	183828519	3.0	3.0	6.0
1	183828520	183998804	3.0	3.0	6.0
1	183998805	184489765	5.0	3.0	8.0
1	184489766	184492520	3.0	3.0	6.0
1	184492521	193326895	3.0	3.0	6.0
1	193326896	193611693	3.0	2.0	5.0
1	193611694	206591787	3.0	3.0	6.0
1	206591788	206756823	4.0	4.0	8.0
1	206756824	244295237	3.0	3.0	6.0
1	244295238	244311866	4.0	0.0	4.0
1	244311867	247247500	3.0	3.0	6.0
1	247247501	249250620	4.0	3.0	7.0
2	54036	68137097	3.0	2.0	5.0
2	68137098	68157881	3.0	3.0	6.0
2	68157882	89179989	2.0	2.0	4.0
2	89179990	89343201	2.0	2.0	4.0
2	89343202	90499999	2.0	2.0	4.0
2	96800000	98982558	3.0	1.0	4.0
2	98982559	99751819	3.0	3.0	6.0
2	99751820	102677600	3.0	1.0	4.0
2	102677601	102693748	3.0	3.0	6.0
2	102693749	111906316	3.0	1.0	4.0
2	111906317	112844393	5.0	1.0	6.0
2	112844394	178333749	3.0	1.0	4.0
2	178333750	178541034	5.0	1.0	6.0
2	178541035	243199372	3.0	1.0	4.0
3	62746	18519847	2.0	2.0	4.0
3	18519848	18524907	2.0	2.0	4.0
3	18524908	42304421	2.0	2.0	4.0
3	42304422	42305528	3.0	2.0	5.0
3	42305529	43237946	6.0	2.0	8.0
3	43237947	43240734	2.0	1.0	3.0
3	43240735	81273823	2.0	2.0	4.0
3	81273824	87899999	2.0	2.0	4.0
3	93900000	94311465	2.0	2.0	4.0
3	94311466	116354744	6.0	2.0	8.0
3	116354745	116404963	4.0	1.0	5.0
3	116404964	180640357	6.0	2.0	8.0
3	180640358	180696575	7.0	0.0	7.0
3	180696576	197850754	6.0	2.0	8.0
4	40828	9522499	2.0	1.0	3.0
4	9522500	10399979	2.0	1.0	3.0
4	10399980	12868429	4.0	1.0	5.0
4	12868430	32193294	2.0	1.0	3.0
4	32193295	33279994	4.0	1.0	5.0
4	33279995	34069688	2.0	1.0	3.0
4	34069689	43065452	2.0	1.0	3.0
4	43065453	43066581	1.0	1.0	2.0
4	43066582	48199999	2.0	1.0	3.0
4	52700000	153822836	4.0	1.0	5.0
4	153822837	191154275	4.0	1.0	5.0
5	22501	723161	2.0	2.0	4.0
5	723162	855090	4.0	4.0	8.0
5	855091	6047416	2.0	2.0	4.0
5	6047417	6047494	3.0	2.0	5.0
5	6047495	13981731	3.0	2.0	5.0
5	13981732	13990891	2.0	2.0	4.0
5	13990892	46099999	3.0	2.0	5.0
5	50700000	99105740	2.0	2.0	4.0
5	99105741	99181251	3.0	3.0	6.0
5	99181252	130924646	2.0	2.0	4.0
5	130924647	130962057	3.0	1.0	4.0
5	130962058	138163065	2.0	2.0	4.0
5	138163066	138202031	2.0	2.0	4.0
5	138202032	138498078	2.0	2.0	4.0
5	138498079	138505452	2.0	2.0	4.0
5	138505453	142445631	2.0	2.0	4.0
5	142445632	142732541	4.0	2.0	6.0
5	142732542	180666294	2.0	2.0	4.0
6	39681	242500	3.0	2.0	5.0
6	242501	58699999	3.0	2.0	5.0
6	63789950	68316420	4.0	1.0	5.0
6	68316421	68807112	4.0	0.0	4.0
6	68807113	69328127	4.0	2.0	6.0
6	69328128	152016016	4.0	0.0	4.0
6	152016017	152039744	4.0	0.0	4.0
6	152039745	170921585	4.0	0.0	4.0
7	40386	2266602	4.0	2.0	6.0
7	2266603	4484997	4.0	2.0	6.0
7	4484998	8053333	3.0	3.0	6.0
7	8053334	8054458	3.0	3.0	6.0
7	8054459	8073207	4.0	3.0	7.0
7	8073208	10973082	4.0	2.0	6.0
7	10973083	10979806	4.0	2.0	6.0
7	10979807	43192204	4.0	2.0	6.0
7	43192205	43477940	5.0	2.0	7.0
7	43477941	47490053	4.0	2.0	6.0
7	47490054	47788360	4.0	4.0	8.0
7	47788361	57999999	3.0	2.0	5.0
7	58000000	61699999	3.0	2.0	5.0
7	61700000	84614568	3.0	2.0	5.0
7	84614569	151037118	3.0	3.0	6.0
7	151037119	151086787	5.0	3.0	8.0
7	151086788	151088465	5.0	3.0	8.0
7	151088466	158821400	5.0	3.0	8.0
8	10001	155756	2.0	2.0	4.0
8	155757	33290703	2.0	2.0	4.0
8	33290704	33364522	2.0	1.0	3.0
8	33364523	43099999	2.0	2.0	4.0
8	48100000	52779059	4.0	2.0	6.0
8	52779060	52779195	4.0	2.0	6.0
8	52779196	52782801	4.0	2.0	6.0
8	52782802	52787236	5.0	4.0	9.0
8	52787237	52787597	4.0	4.0	8.0
8	52787598	52832707	4.0	4.0	8.0
8	52832708	52841366	4.0	4.0	8.0
8	52841367	52843757	4.0	4.0	8.0
8	52843758	52850017	4.0	4.0	8.0
8	52850018	54245409	4.0	4.0	8.0
8	54245410	125187703	4.0	0.0	4.0
8	125187704	125189930	42.0	3.0	45.0
8	125189931	126379284	42.0	3.0	45.0
8	126379285	126381239	42.0	3.0	45.0
8	126381240	126388786	42.0	3.0	45.0
8	126388787	126451768	42.0	3.0	45.0
8	126451769	126480447	43.0	5.0	48.0
8	126480448	127611304	39.0	3.0	42.0
8	127611305	127787215	34.0	3.0	37.0
8	127787216	128117936	26.0	3.0	29.0
8	128117937	128135651	44.0	5.0	49.0
8	128135652	128327907	65.0	3.0	68.0
8	128327908	128574922	65.0	3.0	68.0
8	128574923	128594106	65.0	3.0	68.0
8	128594107	128597062	42.0	2.0	44.0
8	128597063	128817354	100.0	3.0	103.0
8	128817355	128817623	100.0	3.0	103.0
8	128817624	128838164	100.0	3.0	103.0
8	128838165	128846402	100.0	3.0	103.0
8	128846403	129221079	100.0	3.0	103.0
8	129221080	129340205	100.0	3.0	103.0
8	129340206	129381225	100.0	3.0	103.0
8	129381226	129412709	100.0	3.0	103.0
8	129412710	129548498	100.0	3.0	103.0
8	129548499	129554458	84.0	3.0	87.0
8	129554459	129560077	84.0	3.0	87.0
8	129560078	129575442	84.0	3.0	87.0
8	129575443	129608667	84.0	3.0	87.0
8	129608668	129610517	84.0	3.0	87.0
8	129610518	129756089	84.0	3.0	87.0
8	129756090	129758098	34.0	3.0	37.0
8	129758099	130155783	30.0	3.0	33.0
8	130155784	130157003	14.0	5.0	19.0
8	130157004	130213119	26.0	3.0	29.0
8	130213120	130512383	21.0	3.0	24.0
8	130512384	130807637	7.0	4.0	11.0
8	130807638	130865019	21.0	3.0	24.0
8	130865020	130869234	21.0	3.0	24.0
8	130869235	130872551	4.0	0.0	4.0
8	130872552	146364021	4.0	0.0	4.0
9	47500	247572	2.0	1.0	3.0
9	247573	22516241	2.0	1.0	3.0
9	22516242	35804133	3.0	0.0	3.0
9	35804134	47299999	3.0	1.0	4.0
9	50700000	66486485	2.0	0.0	2.0
9	66486486	80987901	3.0	0.0	3.0
9	80987902	109106671	2.0	0.0	2.0
9	109106672	109152048	4.0	0.0	4.0
9	109152049	140273200	2.0	0.0	2.0
10	96595	29601514	5.0	2.0	7.0
10	29601515	29665132	16.0	2.0	18.0
10	29665133	29674650	16.0	2.0	18.0
10	29674651	37999999	3.0	2.0	5.0
10	42417500	114183119	2.0	2.0	4.0
10	114183120	114353017	2.0	0.0	2.0
10	114353018	135389924	2.0	2.0	4.0
11	20721	229924	3.0	0.0	3.0
11	229925	50757540	3.0	0.0	3.0
11	55700000	71684838	5.0	0.0	5.0
11	71684839	72188733	6.0	0.0	6.0
11	72188734	79446704	5.0	0.0	5.0
11	79446705	79523755	2.0	0.0	2.0
11	79523756	79733843	5.0	0.0	5.0
11	79733844	79870374	2.0	0.0	2.0
11	79870375	79948662	2.0	1.0	3.0
11	79948663	80316028	2.0	0.0	2.0
11	80316029	80543876	3.0	1.0	4.0
11	80543877	80767241	2.0	0.0	2.0
11	80767242	80858757	0.0	0.0	0.0
11	80858758	80868482	2.0	0.0	2.0
11	80868483	80868493	2.0	0.0	2.0
11	80868494	81028605	2.0	0.0	2.0
11	81028606	87747313	5.0	0.0	5.0
11	87747314	87749530	5.0	0.0	5.0
11	87749531	102575965	5.0	0.0	5.0
11	102575966	134452200	2.0	0.0	2.0
12	22500	33299999	3.0	1.0	4.0
12	33300000	38199999	3.0	1.0	4.0
12	38200000	40002601	3.0	1.0	4.0
12	40002602	132359989	4.0	0.0	4.0
12	132359990	133851894	4.0	0.0	4.0
13	1	16299999	3.0	1.0	4.0
13	19500000	52416014	3.0	0.0	3.0
13	52416015	114142800	3.0	0.0	3.0
13	114142801	115169877	3.0	0.0	3.0
14	1	16099999	3.0	2.0	5.0
14	19100000	21698289	4.0	2.0	6.0
14	21698290	21729615	2.0	1.0	3.0
14	21729616	69861466	4.0	2.0	6.0
14	69861467	70503462	5.0	2.0	7.0
14	70503463	106368400	4.0	2.0	6.0
15	1	15799999	3.0	1.0	4.0
15	20700000	71163698	4.0	0.0	4.0
15	71163699	71546919	6.0	0.0	6.0
15	71546920	100338800	4.0	0.0	4.0
15	100338801	102397226	4.0	0.0	4.0
16	83802	34599999	2.0	1.0	3.0
16	34600000	38599999	2.0	1.0	3.0
16	38600000	46452499	2.0	1.0	3.0
16	46452500	88840015	2.0	2.0	4.0
16	88840016	90354752	2.0	1.0	3.0
17	1389	22199999	4.0	0.0	4.0
17	22200000	25799999	4.0	0.0	4.0
17	25800000	37257901	4.0	0.0	4.0
17	37257902	38194808	16.0	0.0	16.0
17	38194809	38196656	3.0	0.0	3.0
17	38196657	56884440	4.0	0.0	4.0
17	56884441	57252459	5.0	0.0	5.0
17	57252460	78774600	4.0	0.0	4.0
17	78774601	81195209	4.0	0.0	4.0
18	27500	165298	2.0	2.0	4.0
18	165299	15399999	3.0	1.0	4.0
18	19000000	23289986	3.0	2.0	5.0
18	23289987	76117000	2.0	2.0	4.0
18	76117001	78077247	2.0	2.0	4.0
19	102500	240647	3.0	0.0	3.0
19	240648	4476243	3.0	0.0	3.0
19	4476244	4477865	3.0	0.0	3.0
19	4477866	8510006	3.0	0.0	3.0
19	8510007	14774986	2.0	2.0	4.0
19	14774987	14980184	3.0	0.0	3.0
19	14980185	14987366	3.0	0.0	3.0
19	14987367	15011619	3.0	0.0	3.0
19	15011620	15013313	1.0	1.0	2.0
19	15013314	15049868	1.0	1.0	2.0
19	15049869	15050042	1.0	1.0	2.0
19	15050043	15050145	1.0	1.0	2.0
19	15050146	15070208	1.0	1.0	2.0
19	15070209	15245915	6.0	2.0	8.0
19	15245916	17138985	6.0	3.0	9.0
19	17138986	22017996	18.0	3.0	21.0
19	22017997	22183893	16.0	3.0	19.0
19	22183894	22184681	6.0	3.0	9.0
19	22184682	23874983	6.0	3.0	9.0
19	23874984	23944441	4.0	4.0	8.0
19	23944442	24053934	4.0	4.0	8.0
19	24053935	24059062	4.0	4.0	8.0
19	24059063	24399999	4.0	4.0	8.0
19	28600000	29188388	3.0	2.0	5.0
19	29188389	29581066	3.0	2.0	5.0
19	29581067	30049411	3.0	2.0	5.0
19	30049412	30223967	3.0	3.0	6.0
19	30223968	30226953	5.0	2.0	7.0
19	30226954	30589679	37.0	2.0	39.0
19	30589680	30589699	25.0	3.0	28.0
19	30589700	30589710	25.0	3.0	28.0
19	30589711	30590229	25.0	3.0	28.0
19	30590230	30996556	38.0	0.0	38.0
19	30996557	31102196	38.0	0.0	38.0
19	31102197	31869407	38.0	0.0	38.0
19	31869408	31870475	25.0	0.0	25.0
19	31870476	32357498	45.0	0.0	45.0
19	32357499	32359109	45.0	0.0	45.0
19	32359110	32365848	45.0	0.0	45.0
19	32365849	32365902	47.0	2.0	49.0
19	32365903	32645927	78.0	1.0	79.0
19	32645928	32647011	48.0	1.0	49.0
19	32647012	32941482	99.0	0.0	99.0
19	32941483	33697591	99.0	0.0	99.0
19	33697592	34072511	99.0	0.0	99.0
19	34072512	34073948	80.0	0.0	80.0
19	34073949	34172142	80.0	0.0	80.0
19	34172143	34173751	32.0	0.0	32.0
19	34173752	34620501	32.0	0.0	32.0
19	34620502	34628594	32.0	0.0	32.0
19	34628595	34628617	32.0	0.0	32.0
19	34628618	34642747	32.0	0.0	32.0
19	34642748	34643744	32.0	0.0	32.0
19	34643745	34644083	32.0	0.0	32.0
19	34644084	34656342	32.0	0.0	32.0
19	34656343	37238329	31.0	2.0	33.0
19	37238330	37581400	27.0	2.0	29.0
19	37581401	41235068	31.0	2.0	33.0
19	41235069	43855399	1.0	1.0	2.0
19	43855400	43865390	1.0	1.0	2.0
19	43865391	43871574	1.0	1.0	2.0
19	43871575	43910684	2.0	1.0	3.0
19	43910685	43915389	1.0	1.0	2.0
19	43915390	43984919	1.0	1.0	2.0
19	43984920	43989071	1.0	1.0	2.0
19	43989072	44021781	1.0	1.0	2.0
19	44021782	50809058	3.0	1.0	4.0
19	50809059	52007799	3.0	1.0	4.0
19	52007800	53534922	2.0	1.0	3.0
19	53534923	59083323	3.0	1.0	4.0
20	32139	6269513	4.0	2.0	6.0
20	6269514	6270522	4.0	2.0	6.0
20	6270523	19233550	4.0	2.0	6.0
20	19233551	19254641	4.0	1.0	5.0
20	19254642	23119177	4.0	2.0	6.0
20	23119178	23415892	4.0	0.0	4.0
20	23415893	25599999	4.0	2.0	6.0
20	25600000	29399999	4.0	2.0	6.0
20	29400000	40730013	4.0	2.0	6.0
20	40730014	41244994	2.0	2.0	4.0
20	41244995	62385800	4.0	2.0	6.0
21	10900000	15278976	4.0	0.0	4.0
21	15278977	23640041	4.0	0.0	4.0
21	23640042	23905614	6.0	0.0	6.0
21	23905615	32934183	4.0	0.0	4.0
21	32934184	32981751	1.0	1.0	2.0
21	32981752	32982279	3.0	0.0	3.0
21	32982280	33002988	3.0	0.0	3.0
21	33002989	33014002	4.0	0.0	4.0
21	33014003	34255825	4.0	0.0	4.0
21	34255826	34631365	6.0	0.0	6.0
21	34631366	43889222	4.0	0.0	4.0
21	43889223	43898841	2.0	0.0	2.0
21	43898842	44346375	2.0	0.0	2.0
21	44346376	46937500	6.0	0.0	6.0
21	46937501	48129894	6.0	0.0	6.0
22	1	12199999	3.0	1.0	4.0
22	17900000	23245008	4.0	0.0	4.0
22	23245009	29065598	4.0	0.0	4.0
22	29065599	29065635	4.0	0.0	4.0
22	29065636	44120033	4.0	0.0	4.0
22	44120034	49687500	2.0	0.0	2.0
22	49687501	51304565	2.0	0.0	2.0
