chromosome_index position alt_count ref_count
1 880925 44 18
1 12064156 18 20
1 19712012 10 20
1 27627909 25 11
1 45205546 148 87
1 68948183 73 50
1 103491779 15 16
1 150131633 7 13
1 152191599 17 41
1 152283555 73 100
1 152882594 8 12
1 154528425 14 38
1 157556137 15 39
1 158324270 15 47
1 160460424 19 43
1 170941012 54 146
1 173174492 26 78
1 173176350 10 38
1 175375752 58 76
1 179834003 26 76
1 180151443 30 75
1 184868311 8 89
1 186276244 8 43
1 198687403 9 8
1 198713288 10 27
1 198828018 14 25
1 201821282 11 45
1 207739242 14 62
1 228612628 17 28
1 233750265 3 11
1 235628912 15 72
1 241798800 89 156
1 247593033 11 44
1 247655019 27 97
1 248458823 32 53
1 248525119 90 138
1 248525375 33 137
2 1642655 10 44
2 1670117 6 28
2 15496497 3 37
2 37505011 87 48
2 42720364 22 9
2 55470638 50 77
2 63176055 25 36
2 74719855 23 66
2 74906906 26 86
2 77745756 40 29
2 97464940 37 70
2 109367719 75 153
2 116283477 6 42
2 116497324 37 45
2 125281880 29 30
2 127806012 3 17
2 138414459 18 77
2 141709504 7 31
2 145157042 26 91
2 152486055 12 64
2 155295167 15 97
2 164467941 23 67
2 165795989 9 52
2 167328890 3 11
2 179438979 10 37
2 179474460 106 112
2 179516662 5 15
2 179582094 12 42
2 179584098 10 69
2 179654130 37 67
2 179659664 26 46
2 179665398 30 35
2 186678713 10 42
2 216235085 12 32
2 220073562 6 6
2 220437168 20 21
2 225365205 16 61
2 227924319 22 74
2 241530316 11 38
3 28520394 4 31
3 28520395 4 30
3 37048514 15 20
3 38949584 26 34
3 50091779 27 126
3 52521638 4 37
3 54603863 5 9
3 73016867 3 16
3 73433279 17 54
3 74411124 7 33
3 75477026 7 8
3 78766929 4 13
3 85961535 3 21
3 89156987 16 35
3 108568076 14 57
3 109026954 24 94
3 118621324 21 87
3 122646669 6 43
3 123987646 14 61
3 134089875 12 7
3 148459551 76 33
3 152553781 6 127
3 155199248 14 80
3 172674544 5 59
3 190366326 12 100
3 193366587 19 66
3 194408726 7 15
4 5754629 14 46
4 5975389 82 60
4 7533275 13 10
4 40104316 32 16
4 62679530 9 8
4 62679532 9 9
4 71201994 14 6
4 89607922 16 19
4 94006249 23 21
4 115858477 37 11
4 149356316 22 59
5 13859686 46 136
5 19839081 16 12
5 23522455 47 42
5 23527462 37 37
5 33616118 14 46
5 40853377 123 134
5 41052600 13 54
5 88047672 44 113
5 128301819 10 11
5 140176015 30 54
5 140262396 7 46
5 140537185 36 25
5 140537575 19 40
6 24861201 6 3
6 26246948 20 10
6 31964316 42 15
6 56341031 10 8
6 64395424 12 168
6 71570005 9 63
6 79711634 23 13
6 88387536 19 32
6 100964151 44 34
6 118596758 9 52
6 160978515 39 34
7 1040142 6 4
7 5239204 43 24
7 20403258 13 5
7 32598671 19 31
7 38402543 19 45
7 47453532 23 94
7 48035729 14 81
7 64168128 4 22
7 70255697 15 32
7 81335729 30 85
7 93108690 68 168
7 100681637 120 149
7 119915648 26 35
7 121671535 26 40
7 124387345 6 41
7 142498951 19 102
7 143079743 111 157
7 143806846 105 134
7 152551645 27 36
8 2056622 20 36
8 8750004 6 7
8 21848388 37 136
8 26365820 10 36
8 42823227 20 42
8 48715931 33 83
8 67578251 32 55
8 68184095 8 42
8 69552738 24 45
8 73848742 23 105
8 77764235 19 59
8 85441758 7 36
8 92365165 40 69
8 95952351 20 20
8 105510273 27 46
8 110431467 3 22
8 114389046 15 58
8 139649040 63 141
8 144995520 12 110
9 21971120 5 7
9 35750932 61 21
9 36109951 47 237
9 86584314 41 45
9 94499675 28 39
9 101800963 29 109
9 103109584 62 187
9 119567939 57 66
9 120470905 37 107
9 134090708 43 41
9 139273626 5 6
9 139402542 7 38
9 140109611 7 10
10 15649744 124 67
10 15700997 13 11
10 60562844 9 14
10 72468365 10 33
10 73044575 18 44
10 79764513 6 17
10 103360557 15 32
10 105174888 8 18
10 118215284 3 33
10 118351331 29 91
10 118396416 3 12
10 125447567 19 36
10 129913803 18 44
10 134563023 8 21
11 5730527 12 45
11 6231257 15 10
11 7847305 41 22
11 48181590 63 37
11 55340052 20 58
11 55890010 66 333
11 56000380 6 97
11 56000428 10 81
11 56086376 22 71
11 56344727 22 74
11 58275518 23 35
11 58949291 14 46
11 59271271 40 85
11 61583972 3 6
11 63137901 11 36
11 68518104 8 13
11 89935555 14 12
11 108381350 23 15
11 123777713 10 111
11 124121234 13 14
11 128332245 9 15
12 7280932 20 77
12 7973850 76 68
12 11183779 42 168
12 26774192 11 276
12 27950849 15 45
12 40041680 8 32
12 43833759 7 3
12 45410203 12 45
12 52863216 3 41
12 62104166 41 73
12 67699449 84 29
12 81110924 23 17
12 101767436 12 28
12 112186135 43 26
12 113629589 33 18
13 24876972 10 13
13 58207238 6 11
13 103514530 12 71
14 21058898 39 68
14 35262044 16 88
14 42356347 37 21
14 42356804 18 162
14 44976037 73 181
14 55510854 45 48
14 64468757 102 112
14 69542127 40 105
14 70924226 17 206
14 76633013 17 33
14 94568245 16 58
14 95111301 37 43
15 22473086 29 194
15 24921689 7 38
15 25962006 14 56
15 34021144 8 12
15 40710403 16 62
15 45253759 3 68
15 48720627 18 16
15 49880219 9 24
15 72023554 14 37
15 81517986 6 27
16 3781826 19 54
16 10995377 14 23
16 29825972 10 35
16 76389225 6 38
16 81942171 6 7
17 4883214 24 83
17 7297016 4 8
17 7577018 74 21
17 10248871 51 86
17 11543609 158 58
17 15215750 6 65
17 17910396 9 13
17 26906469 62 74
17 36520668 12 69
17 37687138 10 227
17 38133511 9 74
17 39190615 11 38
17 40858050 6 12
17 45891043 13 54
17 48618421 4 33
17 67124870 11 66
17 72588683 8 30
17 77078233 6 13
17 78219976 25 115
18 3215034 9 45
18 5291107 27 109
18 5291112 27 108
18 10540342 29 40
18 14752641 14 13
18 23731942 12 82
18 29054239 52 50
18 34415329 9 209
18 34647234 12 71
18 40853629 23 12
18 44579299 30 17
19 8367311 18 57
19 9062481 17 72
19 10107183 8 34
19 10624466 10 76
19 14991735 23 45
19 30935052 10 13
19 39359687 5 18
19 39868430 3 28
19 41450419 3 10
19 42863326 5 6
19 43585341 49 87
19 44222679 20 61
19 44833219 13 38
19 47761913 10 26
19 48607867 16 42
19 50306435 14 33
19 52905281 5 28
19 55107222 26 70
19 55285082 50 124
19 56423633 14 25
19 56485041 47 118
19 57868528 11 26
19 58001541 14 23
19 58945609 17 56
19 58945629 16 55
19 58945685 15 40
19 58945763 12 51
19 58946028 17 89
20 1285749 11 31
20 14066362 7 28
20 17600950 29 94
20 21687085 13 38
20 29632694 47 693
20 33609096 12 33
20 36776383 9 13
20 42885797 10 3
20 54575848 23 67
20 57781960 67 238
21 11039019 14 470
21 33647184 19 4
21 43187145 9 10
21 44195393 36 64
22 22786685 87 103
22 22989484 41 121
22 39387522 27 224
22 46114314 26 121
