chromosome_index position alt_count ref_count
1 4829977 43 159
1 26360245 37 97
1 39908232 26 40
1 152383314 21 128
1 159683270 9 38
1 160650998 13 53
1 176738863 15 145
1 207109003 8 37
1 207222672 48 127
1 241680611 11 37
1 248737781 16 58
2 197183966 12 42
2 223918016 10 41
3 32032156 20 42
3 126733334 9 36
3 194080356 6 26
4 39978105 37 110
4 74902951 10 45
4 113347690 20 69
4 126373729 12 48
4 134071537 28 96
4 141300319 25 127
4 146770712 21 88
4 187629108 20 45
5 140263259 44 124
5 167545383 50 186
5 174869350 29 86
6 26271609 11 47
6 39159505 43 117
6 42796801 15 47
6 56473921 55 159
7 136699801 34 96
8 27918050 6 28
8 48883929 8 32
8 70570892 5 13
8 110503288 27 65
8 139164609 11 54
8 145771119 9 43
9 34241766 18 34
9 134136553 28 74
9 135147149 7 193
9 136253278 23 68
10 120353933 7 25
11 534289 7 47
11 1651181 23 90
11 34485744 24 80
11 55652898 40 129
11 56408971 6 38
12 34179455 23 95
12 49415846 47 132
12 64062197 3 9
13 70549904 16 42
13 98828825 33 97
14 21863099 27 68
14 53175510 17 44
15 42109605 19 56
15 43771645 29 62
16 27504019 33 77
16 67262976 15 51
16 67264614 41 154
17 42855361 39 139
17 58234830 23 94
19 8174522 24 80
19 12958457 25 58
19 18899307 3 26
19 36360482 5 12
19 46318949 4 13
19 55107315 27 73
20 58318189 26 91
21 33065610 20 59
