chromosome_index position alt_count ref_count
1 9781535 17 42
1 12785921 32 43
1 16069353 16 21
1 18152812 35 57
1 18691941 58 123
1 21031387 28 40
1 25944517 6 10
1 40775613 57 77
1 43232697 9 8
1 44169289 8 241
1 44878026 129 258
1 53925124 24 53
1 55529216 14 35
1 60314155 41 86
1 103471438 67 113
1 109793500 22 46
1 120612030 3 13
1 151023104 11 13
1 152383038 142 226
1 152800058 33 67
1 153906318 21 28
1 155291733 14 25
1 155823173 9 228
1 157069063 22 58
1 176661335 75 146
1 190195367 21 65
1 197091418 14 26
1 202092290 14 9
1 203743235 29 62
1 209936905 26 35
1 223567028 9 12
1 236881198 3 55
1 240255893 16 31
1 248402703 63 107
1 248525386 82 169
2 9531254 10 178
2 14774494 11 4
2 21232182 21 41
2 42871302 27 57
2 68621263 71 137
2 68621303 55 109
2 69271902 40 102
2 86361473 15 38
2 100209739 28 46
2 103318900 46 98
2 131519750 9 7
2 163044862 25 26
2 170044654 53 76
2 179400049 73 128
2 179418006 87 146
2 186672270 6 191
2 189975051 42 64
2 206041301 10 42
2 210642034 43 96
2 219143279 32 39
2 219609911 67 133
2 220501117 37 41
2 232374028 46 67
2 242274555 7 35
2 242371150 45 64
3 42916392 11 9
3 46399319 117 184
3 46724759 14 8
3 47142990 99 78
3 48895967 54 34
3 65365050 13 6
3 95374167 20 23
3 97611834 49 114
3 98002463 31 90
3 98240031 56 146
3 114070355 21 69
3 129137108 35 26
3 134851892 17 49
3 134881015 27 72
3 142241604 91 260
3 152058184 14 27
3 164906519 38 71
3 168807873 58 215
3 168807874 59 215
3 184100484 89 71
4 36135012 21 9
4 46737236 31 28
4 55958788 17 21
4 85530642 54 32
4 99393613 21 16
4 109002749 19 6
4 113351678 31 17
4 113565913 4 73
4 119979008 34 30
4 121616416 25 14
4 151773702 40 24
4 183713537 40 18
5 140182847 48 18
5 140208462 10 74
5 142680225 63 54
5 176696631 49 16
6 28200375 24 48
6 31541240 106 28
6 32261554 253 88
6 70909315 53 22
6 96054135 46 18
6 137187869 10 38
6 165829708 94 45
6 166918039 63 16
6 166918040 63 16
7 6031654 12 33
7 6431584 28 71
7 6639817 11 31
7 21939723 20 42
7 31009500 74 108
7 38289084 106 210
7 38725441 36 90
7 73811475 33 62
7 88965368 19 39
7 92760528 19 32
7 93067382 12 19
7 94049586 43 66
7 99367429 67 142
7 106897209 15 38
7 107542181 31 69
7 117864854 41 50
7 122338572 51 111
7 128496897 22 57
7 130038517 8 12
7 130040572 12 22
7 131870117 46 85
7 137773401 25 45
7 141805746 18 44
7 150069034 16 28
8 1828220 31 54
8 16012606 47 41
8 32505416 5 53
8 48719804 53 115
8 86193528 129 215
8 98973728 38 51
8 99248401 21 38
8 101146192 45 67
8 101245659 47 56
8 101281076 48 100
8 103662514 39 83
8 109001416 40 51
8 113326189 35 70
8 114326923 89 126
8 130861552 24 60
8 139180146 62 91
8 144943648 13 24
9 5070053 3 30
9 15192599 77 26
9 43624958 136 610
9 95481276 53 23
9 134025771 47 22
10 17107605 55 97
10 21120411 46 73
10 25887113 42 88
10 43654346 13 46
10 48371120 52 21
10 72289798 14 8
10 73326642 23 12
10 87487767 113 63
10 94409662 26 25
10 94410206 46 29
10 101590552 43 23
10 103988822 3 39
10 134012417 35 25
11 3249621 6 7
11 5080587 14 15
11 5080588 14 15
11 5080785 26 44
11 6023926 28 50
11 6048912 73 134
11 6048913 73 133
11 7324593 8 21
11 9603115 29 49
11 15247298 21 20
11 30033036 28 32
11 30925146 12 18
11 32697138 8 15
11 33566385 16 17
11 40137244 26 68
11 44099414 20 38
11 45970434 52 102
11 48346889 50 397
11 55681934 21 41
11 55927561 33 58
11 58972338 4 11
11 59626613 47 94
11 62744174 7 7
11 62751953 48 67
11 63999935 14 35
11 65113462 69 122
11 65124453 55 95
11 65838208 3 10
11 71166186 37 68
11 86519529 47 109
11 105924321 45 39
11 109294504 13 35
11 112104321 23 24
11 121058628 42 80
11 121175181 33 51
11 123756232 4 9
11 123909601 29 112
11 130343465 26 21
11 134093809 4 41
12 8666243 20 29
12 22623838 29 49
12 29631832 11 29
12 39760235 43 47
12 40734125 51 146
12 40761645 4 5
12 43826243 40 75
12 49434903 25 24
12 51121588 77 117
12 53663320 167 309
12 53819263 33 77
12 62708619 183 312
12 80203635 14 38
12 80651772 16 43
12 82824688 70 105
12 94543741 7 15
12 101413845 24 64
12 101442178 25 51
12 102872304 15 28
12 111348877 42 69
12 124172644 56 155
12 131569199 14 23
12 133354336 17 25
13 20567346 23 120
13 20567525 15 48
13 20567573 26 68
13 20567803 123 333
13 20567851 94 262
13 20568004 69 244
13 20568028 77 277
13 53421590 22 13
13 53421591 23 13
13 102029054 61 129
13 113527896 42 69
13 114112392 198 292
14 19574304 13 29
14 21990847 42 33
14 58598408 62 76
14 106725471 41 138
15 28465667 73 119
15 33955780 13 33
15 50271902 90 150
15 71404546 8 25
15 75012843 53 82
15 80872844 28 48
15 83224681 31 49
15 90897909 11 24
16 12142233 75 106
16 14014057 20 52
16 20442601 72 149
16 20554474 164 548
16 26147451 12 159
16 30724634 42 220
16 70604043 40 29
17 7578382 52 23
17 18668086 6 152
17 33689942 125 43
17 39394625 88 44
17 45452306 14 27
17 72344020 8 5
17 73566264 5 10
18 13826449 107 156
18 31325999 42 49
18 46284319 69 98
18 60642823 67 123
18 72343774 46 88
18 74625758 28 48
19 14676967 11 21
19 14884813 80 126
19 17759744 4 12
19 18188455 12 33
19 18779702 22 40
19 20307846 39 68
19 22155843 26 71
19 23938269 76 121
19 24310244 27 41
19 33167314 3 12
19 33417844 12 25
19 33628589 25 54
19 35804402 10 12
19 40006578 16 3
19 45389198 90 24
19 45924470 79 19
19 49558755 14 14
19 51628948 4 106
19 57175283 41 11
20 9404577 17 42
20 18296189 44 53
20 18395156 10 7
20 25655620 11 25
20 29628259 6 115
20 49224934 17 45
20 57480498 8 113
21 34923873 16 207
21 45513965 14 101
22 22890661 34 55
22 26688413 18 23
22 28192792 75 108
22 36054912 18 33
22 43023325 10 32
22 47069654 72 118
22 50957764 6 19
