chromosome_index position alt_count ref_count
1 981877 6 18
1 6285225 8 123
1 10239580 5 113
1 21798162 12 96
1 22974268 4 56
1 26610879 3 40
1 27120996 14 58
1 34191063 3 32
1 44595357 13 57
1 46978179 11 46
1 47079024 10 82
1 57161811 9 188
1 57169951 9 67
1 70225987 5 48
1 85564319 10 83
1 110026626 3 15
1 113059863 5 60
1 115256529 27 137
1 117158957 9 42
1 153085163 11 158
1 156876099 11 65
1 157516835 6 69
1 157559173 5 51
1 158436086 8 68
1 158624456 6 41
1 158644202 14 137
1 163044187 19 411
1 171504724 19 172
1 185267166 7 94
1 196648872 4 31
1 201965455 17 81
1 209879168 8 84
1 225155458 4 25
1 227843440 3 27
1 228434305 5 67
1 248059443 13 84
1 248569574 6 112
2 24483983 7 65
2 27165450 3 33
2 27373233 23 212
2 27800747 6 79
2 32476105 15 113
2 39213377 14 105
2 58315490 9 98
2 71651808 5 48
2 80529798 8 29
2 90260089 29 156
2 102957138 13 125
2 112592422 8 33
2 112686787 7 47
2 118583061 12 104
2 119739964 24 166
2 128179007 3 33
2 135920326 13 59
2 149226605 15 131
2 155711355 9 59
2 160605324 21 215
2 162696385 10 77
2 166003297 20 126
2 179427377 6 54
2 201474026 5 40
2 207827333 11 56
2 215812177 13 105
2 215843182 3 18
2 219855672 14 85
2 220408029 3 31
2 227942690 4 29
2 231742193 12 76
2 234346951 11 113
2 239169512 39 239
3 1414548 5 102
3 10146064 20 123
3 16250049 18 138
3 35786040 4 24
3 38908950 8 51
3 39230323 9 76
3 47374649 25 110
3 48266136 16 99
3 48622173 11 57
3 49737164 10 76
3 49932731 25 109
3 53842755 14 68
3 60522612 7 40
3 68055846 20 112
3 77147193 4 22
3 97731240 6 41
3 97983156 6 76
3 113002394 22 106
3 121605305 3 13
3 121707234 9 76
3 151055765 24 99
3 179322377 21 141
3 183823942 14 83
3 184075410 19 71
3 189038588 5 23
4 860793 9 91
4 8465746 14 113
4 9784136 4 42
4 10445648 6 58
4 17910842 5 59
4 37846151 12 94
4 42509070 9 145
4 55976644 8 68
4 70080454 24 146
4 70823220 10 31
4 71024221 15 201
4 71024222 16 200
4 73951085 14 125
4 74719578 4 38
4 75312457 9 141
4 87728918 18 132
4 100131402 13 47
4 114823932 11 87
4 126239895 5 78
4 134072586 24 283
4 134084242 11 57
4 141789475 4 47
5 635648 7 77
5 13824412 7 64
5 13891128 15 163
5 35014121 18 123
5 42719616 3 27
5 71756610 24 150
5 78338188 12 68
5 96253237 7 37
5 101815988 12 70
5 126783338 9 62
5 133914780 11 80
5 140256892 10 76
5 140530093 7 105
5 140740132 4 57
5 140767861 5 46
5 145317513 14 96
5 149618263 5 15
5 154393573 8 44
5 156592675 18 142
5 156916114 6 30
5 160031010 9 106
5 161580383 19 148
5 162898386 3 33
5 178408800 15 157
5 178506291 7 98
5 179564974 10 54
6 7310170 19 83
6 26407991 22 60
6 31728487 28 67
6 32024404 10 37
6 38690828 18 53
6 42237025 10 228
6 44121814 12 132
6 54735396 23 89
6 107232089 4 37
6 132938776 6 56
6 152832211 21 148
6 153043126 9 89
7 2771220 14 71
7 8099816 4 63
7 43351456 5 60
7 82545691 14 422
7 86394656 12 99
7 97770818 12 159
7 115614248 4 61
7 141672517 6 63
7 141754683 9 60
7 142247275 4 74
7 150163900 14 116
7 150174357 8 45
7 150439501 5 56
8 3008995 3 26
8 3216757 5 74
8 10683697 5 18
8 19362901 5 73
8 25766067 5 44
8 55539327 9 80
8 79627472 15 48
8 87235215 10 115
8 92378928 14 98
8 101232634 15 122
8 106810973 5 35
8 106813949 9 117
8 110592286 3 24
8 113277661 26 97
8 116616206 7 50
8 139601575 5 31
8 143784537 4 30
8 144804368 24 76
8 145535878 3 15
8 145661735 12 118
8 145722746 6 30
9 34658540 8 53
9 71628885 7 42
9 78774027 6 55
9 107288828 15 127
9 116135985 5 51
9 127912080 4 42
10 15255781 5 83
10 26589854 12 76
10 38647312 3 24
10 46122157 13 75
10 47086948 6 157
10 61842455 14 96
10 61967799 6 80
10 63852711 16 134
10 63852712 15 129
10 71075669 8 76
10 75574908 4 43
10 87487642 11 73
10 93723839 11 65
10 95720835 9 77
10 96827110 6 45
10 99150185 5 38
10 101639890 18 143
10 104140354 44 339
10 122348866 9 129
10 127437977 7 44
11 5322936 12 68
11 5537108 12 94
11 10648027 6 24
11 17418785 18 86
11 55038462 17 43
11 55322867 12 30
11 56058503 11 74
11 62487585 18 153
11 62984833 8 25
11 66631274 11 98
11 66631275 12 98
11 101762145 5 126
11 120348914 4 36
11 129756296 18 136
12 7531821 7 69
12 7531843 6 56
12 7883438 16 95
12 11461315 29 297
12 21918537 4 15
12 31815175 6 60
12 43771331 3 19
12 51089141 26 147
12 52714916 4 61
12 55795213 7 36
12 55820223 10 112
12 58160754 18 207
12 63195720 7 88
12 66641908 8 86
12 72936121 4 27
12 100173666 11 77
12 103240729 8 70
12 106460542 23 115
12 106903195 20 140
12 108600113 8 50
12 108923975 12 128
12 122669236 4 46
13 31722561 6 83
13 49281077 8 83
13 52989937 17 138
13 103279436 15 102
14 22985275 18 157
14 30135411 10 73
14 36302296 3 10
14 64746761 34 230
14 65253758 5 41
14 67431911 8 72
14 72431560 8 65
14 80669529 3 12
14 92258768 12 93
14 93995633 6 44
14 94756928 3 26
14 97347544 5 14
14 101515032 3 22
14 106845446 24 196
15 23811429 8 30
15 34551103 12 77
15 54914599 8 80
15 64017527 9 43
15 65678271 8 45
15 67479753 9 72
15 72432498 10 78
15 78485862 10 76
15 78888994 7 38
15 78888995 6 37
15 84690343 9 55
16 601394 13 65
16 1254209 3 17
16 2546500 9 71
16 3165541 3 23
16 3255030 23 149
16 20487038 12 169
16 28878334 5 54
16 29993025 4 63
16 31049305 11 43
16 85954861 7 115
17 7643748 18 144
17 7643749 17 146
17 7811260 6 68
17 10321968 34 150
17 10427124 9 96
17 11659918 14 191
17 16024455 9 116
17 18541698 12 131
17 29857406 10 104
17 39115076 7 68
17 42636342 13 114
17 47284154 9 82
17 62043903 4 25
17 76802333 7 63
18 19763002 4 38
18 31318615 5 43
18 40850235 16 85
18 40850236 15 87
18 50705382 8 47
18 67816141 4 82
19 2832427 11 151
19 2853485 5 58
19 9204238 6 46
19 9578875 10 75
19 10080598 8 69
19 10467257 3 44
19 16000404 13 118
19 19825212 6 59
19 22379442 14 181
19 31039166 15 108
19 36577688 4 10
19 38160808 14 113
19 41807520 16 118
19 42853729 12 61
19 46313906 24 166
19 51728780 10 72
19 52249686 8 97
19 53741127 7 64
19 55687184 9 88
19 55687185 8 84
19 56363518 12 138
19 57326575 8 90
19 58117801 9 60
19 58490031 7 78
20 16354929 5 55
20 31657762 22 162
20 36869848 12 59
20 44670118 8 74
20 49458308 4 35
21 41447001 4 35
21 41447002 4 37
21 41710036 10 145
21 43711742 5 39
21 45810877 13 76
21 45950945 3 22
21 46696962 16 85
22 19171090 11 41
22 21150466 7 33
22 24898472 17 159
22 26423485 7 28
22 37524694 16 41
22 38041380 16 105
22 38934372 15 47
22 40366957 10 89
22 41257305 27 75
22 41973927 26 45
22 44892893 17 30
22 46346011 4 26
