chromosome_index position alt_count ref_count
1 2234506 28 43
1 12186060 38 45
1 24447964 12 41
1 66102281 35 56
1 94544956 3 47
1 103540213 13 32
1 108700189 30 27
1 148252093 31 186
1 158576834 39 70
1 179064160 29 56
1 197071942 43 68
2 11593783 26 107
2 11750922 18 62
2 24533250 44 160
2 29150465 9 17
2 68544214 17 48
2 80646672 12 52
2 80646673 11 51
2 89399370 38 81
2 115200395 8 21
2 144899585 12 31
2 160636571 20 49
2 160637477 21 56
2 170030461 23 55
2 179449635 20 72
2 191235886 22 36
2 207406809 15 84
2 217142512 11 55
2 219900114 4 17
2 227663232 32 152
2 242572493 12 38
2 242742902 6 20
3 42956829 11 22
3 113955906 66 26
3 126219701 34 17
3 147114065 6 7
3 164735446 8 40
3 169487268 23 93
3 178936091 50 39
3 197444857 14 88
4 20568974 41 86
4 52861875 22 52
4 113348782 7 23
4 177077246 20 41
4 177241123 13 25
4 177241124 14 24
5 5237117 24 89
5 13850862 25 54
5 33892007 10 26
5 45695955 4 16
5 89948210 41 70
5 134364901 16 36
5 153382469 36 87
5 159344165 48 60
5 179020526 13 15
5 179734220 4 4
6 28194989 10 20
6 32797214 3 10
6 51732854 10 23
6 100395747 40 71
6 166580205 12 80
6 167754296 46 150
7 88963423 13 15
7 98994233 10 48
7 100201147 18 13
7 101870706 72 69
7 103801549 32 27
7 105636781 8 5
7 132481310 6 39
7 134939900 15 104
7 137151674 5 34
7 141734499 22 24
7 147336253 27 71
8 86360276 9 21
8 113657409 14 29
8 145622980 9 28
9 32635526 30 27
9 123626344 12 13
9 123632765 6 126
10 15689005 21 47
10 37506654 9 40
10 73569657 20 89
10 84738738 4 22
10 88441312 9 33
10 97081774 25 61
10 98799806 10 16
10 101458472 7 36
10 116056837 10 25
10 118231353 25 64
10 118451919 40 114
10 134015457 7 46
11 1269012 13 27
11 17124380 10 34
11 22364898 19 48
11 27390166 22 46
11 30033077 24 42
11 55063064 7 19
11 55063065 7 19
11 56344632 8 23
11 66189682 16 19
11 66191054 21 38
11 66192248 56 72
11 70049737 15 32
11 89891357 37 85
11 122953875 27 47
12 7066919 8 70
12 8211356 150 126
12 10954186 64 60
12 21590695 3 23
12 52627141 11 10
12 121790215 8 22
12 123067518 10 6
13 20411849 14 30
13 41894957 12 19
13 53617300 22 33
13 70371027 11 97
14 20216063 7 50
14 20529107 12 32
14 21873432 8 8
14 24543955 3 8
14 69256784 23 30
14 79433607 13 15
15 20489448 7 107
15 22369133 35 456
15 23932094 18 34
15 25427429 15 38
15 28447621 4 26
15 30053374 16 44
15 34355794 29 72
15 54825227 2 8
15 74704231 22 60
15 76075401 40 88
15 101567857 4 5
16 1818265 38 64
16 1994859 23 81
16 3294567 3 49
16 17232349 17 31
16 50765750 9 25
16 51171060 18 20
16 89245975 13 27
17 28791658 39 144
17 42849012 14 57
17 58127025 12 28
17 70117755 4 7
17 74150240 15 41
17 78811791 4 11
17 80159587 11 44
18 3142040 12 55
18 34174788 18 22
19 7607476 13 22
19 7964661 17 27
19 9048804 27 72
19 18329147 35 68
19 24010212 10 7
19 36590345 4 48
19 43430783 63 179
19 47597309 18 62
19 55331433 122 54
19 56688495 10 11
20 19677462 15 33
21 15918655 5 8
22 25158424 33 49
