chromosome_index	position	alt_count	ref_count
1	6236910	13.0	15.0
1	7712482	17.0	15.0
1	7883139	24.0	16.0
1	15991575	15.0	22.0
1	17234314	17.0	79.0
1	18798269	17.0	21.0
1	19068894	4.0	22.0
1	20873631	9.0	14.0
1	24539815	16.0	17.0
1	36676962	6.0	10.0
1	37943328	11.0	8.0
1	39376438	8.0	10.0
1	41429765	8.0	14.0
1	43669926	27.0	20.0
1	44321518	17.0	15.0
1	44616284	14.0	17.0
1	45700296	8.0	18.0
1	47253306	19.0	16.0
1	52910704	12.0	16.0
1	53611858	13.0	19.0
1	56864384	16.0	17.0
1	59334891	10.0	17.0
1	59424643	16.0	18.0
1	61368428	21.0	17.0
1	68025511	1.0	16.0
1	68382678	6.0	33.0
1	70009499	13.0	17.0
1	70179035	11.0	18.0
1	70704503	8.0	27.0
1	72792551	15.0	20.0
1	76767828	26.0	21.0
1	79008253	19.0	21.0
1	80452300	17.0	15.0
1	81228863	11.0	19.0
1	81464330	13.0	20.0
1	81993571	17.0	17.0
1	84781310	18.0	11.0
1	85260340	14.0	26.0
1	86199212	6.0	26.0
1	87303197	20.0	25.0
1	90182274	20.0	19.0
1	94764758	26.0	14.0
1	98769981	10.0	11.0
1	103538305	17.0	17.0
1	104802324	13.0	20.0
1	112868353	15.0	15.0
1	114340262	19.0	17.0
1	116658044	22.0	23.0
1	119080013	12.0	14.0
1	147320440	7.0	23.0
1	152920286	15.0	25.0
1	153627252	17.0	16.0
1	159456819	18.0	16.0
1	161395044	14.0	21.0
1	161403588	3.0	25.0
1	164105174	13.0	14.0
1	164211553	17.0	22.0
1	164687022	28.0	12.0
1	164950436	15.0	22.0
1	166744901	11.0	21.0
1	167415887	11.0	16.0
1	168088618	12.0	10.0
1	178215545	10.0	19.0
1	178384714	25.0	22.0
1	178471421	4.0	28.0
1	178559142	19.0	20.0
1	186269127	16.0	22.0
1	186825868	12.0	15.0
1	187260131	19.0	18.0
1	188245344	10.0	9.0
1	189430820	19.0	18.0
1	190032100	19.0	19.0
1	190086411	23.0	15.0
1	190257754	3.0	32.0
1	190900697	20.0	17.0
1	191064973	13.0	27.0
1	191242793	13.0	15.0
1	191619096	17.0	14.0
1	192102697	18.0	17.0
1	195945123	25.0	16.0
1	201149354	21.0	16.0
1	201992630	14.0	18.0
1	208966291	9.0	15.0
1	214819289	15.0	18.0
1	215765270	13.0	17.0
1	215795734	18.0	15.0
1	216582626	22.0	25.0
1	216771777	19.0	19.0
1	216833555	21.0	15.0
1	217699059	19.0	18.0
1	220644196	22.0	11.0
1	222015539	4.0	24.0
1	229539641	15.0	16.0
1	230856465	21.0	21.0
1	233732009	6.0	15.0
1	236411834	13.0	17.0
1	236859763	14.0	12.0
1	237354269	17.0	20.0
1	239261750	17.0	14.0
1	239339518	18.0	19.0
1	239745516	18.0	17.0
1	240907095	17.0	25.0
10	5093506	10.0	14.0
10	7077810	17.0	27.0
10	11898644	4.0	28.0
10	13401656	2.0	4.0
10	14739396	17.0	13.0
10	24239550	12.0	21.0
10	24857804	3.0	8.0
10	25535149	17.0	11.0
10	25654142	14.0	25.0
10	30436284	11.0	19.0
10	30466876	11.0	21.0
10	34917421	6.0	28.0
10	35215845	17.0	16.0
10	37268408	8.0	17.0
10	38561663	9.0	34.0
10	42598251	7.0	23.0
10	44799221	15.0	20.0
10	54256193	6.0	22.0
10	56515677	3.0	28.0
10	56520613	25.0	19.0
10	56537639	5.0	27.0
10	56565928	17.0	20.0
10	58437894	4.0	36.0
10	58550789	19.0	13.0
10	59251280	19.0	20.0
10	62847300	14.0	16.0
10	68340527	14.0	28.0
10	68579240	18.0	17.0
10	69172577	16.0	16.0
10	77950778	14.0	25.0
10	82514018	13.0	13.0
10	83412389	22.0	26.0
10	83953598	27.0	17.0
10	84255464	19.0	23.0
10	86378694	8.0	8.0
10	87248374	28.0	28.0
10	87685188	7.0	25.0
10	88243743	12.0	11.0
10	90495517	21.0	19.0
10	92302065	18.0	18.0
10	92380336	10.0	22.0
10	94512200	11.0	12.0
10	95341519	4.0	27.0
10	98287157	16.0	15.0
10	98702018	5.0	11.0
10	102609837	17.0	17.0
10	103136305	24.0	18.0
10	103136448	21.0	14.0
10	103136523	11.0	8.0
10	103136561	15.0	11.0
10	105694540	12.0	14.0
10	109733934	9.0	13.0
10	109755991	5.0	21.0
10	113286830	9.0	12.0
10	114046404	19.0	15.0
10	114891865	17.0	17.0
10	115873329	20.0	20.0
10	116877147	5.0	22.0
10	117561055	19.0	24.0
10	117581488	22.0	27.0
10	118307111	6.0	11.0
10	121336174	10.0	20.0
10	126079017	20.0	18.0
10	130066467	10.0	18.0
10	130134720	6.0	32.0
10	131627915	3.0	31.0
10	132339030	17.0	17.0
11	5156162	14.0	19.0
11	13473708	18.0	20.0
11	15987559	5.0	28.0
11	16121056	21.0	19.0
11	16319877	20.0	15.0
11	20131314	14.0	21.0
11	20308843	16.0	23.0
11	22889199	16.0	21.0
11	24827692	17.0	21.0
11	25198796	15.0	27.0
11	25243179	17.0	18.0
11	26385502	21.0	27.0
11	29204597	15.0	23.0
11	30317830	10.0	12.0
11	32066153	11.0	17.0
11	36836802	4.0	9.0
11	39464138	12.0	15.0
11	40218010	20.0	15.0
11	40450943	17.0	20.0
11	41868964	19.0	13.0
11	45469690	13.0	12.0
11	45914135	21.0	15.0
11	46590459	7.0	16.0
11	49943490	12.0	22.0
11	50175891	7.0	14.0
11	51281134	10.0	18.0
11	55647358	4.0	39.0
11	55915796	14.0	13.0
11	58185887	18.0	24.0
11	58338958	16.0	18.0
11	59202066	26.0	13.0
11	60212975	15.0	15.0
11	60285920	15.0	22.0
11	62072530	11.0	12.0
11	70788076	5.0	16.0
11	72727511	20.0	19.0
11	74543527	10.0	17.0
11	75667383	15.0	18.0
11	81368067	11.0	32.0
11	81779584	29.0	15.0
11	85676876	3.0	12.0
11	87111023	9.0	17.0
11	87172179	9.0	21.0
11	87178736	16.0	15.0
11	88387357	19.0	22.0
11	90236779	15.0	25.0
11	90857232	17.0	2.0
11	90869031	22.0	2.0
11	92410176	13.0	13.0
11	92424810	11.0	16.0
11	97153548	17.0	25.0
11	97943104	21.0	13.0
11	98280340	18.0	23.0
11	98736742	16.0	15.0
11	99842577	10.0	7.0
11	100101854	10.0	22.0
11	107597435	21.0	21.0
11	108734888	19.0	3.0
11	112793909	8.0	19.0
11	114980541	20.0	1.0
11	115898629	14.0	20.0
11	115898655	17.0	18.0
11	115958235	14.0	15.0
11	116018482	19.0	14.0
11	125249017	13.0	8.0
11	126850747	19.0	18.0
11	129036751	16.0	17.0
11	132298085	15.0	14.0
11	133701460	9.0	15.0
12	3174614	20.0	21.0
12	7525383	16.0	16.0
12	13206901	14.0	17.0
12	14818867	6.0	10.0
12	16120657	18.0	17.0
12	17378139	18.0	21.0
12	20230247	12.0	14.0
12	21330649	23.0	22.0
12	22373514	14.0	18.0
12	29464469	14.0	17.0
12	31968904	18.0	10.0
12	41267933	18.0	19.0
12	42721672	8.0	21.0
12	49513308	8.0	7.0
12	50336976	10.0	11.0
12	52467094	12.0	16.0
12	53688478	14.0	14.0
12	60102325	13.0	27.0
12	60651967	15.0	13.0
12	61136103	11.0	15.0
12	61285333	24.0	24.0
12	61415080	16.0	23.0
12	61433756	12.0	19.0
12	61838782	12.0	21.0
12	62423986	14.0	25.0
12	64116914	9.0	14.0
12	64361648	3.0	26.0
12	64947379	12.0	12.0
12	72995213	15.0	19.0
12	73515047	6.0	36.0
12	73598171	16.0	19.0
12	74768412	22.0	21.0
12	74928628	4.0	30.0
12	77803415	16.0	24.0
12	77990289	21.0	21.0
12	78599539	18.0	14.0
12	79730354	6.0	20.0
12	81429099	11.0	15.0
12	82401137	15.0	16.0
12	82736769	18.0	15.0
12	83088005	23.0	24.0
12	86241717	22.0	21.0
12	86322518	23.0	23.0
12	86631559	20.0	25.0
12	87415389	21.0	17.0
12	87438695	12.0	22.0
12	88081458	8.0	15.0
12	88418205	3.0	34.0
12	88692134	21.0	24.0
12	90907342	17.0	15.0
12	99519070	14.0	21.0
12	103079636	13.0	19.0
12	108418771	12.0	21.0
12	111316994	4.0	42.0
12	111643635	15.0	19.0
12	111716611	5.0	27.0
12	115520064	7.0	28.0
12	115635451	13.0	12.0
12	119566305	12.0	16.0
12	119831434	20.0	20.0
12	124973501	4.0	25.0
12	125831963	27.0	12.0
12	128749991	15.0	9.0
12	130557483	12.0	21.0
12	130887275	9.0	17.0
12	132032408	7.0	16.0
12	132377970	6.0	28.0
12	133317005	18.0	17.0
13	20555795	19.0	23.0
13	21528286	16.0	12.0
13	27286055	3.0	28.0
13	34669545	20.0	19.0
13	38602827	17.0	18.0
13	40132435	22.0	12.0
13	43252603	17.0	19.0
13	59791892	14.0	3.0
13	63321992	23.0	2.0
13	66801522	11.0	1.0
13	70429382	11.0	2.0
13	72291559	15.0	4.0
13	74684516	18.0	1.0
13	81852183	18.0	18.0
13	83382679	7.0	17.0
13	83809985	10.0	21.0
13	84293094	23.0	22.0
13	84590805	10.0	21.0
13	84640107	12.0	20.0
13	84875673	11.0	14.0
13	85022202	13.0	16.0
13	85731471	25.0	18.0
13	86703350	10.0	21.0
13	88079025	17.0	14.0
13	88393498	14.0	26.0
13	89799520	4.0	22.0
13	90439866	16.0	13.0
13	92698218	10.0	35.0
13	92749401	17.0	20.0
13	92943435	6.0	17.0
13	93332570	15.0	18.0
13	96615762	13.0	23.0
13	97532046	12.0	18.0
13	98402690	11.0	13.0
13	101705300	5.0	25.0
13	102683217	16.0	20.0
13	105132935	15.0	16.0
13	106094188	13.0	21.0
13	106477891	13.0	16.0
13	108998907	12.0	16.0
13	109005426	18.0	18.0
13	110580024	14.0	14.0
13	113049742	6.0	15.0
14	20270782	12.0	55.0
14	24387954	12.0	14.0
14	26348525	17.0	20.0
14	26696112	16.0	26.0
14	27813066	9.0	24.0
14	28493541	15.0	12.0
14	29826599	12.0	13.0
14	30097811	19.0	23.0
14	30902027	7.0	23.0
14	37668555	13.0	14.0
14	37668556	13.0	14.0
14	38190740	18.0	20.0
14	41744598	3.0	29.0
14	45043046	4.0	31.0
14	47265278	25.0	21.0
14	47408709	19.0	22.0
14	48681917	15.0	24.0
14	48935661	18.0	20.0
14	54782043	15.0	21.0
14	56152369	19.0	21.0
14	56692352	14.0	13.0
14	60785063	22.0	16.0
14	65314585	10.0	24.0
14	78592724	4.0	18.0
14	79100590	20.0	17.0
14	81333449	18.0	19.0
14	82619149	16.0	12.0
14	83931028	15.0	24.0
14	84972914	18.0	15.0
14	85141702	10.0	10.0
14	85477068	3.0	31.0
14	86859800	22.0	23.0
14	88159214	9.0	28.0
14	88379902	12.0	17.0
14	89498211	10.0	12.0
14	98356922	15.0	24.0
14	98442727	9.0	18.0
14	99540276	18.0	15.0
14	101757767	23.0	10.0
14	106239399	10.0	9.0
14	106240480	12.0	12.0
14	106323732	4.0	12.0
14	106325088	9.0	7.0
14	106326075	5.0	18.0
14	106326379	6.0	5.0
14	106326404	4.0	9.0
14	106326668	7.0	13.0
14	106329492	6.0	1.0
14	106329688	27.0	4.0
14	106329850	15.0	1.0
14	106383263	15.0	3.0
14	106610397	6.0	33.0
14	106610401	6.0	33.0
14	106610576	8.0	31.0
14	106610828	10.0	26.0
14	107252902	16.0	13.0
14	107252968	12.0	9.0
15	20171848	4.0	20.0
15	26780795	19.0	12.0
15	27698926	15.0	18.0
15	29055012	6.0	36.0
15	29925903	18.0	8.0
15	31090171	10.0	16.0
15	33623239	18.0	19.0
15	35675279	23.0	23.0
15	37134344	23.0	16.0
15	37750911	18.0	16.0
15	38531453	17.0	18.0
15	38738652	13.0	18.0
15	42296236	15.0	8.0
15	42616035	13.0	15.0
15	46333818	1.0	33.0
15	47440345	16.0	16.0
15	56268850	4.0	10.0
15	60388023	23.0	18.0
15	60455622	13.0	25.0
15	60737152	8.0	13.0
15	62968189	8.0	35.0
15	73968570	4.0	15.0
15	74132413	13.0	13.0
15	79547576	6.0	21.0
15	86710968	9.0	16.0
15	87537606	3.0	31.0
15	94662293	17.0	17.0
15	95130562	23.0	39.0
15	97242208	18.0	15.0
15	97614160	28.0	18.0
15	97824736	11.0	35.0
15	99201380	15.0	22.0
16	464690	19.0	9.0
16	476140	5.0	4.0
16	2928870	13.0	10.0
16	3960012	15.0	16.0
16	17230825	3.0	20.0
16	20078916	17.0	11.0
16	24956679	16.0	17.0
16	34208204	5.0	16.0
16	35166478	15.0	20.0
16	49136828	13.0	23.0
16	49608401	15.0	10.0
16	51537192	4.0	26.0
16	53317682	27.0	17.0
16	59939843	18.0	15.0
16	60103602	16.0	24.0
16	62024838	13.0	12.0
16	62313105	22.0	19.0
16	62468709	18.0	18.0
16	62574035	19.0	19.0
16	62703339	18.0	11.0
16	63190021	19.0	12.0
16	63887618	13.0	16.0
16	64358704	11.0	16.0
16	64954816	22.0	24.0
16	65028066	21.0	24.0
16	68064727	12.0	24.0
16	74061265	12.0	16.0
16	76789256	17.0	13.0
16	77085494	21.0	17.0
16	79328181	15.0	26.0
16	80849275	24.0	23.0
16	86908229	17.0	20.0
16	87005709	4.0	15.0
16	87849722	8.0	10.0
16	88917081	5.0	10.0
17	5399298	3.0	34.0
17	5530148	14.0	18.0
17	5657698	9.0	18.0
17	10749040	14.0	18.0
17	15193876	29.0	18.0
17	16764075	12.0	17.0
17	18065743	3.0	28.0
17	19164794	4.0	28.0
17	26803313	10.0	13.0
17	31837889	13.0	16.0
17	31913554	10.0	18.0
17	35211023	22.0	17.0
17	45277074	5.0	8.0
17	50935997	23.0	25.0
17	53970121	20.0	20.0
17	56108216	11.0	14.0
17	56162603	11.0	13.0
17	62476432	13.0	22.0
17	63318369	9.0	16.0
17	63691994	17.0	17.0
17	65915997	12.0	13.0
17	65977782	15.0	19.0
17	66758811	21.0	14.0
17	70231873	16.0	10.0
17	70590611	18.0	24.0
17	72557594	17.0	12.0
17	75111872	16.0	19.0
18	389051	8.0	23.0
18	1022510	17.0	14.0
18	1442078	16.0	23.0
18	4949022	7.0	27.0
18	5342251	15.0	23.0
18	5747583	18.0	14.0
18	7066476	16.0	22.0
18	8440225	11.0	16.0
18	12715278	20.0	15.0
18	19978784	21.0	12.0
18	22834533	19.0	17.0
18	27027571	8.0	16.0
18	27224184	14.0	24.0
18	27429511	19.0	9.0
18	28075632	17.0	25.0
18	30845285	25.0	19.0
18	36348803	25.0	14.0
18	38439573	17.0	26.0
18	39733451	20.0	20.0
18	40602892	21.0	17.0
18	41333278	24.0	27.0
18	44024766	17.0	17.0
18	46247102	16.0	14.0
18	46766822	15.0	17.0
18	53457387	15.0	20.0
18	55922620	11.0	8.0
18	57159620	21.0	23.0
18	58031678	14.0	9.0
18	58706766	13.0	13.0
18	63661137	19.0	21.0
18	65972789	19.0	18.0
18	66652775	16.0	13.0
18	66671963	16.0	17.0
18	68940323	25.0	15.0
18	71155906	18.0	18.0
18	71440218	16.0	24.0
18	73618668	4.0	34.0
18	73679130	19.0	22.0
18	75981525	12.0	12.0
19	2625492	20.0	12.0
19	9310073	8.0	15.0
19	10341486	7.0	9.0
19	16882430	20.0	7.0
19	18042034	11.0	11.0
19	18378694	4.0	15.0
19	20065378	9.0	14.0
19	21483921	19.0	19.0
19	24125690	22.0	17.0
19	24434238	21.0	22.0
19	24534983	25.0	61.0
19	27754888	14.0	13.0
19	30397785	16.0	29.0
19	33394495	8.0	19.0
19	43290240	15.0	30.0
19	47008816	15.0	17.0
19	52032811	10.0	24.0
19	52466733	10.0	15.0
19	54343881	5.0	15.0
2	6066599	13.0	17.0
2	6300895	14.0	18.0
2	7399434	7.0	12.0
2	7490566	5.0	30.0
2	8053746	20.0	19.0
2	9078890	12.0	14.0
2	13158229	16.0	23.0
2	13424430	21.0	25.0
2	13539950	4.0	36.0
2	14359226	20.0	30.0
2	16597038	6.0	25.0
2	22485452	24.0	19.0
2	27770450	15.0	17.0
2	32686530	9.0	13.0
2	33902099	20.0	12.0
2	34350060	15.0	23.0
2	36927286	3.0	34.0
2	38089179	8.0	5.0
2	40486359	17.0	15.0
2	40966548	19.0	16.0
2	42784508	13.0	10.0
2	46278957	4.0	25.0
2	51510436	13.0	18.0
2	52682758	16.0	12.0
2	52913101	22.0	15.0
2	56768541	22.0	11.0
2	58564589	21.0	17.0
2	58963559	22.0	26.0
2	58986614	19.0	15.0
2	64020089	18.0	14.0
2	64443672	16.0	19.0
2	66217574	13.0	10.0
2	67041483	5.0	27.0
2	67499669	16.0	11.0
2	71000553	18.0	16.0
2	71211642	23.0	12.0
2	76062172	16.0	18.0
2	76612935	16.0	20.0
2	76799402	15.0	23.0
2	79401201	18.0	18.0
2	79567934	9.0	9.0
2	80353165	11.0	30.0
2	80810147	10.0	20.0
2	80810188	8.0	21.0
2	80916731	16.0	19.0
2	81810383	16.0	16.0
2	82147032	13.0	17.0
2	82339358	5.0	23.0
2	83923363	17.0	12.0
2	84393722	8.0	6.0
2	84393751	12.0	9.0
2	85546091	10.0	19.0
2	89164519	18.0	2.0
2	89164586	22.0	1.0
2	89164698	10.0	1.0
2	89164716	13.0	1.0
2	97625970	12.0	14.0
2	101427928	9.0	16.0
2	102999268	12.0	23.0
2	105249600	3.0	34.0
2	106902362	16.0	21.0
2	107301292	19.0	21.0
2	108155835	19.0	22.0
2	108582917	22.0	23.0
2	113105787	10.0	10.0
2	115527465	11.0	18.0
2	117583970	18.0	13.0
2	119491104	14.0	11.0
2	120760850	7.0	17.0
2	121077536	11.0	17.0
2	125594294	9.0	15.0
2	126358910	6.0	20.0
2	126406809	17.0	15.0
2	127255637	17.0	18.0
2	128985500	10.0	15.0
2	135349340	16.0	17.0
2	136576402	20.0	14.0
2	136875704	12.0	13.0
2	138573049	14.0	21.0
2	140742143	5.0	31.0
2	142666585	5.0	25.0
2	145850862	15.0	23.0
2	146265497	18.0	17.0
2	150592262	5.0	28.0
2	151009416	20.0	15.0
2	151247124	18.0	19.0
2	151440525	6.0	10.0
2	152327846	16.0	21.0
2	155313000	12.0	24.0
2	155593169	4.0	31.0
2	156221623	10.0	26.0
2	156974919	3.0	30.0
2	159089071	14.0	22.0
2	163971728	3.0	33.0
2	164339955	18.0	14.0
2	164847208	15.0	15.0
2	166054072	14.0	26.0
2	169711129	17.0	14.0
2	171607838	20.0	22.0
2	176166684	12.0	14.0
2	177300233	12.0	22.0
2	177959813	3.0	20.0
2	178341032	13.0	17.0
2	178859345	19.0	15.0
2	179610167	15.0	12.0
2	185384553	18.0	15.0
2	185835601	3.0	28.0
2	185948157	3.0	31.0
2	187671208	12.0	20.0
2	188021370	11.0	18.0
2	188166588	19.0	18.0
2	193445584	18.0	21.0
2	199472555	8.0	15.0
2	205480056	9.0	17.0
2	207078353	6.0	26.0
2	207124475	20.0	22.0
2	211043618	12.0	16.0
2	211275978	16.0	14.0
2	211786030	18.0	24.0
2	212341129	11.0	18.0
2	217783712	7.0	12.0
2	217783737	4.0	12.0
2	217923940	12.0	15.0
2	220611528	14.0	14.0
2	220872997	19.0	17.0
2	227111670	24.0	18.0
2	227137042	12.0	20.0
2	227418783	19.0	20.0
2	229717762	13.0	14.0
2	230376648	8.0	13.0
2	235052986	24.0	20.0
2	241266206	5.0	9.0
2	241936702	8.0	17.0
20	838572	12.0	19.0
20	1550590	3.0	26.0
20	6976008	15.0	26.0
20	7491898	21.0	21.0
20	9347310	7.0	28.0
20	10086038	17.0	13.0
20	10558929	5.0	33.0
20	10985638	26.0	13.0
20	11601998	12.0	13.0
20	12188787	13.0	18.0
20	13555266	21.0	23.0
20	14671713	14.0	13.0
20	14716263	17.0	17.0
20	17708968	8.0	12.0
20	19827228	18.0	19.0
20	21597033	12.0	14.0
20	21930626	14.0	25.0
20	23545692	5.0	26.0
20	24089948	10.0	23.0
20	30179777	12.0	7.0
20	36348291	6.0	11.0
20	38908728	11.0	12.0
20	40356721	19.0	16.0
20	41811866	15.0	13.0
20	42008536	20.0	12.0
20	42885271	10.0	16.0
20	42983301	14.0	12.0
20	51204223	23.0	15.0
20	54719781	18.0	15.0
20	55814948	9.0	12.0
20	61492318	10.0	10.0
20	62107507	22.0	14.0
20	62607648	7.0	10.0
20	62670721	9.0	13.0
21	21459844	17.0	2.0
21	22285215	12.0	4.0
21	22861252	5.0	14.0
21	24146237	3.0	33.0
21	25214959	20.0	19.0
21	25390497	3.0	18.0
21	29492407	10.0	16.0
21	30102668	14.0	9.0
21	31211148	18.0	21.0
21	33251999	11.0	24.0
21	33314145	16.0	18.0
21	36145707	7.0	11.0
21	39659896	9.0	19.0
21	40912025	9.0	11.0
21	44381595	9.0	20.0
21	45181281	10.0	10.0
21	46279487	16.0	23.0
22	20930001	10.0	18.0
22	23154605	15.0	14.0
22	23154647	11.0	13.0
22	23154729	9.0	13.0
22	23198298	8.0	1.0
22	23247356	10.0	59.0
22	23247427	2.0	34.0
22	23247428	2.0	35.0
22	23247470	16.0	28.0
22	23247643	9.0	29.0
22	23247647	8.0	25.0
22	23248330	7.0	18.0
22	26443890	12.0	21.0
22	28440683	16.0	16.0
22	31431642	10.0	12.0
22	32335506	10.0	21.0
22	35391786	14.0	15.0
22	36206100	14.0	17.0
22	38779482	15.0	20.0
22	45083723	17.0	11.0
22	46933407	4.0	16.0
22	47382005	14.0	26.0
3	7955385	9.0	16.0
3	12251638	28.0	26.0
3	15778336	21.0	21.0
3	17585884	12.0	18.0
3	18279793	5.0	29.0
3	19183857	18.0	16.0
3	20144474	10.0	18.0
3	20757531	26.0	25.0
3	26611485	9.0	18.0
3	26637142	10.0	17.0
3	29908109	18.0	14.0
3	35168708	4.0	33.0
3	36063533	15.0	11.0
3	37550270	17.0	16.0
3	39641026	11.0	28.0
3	40329803	12.0	19.0
3	40649457	7.0	25.0
3	50048764	17.0	14.0
3	58715564	15.0	16.0
3	58970798	27.0	11.0
3	62378635	20.0	16.0
3	67791952	15.0	18.0
3	70488271	6.0	20.0
3	70774085	16.0	12.0
3	72495684	16.0	18.0
3	74179289	16.0	12.0
3	75904846	17.0	25.0
3	76085605	11.0	19.0
3	76774039	16.0	20.0
3	77710607	8.0	12.0
3	80086642	4.0	26.0
3	80256312	20.0	19.0
3	80518107	9.0	17.0
3	80549311	11.0	19.0
3	80920180	14.0	14.0
3	81180100	15.0	14.0
3	82337538	11.0	12.0
3	82563363	3.0	33.0
3	83264534	9.0	17.0
3	83830816	18.0	22.0
3	84660473	17.0	21.0
3	84774702	27.0	27.0
3	84979841	19.0	18.0
3	84991913	4.0	34.0
3	85046402	13.0	26.0
3	85496321	5.0	10.0
3	85604194	7.0	13.0
3	86610701	4.0	28.0
3	93558886	13.0	17.0
3	95244639	36.0	21.0
3	95323866	15.0	22.0
3	95404891	13.0	15.0
3	95820187	25.0	22.0
3	95929277	8.0	11.0
3	98041627	25.0	21.0
3	99289408	18.0	17.0
3	99435327	18.0	10.0
3	103647484	4.0	28.0
3	104611819	12.0	22.0
3	114564986	17.0	29.0
3	115072130	19.0	14.0
3	115134115	4.0	31.0
3	117347548	12.0	22.0
3	117347549	12.0	22.0
3	117972933	14.0	22.0
3	118194086	18.0	9.0
3	127450077	13.0	10.0
3	129253286	15.0	16.0
3	129368230	21.0	20.0
3	131504456	15.0	16.0
3	132097656	16.0	17.0
3	132870678	14.0	28.0
3	137436534	10.0	30.0
3	142942576	17.0	12.0
3	142942722	22.0	15.0
3	145303154	12.0	18.0
3	147062600	18.0	19.0
3	147322319	20.0	17.0
3	147522944	12.0	29.0
3	154114723	13.0	18.0
3	154414860	29.0	17.0
3	155434677	24.0	16.0
3	157999982	21.0	21.0
3	160608659	9.0	25.0
3	163248578	11.0	14.0
3	163268045	13.0	17.0
3	164168239	14.0	13.0
3	164984871	14.0	8.0
3	165872963	3.0	28.0
3	166509679	19.0	24.0
3	166816358	9.0	10.0
3	166834205	16.0	20.0
3	166945340	15.0	19.0
3	171156596	10.0	10.0
3	173739141	22.0	22.0
3	174342774	20.0	14.0
3	178282192	3.0	21.0
3	180189114	18.0	17.0
3	180929768	16.0	20.0
3	183375414	18.0	18.0
3	187661055	18.0	15.0
3	188665600	9.0	14.0
3	193227094	14.0	22.0
3	193678176	10.0	14.0
4	43911	17.0	157.0
4	670642	21.0	17.0
4	715845	8.0	14.0
4	3566711	11.0	14.0
4	5295829	24.0	23.0
4	5639799	15.0	15.0
4	7094555	14.0	12.0
4	7550632	19.0	19.0
4	13320558	15.0	9.0
4	14002902	17.0	11.0
4	14421093	25.0	19.0
4	16533015	8.0	24.0
4	19769586	16.0	23.0
4	22507182	12.0	14.0
4	23439089	12.0	14.0
4	27130975	21.0	10.0
4	28129007	4.0	42.0
4	28143781	12.0	15.0
4	29187096	20.0	17.0
4	30059464	17.0	13.0
4	30448341	19.0	26.0
4	30688872	18.0	16.0
4	31003956	15.0	23.0
4	31443915	16.0	18.0
4	31650412	22.0	22.0
4	31849076	17.0	21.0
4	33495613	13.0	13.0
4	33822089	19.0	25.0
4	34772131	14.0	16.0
4	38199602	10.0	17.0
4	41501473	14.0	19.0
4	59049189	6.0	17.0
4	60996014	22.0	15.0
4	61543504	19.0	21.0
4	62403537	20.0	21.0
4	63803226	21.0	14.0
4	66410438	4.0	33.0
4	68976378	27.0	16.0
4	72175214	3.0	21.0
4	78571936	4.0	39.0
4	80212077	15.0	15.0
4	83105694	17.0	18.0
4	88112538	13.0	13.0
4	91624247	17.0	21.0
4	91974479	11.0	30.0
4	92500676	7.0	32.0
4	93327466	18.0	16.0
4	93579004	21.0	18.0
4	95059481	9.0	14.0
4	96687484	19.0	30.0
4	97346499	10.0	15.0
4	97348536	19.0	24.0
4	98492187	17.0	17.0
4	99537261	3.0	26.0
4	99699742	17.0	17.0
4	101918793	20.0	13.0
4	106494913	15.0	18.0
4	106494922	17.0	21.0
4	106538316	6.0	39.0
4	108271660	12.0	20.0
4	112130945	14.0	16.0
4	112294412	15.0	15.0
4	116322132	18.0	15.0
4	116375530	20.0	22.0
4	116685899	17.0	14.0
4	117655712	17.0	25.0
4	118213803	20.0	14.0
4	118278940	21.0	14.0
4	121513495	18.0	23.0
4	121697226	20.0	22.0
4	122958097	19.0	15.0
4	125729542	10.0	16.0
4	127114804	20.0	22.0
4	127158173	14.0	24.0
4	129389106	10.0	17.0
4	129881275	8.0	13.0
4	130541793	16.0	20.0
4	132150557	22.0	20.0
4	132899519	12.0	8.0
4	133849723	16.0	15.0
4	133955549	12.0	19.0
4	134732427	7.0	21.0
4	136650153	21.0	29.0
4	136723142	10.0	7.0
4	136839225	16.0	14.0
4	137707252	17.0	14.0
4	138602707	23.0	17.0
4	139206310	30.0	14.0
4	143418878	17.0	21.0
4	145050509	13.0	18.0
4	145383702	5.0	32.0
4	146307850	18.0	10.0
4	146702475	11.0	6.0
4	147687553	15.0	15.0
4	148333531	14.0	14.0
4	149428800	21.0	14.0
4	149528116	4.0	37.0
4	149748253	3.0	23.0
4	151102927	21.0	20.0
4	151716824	21.0	23.0
4	157810426	16.0	16.0
4	158736236	7.0	15.0
4	159213101	17.0	13.0
4	160831055	18.0	25.0
4	161358690	17.0	19.0
4	162000711	14.0	18.0
4	162365366	21.0	21.0
4	162936425	20.0	23.0
4	163985523	4.0	30.0
4	164974575	25.0	17.0
4	165230084	9.0	13.0
4	167700702	26.0	13.0
4	168551956	15.0	21.0
4	168828319	17.0	15.0
4	169964360	10.0	18.0
4	172132749	11.0	19.0
4	179261062	19.0	18.0
4	179367437	24.0	20.0
4	179457438	26.0	21.0
4	179698675	4.0	34.0
4	179843785	12.0	15.0
4	180972411	23.0	26.0
4	181153905	19.0	18.0
4	181155091	14.0	22.0
4	182035299	19.0	28.0
4	183034700	27.0	20.0
4	186018773	12.0	19.0
4	186527010	15.0	11.0
4	187524203	15.0	16.0
4	187852410	12.0	9.0
4	188113418	14.0	23.0
4	188345307	15.0	14.0
4	188619175	22.0	13.0
4	189114176	22.0	19.0
4	189568742	19.0	24.0
4	189633520	9.0	21.0
4	189966586	14.0	19.0
5	1295228	3.0	11.0
5	1697861	15.0	17.0
5	2436936	14.0	22.0
5	2876338	14.0	12.0
5	3429510	8.0	10.0
5	4178441	15.0	17.0
5	5473823	11.0	11.0
5	7186255	22.0	20.0
5	10652585	17.0	24.0
5	12452727	25.0	15.0
5	12758334	12.0	10.0
5	13051995	16.0	19.0
5	13068505	29.0	24.0
5	13859482	26.0	15.0
5	15764482	19.0	24.0
5	16389613	8.0	8.0
5	16862746	3.0	31.0
5	17892205	12.0	15.0
5	18715842	14.0	18.0
5	20126731	18.0	24.0
5	22738123	10.0	21.0
5	23804086	13.0	12.0
5	24034376	12.0	14.0
5	25072939	15.0	18.0
5	25211740	8.0	16.0
5	25300960	16.0	24.0
5	25669321	16.0	19.0
5	26501679	24.0	19.0
5	28607689	21.0	17.0
5	29195075	19.0	33.0
5	29195081	18.0	30.0
5	34767688	5.0	6.0
5	39969573	10.0	15.0
5	40136130	23.0	19.0
5	42387897	15.0	21.0
5	43678185	15.0	16.0
5	44105423	23.0	19.0
5	44440156	22.0	22.0
5	45290913	9.0	21.0
5	46209601	19.0	20.0
5	51047435	16.0	17.0
5	53256846	13.0	16.0
5	56616083	3.0	14.0
5	56639162	16.0	13.0
5	58526508	12.0	18.0
5	58555408	20.0	25.0
5	60478057	5.0	45.0
5	62514601	17.0	19.0
5	65701885	17.0	20.0
5	73810162	15.0	26.0
5	75703905	16.0	16.0
5	83897585	6.0	8.0
5	83897588	6.0	9.0
5	85303689	11.0	24.0
5	87256363	18.0	15.0
5	88332549	15.0	15.0
5	92321067	17.0	22.0
5	93497170	14.0	16.0
5	98542974	15.0	23.0
5	99333567	3.0	25.0
5	101105327	16.0	24.0
5	103114692	13.0	13.0
5	105569015	20.0	27.0
5	105717960	19.0	25.0
5	109848591	20.0	23.0
5	110289934	17.0	15.0
5	111399067	18.0	19.0
5	113446720	18.0	17.0
5	114772984	9.0	14.0
5	117263416	18.0	15.0
5	119148285	10.0	18.0
5	119495786	18.0	10.0
5	124948903	26.0	8.0
5	132741147	4.0	22.0
5	133719500	4.0	16.0
5	133719504	4.0	16.0
5	133719512	5.0	17.0
5	135741549	16.0	15.0
5	139952256	4.0	23.0
5	140469959	10.0	16.0
5	142078719	12.0	11.0
5	142453385	4.0	28.0
5	145044963	18.0	16.0
5	146405633	4.0	31.0
5	146673519	13.0	27.0
5	150466595	12.0	13.0
5	151389875	13.0	17.0
5	152567562	18.0	20.0
5	160662739	22.0	25.0
5	161710749	11.0	18.0
5	162075085	19.0	17.0
5	162194798	17.0	26.0
5	164076272	15.0	12.0
5	164489393	11.0	14.0
5	164764135	12.0	16.0
5	166343791	11.0	13.0
5	172715188	13.0	14.0
5	174004039	13.0	18.0
5	174762944	16.0	19.0
5	174959813	4.0	35.0
5	178599043	3.0	25.0
5	179530266	13.0	7.0
6	1165913	11.0	18.0
6	2795163	8.0	11.0
6	5911196	18.0	15.0
6	7881222	12.0	22.0
6	8579389	15.0	19.0
6	9492407	19.0	23.0
6	9508639	24.0	20.0
6	16147898	14.0	11.0
6	17431636	15.0	14.0
6	19464229	3.0	32.0
6	24119092	20.0	17.0
6	26479730	13.0	15.0
6	28087903	17.0	26.0
6	29433865	28.0	23.0
6	29467498	9.0	28.0
6	29782270	14.0	17.0
6	30788079	7.0	20.0
6	34270331	8.0	16.0
6	38481367	9.0	11.0
6	39324922	15.0	25.0
6	39843653	10.0	10.0
6	42765295	19.0	9.0
6	43911959	14.0	16.0
6	45819957	15.0	20.0
6	47061679	3.0	32.0
6	49587505	16.0	22.0
6	54618982	17.0	16.0
6	54735855	13.0	24.0
6	54735856	12.0	24.0
6	55435700	10.0	19.0
6	55633024	18.0	21.0
6	56849986	17.0	18.0
6	58633295	26.0	16.0
6	66425102	30.0	27.0
6	67271462	16.0	13.0
6	68146185	4.0	30.0
6	70991389	15.0	16.0
6	73316782	23.0	18.0
6	74070306	14.0	22.0
6	80475822	22.0	17.0
6	81380076	16.0	18.0
6	83132241	14.0	16.0
6	83492312	16.0	12.0
6	91843405	3.0	25.0
6	93265572	12.0	17.0
6	93444288	6.0	19.0
6	94101686	17.0	20.0
6	95054179	18.0	15.0
6	95504092	13.0	22.0
6	97134552	23.0	18.0
6	99319820	15.0	20.0
6	100025727	15.0	19.0
6	100487163	17.0	16.0
6	101388494	18.0	16.0
6	101949741	15.0	15.0
6	102983281	11.0	21.0
6	103317395	16.0	23.0
6	104263324	20.0	22.0
6	104723557	16.0	21.0
6	110783814	18.0	23.0
6	113411686	17.0	20.0
6	113731919	12.0	14.0
6	121904409	9.0	12.0
6	124240773	10.0	13.0
6	133677066	17.0	17.0
6	133964181	6.0	19.0
6	146670920	19.0	17.0
6	153520775	12.0	17.0
6	156026629	15.0	16.0
6	158807796	15.0	9.0
6	158931210	13.0	19.0
6	160687321	18.0	21.0
6	161793360	5.0	25.0
6	163462648	10.0	26.0
6	164821803	18.0	18.0
6	166338410	15.0	16.0
6	168063635	3.0	18.0
6	168551339	15.0	21.0
6	168591688	12.0	19.0
7	4448451	6.0	11.0
7	7326261	12.0	19.0
7	9239286	27.0	24.0
7	13380481	15.0	16.0
7	13492179	16.0	19.0
7	15636202	8.0	26.0
7	16319520	16.0	18.0
7	16865445	19.0	19.0
7	19554034	14.0	13.0
7	24744434	13.0	12.0
7	25960299	23.0	20.0
7	26643216	15.0	17.0
7	29442738	17.0	20.0
7	31157914	16.0	24.0
7	31789202	15.0	19.0
7	43034999	19.0	22.0
7	46773501	5.0	16.0
7	47410053	16.0	18.0
7	48494088	10.0	9.0
7	49769676	23.0	12.0
7	51167496	16.0	23.0
7	52498913	7.0	13.0
7	53426319	17.0	18.0
7	53443147	5.0	42.0
7	54601565	8.0	24.0
7	55792263	10.0	15.0
7	57394579	13.0	17.0
7	62460027	12.0	19.0
7	63482966	12.0	22.0
7	66982461	22.0	28.0
7	68146194	15.0	16.0
7	68807943	15.0	14.0
7	70683919	4.0	33.0
7	70687428	13.0	11.0
7	73337112	7.0	12.0
7	79946001	17.0	19.0
7	80573286	11.0	13.0
7	80749163	14.0	16.0
7	81303912	13.0	28.0
7	82321582	24.0	16.0
7	82390422	10.0	13.0
7	82478154	3.0	40.0
7	82880668	17.0	16.0
7	83766544	3.0	29.0
7	84301922	3.0	26.0
7	86360671	21.0	22.0
7	93760881	3.0	32.0
7	95065964	14.0	14.0
7	98783306	13.0	15.0
7	103712371	11.0	13.0
7	104206618	14.0	17.0
7	105211200	3.0	29.0
7	106900987	17.0	21.0
7	108566902	18.0	11.0
7	111001981	14.0	23.0
7	113270162	19.0	17.0
7	113610624	20.0	18.0
7	113770921	16.0	22.0
7	114331801	20.0	10.0
7	117707859	12.0	10.0
7	117920161	21.0	21.0
7	119264089	5.0	30.0
7	121827510	16.0	21.0
7	123883645	14.0	23.0
7	124204079	15.0	12.0
7	124676098	8.0	19.0
7	131916273	8.0	13.0
7	132217633	19.0	17.0
7	132843526	9.0	18.0
7	141186969	13.0	16.0
7	142605755	15.0	15.0
7	144830826	7.0	4.0
7	146907092	17.0	24.0
7	147177515	20.0	26.0
7	147622833	17.0	11.0
7	152640282	18.0	14.0
7	153251335	19.0	23.0
7	153650529	21.0	13.0
7	157734719	7.0	12.0
8	3105868	12.0	10.0
8	3535361	12.0	13.0
8	5941430	9.0	24.0
8	6089011	3.0	29.0
8	12232850	6.0	42.0
8	14433066	18.0	29.0
8	14593685	17.0	17.0
8	15761209	14.0	18.0
8	16076538	11.0	29.0
8	20981944	13.0	15.0
8	23870400	22.0	21.0
8	23913876	3.0	32.0
8	26174382	19.0	16.0
8	27325243	8.0	30.0
8	30959809	12.0	20.0
8	33054089	9.0	20.0
8	34623527	23.0	14.0
8	35617831	15.0	20.0
8	37845381	12.0	15.0
8	43332216	21.0	23.0
8	50166644	15.0	21.0
8	50225665	17.0	17.0
8	51073526	12.0	16.0
8	52010703	21.0	22.0
8	56462867	12.0	15.0
8	58649442	22.0	14.0
8	64707905	16.0	27.0
8	65051936	18.0	15.0
8	65658449	9.0	16.0
8	67524759	11.0	19.0
8	67721096	11.0	14.0
8	69338230	25.0	14.0
8	70236223	15.0	14.0
8	72956934	17.0	18.0
8	76399386	7.0	14.0
8	76592057	18.0	22.0
8	77332413	3.0	26.0
8	78525656	17.0	25.0
8	78599499	8.0	18.0
8	80566351	6.0	18.0
8	82850112	13.0	15.0
8	83340917	20.0	15.0
8	84252600	16.0	18.0
8	84260262	17.0	18.0
8	88759211	4.0	20.0
8	88759235	5.0	22.0
8	88759245	8.0	23.0
8	94136967	18.0	16.0
8	95555051	17.0	17.0
8	102074776	16.0	9.0
8	102644329	12.0	19.0
8	105355056	9.0	14.0
8	107566235	16.0	8.0
8	111460814	3.0	21.0
8	112656491	21.0	24.0
8	113937327	14.0	19.0
8	114312170	9.0	13.0
8	114375200	22.0	22.0
8	115911352	13.0	19.0
8	117173934	25.0	23.0
8	117586534	19.0	10.0
8	118647994	24.0	12.0
8	122674613	19.0	22.0
8	123368812	16.0	18.0
8	123642882	4.0	33.0
8	125164655	3.0	28.0
8	127696198	18.0	16.0
8	138602827	15.0	13.0
8	139688968	4.0	21.0
8	142386937	11.0	15.0
8	144148435	17.0	14.0
9	3194740	3.0	33.0
9	3659334	11.0	15.0
9	4011035	16.0	18.0
9	10135666	15.0	14.0
9	11633737	12.0	21.0
9	12057317	13.0	25.0
9	12660171	11.0	16.0
9	13888418	24.0	17.0
9	16724614	13.0	22.0
9	16863458	18.0	20.0
9	20139889	9.0	12.0
9	22080357	13.0	20.0
9	22199416	20.0	23.0
9	23071301	16.0	12.0
9	23256018	12.0	36.0
9	25292298	16.0	23.0
9	29290435	19.0	19.0
9	29810929	14.0	16.0
9	29850408	19.0	21.0
9	30431112	19.0	13.0
9	31050992	16.0	18.0
9	31306219	22.0	17.0
9	33843318	10.0	20.0
9	75075490	14.0	16.0
9	75848602	13.0	21.0
9	76403748	18.0	14.0
9	76784495	12.0	15.0
9	77409531	17.0	19.0
9	79594403	15.0	16.0
9	81030191	20.0	22.0
9	85520671	20.0	29.0
9	85948735	26.0	20.0
9	87190368	8.0	22.0
9	89399299	3.0	28.0
9	93374218	10.0	12.0
9	94535790	11.0	15.0
9	96755980	8.0	14.0
9	99893984	18.0	18.0
9	101169151	10.0	21.0
9	103607168	23.0	18.0
9	106041933	16.0	19.0
9	107102045	18.0	17.0
9	109592058	18.0	16.0
9	118950472	19.0	14.0
9	119700325	13.0	26.0
9	122274160	13.0	12.0
9	126582501	10.0	16.0
9	128860350	12.0	15.0
9	130142661	18.0	22.0
9	132338708	5.0	12.0
9	133692123	10.0	16.0
9	136024804	10.0	8.0
9	140037913	4.0	22.0
9	140773552	17.0	22.0
X	2510617	18.0	13.0
X	11749692	16.0	1.0
X	33905615	12.0	1.0
X	35106333	14.0	8.0
X	35208084	10.0	2.0
X	36039040	14.0	1.0
X	36893608	3.0	17.0
X	82102182	3.0	8.0
X	86874504	16.0	3.0
X	87616109	6.0	12.0
X	92954225	16.0	2.0
X	107380527	4.0	15.0
X	112363902	11.0	3.0
X	142657452	16.0	1.0
X	155115175	12.0	27.0
Y	5184756	13.0	1.0
Y	18637626	3.0	13.0
