chromosome_index position alt_count ref_count
1 1262238 18 15
1 84956016 8 41
1 113652914 25 65
1 115130447 7 34
1 149784921 17 73
1 150255911 45 299
1 153947172 86 142
1 155340643 59 81
1 155932494 10 58
1 160722009 34 10
1 161953899 16 33
1 196799653 133 36
1 201982373 11 87
1 201984450 8 41
1 202910822 3 44
1 210003450 23 54
1 216166443 72 125
1 222713606 21 124
1 235972421 70 127
1 247836006 9 58
2 20511337 33 45
2 25965936 24 193
2 37494627 66 119
2 54041743 8 72
2 65298849 12 46
2 74684828 6 34
2 79313632 54 109
2 109086317 16 92
2 130899768 17 31
2 136630267 11 87
2 141143461 8 47
2 141777537 43 59
2 166912953 73 122
2 172017041 6 5
2 178098945 12 14
2 178402972 8 15
2 191874730 12 38
2 203421083 55 56
2 209045988 5 97
2 239038780 7 36
3 42739149 8 32
3 43389686 8 3
3 97806765 7 57
3 97806766 8 57
3 98073226 21 133
3 100604381 2 13
3 107096886 10 120
3 109052820 10 53
3 113442283 21 115
3 121195551 9 78
3 122578959 10 138
3 124117674 22 88
3 126270878 13 125
3 127358323 18 132
3 127642210 8 109
3 136183753 4 64
3 137991954 10 274
3 146173239 52 50
3 151131030 44 178
3 167508235 67 113
3 195395454 12 88
4 6107651 20 20
4 169433050 4 48
5 21459666 74 108
5 72168521 13 28
5 126860496 8 196
5 127638769 17 52
5 149001296 16 51
5 149576363 30 130
6 12163610 32 94
6 27839850 10 86
6 31753383 3 17
6 32975299 41 178
6 51613205 47 124
6 56047331 4 18
6 84055911 50 133
6 119611860 35 90
6 152651410 18 35
6 165827133 8 32
7 45104163 6 47
7 57529435 17 23
7 64168647 19 18
7 89856581 7 97
7 91726643 3 28
7 91936884 11 53
7 98608810 25 129
7 98609706 12 48
7 99264615 14 78
7 101957824 14 16
7 104783736 9 24
7 124532434 18 50
7 150553642 6 41
7 150693944 4 24
7 150845981 43 46
8 16921672 6 74
8 20068685 8 71
8 80942415 10 60
8 81412389 4 18
8 81599508 12 92
8 110397765 17 27
8 113697925 73 100
8 139164700 42 104
8 144798569 8 31
8 145640394 6 42
9 36170588 62 32
9 109691428 19 13
9 116930718 3 38
9 130207455 7 115
9 137716583 19 57
9 137777195 7 13
10 22022819 26 144
10 79567556 15 88
10 121598062 4 63
11 2181062 5 13
11 4870252 35 63
11 4945195 29 64
11 18636265 24 46
11 55703559 5 23
11 62295182 79 507
11 62298564 6 153
11 62299587 11 306
11 64359262 13 33
11 65810615 12 58
11 67020976 15 211
11 67259584 12 77
11 69458728 7 64
11 73687938 39 146
11 92714810 15 62
11 94201016 26 73
11 103907588 19 170
11 108160384 20 41
11 111933297 3 15
11 112040052 57 90
11 112042538 46 92
11 118869194 8 23
11 123909027 19 57
11 131781411 13 101
11 134257455 54 71
12 5154056 80 153
12 6630225 8 58
12 7585100 13 88
12 12630774 11 105
12 21531241 16 89
12 40037647 22 48
12 49230021 56 241
12 54675277 16 93
12 54675278 17 94
12 54676372 13 78
12 56524860 16 99
12 56554034 26 59
12 73015437 4 63
12 95663959 4 16
12 97052110 24 164
12 124337760 6 23
12 132467003 24 60
13 25743988 32 81
13 37593487 35 170
13 41134642 29 162
13 113333734 4 30
14 36230065 24 77
14 45513846 4 29
14 53417188 9 158
14 57082664 6 105
14 64453290 19 82
14 88946208 36 25
15 40920321 32 130
15 42092056 43 96
15 74963867 22 149
15 90611575 4 114
15 90774352 16 81
16 1756409 4 30
16 9862913 30 95
16 11272266 96 126
16 31487467 41 42
16 50827556 29 110
16 55565837 37 65
16 58031550 64 131
16 68289205 15 24
16 68867370 43 43
16 69154417 29 45
16 71823281 41 63
17 440360 39 17
17 1538050 9 276
17 6916071 6 37
17 6982202 29 16
17 7339731 101 14
17 7577548 119 36
17 9683159 18 33
17 10210370 7 34
17 10216065 11 18
17 10441034 19 404
17 15989675 35 80
17 30685642 87 89
17 39927968 14 65
17 41151959 26 98
17 56271441 5 38
17 61611571 15 94
17 65688950 26 142
17 72308243 20 30
17 73228031 17 39
17 80014536 18 18
18 21723156 7 65
18 29446916 18 16
18 56203791 14 100
18 72223671 38 28
19 3548139 4 10
19 8959659 14 15
19 11030309 16 65
19 11618279 5 75
19 14231463 8 36
19 14515222 6 222
19 15366294 23 105
19 17611585 11 53
19 18896597 23 67
19 18968186 15 67
19 19745909 11 42
19 30199222 40 162
19 35449562 13 39
19 35719334 7 131
19 36108207 69 93
19 36728009 20 148
19 37644446 33 252
19 39306186 17 5
19 39371529 96 61
19 39734690 110 111
19 39877158 5 73
19 40319219 13 34
19 41292808 15 144
19 42085901 4 36
19 42583506 9 88
19 45971749 87 72
19 46815760 16 67
19 50473422 10 24
19 50939954 22 97
19 54310882 5 64
19 56422075 7 124
20 2582785 31 64
20 3651738 5 5
20 4705432 4 55
20 23065560 7 87
20 33762533 39 195
20 42602031 28 46
20 47850206 7 159
20 49354449 5 94
20 53205111 56 155
20 54972771 13 128
20 62229133 6 114
21 32410666 51 100
21 40823899 7 36
22 36886078 4 26
