chromosome_index	position	alt_count	ref_count
1	2538581	6.0	39.0
1	4478691	23.0	49.0
1	8296418	2.0	18.0
1	9019946	16.0	30.0
1	9030222	4.0	36.0
1	9116049	10.0	61.0
1	9312961	15.0	40.0
1	10182001	10.0	32.0
1	12269281	14.0	55.0
1	14506159	5.0	57.0
1	16099803	4.0	38.0
1	16581602	16.0	43.0
1	18245112	10.0	42.0
1	19487489	5.0	50.0
1	19600839	15.0	41.0
1	23039929	7.0	54.0
1	27788777	14.0	48.0
1	27818737	9.0	45.0
1	28693937	9.0	25.0
1	28948692	6.0	57.0
1	30314333	18.0	46.0
1	30816650	18.0	62.0
1	32893174	13.0	34.0
1	33232952	5.0	49.0
1	33900979	18.0	48.0
1	34687830	15.0	44.0
1	36544430	13.0	22.0
1	37005719	13.0	52.0
1	38831138	10.0	58.0
1	39011720	18.0	57.0
1	41283840	5.0	44.0
1	41530837	21.0	44.0
1	41605686	14.0	45.0
1	41627792	10.0	42.0
1	44539887	9.0	49.0
1	44896732	13.0	41.0
1	45225213	6.0	46.0
1	45690945	15.0	61.0
1	46148438	10.0	49.0
1	46893110	13.0	43.0
1	47630958	14.0	36.0
1	48043492	8.0	32.0
1	49219986	13.0	54.0
1	49500932	15.0	51.0
1	49537116	9.0	39.0
1	50014931	26.0	39.0
1	50763614	10.0	52.0
1	53393994	10.0	46.0
1	53950497	8.0	35.0
1	54091645	15.0	32.0
1	54974425	14.0	17.0
1	56531111	20.0	34.0
1	57080213	16.0	63.0
1	57836384	15.0	54.0
1	59779884	19.0	39.0
1	60392688	18.0	43.0
1	61223336	19.0	57.0
1	64190343	18.0	40.0
1	64283007	14.0	65.0
1	64868997	18.0	49.0
1	66271776	5.0	60.0
1	69030000	23.0	50.0
1	69959756	29.0	49.0
1	70179665	17.0	57.0
1	70275076	9.0	45.0
1	72115590	17.0	53.0
1	72765134	16.0	45.0
1	72932864	18.0	42.0
1	73179483	28.0	38.0
1	73458438	15.0	42.0
1	73862221	25.0	61.0
1	74032302	14.0	39.0
1	74187633	13.0	48.0
1	74269238	6.0	72.0
1	74521953	4.0	55.0
1	74880791	10.0	52.0
1	75594657	11.0	54.0
1	75809941	18.0	56.0
1	76497097	5.0	62.0
1	78104740	5.0	56.0
1	78875543	9.0	56.0
1	80590125	8.0	88.0
1	81096094	9.0	72.0
1	81656857	11.0	53.0
1	82022905	10.0	41.0
1	83289211	9.0	34.0
1	84064080	6.0	64.0
1	84913967	24.0	51.0
1	84965246	25.0	54.0
1	86482713	15.0	70.0
1	86548898	17.0	17.0
1	88554279	12.0	42.0
1	89277261	21.0	51.0
1	92024765	8.0	58.0
1	93049515	20.0	43.0
1	96352564	18.0	51.0
1	96670977	11.0	44.0
1	97022944	11.0	47.0
1	101856287	8.0	59.0
1	102090232	7.0	71.0
1	102243728	20.0	50.0
1	102398683	4.0	33.0
1	102508065	26.0	41.0
1	102758364	16.0	46.0
1	102830048	12.0	44.0
1	103192610	24.0	66.0
1	104411324	6.0	66.0
1	104783048	17.0	47.0
1	105100676	5.0	56.0
1	105100677	5.0	57.0
1	105620404	13.0	73.0
1	105708087	18.0	27.0
1	105904645	5.0	25.0
1	106863807	24.0	30.0
1	108195228	20.0	40.0
1	109318567	21.0	42.0
1	110270003	12.0	36.0
1	110816578	10.0	46.0
1	111970039	7.0	50.0
1	112703872	11.0	14.0
1	112894024	9.0	58.0
1	113213441	17.0	56.0
1	117318133	5.0	31.0
1	117683284	22.0	43.0
1	118233744	19.0	42.0
1	118318342	21.0	57.0
1	118522030	9.0	51.0
1	119222854	11.0	64.0
1	145212061	17.0	121.0
1	147423896	18.0	43.0
1	149110404	14.0	51.0
1	149186525	19.0	42.0
1	149720504	15.0	47.0
1	149985795	8.0	26.0
1	152965488	17.0	47.0
1	156085180	4.0	39.0
1	158534706	8.0	69.0
1	158736113	5.0	47.0
1	159490914	6.0	71.0
1	159669921	8.0	75.0
1	160105243	9.0	41.0
1	162814865	15.0	45.0
1	164319195	21.0	40.0
1	165741635	10.0	49.0
1	169333670	10.0	53.0
1	170938657	18.0	51.0
1	172925098	24.0	31.0
1	175363123	7.0	37.0
1	176883460	5.0	51.0
1	176895328	26.0	51.0
1	179218497	21.0	41.0
1	180194736	11.0	36.0
1	182781405	20.0	52.0
1	183325406	10.0	50.0
1	184555124	17.0	48.0
1	185127184	12.0	51.0
1	185823714	18.0	66.0
1	186061690	17.0	49.0
1	186061691	16.0	51.0
1	187163992	13.0	59.0
1	187165621	5.0	61.0
1	187438967	15.0	55.0
1	188167290	17.0	63.0
1	188168347	1.0	42.0
1	189036609	18.0	48.0
1	189148714	14.0	46.0
1	189798763	18.0	51.0
1	190126645	28.0	57.0
1	190177728	12.0	29.0
1	190948090	6.0	61.0
1	190964947	21.0	39.0
1	191297072	11.0	51.0
1	191366032	10.0	52.0
1	191432475	20.0	61.0
1	191501868	9.0	53.0
1	191741145	6.0	70.0
1	191746568	7.0	52.0
1	191756327	13.0	66.0
1	191858218	12.0	58.0
1	191863226	11.0	61.0
1	192071762	4.0	66.0
1	192095763	21.0	44.0
1	192266126	14.0	32.0
1	193871577	33.0	43.0
1	194715625	7.0	57.0
1	194798698	16.0	63.0
1	194922566	21.0	26.0
1	195222413	16.0	65.0
1	195319422	18.0	48.0
1	197311415	23.0	55.0
1	198328188	15.0	61.0
1	199073278	11.0	55.0
1	202901659	15.0	54.0
1	203751433	14.0	31.0
1	204276616	15.0	41.0
1	206935369	12.0	40.0
1	209808573	10.0	49.0
1	210971623	12.0	39.0
1	211175622	5.0	36.0
1	211240483	15.0	32.0
1	212342311	18.0	51.0
1	213837378	11.0	55.0
1	214417835	13.0	37.0
1	214636867	20.0	51.0
1	214975426	5.0	80.0
1	215239389	20.0	47.0
1	215706391	6.0	49.0
1	215757519	21.0	45.0
1	216010667	18.0	43.0
1	216239786	17.0	42.0
1	217347491	13.0	43.0
1	218058188	25.0	45.0
1	221562641	6.0	97.0
1	222098779	17.0	42.0
1	225442582	18.0	45.0
1	225468870	23.0	50.0
1	227572583	23.0	51.0
1	228424230	6.0	68.0
1	231525772	15.0	56.0
1	231772268	18.0	52.0
1	233245986	13.0	63.0
1	234008280	13.0	46.0
1	234247319	5.0	18.0
1	234367247	5.0	33.0
1	234762231	28.0	38.0
1	237151598	9.0	37.0
1	237507453	13.0	56.0
1	237742775	19.0	27.0
1	237885605	19.0	41.0
1	237924895	16.0	63.0
1	238053225	20.0	35.0
1	238120383	14.0	30.0
1	238763972	19.0	52.0
1	239139935	6.0	61.0
1	239251290	20.0	41.0
1	239542157	17.0	41.0
1	239749689	14.0	44.0
1	240814156	25.0	53.0
1	240980120	23.0	52.0
1	241033043	17.0	41.0
1	241292515	11.0	39.0
1	241432194	6.0	56.0
1	241862488	27.0	51.0
1	241985682	8.0	28.0
1	242380088	19.0	42.0
1	242597401	5.0	66.0
1	242884917	23.0	40.0
1	242921388	8.0	53.0
1	245321769	15.0	54.0
1	247554179	16.0	36.0
1	247768946	14.0	55.0
1	247905671	16.0	36.0
1	248229022	17.0	34.0
1	248578625	18.0	60.0
1	249097955	18.0	45.0
10	1755894	12.0	41.0
10	1991492	9.0	56.0
10	2837419	18.0	42.0
10	3399939	27.0	40.0
10	3642476	23.0	38.0
10	6472627	15.0	45.0
10	7154126	15.0	37.0
10	8091263	7.0	28.0
10	8853937	13.0	36.0
10	8975414	30.0	55.0
10	9586781	23.0	42.0
10	9665894	23.0	34.0
10	9665895	22.0	34.0
10	9700546	6.0	60.0
10	9815976	16.0	49.0
10	9838133	6.0	71.0
10	9841759	9.0	26.0
10	9882955	16.0	40.0
10	9909857	20.0	58.0
10	10247151	17.0	64.0
10	10255258	16.0	49.0
10	10825093	4.0	63.0
10	10884123	15.0	55.0
10	10948111	12.0	46.0
10	11091401	16.0	45.0
10	11791726	6.0	44.0
10	14613074	14.0	51.0
10	15431317	15.0	42.0
10	16761585	17.0	45.0
10	19206883	11.0	34.0
10	19216603	9.0	54.0
10	19297079	17.0	68.0
10	19464193	11.0	46.0
10	20686284	27.0	62.0
10	21948294	5.0	54.0
10	23020052	22.0	47.0
10	23504596	9.0	48.0
10	23839038	15.0	47.0
10	24747074	12.0	42.0
10	24937527	20.0	35.0
10	25642217	25.0	45.0
10	25951655	6.0	71.0
10	28191185	13.0	69.0
10	28884080	27.0	54.0
10	30020697	14.0	64.0
10	30635439	28.0	49.0
10	32008199	13.0	38.0
10	32607950	16.0	66.0
10	32832907	6.0	65.0
10	34013155	20.0	42.0
10	34330683	10.0	47.0
10	34830958	7.0	52.0
10	36496326	23.0	40.0
10	36813908	17.0	27.0
10	36853487	6.0	61.0
10	36926145	25.0	51.0
10	37268284	7.0	74.0
10	37304919	8.0	61.0
10	37405693	6.0	18.0
10	37518128	13.0	47.0
10	37568189	12.0	49.0
10	37576660	5.0	62.0
10	37643276	5.0	57.0
10	37700466	13.0	48.0
10	37943743	13.0	47.0
10	38896240	5.0	40.0
10	42601889	20.0	64.0
10	42749161	16.0	43.0
10	42954627	17.0	60.0
10	42994471	22.0	46.0
10	43848540	12.0	40.0
10	44385807	14.0	54.0
10	49688841	9.0	57.0
10	50988399	4.0	56.0
10	51793037	12.0	43.0
10	53339848	20.0	52.0
10	53564129	7.0	72.0
10	53643972	15.0	26.0
10	54353698	16.0	57.0
10	55470412	19.0	61.0
10	55544113	8.0	32.0
10	55727587	15.0	47.0
10	55934989	5.0	61.0
10	56065400	10.0	50.0
10	56354630	15.0	47.0
10	56354631	15.0	47.0
10	56725880	20.0	49.0
10	56869042	13.0	57.0
10	57184247	23.0	54.0
10	57435428	28.0	47.0
10	57689463	22.0	51.0
10	57701254	13.0	42.0
10	58056326	12.0	56.0
10	58710217	4.0	57.0
10	58949922	14.0	46.0
10	58993477	14.0	39.0
10	59022417	6.0	61.0
10	59028138	16.0	49.0
10	59061278	15.0	43.0
10	60366578	13.0	49.0
10	61589195	15.0	62.0
10	64776788	25.0	63.0
10	64810525	7.0	44.0
10	66616769	16.0	76.0
10	67748913	9.0	46.0
10	67769959	24.0	66.0
10	67883778	23.0	58.0
10	68105696	8.0	29.0
10	68203159	4.0	41.0
10	68450891	10.0	31.0
10	69206101	20.0	56.0
10	72444345	14.0	51.0
10	72501622	20.0	34.0
10	72775544	16.0	38.0
10	72844919	17.0	57.0
10	74068578	15.0	44.0
10	74744721	5.0	56.0
10	75302105	8.0	26.0
10	75356177	11.0	30.0
10	76121425	12.0	44.0
10	77037255	17.0	39.0
10	78436202	8.0	58.0
10	79070407	27.0	47.0
10	81315888	23.0	39.0
10	82844850	6.0	61.0
10	83420579	22.0	45.0
10	83483590	28.0	50.0
10	83578526	18.0	52.0
10	86739867	6.0	38.0
10	86816210	22.0	41.0
10	86960751	17.0	55.0
10	90623525	11.0	49.0
10	91948429	13.0	39.0
10	92046096	11.0	56.0
10	92414223	4.0	61.0
10	93433105	18.0	49.0
10	93987907	16.0	47.0
10	95249255	16.0	39.0
10	100967497	10.0	54.0
10	101044082	11.0	38.0
10	101289789	4.0	51.0
10	104593255	6.0	22.0
10	106895464	15.0	46.0
10	107005743	16.0	37.0
10	107304033	14.0	45.0
10	107359859	5.0	76.0
10	107460716	24.0	55.0
10	107554194	4.0	35.0
10	107716003	10.0	47.0
10	108553424	13.0	54.0
10	108793879	11.0	49.0
10	108848096	16.0	50.0
10	108871651	17.0	77.0
10	108919995	9.0	73.0
10	109054137	23.0	61.0
10	109156387	13.0	67.0
10	109911850	14.0	46.0
10	110052735	11.0	52.0
10	110146997	10.0	49.0
10	110496404	15.0	54.0
10	110731301	18.0	61.0
10	110810399	20.0	56.0
10	110866335	22.0	45.0
10	110867690	10.0	47.0
10	111040542	26.0	43.0
10	111218451	14.0	42.0
10	111268074	9.0	59.0
10	111904199	20.0	62.0
10	111923917	20.0	39.0
10	112109365	28.0	62.0
10	113976231	18.0	47.0
10	115925248	17.0	46.0
10	116968901	19.0	40.0
10	118075030	31.0	43.0
10	119005740	15.0	40.0
10	119212097	12.0	38.0
10	119227022	4.0	66.0
10	120044377	10.0	58.0
10	121371168	16.0	46.0
10	121890828	13.0	37.0
10	125618611	9.0	40.0
10	125754947	9.0	43.0
10	126252239	16.0	51.0
10	127122123	5.0	43.0
10	129665008	17.0	55.0
10	131806578	20.0	45.0
10	132626671	13.0	57.0
10	133596184	4.0	46.0
11	866828	17.0	35.0
11	884600	25.0	43.0
11	1501807	22.0	33.0
11	4047043	24.0	38.0
11	4628281	19.0	45.0
11	5848653	7.0	44.0
11	5874498	2.0	53.0
11	5967680	8.0	62.0
11	6015189	13.0	41.0
11	7064376	13.0	49.0
11	8232188	3.0	28.0
11	8303311	6.0	57.0
11	8558037	12.0	50.0
11	9385958	11.0	41.0
11	10346294	13.0	45.0
11	10432197	19.0	53.0
11	12701657	6.0	52.0
11	13476783	21.0	48.0
11	16255973	14.0	41.0
11	20927921	19.0	52.0
11	21180443	27.0	48.0
11	21412092	14.0	36.0
11	21621130	11.0	41.0
11	21635996	20.0	52.0
11	21661440	25.0	59.0
11	21723258	6.0	70.0
11	21868230	11.0	44.0
11	22091347	7.0	62.0
11	22552314	12.0	61.0
11	24865307	4.0	37.0
11	25400879	6.0	73.0
11	26251036	24.0	48.0
11	26357774	11.0	52.0
11	28604483	17.0	61.0
11	29805638	20.0	54.0
11	31290542	5.0	63.0
11	32011066	11.0	50.0
11	32420290	8.0	75.0
11	32691153	13.0	38.0
11	32702644	16.0	59.0
11	33268495	20.0	41.0
11	33618048	11.0	44.0
11	33642280	13.0	45.0
11	34295492	4.0	19.0
11	36863240	9.0	75.0
11	36887778	13.0	48.0
11	37203505	30.0	50.0
11	37329984	4.0	54.0
11	37470873	10.0	48.0
11	37685553	10.0	59.0
11	38002327	17.0	39.0
11	38344390	13.0	64.0
11	38606839	28.0	57.0
11	38952563	22.0	54.0
11	39254471	13.0	58.0
11	39435062	21.0	34.0
11	39569868	19.0	42.0
11	39686377	24.0	45.0
11	39876871	6.0	42.0
11	40979536	16.0	52.0
11	41219759	6.0	59.0
11	41385975	22.0	31.0
11	41467992	16.0	52.0
11	41698802	13.0	33.0
11	41977984	17.0	55.0
11	42022223	17.0	50.0
11	42463312	20.0	45.0
11	44230698	18.0	64.0
11	44382293	13.0	49.0
11	44465360	17.0	35.0
11	47251705	3.0	24.0
11	47789041	15.0	31.0
11	48959327	18.0	60.0
11	49404156	4.0	21.0
11	49619957	8.0	49.0
11	49755811	13.0	55.0
11	49894993	5.0	66.0
11	50205208	6.0	47.0
11	50220056	7.0	45.0
11	50387632	9.0	70.0
11	51314549	17.0	68.0
11	54920543	26.0	63.0
11	55468087	16.0	52.0
11	55776665	25.0	52.0
11	56778836	16.0	37.0
11	58255029	11.0	51.0
11	62353466	15.0	41.0
11	62576239	21.0	46.0
11	65215173	5.0	47.0
11	66141602	8.0	49.0
11	71079265	9.0	35.0
11	71207088	9.0	44.0
11	76001544	13.0	46.0
11	76982560	11.0	51.0
11	77420749	17.0	52.0
11	78371211	4.0	56.0
11	79826800	4.0	57.0
11	81087735	19.0	35.0
11	81125187	18.0	42.0
11	81223946	16.0	45.0
11	82226695	4.0	60.0
11	82495745	19.0	54.0
11	84240437	19.0	50.0
11	85245642	20.0	55.0
11	85563487	9.0	28.0
11	86063737	18.0	60.0
11	87779969	7.0	62.0
11	87935762	5.0	66.0
11	89215095	14.0	58.0
11	89297192	17.0	46.0
11	89789189	12.0	16.0
11	89804936	19.0	46.0
11	90046113	21.0	54.0
11	90066914	13.0	48.0
11	90162947	14.0	49.0
11	90199251	11.0	41.0
11	90321220	15.0	32.0
11	90323912	24.0	58.0
11	90544148	11.0	43.0
11	90690301	9.0	46.0
11	90690379	15.0	51.0
11	90970504	24.0	48.0
11	91030049	6.0	63.0
11	91147365	10.0	47.0
11	91455167	10.0	46.0
11	92187708	19.0	56.0
11	92445302	17.0	50.0
11	93592303	5.0	42.0
11	93645943	18.0	62.0
11	94253849	21.0	47.0
11	94792970	15.0	55.0
11	97131198	4.0	51.0
11	97529703	13.0	70.0
11	97962541	8.0	57.0
11	98010397	18.0	46.0
11	98264654	10.0	45.0
11	98436620	19.0	53.0
11	98513462	21.0	48.0
11	99211516	10.0	53.0
11	99532343	17.0	49.0
11	99696145	13.0	65.0
11	100067178	9.0	68.0
11	100400311	4.0	56.0
11	101662490	11.0	59.0
11	103160309	14.0	49.0
11	103280393	11.0	52.0
11	103575849	23.0	40.0
11	104000176	6.0	60.0
11	104172555	23.0	51.0
11	104387585	7.0	53.0
11	104402727	17.0	64.0
11	104495734	13.0	53.0
11	104933079	11.0	49.0
11	105478532	5.0	75.0
11	105538158	12.0	60.0
11	106039008	6.0	50.0
11	106379372	5.0	61.0
11	107973991	23.0	49.0
11	109249040	19.0	42.0
11	109631158	22.0	40.0
11	110072010	17.0	48.0
11	111688652	19.0	35.0
11	112835408	6.0	57.0
11	113094438	18.0	50.0
11	113338258	15.0	57.0
11	114366747	3.0	20.0
11	114366781	1.0	21.0
11	114366803	3.0	20.0
11	114366844	11.0	23.0
11	114401481	15.0	26.0
11	114401496	18.0	26.0
11	114401669	16.0	25.0
11	114401853	25.0	26.0
11	115786670	16.0	41.0
11	115787328	12.0	44.0
11	115788599	21.0	34.0
11	116416926	16.0	43.0
11	118596732	6.0	51.0
11	119123886	19.0	37.0
11	119345666	12.0	37.0
11	119488210	3.0	28.0
11	120803093	4.0	36.0
11	121769051	4.0	69.0
11	121790611	7.0	30.0
11	123954757	22.0	53.0
11	124147159	17.0	30.0
11	126343368	11.0	33.0
11	126387410	10.0	44.0
11	126707141	14.0	61.0
11	127007753	12.0	43.0
11	129110885	18.0	51.0
11	130202680	19.0	61.0
11	130202866	20.0	48.0
11	130921043	17.0	39.0
11	131112139	8.0	50.0
11	131303938	21.0	42.0
11	131413251	6.0	64.0
11	131686530	22.0	50.0
11	131698173	23.0	37.0
11	131740723	6.0	69.0
11	131941028	14.0	49.0
11	132092793	23.0	47.0
11	132501305	19.0	47.0
11	133659576	10.0	62.0
12	1269813	15.0	33.0
12	3499149	12.0	35.0
12	3678579	12.0	43.0
12	4007463	21.0	51.0
12	6676493	17.0	48.0
12	8156075	12.0	49.0
12	9345239	16.0	43.0
12	11584870	5.0	70.0
12	14278285	14.0	40.0
12	14438698	4.0	30.0
12	14486523	14.0	28.0
12	15341824	17.0	46.0
12	15377514	19.0	56.0
12	16431325	21.0	49.0
12	16753450	6.0	55.0
12	16780062	14.0	50.0
12	16930027	17.0	57.0
12	17684712	6.0	25.0
12	18002888	16.0	44.0
12	18168978	22.0	40.0
12	18391565	12.0	47.0
12	18887077	4.0	59.0
12	19194127	11.0	44.0
12	19238248	13.0	45.0
12	20966650	14.0	63.0
12	23294381	14.0	56.0
12	23698217	14.0	62.0
12	25471842	22.0	55.0
12	25844795	5.0	56.0
12	26766097	9.0	55.0
12	29011746	14.0	48.0
12	30482456	6.0	71.0
12	31142054	10.0	51.0
12	32900667	13.0	42.0
12	34130119	6.0	31.0
12	34210138	9.0	44.0
12	34265311	6.0	69.0
12	34457260	15.0	40.0
12	34852138	19.0	37.0
12	37981614	20.0	39.0
12	38053824	4.0	68.0
12	38138156	5.0	64.0
12	38276097	28.0	46.0
12	38428110	7.0	53.0
12	38653461	6.0	70.0
12	39139538	12.0	47.0
12	40261238	11.0	50.0
12	40542512	11.0	59.0
12	40637165	5.0	61.0
12	40969886	18.0	44.0
12	41028074	27.0	73.0
12	41067713	18.0	55.0
12	41772361	4.0	23.0
12	42000903	24.0	53.0
12	43833861	15.0	50.0
12	44948374	25.0	64.0
12	45037005	18.0	52.0
12	45146783	22.0	46.0
12	49626027	3.0	60.0
12	50610748	19.0	50.0
12	50777678	16.0	43.0
12	53683341	26.0	44.0
12	55330001	9.0	66.0
12	56112625	20.0	40.0
12	60191833	19.0	55.0
12	60410374	14.0	45.0
12	60427669	9.0	38.0
12	60670173	18.0	36.0
12	60686304	6.0	55.0
12	61490433	16.0	46.0
12	61577170	17.0	51.0
12	61924227	7.0	56.0
12	62374618	23.0	40.0
12	63916008	21.0	46.0
12	65927380	4.0	66.0
12	67002286	12.0	47.0
12	67233709	25.0	45.0
12	67546571	22.0	56.0
12	67561348	13.0	48.0
12	68537970	13.0	61.0
12	70521565	8.0	61.0
12	70751921	6.0	70.0
12	70818913	7.0	56.0
12	71286697	20.0	40.0
12	71292198	17.0	48.0
12	71292209	17.0	46.0
12	74048313	8.0	33.0
12	74326546	18.0	58.0
12	74713919	6.0	67.0
12	78286035	16.0	54.0
12	80452599	17.0	44.0
12	80918374	16.0	63.0
12	82130736	21.0	54.0
12	82297420	18.0	45.0
12	83258516	7.0	37.0
12	84262543	23.0	63.0
12	84758278	23.0	62.0
12	85201793	11.0	58.0
12	85335241	11.0	48.0
12	86403570	20.0	46.0
12	86470268	10.0	40.0
12	86524094	11.0	42.0
12	86526124	18.0	40.0
12	87326726	12.0	34.0
12	87555399	20.0	44.0
12	87955706	15.0	51.0
12	90271773	8.0	55.0
12	92599501	10.0	58.0
12	94867388	10.0	51.0
12	95467522	12.0	34.0
12	97610796	15.0	45.0
12	97794588	24.0	70.0
12	98990689	4.0	38.0
12	100054834	12.0	49.0
12	100671950	25.0	52.0
12	100772134	12.0	48.0
12	100796905	15.0	57.0
12	102445580	14.0	53.0
12	102530118	7.0	61.0
12	103549704	15.0	37.0
12	103791487	16.0	49.0
12	104023964	9.0	49.0
12	104114357	20.0	59.0
12	105089508	12.0	36.0
12	105224052	28.0	46.0
12	105721860	15.0	51.0
12	106161095	14.0	30.0
12	106457201	15.0	59.0
12	109127596	9.0	19.0
12	109262731	5.0	80.0
12	110727186	14.0	62.0
12	111102194	6.0	64.0
12	111455704	14.0	41.0
12	113550192	4.0	49.0
12	113879403	19.0	30.0
12	113921248	20.0	49.0
12	115158633	12.0	54.0
12	116120163	11.0	43.0
12	117797050	6.0	24.0
12	118635053	11.0	50.0
12	120748147	6.0	27.0
12	122159536	8.0	39.0
12	122591239	8.0	37.0
12	124774301	20.0	42.0
12	126149618	16.0	65.0
12	126174807	17.0	43.0
12	126312068	18.0	57.0
12	126829666	13.0	57.0
12	126979596	4.0	43.0
12	127132389	8.0	44.0
12	127132920	21.0	35.0
12	127173458	12.0	55.0
12	127374761	4.0	68.0
12	127447999	23.0	51.0
12	128079673	10.0	51.0
12	128136749	25.0	43.0
12	128344106	10.0	40.0
12	128373156	5.0	74.0
12	128529079	16.0	52.0
12	128532156	13.0	56.0
12	128581087	8.0	53.0
12	128747612	12.0	67.0
12	129173768	16.0	49.0
12	129448063	14.0	31.0
12	129566763	16.0	36.0
12	129695274	5.0	39.0
12	129704901	20.0	38.0
12	129963196	19.0	45.0
12	130046999	16.0	39.0
12	130472983	10.0	63.0
13	19201419	10.0	35.0
13	19388820	6.0	56.0
13	23009552	7.0	57.0
13	23227190	6.0	45.0
13	23445662	18.0	33.0
13	24164568	13.0	45.0
13	25748074	5.0	64.0
13	26872888	17.0	46.0
13	26872973	18.0	52.0
13	27108920	5.0	63.0
13	27249383	16.0	49.0
13	27374588	18.0	51.0
13	27964237	14.0	40.0
13	29772645	5.0	66.0
13	33140839	20.0	60.0
13	34240655	8.0	34.0
13	37089731	11.0	37.0
13	38916495	19.0	56.0
13	39415056	6.0	61.0
13	39691543	18.0	55.0
13	42068111	18.0	46.0
13	43268377	8.0	49.0
13	44607547	20.0	47.0
13	44721584	18.0	51.0
13	46659061	9.0	29.0
13	46942917	21.0	52.0
13	48783494	17.0	48.0
13	49477177	6.0	67.0
13	52070960	8.0	54.0
13	53060452	9.0	44.0
13	53199234	15.0	52.0
13	54310005	19.0	60.0
13	54555863	24.0	41.0
13	55771634	13.0	44.0
13	56078695	15.0	53.0
13	56176266	13.0	54.0
13	56812383	20.0	57.0
13	57801104	18.0	48.0
13	58088445	12.0	46.0
13	58161306	9.0	39.0
13	58448839	20.0	55.0
13	58579402	17.0	50.0
13	58636493	20.0	51.0
13	58703741	14.0	50.0
13	58853822	11.0	36.0
13	59218728	23.0	43.0
13	59312953	11.0	35.0
13	59566151	19.0	47.0
13	59624083	17.0	55.0
13	59666885	15.0	36.0
13	59752051	13.0	58.0
13	59888404	14.0	30.0
13	59931734	8.0	33.0
13	59983088	14.0	45.0
13	60043674	7.0	69.0
13	60097158	15.0	51.0
13	61636915	19.0	42.0
13	61675668	5.0	80.0
13	62022851	12.0	44.0
13	62032092	17.0	43.0
13	62046459	10.0	66.0
13	62060457	8.0	60.0
13	62441943	20.0	59.0
13	62573431	4.0	46.0
13	62877083	18.0	54.0
13	63407429	19.0	40.0
13	63640202	17.0	40.0
13	63656292	4.0	14.0
13	64414703	13.0	39.0
13	64604070	16.0	51.0
13	64754810	23.0	53.0
13	64883659	25.0	49.0
13	65216577	7.0	30.0
13	65454454	5.0	50.0
13	65497292	11.0	54.0
13	65582403	18.0	66.0
13	65932074	13.0	30.0
13	65964914	21.0	53.0
13	65978977	17.0	52.0
13	66025252	21.0	64.0
13	66549635	20.0	56.0
13	67915159	18.0	52.0
13	68764345	15.0	52.0
13	71086551	12.0	28.0
13	71561132	12.0	45.0
13	71717411	17.0	55.0
13	73809652	8.0	48.0
13	74500225	12.0	51.0
13	74668401	21.0	51.0
13	76167175	17.0	50.0
13	76461812	10.0	38.0
13	76637889	13.0	59.0
13	78216212	18.0	55.0
13	79572977	12.0	51.0
13	81285759	12.0	54.0
13	81540339	8.0	48.0
13	82221217	21.0	57.0
13	82288580	4.0	58.0
13	82321126	12.0	39.0
13	82572657	17.0	56.0
13	82676826	12.0	31.0
13	82678919	15.0	48.0
13	82797231	10.0	43.0
13	82919929	15.0	49.0
13	83250566	9.0	54.0
13	83945367	14.0	45.0
13	84465224	7.0	63.0
13	86950641	8.0	61.0
13	86969595	21.0	53.0
13	86978109	14.0	51.0
13	87091664	11.0	38.0
13	87182428	8.0	60.0
13	87193290	21.0	45.0
13	87283146	15.0	54.0
13	87296436	20.0	49.0
13	87600392	12.0	37.0
13	87735360	12.0	40.0
13	87907415	8.0	50.0
13	87934162	28.0	43.0
13	88204826	27.0	56.0
13	88578938	19.0	49.0
13	91241429	6.0	64.0
13	91545022	19.0	41.0
13	92186852	10.0	64.0
13	92563141	22.0	57.0
13	94136628	15.0	38.0
13	97039261	11.0	48.0
13	99481945	26.0	35.0
13	99965575	17.0	29.0
13	100145235	15.0	54.0
13	101915151	4.0	62.0
13	102143587	6.0	55.0
13	102939675	15.0	41.0
13	104182953	11.0	56.0
13	104626043	5.0	66.0
13	105857331	16.0	58.0
13	105972232	31.0	58.0
13	106333408	8.0	63.0
13	107205643	18.0	51.0
13	107605897	19.0	43.0
13	108000237	17.0	28.0
13	108101420	15.0	36.0
13	108287424	19.0	50.0
13	108333526	16.0	41.0
13	108358117	15.0	43.0
13	108484205	8.0	60.0
13	108484498	20.0	38.0
13	108544117	10.0	24.0
13	109571893	8.0	48.0
13	110153716	24.0	52.0
13	110708922	6.0	69.0
13	112308711	17.0	41.0
13	113650821	24.0	42.0
13	114112787	9.0	29.0
14	20239943	20.0	66.0
14	22461415	12.0	33.0
14	23072419	12.0	35.0
14	24491151	17.0	39.0
14	24740552	18.0	45.0
14	25819341	18.0	54.0
14	27396722	6.0	76.0
14	27511717	6.0	60.0
14	27580364	6.0	67.0
14	27776233	15.0	56.0
14	27911251	14.0	41.0
14	28175142	21.0	48.0
14	28404454	22.0	41.0
14	28976535	24.0	65.0
14	29077941	16.0	48.0
14	29314581	19.0	57.0
14	29407151	18.0	47.0
14	30691002	11.0	49.0
14	30866864	25.0	41.0
14	30980976	20.0	37.0
14	31682309	8.0	57.0
14	37975717	9.0	54.0
14	40262610	15.0	61.0
14	40321212	12.0	62.0
14	40745345	21.0	42.0
14	41021221	15.0	62.0
14	41259762	13.0	41.0
14	41382335	7.0	58.0
14	41427497	15.0	70.0
14	41527116	7.0	81.0
14	42364706	9.0	34.0
14	42921550	20.0	57.0
14	44002434	9.0	34.0
14	44111412	19.0	59.0
14	45844977	15.0	46.0
14	46152263	13.0	56.0
14	46204842	21.0	44.0
14	46816795	19.0	57.0
14	47149244	21.0	53.0
14	47196798	9.0	21.0
14	47241338	18.0	35.0
14	47543432	19.0	48.0
14	47692073	4.0	57.0
14	47742908	22.0	38.0
14	48242686	15.0	66.0
14	48431485	11.0	52.0
14	48431598	15.0	50.0
14	48950588	27.0	47.0
14	48969598	6.0	77.0
14	48999467	26.0	59.0
14	49123437	21.0	39.0
14	50654696	12.0	47.0
14	51548697	8.0	65.0
14	52099747	14.0	44.0
14	52897061	24.0	52.0
14	55311595	15.0	53.0
14	56040272	13.0	21.0
14	56248423	4.0	53.0
14	57844951	18.0	37.0
14	57847741	3.0	52.0
14	58884854	23.0	57.0
14	61756416	11.0	47.0
14	63777222	19.0	26.0
14	64746645	29.0	46.0
14	65729119	16.0	43.0
14	70725834	11.0	54.0
14	73945487	19.0	40.0
14	75106534	11.0	47.0
14	75898707	13.0	52.0
14	76182986	6.0	64.0
14	76944831	19.0	41.0
14	79602199	16.0	52.0
14	80298241	8.0	51.0
14	80915796	5.0	68.0
14	83080140	5.0	60.0
14	83082294	19.0	38.0
14	83335744	22.0	55.0
14	83393420	6.0	66.0
14	83546932	24.0	49.0
14	83824602	18.0	34.0
14	84086662	5.0	50.0
14	84357022	24.0	55.0
14	87039924	16.0	61.0
14	87195657	18.0	55.0
14	87311628	5.0	56.0
14	87435239	20.0	43.0
14	87593217	10.0	46.0
14	87785175	13.0	34.0
14	89905706	6.0	40.0
14	90057665	4.0	51.0
14	92351571	3.0	50.0
14	92917315	9.0	35.0
14	93341475	15.0	23.0
14	93764602	20.0	45.0
14	96896768	6.0	49.0
14	96910563	5.0	45.0
14	97693192	5.0	47.0
14	97743103	14.0	41.0
14	97916241	23.0	35.0
14	98075627	19.0	49.0
14	98310292	11.0	38.0
14	98510479	17.0	50.0
14	101459784	6.0	75.0
14	101600415	12.0	52.0
14	103675191	10.0	50.0
14	105536095	8.0	37.0
14	106947530	16.0	52.0
15	22437627	24.0	77.0
15	23787271	10.0	48.0
15	24206537	12.0	44.0
15	24261722	17.0	42.0
15	24344205	14.0	50.0
15	24626524	9.0	61.0
15	25035670	15.0	39.0
15	25434955	16.0	35.0
15	25474633	12.0	37.0
15	25977550	6.0	35.0
15	26494600	10.0	21.0
15	27878115	18.0	52.0
15	30088604	16.0	54.0
15	35286676	20.0	41.0
15	36901154	4.0	65.0
15	37626328	4.0	48.0
15	37976254	13.0	48.0
15	38255993	10.0	50.0
15	38387170	14.0	47.0
15	38756331	16.0	46.0
15	40006427	16.0	49.0
15	42117614	8.0	37.0
15	44156259	8.0	60.0
15	44317417	10.0	51.0
15	44628086	6.0	33.0
15	45709465	22.0	69.0
15	46017317	14.0	44.0
15	46522094	16.0	54.0
15	47211907	23.0	50.0
15	48143222	15.0	50.0
15	48313725	15.0	46.0
15	48358279	7.0	52.0
15	50870436	5.0	69.0
15	53466252	5.0	79.0
15	53472534	13.0	52.0
15	53652908	5.0	54.0
15	53967107	13.0	44.0
15	54758125	21.0	68.0
15	54919169	10.0	50.0
15	55719389	20.0	33.0
15	57381501	23.0	59.0
15	58104608	7.0	73.0
15	59577711	11.0	26.0
15	59699939	17.0	48.0
15	60179781	14.0	44.0
15	61092609	9.0	47.0
15	62979174	19.0	40.0
15	64641518	6.0	51.0
15	64757610	10.0	28.0
15	65676282	14.0	40.0
15	66550056	6.0	44.0
15	67621027	11.0	49.0
15	67662215	20.0	48.0
15	69172518	5.0	60.0
15	70423272	12.0	48.0
15	72224456	12.0	59.0
15	73976629	4.0	27.0
15	75519088	9.0	34.0
15	77576555	5.0	68.0
15	80585343	12.0	36.0
15	81558876	11.0	45.0
15	82039527	18.0	53.0
15	83977951	12.0	38.0
15	84106453	5.0	42.0
15	84448216	16.0	39.0
15	85828042	12.0	35.0
15	86236879	5.0	64.0
15	86851235	11.0	61.0
15	87052138	23.0	61.0
15	87095503	3.0	60.0
15	87347518	11.0	51.0
15	87848501	15.0	51.0
15	87848816	7.0	69.0
15	88014528	22.0	60.0
15	88077219	5.0	77.0
15	89371553	2.0	56.0
15	89957920	22.0	53.0
15	90246264	7.0	58.0
15	94846082	9.0	37.0
15	95588998	5.0	50.0
15	96628567	12.0	40.0
15	97446877	21.0	42.0
15	97507331	14.0	47.0
15	97643519	28.0	46.0
15	97665888	5.0	24.0
15	98252891	18.0	41.0
15	98820684	17.0	48.0
15	99036808	13.0	30.0
15	99439254	23.0	45.0
15	99624085	16.0	46.0
15	100050754	10.0	52.0
15	101828292	11.0	49.0
15	101898520	4.0	47.0
16	688285	19.0	41.0
16	829633	9.0	38.0
16	1731106	16.0	39.0
16	2052926	10.0	24.0
16	3414927	11.0	34.0
16	4554289	11.0	58.0
16	5371972	9.0	49.0
16	5419064	5.0	39.0
16	5734921	11.0	37.0
16	5753963	13.0	40.0
16	6196904	11.0	54.0
16	6516641	14.0	49.0
16	6869475	13.0	50.0
16	6922182	16.0	45.0
16	7032929	6.0	45.0
16	7561958	20.0	41.0
16	7640452	9.0	51.0
16	7974917	4.0	41.0
16	8009409	18.0	55.0
16	8379588	22.0	54.0
16	8432293	17.0	41.0
16	10053437	4.0	70.0
16	10409897	8.0	30.0
16	13112532	22.0	41.0
16	13492461	18.0	41.0
16	13765814	4.0	62.0
16	13854107	20.0	35.0
16	14352960	12.0	34.0
16	17172382	14.0	44.0
16	17605106	12.0	47.0
16	17815361	21.0	52.0
16	19082938	5.0	62.0
16	19096417	4.0	60.0
16	20283442	15.0	44.0
16	21115527	11.0	61.0
16	23226531	8.0	59.0
16	23349858	23.0	54.0
16	23956665	27.0	42.0
16	24091343	19.0	43.0
16	24385766	17.0	42.0
16	24881680	14.0	20.0
16	25974374	10.0	45.0
16	26077498	17.0	58.0
16	26171883	18.0	41.0
16	26551026	13.0	37.0
16	26638182	20.0	40.0
16	26853282	10.0	44.0
16	26885651	15.0	39.0
16	27029274	15.0	50.0
16	27811900	7.0	54.0
16	28871752	12.0	38.0
16	32361029	14.0	150.0
16	32618355	17.0	86.0
16	33600741	7.0	131.0
16	33876432	9.0	33.0
16	46691107	11.0	39.0
16	48267832	18.0	53.0
16	48502721	9.0	42.0
16	51818415	6.0	51.0
16	55166030	15.0	29.0
16	56048526	10.0	15.0
16	59206758	19.0	28.0
16	59591329	25.0	28.0
16	60074340	20.0	30.0
16	60084284	16.0	21.0
16	60287946	5.0	33.0
16	61985479	11.0	31.0
16	64943847	17.0	37.0
16	71240598	26.0	34.0
16	72845727	13.0	15.0
16	73681057	17.0	22.0
16	73950572	5.0	38.0
16	82538127	10.0	36.0
16	83075330	5.0	34.0
16	84049387	7.0	21.0
16	85480011	7.0	30.0
16	87222334	13.0	21.0
16	87860888	3.0	25.0
16	87994236	15.0	20.0
16	88499314	11.0	21.0
17	1114918	4.0	51.0
17	1123728	12.0	27.0
17	2871623	12.0	49.0
17	4126288	12.0	54.0
17	4153300	23.0	51.0
17	4332196	22.0	44.0
17	4494675	17.0	31.0
17	5099439	6.0	57.0
17	5844234	9.0	38.0
17	6638438	15.0	46.0
17	6720521	9.0	38.0
17	7717220	6.0	17.0
17	11522069	5.0	64.0
17	11991553	8.0	38.0
17	13438212	5.0	30.0
17	13617361	8.0	43.0
17	14375795	8.0	51.0
17	15098122	19.0	54.0
17	18280429	10.0	52.0
17	18911523	18.0	33.0
17	19467227	12.0	38.0
17	19882241	6.0	49.0
17	20100677	6.0	50.0
17	20722842	9.0	64.0
17	20790002	18.0	51.0
17	21961428	16.0	34.0
17	21974442	11.0	48.0
17	22028075	24.0	44.0
17	25445441	5.0	59.0
17	26191800	21.0	57.0
17	26396566	15.0	52.0
17	28395398	5.0	61.0
17	28573777	6.0	64.0
17	29725798	20.0	40.0
17	30345224	11.0	41.0
17	30394834	7.0	54.0
17	31407492	8.0	42.0
17	33088638	7.0	37.0
17	35777081	16.0	62.0
17	36188597	28.0	49.0
17	41018347	18.0	33.0
17	41601980	13.0	35.0
17	42718137	6.0	23.0
17	44271492	5.0	26.0
17	45808025	8.0	48.0
17	46880553	4.0	55.0
17	49196095	8.0	57.0
17	50673884	27.0	41.0
17	51242094	14.0	57.0
17	51347474	10.0	42.0
17	52036173	19.0	36.0
17	52209174	11.0	42.0
17	52960339	28.0	53.0
17	54205484	28.0	40.0
17	54853804	13.0	29.0
17	56708875	5.0	66.0
17	58922722	9.0	68.0
17	58954108	16.0	46.0
17	60863273	20.0	56.0
17	63194254	17.0	39.0
17	63194342	16.0	42.0
17	63197281	16.0	36.0
17	65316305	8.0	32.0
17	66001959	10.0	24.0
17	70204641	10.0	31.0
17	71375641	12.0	33.0
17	71826524	15.0	44.0
17	72608991	14.0	32.0
17	77088383	16.0	36.0
17	80255875	4.0	31.0
18	1331962	16.0	48.0
18	1696423	20.0	57.0
18	1880365	5.0	72.0
18	2422386	13.0	41.0
18	2480365	12.0	40.0
18	2489123	24.0	52.0
18	3675700	14.0	45.0
18	3993606	19.0	45.0
18	5498780	4.0	50.0
18	5516750	18.0	52.0
18	5630057	4.0	49.0
18	5996628	20.0	45.0
18	6311281	14.0	45.0
18	7165114	16.0	46.0
18	8319403	10.0	50.0
18	8913314	19.0	45.0
18	10925723	12.0	29.0
18	11015715	15.0	56.0
18	11189195	11.0	32.0
18	11196708	12.0	70.0
18	12011739	16.0	39.0
18	12101796	6.0	57.0
18	14850067	11.0	50.0
18	14850283	6.0	62.0
18	14850322	8.0	62.0
18	21781392	17.0	30.0
18	22976803	13.0	41.0
18	23232512	7.0	32.0
18	23721795	7.0	19.0
18	25936187	4.0	37.0
18	26029612	15.0	29.0
18	26201521	12.0	36.0
18	26361225	10.0	18.0
18	26593413	11.0	40.0
18	26603705	24.0	36.0
18	26947556	13.0	37.0
18	27526256	6.0	37.0
18	28974613	19.0	24.0
18	32078054	11.0	17.0
18	33424872	15.0	43.0
18	34363464	17.0	24.0
18	34586609	4.0	34.0
18	35948261	14.0	26.0
18	36646098	17.0	42.0
18	37258710	5.0	46.0
18	38283745	16.0	29.0
18	38807627	21.0	23.0
18	39016253	18.0	28.0
18	42932076	10.0	23.0
18	44378598	17.0	39.0
18	45227490	9.0	34.0
18	45831438	10.0	20.0
18	49240536	19.0	25.0
18	54485052	7.0	27.0
18	55181475	6.0	38.0
18	55367091	12.0	17.0
18	55851900	5.0	35.0
18	56545435	12.0	24.0
18	61429307	15.0	27.0
18	65821869	25.0	36.0
18	68132698	11.0	21.0
18	68575487	18.0	38.0
18	69801647	17.0	26.0
18	70406635	21.0	25.0
18	70489673	21.0	22.0
18	71530514	15.0	26.0
18	73479355	10.0	32.0
18	73961672	14.0	35.0
18	74325447	5.0	38.0
18	75223097	7.0	28.0
18	75664610	3.0	37.0
18	77211805	13.0	27.0
19	1432112	11.0	29.0
19	2472379	11.0	30.0
19	2964546	14.0	37.0
19	3619767	5.0	23.0
19	5638748	4.0	21.0
19	6107742	22.0	40.0
19	8750379	11.0	42.0
19	9107202	21.0	41.0
19	11054319	6.0	53.0
19	12027756	7.0	61.0
19	13542949	3.0	19.0
19	16163910	11.0	43.0
19	18345523	18.0	45.0
19	22553043	11.0	42.0
19	22630305	15.0	37.0
19	22684027	20.0	42.0
19	22692681	9.0	49.0
19	22815713	9.0	35.0
19	22911941	6.0	66.0
19	23077855	11.0	50.0
19	23368486	7.0	50.0
19	24157852	18.0	48.0
19	27780523	5.0	73.0
19	27798665	23.0	59.0
19	28569661	25.0	45.0
19	28951279	16.0	67.0
19	28984277	12.0	38.0
19	29176748	13.0	42.0
19	29311026	21.0	45.0
19	29319279	11.0	53.0
19	29380820	15.0	38.0
19	29930959	6.0	43.0
19	31561379	10.0	33.0
19	31704205	11.0	36.0
19	32286314	5.0	58.0
19	33739021	5.0	38.0
19	34425800	13.0	46.0
19	35903352	13.0	18.0
19	39143981	8.0	36.0
19	39463655	10.0	36.0
19	40522145	19.0	40.0
19	40735180	11.0	47.0
19	41388703	3.0	29.0
19	41465909	11.0	55.0
19	41629182	9.0	33.0
19	43848617	6.0	57.0
19	48324029	22.0	43.0
19	48377123	13.0	23.0
19	50395026	17.0	39.0
19	52978900	14.0	58.0
19	54043241	25.0	49.0
19	57163270	6.0	34.0
19	57163412	7.0	24.0
2	39196	24.0	57.0
2	357175	12.0	49.0
2	775135	17.0	48.0
2	3660808	10.0	27.0
2	3948998	20.0	42.0
2	4817343	14.0	38.0
2	5200853	14.0	49.0
2	5973646	27.0	43.0
2	6929568	9.0	63.0
2	7001871	15.0	40.0
2	7580639	12.0	68.0
2	9078656	10.0	40.0
2	12214677	17.0	44.0
2	12252442	11.0	59.0
2	13663286	18.0	55.0
2	14271115	19.0	54.0
2	15759326	10.0	41.0
2	18044003	18.0	50.0
2	18354192	22.0	47.0
2	19613908	8.0	54.0
2	19621933	13.0	63.0
2	20623092	11.0	34.0
2	20744810	17.0	41.0
2	20991791	18.0	49.0
2	22047984	14.0	54.0
2	23633971	24.0	56.0
2	24707059	12.0	41.0
2	26177326	15.0	29.0
2	26984071	18.0	46.0
2	29752171	21.0	43.0
2	31524083	19.0	51.0
2	31729028	13.0	57.0
2	32448466	25.0	45.0
2	33386157	21.0	57.0
2	34385229	5.0	54.0
2	34917399	13.0	41.0
2	35278835	12.0	37.0
2	35622508	5.0	82.0
2	40707079	4.0	43.0
2	41858978	6.0	59.0
2	46145488	12.0	51.0
2	48856533	18.0	47.0
2	50335889	20.0	48.0
2	50434008	5.0	35.0
2	51725216	5.0	83.0
2	51735798	15.0	48.0
2	51824465	24.0	44.0
2	52302576	14.0	62.0
2	52515094	17.0	56.0
2	52584029	27.0	56.0
2	52594670	8.0	47.0
2	52793643	16.0	48.0
2	53161159	6.0	62.0
2	54813077	8.0	56.0
2	56933021	26.0	62.0
2	57333496	16.0	57.0
2	57361758	16.0	52.0
2	57711242	11.0	55.0
2	57918228	17.0	51.0
2	57931501	7.0	59.0
2	58049264	12.0	57.0
2	58500939	14.0	54.0
2	58536401	24.0	43.0
2	59365554	18.0	37.0
2	59995415	19.0	57.0
2	60340411	20.0	45.0
2	60489492	5.0	43.0
2	60690656	22.0	39.0
2	61353152	18.0	43.0
2	62681962	12.0	44.0
2	66744713	17.0	48.0
2	67879379	7.0	61.0
2	68127327	10.0	35.0
2	72240513	5.0	43.0
2	72240514	5.0	43.0
2	72300150	21.0	50.0
2	73083513	20.0	44.0
2	74002588	12.0	26.0
2	76276557	5.0	59.0
2	76327041	21.0	53.0
2	77727778	15.0	63.0
2	78315695	21.0	54.0
2	78346102	17.0	48.0
2	78442340	24.0	58.0
2	78488523	5.0	62.0
2	78646960	13.0	53.0
2	78675699	16.0	61.0
2	78799357	5.0	62.0
2	78953440	17.0	48.0
2	79073524	27.0	55.0
2	79751773	20.0	42.0
2	80701990	9.0	57.0
2	80721139	9.0	56.0
2	80764678	18.0	53.0
2	80769441	9.0	55.0
2	80892343	15.0	47.0
2	81008386	13.0	46.0
2	82398208	14.0	59.0
2	82793059	17.0	47.0
2	83586487	21.0	58.0
2	84407885	8.0	56.0
2	84571556	14.0	50.0
2	89283056	6.0	39.0
2	90210134	8.0	59.0
2	96309525	14.0	69.0
2	99968719	12.0	51.0
2	100059322	10.0	65.0
2	101394868	12.0	48.0
2	103093161	9.0	68.0
2	103361175	15.0	48.0
2	104475334	11.0	50.0
2	105018824	16.0	47.0
2	105110903	15.0	39.0
2	105484094	9.0	28.0
2	108219030	17.0	32.0
2	108441484	12.0	52.0
2	108693260	12.0	41.0
2	111748312	24.0	55.0
2	112488507	12.0	36.0
2	114084711	16.0	44.0
2	114574449	21.0	53.0
2	115524356	12.0	68.0
2	115687288	13.0	51.0
2	115940051	22.0	39.0
2	116173168	11.0	44.0
2	116259417	25.0	43.0
2	116273521	12.0	67.0
2	116358765	22.0	54.0
2	116552106	25.0	46.0
2	117033994	11.0	66.0
2	117690400	19.0	47.0
2	118277240	21.0	54.0
2	119204612	4.0	58.0
2	119360451	15.0	47.0
2	119537353	18.0	49.0
2	119805698	13.0	61.0
2	121415118	5.0	61.0
2	122564664	4.0	35.0
2	122867974	15.0	32.0
2	122897627	14.0	71.0
2	122927381	5.0	57.0
2	123316175	5.0	69.0
2	124307465	17.0	47.0
2	124325722	20.0	38.0
2	124406584	9.0	49.0
2	124706403	24.0	53.0
2	124733772	14.0	38.0
2	124824963	19.0	49.0
2	125243268	15.0	48.0
2	125293100	5.0	54.0
2	125306128	12.0	59.0
2	125308261	17.0	43.0
2	125361489	7.0	55.0
2	125923789	7.0	50.0
2	125923794	8.0	50.0
2	125923842	12.0	53.0
2	126114303	12.0	63.0
2	126580030	11.0	35.0
2	126680005	15.0	70.0
2	126844443	18.0	50.0
2	126948778	7.0	49.0
2	127688142	19.0	52.0
2	129127648	10.0	43.0
2	129603534	15.0	42.0
2	130058103	14.0	40.0
2	133199627	10.0	48.0
2	134213917	13.0	44.0
2	136306358	18.0	57.0
2	136798750	5.0	86.0
2	137600959	23.0	60.0
2	137605097	20.0	53.0
2	137999978	10.0	53.0
2	138097110	20.0	43.0
2	138126039	20.0	34.0
2	138633558	4.0	47.0
2	138960623	17.0	42.0
2	139026370	4.0	71.0
2	139282344	17.0	50.0
2	140037024	20.0	41.0
2	140663815	18.0	55.0
2	141475148	11.0	61.0
2	142051647	25.0	42.0
2	142057463	18.0	45.0
2	142354753	7.0	78.0
2	142665426	21.0	42.0
2	142885168	23.0	47.0
2	142948427	17.0	41.0
2	142996358	15.0	48.0
2	143175763	5.0	43.0
2	143311155	20.0	55.0
2	143438331	4.0	65.0
2	143524726	5.0	69.0
2	143856231	11.0	42.0
2	145836233	26.0	54.0
2	146413435	8.0	66.0
2	146645418	23.0	42.0
2	146857341	5.0	67.0
2	148128024	9.0	61.0
2	149275796	6.0	63.0
2	149529411	12.0	29.0
2	152748353	19.0	38.0
2	154253054	5.0	61.0
2	154300499	20.0	48.0
2	154438977	8.0	78.0
2	154698003	17.0	58.0
2	156134112	6.0	37.0
2	156329002	13.0	34.0
2	157973911	17.0	51.0
2	158703151	17.0	36.0
2	161482459	13.0	46.0
2	162045225	6.0	78.0
2	163566942	12.0	43.0
2	164019875	6.0	52.0
2	164420409	6.0	45.0
2	165087049	12.0	38.0
2	166639872	18.0	52.0
2	167755509	6.0	75.0
2	167891738	4.0	60.0
2	169752318	20.0	38.0
2	170444193	18.0	45.0
2	177696191	27.0	45.0
2	180454834	17.0	59.0
2	181160437	17.0	39.0
2	183942070	11.0	42.0
2	185289031	12.0	58.0
2	185534397	20.0	53.0
2	185758192	14.0	55.0
2	186123367	24.0	62.0
2	186196838	4.0	48.0
2	187855069	22.0	56.0
2	187940678	12.0	56.0
2	187976944	23.0	46.0
2	188288853	10.0	56.0
2	189273248	4.0	54.0
2	191780607	15.0	54.0
2	192915922	18.0	53.0
2	196967758	20.0	45.0
2	197699179	4.0	46.0
2	198697274	5.0	59.0
2	199080086	12.0	33.0
2	199241387	5.0	75.0
2	199310114	15.0	57.0
2	199606738	8.0	31.0
2	199650801	17.0	63.0
2	199670166	13.0	38.0
2	200218660	16.0	55.0
2	202609637	6.0	60.0
2	202687147	5.0	71.0
2	203772365	9.0	59.0
2	204023997	18.0	51.0
2	204939840	19.0	64.0
2	205606967	9.0	51.0
2	205718659	21.0	54.0
2	207190392	14.0	41.0
2	211621132	16.0	45.0
2	211697314	6.0	45.0
2	211906972	15.0	59.0
2	211924328	19.0	53.0
2	212861164	8.0	35.0
2	212892554	15.0	56.0
2	214944592	7.0	62.0
2	214945716	19.0	34.0
2	215185507	19.0	39.0
2	215471968	8.0	59.0
2	215495657	6.0	58.0
2	215495755	3.0	71.0
2	217615351	13.0	46.0
2	217620286	16.0	51.0
2	218975138	14.0	45.0
2	221320629	11.0	63.0
2	221351878	14.0	49.0
2	222968334	14.0	44.0
2	223279376	17.0	55.0
2	223392974	21.0	45.0
2	223503667	16.0	64.0
2	228270238	18.0	43.0
2	228573537	15.0	36.0
2	228754709	18.0	59.0
2	229929317	13.0	52.0
2	230574480	25.0	52.0
2	231127007	9.0	56.0
2	231493153	18.0	49.0
2	232255585	15.0	52.0
2	233248403	15.0	35.0
2	233633806	20.0	58.0
2	234714412	18.0	47.0
2	235165777	6.0	62.0
2	235536949	11.0	34.0
2	235834431	13.0	40.0
2	236629774	8.0	30.0
2	237214144	23.0	48.0
2	238387645	23.0	51.0
2	241465852	20.0	39.0
2	242752559	6.0	29.0
20	661627	15.0	49.0
20	956775	7.0	45.0
20	3870994	20.0	48.0
20	4414035	6.0	16.0
20	4502152	5.0	61.0
20	4573834	14.0	60.0
20	4647310	15.0	44.0
20	6256920	16.0	71.0
20	6373450	5.0	70.0
20	6587074	8.0	47.0
20	6848025	5.0	71.0
20	7117050	18.0	60.0
20	7199237	16.0	41.0
20	7269359	21.0	37.0
20	7284035	13.0	47.0
20	9079524	15.0	30.0
20	10005169	10.0	61.0
20	11457826	25.0	60.0
20	12092598	15.0	44.0
20	12276330	18.0	56.0
20	13247649	7.0	60.0
20	14634557	14.0	44.0
20	15254406	18.0	48.0
20	16105473	7.0	64.0
20	16866513	5.0	49.0
20	17836122	14.0	61.0
20	19584869	17.0	39.0
20	20122895	8.0	65.0
20	21383463	26.0	47.0
20	21791539	16.0	37.0
20	22011222	11.0	25.0
20	22659472	17.0	42.0
20	24005055	15.0	70.0
20	24347197	11.0	43.0
20	25456455	14.0	33.0
20	31924758	14.0	54.0
20	33755592	17.0	48.0
20	37789854	8.0	48.0
20	42164350	14.0	49.0
20	43716356	14.0	40.0
20	46104964	6.0	19.0
20	48140848	14.0	45.0
20	49704462	5.0	59.0
20	49901245	18.0	43.0
20	50252731	17.0	40.0
20	51736249	14.0	58.0
20	52330165	19.0	43.0
20	53920799	20.0	43.0
20	57735419	21.0	52.0
20	60594208	25.0	40.0
20	61538699	9.0	31.0
20	62450471	15.0	37.0
21	10433288	12.0	171.0
21	10824727	15.0	193.0
21	10881097	7.0	174.0
21	11159837	21.0	376.0
21	11165685	14.0	256.0
21	14366296	13.0	129.0
21	14744855	4.0	33.0
21	15457235	10.0	40.0
21	15457266	14.0	36.0
21	15882242	13.0	27.0
21	16578899	13.0	47.0
21	16762797	4.0	64.0
21	17653770	15.0	58.0
21	17690342	7.0	59.0
21	18710203	7.0	57.0
21	18740729	4.0	34.0
21	19835892	17.0	44.0
21	19924522	6.0	66.0
21	20093303	11.0	52.0
21	20422124	8.0	45.0
21	20574715	18.0	47.0
21	20881619	19.0	43.0
21	21112111	20.0	45.0
21	21833622	12.0	54.0
21	22096065	17.0	41.0
21	22270316	12.0	78.0
21	22451726	7.0	64.0
21	22574838	4.0	34.0
21	22995942	11.0	54.0
21	23095033	4.0	39.0
21	23962774	16.0	47.0
21	24315395	13.0	48.0
21	24438645	11.0	51.0
21	24557398	10.0	43.0
21	24561258	16.0	59.0
21	24650972	26.0	53.0
21	24824684	13.0	34.0
21	25248923	5.0	22.0
21	25340000	4.0	49.0
21	25467922	14.0	49.0
21	25528143	6.0	93.0
21	25542363	18.0	52.0
21	25602950	14.0	54.0
21	25620540	14.0	28.0
21	25961596	19.0	46.0
21	26721827	19.0	50.0
21	27067577	11.0	39.0
21	27867552	11.0	52.0
21	27889968	13.0	42.0
21	28584946	8.0	71.0
21	28711319	5.0	35.0
21	30883315	5.0	62.0
21	36121921	12.0	20.0
21	36364572	5.0	43.0
21	36705396	6.0	53.0
21	40160158	9.0	47.0
21	40248675	15.0	37.0
21	40302857	14.0	33.0
21	40830722	14.0	23.0
21	42449103	17.0	28.0
21	44555447	18.0	33.0
21	45557469	14.0	49.0
21	46006942	13.0	37.0
22	19595370	8.0	56.0
22	19907747	12.0	24.0
22	22561680	23.0	45.0
22	22724216	11.0	40.0
22	23085504	12.0	70.0
22	23541726	9.0	41.0
22	27261269	22.0	42.0
22	30728211	4.0	54.0
22	32843177	20.0	40.0
22	32847474	14.0	28.0
22	32851640	19.0	36.0
22	33300767	16.0	39.0
22	34455966	5.0	67.0
22	35840200	13.0	44.0
22	36720080	7.0	40.0
22	40169470	19.0	40.0
22	40282944	18.0	52.0
22	40298470	18.0	46.0
22	49892218	4.0	43.0
3	600076	16.0	52.0
3	876964	16.0	47.0
3	1088802	6.0	67.0
3	1369741	19.0	57.0
3	1624906	11.0	38.0
3	2007474	7.0	63.0
3	2116663	22.0	50.0
3	3076068	23.0	41.0
3	3720917	22.0	49.0
3	5092572	10.0	49.0
3	6126211	5.0	57.0
3	6181550	9.0	57.0
3	6663591	25.0	57.0
3	6690153	7.0	62.0
3	8347623	18.0	46.0
3	10582946	17.0	47.0
3	14480702	18.0	31.0
3	16472356	6.0	58.0
3	16547964	24.0	41.0
3	17171177	4.0	41.0
3	18191332	10.0	53.0
3	18315074	15.0	33.0
3	18910928	21.0	53.0
3	21354993	7.0	40.0
3	21435956	18.0	61.0
3	21502917	20.0	38.0
3	21584961	4.0	42.0
3	21869615	9.0	66.0
3	24677896	21.0	47.0
3	24829085	18.0	54.0
3	25405109	15.0	51.0
3	26241182	6.0	74.0
3	26432562	4.0	60.0
3	26712593	7.0	15.0
3	26734897	18.0	49.0
3	27806999	9.0	53.0
3	28032802	19.0	47.0
3	28048069	10.0	52.0
3	29478617	14.0	44.0
3	30934029	14.0	41.0
3	34721550	9.0	39.0
3	35253959	5.0	61.0
3	35429958	11.0	54.0
3	35440628	10.0	52.0
3	35551044	11.0	41.0
3	35911534	6.0	56.0
3	35981766	19.0	62.0
3	36174011	15.0	44.0
3	36241719	6.0	70.0
3	36425912	5.0	67.0
3	45264194	4.0	55.0
3	46093469	4.0	41.0
3	48906688	25.0	63.0
3	50465965	23.0	47.0
3	51355343	13.0	59.0
3	52266661	7.0	46.0
3	55536071	25.0	55.0
3	57516986	6.0	60.0
3	58122814	5.0	62.0
3	59816704	13.0	66.0
3	60080242	17.0	44.0
3	60485387	9.0	48.0
3	60609328	7.0	61.0
3	60759794	17.0	57.0
3	61227244	14.0	46.0
3	61733202	8.0	52.0
3	63650238	20.0	46.0
3	63829181	16.0	45.0
3	64677388	18.0	39.0
3	65141137	15.0	53.0
3	66043819	11.0	58.0
3	67757825	27.0	57.0
3	68202483	18.0	56.0
3	70707338	12.0	54.0
3	71316114	19.0	38.0
3	73830865	7.0	59.0
3	74005377	5.0	73.0
3	75036634	10.0	35.0
3	75247001	20.0	61.0
3	75445203	8.0	37.0
3	75841834	6.0	48.0
3	75946232	20.0	48.0
3	76209736	9.0	61.0
3	76219120	17.0	46.0
3	76353187	24.0	59.0
3	76599684	4.0	38.0
3	77181455	23.0	59.0
3	79757183	5.0	55.0
3	80243690	4.0	57.0
3	80405107	28.0	48.0
3	80496540	9.0	36.0
3	80526108	18.0	41.0
3	80707793	14.0	60.0
3	81092155	8.0	62.0
3	82264603	19.0	47.0
3	82378973	19.0	52.0
3	82393743	10.0	66.0
3	82479480	21.0	53.0
3	82634257	6.0	19.0
3	82781640	14.0	41.0
3	82999989	18.0	44.0
3	83246795	9.0	62.0
3	83364048	20.0	46.0
3	83922767	14.0	51.0
3	83958249	19.0	61.0
3	83982549	11.0	43.0
3	84493083	16.0	48.0
3	84571889	16.0	44.0
3	84629297	23.0	45.0
3	84884127	14.0	37.0
3	84994736	14.0	45.0
3	85036069	13.0	24.0
3	85376628	10.0	18.0
3	85518685	8.0	65.0
3	85585160	3.0	55.0
3	85656932	13.0	41.0
3	86391323	14.0	45.0
3	87011588	8.0	46.0
3	87136185	6.0	59.0
3	87228621	15.0	59.0
3	87585480	18.0	67.0
3	89238475	12.0	43.0
3	90339029	18.0	43.0
3	90354233	14.0	71.0
3	90427864	13.0	49.0
3	93798665	21.0	52.0
3	94829390	13.0	55.0
3	95811402	18.0	55.0
3	95861834	2.0	65.0
3	95905700	11.0	38.0
3	95921911	17.0	56.0
3	97118582	20.0	60.0
3	97954768	19.0	75.0
3	98988525	4.0	50.0
3	99040985	11.0	69.0
3	100401287	15.0	48.0
3	100451549	17.0	54.0
3	101020912	24.0	48.0
3	102063558	6.0	52.0
3	102873904	5.0	54.0
3	103786332	17.0	43.0
3	104584897	16.0	53.0
3	104712574	16.0	53.0
3	106581502	22.0	57.0
3	107816365	7.0	55.0
3	108740035	26.0	40.0
3	108751012	19.0	66.0
3	108767401	22.0	37.0
3	111260700	12.0	49.0
3	113671232	14.0	27.0
3	115010289	22.0	31.0
3	118204637	15.0	30.0
3	123705195	10.0	37.0
3	123705198	10.0	36.0
3	124208799	18.0	49.0
3	124208839	12.0	39.0
3	124208929	11.0	40.0
3	124209132	16.0	44.0
3	124209415	12.0	55.0
3	124209850	17.0	39.0
3	124209857	17.0	45.0
3	124210293	5.0	35.0
3	124210309	2.0	33.0
3	124210323	4.0	33.0
3	124210463	23.0	35.0
3	124211029	17.0	40.0
3	124211274	12.0	41.0
3	124211340	15.0	40.0
3	124211529	9.0	58.0
3	124211610	11.0	43.0
3	124211611	11.0	43.0
3	124369256	9.0	56.0
3	124425801	17.0	60.0
3	125624268	18.0	39.0
3	128394688	17.0	45.0
3	129663158	15.0	44.0
3	131100957	16.0	39.0
3	136244043	23.0	55.0
3	136519731	15.0	40.0
3	136521283	20.0	54.0
3	136542685	12.0	37.0
3	137232068	11.0	37.0
3	137433838	5.0	57.0
3	137792481	11.0	59.0
3	137806533	19.0	49.0
3	139848967	21.0	50.0
3	140178199	16.0	48.0
3	140278925	5.0	57.0
3	141412502	15.0	42.0
3	143809556	28.0	51.0
3	144446203	11.0	30.0
3	144569375	5.0	36.0
3	144804566	28.0	50.0
3	144962729	13.0	54.0
3	146968782	17.0	47.0
3	147067187	15.0	48.0
3	147390258	13.0	51.0
3	147615021	20.0	37.0
3	147637960	22.0	50.0
3	147782489	16.0	57.0
3	148169647	10.0	26.0
3	149831111	20.0	47.0
3	150418651	17.0	40.0
3	150618432	4.0	67.0
3	151093507	22.0	34.0
3	152622739	14.0	40.0
3	156111747	26.0	50.0
3	157791430	11.0	56.0
3	158440971	4.0	37.0
3	159942865	11.0	31.0
3	161761922	6.0	53.0
3	162240862	8.0	79.0
3	162376902	4.0	65.0
3	162750254	25.0	54.0
3	162793033	23.0	62.0
3	162810260	19.0	50.0
3	162846945	15.0	50.0
3	162951593	15.0	41.0
3	163173212	22.0	38.0
3	163545801	19.0	56.0
3	163574640	14.0	50.0
3	163780856	10.0	54.0
3	164052953	17.0	51.0
3	165091014	13.0	56.0
3	165242658	5.0	50.0
3	165279144	19.0	45.0
3	165279145	19.0	44.0
3	165410133	22.0	57.0
3	166521804	20.0	39.0
3	166653212	19.0	46.0
3	167475847	11.0	36.0
3	167764654	19.0	36.0
3	167864071	5.0	29.0
3	168031249	5.0	31.0
3	168166349	13.0	39.0
3	168363618	12.0	45.0
3	168826185	22.0	57.0
3	174489890	19.0	57.0
3	177015418	21.0	39.0
3	177583475	24.0	39.0
3	179660593	6.0	53.0
3	179794177	17.0	46.0
3	179890968	20.0	49.0
3	180294018	13.0	41.0
3	180449305	15.0	32.0
3	180526772	7.0	62.0
3	180994177	19.0	50.0
3	181014516	19.0	49.0
3	181385754	6.0	59.0
3	181875551	17.0	55.0
3	189972628	13.0	27.0
3	190418026	25.0	46.0
3	191899625	12.0	52.0
3	192219512	16.0	60.0
3	192615986	6.0	58.0
3	192854851	9.0	72.0
3	192978896	7.0	54.0
3	193041613	25.0	39.0
3	195170739	14.0	33.0
3	197630993	1.0	37.0
4	104572	6.0	48.0
4	998018	7.0	39.0
4	2793688	13.0	39.0
4	5435906	11.0	56.0
4	9410537	23.0	43.0
4	9642617	12.0	47.0
4	10498231	17.0	53.0
4	11570666	20.0	47.0
4	11751275	18.0	49.0
4	11897109	23.0	48.0
4	12318494	21.0	39.0
4	12686229	5.0	58.0
4	12744198	5.0	90.0
4	12964565	10.0	64.0
4	14178213	16.0	69.0
4	14200185	11.0	58.0
4	14367045	5.0	58.0
4	14842650	12.0	57.0
4	16385363	17.0	52.0
4	18320000	13.0	52.0
4	18452023	7.0	53.0
4	18634866	15.0	36.0
4	18852495	8.0	66.0
4	19013539	15.0	43.0
4	19270092	11.0	54.0
4	19404117	15.0	32.0
4	19653764	17.0	58.0
4	19663678	10.0	38.0
4	19791315	6.0	55.0
4	19950340	9.0	41.0
4	21692031	9.0	32.0
4	22171111	15.0	53.0
4	22477111	13.0	39.0
4	22790303	19.0	34.0
4	23714646	5.0	30.0
4	23816311	5.0	47.0
4	24285969	9.0	52.0
4	25000101	17.0	51.0
4	26118860	15.0	39.0
4	27315498	14.0	46.0
4	29068837	11.0	71.0
4	29309504	6.0	71.0
4	29674725	16.0	34.0
4	29704147	18.0	47.0
4	29945500	4.0	58.0
4	30658341	15.0	66.0
4	30676605	14.0	54.0
4	30772999	8.0	72.0
4	31663430	16.0	45.0
4	33020225	20.0	60.0
4	33731166	12.0	34.0
4	34362775	13.0	34.0
4	34860824	15.0	57.0
4	38108100	15.0	53.0
4	38869706	6.0	21.0
4	43312710	7.0	67.0
4	43558834	11.0	65.0
4	44238427	12.0	63.0
4	44553439	18.0	41.0
4	44570828	10.0	39.0
4	44990344	18.0	53.0
4	46204103	11.0	51.0
4	46248792	20.0	48.0
4	46348895	9.0	43.0
4	46423635	7.0	31.0
4	46486723	6.0	51.0
4	46896626	14.0	48.0
4	47285465	4.0	28.0
4	47378515	5.0	50.0
4	48475940	18.0	46.0
4	49073789	20.0	59.0
4	49563606	21.0	43.0
4	52936473	4.0	50.0
4	53658388	17.0	40.0
4	54940279	9.0	52.0
4	55849176	21.0	45.0
4	56504005	18.0	34.0
4	56790336	12.0	49.0
4	57706313	13.0	49.0
4	58099056	13.0	50.0
4	58505953	16.0	46.0
4	59231415	18.0	40.0
4	59497117	15.0	40.0
4	60931938	7.0	49.0
4	60975079	13.0	47.0
4	61001315	14.0	51.0
4	61312528	24.0	48.0
4	61650973	18.0	48.0
4	62585667	19.0	49.0
4	62702841	10.0	58.0
4	62994745	16.0	53.0
4	63025862	14.0	53.0
4	63117284	16.0	50.0
4	63288584	14.0	47.0
4	63303938	11.0	54.0
4	63357119	7.0	37.0
4	63460489	28.0	57.0
4	63563235	26.0	57.0
4	64020006	17.0	51.0
4	64300756	21.0	42.0
4	64506316	15.0	32.0
4	64598896	17.0	42.0
4	64736137	13.0	63.0
4	65156250	12.0	42.0
4	65156291	13.0	43.0
4	65433146	19.0	51.0
4	66521130	21.0	40.0
4	67661461	20.0	65.0
4	68643312	6.0	67.0
4	69392785	21.0	37.0
4	69728103	15.0	58.0
4	69824077	17.0	63.0
4	69931047	23.0	60.0
4	69940655	11.0	47.0
4	70095926	16.0	35.0
4	71032610	24.0	62.0
4	71132923	20.0	47.0
4	71770554	22.0	50.0
4	73710398	11.0	46.0
4	75551196	17.0	54.0
4	75854849	11.0	40.0
4	78081179	14.0	33.0
4	79625207	4.0	67.0
4	80504327	13.0	58.0
4	81587083	9.0	43.0
4	81700356	20.0	47.0
4	81814528	15.0	47.0
4	82409919	5.0	71.0
4	83640718	5.0	39.0
4	84664500	9.0	60.0
4	85298627	11.0	63.0
4	85332505	7.0	73.0
4	86018417	5.0	57.0
4	87725705	13.0	55.0
4	90286653	22.0	64.0
4	91640751	14.0	61.0
4	91874115	6.0	62.0
4	92096818	16.0	50.0
4	93129506	21.0	37.0
4	95055904	19.0	54.0
4	95587267	17.0	47.0
4	95796475	18.0	50.0
4	96214223	6.0	64.0
4	96294714	17.0	58.0
4	96664333	10.0	55.0
4	96675198	13.0	41.0
4	97040049	24.0	61.0
4	97168361	5.0	68.0
4	97368453	4.0	68.0
4	98415864	18.0	64.0
4	98464388	19.0	36.0
4	98877483	21.0	54.0
4	99320299	5.0	69.0
4	100552728	16.0	45.0
4	103332402	13.0	41.0
4	104273223	19.0	51.0
4	104718910	11.0	53.0
4	104719321	16.0	33.0
4	105074092	17.0	32.0
4	105295439	18.0	54.0
4	106261155	16.0	54.0
4	107923888	12.0	58.0
4	108031290	4.0	63.0
4	108071281	8.0	44.0
4	109321509	16.0	50.0
4	109905668	16.0	37.0
4	112112497	6.0	41.0
4	112112502	6.0	45.0
4	112150576	14.0	43.0
4	112158748	19.0	62.0
4	112355293	9.0	59.0
4	112601360	15.0	54.0
4	113481547	17.0	53.0
4	113751846	12.0	35.0
4	113761856	29.0	51.0
4	113891455	28.0	50.0
4	114444341	12.0	44.0
4	115218803	7.0	55.0
4	115658757	10.0	74.0
4	115751522	20.0	45.0
4	115802955	19.0	45.0
4	116531998	6.0	57.0
4	116708501	16.0	51.0
4	117119092	16.0	55.0
4	117232401	12.0	48.0
4	117554386	9.0	60.0
4	117992003	17.0	48.0
4	118018956	6.0	65.0
4	118138276	19.0	37.0
4	118201324	14.0	54.0
4	118252566	8.0	55.0
4	118600353	16.0	39.0
4	120309768	8.0	67.0
4	120843273	18.0	50.0
4	121320641	19.0	45.0
4	121627050	17.0	66.0
4	122356743	12.0	52.0
4	122444131	4.0	58.0
4	123683636	27.0	58.0
4	124617323	14.0	54.0
4	126841026	25.0	65.0
4	126866353	4.0	49.0
4	127073148	5.0	51.0
4	128075132	16.0	37.0
4	128455257	19.0	62.0
4	129809538	13.0	34.0
4	130249001	13.0	59.0
4	130952528	20.0	52.0
4	131152555	24.0	58.0
4	131309800	6.0	27.0
4	131499382	22.0	47.0
4	131702645	13.0	56.0
4	131809908	11.0	61.0
4	132424653	13.0	40.0
4	132930987	19.0	43.0
4	132977871	13.0	65.0
4	133016192	18.0	52.0
4	133153309	5.0	66.0
4	133193154	24.0	55.0
4	133265989	2.0	9.0
4	133617725	22.0	53.0
4	133817697	21.0	60.0
4	135022080	17.0	63.0
4	136189733	12.0	45.0
4	136390753	15.0	56.0
4	136638596	18.0	65.0
4	136849314	10.0	50.0
4	136986745	9.0	44.0
4	137388923	12.0	40.0
4	137698007	10.0	51.0
4	137733498	12.0	27.0
4	137890692	7.0	58.0
4	139046089	9.0	75.0
4	140387094	20.0	44.0
4	141350571	14.0	49.0
4	143580915	19.0	45.0
4	143795877	21.0	38.0
4	144595366	4.0	57.0
4	144941556	11.0	58.0
4	145087892	12.0	40.0
4	145532143	4.0	64.0
4	145648390	14.0	47.0
4	147974129	4.0	32.0
4	149941614	4.0	63.0
4	150187652	23.0	60.0
4	150261148	17.0	51.0
4	150550604	5.0	57.0
4	150691657	19.0	62.0
4	150729722	14.0	60.0
4	151585086	15.0	66.0
4	153212610	10.0	47.0
4	153557014	21.0	49.0
4	155283936	7.0	82.0
4	156001756	13.0	49.0
4	156644081	20.0	40.0
4	157469473	10.0	26.0
4	158283397	16.0	49.0
4	158835318	18.0	71.0
4	159996818	14.0	34.0
4	160452650	5.0	41.0
4	160551068	14.0	44.0
4	160636271	8.0	26.0
4	160778848	25.0	53.0
4	161072271	17.0	41.0
4	161275365	29.0	44.0
4	161367409	14.0	42.0
4	161809632	5.0	79.0
4	161823543	15.0	61.0
4	162107656	10.0	44.0
4	162290349	19.0	64.0
4	162303273	27.0	60.0
4	163538819	16.0	53.0
4	163647036	6.0	15.0
4	163861372	14.0	53.0
4	164363364	7.0	66.0
4	164733630	12.0	54.0
4	164871038	16.0	46.0
4	164884920	6.0	39.0
4	164891282	17.0	49.0
4	165543872	8.0	64.0
4	167142344	25.0	56.0
4	167237130	11.0	50.0
4	167314298	11.0	61.0
4	167421034	14.0	53.0
4	167423105	14.0	66.0
4	168304130	11.0	39.0
4	168526191	13.0	50.0
4	169844851	4.0	75.0
4	170696470	11.0	32.0
4	170696471	11.0	32.0
4	170902245	13.0	51.0
4	171928529	24.0	51.0
4	172289161	6.0	58.0
4	172293291	16.0	54.0
4	172321649	13.0	75.0
4	172360225	21.0	55.0
4	172455526	19.0	54.0
4	172504361	17.0	34.0
4	172689844	16.0	36.0
4	172710459	19.0	55.0
4	173015051	21.0	59.0
4	173157533	12.0	38.0
4	173615096	6.0	52.0
4	173632906	16.0	51.0
4	174752405	26.0	50.0
4	174784963	21.0	44.0
4	175706545	13.0	59.0
4	175904801	8.0	59.0
4	175975795	7.0	34.0
4	176297292	15.0	30.0
4	176347417	20.0	61.0
4	176516291	11.0	42.0
4	176647204	1.0	29.0
4	176693212	9.0	37.0
4	176770558	19.0	43.0
4	176917988	17.0	59.0
4	177041870	16.0	38.0
4	177852467	9.0	55.0
4	179340738	17.0	42.0
4	179467417	16.0	61.0
4	179842351	16.0	35.0
4	179925284	21.0	56.0
4	179925348	22.0	55.0
4	179978808	22.0	40.0
4	181369769	15.0	49.0
4	181929174	8.0	68.0
4	182421322	15.0	44.0
4	182720747	19.0	50.0
4	182786540	14.0	50.0
4	184253572	5.0	67.0
4	185113237	16.0	51.0
4	185661487	24.0	57.0
4	186200937	13.0	48.0
4	186315242	16.0	31.0
4	187672458	9.0	47.0
4	187722913	20.0	45.0
4	188427889	15.0	52.0
4	188439519	5.0	57.0
4	189813777	8.0	50.0
4	190471696	14.0	35.0
4	190557599	9.0	51.0
5	853781	6.0	30.0
5	1026474	5.0	10.0
5	1880302	21.0	47.0
5	1901680	20.0	38.0
5	2371372	7.0	39.0
5	2651783	17.0	49.0
5	3112648	15.0	60.0
5	3551826	30.0	55.0
5	3624996	8.0	48.0
5	4132414	14.0	43.0
5	4283493	8.0	78.0
5	5912002	24.0	42.0
5	8187458	23.0	49.0
5	8337735	4.0	67.0
5	9158636	14.0	50.0
5	9963007	7.0	71.0
5	11174032	5.0	46.0
5	12392317	17.0	51.0
5	13609126	11.0	64.0
5	14219071	13.0	32.0
5	15494075	6.0	47.0
5	16114836	17.0	44.0
5	16315096	14.0	30.0
5	16587217	4.0	64.0
5	18357876	17.0	47.0
5	18767074	5.0	83.0
5	19057590	16.0	31.0
5	19253372	22.0	53.0
5	19371990	17.0	49.0
5	19626770	13.0	60.0
5	19640011	14.0	55.0
5	19649393	19.0	75.0
5	20196627	12.0	37.0
5	20230670	20.0	48.0
5	20436939	6.0	54.0
5	20436942	7.0	41.0
5	21697675	24.0	56.0
5	22068542	13.0	57.0
5	22311517	29.0	41.0
5	22489445	15.0	45.0
5	22489865	11.0	28.0
5	22513568	15.0	40.0
5	22614270	23.0	62.0
5	22743339	16.0	43.0
5	23073301	13.0	46.0
5	23169914	15.0	40.0
5	23737557	16.0	42.0
5	24200131	8.0	56.0
5	24241548	11.0	43.0
5	24340464	6.0	74.0
5	24911891	12.0	47.0
5	25171630	5.0	74.0
5	25679224	16.0	60.0
5	26458028	6.0	67.0
5	26737781	21.0	54.0
5	27978340	27.0	64.0
5	28123472	6.0	58.0
5	28813249	14.0	44.0
5	30226750	4.0	58.0
5	30644397	11.0	47.0
5	31249484	18.0	44.0
5	31332819	17.0	37.0
5	31994433	4.0	41.0
5	33238462	14.0	45.0
5	33531041	8.0	58.0
5	33537517	18.0	46.0
5	34339469	20.0	50.0
5	34777798	18.0	51.0
5	34918918	10.0	27.0
5	36782761	9.0	39.0
5	37360849	11.0	30.0
5	38804312	20.0	56.0
5	40822850	5.0	37.0
5	43999179	16.0	44.0
5	44299392	7.0	72.0
5	44403248	19.0	38.0
5	44405477	4.0	77.0
5	44470967	6.0	31.0
5	45424352	8.0	51.0
5	45554627	25.0	55.0
5	46012295	26.0	58.0
5	46246834	15.0	49.0
5	49578588	11.0	48.0
5	49752338	14.0	45.0
5	50790148	4.0	23.0
5	51519745	21.0	42.0
5	53264038	20.0	59.0
5	56312958	4.0	48.0
5	56767860	5.0	22.0
5	57378514	16.0	47.0
5	60699861	6.0	24.0
5	62473221	12.0	58.0
5	62802238	17.0	51.0
5	64769879	11.0	48.0
5	66136638	5.0	71.0
5	66870260	14.0	34.0
5	70999155	5.0	43.0
5	71512494	14.0	31.0
5	79177865	11.0	42.0
5	79729357	16.0	37.0
5	80181031	13.0	62.0
5	81830752	14.0	51.0
5	82955055	12.0	34.0
5	83244902	25.0	54.0
5	83277458	16.0	33.0
5	83324106	17.0	45.0
5	83442271	11.0	69.0
5	83658161	10.0	54.0
5	83758879	17.0	50.0
5	84200305	13.0	54.0
5	84207307	24.0	62.0
5	84214792	20.0	37.0
5	84362992	5.0	61.0
5	84381117	8.0	56.0
5	84491668	23.0	54.0
5	85069005	4.0	70.0
5	85311866	21.0	55.0
5	85473591	30.0	54.0
5	85639161	16.0	39.0
5	86393114	13.0	46.0
5	86393164	11.0	56.0
5	87355362	4.0	46.0
5	87792079	20.0	46.0
5	88440791	22.0	46.0
5	88736948	22.0	48.0
5	88745471	21.0	51.0
5	88881931	15.0	48.0
5	91186396	16.0	63.0
5	91441429	18.0	55.0
5	92136914	15.0	40.0
5	97060372	15.0	43.0
5	97341593	17.0	61.0
5	97572688	5.0	52.0
5	97744844	17.0	62.0
5	98276402	13.0	70.0
5	98610548	6.0	45.0
5	99143451	16.0	70.0
5	99248592	12.0	40.0
5	99368443	17.0	72.0
5	99368489	15.0	56.0
5	100327640	4.0	54.0
5	100377946	9.0	40.0
5	100417828	19.0	43.0
5	100421732	18.0	52.0
5	100425246	8.0	64.0
5	102650785	13.0	32.0
5	103017414	12.0	51.0
5	103568431	18.0	49.0
5	104005271	14.0	49.0
5	104558193	14.0	51.0
5	104895353	5.0	72.0
5	104909289	28.0	43.0
5	105550153	11.0	58.0
5	105783781	16.0	51.0
5	108478920	4.0	64.0
5	108814556	11.0	58.0
5	109040659	5.0	59.0
5	109494198	13.0	62.0
5	109800638	21.0	61.0
5	110162403	14.0	62.0
5	110472679	3.0	51.0
5	110692523	15.0	52.0
5	112552762	13.0	57.0
5	113213777	12.0	54.0
5	113589957	9.0	61.0
5	115061778	10.0	63.0
5	115073424	17.0	43.0
5	117319243	16.0	38.0
5	117779037	8.0	63.0
5	117789070	12.0	44.0
5	118160984	13.0	53.0
5	118216009	15.0	35.0
5	120787393	22.0	43.0
5	121493504	16.0	58.0
5	122432062	11.0	63.0
5	123016114	21.0	41.0
5	123661387	23.0	38.0
5	123724484	11.0	53.0
5	123791509	17.0	46.0
5	128118608	13.0	38.0
5	128371218	9.0	47.0
5	128693531	12.0	56.0
5	128895857	7.0	69.0
5	128913400	15.0	56.0
5	129719106	17.0	43.0
5	130052243	16.0	34.0
5	130883015	13.0	45.0
5	131555159	12.0	39.0
5	132178020	5.0	35.0
5	132790030	14.0	54.0
5	133811810	9.0	38.0
5	133817251	18.0	41.0
5	134707444	15.0	44.0
5	135369706	11.0	46.0
5	135805840	24.0	37.0
5	136814603	25.0	33.0
5	138672906	9.0	20.0
5	140425657	10.0	64.0
5	140859533	2.0	53.0
5	140859538	2.0	55.0
5	141150771	4.0	60.0
5	141214799	18.0	44.0
5	141884469	14.0	27.0
5	142673446	6.0	69.0
5	142866638	19.0	53.0
5	143286584	17.0	61.0
5	143293203	13.0	53.0
5	144010687	21.0	43.0
5	145505638	8.0	56.0
5	146046741	14.0	48.0
5	146085977	6.0	58.0
5	146538219	25.0	38.0
5	147163311	12.0	44.0
5	149547488	12.0	47.0
5	149685296	6.0	76.0
5	151216209	6.0	77.0
5	151712735	25.0	47.0
5	151732823	14.0	40.0
5	151921176	6.0	72.0
5	152185397	5.0	66.0
5	152316917	18.0	50.0
5	152344877	7.0	64.0
5	152346738	7.0	46.0
5	152691307	10.0	69.0
5	153283737	8.0	74.0
5	153981080	4.0	25.0
5	155190850	21.0	42.0
5	155520611	19.0	43.0
5	155986903	7.0	78.0
5	159208326	18.0	63.0
5	159805946	9.0	65.0
5	160168685	6.0	72.0
5	160819552	24.0	36.0
5	161124803	5.0	73.0
5	162062195	25.0	48.0
5	162084771	17.0	47.0
5	162248786	5.0	48.0
5	162648356	5.0	15.0
5	163223973	9.0	49.0
5	163395137	13.0	34.0
5	163870475	3.0	28.0
5	164149440	17.0	47.0
5	164162188	16.0	52.0
5	164409009	11.0	60.0
5	164817089	16.0	49.0
5	166580758	21.0	56.0
5	169165885	12.0	51.0
5	171222441	11.0	55.0
5	171890459	17.0	27.0
5	173755384	18.0	40.0
5	177554836	16.0	27.0
5	177588038	17.0	41.0
5	178033442	5.0	76.0
6	1027922	1.0	35.0
6	4856286	13.0	48.0
6	5697234	17.0	48.0
6	6557889	22.0	75.0
6	7036060	7.0	61.0
6	7595755	17.0	51.0
6	8647796	8.0	34.0
6	9362253	10.0	35.0
6	9424594	12.0	54.0
6	10041261	16.0	56.0
6	10484246	7.0	38.0
6	10820205	7.0	39.0
6	12779675	14.0	63.0
6	13929143	17.0	31.0
6	14916241	3.0	25.0
6	16769587	7.0	60.0
6	17117853	11.0	48.0
6	17799744	12.0	59.0
6	18572651	4.0	79.0
6	24947741	23.0	53.0
6	25735735	16.0	46.0
6	26151619	5.0	61.0
6	26201136	9.0	26.0
6	26208903	29.0	46.0
6	28650593	22.0	57.0
6	28729937	10.0	45.0
6	28811000	14.0	50.0
6	32579547	10.0	51.0
6	33754036	8.0	57.0
6	37456192	11.0	47.0
6	37679926	9.0	34.0
6	39035871	13.0	59.0
6	40022699	10.0	68.0
6	40582924	5.0	56.0
6	41063532	21.0	45.0
6	41353486	16.0	40.0
6	41353512	20.0	42.0
6	41696305	16.0	31.0
6	42170451	9.0	37.0
6	46429581	23.0	26.0
6	46430897	28.0	40.0
6	46492823	17.0	79.0
6	47503611	13.0	55.0
6	47867755	19.0	69.0
6	49000906	8.0	60.0
6	50157554	14.0	41.0
6	53037254	9.0	36.0
6	54949945	5.0	65.0
6	55017220	15.0	56.0
6	55460483	24.0	52.0
6	55951583	8.0	69.0
6	56049033	9.0	50.0
6	56087892	18.0	48.0
6	62064941	5.0	61.0
6	62470483	9.0	38.0
6	63133494	16.0	40.0
6	63498953	21.0	41.0
6	63561714	22.0	59.0
6	63753104	18.0	52.0
6	64288735	28.0	52.0
6	64662533	18.0	58.0
6	65404610	20.0	47.0
6	65656764	13.0	64.0
6	65734523	17.0	55.0
6	65745566	17.0	47.0
6	66065180	10.0	49.0
6	66070826	8.0	57.0
6	66070827	8.0	56.0
6	66187164	5.0	70.0
6	66226226	20.0	65.0
6	66354631	13.0	68.0
6	66392294	14.0	35.0
6	66392295	14.0	35.0
6	67112124	22.0	58.0
6	67119776	18.0	33.0
6	67347075	20.0	47.0
6	67406457	18.0	51.0
6	68140776	8.0	44.0
6	68655378	5.0	55.0
6	68994151	10.0	39.0
6	69184297	9.0	56.0
6	69499837	6.0	64.0
6	69515531	14.0	55.0
6	69615447	17.0	49.0
6	69875100	12.0	57.0
6	70306591	25.0	34.0
6	70358264	17.0	50.0
6	73491138	27.0	54.0
6	73521456	4.0	61.0
6	73714191	17.0	49.0
6	74230714	9.0	44.0
6	74837329	18.0	51.0
6	75790287	9.0	53.0
6	77102680	12.0	53.0
6	77318454	6.0	47.0
6	77408199	24.0	62.0
6	77838157	16.0	45.0
6	77923513	26.0	49.0
6	78041414	13.0	62.0
6	78451508	9.0	29.0
6	78587024	21.0	50.0
6	78926026	4.0	66.0
6	79297550	8.0	38.0
6	79379780	5.0	69.0
6	81107650	23.0	62.0
6	81168154	6.0	60.0
6	81883421	13.0	39.0
6	81910068	23.0	57.0
6	82053655	12.0	55.0
6	82853067	20.0	46.0
6	83156502	10.0	35.0
6	84246760	14.0	57.0
6	84363246	17.0	51.0
6	85395827	19.0	55.0
6	85508760	4.0	52.0
6	85620182	16.0	53.0
6	85841992	22.0	44.0
6	87320458	15.0	39.0
6	87422585	23.0	50.0
6	88204227	5.0	41.0
6	88661141	10.0	55.0
6	89045503	15.0	29.0
6	89107260	16.0	50.0
6	91723718	17.0	57.0
6	91806261	17.0	43.0
6	91986220	25.0	51.0
6	93373289	17.0	37.0
6	93428371	13.0	43.0
6	94166427	16.0	44.0
6	94335320	13.0	35.0
6	95401148	7.0	59.0
6	95917959	5.0	57.0
6	96465950	15.0	48.0
6	96495579	18.0	54.0
6	97141517	16.0	45.0
6	98183007	5.0	60.0
6	98183008	5.0	60.0
6	98541653	5.0	60.0
6	98781243	21.0	49.0
6	98799851	15.0	45.0
6	98851617	32.0	55.0
6	99025257	16.0	47.0
6	100800126	20.0	40.0
6	101051949	16.0	57.0
6	102340826	13.0	57.0
6	102687531	30.0	48.0
6	103442402	6.0	69.0
6	103844830	13.0	28.0
6	104049055	17.0	65.0
6	104196434	18.0	42.0
6	104225273	26.0	52.0
6	104254278	8.0	53.0
6	104329455	14.0	49.0
6	104430918	11.0	64.0
6	107891175	17.0	49.0
6	109338113	1.0	46.0
6	110241686	15.0	30.0
6	111386376	7.0	36.0
6	112240493	7.0	53.0
6	113898594	9.0	75.0
6	114793257	14.0	53.0
6	115451915	21.0	57.0
6	116081960	6.0	68.0
6	116143388	14.0	55.0
6	116279622	15.0	34.0
6	117565058	6.0	59.0
6	117696938	18.0	56.0
6	117853541	6.0	58.0
6	118947386	24.0	55.0
6	119390286	18.0	50.0
6	119810426	23.0	49.0
6	120122229	9.0	48.0
6	120311964	9.0	33.0
6	120527964	21.0	45.0
6	120682054	7.0	17.0
6	120968578	7.0	60.0
6	121528305	11.0	50.0
6	122173491	14.0	40.0
6	122618363	21.0	57.0
6	122826896	18.0	50.0
6	122915371	4.0	40.0
6	123242622	5.0	77.0
6	123309563	12.0	49.0
6	123312093	13.0	51.0
6	123392827	6.0	81.0
6	124405036	17.0	47.0
6	124701297	5.0	61.0
6	124797622	3.0	26.0
6	125188461	4.0	58.0
6	126323066	5.0	82.0
6	127448156	19.0	52.0
6	128935004	5.0	47.0
6	129003340	11.0	59.0
6	133978210	13.0	49.0
6	136052763	15.0	61.0
6	138107079	7.0	63.0
6	138477205	30.0	53.0
6	141550329	11.0	66.0
6	142001968	19.0	63.0
6	144401779	10.0	55.0
6	144401780	10.0	57.0
6	144591405	11.0	49.0
6	145635386	14.0	56.0
6	145929106	16.0	63.0
6	146599686	14.0	40.0
6	146830792	12.0	37.0
6	148456309	17.0	54.0
6	148777270	11.0	49.0
6	150257824	18.0	49.0
6	150308668	14.0	35.0
6	150430078	15.0	39.0
6	152882680	21.0	56.0
6	153298233	15.0	47.0
6	154042273	13.0	61.0
6	154081641	17.0	48.0
6	154161344	16.0	52.0
6	155101433	23.0	43.0
6	162390527	12.0	57.0
6	162478850	18.0	51.0
6	162502744	10.0	53.0
6	162622341	9.0	69.0
6	162837163	6.0	57.0
6	162972633	14.0	65.0
6	163635571	17.0	52.0
6	164641168	17.0	58.0
6	164879405	10.0	52.0
6	167307566	12.0	41.0
7	1389111	9.0	52.0
7	2565083	10.0	35.0
7	2959105	11.0	41.0
7	3385448	13.0	37.0
7	3945637	19.0	52.0
7	4245820	13.0	39.0
7	7893023	18.0	64.0
7	8674363	17.0	28.0
7	9404084	17.0	39.0
7	10512399	11.0	56.0
7	10650960	20.0	45.0
7	10888828	19.0	48.0
7	12433616	5.0	67.0
7	13242533	25.0	64.0
7	15483095	21.0	61.0
7	17503919	15.0	26.0
7	17656598	12.0	37.0
7	18219783	15.0	42.0
7	18864763	17.0	52.0
7	19322522	15.0	56.0
7	19401644	15.0	34.0
7	19515529	20.0	45.0
7	19781760	21.0	58.0
7	20208791	18.0	43.0
7	20404352	4.0	49.0
7	21854500	5.0	57.0
7	23208895	5.0	64.0
7	23430617	13.0	38.0
7	24137988	18.0	56.0
7	24529683	28.0	51.0
7	27311133	19.0	36.0
7	30733037	7.0	40.0
7	31965567	12.0	39.0
7	32184422	5.0	43.0
7	32735624	9.0	37.0
7	32808994	15.0	45.0
7	34215724	5.0	48.0
7	34566483	23.0	45.0
7	34767976	6.0	55.0
7	34813507	23.0	42.0
7	35269672	5.0	68.0
7	35367645	22.0	46.0
7	35746130	14.0	24.0
7	36892170	8.0	50.0
7	38486216	13.0	47.0
7	43175851	29.0	54.0
7	43193048	12.0	52.0
7	43938298	8.0	29.0
7	44911794	9.0	36.0
7	45039837	5.0	6.0
7	47257659	15.0	37.0
7	47970413	18.0	37.0
7	48061509	5.0	62.0
7	48290155	15.0	60.0
7	49118770	10.0	52.0
7	49201414	15.0	55.0
7	49640613	7.0	74.0
7	50841430	7.0	26.0
7	52348230	21.0	67.0
7	52653300	18.0	53.0
7	52659272	9.0	59.0
7	52684832	15.0	51.0
7	52830062	9.0	67.0
7	53083110	19.0	43.0
7	53142802	14.0	60.0
7	53165812	11.0	62.0
7	53242782	14.0	45.0
7	53315659	20.0	24.0
7	53552992	23.0	47.0
7	53735666	10.0	36.0
7	54320336	18.0	43.0
7	55988041	20.0	45.0
7	56436907	13.0	27.0
7	56639107	14.0	47.0
7	56676520	10.0	43.0
7	56845419	6.0	65.0
7	57122022	7.0	114.0
7	57210167	13.0	62.0
7	57944540	24.0	39.0
7	61779441	10.0	72.0
7	61892567	6.0	140.0
7	62373663	20.0	51.0
7	62450108	14.0	63.0
7	62579712	30.0	66.0
7	63041109	6.0	70.0
7	63348461	14.0	54.0
7	64249957	9.0	41.0
7	64342568	9.0	36.0
7	65545234	11.0	33.0
7	67906493	9.0	38.0
7	69070028	4.0	68.0
7	71451277	5.0	48.0
7	71604167	24.0	39.0
7	71835570	6.0	36.0
7	71945079	25.0	41.0
7	78238996	10.0	58.0
7	78916550	11.0	47.0
7	79114900	3.0	23.0
7	79544407	7.0	55.0
7	80414281	16.0	48.0
7	82376187	7.0	52.0
7	83470587	27.0	44.0
7	84133619	24.0	68.0
7	84812500	8.0	65.0
7	85068792	12.0	61.0
7	85896655	10.0	48.0
7	86387670	1.0	55.0
7	86387671	1.0	54.0
7	86387672	1.0	53.0
7	89511107	14.0	31.0
7	89587156	13.0	53.0
7	90422056	15.0	54.0
7	94053194	5.0	59.0
7	94086851	14.0	34.0
7	94152538	18.0	48.0
7	96155054	14.0	36.0
7	100706796	22.0	33.0
7	101546346	7.0	55.0
7	102625110	22.0	48.0
7	103570729	20.0	59.0
7	104325432	25.0	58.0
7	104863281	15.0	55.0
7	105349342	16.0	46.0
7	108364907	7.0	73.0
7	108547413	24.0	40.0
7	108603136	14.0	40.0
7	112391247	5.0	65.0
7	112665762	27.0	65.0
7	113235018	9.0	47.0
7	113856419	15.0	44.0
7	114953564	6.0	61.0
7	116577979	21.0	48.0
7	117540722	11.0	51.0
7	117977031	18.0	46.0
7	119369158	15.0	39.0
7	119733759	14.0	43.0
7	120287936	21.0	56.0
7	120846932	28.0	50.0
7	120932361	12.0	43.0
7	122746789	20.0	51.0
7	123832756	17.0	59.0
7	124435893	14.0	61.0
7	125570611	19.0	55.0
7	125646097	14.0	49.0
7	126217849	12.0	65.0
7	126847574	6.0	48.0
7	127306621	6.0	47.0
7	133633525	16.0	51.0
7	134486586	15.0	60.0
7	135618476	11.0	58.0
7	136240839	14.0	38.0
7	136289841	17.0	58.0
7	136522806	14.0	56.0
7	136667229	17.0	45.0
7	137064622	20.0	44.0
7	139710911	4.0	45.0
7	139781650	9.0	39.0
7	140469311	15.0	54.0
7	144878294	12.0	30.0
7	144897392	19.0	46.0
7	144937060	13.0	53.0
7	145323171	17.0	51.0
7	145625197	18.0	60.0
7	145774886	15.0	60.0
7	145842456	17.0	40.0
7	145939854	9.0	55.0
7	146937288	7.0	58.0
7	147248385	9.0	82.0
7	147448660	18.0	52.0
7	147551757	10.0	56.0
7	147622844	10.0	51.0
7	151405451	14.0	46.0
7	151604691	8.0	65.0
7	152718299	11.0	49.0
7	153084046	8.0	27.0
7	153207019	4.0	63.0
7	153226788	11.0	59.0
7	153351238	14.0	48.0
7	154882040	7.0	55.0
7	155065847	27.0	41.0
7	155165534	15.0	43.0
7	155214400	16.0	39.0
7	155257822	13.0	24.0
7	155336507	8.0	40.0
7	155816557	9.0	67.0
7	155962373	10.0	38.0
7	156842276	19.0	45.0
7	158569085	21.0	54.0
7	158973498	8.0	49.0
8	681752	21.0	44.0
8	2208607	15.0	101.0
8	3372628	8.0	76.0
8	3527578	18.0	59.0
8	3633356	19.0	47.0
8	4090935	7.0	78.0
8	4498719	19.0	40.0
8	4820480	23.0	38.0
8	4871939	20.0	43.0
8	5301003	5.0	76.0
8	5386514	11.0	43.0
8	5531480	8.0	50.0
8	5653437	17.0	36.0
8	5728782	17.0	33.0
8	5805860	13.0	48.0
8	6774554	19.0	56.0
8	9278578	10.0	54.0
8	9883426	4.0	37.0
8	10832367	4.0	47.0
8	12558925	9.0	37.0
8	13717344	20.0	38.0
8	13736361	23.0	59.0
8	13839846	15.0	46.0
8	14218915	23.0	48.0
8	14218917	24.0	47.0
8	14280188	17.0	52.0
8	14293293	26.0	42.0
8	14454110	14.0	34.0
8	14512482	7.0	59.0
8	14572147	15.0	61.0
8	14860916	24.0	60.0
8	14949397	13.0	49.0
8	15163150	4.0	59.0
8	17395511	15.0	38.0
8	17493541	16.0	50.0
8	20493752	1.0	40.0
8	22574825	10.0	24.0
8	28215676	5.0	34.0
8	30725640	23.0	32.0
8	31873131	11.0	32.0
8	32074858	1.0	29.0
8	32074859	1.0	30.0
8	32459999	25.0	19.0
8	32588765	20.0	38.0
8	33782288	3.0	18.0
8	34103759	16.0	39.0
8	34318234	11.0	28.0
8	34388116	26.0	28.0
8	34824749	18.0	28.0
8	35111572	5.0	53.0
8	35658737	15.0	26.0
8	36151331	11.0	34.0
8	43660224	14.0	49.0
8	46929547	9.0	43.0
8	46988271	16.0	56.0
8	47039958	6.0	48.0
8	47419048	20.0	44.0
8	47532482	13.0	61.0
8	49405784	14.0	46.0
8	50057354	25.0	50.0
8	50115398	11.0	47.0
8	51231715	18.0	47.0
8	51282483	19.0	63.0
8	51415834	14.0	68.0
8	51503369	27.0	54.0
8	51735821	18.0	34.0
8	52223917	14.0	40.0
8	52284581	5.0	64.0
8	55906497	10.0	52.0
8	55949633	14.0	64.0
8	56056530	13.0	47.0
8	56173567	4.0	70.0
8	56173776	10.0	36.0
8	56330305	11.0	56.0
8	56449316	19.0	54.0
8	56559453	15.0	54.0
8	57078458	13.0	53.0
8	57526557	13.0	50.0
8	58153749	18.0	45.0
8	59240505	6.0	41.0
8	60862532	26.0	56.0
8	65262364	16.0	48.0
8	66969123	17.0	36.0
8	68193092	7.0	68.0
8	68920026	7.0	43.0
8	68980537	23.0	57.0
8	70921600	14.0	50.0
8	72700137	19.0	51.0
8	72903498	6.0	54.0
8	74150987	6.0	62.0
8	74464059	8.0	74.0
8	74823303	16.0	50.0
8	76616399	8.0	57.0
8	76817259	4.0	81.0
8	78024889	12.0	51.0
8	78295984	18.0	38.0
8	78801248	23.0	49.0
8	80561569	20.0	37.0
8	81245498	22.0	35.0
8	82045768	23.0	43.0
8	83557251	14.0	39.0
8	83767181	14.0	40.0
8	84016103	10.0	47.0
8	84029244	14.0	51.0
8	84622640	11.0	52.0
8	84896499	18.0	55.0
8	84979778	15.0	66.0
8	85763292	16.0	68.0
8	87153482	17.0	49.0
8	87730112	16.0	40.0
8	88013292	10.0	67.0
8	88296318	17.0	50.0
8	88365930	6.0	55.0
8	88750710	11.0	41.0
8	88782152	18.0	41.0
8	89005880	13.0	48.0
8	89210087	22.0	45.0
8	89309452	22.0	54.0
8	89324957	15.0	42.0
8	89524934	17.0	63.0
8	89876312	12.0	53.0
8	89978545	16.0	36.0
8	91279698	6.0	56.0
8	91809512	6.0	75.0
8	92827336	18.0	53.0
8	92878499	23.0	50.0
8	94906044	18.0	50.0
8	96506262	14.0	57.0
8	97112304	10.0	34.0
8	97609942	13.0	60.0
8	99811496	6.0	46.0
8	102520143	8.0	37.0
8	103183622	8.0	48.0
8	103951627	12.0	43.0
8	106081927	5.0	69.0
8	106101915	7.0	57.0
8	106257364	21.0	48.0
8	106977984	16.0	43.0
8	107212663	23.0	57.0
8	107441156	13.0	41.0
8	107804575	10.0	37.0
8	110198358	8.0	44.0
8	111122074	22.0	53.0
8	111158589	8.0	63.0
8	111352012	17.0	58.0
8	111422505	20.0	51.0
8	111905114	18.0	35.0
8	111956547	4.0	50.0
8	112097300	22.0	40.0
8	112113380	16.0	42.0
8	112228389	6.0	57.0
8	112365259	18.0	43.0
8	112704084	21.0	56.0
8	112796947	11.0	41.0
8	112984303	10.0	44.0
8	113088657	17.0	49.0
8	113413387	21.0	46.0
8	113508477	12.0	42.0
8	113542207	26.0	59.0
8	113838572	22.0	35.0
8	113851888	8.0	48.0
8	114002735	16.0	43.0
8	114226532	6.0	69.0
8	114232796	6.0	86.0
8	114517921	14.0	53.0
8	115863088	12.0	37.0
8	119015975	21.0	51.0
8	119141439	9.0	51.0
8	119279187	8.0	51.0
8	121046022	5.0	61.0
8	122323099	5.0	66.0
8	122992750	7.0	66.0
8	123428859	15.0	44.0
8	123588340	14.0	59.0
8	124384295	17.0	53.0
8	124835297	11.0	44.0
8	125749776	18.0	40.0
8	126399810	12.0	36.0
8	127207672	6.0	14.0
8	127220587	16.0	58.0
8	130151508	13.0	57.0
8	130288871	14.0	48.0
8	130403190	11.0	50.0
8	130802075	11.0	60.0
8	131041271	11.0	65.0
8	131170376	7.0	53.0
8	131878303	13.0	50.0
8	132498076	7.0	42.0
8	132521707	11.0	52.0
8	133153566	21.0	48.0
8	133306348	12.0	41.0
8	133771846	19.0	57.0
8	134621733	17.0	38.0
8	136335836	14.0	40.0
8	136918204	27.0	52.0
8	137158641	23.0	43.0
8	138026644	17.0	46.0
8	138570003	18.0	39.0
8	138660272	6.0	56.0
8	138913146	14.0	45.0
8	139771491	22.0	44.0
8	140040994	10.0	23.0
8	140345761	16.0	46.0
8	144061397	20.0	28.0
8	144114451	23.0	40.0
9	660993	1.0	25.0
9	1269615	17.0	48.0
9	7175030	9.0	48.0
9	8064943	19.0	56.0
9	8142965	7.0	64.0
9	8973418	4.0	53.0
9	9137861	14.0	49.0
9	9634752	5.0	82.0
9	9885644	15.0	38.0
9	10246411	15.0	40.0
9	10686846	24.0	53.0
9	10805828	18.0	45.0
9	10959189	9.0	85.0
9	11462962	17.0	39.0
9	12061470	16.0	48.0
9	12205402	19.0	54.0
9	15585351	12.0	55.0
9	17166681	15.0	38.0
9	17398536	15.0	32.0
9	18293911	5.0	59.0
9	20134122	19.0	47.0
9	20416362	5.0	70.0
9	20883466	5.0	69.0
9	21895028	19.0	37.0
9	23734687	17.0	54.0
9	24953403	19.0	45.0
9	25165105	28.0	50.0
9	25248318	18.0	56.0
9	25650976	18.0	45.0
9	25876357	4.0	64.0
9	27705177	19.0	44.0
9	27791724	19.0	59.0
9	27925253	7.0	61.0
9	28112051	5.0	14.0
9	28149262	10.0	34.0
9	28185601	21.0	62.0
9	28652041	24.0	57.0
9	28976980	23.0	50.0
9	29035972	15.0	48.0
9	29202463	4.0	65.0
9	29241125	11.0	45.0
9	29494832	15.0	45.0
9	29912929	20.0	55.0
9	30319981	15.0	39.0
9	31063608	5.0	64.0
9	31173085	23.0	55.0
9	31231606	5.0	34.0
9	31373533	16.0	40.0
9	31561064	14.0	37.0
9	31808437	8.0	27.0
9	31831371	13.0	46.0
9	32083835	11.0	41.0
9	32128256	13.0	47.0
9	32327823	20.0	50.0
9	32822717	13.0	43.0
9	34290917	24.0	44.0
9	35402019	17.0	41.0
9	37010446	13.0	45.0
9	43571068	12.0	103.0
9	68152012	11.0	37.0
9	68380994	7.0	74.0
9	71781901	15.0	34.0
9	74700508	23.0	48.0
9	75660995	5.0	74.0
9	76743477	5.0	60.0
9	78124247	10.0	59.0
9	84744454	6.0	51.0
9	87574168	7.0	84.0
9	87598916	15.0	46.0
9	89090701	26.0	44.0
9	92049006	16.0	39.0
9	93420678	10.0	59.0
9	95636430	18.0	60.0
9	95991686	8.0	50.0
9	96578765	16.0	46.0
9	97072028	9.0	37.0
9	98871365	15.0	42.0
9	100626627	6.0	41.0
9	102054976	16.0	48.0
9	102906698	13.0	37.0
9	105343248	23.0	33.0
9	106711610	8.0	60.0
9	108851233	14.0	45.0
9	109100315	7.0	70.0
9	113493385	12.0	54.0
9	114132911	17.0	55.0
9	114682478	14.0	52.0
9	115534304	10.0	60.0
9	115746066	6.0	32.0
9	115746965	14.0	48.0
9	116538672	23.0	45.0
9	118169988	14.0	52.0
9	118264908	14.0	53.0
9	119724104	15.0	44.0
9	124651201	11.0	51.0
9	126626211	4.0	50.0
9	127433546	21.0	43.0
9	128347237	12.0	49.0
9	131413287	10.0	6.0
9	132162705	5.0	44.0
9	132185064	16.0	40.0
9	134339854	15.0	42.0
9	135022125	15.0	46.0
9	136176742	4.0	45.0
9	137680794	4.0	21.0
9	139621687	11.0	20.0
9	140752484	3.0	23.0
X	980924	13.0	49.0
X	2424518	12.0	44.0
X	3250844	5.0	26.0
X	4412195	3.0	29.0
X	4503139	3.0	19.0
X	4543589	7.0	12.0
X	4733784	15.0	13.0
X	8008262	16.0	16.0
X	18239895	4.0	28.0
X	19078489	16.0	24.0
X	21342823	19.0	23.0
X	23200748	4.0	44.0
X	25296921	14.0	14.0
X	26046909	5.0	28.0
X	26225781	16.0	16.0
X	27292958	8.0	25.0
X	27566475	4.0	27.0
X	27602008	5.0	21.0
X	27804976	6.0	22.0
X	27888340	12.0	15.0
X	28337986	12.0	17.0
X	29881518	14.0	23.0
X	32193407	14.0	20.0
X	32797101	20.0	14.0
X	32924465	10.0	18.0
X	34177760	16.0	18.0
X	34488145	8.0	27.0
X	36234927	16.0	15.0
X	37029918	4.0	24.0
X	39685830	5.0	21.0
X	41893576	6.0	31.0
X	42198919	9.0	18.0
X	43596029	5.0	25.0
X	47714596	16.0	14.0
X	51581197	3.0	24.0
X	51682600	12.0	19.0
X	51998485	21.0	18.0
X	53013911	4.0	20.0
X	53938462	13.0	9.0
X	57825372	13.0	13.0
X	62231180	15.0	17.0
X	63232019	8.0	17.0
X	64114994	3.0	20.0
X	64490899	24.0	26.0
X	65619122	14.0	18.0
X	69384967	14.0	25.0
X	74625089	9.0	18.0
X	74701442	14.0	18.0
X	75126307	18.0	24.0
X	75193502	15.0	15.0
X	75209195	13.0	26.0
X	75855950	3.0	33.0
X	76237329	4.0	35.0
X	76549784	18.0	17.0
X	77332103	12.0	19.0
X	78417292	10.0	23.0
X	78828914	8.0	34.0
X	79568684	16.0	14.0
X	79751888	8.0	17.0
X	79760080	23.0	16.0
X	81181302	3.0	11.0
X	81449987	16.0	9.0
X	81688334	12.0	21.0
X	81909797	10.0	30.0
X	81939718	30.0	12.0
X	82973903	10.0	15.0
X	83976068	4.0	32.0
X	85489063	23.0	18.0
X	87282709	14.0	22.0
X	87446736	12.0	20.0
X	87816259	22.0	11.0
X	88121246	4.0	30.0
X	88147674	3.0	24.0
X	88329360	30.0	14.0
X	88367558	3.0	24.0
X	89219883	5.0	26.0
X	90396664	6.0	31.0
X	90710405	19.0	14.0
X	92396429	5.0	36.0
X	92777133	9.0	17.0
X	93386956	3.0	25.0
X	94458998	15.0	11.0
X	94852552	11.0	23.0
X	94935019	7.0	24.0
X	95349212	27.0	19.0
X	96299399	16.0	14.0
X	97121429	5.0	37.0
X	97145357	5.0	32.0
X	97624351	6.0	33.0
X	97770474	20.0	14.0
X	98490667	7.0	22.0
X	98592596	15.0	25.0
X	98799628	19.0	14.0
X	98804396	5.0	28.0
X	105237348	15.0	19.0
X	106256092	13.0	14.0
X	107539636	16.0	16.0
X	107802789	12.0	13.0
X	110733976	17.0	22.0
X	111640489	13.0	19.0
X	111648893	18.0	19.0
X	112681711	3.0	16.0
X	112793475	15.0	17.0
X	114600969	12.0	16.0
X	115054329	5.0	19.0
X	115071442	8.0	9.0
X	115085905	4.0	21.0
X	115898204	17.0	15.0
X	119906039	12.0	15.0
X	120712808	16.0	16.0
X	121127005	14.0	14.0
X	121434429	20.0	17.0
X	122120299	16.0	16.0
X	123865271	20.0	15.0
X	125361473	12.0	9.0
X	126091076	11.0	13.0
X	126411010	4.0	27.0
X	126734218	15.0	17.0
X	126820877	14.0	20.0
X	128646875	3.0	24.0
X	130181522	14.0	17.0
X	131616076	4.0	27.0
X	132607180	3.0	20.0
X	133679045	12.0	10.0
X	134596141	25.0	16.0
X	134710602	7.0	17.0
X	135441286	15.0	15.0
X	136524164	14.0	21.0
X	136541235	10.0	8.0
X	136657795	15.0	23.0
X	136800592	9.0	11.0
X	137270801	22.0	22.0
X	137302099	3.0	18.0
X	137338041	19.0	20.0
X	139461213	4.0	29.0
X	140060559	12.0	9.0
X	140060560	12.0	9.0
X	140259109	10.0	21.0
X	141467246	10.0	16.0
X	141999894	10.0	10.0
X	142324831	9.0	10.0
X	142841211	26.0	21.0
X	143103659	19.0	16.0
X	143897035	14.0	17.0
X	144400701	19.0	18.0
X	144615494	23.0	22.0
X	144644578	21.0	18.0
X	144655200	16.0	22.0
X	145020436	12.0	17.0
X	145078741	6.0	29.0
X	145766043	19.0	13.0
X	146774778	6.0	25.0
X	147523338	10.0	16.0
X	148399455	3.0	23.0
X	150354772	8.0	23.0
X	150643309	6.0	13.0
X	150988817	17.0	17.0
Y	4152113	15.0	17.0
Y	6643212	15.0	13.0
Y	8195382	3.0	33.0
Y	8557047	20.0	14.0
Y	9012995	16.0	6.0
Y	9025249	10.0	17.0
Y	9401855	3.0	25.0
Y	9792412	15.0	10.0
Y	9859149	11.0	14.0
Y	10083467	18.0	12.0
Y	13676698	10.0	27.0
Y	13676700	10.0	27.0
Y	13983595	4.0	30.0
Y	16075291	7.0	21.0
Y	16629446	18.0	20.0
Y	16994700	4.0	32.0
Y	17625089	18.0	8.0
Y	18972984	4.0	28.0
Y	19504015	6.0	18.0
Y	22791230	6.0	27.0
Y	22791231	6.0	27.0
Y	22873850	9.0	38.0
Y	24363140	10.0	15.0
Y	28575664	17.0	10.0
