chromosome_index position alt_count ref_count
1 2066762 4 29
1 2529663 32 11
1 6738479 3 34
1 7807769 3 13
1 7858587 4 34
1 8074183 4 35
1 8390927 3 34
1 9642376 3 32
1 11140816 4 45
1 11731416 4 42
1 12091419 3 32
1 17592162 5 47
1 19430578 3 35
1 19449400 3 35
1 20234141 3 25
1 21299518 3 32
1 22141043 4 15
1 27875719 5 46
1 28054002 6 25
1 31478707 4 32
1 31811878 3 26
1 32690063 4 35
1 38019776 4 22
1 38455669 4 25
1 38463403 3 28
1 39906779 3 33
1 40701536 4 44
1 43213969 3 31
1 43803852 4 25
1 44596356 4 36
1 47607803 3 34
1 53459378 3 35
1 54554444 3 32
1 65330638 3 23
1 67518661 3 30
1 78249010 5 38
1 92568185 3 35
1 100203755 3 30
1 101704819 3 34
1 103488439 3 25
1 103491840 3 33
1 109801554 3 13
1 109808497 3 22
1 111741337 4 22
1 116574146 4 34
1 118042058 3 29
1 150730343 3 34
1 153536338 4 33
1 154145663 16 36
1 155029745 5 42
1 155217937 3 21
1 160681543 3 28
1 161989818 5 51
1 167088701 3 21
1 167095859 3 23
1 180217439 3 33
1 182775309 3 30
1 184853906 3 26
1 185183785 5 48
1 185962485 4 29
1 198687405 3 27
1 201009364 3 19
1 201869213 4 19
1 203024680 3 25
1 205801728 4 34
1 207195687 4 26
1 207651258 3 30
1 220978393 6 57
1 225605809 4 40
1 228336155 3 20
1 228594263 3 22
1 243668562 3 34
2 17998311 3 33
2 20174305 3 33
2 20194100 4 37
2 25464514 3 20
2 26204762 3 34
2 27549574 3 31
2 27805906 4 30
2 29294403 4 31
2 29294490 5 43
2 37000938 3 27
2 44201809 4 41
2 60688739 5 52
2 74589803 4 29
2 75116424 3 29
2 75276575 5 40
2 75425872 3 32
2 88402581 4 29
2 96798444 5 41
2 97529845 3 33
2 98377070 4 7
2 99992919 3 30
2 106002851 4 41
2 121729514 3 23
2 121747389 3 28
2 128917287 5 51
2 132263983 3 34
2 153417428 4 20
2 165579003 29 29
2 166020336 4 34
2 167760169 4 36
2 171572791 4 37
2 176945492 3 21
2 176948256 4 36
2 189863014 3 26
2 191236037 3 30
2 197185100 4 24
2 209113112 39 52
2 209176983 3 33
2 215852443 3 29
2 219321847 4 47
2 220379452 3 29
2 227966224 3 20
2 234368427 3 30
2 238287638 3 34
2 238729772 3 32
2 242138746 3 35
3 13393612 3 14
3 33134313 4 18
3 47717034 4 39
3 49137705 3 34
3 49152752 3 33
3 49170297 4 36
3 49278785 3 32
3 49842763 4 34
3 50223736 4 29
3 52255155 3 31
3 101451460 4 39
3 123071326 3 25
3 124141792 5 47
3 124731607 3 26
3 138351865 6 54
3 146246610 3 30
3 178919316 4 37
3 184104405 4 20
3 193855500 4 23
3 194344410 4 36
4 1332297 3 17
4 1940242 4 36
4 4269702 4 19
4 8469955 3 23
4 26487327 4 27
4 37857281 3 32
4 39196228 4 15
4 40439899 3 29
4 47589156 5 52
4 48379920 3 32
4 48533175 3 36
4 68691497 3 28
4 70710005 6 61
4 72649723 5 40
4 76842271 3 19
4 80992751 4 16
4 88372795 5 39
4 88533885 3 30
4 100242545 3 34
4 110687962 5 49
4 115891672 4 25
4 122722624 3 27
4 129864286 3 30
4 145568089 3 23
4 146071803 3 35
4 152043243 7 55
4 166000910 3 26
4 170912961 5 42
4 186231841 4 19
5 2749860 3 30
5 9224902 3 28
5 10442379 3 35
5 11397296 4 35
5 33549341 3 34
5 58511715 3 29
5 72798413 3 35
5 92929571 4 43
5 127644953 4 31
5 131823639 3 33
5 132652223 4 32
5 133295558 3 16
5 133725924 4 38
5 133914958 3 20
5 137878583 3 30
5 140047838 3 35
5 140798498 4 24
5 141036394 4 24
5 146730709 4 28
5 146780394 4 27
5 149216437 5 54
5 149301203 4 37
5 149669212 3 34
5 156932781 3 28
5 167891941 3 32
5 169135187 3 24
5 177035600 4 31
5 178585869 5 35
5 179135978 4 33
5 180056342 3 29
5 180218843 4 31
6 7295646 3 27
6 10764651 3 27
6 12164360 4 27
6 24357658 4 44
6 24358114 3 24
6 24596680 3 33
6 28200458 5 37
6 30075851 4 32
6 31864560 3 33
6 32020722 7 52
6 33145191 4 36
6 34392602 3 27
6 39282959 4 37
6 41562628 4 34
6 43307387 3 28
6 43308211 5 32
6 43412076 3 30
6 70408937 3 35
6 90661356 7 64
6 110991735 4 31
6 119500926 6 48
6 144612978 4 36
6 165827142 3 32
6 168461682 3 27
6 170169673 3 27
6 170169696 3 28
7 4089060 4 35
7 5568794 4 41
7 6452643 3 22
7 7680076 3 24
7 14880869 4 21
7 21947829 3 36
7 39379247 3 19
7 44147050 3 24
7 47409157 4 32
7 56007766 4 22
7 72717985 3 31
7 73085368 3 23
7 77998517 14 41
7 82583261 45 49
7 82763872 3 36
7 84628847 9 79
7 90894640 7 66
7 96747045 30 44
7 99097693 3 32
7 100349416 3 35
7 106786884 4 45
7 128848637 3 31
7 129915031 4 37
7 132660020 5 56
7 141762472 3 35
7 150500857 21 43
7 151699800 5 46
7 156447399 4 51
7 157475560 4 42
8 3045453 4 29
8 22140560 3 30
8 23291992 3 33
8 27099914 3 35
8 28214271 3 32
8 28286915 5 48
8 39442156 9 61
8 41790988 3 34
8 61178599 5 44
8 77768487 4 39
8 81555288 3 34
8 99169863 7 60
8 99248437 5 46
8 133053841 5 36
8 134030212 3 34
8 142199210 4 26
8 143412321 3 28
9 368171 42 25
9 13123230 3 21
9 27566744 7 68
9 35750659 3 31
9 80049372 3 33
9 90322274 4 20
9 97382713 3 32
9 99589386 3 19
9 100767278 5 45
9 101594126 3 32
9 104086338 5 43
9 104297760 5 28
9 107535173 4 23
9 107558685 3 24
9 107607851 3 24
9 116276921 4 39
9 116840508 5 41
9 123586941 27 43
9 127262850 3 22
9 130213615 4 33
9 131115465 3 33
9 131300274 4 37
9 131403202 3 31
9 131848458 3 18
9 131909682 6 52
9 136219588 3 18
9 137775197 3 35
9 139110572 4 30
9 139275258 3 31
9 139405246 5 37
9 139748348 3 32
9 140007552 5 33
9 140444706 3 26
10 1058578 5 35
10 6008153 4 32
10 43613834 3 25
10 48390006 3 17
10 50363912 3 33
10 62551709 4 38
10 71640298 5 16
10 72492044 5 33
10 75090976 3 31
10 75867110 3 33
10 94836868 4 40
10 96006320 4 45
10 98714796 4 40
10 98714808 4 34
10 100380382 4 35
10 103339545 4 37
10 103897793 4 23
10 104172197 3 29
10 105331405 3 22
10 117884914 3 36
10 118440694 5 48
10 126715457 3 31
10 128769017 3 31
10 134151093 4 44
11 376322 3 21
11 4159496 3 33
11 5799221 15 62
11 8111718 3 21
11 9165798 4 31
11 9806741 6 64
11 11927024 4 33
11 14541750 4 42
11 19961241 3 30
11 31392279 3 35
11 33886166 3 14
11 35211454 3 29
11 44255775 4 30
11 46567278 4 35
11 46702244 3 22
11 47204313 3 31
11 57244357 3 20
11 57460099 4 35
11 59560592 3 26
11 61120428 3 32
11 62186561 3 35
11 62457789 4 44
11 62554211 3 22
11 62678350 3 31
11 64054002 3 31
11 64065680 3 23
11 65380900 5 36
11 65638653 5 30
11 66617093 3 30
11 67269790 4 28
11 70228220 4 29
11 72528862 3 30
11 75152341 4 24
11 77924890 4 33
11 92533642 3 35
11 95621406 4 42
11 101323746 50 93
11 103178522 3 21
11 105804689 4 43
11 113699938 4 51
11 120732708 76 83
11 123600497 4 38
11 129755405 5 28
12 5721822 3 23
12 6128822 4 32
12 10277909 11 76
12 15034951 4 11
12 42835298 4 28
12 49224231 4 31
12 49421894 4 21
12 49432097 3 26
12 53412780 3 29
12 53456409 3 30
12 53776072 3 31
12 53899774 3 34
12 56648505 3 22
12 57496242 3 26
12 57599408 4 34
12 57850678 4 32
12 57861122 4 42
12 57866350 5 32
12 57922046 3 26
12 62887753 3 26
12 65146498 5 36
12 99638139 3 26
12 101773185 5 42
12 106712240 5 53
12 111885211 23 55
12 113399002 3 26
12 122277702 6 64
13 20797128 4 44
13 36046629 4 26
13 102521165 7 66
13 102527567 5 48
13 113826351 3 22
14 20846640 3 35
14 23634524 4 19
14 23887613 3 22
14 24517389 3 30
14 31085549 4 32
14 31641078 4 42
14 31774117 3 26
14 50101384 3 25
14 50269996 4 39
14 58832256 3 22
14 65210173 3 30
14 69259733 4 24
14 69799843 5 43
14 70246028 3 31
14 73577729 4 28
14 76948991 5 50
14 92278782 5 52
14 105356050 4 34
14 105617356 4 27
15 23889331 4 33
15 24924397 46 85
15 28515987 4 22
15 34533465 3 31
15 37001446 4 23
15 41476577 51 88
15 41796370 3 32
15 42028751 4 32
15 42067583 3 31
15 42166618 3 25
15 42447761 4 28
15 43017845 4 37
15 43028529 3 21
15 45454468 4 42
15 49882191 5 47
15 51023204 3 18
15 55647010 4 22
15 57835923 5 48
15 65218340 4 29
15 65499307 3 22
15 65678257 5 41
15 74927882 5 41
15 75816600 6 58
15 78572405 5 47
15 78764193 4 37
15 81230194 5 55
15 88670395 3 25
15 90030167 3 24
15 90809609 3 18
15 93444498 4 31
15 101833365 3 35
16 424128 3 32
16 739190 4 43
16 773136 3 17
16 1400943 3 30
16 3073247 4 30
16 3779649 3 34
16 4749123 4 34
16 4862106 3 36
16 15973680 3 24
16 15982412 3 35
16 19702788 3 23
16 28890880 3 32
16 29891377 3 28
16 30536332 3 25
16 31073297 3 23
16 31073536 3 24
16 31214026 3 30
16 48134840 5 36
16 49672159 3 28
16 50341030 3 26
16 55518028 4 41
16 55600782 3 30
16 67325212 3 29
16 68894132 72 96
16 72137072 5 52
16 89346664 3 15
17 1940234 4 30
17 3806622 3 24
17 4578396 4 23
17 4692841 6 62
17 4787729 3 36
17 4844443 3 30
17 5347688 5 41
17 5371964 3 21
17 7330052 4 23
17 7369500 3 25
17 7727205 5 34
17 7807154 3 33
17 15943798 4 40
17 18004806 4 34
17 18217952 3 32
17 18922844 5 18
17 19284494 4 35
17 19318439 3 29
17 26965113 5 42
17 40735542 5 39
17 40864504 6 52
17 42089277 3 34
17 42168726 3 19
17 45886838 4 38
17 49249042 4 20
17 49270872 3 28
17 63534347 4 31
17 71420200 3 17
17 73897843 5 37
17 74901273 3 32
17 74901350 4 40
17 78338257 4 33
17 79609399 3 33
17 79974828 3 30
17 80963073 5 37
18 2922073 3 12
18 8825869 3 33
18 12325211 3 28
18 20837289 8 38
18 21209900 3 19
18 30275437 3 33
18 32459653 4 32
18 32844130 4 34
18 48248362 3 22
18 67755282 5 53
18 72632548 3 27
19 871991 3 26
19 1081940 3 26
19 1556725 4 18
19 2222172 4 39
19 2243476 3 32
19 2415736 3 34
19 2989114 3 34
19 3053843 3 33
19 3641713 5 42
19 3979890 3 29
19 4501274 4 37
19 6924835 6 46
19 7912650 3 33
19 8668698 3 32
19 9968070 4 43
19 11141525 3 8
19 11289391 4 37
19 13080696 5 41
19 15290005 3 27
19 17403554 4 23
19 17571408 4 34
19 17691618 3 30
19 18235551 3 29
19 18331297 3 31
19 18648566 5 33
19 18731361 3 32
19 18779881 4 34
19 20727653 3 34
19 35832001 4 42
19 35941280 4 31
19 36237718 3 29
19 41884196 4 34
19 41903252 4 34
19 42791815 21 12
19 45668202 4 28
19 46275947 20 3
19 46417831 3 21
19 46893319 4 26
19 49934653 4 25
19 51890506 3 27
19 53668464 3 31
19 54937877 5 43
19 57088887 4 32
20 1106227 5 47
20 1162066 3 31
20 3682097 3 35
20 18724880 3 34
20 25187893 4 27
20 31628074 4 31
20 33439058 11 30
20 34051448 3 25
20 34541775 3 11
20 44237304 10 85
20 44582470 3 33
20 44747012 3 33
20 47836061 5 48
20 49197988 3 25
20 49209716 4 27
20 49221198 3 35
20 57042159 3 31
20 57766174 3 31
20 61867662 3 28
20 61929297 4 36
21 37763949 4 28
21 47549370 8 19
21 47655307 5 40
22 18769693 3 23
22 23596102 3 32
22 29738318 3 24
22 30660259 3 35
22 31672928 3 29
22 36054752 6 56
22 36116675 4 21
22 37196903 5 44
22 38130854 3 23
22 38340126 3 23
22 40819591 3 34
22 41574755 7 63
22 46932246 4 41
22 50356364 3 32
22 50480153 3 13
22 50588081 3 28
22 50695601 3 35
22 50878240 3 30
