chromosome_index	start_position	end_position	major_cn	minor_cn	total_cn
1	1	44440013	1.0	1.0	2.0
1	44440014	44805801	1.0	1.0	2.0
1	44805802	45135174	1.0	1.0	2.0
1	45135175	45135347	1.0	1.0	2.0
1	45135348	45456602	2.0	1.0	3.0
1	45456603	67100012	2.0	1.0	3.0
1	67100013	73140982	2.0	1.0	3.0
1	73140983	73191562	2.0	1.0	3.0
1	73191563	78620100	1.0	1.0	2.0
1	78620101	112890125	1.0	1.0	2.0
1	112890126	121499999	1.0	1.0	2.0
1	121500000	128899999	1.0	1.0	2.0
1	128900000	157079002	1.0	1.0	2.0
1	157079003	167329230	1.0	1.0	2.0
1	167329231	174641801	1.0	1.0	2.0
1	174641802	178569960	1.0	1.0	2.0
1	178569961	186549977	1.0	1.0	2.0
1	186549978	202159983	1.0	1.0	2.0
1	202159984	224249981	1.0	1.0	2.0
1	224249982	247249600	1.0	1.0	2.0
1	247249601	249250620	1.0	1.0	2.0
2	20016	1254401	1.0	1.0	2.0
2	1254402	24035000	1.0	1.0	2.0
2	24035001	28909801	1.0	1.0	2.0
2	28909802	47716402	1.0	1.0	2.0
2	47716403	47904253	1.0	1.0	2.0
2	47904254	48860023	1.0	1.0	2.0
2	48860024	69550005	1.0	1.0	2.0
2	69550006	69678079	1.0	1.0	2.0
2	69678080	70566002	1.0	1.0	2.0
2	70566003	88806111	1.0	1.0	2.0
2	88806112	90499999	1.0	1.0	2.0
2	90500000	96799999	1.0	1.0	2.0
2	96800000	114470005	1.0	1.0	2.0
2	114470006	114730017	1.0	1.0	2.0
2	114730018	171503801	1.0	1.0	2.0
2	171503802	201653801	1.0	1.0	2.0
2	201653802	207261802	1.0	1.0	2.0
2	207261803	209540801	1.0	1.0	2.0
2	209540802	242951000	1.0	1.0	2.0
3	100074	18434201	1.0	1.0	2.0
3	18434202	18847839	1.0	1.0	2.0
3	18847840	20091704	1.0	1.0	2.0
3	20091705	36869982	1.0	1.0	2.0
3	36869983	40423519	1.0	1.0	2.0
3	40423520	40619997	1.0	1.0	2.0
3	40619998	87899999	1.0	1.0	2.0
3	87900000	93899999	1.0	1.0	2.0
3	93900000	109124991	1.0	1.0	2.0
3	109124992	113349997	1.0	1.0	2.0
3	113349998	152600032	1.0	1.0	2.0
3	152600033	195000034	1.0	1.0	2.0
3	195000035	198022429	1.0	1.0	2.0
4	38165	25467085	1.0	1.0	2.0
4	25467086	48199999	1.0	1.0	2.0
4	48200000	53332201	1.0	1.0	2.0
4	53332202	53679953	1.0	1.0	2.0
4	53679954	73880001	1.0	1.0	2.0
4	73880002	78129969	1.0	1.0	2.0
4	78129970	84532001	1.0	1.0	2.0
4	84532002	87716201	1.0	1.0	2.0
4	87716202	93608942	1.0	1.0	2.0
4	93608943	94378619	1.0	0.0	1.0
4	94378620	94383424	1.0	0.0	1.0
4	94383425	99944982	1.0	1.0	2.0
4	99944983	113546601	1.0	1.0	2.0
4	113546602	128784989	1.0	1.0	2.0
4	128784990	129155016	1.0	1.0	2.0
4	129155017	165642601	1.0	1.0	2.0
4	165642602	191154275	1.0	1.0	2.0
5	22500	32649965	1.0	1.0	2.0
5	32649966	46099999	1.0	1.0	2.0
5	46100000	50699999	1.0	1.0	2.0
5	50700000	68270010	1.0	1.0	2.0
5	68270011	126173659	1.0	1.0	2.0
5	126173660	137200401	1.0	1.0	2.0
5	137200402	145439937	1.0	1.0	2.0
5	145439938	145699991	1.0	1.0	2.0
5	145699992	172695601	1.0	1.0	2.0
5	172695602	180712500	1.0	1.0	2.0
6	39681	229981	1.0	1.0	2.0
6	229982	24796400	1.0	1.0	2.0
6	24796401	27050001	1.0	1.0	2.0
6	27050002	31442500	1.0	1.0	2.0
6	31442501	39937601	1.0	1.0	2.0
6	39937602	41558601	1.0	1.0	2.0
6	41558602	58699999	1.0	1.0	2.0
6	58700000	63299999	1.0	1.0	2.0
6	63300000	88370065	1.0	1.0	2.0
6	88370066	88570007	1.0	1.0	2.0
6	88570008	89668202	1.0	1.0	2.0
6	89668203	90409994	1.0	1.0	2.0
6	90409995	90649202	1.0	1.0	2.0
6	90649203	133174202	1.0	1.0	2.0
6	133174203	159930106	1.0	1.0	2.0
6	159930107	170899800	1.0	1.0	2.0
7	40386	20731443	1.0	1.0	2.0
7	20731444	20860031	1.0	1.0	2.0
7	20860032	26890150	1.0	1.0	2.0
7	26890151	57999987	1.0	1.0	2.0
7	57999988	61699999	1.0	1.0	2.0
7	61700000	74103693	1.0	1.0	2.0
7	74103694	74107152	1.0	1.0	2.0
7	74107153	97574961	1.0	1.0	2.0
7	97574962	98499976	1.0	1.0	2.0
7	98499977	109447275	1.0	1.0	2.0
7	109447276	158821400	1.0	0.0	1.0
8	1	209990	1.0	1.0	2.0
8	209991	37530001	1.0	1.0	2.0
8	37530002	43099999	1.0	1.0	2.0
8	43100000	48099999	1.0	1.0	2.0
8	48100000	49063002	1.0	1.0	2.0
8	49063003	93076418	1.0	1.0	2.0
8	93076419	93076532	1.0	1.0	2.0
8	93076533	94498189	1.0	1.0	2.0
8	94498190	96210061	1.0	1.0	2.0
8	96210062	125481745	1.0	1.0	2.0
8	125481746	125481819	1.0	1.0	2.0
8	125481820	126196400	2.0	1.0	3.0
8	126196401	129639942	2.0	1.0	3.0
8	129639943	146364021	2.0	1.0	3.0
9	1	36700402	1.0	1.0	2.0
9	36700403	36909960	1.0	1.0	2.0
9	36909961	47299999	1.0	1.0	2.0
9	47300000	50699999	1.0	1.0	2.0
9	50700000	71037775	1.0	1.0	2.0
9	71037776	74228231	1.0	1.0	2.0
9	74228232	112629201	1.0	1.0	2.0
9	112629202	113112500	1.0	1.0	2.0
9	113112501	140273200	1.0	1.0	2.0
10	10001	130012	1.0	1.0	2.0
10	130013	3630006	1.0	1.0	2.0
10	3630007	4902801	1.0	1.0	2.0
10	4902802	19991208	1.0	1.0	2.0
10	19991209	21490061	1.0	1.0	2.0
10	21490062	23594916	1.0	1.0	2.0
10	23594917	37999999	1.0	1.0	2.0
10	38000000	42299999	1.0	1.0	2.0
10	42300000	93955053	1.0	1.0	2.0
10	93955054	98700002	1.0	1.0	2.0
10	98700003	102706401	1.0	1.0	2.0
10	102706402	116719995	1.0	1.0	2.0
10	116719996	126433801	1.0	1.0	2.0
10	126433802	135389924	1.0	1.0	2.0
11	20721	229924	1.0	1.0	2.0
11	229925	8796201	1.0	1.0	2.0
11	8796202	19287800	1.0	1.0	2.0
11	19287801	51599999	1.0	1.0	2.0
11	51600000	55699999	1.0	1.0	2.0
11	55700000	59280401	1.0	1.0	2.0
11	59280402	74770065	1.0	1.0	2.0
11	74770066	93810056	1.0	1.0	2.0
11	93810057	93989195	1.0	1.0	2.0
11	93989196	107842601	1.0	1.0	2.0
11	107842602	126377002	1.0	1.0	2.0
11	126377003	134452200	1.0	1.0	2.0
12	110107	1860047	1.0	1.0	2.0
12	1860048	7749201	1.0	1.0	2.0
12	7749202	25320543	1.0	1.0	2.0
12	25320544	33299999	1.0	1.0	2.0
12	33300000	38199999	1.0	1.0	2.0
12	38200000	57250202	1.0	1.0	2.0
12	57250203	93223601	1.0	1.0	2.0
12	93223602	109867602	1.0	1.0	2.0
12	109867603	114449964	1.0	1.0	2.0
12	114449965	114659970	1.0	1.0	2.0
12	114659971	118815110	1.0	1.0	2.0
12	118815111	119577200	1.0	1.0	2.0
12	119577201	132374877	1.0	1.0	2.0
12	132374878	133851894	1.0	1.0	2.0
13	16300000	19499999	1.0	1.0	2.0
13	19500000	20270001	1.0	1.0	2.0
13	20270002	28776631	1.0	1.0	2.0
13	28776632	41915018	1.0	1.0	2.0
13	41915019	46109912	1.0	1.0	2.0
13	46109913	99719998	1.0	1.0	2.0
13	99719999	114092800	1.0	1.0	2.0
13	114092801	115169877	1.0	1.0	2.0
14	16100000	19099999	1.0	1.0	2.0
14	19100000	24462500	1.0	1.0	2.0
14	24462501	89743957	1.0	1.0	2.0
14	89743958	92743729	1.0	1.0	2.0
14	92743730	106368400	1.0	1.0	2.0
15	15800000	20699999	1.0	1.0	2.0
15	20700000	42120008	1.0	1.0	2.0
15	42120009	58840027	1.0	1.0	2.0
15	58840028	60094802	1.0	1.0	2.0
15	60094803	68952120	1.0	1.0	2.0
15	68952121	69095496	1.0	1.0	2.0
15	69095497	72035245	1.0	1.0	2.0
15	72035246	74759917	1.0	1.0	2.0
15	74759918	100338800	1.0	1.0	2.0
15	100338801	102420866	1.0	1.0	2.0
16	100010	10832246	1.0	1.0	2.0
16	10832247	27839998	1.0	1.0	2.0
16	27839999	29116802	1.0	1.0	2.0
16	29116803	34599999	1.0	1.0	2.0
16	34600000	38599999	1.0	1.0	2.0
16	38600000	46451602	1.0	1.0	2.0
16	46451603	72079869	1.0	1.0	2.0
16	72079870	88827200	1.0	1.0	2.0
16	88827201	90354752	1.0	1.0	2.0
17	47615	2926007	1.0	1.0	2.0
17	2926008	10250004	1.0	1.0	2.0
17	10250005	22199999	1.0	1.0	2.0
17	22200000	25799999	1.0	1.0	2.0
17	25800000	61555801	1.0	1.0	2.0
17	61555802	63689971	1.0	1.0	2.0
17	63689972	78774600	1.0	1.0	2.0
17	78774601	81195209	1.0	1.0	2.0
18	1	15399999	1.0	1.0	2.0
18	15400000	18999999	1.0	1.0	2.0
18	19000000	29759734	1.0	1.0	2.0
18	29759735	48313401	1.0	1.0	2.0
18	48313402	74255179	1.0	1.0	2.0
18	74255180	76117000	1.0	1.0	2.0
18	76117001	78077247	1.0	1.0	2.0
19	102500	24399999	1.0	1.0	2.0
19	24400000	28599999	1.0	1.0	2.0
19	28600000	32479958	1.0	1.0	2.0
19	32479959	33859999	1.0	1.0	2.0
19	33860000	40055981	1.0	1.0	2.0
19	40055982	42010612	1.0	1.0	2.0
19	42010613	43846552	1.0	1.0	2.0
19	43846553	59128982	1.0	1.0	2.0
20	17500	25599999	1.0	1.0	2.0
20	25600000	29890001	1.0	1.0	2.0
20	29890002	43825001	1.0	1.0	2.0
20	43825002	44912472	1.0	1.0	2.0
20	44912473	45726001	1.0	1.0	2.0
20	45726002	46245910	1.0	1.0	2.0
20	46245911	55098402	1.0	1.0	2.0
20	55098403	55589989	1.0	1.0	2.0
20	55589990	62435800	1.0	1.0	2.0
21	10670001	15280811	1.0	1.0	2.0
21	15280812	18749202	1.0	1.0	2.0
21	18749203	18895001	1.0	1.0	2.0
21	18895002	32534967	1.0	1.0	2.0
21	32534968	35348097	1.0	1.0	2.0
21	35348098	36214748	1.0	1.0	2.0
21	36214749	46944200	1.0	1.0	2.0
21	46944201	48129894	1.0	1.0	2.0
22	12200000	17899999	1.0	1.0	2.0
22	17900000	22319996	1.0	1.0	2.0
22	22319997	23480012	1.0	1.0	2.0
22	23480013	26699939	1.0	1.0	2.0
22	26699940	46030052	1.0	1.0	2.0
22	46030053	46317601	1.0	1.0	2.0
22	46317602	49691400	1.0	1.0	2.0
22	49691401	51304565	1.0	1.0	2.0
