chromosome_index	start_position	end_position	major_cn	minor_cn	total_cn
1	61735	47485891	3	0	3
1	47486392	65324146	2	0	2
1	65324189	65427085	0	0	0
1	65427163	121482979	2	0	2
1	144007049	241094417	2	1	3
1	241099314	241230129	5	1	6
1	241234609	249224388	2	1	3
2	12784	20491632	2	2	4
2	20494665	20741518	2	0	2
2	20743917	49459479	2	2	4
2	49464907	52897160	3	2	5
2	52898055	161288182	2	2	4
2	161288516	166321298	3	2	5
2	166322236	169398785	2	1	3
2	169398873	172218237	2	2	4
2	172220774	199456785	2	1	3
2	199457084	199783596	1	0	1
2	199792374	243089456	2	1	3
3	60345	2172527	2	2	4
3	2174335	44990736	3	2	5
3	44995128	96161227	2	0	2
3	96164895	98445479	2	2	4
3	98445534	197896118	2	0	2
4	12281	37845165	2	0	2
4	37846939	38994187	2	1	3
4	38994715	53077637	2	0	2
4	53079222	54737034	2	2	4
4	54737829	55318148	2	0	2
4	55323611	56394819	2	2	4
4	56396079	56974061	2	0	2
4	56975784	57300492	2	2	4
4	57306467	58760121	2	0	2
4	58760786	59870052	2	2	4
4	59870064	62534336	2	0	2
4	62535059	87552493	2	2	4
4	87562746	88453437	2	0	2
4	88453911	106036421	2	2	4
4	106036545	107609799	2	0	2
4	107611250	108460281	0	0	0
4	108461351	182372097	2	0	2
4	182372186	182977622	0	0	0
4	182978861	187446941	2	0	2
4	187450160	191027923	0	0	0
5	15532	3449613	5	1	6
5	3451196	49521592	4	1	5
5	49526027	96938502	2	1	3
5	96939030	137925722	1	1	2
5	137942331	138540898	1	0	1
5	138541283	171661354	1	1	2
5	171662653	172958959	1	0	1
5	172959083	180790320	1	1	2
6	149661	29518472	2	2	4
6	29518665	33920551	2	1	3
6	33922198	76401885	2	2	4
6	76408950	107091612	2	1	3
6	107092923	134685508	4	1	5
6	134690745	155482304	7	1	8
6	155482618	163582139	2	1	3
6	163582608	164257625	1	0	1
6	164258269	171051005	2	1	3
7	43259	118821313	2	2	4
7	118821392	159127004	2	1	3
8	31254	6959833	2	1	3
8	6962741	10703794	1	1	2
8	10703909	29737521	2	1	3
8	29737732	69819741	2	2	4
8	69823437	89848178	4	2	6
8	89848591	90823039	4	0	4
8	90823687	146298155	4	2	6
9	46587	111598970	2	0	2
9	111601318	126496296	2	2	4
9	126500714	132900076	4	2	6
9	132901403	139101947	2	2	4
9	139102052	139351212	1	0	1
9	139356498	141091394	2	2	4
10	72759	8548893	4	2	6
10	8548915	10725463	5	2	7
10	10726095	42433815	4	2	6
10	42441972	70280093	2	2	4
10	70290782	82360801	4	0	4
10	82361879	87613121	5	0	5
10	87613556	110193416	2	0	2
10	110194423	111003343	4	0	4
10	111003491	118861724	2	0	2
10	118862274	119872006	3	0	3
10	119876964	121288501	2	0	2
10	121289749	135506704	3	0	3
11	198572	16548866	2	0	2
11	16549598	16939352	2	2	4
11	16939531	19272535	2	0	2
11	19272558	26320588	2	2	4
11	26321651	27673121	2	0	2
11	27677041	29014321	2	2	4
11	29017564	31230366	2	0	2
11	31231969	32190752	2	2	4
11	32196933	32486943	2	0	2
11	32486962	36994390	2	2	4
11	36994855	49103690	2	0	2
11	49109565	60539817	2	2	4
11	60549966	60723274	2	0	2
11	60724888	70704860	2	2	4
11	70705002	74865270	3	2	5
11	74865716	76431762	2	0	2
11	76433006	77933973	2	2	4
11	77936166	134944770	2	0	2
12	150442	27290146	4	0	4
12	27293163	100936836	2	2	4
12	100938210	133778189	3	2	5
13	19026949	82684145	2	0	2
13	82688566	91939948	3	0	3
13	91940131	115108397	2	0	2
14	19002124	22392626	2	2	4
14	22392639	22970050	3	2	5
14	22970236	25372496	2	1	3
14	25374380	64491732	2	2	4
14	64493307	68812645	2	0	2
14	68812756	103787864	4	0	4
14	103788062	107285437	6	0	6
15	20016328	35120631	2	2	4
15	35129095	35284597	6	3	9
15	35289461	67468285	2	2	4
15	67469335	68656035	2	0	2
15	68656817	102469040	2	2	4
16	60777	4137004	2	1	3
16	4140024	55794951	2	2	4
16	55795048	73556003	2	0	2
16	73556224	74452036	7	0	7
16	74456601	81033649	2	0	2
16	81036324	90287535	2	2	4
17	526	81049726	2	0	2
18	48133	22093792	2	0	2
18	22094830	23386530	2	2	4
18	23389019	24197179	2	0	2
18	24199982	39673790	2	2	4
18	39675052	78015057	2	0	2
19	90910	30036731	2	2	4
19	30038888	35806889	2	1	3
19	35807600	58233008	2	2	4
19	58240428	58713774	2	0	2
19	58714029	59097854	1	0	1
20	61305	2910880	2	2	4
20	2912565	3026088	2	0	2
20	3034048	35945174	2	2	4
20	35945238	37576612	4	2	6
20	37578387	38746861	6	2	8
20	38747324	39343078	4	2	6
20	39343464	50093666	6	2	8
20	50093744	55363442	4	2	6
20	55364185	58759522	2	2	4
20	58761096	58967245	2	0	2
20	58968412	59441596	2	2	4
20	59443108	59905838	2	0	2
20	59906419	59961409	2	2	4
20	59961673	60123500	2	0	2
20	60126027	62956153	2	2	4
21	10736871	15624647	0	0	0
21	15627610	31313186	2	0	2
21	31315365	31701470	2	2	4
21	31705443	32267762	2	0	2
21	32272902	33987492	2	2	4
21	33993717	34595769	1	0	1
21	34598385	36775599	2	2	4
21	36775722	37775849	4	2	6
21	37776011	43084828	2	2	4
21	43085226	48096957	2	1	3
22	16052528	18585252	3	2	5
22	18585987	24990213	4	2	6
22	24992266	29334600	4	3	7
22	29335569	30180001	3	0	3
22	30180022	51234455	2	2	4
