chromosome_index	start_position	end_position	major_cn	minor_cn	total_cn
1	61735	5393490	2	2	4
1	5402870	33434787	2	0	2
1	33436948	249224388	2	2	4
2	12784	243089456	2	2	4
3	60345	197896118	2	2	4
4	12281	191027923	2	1	3
5	15532	180790320	2	2	4
6	149661	156422616	2	1	3
6	156422949	157918476	1	0	1
6	157919152	171051005	2	1	3
7	43259	159127004	2	2	4
8	31254	40574412	2	0	2
8	40575914	146298155	5	2	7
9	46587	141091394	2	2	4
10	72759	31623231	2	0	2
10	31634713	33486589	2	2	4
10	33488814	33580169	5	2	7
10	33581211	39074050	2	2	4
10	39074638	122124595	2	0	2
10	122125198	122222315	3	0	3
10	122224268	135506704	2	0	2
11	198572	134944770	2	1	3
12	150442	133778189	2	2	4
13	19026949	115108397	2	2	4
14	19002124	22394144	2	2	4
14	22394264	22988022	3	3	6
14	22988571	107285437	2	2	4
15	20016328	102469040	2	1	3
16	60777	90287535	2	2	4
17	526	18950867	2	0	2
17	18965222	19889643	2	2	4
17	19890764	25326960	2	1	3
17	25329474	81049726	2	2	4
18	48133	78015057	2	0	2
19	90910	59097854	2	1	3
20	61305	62956153	4	2	6
21	10736871	48096957	3	0	3
22	16052528	51234455	2	2	4
