chromosome_index	position	alt_count	ref_count
1	2437982	6.0	43.0
1	3125056	12.0	21.0
1	3460133	25.0	42.0
1	4037247	8.0	27.0
1	7521906	27.0	28.0
1	9715049	17.0	28.0
1	10170642	17.0	46.0
1	14659771	13.0	29.0
1	16354963	6.0	40.0
1	18276420	4.0	37.0
1	18352005	22.0	38.0
1	25461580	18.0	24.0
1	27460604	5.0	39.0
1	29723201	21.0	24.0
1	30577104	4.0	28.0
1	36864546	8.0	41.0
1	49017235	8.0	37.0
1	50606055	7.0	37.0
1	52082636	13.0	15.0
1	55398190	7.0	39.0
1	57614379	19.0	38.0
1	67042213	7.0	51.0
1	71771542	17.0	27.0
1	86566915	12.0	46.0
1	94264271	12.0	45.0
1	94743641	19.0	38.0
1	96686346	9.0	31.0
1	103778424	3.0	28.0
1	104091034	15.0	37.0
1	107067933	21.0	23.0
1	108891771	8.0	37.0
1	109439139	7.0	46.0
1	112525775	22.0	42.0
1	117854244	6.0	33.0
1	142692869	23.0	36.0
1	148892398	14.0	134.0
1	158247400	8.0	36.0
1	161243132	6.0	45.0
1	162935713	30.0	28.0
1	166027962	5.0	30.0
1	166437242	24.0	33.0
1	170168075	21.0	25.0
1	176541108	17.0	32.0
1	176911682	9.0	34.0
1	178610961	15.0	28.0
1	179836066	23.0	31.0
1	181177607	4.0	37.0
1	189068097	4.0	37.0
1	197792099	5.0	30.0
1	205242983	23.0	17.0
1	210709017	19.0	28.0
1	212602286	20.0	32.0
1	212982187	5.0	47.0
1	213863608	15.0	28.0
1	221300522	8.0	52.0
1	225057645	22.0	40.0
1	227360610	30.0	23.0
1	229720087	8.0	39.0
1	240371464	7.0	9.0
1	242959117	14.0	33.0
1	248606571	6.0	34.0
1	248812086	16.0	34.0
1	249156513	8.0	34.0
10	5220541	12.0	39.0
10	9090135	12.0	44.0
10	14030668	5.0	54.0
10	14155777	21.0	28.0
10	16300215	14.0	45.0
10	18895820	4.0	29.0
10	20822579	6.0	34.0
10	25879722	7.0	40.0
10	37921052	12.0	38.0
10	38882626	8.0	36.0
10	53713480	5.0	65.0
10	69216254	10.0	60.0
10	71140242	8.0	27.0
10	75429204	3.0	12.0
10	80425544	7.0	46.0
10	82487863	22.0	26.0
10	88761406	6.0	32.0
10	98760226	10.0	41.0
10	106001237	15.0	27.0
10	108253922	19.0	24.0
10	108328802	21.0	35.0
10	111503315	4.0	39.0
10	123125176	21.0	30.0
10	125791012	3.0	37.0
11	7462063	7.0	38.0
11	11436899	10.0	52.0
11	12786436	17.0	30.0
11	14521315	18.0	27.0
11	15659280	6.0	32.0
11	16719418	9.0	46.0
11	16819998	6.0	34.0
11	17709647	18.0	31.0
11	20022323	5.0	46.0
11	21459515	17.0	29.0
11	28777394	6.0	44.0
11	28907603	19.0	32.0
11	29203761	26.0	28.0
11	29686206	7.0	41.0
11	30202646	21.0	28.0
11	41199686	24.0	36.0
11	45097811	19.0	22.0
11	48762598	9.0	41.0
11	48822921	26.0	33.0
11	50678512	10.0	43.0
11	51218070	7.0	49.0
11	55081812	4.0	62.0
11	61968121	13.0	26.0
11	65729422	9.0	41.0
11	66814185	12.0	33.0
11	71536189	9.0	38.0
11	82508952	9.0	34.0
11	84422562	7.0	32.0
11	86453339	13.0	27.0
11	92134617	10.0	58.0
11	94545952	3.0	32.0
11	96834678	23.0	19.0
11	105517498	12.0	60.0
11	115844708	11.0	42.0
11	119674485	5.0	44.0
11	119887113	11.0	44.0
11	123056901	13.0	56.0
11	125587964	5.0	45.0
11	126469166	21.0	22.0
11	127422241	3.0	43.0
12	2717876	7.0	44.0
12	5162419	21.0	32.0
12	8939395	5.0	46.0
12	12037321	15.0	35.0
12	15253101	4.0	48.0
12	16868826	21.0	33.0
12	20686568	3.0	33.0
12	26700309	10.0	52.0
12	33125057	24.0	42.0
12	45886158	9.0	42.0
12	46108907	14.0	30.0
12	52481460	8.0	40.0
12	54183107	8.0	44.0
12	55188318	6.0	17.0
12	63548692	13.0	31.0
12	64106602	6.0	38.0
12	65438215	12.0	42.0
12	73394906	18.0	18.0
12	75413892	3.0	32.0
12	82583743	11.0	41.0
12	82967471	13.0	39.0
12	83564784	14.0	45.0
12	85221966	19.0	25.0
12	85317974	19.0	32.0
12	88552897	4.0	39.0
12	89584286	15.0	30.0
12	94400295	6.0	41.0
12	96319886	13.0	9.0
12	99167303	21.0	25.0
12	99856258	4.0	25.0
12	100914505	17.0	24.0
12	103500280	8.0	41.0
12	107410319	10.0	43.0
12	111789782	3.0	32.0
12	116101471	5.0	40.0
12	125208164	7.0	13.0
12	128273635	34.0	25.0
12	128587434	5.0	32.0
12	129562525	18.0	46.0
12	130081307	6.0	41.0
12	130726367	22.0	28.0
12	132509237	12.0	31.0
13	22482130	16.0	34.0
13	29215262	22.0	41.0
13	39746725	12.0	39.0
13	44617427	10.0	24.0
13	45081300	7.0	40.0
13	47872752	18.0	34.0
13	53688268	20.0	34.0
13	55473486	13.0	47.0
13	55587683	17.0	26.0
13	55954017	17.0	22.0
13	55960845	5.0	49.0
13	56142506	7.0	38.0
13	57116817	19.0	25.0
13	57403793	10.0	55.0
13	57456036	13.0	42.0
13	64027161	18.0	33.0
13	65487539	16.0	41.0
13	69702909	6.0	40.0
13	70925185	29.0	25.0
13	75442451	30.0	24.0
13	79424184	6.0	16.0
13	84399267	20.0	34.0
13	89838474	22.0	23.0
13	93653118	22.0	30.0
13	95167178	20.0	36.0
13	96242650	23.0	25.0
13	98591988	8.0	33.0
13	100878918	12.0	37.0
13	101067435	5.0	31.0
13	102032256	7.0	37.0
13	108628099	12.0	48.0
13	111716713	21.0	27.0
13	111981465	9.0	42.0
13	112666240	13.0	29.0
14	19124443	20.0	75.0
14	19162907	3.0	41.0
14	22255421	9.0	44.0
14	22764024	12.0	8.0
14	25739207	7.0	40.0
14	26876226	21.0	37.0
14	27449745	6.0	44.0
14	28026105	13.0	33.0
14	33565906	8.0	43.0
14	38151264	12.0	35.0
14	38633395	4.0	43.0
14	41672141	7.0	41.0
14	42348650	15.0	35.0
14	45125341	26.0	40.0
14	45474182	4.0	45.0
14	47890819	26.0	29.0
14	54362472	22.0	28.0
14	56922116	7.0	43.0
14	59273636	21.0	39.0
14	70349198	4.0	57.0
14	70578980	22.0	25.0
14	74300558	11.0	40.0
14	77941705	8.0	44.0
14	81862069	8.0	44.0
14	84229448	28.0	35.0
14	86504057	8.0	51.0
14	87078599	8.0	53.0
14	88008264	10.0	31.0
14	88991124	25.0	22.0
14	91022300	26.0	23.0
14	94921695	21.0	36.0
14	95015440	26.0	29.0
14	99525813	26.0	47.0
14	104784691	12.0	26.0
15	24198776	16.0	26.0
15	24512232	16.0	28.0
15	24639029	15.0	35.0
15	25841320	28.0	36.0
15	27230544	19.0	33.0
15	32178108	8.0	47.0
15	35969711	15.0	10.0
15	37697231	5.0	36.0
15	51103247	10.0	49.0
15	67224600	12.0	42.0
15	68626883	5.0	37.0
15	73750746	20.0	30.0
15	79454619	6.0	50.0
15	82432165	8.0	34.0
15	83827994	18.0	30.0
15	92824837	8.0	53.0
16	5911956	14.0	24.0
16	6211200	7.0	28.0
16	6237382	11.0	46.0
16	7801653	9.0	45.0
16	8013226	9.0	44.0
16	8627794	4.0	39.0
16	10049089	19.0	32.0
16	13631518	10.0	46.0
16	13868050	12.0	30.0
16	15485006	7.0	34.0
16	16268709	7.0	39.0
16	17465665	25.0	28.0
16	19121233	10.0	37.0
16	24360927	8.0	44.0
16	28560582	6.0	34.0
16	35205482	29.0	41.0
16	46631265	5.0	50.0
16	47035441	5.0	47.0
16	47756167	18.0	29.0
16	48828482	3.0	40.0
16	48925614	7.0	37.0
16	54300864	21.0	24.0
16	59355999	22.0	38.0
16	59722764	4.0	36.0
16	63265494	9.0	37.0
16	63570128	5.0	45.0
16	63648451	4.0	39.0
16	63795417	5.0	35.0
16	71082088	8.0	22.0
16	76870024	23.0	42.0
16	79515169	8.0	37.0
16	80739165	7.0	45.0
16	81171221	9.0	38.0
16	86992312	11.0	46.0
16	87629411	6.0	38.0
17	1011591	4.0	47.0
17	6792670	7.0	60.0
17	7329690	7.0	42.0
17	7666896	13.0	31.0
17	8597354	8.0	27.0
17	9681007	3.0	43.0
17	10730207	6.0	35.0
17	13248792	25.0	30.0
17	27002476	17.0	35.0
17	35777553	8.0	31.0
17	39485105	21.0	27.0
17	40104581	5.0	11.0
17	43989543	10.0	40.0
17	51072762	10.0	41.0
17	63263421	10.0	53.0
17	74526371	11.0	27.0
17	80422110	6.0	48.0
18	185154	6.0	41.0
18	8285816	11.0	38.0
18	27072431	10.0	49.0
18	27276698	14.0	66.0
18	28402593	8.0	33.0
18	29326083	4.0	28.0
18	30974355	21.0	30.0
18	31389236	5.0	36.0
18	40232410	10.0	48.0
18	40963068	21.0	31.0
18	42800779	4.0	38.0
18	44890445	15.0	25.0
18	49633895	17.0	38.0
18	52813088	13.0	42.0
18	57094527	22.0	38.0
18	61591290	25.0	25.0
18	64660245	4.0	45.0
18	67083876	7.0	45.0
18	68318767	9.0	58.0
18	71856896	6.0	40.0
18	75483860	26.0	29.0
19	2508637	3.0	34.0
19	3145745	4.0	30.0
19	3951833	23.0	23.0
19	5869812	9.0	41.0
19	13264194	4.0	42.0
19	14473361	5.0	5.0
19	18550145	6.0	35.0
19	23060027	5.0	47.0
19	28579703	5.0	44.0
19	29049623	7.0	57.0
19	29241217	5.0	43.0
19	41935692	6.0	23.0
19	43600359	26.0	22.0
19	44487266	21.0	22.0
19	54824561	4.0	27.0
19	55622170	7.0	30.0
19	55624914	17.0	31.0
2	576518	11.0	40.0
2	4653267	1.0	29.0
2	5133475	23.0	33.0
2	8703826	15.0	32.0
2	11093680	8.0	39.0
2	13970811	4.0	45.0
2	14302691	8.0	30.0
2	14416267	17.0	29.0
2	16729876	6.0	52.0
2	20583247	20.0	36.0
2	30570338	14.0	10.0
2	40868767	5.0	16.0
2	49635540	4.0	54.0
2	50467219	20.0	24.0
2	53347410	14.0	29.0
2	56941594	9.0	35.0
2	71792076	6.0	47.0
2	72044914	12.0	46.0
2	76401330	11.0	37.0
2	77856413	14.0	40.0
2	77957319	24.0	27.0
2	80832991	17.0	29.0
2	81424191	24.0	24.0
2	81526374	10.0	37.0
2	82714380	16.0	21.0
2	84713398	12.0	41.0
2	90478305	19.0	191.0
2	95724722	11.0	37.0
2	98866509	7.0	52.0
2	102824744	21.0	23.0
2	106307869	17.0	32.0
2	106932634	3.0	29.0
2	114233753	5.0	68.0
2	117043134	8.0	43.0
2	126000339	5.0	42.0
2	136777710	17.0	42.0
2	137158776	17.0	31.0
2	137386530	11.0	37.0
2	143642032	5.0	33.0
2	143711388	9.0	50.0
2	150485715	11.0	44.0
2	150815988	9.0	32.0
2	151447472	12.0	31.0
2	151574845	2.0	31.0
2	154261435	8.0	46.0
2	155196760	27.0	39.0
2	162761757	7.0	35.0
2	165604955	4.0	42.0
2	168130458	4.0	19.0
2	177938754	9.0	57.0
2	180734510	9.0	45.0
2	182874626	9.0	59.0
2	186665453	19.0	36.0
2	191707040	5.0	42.0
2	192213712	32.0	32.0
2	192503503	21.0	27.0
2	198733356	6.0	41.0
2	199553556	7.0	37.0
2	202940467	20.0	38.0
2	207299406	7.0	34.0
2	207665618	10.0	39.0
2	208914537	7.0	46.0
2	209413058	7.0	33.0
2	212115717	4.0	31.0
2	212650952	13.0	38.0
2	212966390	17.0	25.0
2	216644149	9.0	54.0
2	221075029	27.0	30.0
2	235335533	6.0	32.0
2	238919572	6.0	38.0
20	2366356	15.0	25.0
20	6272885	17.0	43.0
20	14380342	19.0	23.0
20	20067587	16.0	17.0
20	25515616	7.0	38.0
20	32710571	11.0	33.0
20	33642143	32.0	27.0
20	37270390	11.0	42.0
20	37826979	7.0	50.0
20	39083205	14.0	41.0
20	41667671	7.0	46.0
20	42079004	22.0	18.0
20	44621205	5.0	51.0
20	45472111	24.0	29.0
20	51571599	8.0	56.0
20	51897884	11.0	43.0
20	53654457	3.0	34.0
20	61326508	17.0	19.0
20	61804716	4.0	37.0
21	9414885	8.0	112.0
21	20137293	5.0	48.0
21	21343118	21.0	42.0
21	22946119	17.0	26.0
21	28012890	11.0	44.0
21	32983346	26.0	36.0
21	33336796	8.0	40.0
21	33349322	14.0	21.0
21	41971310	17.0	22.0
21	43047143	9.0	35.0
21	45758972	5.0	24.0
21	46088037	6.0	48.0
21	47476616	21.0	26.0
22	32781171	5.0	22.0
22	43470953	7.0	35.0
22	47707293	15.0	32.0
3	1639721	10.0	38.0
3	2614320	11.0	46.0
3	3135911	4.0	50.0
3	3713565	5.0	19.0
3	13212804	9.0	41.0
3	13452145	19.0	23.0
3	14140624	11.0	44.0
3	14873588	15.0	29.0
3	16824234	5.0	37.0
3	26225088	23.0	23.0
3	26391410	7.0	46.0
3	28994791	9.0	43.0
3	29259208	6.0	39.0
3	34675212	5.0	42.0
3	44654842	5.0	34.0
3	49233438	4.0	29.0
3	51314401	19.0	21.0
3	55046045	16.0	42.0
3	59563754	4.0	29.0
3	68952145	8.0	49.0
3	71528255	9.0	44.0
3	77323694	12.0	40.0
3	80349960	7.0	51.0
3	83274386	27.0	27.0
3	98620877	5.0	26.0
3	98775062	9.0	32.0
3	99138982	10.0	31.0
3	102990374	7.0	35.0
3	116138415	7.0	39.0
3	117365692	5.0	52.0
3	117821802	10.0	46.0
3	118231131	6.0	39.0
3	118319252	4.0	33.0
3	122908613	5.0	38.0
3	131286156	11.0	46.0
3	131300234	8.0	39.0
3	149103273	22.0	34.0
3	155787792	10.0	31.0
3	163975881	23.0	34.0
3	168274855	6.0	48.0
3	173353771	20.0	25.0
3	178281917	7.0	30.0
3	189077832	13.0	51.0
3	189677431	4.0	35.0
3	192415328	15.0	40.0
3	196439417	6.0	32.0
3	197830036	9.0	52.0
4	1180053	4.0	29.0
4	5596055	17.0	28.0
4	7843553	6.0	40.0
4	9044140	10.0	45.0
4	17673115	20.0	29.0
4	18882590	3.0	38.0
4	21340656	31.0	25.0
4	28283931	9.0	42.0
4	28374519	8.0	53.0
4	29174352	18.0	35.0
4	29707794	4.0	47.0
4	30348389	6.0	46.0
4	31304889	3.0	41.0
4	32514908	4.0	51.0
4	32665089	24.0	27.0
4	34635057	14.0	28.0
4	44071826	20.0	34.0
4	44558372	27.0	56.0
4	53329339	16.0	38.0
4	56419520	18.0	23.0
4	56479909	9.0	24.0
4	58637062	4.0	40.0
4	59077356	11.0	44.0
4	59217125	13.0	50.0
4	59572488	5.0	43.0
4	59712797	17.0	14.0
4	64175735	26.0	19.0
4	66809691	10.0	35.0
4	67498968	18.0	35.0
4	70724129	9.0	57.0
4	71279364	4.0	8.0
4	73449695	11.0	37.0
4	73594130	20.0	43.0
4	75009684	9.0	43.0
4	81914343	13.0	44.0
4	85293267	13.0	44.0
4	90668797	5.0	53.0
4	101447743	8.0	37.0
4	104784997	13.0	43.0
4	105116240	5.0	31.0
4	106753910	6.0	35.0
4	109816006	17.0	39.0
4	117568068	12.0	46.0
4	119144407	12.0	55.0
4	120029797	9.0	52.0
4	122511552	23.0	24.0
4	133182448	4.0	45.0
4	138310061	6.0	59.0
4	139590939	7.0	39.0
4	140182507	11.0	34.0
4	142644824	7.0	40.0
4	148964802	4.0	18.0
4	161599363	3.0	38.0
4	161683397	24.0	29.0
4	162051543	9.0	45.0
4	164312897	7.0	37.0
4	167196922	4.0	53.0
4	169152023	25.0	30.0
4	171380592	9.0	36.0
4	174621371	4.0	41.0
4	175126603	5.0	44.0
4	175674476	19.0	27.0
4	178606055	18.0	42.0
4	181982390	18.0	32.0
4	182293462	20.0	29.0
4	187427995	14.0	44.0
4	188948185	9.0	39.0
5	1288542	5.0	47.0
5	3274028	17.0	43.0
5	6356079	17.0	25.0
5	6673257	8.0	44.0
5	7171356	19.0	30.0
5	7275265	12.0	36.0
5	11452312	7.0	46.0
5	16597766	17.0	20.0
5	18446630	7.0	35.0
5	19142470	12.0	29.0
5	23951472	8.0	34.0
5	26380374	15.0	48.0
5	28862952	26.0	27.0
5	41032103	13.0	48.0
5	42406221	9.0	39.0
5	50541987	23.0	31.0
5	51185339	4.0	46.0
5	54122626	23.0	29.0
5	63766567	7.0	21.0
5	72513769	8.0	58.0
5	72921864	5.0	27.0
5	76105894	18.0	31.0
5	79485081	12.0	45.0
5	87717699	14.0	23.0
5	96376096	22.0	37.0
5	96654575	27.0	29.0
5	96734949	12.0	54.0
5	102710892	18.0	46.0
5	106910105	22.0	31.0
5	107505257	7.0	44.0
5	111282681	9.0	48.0
5	113110996	9.0	40.0
5	118025251	4.0	39.0
5	120476789	22.0	42.0
5	125570848	4.0	37.0
5	128622196	12.0	40.0
5	129417030	12.0	36.0
5	131540262	13.0	31.0
5	132472417	8.0	38.0
5	135576648	5.0	51.0
5	136277483	22.0	22.0
5	136576428	17.0	37.0
5	143488653	16.0	24.0
5	144315504	10.0	42.0
5	144797986	13.0	32.0
5	152050493	8.0	31.0
5	152050494	7.0	32.0
5	165187426	15.0	28.0
5	165711585	8.0	38.0
5	171666581	7.0	37.0
5	173790999	7.0	49.0
6	6031631	19.0	26.0
6	8313120	10.0	31.0
6	10970432	21.0	31.0
6	11790087	9.0	38.0
6	18370062	8.0	41.0
6	21967882	12.0	43.0
6	25082700	23.0	28.0
6	31905955	8.0	41.0
6	32861359	3.0	31.0
6	36949051	21.0	27.0
6	46864016	24.0	30.0
6	51863882	35.0	29.0
6	52989537	8.0	39.0
6	53300474	4.0	46.0
6	57347867	4.0	36.0
6	62243304	11.0	51.0
6	63310636	7.0	40.0
6	66947892	13.0	43.0
6	68365305	11.0	49.0
6	70008406	8.0	46.0
6	71330125	11.0	43.0
6	71712855	9.0	36.0
6	73112093	17.0	28.0
6	76316230	24.0	38.0
6	81019461	7.0	47.0
6	81393140	17.0	42.0
6	83110153	8.0	41.0
6	86775804	17.0	21.0
6	87732582	2.0	10.0
6	93513857	22.0	26.0
6	95339381	34.0	28.0
6	96102965	6.0	55.0
6	96318071	8.0	36.0
6	97074307	23.0	29.0
6	98339230	8.0	45.0
6	102357221	3.0	33.0
6	103369386	15.0	31.0
6	103703960	29.0	25.0
6	103711032	13.0	47.0
6	106455588	11.0	34.0
6	112877067	4.0	67.0
6	118913418	11.0	38.0
6	122613066	21.0	35.0
6	125731803	8.0	43.0
6	134799992	10.0	32.0
6	137960289	9.0	27.0
6	138069178	7.0	48.0
6	148137595	3.0	18.0
6	149437937	10.0	41.0
6	153195846	21.0	47.0
6	155470784	8.0	39.0
6	156632636	6.0	44.0
6	159174942	3.0	41.0
6	159771294	5.0	49.0
7	1812862	4.0	36.0
7	2952259	6.0	23.0
7	4195039	18.0	31.0
7	6894423	4.0	13.0
7	14467853	11.0	43.0
7	19096404	24.0	28.0
7	21263594	9.0	42.0
7	30560452	7.0	18.0
7	31161745	12.0	26.0
7	42428022	10.0	36.0
7	42817368	5.0	41.0
7	49281044	4.0	46.0
7	53628655	5.0	56.0
7	54983347	21.0	21.0
7	55220980	17.0	33.0
7	57520805	6.0	38.0
7	57729413	3.0	33.0
7	62676693	7.0	36.0
7	63225846	3.0	33.0
7	67267456	7.0	42.0
7	68223203	10.0	44.0
7	75145995	4.0	40.0
7	76183827	16.0	23.0
7	80808767	9.0	43.0
7	82001594	8.0	49.0
7	86592783	13.0	43.0
7	89702513	8.0	39.0
7	96140767	16.0	16.0
7	97383871	19.0	24.0
7	101527811	5.0	47.0
7	110173234	9.0	30.0
7	111276688	9.0	45.0
7	112816673	26.0	15.0
7	117692233	6.0	49.0
7	123477731	4.0	28.0
7	124626317	12.0	42.0
7	130371859	7.0	43.0
7	134271345	4.0	46.0
7	139927108	4.0	58.0
7	140336209	10.0	27.0
7	141032198	6.0	35.0
7	142013952	10.0	49.0
7	145245481	11.0	43.0
7	147833147	4.0	9.0
7	152977991	9.0	38.0
7	159086914	2.0	42.0
8	1151357	4.0	54.0
8	4411579	13.0	35.0
8	5792359	22.0	29.0
8	13938602	19.0	37.0
8	15554281	27.0	27.0
8	24086060	4.0	49.0
8	26838127	25.0	25.0
8	27870732	8.0	23.0
8	33759869	6.0	33.0
8	34036901	9.0	38.0
8	35130012	12.0	25.0
8	50347411	8.0	52.0
8	53480287	5.0	46.0
8	56697331	4.0	40.0
8	57026556	7.0	30.0
8	61571825	6.0	35.0
8	64419846	10.0	47.0
8	64654800	4.0	49.0
8	67872677	8.0	49.0
8	68522397	13.0	41.0
8	71919078	13.0	25.0
8	72812870	3.0	16.0
8	72956746	18.0	34.0
8	76829572	11.0	38.0
8	77822085	14.0	40.0
8	87803028	11.0	36.0
8	93251778	6.0	43.0
8	93498797	7.0	43.0
8	94341154	12.0	59.0
8	98985515	15.0	34.0
8	100722513	5.0	49.0
8	103018222	9.0	37.0
8	103408438	13.0	24.0
8	103420550	7.0	33.0
8	109340755	9.0	56.0
8	112488644	7.0	46.0
8	113927319	7.0	39.0
8	114651562	10.0	41.0
8	120352467	20.0	30.0
8	122960288	11.0	33.0
8	124458682	5.0	45.0
8	129486848	24.0	25.0
8	132605812	16.0	39.0
8	137648814	8.0	34.0
8	138375721	10.0	39.0
8	138448097	4.0	30.0
8	139294056	16.0	50.0
8	140819899	11.0	27.0
9	11034139	23.0	17.0
9	14280199	34.0	26.0
9	21598191	13.0	41.0
9	24297845	4.0	40.0
9	24732701	26.0	31.0
9	26032081	9.0	36.0
9	26425176	17.0	28.0
9	36922669	6.0	38.0
9	74725690	9.0	38.0
9	77875314	7.0	39.0
9	81034238	4.0	41.0
9	83808158	12.0	36.0
9	84160093	9.0	51.0
9	85094760	9.0	40.0
9	87216929	17.0	25.0
9	90065632	7.0	38.0
9	96600249	12.0	28.0
9	99319188	8.0	56.0
9	102397685	13.0	43.0
9	105767103	4.0	35.0
9	113389926	28.0	26.0
9	115484452	18.0	35.0
9	120086682	15.0	33.0
9	120562910	28.0	24.0
9	121212787	7.0	25.0
9	121683614	21.0	28.0
9	126980308	7.0	38.0
9	129032407	8.0	34.0
9	132372635	7.0	7.0
9	134265835	7.0	25.0
9	136850426	4.0	25.0
9	139018401	13.0	44.0
X	5779401	19.0	4.0
X	6738359	7.0	16.0
X	14283386	15.0	19.0
X	21678090	6.0	17.0
X	26791936	14.0	18.0
X	26967204	6.0	15.0
X	28519644	23.0	14.0
X	36860974	22.0	10.0
X	40303109	19.0	6.0
X	41429569	16.0	5.0
X	41592360	5.0	8.0
X	51089173	17.0	6.0
X	53251512	3.0	17.0
X	62306661	17.0	4.0
X	63809698	9.0	23.0
X	66036058	4.0	24.0
X	89242323	5.0	14.0
X	91200357	4.0	25.0
X	92617313	3.0	22.0
X	94156844	23.0	5.0
X	97011653	12.0	17.0
X	97699408	16.0	9.0
X	97782763	7.0	14.0
X	106493193	15.0	5.0
X	115515016	10.0	21.0
X	115760050	8.0	18.0
X	116058572	19.0	10.0
X	118708776	3.0	12.0
X	125773440	19.0	3.0
X	154458982	6.0	11.0
Y	3877785	22.0	10.0
Y	4260394	9.0	23.0
Y	5420923	6.0	11.0
Y	5936001	4.0	14.0
Y	5936023	4.0	16.0
Y	8192084	3.0	28.0
Y	17862014	9.0	13.0
Y	18204505	6.0	27.0
Y	22460331	4.0	23.0
