chromosome_index position alt_count ref_count
1 6314150 28 59
1 6646822 4 16
1 12062113 40 78
1 16355704 7 77
1 19447699 34 96
1 20971032 8 132
1 39920720 25 39
1 40944997 26 67
1 44595384 5 50
1 46651243 13 115
1 61920976 4 84
1 75072531 7 142
1 156670775 30 43
1 160312934 13 270
1 171621793 10 14
1 173961928 29 33
1 180010837 8 20
1 201022675 4 78
2 26700047 3 20
2 29092443 101 209
2 37586939 40 107
2 60688292 12 32
2 74441326 38 69
2 90229437 38 52
2 90229438 37 53
2 175779816 3 17
2 182403829 30 47
2 189434779 15 26
2 200173524 21 80
2 216284069 15 35
2 219540848 7 138
2 234621836 24 51
2 238303780 15 24
3 13377046 9 39
3 50326350 7 4
3 58104676 6 46
3 58111419 36 34
3 135870380 38 99
3 146251283 48 79
3 148458873 29 34
3 151166715 26 53
3 173998698 51 73
4 3101073 4 62
4 38830188 10 11
4 55594178 38 52
4 66467472 23 32
4 72425949 16 25
4 96141148 35 86
4 120221571 47 72
4 120981206 9 22
5 1219624 14 20
5 44815396 4 8
5 65458371 8 71
5 106723440 10 160
5 146778660 9 92
5 179751886 36 72
5 179751887 37 67
6 18130879 12 27
6 27833150 10 134
6 33400552 20 33
6 36930912 8 92
6 43406408 34 48
6 73904678 8 39
6 76602328 23 19
6 152639352 27 19
7 8125840 13 230
7 18669037 8 12
7 21627788 5 38
7 43918683 41 73
7 44187278 39 40
7 57522865 7 120
7 72856543 8 203
7 99264261 11 208
7 115892374 8 60
7 121616905 8 62
7 151874275 9 68
8 22460089 13 29
8 27401308 6 59
8 27964292 26 52
8 110476920 123 142
8 118552171 5 48
8 133150233 56 114
8 139601575 9 43
9 21350758 67 32
9 21968243 24 19
9 37486777 6 49
9 100899882 54 129
9 125315629 12 172
9 128723127 3 20
10 11994186 38 56
10 12238301 26 53
10 22699991 25 34
10 28872436 50 90
10 60027245 13 17
10 82269158 6 51
10 86237392 8 22
10 92508650 7 148
10 99123620 5 132
10 100503694 19 46
10 127677183 9 196
11 1261590 22 41
11 7081273 65 126
11 10825924 38 76
11 40137567 18 52
12 336790 6 49
12 6666180 19 32
12 7086775 49 68
12 51773260 5 120
12 57113764 30 64
12 57919712 16 27
12 81732956 68 155
12 111948230 12 219
12 113354483 42 51
12 129360459 59 104
12 132446187 8 13
13 49762701 8 178
13 52536026 13 47
13 88329424 25 144
13 101287320 26 42
14 24896977 79 50
14 36103939 7 50
14 53177865 56 34
14 92471192 24 34
15 49083442 17 45
15 53889439 11 160
15 86201776 7 141
16 2030459 13 26
16 3100445 8 42
16 20781491 32 52
16 20927015 28 46
16 27476145 9 17
16 75564112 9 17
17 3627636 3 5
17 7577572 33 58
17 7578394 18 41
17 8170154 16 27
17 11648369 41 80
17 28808253 30 54
17 33445520 14 100
17 33521249 33 46
17 35656257 6 27
17 36047267 4 9
17 37008939 40 51
17 43227082 32 68
17 61950041 17 47
17 61950043 17 47
18 33706965 22 46
19 10127887 7 14
19 11942884 22 62
19 30496290 5 17
19 37643886 99 153
19 37903627 7 121
19 40698536 16 16
19 41198104 5 8
19 41198105 5 7
19 42720875 9 13
19 47996260 6 92
19 51628589 24 64
19 58117075 38 60
20 2795826 35 69
20 57428562 3 23
21 41385184 12 24
21 47532166 18 28
22 23523321 3 8
22 46748195 92 142
