chromosome_index position alt_count ref_count
1 39919424 17 84
1 39919425 17 86
1 45191175 6 8
1 62740313 3 13
1 67340463 111 397
1 78425928 39 113
1 82372717 17 91
1 92184975 13 63
1 113633959 86 348
1 152005123 6 28
1 157014204 41 199
1 237947442 9 42
2 43805654 42 125
2 69702945 6 35
2 74746760 47 239
2 90139123 20 119
2 198260796 62 169
2 233322764 17 77
3 32859529 4 10
3 52637689 89 270
4 13610222 111 409
4 25819801 44 160
4 26432360 44 131
4 39436298 18 51
4 87643378 67 208
5 35759818 19 121
5 57913493 15 66
5 74069762 33 132
5 127700355 61 224
5 131894990 41 133
5 150948482 12 79
6 32097100 8 48
6 51777241 19 148
6 74192199 97 420
6 108204350 125 466
7 27140542 16 104
7 74991239 9 31
7 127950874 108 319
8 21951995 6 8
9 32571008 36 146
9 97062172 32 74
9 108363427 44 161
10 7621991 6 21
10 27324608 81 306
10 91344174 73 320
10 93784687 32 138
10 102738875 8 29
10 103339406 4 29
11 6592961 7 21
11 62569079 103 380
12 7527159 6 24
12 130926698 16 66
14 102906859 15 88
15 64448267 27 120
15 64448268 26 119
15 81624861 6 17
15 86311460 3 34
17 3945845 86 311
17 53798317 23 68
17 62080196 5 30
19 2917940 31 114
19 37382715 51 132
19 41105107 14 66
19 42830379 3 19
22 29696195 10 29
