chromosome_index position alt_count ref_count
1 3427453 10 110
1 6038471 6 7
1 8419828 10 27
1 16258484 48 84
1 16535360 14 33
1 19166647 21 208
1 19610562 34 75
1 22205597 31 47
1 23848404 37 83
1 24201914 35 73
1 24384096 8 80
1 24995716 12 141
1 26104805 19 34
1 27175134 45 118
1 27689225 18 13
1 29533366 12 121
1 34046362 19 17
1 34554768 22 23
1 41304170 67 114
1 42693567 6 125
1 43395422 97 170
1 44057051 4 8
1 45115362 70 102
1 45292325 14 31
1 46725681 61 119
1 71512570 71 145
1 86591111 51 104
1 89480300 52 99
1 89885754 8 88
1 91404393 57 84
1 115130045 73 140
1 116940613 35 87
1 117142789 10 35
1 144994901 5 57
1 149879665 92 126
1 150532263 8 174
1 156704189 8 15
1 158645986 89 145
1 159021628 46 94
1 167095754 7 11
1 171560758 28 57
1 172628494 4 9
1 176564298 5 96
1 178482209 8 21
1 186140479 63 87
1 186281430 23 140
1 190067323 13 153
1 203740033 10 114
1 220978599 47 115
1 223568626 4 56
1 226550845 45 81
1 228466649 25 34
1 228481883 15 218
1 232579350 31 26
2 11333954 25 29
2 17697946 12 13
2 18113470 6 96
2 24531613 28 55
2 26534793 26 43
2 31596756 14 27
2 38302293 7 13
2 48023200 12 33
2 67631720 36 51
2 72360258 24 36
2 74657761 27 35
2 74690030 113 212
2 85596933 53 89
2 85769710 7 73
2 87214113 65 240
2 96781576 13 24
2 96789932 6 49
2 97784180 12 70
2 98201529 16 27
2 99013037 19 26
2 105885962 8 17
2 111907683 4 42
2 113343853 10 91
2 119727750 49 80
2 125660527 11 23
2 152320365 24 39
2 160028702 34 67
2 162865098 41 70
2 163139061 13 13
2 165796039 11 32
2 166171996 11 88
2 169985569 60 89
2 171702021 57 68
2 179436773 4 56
2 179452805 36 51
2 179979922 15 24
2 186673491 30 63
2 197189764 131 221
2 198511264 27 174
2 198950849 6 68
2 204291932 21 49
2 219269024 46 85
2 220103243 12 125
2 223066132 27 56
2 225652060 86 125
2 234113281 6 11
2 234431912 90 147
2 237028859 17 56
2 237074631 14 158
2 241621663 28 90
3 9979763 4 50
3 12940859 10 19
3 16242256 36 46
3 20113931 65 122
3 39159581 56 119
3 43756457 44 74
3 46014676 48 69
3 46727815 5 63
3 47361229 36 176
3 48667314 4 62
3 49049292 82 103
3 50385824 11 89
3 52939018 4 28
3 53260880 9 79
3 64132544 44 81
3 101062705 3 40
3 112357999 65 127
3 113513742 81 136
3 113652451 46 86
3 114057978 47 75
3 122247146 22 44
3 123427572 45 84
3 124165114 12 26
3 134267987 25 28
3 136152489 13 32
3 136699396 99 157
3 155838572 41 67
3 155860813 6 9
3 158376742 12 140
3 172165882 6 59
3 196746598 56 69
3 197562679 50 94
4 437359 18 74
4 3254964 38 100
4 5578073 7 59
4 6331000 18 24
4 17517125 17 13
4 40122168 24 34
4 41035284 14 17
4 41984874 28 60
4 47628494 34 133
4 57335841 35 65
4 113502849 14 46
4 114278502 76 190
4 119952958 19 46
4 140468117 31 73
4 153247366 34 44
4 166261645 4 7
5 1494868 40 49
5 3599723 28 31
5 3600260 5 59
5 16666848 7 8
5 32712257 10 96
5 33937648 3 8
5 75427933 29 54
5 79368170 16 600
5 94876500 19 145
5 135207325 45 80
5 140166175 40 113
5 140256412 72 109
5 140516979 43 56
5 140573934 19 81
5 140594520 79 136
5 140769366 22 29
5 140769558 19 200
5 140788504 20 25
5 149584169 29 61
5 150110210 29 301
5 153789139 55 121
5 156479557 250 316
5 158250204 7 58
5 174919229 19 37
5 176942007 32 48
5 180040052 10 95
5 180335641 22 35
6 10709717 6 13
6 24437397 48 104
6 26235110 61 95
6 27219725 15 13
6 30709606 15 37
6 32797242 4 24
6 33246261 21 198
6 34498308 8 31
6 42613326 36 53
6 43410744 13 96
6 47763179 13 131
6 56368827 9 20
6 87966747 17 52
6 97561954 65 69
6 108985059 20 46
6 131190961 25 239
6 132271281 7 100
6 159642680 28 41
7 810140 10 71
7 2303974 19 56
7 4056840 18 65
7 5427882 4 16
7 20198414 46 272
7 30491372 20 242
7 44798930 77 302
7 45717508 49 243
7 56007338 15 210
7 72848451 3 19
7 73245625 14 144
7 73246133 41 207
7 73646444 17 296
7 75048154 8 53
7 82583308 99 327
7 88962840 33 105
7 98507714 11 359
7 102815785 8 19
7 107399075 64 164
7 111368388 24 49
7 127224494 8 177
7 129668810 10 60
7 129986370 15 264
7 135287666 7 141
7 140374474 6 44
7 142836242 38 144
7 150764025 52 78
7 151097268 11 31
7 156979677 9 31
7 158534576 15 239
8 623485 13 153
8 6735473 7 10
8 11414330 18 21
8 22548304 11 71
8 28420428 34 50
8 28573652 31 58
8 37756672 5 7
8 38835506 7 120
8 48701499 33 66
8 48887492 53 92
8 87679237 31 60
8 95392576 23 52
8 102701530 4 14
8 133153430 63 95
8 134274313 6 100
9 4561495 22 306
9 34610734 11 153
9 37745633 10 138
9 72046199 60 160
9 72047547 36 44
9 119413854 36 53
9 126132440 8 113
9 139840571 22 26
9 139912778 45 67
9 140201554 4 21
10 15647722 27 16
10 64572929 49 30
10 75394300 49 19
10 89692911 33 22
10 95276698 33 13
10 98064396 18 19
10 101731746 91 34
10 115349287 13 5
10 116045892 49 34
10 127462429 40 19
10 127730647 9 4
10 134910594 10 74
11 379657 7 16
11 552227 8 72
11 608060 20 119
11 6661711 39 39
11 7335029 12 305
11 7674354 15 131
11 8732753 34 92
11 17409305 8 32
11 18194938 35 85
11 19955641 10 90
11 26725395 68 158
11 47311781 7 108
11 61495744 29 39
11 62342900 47 72
11 62437616 5 19
11 66108269 16 27
11 67191965 9 12
11 67262398 54 101
11 68700805 17 22
11 70031726 35 71
11 86055878 11 13
11 88911861 10 102
11 93778986 17 37
11 94192626 35 69
11 118007674 8 15
11 128840352 40 55
11 129993548 12 93
11 133800914 27 44
11 134226201 90 159
12 247457 7 64
12 662824 23 38
12 3131079 91 101
12 12618588 29 71
12 13761695 13 75
12 21377737 14 59
12 32136260 37 57
12 43777680 46 75
12 45796989 10 113
12 48104614 39 59
12 49953240 34 62
12 53676084 12 182
12 53876872 9 76
12 57910481 4 50
12 66765580 20 217
12 69264029 5 89
12 93793212 8 44
12 96059655 30 48
12 99080554 28 57
12 102008305 5 29
12 104341610 3 10
12 108589918 11 113
12 109972271 8 17
12 110426861 60 139
12 110782701 6 92
12 111072571 3 23
12 113830771 33 274
12 117962776 3 36
12 122107310 69 90
12 123097775 10 76
12 132490787 31 66
12 133502193 18 119
13 76374870 26 34
13 103515410 21 39
13 108518243 7 171
13 111134960 65 94
14 20824510 14 239
14 23862237 8 82
14 23883019 13 76
14 38293034 28 71
14 57271049 31 40
14 62550996 38 94
14 69925240 16 61
14 75139548 57 139
14 75140794 11 24
14 75375610 24 33
14 76948978 31 67
14 88945793 3 32
14 94139700 35 80
14 94718121 15 38
14 96730216 46 70
14 100995529 6 63
14 105927197 20 19
14 105995475 6 21
14 106173865 4 35
15 27160003 4 80
15 28459388 12 32
15 28501354 21 23
15 33149264 48 65
15 35086902 4 54
15 58938351 5 36
15 64025297 58 77
15 64966530 63 68
15 65256015 54 107
15 66607521 37 51
15 68937660 38 65
15 69696250 14 26
15 82575337 34 38
15 86123370 63 87
15 92706023 19 38
16 112562 17 208
16 333338 23 41
16 2143020 24 142
16 2236819 23 46
16 2436204 14 88
16 2817797 49 50
16 2834834 5 21
16 3306393 12 109
16 4242010 12 13
16 5046881 23 36
16 30777535 33 150
16 31049910 7 64
16 55363084 8 101
16 57238803 14 108
16 57785568 6 106
16 58078990 12 20
16 58620613 26 340
16 66437045 7 17
16 67183249 9 15
16 67765469 6 40
16 67876927 111 181
16 84067037 40 64
16 85667700 10 13
16 89256813 12 17
16 89259999 5 8
17 1562767 21 209
17 1841006 10 20
17 3664448 22 212
17 7577022 96 28
17 7690256 6 60
17 7984138 59 92
17 8379051 5 74
17 8731911 8 23
17 10348150 61 103
17 11738108 4 33
17 17394888 7 13
17 19685379 5 66
17 20914479 7 38
17 27014467 22 47
17 34923534 32 58
17 39680731 17 189
17 42397991 7 91
17 42477313 46 345
17 44068898 9 178
17 46002386 7 75
17 56270754 60 119
17 56332231 54 122
17 59485744 6 13
17 62026852 4 31
17 62781412 19 31
17 72537545 9 15
17 72768379 21 44
17 73888504 5 52
17 73949571 30 63
17 74005378 94 158
17 74467882 11 12
17 76498827 5 36
17 76993580 14 14
17 79168726 110 298
17 79845989 8 77
17 79990839 7 176
18 580690 8 70
18 11884615 27 48
18 34320643 27 29
18 43205738 16 26
18 77170977 33 57
19 436179 4 25
19 828365 14 127
19 1056925 14 214
19 1089891 4 43
19 1391040 17 37
19 2129425 7 98
19 2351557 59 141
19 4164534 56 177
19 5918585 9 131
19 6534840 5 23
19 6733178 8 130
19 7527216 26 52
19 7747477 22 37
19 8491528 40 110
19 10244971 25 63
19 10823812 35 108
19 12691924 34 87
19 12786341 35 64
19 15651366 59 114
19 15904882 38 151
19 17397261 4 48
19 18468313 9 43
19 18507684 16 38
19 19790270 52 157
19 36216460 76 213
19 36435667 5 42
19 38189897 10 184
19 38632047 9 144
19 40357664 19 85
19 40711831 6 6
19 41510225 10 88
19 43414891 32 416
19 44244357 42 116
19 46393933 19 44
19 49651416 37 85
19 49878085 7 75
19 50156248 3 52
19 50720970 35 141
19 55175721 35 109
19 55447728 19 43
19 55605784 12 93
19 55994065 18 71
19 56104635 7 18
19 58152510 16 107
19 58549387 6 18
19 58928424 4 61
20 330326 45 50
20 4168028 7 111
20 9520209 107 174
20 31294522 26 57
20 37638953 42 78
20 48098878 13 9
20 61875401 4 20
20 61919141 5 17
20 62493318 18 26
20 62521331 4 7
20 62550836 7 27
21 32638884 39 66
21 37775082 75 218
21 47423805 17 99
21 47692683 50 89
21 47931508 4 10
22 18022148 30 30
22 23223445 24 43
22 24379438 30 54
22 25019109 14 23
22 25251579 13 34
22 32021781 5 14
22 38823525 8 68
22 42043069 81 90
22 42269910 5 62
22 43089630 73 168
22 51018667 8 230
