chromosome_index position alt_count ref_count
1 1372758 21 13
1 7844950 8 3
1 7844970 9 3
1 8390873 24 23
1 12034773 3 31
1 12157167 22 17
1 12339685 28 13
1 16378204 44 33
1 16891330 13 386
1 16907419 76 537
1 17698840 45 56
1 20964371 19 25
1 24840953 34 60
1 24981485 45 67
1 25124273 30 59
1 27106648 38 54
1 27106649 39 54
1 27158942 85 165
1 27158943 87 165
1 27662021 8 14
1 27736314 21 24
1 28241086 11 10
1 29438901 47 72
1 29611349 25 31
1 33060667 18 29
1 33060668 18 28
1 36068817 5 22
1 36820960 88 200
1 36821031 47 92
1 36821032 47 92
1 38330081 6 16
1 44149373 38 54
1 44450559 21 44
1 46976783 42 65
1 47746767 58 149
1 51425473 16 30
1 53925647 7 9
1 54512978 29 37
1 57481073 18 48
1 59147533 29 40
1 60324130 25 55
1 61554268 47 93
1 62740442 22 53
1 67091554 32 60
1 67147864 76 120
1 67896100 6 8
1 70687257 44 73
1 82450271 44 92
1 89732744 50 104
1 89732745 49 105
1 90050181 49 126
1 94473190 28 71
1 99771591 37 54
1 100614519 7 17
1 108690945 46 103
1 110085755 27 56
1 110145911 3 9
1 112281903 3 24
1 112524979 27 48
1 113253642 169 379
1 114193690 37 54
1 114372627 25 29
1 114423762 20 59
1 114437756 16 43
1 115218214 57 95
1 115276669 23 48
1 115276670 23 48
1 116666729 50 72
1 116676002 24 30
1 119936554 11 14
1 144813797 36 79
1 144946721 18 146
1 150234998 39 46
1 151491260 11 28
1 151773494 42 106
1 152127305 180 327
1 152770517 21 15
1 153309716 29 35
1 155931579 20 48
1 156626126 42 106
1 156849841 23 53
1 157669493 7 17
1 158224439 36 64
1 158324289 35 54
1 158368890 41 103
1 158653284 32 52
1 160011221 10 29
1 160106050 27 69
1 160124954 26 30
1 160465994 51 66
1 161017387 3 5
1 161145604 91 151
1 162567609 41 104
1 162567610 42 105
1 167097200 15 29
1 167097201 15 27
1 167849779 29 54
1 168274388 47 100
1 168274397 43 103
1 169293677 15 42
1 169572414 45 98
1 169677600 43 56
1 172501872 15 30
1 172544683 20 28
1 175086135 47 104
1 175335019 36 62
1 176738853 63 99
1 179052082 5 10
1 179339203 16 20
1 183253165 32 47
1 183536087 34 32
1 186919842 18 30
1 198492547 4 19
1 198668772 53 113
1 200613540 54 113
1 200867496 48 75
1 200945923 3 24
1 200974769 41 78
1 201035038 6 20
1 201035039 6 20
1 201081522 19 39
1 202411586 35 53
1 203453084 54 87
1 203453085 53 86
1 203667458 42 84
1 204438557 18 24
1 206811089 44 71
1 207110999 10 19
1 216371810 46 82
1 220219733 10 25
1 220826538 31 58
1 223116562 111 185
1 224002017 51 94
1 224553590 62 108
1 224553591 63 109
1 228596894 65 100
1 230928633 68 142
1 231056273 29 68
1 231056274 29 68
1 234563101 18 24
1 240071997 11 13
1 240374485 33 92
1 240555833 30 58
1 240977012 24 32
1 247769793 45 68
1 247836067 15 20
1 247921544 15 20
1 248308615 131 288
1 248458252 38 82
1 248616309 34 205
2 9541480 25 40
2 9541481 24 39
2 11733049 5 8
2 11773139 30 69
2 15470890 17 28
2 21250765 62 109
2 27001403 8 16
2 27447254 36 69
2 27726415 18 25
2 29294885 26 46
2 33540274 31 54
2 37395083 46 94
2 45829063 92 138
2 46607833 34 135
2 46607834 35 133
2 46739710 73 126
2 48915500 34 42
2 50780024 34 90
2 54153116 23 45
2 56420542 6 9
2 60773247 81 128
2 61149089 29 51
2 69207869 26 35
2 71044000 30 56
2 71337017 6 11
2 71709086 13 32
2 73675962 72 181
2 74883773 31 63
2 75116533 18 17
2 79878678 29 57
2 88885506 108 191
2 89416905 32 103
2 89475818 52 44
2 90122061 34 231
2 90122116 52 101
2 96689735 6 3
2 98851177 19 12
2 102625004 26 32
2 109513555 21 8
2 120834608 57 54
2 130877694 34 29
2 133540580 50 42
2 135744915 31 22
2 149528724 17 18
2 152507370 75 55
2 152520169 24 11
2 159523019 42 40
2 160245888 48 32
2 163029330 16 17
2 166611212 18 7
2 167134768 23 10
2 167327137 6 4
2 167334152 4 9
2 168101889 40 14
2 169826677 19 10
2 171371479 15 15
2 172582157 12 7
2 177017652 36 36
2 177034231 12 20
2 179475812 35 34
2 179583125 17 25
2 183099206 30 29
2 191302198 70 57
2 196791160 33 9
2 203806695 56 41
2 212587144 16 17
2 212587145 16 18
2 216274369 17 18
2 217124116 34 20
2 219492943 60 36
2 219693282 6 7
2 219693283 6 7
2 228142233 10 7
2 231090546 14 11
2 232326725 48 53
2 234669350 39 32
2 237285763 37 32
2 242004792 20 13
2 242758271 10 7
3 1427326 46 90
3 9027473 26 49
3 12458497 64 102
3 14520675 28 57
3 14725882 27 48
3 16302261 10 25
3 16635245 17 23
3 18419810 83 124
3 19575403 40 68
3 20216331 52 92
3 24270443 34 71
3 30733068 26 56
3 30733069 26 55
3 32207311 19 36
3 37366816 25 41
3 38620983 16 25
3 42906104 45 79
3 42906105 46 81
3 45046817 36 75
3 45077250 22 33
3 46621317 57 96
3 46902187 17 50
3 47777561 28 48
3 48461395 15 20
3 48474207 37 53
3 49049835 28 47
3 49227403 96 162
3 49680262 17 64
3 49680263 19 63
3 49756440 65 89
3 51398000 11 16
3 53699766 42 71
3 53736796 17 30
3 57132039 16 24
3 57894811 39 96
3 62452067 9 22
3 73111720 22 38
3 77638082 30 49
3 99514644 17 33
3 100174838 22 45
3 100964916 37 74
3 101572057 40 88
3 107798844 39 84
3 108135721 42 61
3 108220605 40 55
3 108541715 31 57
3 111766811 27 48
3 113285295 57 93
3 119099820 27 39
3 121100199 71 95
3 121342087 38 68
3 122680022 22 39
3 123512533 16 31
3 124149592 12 32
3 125876337 42 60
3 127703092 33 46
3 127817732 39 62
3 127983479 71 107
3 129134234 11 19
3 130095608 15 30
3 130311923 99 193
3 133114782 26 54
3 133472515 43 78
3 133647198 24 46
3 134086550 16 22
3 135870726 47 72
3 142740370 26 38
3 149192738 12 34
3 151073808 37 57
3 151545890 32 68
3 161214749 29 50
3 161220831 3 5
3 164906736 10 22
3 165547927 28 55
3 167184988 32 49
3 168818731 22 59
3 170198277 26 36
3 170725020 5 34
3 184008046 12 14
3 185190820 76 145
3 185190821 76 142
3 185307940 15 32
3 185307941 15 31
3 186571030 11 10
3 186760986 32 81
3 186760987 32 79
3 189608669 21 33
3 194081252 81 172
4 155870 7 14
4 435898 14 27
4 437664 20 50
4 960963 4 12
4 1018889 6 16
4 6698806 39 72
4 6698807 38 69
4 7666085 4 12
4 8293173 28 38
4 8293174 28 37
4 8394159 82 169
4 9783859 11 27
4 9784432 18 33
4 15850315 9 14
4 20568996 43 109
4 25669591 13 35
4 25669592 13 35
4 25678050 67 122
4 38987956 18 41
4 41683002 43 85
4 54347931 12 23
4 55948709 33 66
4 68406743 5 12
4 68489893 24 44
4 68693003 43 98
4 69332449 137 278
4 73013023 26 50
4 73156631 24 48
4 75314854 5 15
4 85658343 36 64
4 88533473 12 22
4 88533474 13 22
4 88732577 8 23
4 90171259 47 81
4 90857303 18 30
4 100460485 31 79
4 104057328 56 77
4 110662030 29 54
4 119979074 37 51
4 120194808 5 36
4 120194809 7 36
4 121774692 105 187
4 141590809 15 20
4 151753103 36 78
4 153690518 6 4
4 153864378 7 14
4 154517466 40 104
4 155252864 10 16
4 155533572 66 136
4 157771485 31 45
4 162307420 29 48
4 164050071 19 25
4 169812091 46 55
4 170663204 22 61
4 174213410 15 35
4 186066010 50 86
5 163455 57 104
5 5239924 43 86
5 13771003 24 67
5 13839514 36 66
5 13901505 18 24
5 19520879 65 128
5 19838942 25 59
5 22142546 7 10
5 33588887 22 35
5 35779286 22 60
5 38406258 24 37
5 38438452 17 29
5 38438453 16 28
5 38451522 67 93
5 39382768 34 65
5 39382834 45 59
5 40854198 59 106
5 40955635 31 89
5 41149459 73 101
5 41159225 53 105
5 42718182 39 81
5 42801054 41 101
5 43280276 31 61
5 49699070 21 57
5 75886394 13 33
5 75954283 46 71
5 78384391 18 42
5 79028080 18 34
5 80550306 24 47
5 83239200 15 30
5 89953946 50 86
5 89979591 22 23
5 94230396 14 35
5 96073640 47 71
5 115249063 19 53
5 115782538 13 16
5 118970779 12 33
5 126993510 20 26
5 128448568 33 71
5 128990004 21 59
5 129037189 17 45
5 129037190 18 42
5 131543476 57 142
5 137223044 44 50
5 137475806 32 79
5 137475807 32 79
5 137497483 12 26
5 137600188 22 35
5 139061000 72 123
5 139747451 11 19
5 139908476 109 179
5 139946858 30 78
5 140229401 48 88
5 140262387 32 87
5 140389607 39 62
5 140480211 13 48
5 140482693 15 18
5 140530763 31 59
5 140537819 32 61
5 140553530 21 29
5 140558522 60 256
5 140573022 30 58
5 140710787 60 88
5 140711777 76 132
5 140711993 58 90
5 140711994 57 90
5 140718911 46 67
5 140750016 14 37
5 140774692 44 92
5 141023974 8 18
5 141233735 3 18
5 145379676 21 51
5 147928256 13 12
5 148679167 20 45
5 148695858 30 66
5 149212615 22 66
5 149578887 27 55
5 149585174 27 45
5 151043046 20 27
5 151208544 73 135
5 156786096 85 158
5 160025810 143 262
5 170159873 28 70
5 170814859 4 12
5 176011254 17 44
5 179757801 21 41
5 179992836 34 64
6 4087739 18 46
6 7565653 26 69
6 7565654 26 70
6 7569544 75 69
6 7580541 36 95
6 7583978 25 85
6 7584254 48 36
6 13053619 48 58
6 13053620 47 58
6 26247052 35 32
6 29012249 130 92
6 29142225 108 79
6 29574771 33 75
6 30610592 21 22
6 30862330 91 52
6 30862331 92 52
6 30919831 61 59
6 30919832 62 58
6 31599457 11 20
6 31607321 121 88
6 31607322 119 85
6 31660753 35 73
6 32023718 74 85
6 32037435 37 82
6 32062967 14 37
6 32083520 31 171
6 32118537 6 49
6 33052830 82 75
6 33386002 15 15
6 34024435 8 24
6 36929703 37 134
6 36976693 63 50
6 38891859 23 101
6 44217832 63 162
6 44253959 20 60
6 46656539 39 28
6 46991839 39 35
6 46991840 39 35
6 47650308 26 77
6 49668428 64 40
6 49696553 61 51
6 53519241 175 144
6 70071218 35 39
6 70916922 107 74
6 79671440 13 15
6 90660443 31 18
6 90660444 31 18
6 112386017 60 39
6 126210830 4 42
6 136596682 11 84
6 136597029 40 182
6 152529294 23 25
6 152792854 35 31
6 154412374 42 30
6 155451257 30 12
6 155451258 30 12
6 157469767 26 23
6 166883354 19 14
6 167595307 15 14
6 167786754 9 43
7 4185359 23 94
7 4855859 19 50
7 4899683 22 67
7 5521309 45 38
7 6465718 33 87
7 6730593 24 72
7 8258122 34 29
7 8268266 12 36
7 14188781 74 80
7 15427080 46 147
7 17836403 17 12
7 21583153 5 10
7 21598561 3 14
7 21789969 15 13
7 24902874 40 93
7 31013753 22 86
7 36910028 32 88
7 37890311 27 102
7 44572994 12 28
7 50450404 6 18
7 54826944 14 17
7 56140715 19 70
7 65441055 48 50
7 72657239 35 57
7 72718303 12 48
7 73014012 59 63
7 73279510 63 51
7 73474218 93 290
7 73944161 33 33
7 76144563 4 9
7 76891536 25 82
7 82784258 316 280
7 86416311 106 102
7 88965962 51 189
7 88965963 50 189
7 89793801 131 98
7 92761935 102 120
7 92848846 48 30
7 94040251 65 87
7 98507808 66 64
7 99227005 23 51
7 100086303 40 93
7 100091298 17 4
7 100466486 7 44
7 100681427 380 379
7 100687065 57 82
7 102895234 6 55
7 117025764 25 77
7 119915728 46 115
7 120590873 61 38
7 120911433 38 144
7 120911434 40 147
7 123508985 25 82
7 128497214 70 240
7 130135275 114 103
7 132192469 51 32
7 134134532 135 123
7 137798460 37 48
7 138255744 126 122
7 138845804 19 46
7 138845805 19 46
7 140301368 75 227
7 140453136 66 60
7 141408767 108 127
7 141414204 29 52
7 141537845 121 152
7 141731489 45 125
7 141731490 46 123
7 142569731 21 69
7 142636823 17 56
7 142658060 132 126
7 143048851 36 39
7 146997332 74 61
7 148508728 31 46
7 149171825 14 10
7 149479935 23 45
7 150417378 13 71
7 150873316 17 51
7 154684056 43 44
7 156480835 59 59
8 2886915 10 16
8 7340141 24 96
8 8185691 96 259
8 8185692 96 259
8 14095106 223 333
8 23540212 12 13
8 25261071 84 155
8 25323824 29 49
8 25323825 28 49
8 27308398 9 16
8 30703552 67 88
8 36642033 26 39
8 53076592 46 78
8 55541537 48 99
8 69434061 33 44
8 73849566 15 35
8 77617404 46 64
8 77764725 6 5
8 86126921 21 35
8 92982904 22 37
8 101153311 55 67
8 101153313 53 68
8 104388199 9 15
8 104987645 12 29
8 105440329 41 77
8 109488126 19 52
8 110520387 47 90
8 117657180 6 12
8 125463585 40 81
8 125568001 5 12
8 125568002 5 12
8 131848648 18 40
8 139323150 21 48
8 143961147 47 60
8 144942030 24 56
8 144942031 24 54
8 145008899 28 48
9 13125266 25 35
9 13176228 3 5
9 16436277 38 31
9 19550251 38 36
9 35801659 31 27
9 36118901 3 34
9 72064563 57 50
9 104238339 18 10
9 107331456 48 23
9 116999260 3 19
9 119460989 40 19
9 125330182 25 13
9 131742985 34 20
9 131742986 35 20
9 132641904 35 28
9 132641905 36 28
9 137726842 8 3
9 138415115 8 8
9 139878151 47 29
10 15138497 30 41
10 24884069 27 37
10 25886748 34 99
10 26575418 18 35
10 28225752 46 85
10 43617399 47 51
10 45430427 50 42
10 55582773 54 26
10 62637807 25 25
10 70547713 18 11
10 70547714 18 10
10 73439179 6 6
10 75434284 13 10
10 77818529 22 21
10 81928751 5 4
10 89118113 47 119
10 93767976 45 50
10 95791355 30 31
10 96707543 57 39
10 98088481 33 14
10 98803198 30 28
10 106125629 17 13
10 116056671 18 8
10 118969252 40 24
10 124361432 105 85
10 125521430 11 7
11 372901 9 32
11 372902 9 33
11 803340 38 52
11 1017189 47 487
11 1642939 56 116
11 1858497 11 15
11 2186909 8 21
11 2790146 16 46
11 3059395 27 114
11 4791007 23 32
11 4825583 22 35
11 4903118 16 48
11 5009424 36 59
11 5020409 49 91
11 5021142 18 39
11 5080030 37 75
11 5153632 23 42
11 5290845 27 80
11 5776099 33 71
11 6023742 15 37
11 6806718 29 55
11 9879814 65 106
11 13376789 3 31
11 16071294 70 171
11 17498349 4 29
11 26463531 76 109
11 27389878 56 91
11 30902704 16 18
11 30902705 16 18
11 34152954 40 46
11 35313843 85 164
11 36484219 15 38
11 40136781 37 63
11 43380533 3 24
11 44098981 18 29
11 46765543 23 53
11 51515496 70 150
11 55944743 34 79
11 56043654 82 173
11 56143918 87 130
11 56380059 76 113
11 56380901 51 88
11 57003433 26 47
11 57076759 24 52
11 57080210 25 40
11 59245615 68 97
11 59245616 66 100
11 61727006 14 32
11 62159693 31 54
11 62383255 9 23
11 62620423 38 91
11 63176257 41 54
11 63357753 24 41
11 64004989 12 37
11 64535117 26 62
11 64675085 10 5
11 64675086 10 5
11 64889751 5 6
11 65273653 19 42
11 66102365 3 7
11 66457550 62 89
11 67020215 14 25
11 67222865 6 17
11 67433852 4 6
11 73714814 52 117
11 74303707 9 10
11 74547756 27 40
11 78369594 13 22
11 78497944 3 12
11 84027976 45 78
11 86133792 9 18
11 89880513 26 35
11 92088413 49 86
11 100064354 31 52
11 103006633 4 34
11 103052562 5 6
11 105924093 19 40
11 108224518 62 136
11 108225561 61 130
11 111863713 8 10
11 113111537 89 135
11 113661046 20 46
11 114320708 46 69
11 117066765 60 75
11 117209318 32 77
11 117301461 48 84
11 118375417 40 97
11 118769512 19 22
11 118773103 21 25
11 118773750 7 6
11 123676701 21 34
11 123847882 16 56
11 123900949 54 87
11 124006949 32 76
11 124310913 18 55
11 124413276 15 56
11 128848751 30 51
11 129306807 12 21
11 132306634 24 37
11 134240234 67 114
12 352917 21 22
12 968516 38 53
12 2943930 92 168
12 6030214 23 41
12 6080784 31 54
12 6105273 12 31
12 6122779 33 51
12 6909310 18 49
12 6909311 18 49
12 8330138 42 85
12 8687287 34 41
12 10601904 103 179
12 11081834 23 29
12 11421055 64 102
12 14792859 34 66
12 20874906 17 29
12 21918881 38 84
12 25261130 5 8
12 27081199 27 45
12 40692938 50 71
12 41967243 32 68
12 42858895 27 61
12 46285666 57 127
12 47629950 60 90
12 48723227 8 21
12 48723228 8 21
12 48920064 30 68
12 49522429 27 63
12 50035928 24 47
12 50035929 25 46
12 50044968 42 64
12 51590748 4 11
12 52308264 9 23
12 52828043 20 12
12 52828044 20 12
12 53001788 6 8
12 53170631 6 20
12 53589216 25 46
12 53880315 20 35
12 55614872 88 176
12 55688823 18 34
12 55714592 23 42
12 55726022 89 180
12 55759590 25 61
12 55863729 20 47
12 56075782 19 28
12 56726705 37 69
12 57987900 11 29
12 62797974 70 150
12 66638963 50 81
12 70983782 61 122
12 71976280 44 94
12 77220806 42 57
12 79679683 18 44
12 79693249 44 88
12 80707269 18 37
12 81283035 27 39
12 81768449 29 62
12 82871080 30 70
12 86377316 54 109
12 100787155 24 51
12 106895211 23 29
12 108008853 27 37
12 108011078 59 130
12 109201541 18 38
12 109201542 19 38
12 110824147 146 238
12 113334690 5 4
12 117494655 52 51
12 117696847 24 45
12 119631747 10 27
12 121458598 34 78
12 121880092 3 27
12 124285839 83 200
12 124399434 11 14
12 125434747 16 32
12 133209066 37 93
12 133381570 18 34
13 19748259 21 81
13 21746782 18 19
13 24443560 42 37
13 24465305 17 11
13 25283956 42 104
13 28122439 11 51
13 28539058 14 34
13 29600626 10 50
13 35733844 25 18
13 36050131 93 83
13 36220454 17 41
13 38266349 34 35
13 52639552 29 116
13 61986627 127 119
13 78474728 42 51
13 98645174 89 71
13 103527856 84 122
13 110827604 40 94
13 115090911 112 327
14 20249060 76 491
14 20344704 62 393
14 20388955 81 519
14 20388956 92 524
14 21167737 38 70
14 22180841 56 102
14 23315025 36 46
14 25043947 37 66
14 25075950 25 54
14 33292791 27 49
14 39870725 47 69
14 45644608 34 73
14 50458988 40 83
14 56757086 27 78
14 56757087 26 77
14 59112267 22 46
14 61264836 31 58
14 64484368 58 123
14 64727429 21 38
14 65252492 93 173
14 65417575 11 15
14 68274415 63 92
14 70459140 21 26
14 71067380 16 24
14 72196961 38 50
14 73141062 6 16
14 77242550 10 22
14 77732890 27 53
14 81606081 27 55
14 81609961 21 32
14 92126199 22 60
14 92126200 20 61
14 92953117 9 23
14 94912840 49 80
14 94929540 39 89
14 95080882 39 79
14 95081291 29 50
14 99865352 54 88
14 100795883 40 74
14 101506553 11 15
14 101506554 11 15
14 103436544 10 16
14 105173364 7 11
14 106208682 61 118
14 106471665 24 34
14 106725270 88 509
14 106725271 88 507
14 107178915 53 143
15 20666563 12 17
15 23692364 4 13
15 25490655 120 259
15 25959073 25 40
15 28196952 20 27
15 28478878 40 88
15 31851206 18 26
15 34648549 33 54
15 40913692 68 153
15 41228768 5 9
15 43713259 51 102
15 44811379 16 24
15 44811380 16 25
15 45258395 12 19
15 45965900 42 62
15 48063188 39 91
15 49293278 9 30
15 51350382 41 70
15 51507964 48 91
15 52540959 26 42
15 53905868 45 60
15 57730863 68 123
15 57810594 11 14
15 62165535 82 148
15 63040586 55 81
15 63040587 56 80
15 63970328 18 38
15 64410326 45 61
15 66644506 22 40
15 68695276 6 13
15 71124496 32 131
15 71124524 28 112
15 71124525 28 115
15 74711172 58 74
15 75552821 12 14
15 78764257 18 68
15 79291164 22 58
15 80872806 71 72
15 86687045 34 53
15 86807793 76 80
15 89008963 48 114
15 89401900 18 43
15 89873448 46 27
15 99926319 98 324
15 99926320 97 322
16 615297 10 8
16 628883 34 40
16 1033775 20 32
16 1270072 3 7
16 2514503 11 32
16 2550412 7 7
16 2818193 12 20
16 3025725 19 26
16 3544818 14 20
16 3632297 8 6
16 3632298 10 7
16 4254583 41 77
16 4564078 6 13
16 9857369 19 57
16 14969265 23 136
16 14969266 22 136
16 15829411 44 78
16 16272784 12 38
16 19451869 69 160
16 20429464 21 34
16 20696709 65 109
16 21771877 11 30
16 22132860 63 134
16 23117767 14 18
16 25232823 42 82
16 27802769 13 23
16 27974477 12 26
16 27974478 12 26
16 30507602 27 70
16 30507603 27 70
16 30666289 12 53
16 30981001 9 25
16 31072632 26 64
16 31090251 34 57
16 48595073 36 31
16 49670602 15 12
16 49670603 15 12
16 49671655 32 27
16 55890354 41 23
16 57597802 27 20
16 57597803 27 20
16 67264128 32 14
16 76482101 16 12
16 81253798 31 15
16 85667574 17 25
16 85667575 17 25
16 86565616 6 5
16 87790057 15 13
16 87790058 15 13
17 649017 3 17
17 1374529 15 39
17 2274703 31 44
17 2274704 32 45
17 2598354 3 7
17 3920857 27 35
17 4455542 19 42
17 4644107 13 25
17 4692539 7 11
17 5308443 16 27
17 7256760 22 33
17 7311760 5 15
17 7345942 74 162
17 7345943 75 162
17 7807809 23 51
17 7951773 25 41
17 10243706 19 30
17 10304406 43 47
17 10351249 65 117
17 10356486 155 226
17 11835379 109 231
17 12903527 15 43
17 15532010 23 37
17 17696276 3 35
17 19216560 20 59
17 19289711 10 12
17 21319931 5 33
17 21825499 19 53
17 27613294 37 58
17 30594876 104 158
17 31322664 19 17
17 34192239 23 33
17 35506859 35 48
17 36357250 4 30
17 37262116 43 90
17 38061141 25 58
17 38079467 41 107
17 38079468 42 107
17 38975091 9 18
17 39537454 30 56
17 40836075 35 67
17 40850783 24 40
17 41002308 81 192
17 41002309 85 192
17 41370030 5 12
17 41852141 42 62
17 42390513 22 43
17 42390514 22 44
17 43045296 4 9
17 46607721 9 27
17 49239283 10 20
17 54305275 12 31
17 55956975 15 49
17 56288020 33 54
17 56357732 12 28
17 56389437 22 58
17 57348355 30 88
17 62080291 14 25
17 63193253 4 19
17 63898308 16 57
17 70119026 25 85
17 72351339 24 50
17 72351340 24 49
17 73566141 8 12
17 73566142 9 12
17 74005391 66 134
17 74383547 14 35
17 76522783 15 23
17 76554324 4 28
17 78091451 20 31
17 79671403 11 23
17 79671404 11 22
18 658109 6 8
18 2891995 19 55
18 2923774 43 78
18 3879381 47 88
18 12325306 55 102
18 22057039 45 106
18 25570188 38 74
18 29049253 25 55
18 29126575 45 86
18 29480920 30 60
18 29848384 28 69
18 30349751 34 48
18 31319124 13 21
18 31319226 8 18
18 31319227 8 18
18 42530992 61 158
18 44555050 34 740
18 44561224 45 102
18 45371633 26 30
18 47101801 26 52
18 47777163 106 207
18 55334335 20 36
18 59911996 23 43
18 59911997 24 43
18 61627535 4 16
18 70451104 58 110
18 77918291 7 10
18 77918292 7 10
19 815758 12 18
19 1615702 35 52
19 2434473 34 45
19 2717325 37 75
19 3590080 7 9
19 5908851 23 44
19 6495192 26 60
19 7600813 3 6
19 7812351 88 175
19 9056299 48 99
19 9072091 37 73
19 10108793 160 228
19 10131441 15 20
19 10799882 78 162
19 10799883 77 162
19 11018818 30 41
19 11346378 3 14
19 11978880 57 96
19 12874530 29 52
19 13476136 67 75
19 13873689 7 15
19 13873690 7 15
19 14583574 3 5
19 15905657 32 43
19 15918348 42 52
19 16024617 15 26
19 16799206 10 18
19 17361198 30 47
19 17396327 55 111
19 17611209 23 34
19 18108989 4 5
19 18649229 14 12
19 21991700 22 52
19 22154181 28 25
19 30935918 21 52
19 30936114 50 82
19 33870288 11 33
19 36245416 7 14
19 36349665 42 52
19 36831391 42 78
19 39051805 19 35
19 39660184 15 29
19 40433797 29 53
19 40900066 40 67
19 41351204 38 71
19 41454959 10 19
19 43430025 100 212
19 43864436 6 18
19 44097396 30 52
19 44237000 29 40
19 44739315 10 40
19 45157173 113 220
19 45541147 6 18
19 45541148 6 17
19 45766591 30 68
19 47570766 20 47
19 47570767 20 46
19 49526155 35 25
19 49658453 25 30
19 50335672 4 13
19 51190034 21 40
19 51190035 21 40
19 51602387 6 3
19 51671441 28 61
19 52033702 18 39
19 52130825 15 26
19 52918407 19 43
19 53303783 57 122
19 54742820 14 57
19 55049201 40 79
19 55107260 46 65
19 55143446 44 71
19 55423543 37 84
19 55450786 23 36
19 55740026 7 14
19 55913083 18 17
19 56539478 37 52
19 57133296 16 40
19 57325061 19 44
20 826242 21 36
20 1458921 27 47
20 2816841 21 46
20 3202495 18 28
20 9546702 50 66
20 10030640 71 93
20 10602039 14 36
20 18505091 48 98
20 18505092 48 96
20 18724816 15 25
20 19566105 75 138
20 20071504 64 142
20 20209001 79 133
20 24524084 34 78
20 24646275 9 10
20 30585092 22 64
20 31767457 51 71
20 31889060 41 79
20 32357889 3 35
20 32379014 19 31
20 35884814 19 25
20 36846738 26 28
20 40733224 40 66
20 42168927 21 60
20 43882316 30 55
20 44170686 3 15
20 44879780 12 21
20 46279928 27 48
20 47244112 36 72
20 52645135 54 78
20 56140566 27 57
20 58467232 39 38
20 58514302 21 40
20 58514303 21 40
20 60736620 4 39
20 61453960 27 66
20 61453961 27 67
20 61981553 6 14
20 62168489 8 16
20 62236232 19 34
21 10863030 83 625
21 10933861 53 362
21 17196463 14 28
21 18933054 41 62
21 34099161 36 69
21 36043035 3 14
21 39086598 44 70
21 41424029 32 51
21 42064773 29 60
21 43327228 13 37
21 43327229 13 37
21 44837584 6 11
21 45666243 42 59
21 47699945 39 83
21 47699946 40 84
22 18304888 27 51
22 19124869 76 160
22 19344421 19 37
22 22843053 49 90
22 23162212 14 32
22 23915530 37 61
22 23915531 36 63
22 29628340 12 12
22 30950952 14 20
22 31008905 25 41
22 31286931 20 34
22 33777977 38 71
22 35943045 22 43
22 37407110 24 70
22 38046701 15 42
22 38211288 17 21
22 38211686 76 75
22 39387400 42 112
22 39966888 32 78
22 40661873 19 38
22 46684422 54 97
22 50167905 82 149
22 50167906 81 148
22 50877130 18 28
