chromosome_index position alt_count ref_count
1 15831197 4 13
1 21299568 18 21
1 41945006 9 21
1 70701196 44 104
1 75036916 6 37
1 98058912 10 26
1 100606429 12 50
1 154516982 6 20
1 156437437 5 36
1 157504569 7 32
1 159683727 20 101
1 160143454 13 57
1 182572462 17 122
1 186034377 25 40
1 196659317 17 71
1 196758765 6 33
1 206224826 5 19
1 208227774 5 32
1 215813964 9 67
1 226041376 5 23
1 228335369 4 14
1 228497221 6 34
1 233393833 19 95
1 233802463 15 104
1 247053342 15 108
2 1653368 8 17
2 11053665 6 19
2 24303775 6 56
2 27838044 25 63
2 28464261 36 69
2 47702265 26 17
2 98273221 6 6
2 105654495 5 4
2 107460277 6 3
2 128185995 5 14
2 132290278 8 14
2 136564955 10 14
2 170344338 30 23
2 179296889 5 53
2 188332651 15 52
2 218682600 8 12
2 233431669 21 59
3 8787229 14 8
3 13546039 8 18
3 14212015 14 129
3 39227618 4 10
3 51673633 9 30
3 56650033 31 22
3 102187833 26 14
3 114057923 7 27
3 127395142 14 24
3 132153451 27 63
3 155652811 29 76
3 178916823 17 31
3 178936082 40 24
3 190373953 15 17
4 6578364 9 7
4 42895323 19 37
4 48496158 14 38
4 62813942 24 50
4 70462045 51 59
4 83839673 5 64
4 114251533 11 47
4 123168476 11 78
4 125592464 17 50
5 32090758 10 21
5 34867123 6 20
5 38438425 9 28
5 70858270 14 80
5 79095259 11 98
5 112321590 24 107
5 112926754 16 38
5 118835030 21 79
5 131931354 12 58
5 140188906 5 21
5 140735488 6 16
5 140764797 8 40
5 140793061 7 31
5 141359789 11 23
5 157182096 13 25
5 159776463 11 26
5 167946113 8 36
5 169020468 7 49
5 171638974 17 45
6 572606 10 28
6 4996460 5 17
6 25983774 10 37
6 30587733 33 57
6 44219928 10 17
6 88773880 20 58
6 88854514 4 11
6 109906406 5 22
6 118886832 9 48
6 150001152 4 66
6 160638453 17 66
7 4153058 4 20
7 12375819 6 64
7 91948770 9 57
7 99697274 15 56
7 100683690 9 129
7 100732127 11 3
7 105248157 9 44
7 108204936 6 131
7 139102462 4 61
7 144068342 8 52
8 2820822 4 30
8 23004486 16 83
8 27151640 14 48
8 30648767 11 77
8 42977594 9 50
8 61769023 6 39
8 68089932 26 151
8 70570778 18 80
8 117866515 13 101
8 120774729 29 72
8 124105925 21 155
8 144658676 5 21
8 144941901 26 210
9 80040546 23 69
9 90535238 17 49
9 107289169 30 43
9 116053923 11 44
9 118950410 5 18
9 135866411 4 14
9 136307529 6 21
10 7218087 20 66
10 13169759 6 42
10 94109244 22 66
10 118351338 23 21
10 135233665 4 17
11 4967531 13 118
11 44289156 10 37
11 47599060 8 26
11 57373624 16 36
11 61607877 10 40
11 63670145 5 13
11 71729889 19 31
11 83195172 10 61
11 86152307 5 68
11 92088560 12 46
11 113935219 12 19
11 124120653 15 103
11 124749424 3 21
11 126318906 3 21
11 128843228 6 56
11 134244521 8 32
12 2929346 20 33
12 13724845 22 73
12 22677460 10 75
12 40114850 7 62
12 52631316 19 88
12 57323335 5 27
12 66932939 22 58
12 72335393 11 48
12 109311864 12 98
12 120593144 5 45
12 122413586 27 24
12 122691337 3 8
12 128899747 5 16
12 132474593 5 16
12 133324459 15 49
13 20315754 86 44
13 21950753 17 40
13 52539048 8 23
13 96443192 10 29
14 20528495 6 60
14 21789487 20 67
14 35568559 6 32
14 91780360 15 48
15 31323186 17 49
15 44094007 5 19
15 57734659 9 29
15 63908694 4 28
15 102345983 37 129
16 1307051 12 14
16 1869958 6 35
16 3779691 4 22
16 4562821 8 37
16 12758637 9 38
16 20487095 10 61
16 30664308 7 33
16 52484428 10 25
16 56667262 22 46
16 67696412 4 11
16 68856129 16 11
17 7385307 10 20
17 7828433 8 34
17 10544483 15 30
17 11783516 9 23
17 17106258 20 34
17 26107923 9 13
17 27049570 3 11
17 27216012 10 19
17 27420379 8 34
17 36495389 4 32
17 37565802 8 104
17 40134299 13 62
17 41006560 5 4
17 41738729 6 25
17 42287046 14 55
17 44626601 9 111
17 56276490 6 20
17 61396410 10 22
17 61557230 4 14
17 61902933 11 39
17 67183897 26 85
18 7231524 9 20
18 44139503 11 37
18 55355712 15 104
18 58039219 8 19
19 1014378 5 7
19 2280862 4 5
19 10445930 8 15
19 10449539 19 18
19 13223557 3 18
19 21512198 5 17
19 36357343 11 35
19 39591673 6 17
19 41825700 6 18
19 42381320 9 38
19 44570961 14 44
19 46130077 6 24
19 48229479 4 11
19 49656895 29 21
19 50335233 9 47
19 50519394 8 58
19 54254542 11 109
19 55494672 4 30
19 57803637 6 24
20 4202069 3 5
20 10644610 14 75
20 17595481 4 50
20 20013290 6 50
20 31041163 7 31
22 29726657 17 9
22 43213231 11 107
22 44395423 4 52
22 51015421 8 21
