chromosome_index position alt_count ref_count
1 1683721 12 26
1 12918971 48 102
1 14105740 5 6
1 20675597 15 14
1 23667363 25 20
1 32673549 15 36
1 32692070 4 43
1 33546851 9 7
1 35442283 3 6
1 42048469 63 90
1 43812572 6 17
1 45810904 12 15
1 62959997 15 19
1 65332599 12 32
1 90460776 4 16
1 115231303 17 25
1 154516982 4 17
1 155270044 19 29
1 156290801 24 87
1 160341317 57 67
1 161090430 29 61
1 167404653 17 32
1 179077403 37 144
1 180053269 20 24
1 181059744 8 7
1 181770143 32 93
1 183914630 23 36
1 197073358 7 15
1 206907327 14 29
1 206907452 11 18
1 207930952 3 38
1 212985578 17 39
1 221053337 3 8
1 225268252 10 27
1 228285143 11 27
1 232538176 14 18
1 240497525 7 30
2 1915828 20 40
2 17889941 20 40
2 27804570 27 50
2 27861074 25 39
2 39945008 6 33
2 58468453 7 19
2 70191430 24 17
2 70315274 13 24
2 152132175 18 17
2 168811454 22 33
2 170062614 9 28
2 180306848 8 14
2 197870440 7 31
2 201687564 18 70
2 202955502 3 28
2 220094305 12 14
2 225811729 10 6
3 9791867 6 22
3 39136444 6 6
3 45999964 13 20
3 58095770 46 19
3 73111492 10 8
3 113376217 13 27
3 159710811 6 18
3 164757752 5 17
3 172835168 21 57
4 16504643 3 8
4 17782849 17 36
4 25806242 14 38
4 39558162 13 23
4 48490485 26 40
4 106158945 5 8
4 175749993 12 8
4 187525001 18 10
5 893093 4 14
5 33997304 18 34
5 60982894 11 25
5 72470088 3 8
5 82818048 4 12
5 139908053 50 77
5 140710615 13 23
5 149677811 14 21
5 176797663 13 28
5 179528073 19 27
6 7414492 8 18
6 26428906 24 46
6 31725965 71 17
6 53010486 24 31
6 70851786 31 36
6 85473690 3 7
6 109837659 18 41
6 143092438 20 9
6 150004568 60 23
6 150005605 55 16
7 1542628 32 48
7 22769345 40 75
7 27169114 15 61
7 27169123 14 58
7 33042416 46 62
7 44009353 31 50
7 64466983 31 44
7 99950626 36 33
7 104844135 22 24
7 117067509 11 12
7 127255468 20 15
7 128486140 11 11
7 130356546 30 21
8 12950310 18 8
8 21550683 11 10
8 21837640 39 20
8 30209526 24 18
8 57213979 16 38
8 103845404 11 31
8 104337017 14 15
8 110450559 12 50
8 142367933 30 99
8 143822530 24 85
8 144734565 15 18
8 144734639 17 15
8 145002027 33 90
9 7103735 22 56
9 12693982 8 14
9 12694281 10 4
9 15486008 6 19
9 19786763 19 27
9 35612927 37 63
9 43630657 16 342
9 74667181 6 8
9 86617752 14 44
9 95078028 22 20
9 98669408 24 34
9 101806867 34 62
9 107546446 23 77
9 113245917 19 26
9 124988717 52 37
9 132569559 38 122
9 132569634 44 140
9 140174416 4 10
10 8006430 4 9
10 12046574 17 42
10 12160859 21 30
10 29843751 14 19
10 37442509 42 136
10 42971127 27 56
10 45920431 20 28
10 50004403 28 52
10 62553850 11 38
10 70883965 18 30
10 72517980 20 30
10 92675933 21 24
10 97951610 5 15
10 98741904 6 15
11 3128499 17 29
11 5080666 42 15
11 62554674 4 10
11 63706538 12 38
11 63706541 12 39
11 63721969 15 11
11 66244063 19 40
11 66613724 11 19
11 66742774 13 33
11 67017739 8 22
11 67225898 8 19
11 67287316 32 46
11 67378577 26 58
11 71944182 15 24
11 72538321 15 20
11 89532887 9 27
11 118425278 20 47
11 118900036 27 38
11 119033198 3 6
12 539854 15 41
12 2909265 11 50
12 6881893 7 10
12 49229908 18 24
12 50860803 25 38
12 52995000 11 9
12 56215782 7 16
12 94543416 6 57
12 95434349 15 32
12 105561239 5 6
12 107391306 19 38
12 113403719 18 34
12 117914376 18 36
12 121454196 22 33
12 123078898 15 30
13 28155748 10 2
13 39264593 14 12
13 46923456 9 10
13 102047655 11 40
13 113633962 27 65
13 113976999 5 15
14 20836557 10 32
14 20864069 11 22
14 23992625 24 27
14 23993957 40 76
14 38725272 9 23
14 51221467 30 80
14 59113920 5 12
14 71199564 21 41
14 92472576 28 67
14 92960394 19 33
14 101012989 17 44
14 103410556 7 18
14 105408926 57 132
15 41476476 17 51
15 41476477 17 51
15 43714055 19 34
15 48433230 8 12
15 58284946 11 26
15 65157665 10 14
15 66262906 12 31
15 76866515 24 48
16 1308496 31 41
16 2226687 13 23
16 2607870 22 63
16 30198163 8 24
16 30409622 10 30
16 49671713 40 74
16 69833074 22 39
16 71408712 3 16
17 2570453 19 9
17 8044320 11 10
17 25932744 10 15
17 33288933 15 27
17 33767735 11 51
17 36829966 4 10
17 37368565 6 12
17 38249337 16 56
17 43226812 9 15
17 43226833 8 12
17 47044545 12 20
17 48742570 31 58
17 57057649 17 27
17 57762494 11 25
17 66528627 7 9
17 72257319 5 9
18 2951215 3 41
18 11853752 15 32
19 2851618 10 13
19 4216286 15 21
19 5561091 21 44
19 6586411 12 14
19 8657677 8 9
19 10107297 5 10
19 11727567 23 25
19 14676998 24 36
19 30936388 28 59
19 36004044 19 21
19 45912270 13 21
19 48325170 7 14
19 49351177 22 53
19 52794063 12 9
19 54868125 19 38
19 57911010 17 29
20 24646427 5 10
20 33591061 13 12
20 34638451 18 17
20 40126078 44 77
20 49508892 20 8
20 49509062 21 7
20 55111363 16 10
21 30699110 9 20
21 47423450 6 19
22 17525858 38 66
22 23213912 7 25
22 24563133 5 14
22 31592952 18 33
22 50942059 24 64
