chromosome_index position alt_count ref_count
1 3397025 8 33
1 7725068 17 67
1 11589656 47 127
1 12888418 22 70
1 25825168 4 13
1 32196453 9 92
1 43213947 8 34
1 78044476 20 33
1 79385879 8 41
1 116283372 17 40
1 155217339 12 29
1 158226716 33 122
1 158592868 63 90
1 158605794 7 51
1 161166556 8 22
1 180148008 21 42
1 196759048 8 41
1 205498784 28 34
1 220826523 40 148
1 228399731 19 65
1 228400433 24 84
2 5837203 11 15
2 55130237 28 87
2 136360083 14 20
2 187529899 8 52
2 206608085 34 121
2 208425038 17 69
2 210574888 18 93
2 210742786 12 51
2 216295459 57 241
2 227729833 32 91
2 230914504 114 122
2 233546386 10 60
3 14712508 41 124
3 51417558 26 28
3 108572524 39 295
3 113005664 53 97
3 118906736 65 52
3 121208375 11 82
3 138664301 105 92
3 140785119 7 129
3 142682103 4 32
3 153958327 16 111
3 194080580 22 63
4 7844964 39 44
4 8609110 11 51
4 10447532 26 83
4 30724392 34 97
4 79417972 33 108
4 186548067 16 52
5 1494950 22 61
5 1878155 5 12
5 38490322 64 216
5 50685699 17 64
5 54415658 26 76
5 66459998 4 83
5 76624876 13 48
5 112174112 31 95
5 115782368 6 72
5 126887198 7 10
5 140871147 19 94
5 150885175 35 121
6 10802142 27 60
6 11105549 49 44
6 26385482 10 87
6 43034049 14 45
6 43128601 5 76
6 47847187 34 66
6 112441658 25 66
7 6661128 48 199
7 73731907 19 58
7 92017298 76 258
7 100284293 4 64
7 107427818 21 107
7 132192925 22 43
7 137590481 18 59
7 142569486 35 60
8 15397937 23 103
8 20107824 4 37
8 31497521 3 16
8 38187026 31 156
8 68111226 22 113
8 95683682 20 159
8 97605818 6 52
8 113326192 20 123
8 144808238 41 191
8 145001899 26 109
9 34256274 12 43
9 85607937 13 49
9 100962646 3 44
9 131554784 17 52
9 135206808 7 55
9 139100549 22 78
9 140446689 14 55
10 27537146 9 17
10 55955621 35 64
10 64893262 11 47
10 98762697 7 137
10 106139971 39 157
11 788451 9 29
11 1010669 5 45
11 8284932 9 43
11 35456348 3 40
11 45277338 23 89
11 66130917 45 139
11 76874008 15 52
11 111473214 27 17
12 4554662 5 35
12 25398284 104 69
12 48547298 11 46
12 100042097 27 108
12 107371374 11 130
13 31232297 11 143
13 80910692 3 11
13 95673928 9 55
13 113838696 23 128
14 51087379 30 99
14 51464663 5 24
14 64554459 79 275
14 74727313 13 267
14 101349859 31 88
14 106471658 99 318
15 22868923 16 62
15 51830504 27 89
15 69548197 36 102
15 89760476 13 7
15 91029283 11 46
16 46771896 15 37
16 48174743 19 84
16 70176177 10 159
16 70867826 9 25
16 84256426 41 137
17 20406488 10 24
17 40321521 9 61
17 40384152 17 67
17 40860064 23 79
17 48735529 16 84
17 56833264 22 44
17 72209728 33 122
18 2589231 7 140
18 5291590 7 24
18 12254770 5 71
19 1255510 36 153
19 4099234 27 102
19 8398939 21 59
19 8550543 18 80
19 9407347 21 110
19 18543980 25 110
19 30104870 17 87
19 47259184 39 138
19 49573201 7 19
19 54695181 18 102
19 55494465 25 132
19 56477587 31 89
19 57868487 30 116
20 13054996 17 71
20 30053390 41 117
20 33026392 51 150
21 14982817 17 34
22 21385432 24 49
22 28503114 10 104
22 50720089 19 66
22 50904834 37 125
