chromosome_index	start_position	end_position	major_cn	minor_cn	total_cn
1	61735	1824070	2	1	3
1	1827534	6102928	2	0	2
1	6103415	6344950	3	0	3
1	6345818	8652154	2	0	2
1	8654305	11151314	2	1	3
1	11157499	11567190	1	1	2
1	11574366	14767256	2	1	3
1	14773232	15340867	1	1	2
1	15341413	16234059	2	1	3
1	16236785	17262247	1	1	2
1	17276241	18952034	2	1	3
1	18952112	26101163	1	1	2
1	26101851	31503875	1	0	1
1	31505602	42355482	1	1	2
1	42355640	44237465	2	1	3
1	44239589	64108771	1	1	2
1	64108934	66689340	2	1	3
1	66691094	111184581	1	1	2
1	111186097	111514864	2	1	3
1	111519570	150886752	1	1	2
1	150886782	151179645	2	1	3
1	151188919	152928039	4	1	5
1	152930254	168912600	1	1	2
1	168915628	169169940	2	1	3
1	169171156	177948714	1	1	2
1	177950226	178084797	2	2	4
1	178085281	192946767	1	1	2
1	192946832	193331558	1	0	1
1	193333038	201251685	1	1	2
1	201252040	202745429	2	1	3
1	202745429	207231537	1	1	2
1	207234869	207823865	2	1	3
1	207824438	234940119	1	1	2
1	234950727	235151488	2	1	3
1	235151747	249224388	1	1	2
2	12784	39363912	1	1	2
2	39364297	40160730	2	1	3
2	40162165	41107517	1	1	2
2	41108035	43132284	2	1	3
2	43132427	79571761	1	1	2
2	79572147	79715914	2	1	3
2	79716144	109918185	1	1	2
2	109918468	110462496	2	1	3
2	110467473	120729843	1	1	2
2	120731540	121477502	2	1	3
2	121478431	142587292	1	1	2
2	142597147	142741665	1	0	1
2	142746668	192636163	1	1	2
2	192636527	194141424	2	1	3
2	194141586	203800933	1	1	2
2	203802317	204806789	3	1	4
2	204809070	208367656	1	1	2
2	208368514	208901249	2	1	3
2	208903820	231863056	1	1	2
2	231863095	233102234	2	1	3
2	233103645	241432967	1	1	2
2	241433846	243089456	1	0	1
3	60345	52481327	1	1	2
3	52486032	53984655	3	1	4
3	53985176	59919993	1	1	2
3	59920004	60031531	1	0	1
3	60034194	60581806	1	1	2
3	60586322	60629765	1	0	1
3	60636061	60824252	1	1	2
3	60824271	60993915	1	0	1
3	60994432	97956985	1	1	2
3	97957115	100921403	2	1	3
3	100921878	107467426	1	1	2
3	107472627	107726026	2	1	3
3	107726153	113099478	1	1	2
3	113100247	114615760	2	1	3
3	114615809	148379075	1	1	2
3	148379692	149964309	3	1	4
3	149965315	165885244	1	1	2
3	165886974	173508116	2	1	3
3	173508435	197896118	1	1	2
4	12281	750303	1	0	1
4	750665	2520861	2	0	2
4	2619331	5384787	1	0	1
4	5386985	9716553	2	0	2
4	9720078	28967083	1	0	1
4	28973863	29327978	0	0	0
4	29328472	154415184	1	0	1
4	154416132	154689930	2	0	2
4	154699350	191027923	1	0	1
5	15532	25489598	2	1	3
5	25491991	25841180	4	1	5
5	25841323	42003563	2	1	3
5	42004327	44559277	3	1	4
5	44562355	46389273	2	1	3
5	49432831	58304730	1	0	1
5	58312468	58789176	0	0	0
5	58793982	95910754	1	0	1
5	95913339	96055703	2	0	2
5	96062356	149021724	1	0	1
5	149023619	149154447	2	0	2
5	149154835	157136938	1	0	1
5	157137196	157342660	2	0	2
5	157342764	176516385	1	0	1
5	176516453	176726002	2	0	2
5	176726635	180790320	1	0	1
6	149661	7184868	1	1	2
6	7187209	11732099	2	1	3
6	11732687	34016765	1	1	2
6	34016786	35383432	2	1	3
6	35384568	52138226	1	1	2
6	52138441	52615595	2	1	3
6	52616429	56325895	1	1	2
6	56326204	57312892	2	1	3
6	57323779	58082323	1	0	1
6	58082951	61930020	1	1	2
6	61931989	86791784	1	0	1
6	86797650	87136547	2	0	2
6	87137925	89971913	1	0	1
6	89973904	90257839	2	0	2
6	90258429	167757509	1	0	1
6	167760685	168172372	2	0	2
6	168172822	171051005	1	0	1
7	43259	1677399	2	1	3
7	1677745	2869391	1	1	2
7	2873234	3673851	2	1	3
7	3678646	4098834	1	1	2
7	4099263	7364310	2	1	3
7	7364390	11008465	1	1	2
7	11009092	17987748	2	1	3
7	17987865	18868148	3	1	4
7	18868446	25012055	2	1	3
7	25013893	25762991	3	1	4
7	25763138	26834409	2	1	3
7	26835945	27727799	3	1	4
7	27727849	28668502	1	1	2
7	28668780	30825575	3	1	4
7	30830902	35746996	2	1	3
7	35747285	36638824	3	1	4
7	36643262	39018405	2	1	3
7	39019403	39954224	3	1	4
7	39956829	41885954	2	1	3
7	41891769	42481559	3	1	4
7	42484784	42874797	2	1	3
7	42884866	62230296	1	1	2
7	62230330	66187800	1	0	1
7	66189859	66612443	1	1	2
7	66613033	86789426	1	0	1
7	86800180	87501564	1	1	2
7	87503209	88513705	1	0	1
7	88513966	89163903	1	1	2
7	89164140	93079627	2	1	3
7	93079738	97912241	1	1	2
7	97920171	100623748	2	1	3
7	100626727	101411077	1	1	2
7	101418882	129832002	1	0	1
7	129834473	130662903	2	0	2
7	130663701	159127004	1	0	1
8	31254	19469481	1	0	1
8	19472365	20265671	2	0	2
8	20266292	46912027	1	0	1
8	46912314	63874594	1	1	2
8	63876133	64015406	2	1	3
8	64018607	146298155	1	1	2
9	46587	31290253	1	1	2
9	31291138	31467366	2	1	3
9	31468724	130088144	1	1	2
9	130089323	131012266	2	1	3
9	131018639	139257287	1	1	2
9	139269135	140050267	2	1	3
9	140051238	141091394	1	1	2
10	72759	61452785	1	1	2
10	61454769	61550057	2	1	3
10	61554006	68372592	1	1	2
10	68372886	68639475	1	0	1
10	68640873	68979166	1	1	2
10	68984036	69172951	1	0	1
10	69176925	105545404	1	1	2
10	105546851	105670013	2	1	3
10	105671109	135506704	1	1	2
11	198572	496997	1	1	2
11	500353	1440043	2	1	3
11	1441274	33041338	1	1	2
11	33048527	33577843	2	1	3
11	33578510	42988175	1	1	2
11	42988239	43098300	1	0	1
11	43101260	44246499	1	1	2
11	44247652	45498629	2	1	3
11	45499024	46992374	1	1	2
11	46992626	47384529	2	1	3
11	47388567	56852875	1	1	2
11	56856550	57708986	1	0	1
11	57709146	61039222	1	1	2
11	61040435	62456325	2	1	3
11	62457409	62617311	2	0	2
11	62618140	72283384	1	0	1
11	72288725	72510664	2	0	2
11	72516581	124268323	1	0	1
11	124269588	124634946	2	0	2
11	124635035	134944770	1	0	1
12	150442	38544863	1	0	1
12	38545033	39013445	2	0	2
12	39013966	40724030	1	0	1
12	40725571	45913292	1	1	2
12	45915591	47143661	1	0	1
12	47144271	49467425	2	0	2
12	49468978	54001703	1	0	1
12	54002599	54114129	2	0	2
12	54114846	54129526	1	0	1
12	54130427	55849881	1	1	2
12	55850935	71200724	1	0	1
12	71202446	76184344	1	1	2
12	76184390	77470494	1	0	1
12	77472028	77855421	2	0	2
12	77860016	100826900	1	0	1
12	100832218	101178781	2	0	2
12	101179604	102501762	1	0	1
12	102502759	110693933	1	1	2
12	110700787	111273336	1	0	1
12	111281951	114950275	1	1	2
12	114953802	116143730	1	0	1
12	116143946	121622440	1	1	2
12	121627458	127911470	1	0	1
12	127914184	128563272	2	1	3
12	128564149	132016775	1	1	2
12	132017351	132311656	2	1	3
12	132317829	133778189	1	1	2
13	19026949	53763336	2	0	2
13	53763753	53880788	3	0	3
13	53880809	73491375	2	0	2
13	73492148	74424950	3	0	3
13	74425030	115108397	2	0	2
14	19002124	21993751	1	0	1
14	21995702	23802525	2	0	2
14	23806190	35173624	1	0	1
14	35176730	37558754	2	1	3
14	37558794	38978949	3	1	4
14	38980485	50747831	1	1	2
14	50748001	104331543	1	0	1
14	104331557	107285437	1	1	2
15	20016328	22752709	1	0	1
15	22755172	59794079	1	1	2
15	59796220	59948997	2	1	3
15	59950611	102469040	1	1	2
16	60777	8283724	1	0	1
16	8287765	9939768	2	0	2
16	9945135	51294418	1	0	1
16	51298335	51550158	2	0	2
16	51556258	75904712	1	0	1
16	75904865	76242116	2	0	2
16	76243042	79057531	1	0	1
16	79057781	79304761	2	0	2
16	79305577	90287535	1	0	1
17	526	4989857	1	0	1
17	4990443	5233929	2	0	2
17	5238495	18965529	1	0	1
17	19003421	19956268	1	1	2
17	19956899	22235650	1	0	1
17	25270411	26290644	3	1	4
17	26291904	32627212	2	1	3
17	32627935	37275743	1	1	2
17	37278732	40585877	1	0	1
17	40586245	41341767	2	0	2
17	41341984	43018657	2	1	3
17	43020426	44246624	1	1	2
17	44246962	44292080	0	0	0
17	44292126	45212608	1	1	2
17	45222840	47294917	1	0	1
17	47305401	48379615	1	1	2
17	48381920	50246617	2	1	3
17	50247009	51075507	3	1	4
17	51077155	52273527	2	1	3
17	52275403	56242030	1	1	2
17	56242230	57745067	1	0	1
17	57745534	68032782	1	1	2
17	68032857	69721504	2	1	3
17	69721517	70010144	3	1	4
17	70014161	70142596	3	2	5
17	70142678	71001713	3	1	4
17	71003601	74320341	2	1	3
17	74333126	74785598	3	1	4
17	74788137	75394825	2	1	3
17	75394868	81049726	1	1	2
18	48133	21165080	1	1	2
18	21167493	54631425	1	0	1
18	54632502	54807357	1	1	2
18	54810287	55378953	1	0	1
18	55396303	55515465	1	1	2
18	55515533	55575108	2	1	3
18	55576978	55651773	3	1	4
18	55655351	57177575	1	1	2
18	57182078	61051062	1	0	1
18	61053607	61431827	1	1	2
18	61433858	61909533	2	1	3
18	61915069	62629566	1	1	2
18	62630036	73271484	1	0	1
18	73271511	73356479	1	1	2
18	73356479	78015057	1	0	1
19	90910	8063953	1	0	1
19	8072931	9882289	1	1	2
19	9883817	10751539	1	0	1
19	10752109	11109528	2	0	2
19	11112112	14901778	1	0	1
19	14902116	20125816	1	1	2
19	20129392	29640084	1	0	1
19	29645920	30212147	4	1	5
19	30212661	30698693	15	0	15
19	30700661	32520913	1	1	2
19	32522816	32934755	1	0	1
19	32937929	33165198	8	1	9
19	33173266	37561087	1	0	1
19	37580415	40127852	2	1	3
19	40128737	43043945	1	1	2
19	43044329	44528978	1	0	1
19	44532453	45522218	1	1	2
19	45522845	52726346	1	0	1
19	52729030	59097854	2	0	2
20	61305	5413169	1	0	1
20	5414282	5780320	2	0	2
20	5780520	14875890	1	0	1
20	14876100	15120744	0	0	0
20	15120767	26305579	1	0	1
20	29420352	33543131	1	1	2
20	33547633	33788276	2	1	3
20	33788874	48238437	1	1	2
20	48238612	49199483	2	1	3
20	49199687	55402835	1	1	2
20	55406511	55624075	2	1	3
20	55624890	62956153	1	1	2
21	10736871	36068262	2	0	2
21	36069838	36176077	5	0	5
21	36183885	36503312	2	0	2
21	36505877	36877820	4	0	4
21	36878036	48096957	2	0	2
22	16052528	37564453	1	0	1
22	37567827	38790131	2	0	2
22	38790184	42742451	1	0	1
22	42746687	43296421	2	0	2
22	43297421	51234455	1	0	1
