chromosome_index	start_position	end_position	major_cn	minor_cn	total_cn
1	61735	210525509	1	1	2
1	210531236	249224388	2	1	3
2	12784	28645948	1	0	1
2	28646801	33648778	2	1	3
2	33648964	243089456	1	1	2
3	60345	197896118	1	1	2
4	12281	9884057	1	1	2
4	9884454	14782459	2	1	3
4	14783158	22623626	1	1	2
4	22627802	37362142	2	1	3
4	37362638	187530178	1	1	2
4	187532634	191027923	2	1	3
5	15532	1967265	1	1	2
5	1971652	4421160	2	1	3
5	4421495	174526733	1	1	2
5	174526959	180790320	2	1	3
6	149661	40487789	1	0	1
6	40490726	171051005	1	1	2
7	43259	159127004	1	1	2
8	31254	43604486	1	0	1
8	43621892	78631672	1	1	2
8	78632893	106725219	2	1	3
8	106729886	120311108	2	2	4
8	120311614	146298155	2	1	3
9	46587	141091394	1	1	2
10	72759	99126903	1	1	2
10	99126923	135506704	2	0	2
11	198572	67200083	1	1	2
11	67210021	134944770	2	1	3
12	150442	34835654	1	0	1
12	34835837	49754066	1	1	2
12	49756665	54941852	1	0	1
12	54943986	55126261	2	1	3
12	55126958	58708620	1	1	2
12	58710622	133778189	1	0	1
13	19026949	49022724	2	0	2
13	49035467	49297223	0	0	0
13	49297238	115108397	2	0	2
14	19002124	107285437	1	1	2
15	20016328	27223811	2	1	3
15	27224321	95667827	1	1	2
15	95668403	99441436	2	1	3
15	99443139	102469040	1	1	2
16	60777	90287535	1	1	2
17	526	21497365	1	0	1
17	21499450	53377699	1	1	2
17	53379732	81049726	1	0	1
18	48133	8428135	1	1	2
18	8428436	9714184	1	0	1
18	9715004	14972054	1	1	2
18	14978127	21544016	2	1	3
18	21549904	24202957	1	0	1
18	24203052	24746288	2	1	3
18	24751213	27504505	1	1	2
18	27504767	78015057	1	0	1
19	90910	28000838	1	1	2
19	28007033	28041156	3	0	3
19	28041512	28196941	2	0	2
19	28198273	30265300	7	1	8
19	30265832	36010258	4	1	5
19	36010659	39283767	2	1	3
19	39286264	39930888	10	1	11
19	39931031	52761031	1	0	1
19	52761244	59097854	2	0	2
20	61305	62956153	1	1	2
21	10736871	48096957	1	1	2
22	16052528	51234455	1	1	2
