chromosome_index position alt_count ref_count
1 159174691 13 59
1 215960060 5 82
2 211341083 16 37
3 138426080 7 27
4 3319513 10 44
5 140176001 21 111
6 30080642 10 19
6 30104886 20 54
6 121768604 12 145
6 136913365 48 113
7 140481402 10 102
10 48389894 7 34
10 50530906 8 129
10 124273783 54 144
11 4130909 9 29
11 17190738 26 64
11 47198145 10 86
11 51515372 25 127
11 76247049 8 15
11 123810394 13 70
12 22796887 26 115
14 29237113 15 51
14 70477514 43 128
16 48139193 12 15
17 48685232 13 87
19 51227212 9 24
19 51451965 9 57
