chromosome_index position alt_count ref_count
1 1249259 17 57
1 11852409 6 32
1 11854032 9 36
1 12266954 12 74
1 14109029 11 42
1 20471184 7 26
1 22174272 6 28
1 27624574 11 50
1 29189599 4 14
1 32937111 7 28
1 36026235 6 26
1 36055628 20 96
1 36520695 21 117
1 36559082 6 24
1 36939169 10 41
1 38005843 5 44
1 38343876 18 62
1 38463195 16 71
1 40701830 3 22
1 44415402 10 33
1 44437174 14 47
1 44474088 16 101
1 47653030 6 31
1 48821396 22 122
1 51613416 12 41
1 55085649 16 40
1 57409414 26 124
1 66834548 9 68
1 74575160 42 172
1 75190519 14 86
1 78408258 8 65
1 84986376 14 68
1 85499890 15 94
1 86894111 15 79
1 89479814 15 91
1 90400731 8 44
1 99422292 13 65
1 99767348 25 136
1 109242402 11 42
1 109242410 11 37
1 109794904 6 20
1 111060392 9 81
1 111784919 14 52
1 114646335 8 35
1 116206690 28 214
1 117142951 6 43
1 118574360 94 365
1 145557093 31 484
1 145698997 26 349
1 146757127 19 224
1 149901062 327 257
1 150531819 112 60
1 150799086 134 47
1 150921624 14 172
1 151134432 30 682
1 152082115 43 290
1 152326432 65 437
1 152552220 10 76
1 153945260 13 104
1 154548259 31 203
1 155733356 11 214
1 156214983 11 51
1 156513961 5 48
1 156713979 25 206
1 157648595 31 242
1 158057581 23 90
1 158450421 18 157
1 159035971 13 84
1 159275798 14 71
1 159409646 17 156
1 161023138 15 78
1 161183502 26 137
1 166833124 8 103
1 171293346 47 277
1 172357842 7 85
1 172357843 7 85
1 173916576 25 225
1 175066652 12 120
1 180165581 9 40
1 180243355 10 59
1 181754521 23 102
1 182920474 10 62
1 183086705 10 131
1 183204803 40 82
1 183534900 7 65
1 190067686 10 53
1 192335049 14 52
1 197128647 39 225
1 200143343 4 18
1 200826904 14 45
1 201780818 30 146
1 202724577 10 36
1 203138485 24 104
1 203452475 14 77
1 206224648 7 33
1 206611317 16 94
1 209797202 6 82
1 212968443 37 257
1 224804847 31 207
1 228295703 9 32
1 228345526 3 16
1 241755385 14 76
1 245021466 10 74
1 247050544 32 100
1 248059405 24 64
2 1507765 13 58
2 1652615 3 28
2 9546974 21 147
2 10937874 69 214
2 11728914 15 108
2 11767230 9 52
2 25037246 10 103
2 27322379 12 56
2 27688295 29 186
2 28066017 17 82
2 33588538 29 163
2 39250249 12 73
2 42282457 4 23
2 42578406 37 98
2 43939380 42 136
2 46707678 4 30
2 48915224 13 93
2 54858526 13 67
2 55143983 8 68
2 55863423 15 96
2 60679590 3 16
2 61430400 16 98
2 62053700 17 183
2 62063204 31 268
2 71415480 4 25
2 73679886 6 17
2 74333020 10 63
2 74590153 27 199
2 75105812 13 26
2 79347986 19 148
2 80530409 16 107
2 85066304 16 128
2 85848613 29 263
2 85866465 20 151
2 89953096 12 114
2 96970585 11 69
2 97019119 23 162
2 97365797 6 32
2 99253041 16 123
2 99722087 48 326
2 100925592 45 38
2 102842496 47 70
2 114399815 4 13
2 118715997 67 131
2 119751999 32 89
2 125192222 20 76
2 128466383 22 66
2 132021661 17 94
2 132235782 16 119
2 133403188 4 31
2 136579807 6 14
2 149847639 32 25
2 151326702 9 118
2 153532999 12 100
2 160289269 6 87
2 160958270 41 255
2 161051887 26 141
2 170386307 10 78
2 172641950 31 126
2 178080589 19 79
2 179468913 24 103
2 179473134 49 26
2 179602944 7 94
2 179613017 7 83
2 180835741 57 107
2 182543294 30 102
2 183129052 12 82
2 201728972 6 14
2 206892860 15 63
2 211019076 17 100
2 219314015 19 75
2 227974003 6 30
2 228563696 28 136
2 228882606 19 38
2 230672494 34 116
2 232326496 72 316
2 234846052 13 65
2 238999869 39 180
2 239975187 3 23
3 1339605 28 64
3 9976279 6 39
3 10302031 24 17
3 11383701 18 93
3 12653446 13 64
3 16633620 42 381
3 19491706 26 148
3 33863451 10 53
3 38022467 4 30
3 38149073 15 144
3 38592012 14 121
3 38739930 18 194
3 38938500 20 202
3 38991723 83 57
3 39174533 12 83
3 39323176 15 114
3 42166958 13 89
3 42567418 5 39
3 44890031 19 139
3 47814349 12 100
3 48282626 4 15
3 48696383 15 58
3 49282178 11 61
3 49313959 32 205
3 49695441 10 42
3 49850974 5 17
3 50396186 7 25
3 50403245 6 38
3 51995174 5 55
3 52238804 47 80
3 52954619 6 58
3 54537654 11 70
3 62240892 20 76
3 63466556 13 100
3 72842170 6 72
3 99514813 8 31
3 101484323 6 26
3 108273229 13 199
3 109033388 19 156
3 113146122 22 199
3 113955049 3 17
3 119434642 12 48
3 119451169 10 41
3 120347339 31 106
3 122296641 8 27
3 122459274 33 172
3 125313607 44 122
3 128584143 18 192
3 130110138 16 123
3 132086814 6 27
3 132423108 20 226
3 134851765 6 39
3 134977954 44 134
3 135721144 27 58
3 137483947 6 44
3 142103488 26 250
3 148459202 7 54
3 148789037 22 178
3 151055559 49 86
3 151154686 10 95
3 151165784 125 55
3 154055481 45 471
3 156175252 35 287
3 159998525 12 216
3 164741426 20 212
3 184557790 8 7
3 185929630 16 255
3 186262164 13 277
3 189689712 15 131
3 190106188 58 609
3 194126757 52 464
3 194168627 12 164
3 195515710 46 529
3 196202171 8 193
3 196214301 73 786
3 196304643 7 125
3 196613069 6 104
4 420895 25 51
4 1343345 16 31
4 1720159 3 32
4 1988049 3 22
4 2746574 9 8
4 5966750 30 35
4 16165061 41 178
4 16258161 10 13
4 17493943 9 27
4 20729003 21 87
4 22394213 76 276
4 37863441 7 8
4 38798998 22 127
4 38828952 21 97
4 47676508 24 123
4 48424070 15 71
4 55161392 17 98
4 56858137 5 43
4 57182678 6 39
4 68812185 6 42
4 70513359 6 30
4 71066271 13 79
4 71508990 14 71
4 72618233 14 162
4 74270073 44 233
4 74285987 28 155
4 74719799 26 128
4 84026141 17 37
4 113362145 17 57
4 114278752 8 33
4 123283427 7 13
4 144481154 13 24
4 166914018 32 102
4 174295094 15 44
5 480128 19 14
5 24535881 13 117
5 32010450 9 42
5 63257254 9 29
5 67592114 23 55
5 76028611 14 55
5 108691698 14 50
5 115318986 17 117
5 126705651 32 164
5 135276459 4 21
5 139231232 10 21
5 140187923 19 61
5 140222530 9 22
5 140432384 9 42
5 140559922 15 66
5 140572988 9 39
5 140731960 10 51
5 140740933 6 32
5 140744575 6 26
5 140812003 21 70
5 146780284 24 135
5 150175154 11 26
5 154308089 12 61
5 159912413 9 98
5 167645722 14 33
5 176814816 11 31
5 176885610 10 14
5 179996273 13 50
5 180001174 33 82
6 1611053 59 85
6 2840716 23 118
6 7230420 8 70
6 7404737 34 440
6 12120473 9 97
6 16326992 9 103
6 25727450 53 413
6 27833136 23 57
6 27840981 12 125
6 29054990 14 93
6 29455184 4 28
6 30557688 4 19
6 31237303 29 191
6 31895870 5 48
6 31934615 6 74
6 31937374 7 24
6 35212434 13 148
6 35261543 16 77
6 35473918 5 36
6 37344772 13 267
6 39866693 53 177
6 39895248 7 85
6 43096826 5 82
6 43172796 14 77
6 43399797 14 127
6 43403588 27 151
6 43471369 11 75
6 43484867 14 245
6 43516152 10 125
6 45909369 17 210
6 46658417 12 83
6 51900493 6 43
6 54805054 20 75
6 54805055 20 75
6 55925688 12 61
6 56473919 33 232
6 56716195 10 120
6 71508378 88 98
6 90377860 22 171
6 97626347 30 64
6 101296432 8 78
6 105239507 68 33
6 106968729 66 49
6 117128233 17 167
6 117900219 10 84
6 119628074 34 205
6 126307723 3 27
6 138599672 17 90
6 147631307 12 112
6 152532698 10 58
6 168363322 3 9
7 6026963 79 36
7 20668355 32 161
7 22162076 27 29
7 30795207 10 44
7 39504229 3 14
7 40027228 9 29
7 42007203 28 88
7 63505920 22 79
7 83823823 36 202
7 90741992 4 20
7 91793084 14 65
7 93516141 13 99
7 94935634 18 79
7 95665026 27 110
7 97858423 4 17
7 98524910 6 34
7 99769785 9 47
7 100453404 29 114
7 100681430 35 203
7 100682280 11 166
7 103019728 33 158
7 103179657 5 48
7 107115791 3 11
7 117368307 6 29
7 117375131 12 57
7 123332759 17 72
7 129821553 40 153
7 131866334 6 52
7 138418883 26 95
7 138967905 16 72
7 141618962 22 62
7 142104368 37 158
7 142567573 16 58
7 143826923 20 110
7 149416639 12 48
7 150732718 5 29
8 3443744 11 47
8 6378767 25 93
8 21768297 4 30
8 22006268 4 27
8 33451226 23 19
8 38832596 47 29
8 41552707 9 39
8 52321102 8 16
8 52336218 29 114
8 55537811 6 20
8 56015697 5 11
8 56663530 7 51
8 66989041 15 107
8 68150987 45 304
8 68200263 117 278
8 68255462 15 136
8 75275185 55 211
8 82571679 28 533
8 82713805 23 541
8 87076702 63 98
8 87439993 21 411
8 87440009 14 400
8 88885613 22 433
8 93004005 39 474
8 95906154 74 356
8 101276912 28 285
8 104080908 20 193
8 104417075 18 274
8 105436483 30 324
8 108334260 42 499
8 110308628 29 292
8 118147485 7 84
8 121528318 22 163
8 121530983 13 259
8 124358466 7 155
8 124371894 15 213
8 124797324 35 495
8 125058081 13 215
8 125989479 14 111
8 125989692 7 141
8 131104288 19 176
8 131193126 46 558
8 132957113 20 213
8 133595966 15 378
8 133910445 51 238
8 139601554 5 65
8 139628254 8 103
8 139642977 8 150
8 139697548 7 64
8 142367315 4 15
8 143867884 4 24
8 144668992 17 155
8 144995305 15 57
8 145139417 5 43
8 145626655 5 24
8 145999021 18 268
8 146076122 7 67
9 5769149 9 90
9 8526637 17 121
9 14776166 12 51
9 27197533 9 47
9 33467507 49 131
9 35547488 7 83
9 35616076 29 80
9 35697743 13 55
9 36100533 17 87
9 36170592 12 82
9 36236868 23 116
9 36882083 5 33
9 37440931 27 65
9 71080063 91 179
9 72659140 7 32
9 74842957 8 73
9 79930243 49 173
9 84531345 5 25
9 86294875 29 69
9 86584278 13 23
9 98740347 6 60
9 104314716 9 45
9 104433265 32 66
9 110247971 6 33
9 113212424 17 53
9 116176059 24 53
9 121930239 20 77
9 123334252 25 78
9 123954462 20 112
9 125288931 9 33
9 126219633 17 53
9 127661657 8 32
9 127661658 8 30
9 134073169 10 37
9 135102255 4 6
9 136315031 17 59
9 138713411 11 43
9 140082004 18 50
9 140330201 25 88
10 3124643 15 125
10 6061845 35 116
10 11963302 24 101
10 12143133 20 116
10 27382293 43 181
10 27702992 6 14
10 29759278 30 134
10 46121714 10 53
10 49392635 43 96
10 50025367 6 34
10 50708659 16 87
10 50952735 18 75
10 51580603 8 125
10 55566505 98 122
10 61832799 14 41
10 64415342 13 53
10 68686312 13 21
10 72061216 8 41
10 74666365 24 101
10 75532215 3 27
10 95557083 16 63
10 97916940 6 79
10 98411020 19 365
10 103904781 24 85
10 106136572 11 42
10 118386474 26 120
10 125771940 11 153
10 127461252 23 172
10 129903631 54 337
10 129913443 9 72
11 1268667 37 117
11 2320797 19 80
11 2920736 14 54
11 3062149 14 82
11 3661293 4 26
11 4141180 10 66
11 6637976 11 28
11 9878002 21 61
11 18472667 6 54
11 20629163 20 117
11 25100217 11 58
11 47236658 12 26
11 47345226 8 66
11 47800714 18 121
11 47819397 12 64
11 56000229 12 140
11 56468298 15 319
11 57081178 5 29
11 57252590 13 76
11 58207497 11 63
11 58919903 10 48
11 59863091 15 121
11 61630806 15 74
11 62338493 20 228
11 62371499 18 156
11 63533610 6 49
11 64084564 19 104
11 64428483 6 13
11 64527299 20 193
11 64677214 7 26
11 64813977 28 204
11 65635363 9 85
11 65826406 24 80
11 66001353 18 75
11 66031617 6 32
11 66136062 5 38
11 66407468 21 198
11 66458881 9 21
11 66638267 3 26
11 67274874 10 106
11 70858241 5 64
11 71946489 6 27
11 73809238 13 61
11 82895807 26 149
11 83172914 16 64
11 86086081 6 11
11 86665908 12 24
11 89944425 76 241
11 92086398 15 123
11 92573800 30 132
11 94759082 5 46
11 95504688 17 236
11 95825224 19 192
11 101324385 33 254
11 105481555 5 13
11 107393043 18 217
11 108043147 10 124
11 108062883 78 291
11 108204662 22 185
11 108253745 59 221
11 108381462 19 277
11 108382318 18 164
11 111956054 17 153
11 113845976 6 45
11 115047314 9 223
11 116703521 10 173
11 116827664 36 174
11 117060973 25 120
11 117306398 7 103
11 117711035 10 94
11 118272347 8 62
11 119050981 4 12
11 122848486 6 53
11 124120545 63 132
11 124748247 47 16
11 134073079 6 62
12 280295 26 106
12 9318694 8 76
12 12483263 27 51
12 13717034 10 34
12 25031486 16 122
12 26564309 33 136
12 30787096 42 224
12 31850719 22 99
12 40704388 44 65
12 46760683 30 57
12 48174356 9 37
12 49421616 14 68
12 49666773 17 62
12 50045842 5 21
12 52771901 8 25
12 53818998 11 85
12 55615590 13 34
12 55794567 15 45
12 57437901 13 83
12 57578941 13 39
12 66308966 8 34
12 80733015 24 88
12 81777849 41 209
12 93226436 30 172
12 96354383 8 56
12 101777421 9 65
12 105512306 26 123
12 108918177 10 205
12 109286779 35 316
12 109959091 16 71
12 110989696 10 44
12 111064185 26 94
12 111089114 7 47
12 111291345 7 75
12 111923661 37 154
12 113307473 11 58
12 120575091 6 111
12 121439050 6 23
12 121654940 51 236
12 121785621 42 130
12 123703048 23 147
12 124428025 15 53
12 132546701 6 24
12 133196850 19 29
12 133201511 12 53
12 133291511 11 68
12 133733491 12 51
13 20277473 4 39
13 23915510 21 88
13 24443487 34 43
13 31797103 37 188
13 35632987 10 82
13 39446912 38 79
13 41507736 14 120
13 41635808 12 57
13 42277474 24 119
13 43986108 14 122
13 45554055 11 76
13 45589722 14 50
13 48936996 24 169
13 51287274 8 58
13 53000065 12 124
13 77655723 23 102
13 77732165 7 98
13 78202091 6 18
13 95275555 14 104
13 99099062 10 91
13 99481978 21 195
13 99550452 16 126
13 99947890 62 104
13 99947891 61 107
13 109707440 8 88
13 109777639 8 76
13 110857876 12 160
13 111367765 10 118
13 114077063 26 19
13 114107558 11 86
13 114107723 21 47
13 114265367 21 194
13 114307194 9 86
14 20666270 49 128
14 20836967 10 68
14 20851438 9 50
14 21109823 6 28
14 21511522 15 86
14 23237317 9 41
14 24610102 34 70
14 24724342 12 44
14 24799107 7 52
14 24878012 24 36
14 30194831 9 88
14 35579138 25 58
14 35742845 7 27
14 39605751 16 94
14 62567180 25 93
14 67759250 18 67
14 68044077 7 46
14 71206805 14 120
14 75330485 14 60
14 75516368 18 30
14 78374253 8 93
14 81609938 20 510
14 86089277 10 58
14 93142953 13 40
14 93199028 12 92
14 94139749 32 180
14 94908912 9 73
14 95677094 80 134
14 100126741 4 49
14 100138717 12 58
14 102442138 9 50
14 103442062 53 255
14 104145728 10 62
14 105408008 13 103
14 105834431 7 36
14 106518647 31 207
15 28326892 7 7
15 30653956 4 19
15 34102731 14 39
15 34130695 17 85
15 38643500 14 43
15 40509800 4 57
15 41384230 40 184
15 42185407 7 18
15 43621138 9 29
15 44150962 15 124
15 45884475 11 60
15 48053941 7 61
15 55783388 55 384
15 56121956 5 39
15 64039169 13 90
15 65242118 4 36
15 75143800 12 52
15 75503351 6 22
15 78783000 11 78
15 79310205 17 96
15 82574982 11 52
15 88476414 4 37
15 91298167 7 71
15 91459377 32 19
16 633151 8 55
16 711733 5 20
16 1621412 24 25
16 1798618 7 48
16 2160310 5 17
16 2162806 7 36
16 2223334 6 35
16 2546253 5 10
16 2871599 5 49
16 3781302 11 51
16 3820609 19 35
16 4016347 5 36
16 4242567 9 82
16 15706434 11 104
16 15978039 7 63
16 17232213 10 62
16 19547763 18 38
16 19702748 43 90
16 22326504 7 68
16 29907175 4 40
16 30593838 4 4
16 30936037 5 17
16 31191465 18 47
16 31383824 17 77
16 31388161 7 41
16 33020760 58 363
16 55523666 10 32
16 55899995 12 59
16 57760118 7 44
16 58577341 5 24
16 58589155 8 22
16 65032588 9 96
16 67859647 12 35
16 68716273 16 39
16 70589014 62 83
16 81056427 8 58
16 81056439 8 46
16 81187729 36 123
16 84438843 15 56
16 84797815 20 88
16 89169066 9 58
17 1028679 4 30
17 2995389 39 146
17 2995437 29 151
17 5463177 47 120
17 7480800 10 65
17 7734141 9 56
17 8108653 15 91
17 8422030 31 66
17 10351825 97 67
17 10543402 41 247
17 11166756 22 99
17 16705825 14 110
17 18220114 16 56
17 26731704 13 50
17 28539803 42 57
17 28754560 15 66
17 29701152 10 41
17 33738430 5 74
17 36452996 16 17
17 36876922 3 21
17 37988374 26 98
17 38122539 14 64
17 39914977 4 13
17 40458442 23 69
17 40997704 43 78
17 41031567 3 11
17 41168369 19 24
17 42429495 6 18
17 43192564 7 48
17 46148794 17 100
17 46805391 7 45
17 47484202 11 55
17 49710906 23 152
17 54526454 60 87
17 56353032 22 138
17 56492758 79 165
17 56540485 39 131
17 60484392 13 194
17 61615558 12 95
17 61685293 73 86
17 61895616 3 21
17 62532782 15 84
17 62855609 6 70
17 62855849 55 429
17 63156348 36 124
17 64173049 20 178
17 68172301 4 57
17 73500659 6 28
17 74079664 8 56
17 76203068 73 78
17 76435299 15 18
17 77770082 17 111
17 77808811 10 47
17 79108182 10 15
17 79168750 21 122
18 685992 19 116
18 9360001 36 130
18 10468572 11 78
18 10803882 20 149
18 11886609 11 52
18 12030415 25 55
18 13049352 39 22
18 20815956 17 100
18 21422391 22 71
18 23772559 3 8
18 33554980 46 65
18 34320688 28 71
18 40850290 6 26
18 47404165 93 154
18 52609946 31 83
18 70205913 14 92
18 76753358 13 10
19 3113468 6 18
19 4033537 5 9
19 4101074 18 56
19 9453826 5 25
19 9577932 23 60
19 9868615 19 61
19 12721553 8 43
19 12721568 5 30
19 12721569 5 30
19 12874566 8 54
19 13033402 4 11
19 13319778 7 10
19 13947404 8 30
19 15918774 31 133
19 18273878 13 59
19 18886534 5 6
19 19387418 14 56
19 22155407 20 60
19 23159392 4 15
19 31769191 17 52
19 34843719 6 38
19 35249962 17 85
19 36851395 44 175
19 37440919 8 46
19 38027832 24 34
19 38382421 17 64
19 39217680 6 53
19 39371791 17 82
19 39787501 11 68
19 39963851 10 24
19 40580829 29 58
19 41063061 6 31
19 41354176 21 204
19 41938231 7 64
19 42396865 10 12
19 42873850 5 8
19 43023125 39 172
19 43570753 33 147
19 44619810 7 33
19 45535999 5 42
19 46124816 12 25
19 46190825 27 77
19 46216682 4 20
19 46997970 23 80
19 48248803 5 62
19 48547286 7 9
19 48790106 3 24
19 49142239 3 28
19 49246709 16 147
19 50357782 8 35
19 50795644 3 29
19 50865322 13 93
19 51646010 20 86
19 51958839 15 90
19 53990013 31 278
19 54848965 5 39
19 55668470 12 75
19 56024386 7 47
19 57036918 6 60
19 57036919 6 61
19 57036920 7 62
20 1896099 23 85
20 1903212 25 99
20 2517917 18 48
20 3804929 11 32
20 3904065 5 34
20 10256204 40 84
20 17475657 48 173
20 20582459 9 32
20 23066230 7 30
20 24930099 4 19
20 25257395 5 51
20 30738461 16 138
20 31021221 13 60
20 32439958 13 126
20 32441480 6 19
20 32660049 13 58
20 33703267 24 117
20 35431445 4 43
20 37632533 9 75
20 40790037 9 82
20 43743663 9 62
20 44506372 11 47
20 45130337 19 100
20 47731322 17 136
20 47858511 18 74
20 50256004 15 81
20 55209319 9 53
20 57276201 5 32
20 60498601 11 41
20 61588223 10 32
20 61981463 6 11
20 61981948 60 253
21 19775875 56 80
21 34617290 44 143
21 35183328 8 36
21 35893632 4 5
21 40646341 28 165
21 43535985 11 95
21 43959732 28 122
21 45819238 7 23
21 46907403 12 32
21 47333863 22 55
21 47611798 11 62
21 47663638 16 44
21 47847579 21 52
21 48022227 26 93
22 19394707 20 65
22 21330779 32 67
22 22036757 5 57
22 22749557 12 97
22 22749779 7 42
22 23235986 20 102
22 25270520 17 72
22 30210719 23 77
22 32211093 19 55
22 33402627 10 59
22 36661457 7 60
22 36920752 8 85
22 37770126 6 33
22 38017668 8 44
22 38028008 27 42
22 38039004 7 17
22 38151164 12 64
22 40760968 13 209
22 42049645 32 113
22 46759045 23 118
22 47061530 19 102
22 50301580 11 48
22 50615379 4 27
22 50656038 7 19
22 50900429 11 62
22 51063819 5 17
