chromosome_index position alt_count ref_count
1 1922389 8 66
1 16382972 23 91
1 17085018 14 224
1 32207476 9 36
1 34666611 32 12
1 37267513 24 14
1 38265722 13 40
1 39991161 11 35
1 43610876 9 28
1 45221617 4 38
1 62677192 6 2
1 65332731 34 20
1 67816572 3 22
1 75037276 6 31
1 75038064 25 20
1 79387436 21 17
1 79404882 27 25
1 107600103 16 32
1 108926114 37 36
1 150938729 12 65
1 156047381 10 24
1 158549548 17 25
1 158583608 28 33
1 159171924 4 5
1 175067705 45 29
1 177249999 14 8
1 196250003 22 15
1 196643018 19 54
1 207143612 4 16
1 211546148 5 9
1 225156468 25 40
1 228487826 4 27
1 232551284 9 43
1 233397060 11 45
1 236433178 25 154
1 236719125 10 21
1 236906263 13 19
1 237659920 19 32
1 247265093 17 39
1 248436926 26 77
2 20147936 29 46
2 24046176 5 37
2 24239739 20 34
2 40342680 11 24
2 80531345 40 52
2 87001986 17 18
2 89265990 89 76
2 113998955 4 16
2 149247238 17 44
2 149633291 30 78
2 172954082 6 23
2 179433705 15 43
2 179434236 29 24
2 202254099 7 54
2 207530608 6 79
2 210595014 20 20
2 211302544 13 33
2 211525224 14 35
2 212242981 7 8
2 212242982 7 8
2 213867409 3 32
2 222284094 11 53
2 241903103 5 54
3 3139642 9 35
3 9482266 13 32
3 9948053 14 37
3 33584956 14 18
3 52818319 24 19
3 55543067 17 25
3 55922476 21 48
3 77695786 6 23
3 97806246 10 51
3 100523655 33 27
3 111603396 16 20
3 111842603 7 21
3 122146408 17 27
3 126260888 5 18
3 133377885 7 27
3 147132008 15 31
3 164735779 33 40
3 171904580 48 32
3 182662556 30 25
3 183689562 23 36
3 183896816 8 24
3 195934293 5 51
4 737326 30 6
4 48996726 58 15
4 62813834 19 6
4 68919202 31 10
4 98480236 26 55
4 122782808 30 12
4 140811438 6 14
4 174216555 10 29
5 35876525 31 114
5 37020917 8 72
5 37381711 20 179
5 40767767 11 80
5 52385789 14 152
5 72386032 3 55
5 101572693 24 10
5 137426987 8 42
5 140236574 6 35
5 149900889 54 5
5 156186505 8 34
5 174870234 26 9
5 180035200 3 8
6 2890433 14 32
6 21597762 56 169
6 22290493 7 16
6 33541885 23 19
6 39054624 6 21
6 47846773 6 22
6 55620351 4 71
6 57244771 11 99
6 64423644 4 7
6 87725488 9 20
6 88854515 4 24
6 100056626 7 95
6 128643411 3 24
6 136581831 26 39
6 152631081 34 23
6 152738095 5 23
6 165713939 10 46
7 4169634 28 36
7 20180560 9 14
7 33644812 32 53
7 38389152 29 67
7 50344469 51 104
7 56067789 26 24
7 64438174 13 34
7 72657293 25 74
7 82580660 7 69
7 86824792 4 16
7 87160797 6 21
7 123672074 31 22
7 134701889 4 43
7 138341216 7 25
7 143657084 5 33
7 151843811 8 28
8 1497822 11 20
8 3009021 22 29
8 10755427 5 10
8 15480646 3 53
8 32611911 16 18
8 72987746 8 23
8 95704982 6 48
8 105025817 24 19
8 110980794 3 8
9 732675 19 29
9 13431273 6 44
9 35107913 6 115
9 90388134 12 87
9 96080159 49 2
9 98774580 20 56
9 102628296 6 32
9 119568025 57 15
9 132375866 13 48
9 137623929 8 61
10 855709 28 21
10 18250769 18 18
10 18289737 37 21
10 53459344 7 26
10 55582963 15 24
10 55755405 11 17
10 55973754 18 23
10 70696800 11 25
10 79566671 6 18
10 90528548 18 32
10 99330311 14 19
10 118236172 14 30
10 118460528 10 25
10 118681020 7 33
10 125528145 13 20
10 129866416 17 30
10 133955458 11 66
11 4790663 5 19
11 5274579 13 18
11 32460672 6 30
11 33565560 25 41
11 36615296 6 9
11 40137493 8 31
11 55340225 23 44
11 55873364 20 33
11 62434850 3 11
11 65267814 16 23
11 76371138 5 14
11 84245625 14 18
11 88583156 30 43
11 92498156 12 14
11 94801686 21 39
11 96126195 9 67
11 114577404 4 35
11 115061610 17 12
11 118889449 5 19
11 121986690 12 24
11 123489864 5 20
11 126873697 3 16
12 9004924 8 29
12 20876179 36 27
12 21971136 9 47
12 27944734 7 71
12 31632565 5 39
12 40114586 11 43
12 49359305 9 15
12 49445150 26 25
12 52865858 34 29
12 53162437 5 39
12 53454737 5 69
12 85517961 11 29
12 89745661 4 22
12 120750388 16 50
13 23853606 12 25
13 24995335 10 16
13 30782544 3 14
13 32753153 8 69
13 33700340 20 36
13 36347334 7 17
13 36521533 4 46
13 37011833 28 26
13 38154722 43 59
13 84455809 10 15
13 88329367 21 6
13 94482410 23 43
13 106142176 15 18
13 107822984 9 48
14 23886717 14 25
14 24045177 4 7
14 52196781 7 9
14 57696600 7 41
14 79746672 19 46
14 80669192 25 21
14 86090619 13 19
14 86091771 17 34
14 89629287 36 24
14 102028653 18 11
14 105268139 6 41
14 105408695 5 111
14 105408717 62 66
14 105409103 20 113
14 105409629 32 103
15 23412175 124 51
15 24922810 7 16
15 26789048 29 6
15 35529586 61 12
15 67479750 5 14
15 68061972 7 24
15 83424704 6 24
15 89070882 12 28
16 5135190 4 16
16 70187460 7 78
17 9837516 18 28
17 16638500 14 10
17 33353417 6 38
17 42266601 5 39
17 42474987 31 23
17 59147352 14 58
17 60879042 4 16
17 72537567 8 11
17 79496163 5 110
17 80708330 21 37
18 19996550 35 95
18 31319382 41 9
18 35145420 6 67
18 42281628 5 58
18 55033642 3 30
18 58039408 42 5
19 677855 46 17
19 2807532 8 77
19 7697660 22 92
19 7806043 37 10
19 8587572 86 22
19 9085978 47 16
19 9086331 4 36
19 9721259 69 14
19 9763995 33 101
19 11796889 15 6
19 12186947 4 32
19 19656652 38 6
19 23328839 41 6
19 35258288 14 27
19 37676375 48 10
19 42593685 9 79
19 47231922 24 96
19 50657898 13 56
19 53210059 146 39
19 53884868 35 41
19 54080368 43 7
19 55450465 8 43
20 3005237 15 123
20 4833918 4 16
20 23856593 4 15
20 24565587 26 64
20 30432968 13 67
20 33329232 32 36
20 33862215 11 24
20 34022031 6 23
20 40702049 16 50
20 40702153 7 25
20 44144216 5 24
20 45354893 7 103
20 60888740 24 42
20 62365093 8 45
20 62571550 5 41
21 31655245 4 10
22 18846026 20 269
22 21470345 19 126
22 28395242 13 26
22 47108089 14 98
22 50927478 16 48
