chromosome_index position alt_count ref_count
1 47533298 34 46
1 158655065 46 90
1 247695157 4 66
2 80874771 45 69
2 109106455 11 21
2 125521715 32 62
2 152410424 38 51
2 219127538 11 23
2 230271991 8 131
3 47038461 8 32
3 122274491 7 37
3 123049810 8 36
5 98115306 96 123
5 141336228 5 101
7 5363890 6 29
8 30701886 37 72
9 34657044 28 69
10 26377234 32 59
10 52596043 34 40
12 51737623 4 8
13 52439722 34 56
13 99127163 14 33
14 25043658 21 113
15 51975311 39 46
17 48678110 33 49
20 33567504 31 50
22 44234801 26 51
