chromosome_index position alt_count ref_count
1 1341189 66 112
1 2116748 44 61
1 2337939 6 15
1 2522846 7 11
1 3550008 6 10
1 3754048 83 140
1 5934651 6 13
1 17668535 20 61
1 19491462 17 53
1 19593888 31 58
1 22055140 15 365
1 29064146 8 163
1 32193808 33 56
1 33742029 6 5
1 33745788 6 15
1 34037277 25 56
1 35476600 5 79
1 36552585 23 49
1 36773415 39 99
1 39827293 28 81
1 41945142 50 150
1 41978648 4 13
1 42049300 55 119
1 44087768 17 30
1 44685960 7 20
1 45472677 21 48
1 45811096 19 36
1 46120912 58 116
1 46657856 9 83
1 52819184 11 42
1 52851603 21 44
1 55197295 59 107
1 63991310 38 99
1 65690488 92 207
1 70225911 19 46
1 76378443 10 145
1 82408841 95 172
1 82456092 12 103
1 89448559 59 113
1 93594884 70 179
1 104114328 263 541
1 108994857 38 301
1 110169887 40 86
1 110294355 13 38
1 114445435 43 107
1 117576632 139 316
1 118413144 41 130
1 145281598 21 281
1 145522548 52 127
1 146656151 129 291
1 148346683 12 287
1 148932833 21 380
1 149755650 18 151
1 149916336 26 69
1 150256897 12 386
1 150479465 50 111
1 150684044 85 209
1 150940614 6 58
1 151259295 22 25
1 152280133 78 149
1 153923811 5 40
1 156498818 55 123
1 156499989 18 48
1 156627946 38 67
1 156707525 5 79
1 156823662 24 39
1 158533282 28 67
1 158641913 20 175
1 160769604 30 53
1 161088991 29 51
1 161495899 48 101
1 169366494 114 241
1 171244495 40 91
1 177921118 8 118
1 178485770 87 159
1 179077240 36 69
1 180240391 7 16
1 181689946 58 143
1 182026810 9 125
1 185144162 6 12
1 187610792 20 48
1 197889272 27 28
1 201104756 12 31
1 201779201 5 114
1 203028921 28 81
1 204192622 18 51
1 205767812 6 71
1 206317646 40 95
1 206821585 36 63
1 208206717 29 70
1 213168440 64 178
1 215972457 54 66
1 216052380 74 133
1 220269519 55 152
1 224008996 90 152
1 226453982 97 183
1 228362552 4 7
1 230381873 88 168
1 232650228 28 71
1 233120059 4 8
1 235973575 113 270
1 245775128 11 22
1 247655202 29 70
1 247835957 28 70
2 1271292 24 56
2 20840941 73 156
2 24046398 10 59
2 25982440 94 268
2 26410859 18 22
2 26998371 72 144
2 27354338 56 92
2 27478135 6 19
2 27528582 12 17
2 27592366 192 413
2 27850624 75 154
2 28248190 32 67
2 29092940 45 107
2 31428272 21 56
2 33614284 15 120
2 60773233 18 435
2 61492647 9 150
2 63280185 11 18
2 70188397 25 55
2 73680642 32 87
2 74058186 5 114
2 79349973 10 99
2 84926856 13 122
2 86359497 80 181
2 96048205 6 7
2 96993185 5 102
2 97368118 5 72
2 100623774 89 202
2 101580600 59 107
2 102476259 20 44
2 102849462 56 187
2 105924231 9 37
2 113984805 18 45
2 114000288 91 200
2 118588436 3 13
2 120005392 7 17
2 128044466 56 89
2 131356274 25 126
2 152292079 13 375
2 159519479 15 86
2 160042337 10 167
2 163059614 43 129
2 170096120 30 216
2 170783469 122 236
2 179468881 86 196
2 184016266 64 142
2 190922077 54 122
2 191841736 54 128
2 197184242 23 46
2 197878305 76 83
2 201371712 37 120
2 203379664 67 219
2 204732653 56 119
2 206110532 141 279
2 210517948 29 38
2 211053522 7 13
2 211085514 45 123
2 217542919 24 33
2 218683150 3 47
2 219141786 10 100
2 220145304 38 84
2 220348809 18 39
2 225669924 34 64
2 228886635 59 134
2 230861506 126 289
2 231307786 78 131
2 232263506 5 21
2 233710483 12 277
2 235950102 14 33
2 238283543 11 38
2 241513717 12 24
2 242039202 4 37
2 242415362 6 92
3 2613217 24 285
3 5213865 15 286
3 9784768 44 101
3 9802445 34 82
3 10145989 18 175
3 13545771 16 24
3 18391008 12 85
3 20167452 41 63
3 23631289 15 36
3 30733132 17 36
3 30842555 9 145
3 33055720 49 113
3 33648902 69 132
3 38454433 51 114
3 39228103 6 11
3 40433398 23 40
3 42605303 4 13
3 44672664 36 115
3 46621508 37 86
3 48668557 25 41
3 49756614 5 17
3 50379057 11 181
3 53263442 7 26
3 58139357 21 59
3 67568757 53 105
3 71008387 96 280
3 77614212 51 119
3 89391190 17 52
3 100621501 62 145
3 111604254 6 82
3 120760595 106 174
3 121207647 96 187
3 122002836 13 53
3 124209631 38 94
3 124281708 19 31
3 124906155 14 42
3 126915772 12 33
3 130286021 6 23
3 137816679 18 46
3 142226864 63 112
3 142681163 5 36
3 143567007 81 159
3 150931811 41 64
3 159708016 13 92
3 178916876 31 104
3 179137245 115 213
3 179472564 77 155
3 183097181 10 108
3 183861242 5 82
3 186760952 39 77
3 186917489 14 23
3 186938837 90 183
3 187446312 32 36
3 197249620 42 81
3 197553835 64 157
4 86716 15 35
4 995819 12 14
4 13606143 23 609
4 24838958 9 103
4 25665895 28 382
4 37447416 24 109
4 41266144 55 161
4 46995362 19 44
4 48514624 48 107
4 52862252 21 59
4 53611521 43 161
4 54231483 45 85
4 55599284 69 161
4 57180590 4 14
4 71659508 16 34
4 74008365 37 69
4 75246855 64 164
4 77816859 44 128
4 110687911 26 275
4 122853690 22 34
4 128726860 88 209
4 130023766 38 126
4 151505013 16 33
4 156135127 14 225
4 156831330 5 92
4 187073162 44 101
4 187530956 54 125
5 6491376 43 92
5 32380216 51 109
5 45262465 34 92
5 45262792 108 201
5 52386352 10 102
5 52386459 41 42
5 68728826 78 144
5 71756437 13 41
5 72419443 47 89
5 72980695 58 155
5 76264840 8 26
5 79368152 11 197
5 79616172 8 205
5 80382766 24 87
5 96244727 55 112
5 130797681 32 82
5 134099691 9 151
5 137622226 54 84
5 138268381 19 55
5 138715415 9 75
5 140028079 8 260
5 140038610 78 172
5 140431583 9 19
5 140475977 13 30
5 140516147 5 119
5 140723815 10 28
5 141051674 9 50
5 141059549 18 52
5 141243416 6 36
5 147480113 54 190
5 148808487 13 17
5 151175080 63 127
5 154200853 30 544
5 156186515 8 13
5 167891774 16 34
5 168098456 5 5
5 169472845 23 152
5 170833402 121 254
5 171833330 83 162
5 172113190 23 53
5 172113201 27 51
5 176078876 62 142
5 176295130 24 43
5 176636892 49 81
5 179290628 15 39
6 2890513 22 54
6 7580324 23 41
6 17292011 3 47
6 17608570 32 96
6 28121056 52 131
6 28554398 69 163
6 30314232 24 35
6 31322972 9 16
6 31607320 45 82
6 31691597 9 26
6 33179715 14 17
6 33263160 24 35
6 33634929 31 53
6 33768882 21 50
6 37622621 79 115
6 39867872 29 50
6 40359689 10 48
6 42854004 127 370
6 43152295 44 93
6 44116062 36 82
6 45459793 14 629
6 46190983 12 361
6 65303024 57 170
6 71012663 169 330
6 74229068 52 160
6 80877418 19 192
6 83863737 26 520
6 109274397 12 51
6 109786988 40 96
6 116579866 6 50
6 116757693 23 53
6 127765414 35 67
6 130392134 100 231
6 131191053 38 107
6 132966459 79 116
6 134528527 9 267
6 138584571 16 44
6 138645227 9 9
6 147047263 108 151
6 149285599 33 124
6 150004276 8 169
6 150535929 72 207
6 150690205 48 108
6 152443753 32 53
6 152765701 38 76
6 153345472 129 281
6 160106041 67 118
6 160164749 49 84
6 161530935 45 89
6 166571753 15 60
6 167550423 89 176
6 167729005 26 121
6 170058393 35 120
7 1523451 10 27
7 1526307 8 8
7 1786588 6 4
7 2314786 45 59
7 4800834 11 14
7 6210230 60 149
7 7413150 42 78
7 8095093 111 230
7 11030443 126 294
7 16650357 17 241
7 26232889 20 292
7 32612990 43 87
7 36374749 39 94
7 38398343 86 177
7 42004970 6 49
7 45144233 9 38
7 48033954 78 209
7 48147906 3 50
7 55242454 42 101
7 63537675 8 77
7 70885903 42 76
7 73752969 20 38
7 75625777 62 158
7 86541476 54 103
7 87459366 44 95
7 87782574 10 303
7 94029548 11 87
7 94293686 6 9
7 97833343 38 71
7 99022550 33 60
7 99564772 35 71
7 100485397 40 105
7 101747648 68 127
7 102584675 14 53
7 103202035 85 174
7 103202103 65 155
7 105183047 60 107
7 105401797 144 299
7 114271582 12 26
7 122033566 60 121
7 130002288 5 74
7 130353969 37 104
7 134363723 14 200
7 139416680 10 260
7 150753861 32 62
7 150754041 35 85
7 156469275 27 82
8 1645370 7 6
8 17218630 112 232
8 17612080 71 140
8 22089639 15 46
8 22477204 4 33
8 30040852 7 13
8 32620786 64 171
8 38173512 103 221
8 38271506 3 36
8 41573293 64 115
8 42275367 12 33
8 43053074 94 191
8 77767647 24 71
8 81399516 5 28
8 87568393 77 175
8 95869023 17 237
8 105260948 12 264
8 110466999 9 258
8 123966184 33 94
8 124658197 65 109
8 124975572 68 144
8 125565267 68 197
8 134063091 31 80
8 135614147 17 49
8 139155256 46 150
8 142161874 37 47
8 142367040 5 15
8 142500217 4 15
8 143831823 5 22
8 145662018 12 28
8 146107390 44 134
9 2718738 8 11
9 17795741 50 110
9 20413990 15 434
9 32436296 77 155
9 32543930 48 125
9 32573023 4 13
9 33073753 51 134
9 35101482 48 111
9 36091184 48 119
9 70177756 21 166
9 71835938 25 55
9 77748304 8 163
9 80336317 103 192
9 80851320 4 8
9 88937965 40 123
9 90343291 10 85
9 90534137 8 125
9 99084343 76 166
9 101536174 9 13
9 112017854 47 89
9 112963323 21 241
9 113704159 24 80
9 115923917 4 70
9 121971091 61 187
9 123540779 21 47
9 131151567 22 41
9 132400352 30 74
9 132642541 12 21
9 134002928 58 169
9 134340363 12 39
9 136268949 13 29
9 139687419 7 18
9 139745350 7 12
9 139889131 5 10
9 139910599 5 24
9 140391722 9 17
9 140772631 5 13
9 141070256 8 33
10 13330437 14 25
10 17726701 21 402
10 20534320 94 242
10 29812498 75 146
10 43292925 11 128
10 46999756 11 57
10 52103736 4 85
10 61822901 68 135
10 69934251 80 210
10 73767297 4 6
10 75104841 8 64
10 96066255 80 130
10 99126844 20 69
10 101165953 10 169
10 103590857 17 40
10 105182764 48 112
10 112767399 82 167
10 115381869 53 124
10 121196346 25 63
10 122668268 38 77
10 124189205 59 119
10 127422028 21 56
10 127527584 60 129
10 128973602 26 84
10 128973720 9 26
10 129207592 75 130
10 129921155 52 152
10 134169377 25 61
10 134598588 30 46
10 134750559 7 127
11 609696 4 6
11 822398 16 50
11 828774 14 88
11 1268392 137 467
11 2424406 10 12
11 2972531 88 291
11 3039695 51 80
11 3111141 7 13
11 4113077 5 18
11 5510726 116 256
11 6592508 12 28
11 8947357 11 30
11 11362546 25 59
11 20636346 73 124
11 33127159 99 177
11 34478311 54 73
11 43469634 28 57
11 44080172 6 135
11 44950830 14 29
11 45246271 29 46
11 46407117 40 83
11 47498872 59 127
11 55681162 30 50
11 58978238 99 188
11 60229914 45 103
11 61110107 37 46
11 61646067 7 161
11 61897513 12 12
11 62339366 48 109
11 62434856 5 17
11 62445105 6 67
11 63275858 9 11
11 64026008 15 40
11 65384300 7 79
11 66006618 4 86
11 66325338 22 72
11 69466022 6 22
11 70332333 23 66
11 70507860 27 51
11 70858349 29 60
11 71712523 21 31
11 73021677 21 48
11 78413225 12 106
11 78423680 35 81
11 82560123 45 88
11 92616191 18 39
11 94730903 35 77
11 94924618 52 90
11 95825683 20 34
11 113563860 4 67
11 113934474 13 26
11 118919064 12 51
11 119002692 29 51
11 119044744 10 91
11 120322345 7 138
11 123624914 9 339
11 124120682 131 291
11 124739388 4 31
11 129787124 11 363
11 130749537 88 204
12 2908295 23 48
12 4777624 18 462
12 6760213 10 35
12 6924064 22 80
12 7069996 32 62
12 7084984 44 78
12 22812025 89 187
12 39756911 49 237
12 40687426 51 136
12 48174762 29 60
12 48358192 15 67
12 48888586 44 86
12 49427679 4 23
12 50745160 13 22
12 52946638 7 47
12 56031110 26 43
12 56346873 49 173
12 56478854 32 75
12 56515704 17 39
12 56661712 30 97
12 62708651 20 283
12 64679739 55 157
12 69981367 53 166
12 70932537 12 12
12 80226140 64 117
12 88508280 64 438
12 88570093 72 103
12 93968756 53 108
12 94243917 12 22
12 96370474 46 94
12 102492925 69 126
12 105151183 60 96
12 109519795 30 200
12 110236466 12 24
12 112121021 60 186
12 112184917 36 70
12 113722564 89 328
12 120150106 43 293
12 122623409 49 70
12 123082350 50 92
12 125432325 24 40
12 129373250 68 142
12 132405940 7 18
12 132632258 10 21
13 30097541 10 18
13 32972938 6 19
13 36748898 48 107
13 39265724 64 105
13 45964973 9 214
13 48517519 8 160
13 52509771 12 17
13 67799425 5 13
13 79190943 44 197
13 88329698 53 98
13 98865542 6 87
13 101795543 141 292
13 111111262 10 39
13 114538569 7 11
14 20927803 26 102
14 20943404 56 98
14 22236790 224 461
14 23416865 36 80
14 23524530 31 76
14 23852435 29 54
14 23894597 4 73
14 23901955 12 122
14 30135304 59 136
14 47770653 49 121
14 56134037 79 157
14 65266574 46 84
14 68241778 94 136
14 70713518 34 67
14 77272984 26 28
14 91059966 24 45
14 94849219 35 66
14 95910757 16 18
14 105349540 11 14
15 20651282 13 55
15 23299925 3 46
15 28370293 66 128
15 30926497 96 235
15 31206105 80 161
15 35166887 59 136
15 35530015 119 250
15 40661057 10 28
15 41228833 13 19
15 41272614 50 71
15 43712845 20 31
15 45411449 20 37
15 45444531 52 92
15 56209112 7 20
15 59185115 121 295
15 62147125 47 118
15 66782990 16 94
15 67477184 23 60
15 68617496 10 96
15 70344792 6 25
15 73616576 10 22
15 75641440 7 18
15 76183289 83 177
15 77406429 19 40
15 77474060 38 356
15 80137573 67 152
15 82523196 11 325
15 90127735 21 59
15 90260148 4 102
15 90342540 69 139
15 90610562 5 38
15 91185367 23 49
15 101565028 14 29
16 570528 44 71
16 675935 11 24
16 722747 38 50
16 2096259 26 34
16 2237257 51 108
16 2286930 3 7
16 2314313 79 249
16 3117467 39 94
16 3119287 10 118
16 3652147 25 67
16 4650103 16 27
16 4812715 35 70
16 7383059 61 141
16 8890134 52 101
16 9862766 20 50
16 10274088 6 22
16 10575775 41 344
16 11370141 35 60
16 11643479 7 23
16 21813976 82 157
16 22237179 23 56
16 24800814 7 152
16 28763643 8 20
16 28846626 30 98
16 28915713 5 8
16 29367206 12 17
16 29706326 11 10
16 30106212 16 25
16 30364277 8 7
16 30485612 5 15
16 30740761 6 113
16 30750723 5 62
16 30768183 18 27
16 31332891 115 231
16 46615957 70 137
16 48265751 64 149
16 54317572 22 54
16 55363166 6 21
16 55854338 14 41
16 57474720 42 69
16 67292286 23 54
16 67432530 18 28
16 67681613 11 23
16 70296392 50 105
16 70363362 51 100
16 71790016 51 111
16 74726293 97 209
16 77359872 65 150
16 84778335 59 156
16 87868104 19 49
16 88643849 24 47
16 90097747 37 89
17 6091 9 28
17 1368768 4 10
17 1382739 3 13
17 1579960 7 72
17 1630974 22 27
17 1783946 42 132
17 3301076 42 97
17 3494357 76 143
17 4849935 19 38
17 6716191 48 109
17 6927466 20 23
17 7315515 27 60
17 7366767 6 133
17 8416962 77 149
17 20407222 56 242
17 21117428 9 17
17 21204260 34 97
17 21319509 11 88
17 21825505 13 31
17 25909717 10 36
17 29549019 20 55
17 33257984 87 213
17 35687332 9 173
17 35872619 30 69
17 38178230 34 49
17 38192380 7 175
17 39519942 11 17
17 39768884 8 20
17 39959094 4 6
17 40328112 9 30
17 40837315 21 40
17 41020487 8 31
17 41158986 94 208
17 41367829 23 333
17 42849672 36 82
17 42988020 35 90
17 46052656 13 41
17 46058836 40 77
17 47295191 32 110
17 48684268 106 203
17 49362606 113 323
17 50008363 18 238
17 51901055 22 45
17 55027331 49 87
17 58024038 28 68
17 60024339 97 195
17 60060273 41 105
17 61607463 21 60
17 61613163 25 42
17 61662638 59 122
17 65971951 72 158
17 72368332 47 109
17 74035639 5 6
17 74944044 5 9
17 76083092 35 62
17 76698247 86 183
17 79650870 4 8
17 80019146 5 12
17 80320320 17 24
17 80439066 27 53
18 5197068 49 83
18 7026084 18 32
18 9570158 6 127
18 14779995 86 281
18 28574286 9 112
18 29867752 34 272
18 33283506 58 202
18 47500789 30 177
18 56063419 145 266
18 72103602 10 9
19 618504 62 122
19 736056 3 34
19 1272297 35 72
19 2132541 35 78
19 3982933 6 23
19 4028982 3 26
19 4960752 14 44
19 5144088 8 18
19 5700908 36 79
19 7677810 5 19
19 7703904 27 55
19 7963733 52 102
19 8987333 53 114
19 9069800 109 227
19 10370595 4 16
19 10908170 41 95
19 11319449 26 44
19 11658639 71 165
19 12540989 89 210
19 12576282 59 99
19 12781594 28 55
19 12805733 5 27
19 12883472 63 137
19 13255589 18 40
19 13928045 3 28
19 14266187 21 64
19 15303031 4 10
19 15586620 6 15
19 16666010 27 57
19 18367961 20 49
19 18724781 9 20
19 19407961 27 60
19 19625770 4 8
19 33089123 7 37
19 33090883 76 161
19 33502680 11 27
19 34003550 12 13
19 34263973 7 15
19 34884861 38 76
19 36211495 8 19
19 36224533 15 47
19 36517070 6 21
19 36564262 19 68
19 37644343 88 232
19 38713195 5 14
19 39038896 26 68
19 39994719 30 59
19 40199934 63 86
19 41765473 32 72
19 42860267 5 42
19 45923673 19 31
19 46289902 5 20
19 49104603 14 28
19 49131491 9 11
19 49965857 17 49
19 50295285 14 45
19 50363584 10 14
19 50735192 18 30
19 51518066 47 113
19 51983669 65 121
19 52002913 25 45
19 52873229 9 198
19 52941929 53 128
19 53015399 29 49
19 54609272 61 138
19 55106133 41 61
19 55141979 3 13
19 55418081 41 88
19 55663279 103 218
19 55798615 34 77
19 56369570 8 83
19 58115687 29 378
19 58265439 6 112
20 3268422 29 63
20 3733353 39 97
20 4164147 27 67
20 6750887 8 13
20 9351882 69 179
20 18424088 20 47
20 18446020 17 40
20 18448265 13 19
20 35467693 12 20
20 36641525 77 169
20 39800903 38 77
20 40735540 55 110
20 42088473 75 215
20 42966035 5 33
20 44680470 5 67
20 55758829 26 50
20 58562536 54 84
20 61299214 43 48
20 62121913 8 10
20 62575013 13 37
21 10934106 74 459
21 17196475 10 184
21 22664538 56 408
21 27347435 32 105
21 33297020 7 32
21 34876442 52 133
21 34932306 57 112
21 35742905 65 154
21 37833544 27 48
21 41423939 54 111
21 41719670 96 208
21 42845268 5 10
21 43259892 54 101
21 43274676 6 19
21 43704759 11 37
21 47330865 6 52
21 47548915 3 41
22 16287550 28 84
22 18032592 48 92
22 18310510 15 35
22 20102109 36 48
22 20302130 6 18
22 32108235 38 93
22 37163864 42 106
22 39817833 43 110
22 41924552 86 170
22 43036055 44 275
22 43280514 79 219
22 46930762 11 23
22 50321095 14 31
22 50665268 12 26
