chromosome_index position alt_count ref_count
1 20141297 4 9
1 21226401 103 419
1 57415368 111 360
1 95286513 71 294
1 201029869 80 335
2 46808416 5 38
2 65541212 8 18
2 128066323 36 143
2 167328884 89 293
2 179439168 31 131
2 232577853 11 200
2 238233406 21 78
3 46497300 3 32
3 53757596 27 503
4 649741 10 54
4 37839173 102 376
4 68358686 192 756
4 123150305 178 842
4 123150307 179 857
4 128694815 29 93
4 159789573 16 98
4 186244946 17 71
5 1065466 6 24
5 55086409 80 419
5 128957927 17 492
5 137278882 166 831
5 137519224 41 153
5 140389517 13 223
5 162900387 27 513
5 180432814 53 246
6 33287883 46 198
6 41168693 5 45
7 72717575 41 158
7 90042424 61 210
7 105111238 113 454
8 18662289 136 492
8 24242084 78 287
8 56436104 71 255
8 110445335 63 599
9 27202840 53 443
9 103114761 21 41
10 27420850 40 333
10 37422855 41 280
10 43288427 10 104
10 91092356 74 234
10 105750469 84 330
11 6232259 3 28
11 6816240 28 75
11 35282252 12 23
11 43283988 6 46
11 82985713 33 692
11 118774132 10 22
12 32134405 55 177
12 55523606 59 634
12 56216895 46 171
13 25914398 3 25
13 32900684 101 398
13 42461433 41 212
14 22932049 25 121
14 58954685 14 169
14 75329252 10 66
15 23006147 5 27
15 52645836 134 494
15 56735643 248 998
15 59515376 7 128
15 79585881 13 74
15 85632630 40 894
16 8987742 16 68
16 15155580 24 85
16 31193930 43 251
16 31193931 44 251
16 57785950 11 31
16 57790860 4 9
17 4389784 9 31
17 17810845 33 136
17 19237311 3 18
17 46654168 5 27
17 60140520 80 354
18 71930704 43 107
19 5784427 29 123
19 15223181 16 50
19 21300510 13 46
19 45004270 8 25
19 49641602 10 32
20 15967710 126 598
20 36641291 75 212
20 36978015 11 41
21 32638797 10 144
22 24898325 22 78
