chromosome_index position alt_count ref_count
1 2160628 12 3
1 9775652 11 21
1 12016977 19 15
1 34667770 38 11
1 52499425 8 3
1 75626592 38 22
1 79403504 63 53
1 100752670 3 43
1 103449722 8 10
1 103449723 8 10
1 145273384 52 550
1 146057360 12 31
1 151641106 19 50
1 153390678 68 79
1 158326571 46 60
1 158641244 16 40
1 158669573 19 27
1 161039369 38 71
1 165865540 102 188
1 169391451 30 26
1 169505920 22 38
1 172628386 5 67
1 173157708 19 110
1 175306678 38 56
1 176012927 59 303
1 185939517 87 209
1 196438188 6 18
1 202121728 16 36
1 204236663 18 65
1 207095236 20 35
1 208062192 65 131
1 215794025 6 14
1 215953214 54 63
1 216040365 39 61
1 220156625 55 72
1 230338962 39 121
1 237580388 23 36
1 240256593 22 18
1 240966253 57 92
1 240975331 40 65
1 247875907 41 85
2 3469391 59 75
2 24300426 5 8
2 28634831 3 62
2 58373570 11 41
2 73718480 43 75
2 74691753 28 62
2 75720630 27 31
2 90249214 49 198
2 90249395 43 143
2 90260112 100 133
2 96963242 11 18
2 97869830 4 14
2 112541901 39 156
2 114500440 20 56
2 121995390 13 24
2 132277805 8 5
2 133721320 49 108
2 160035608 60 86
2 163374347 42 56
2 163393462 66 106
2 169780147 20 61
2 176947080 10 21
2 178095440 18 31
2 179466061 32 57
2 179578646 27 36
2 179587165 68 85
2 179611834 59 97
2 179612195 34 94
2 179613197 69 133
2 179639115 60 97
2 191841606 57 44
2 196891496 9 26
2 212495206 25 82
2 228884000 31 18
3 37034472 24 15
3 45000811 47 40
3 46399015 33 33
3 51399418 9 5
3 52327209 5 7
3 78701019 56 41
3 85984983 65 50
3 97596761 11 60
3 101390839 16 69
3 108335438 20 65
3 121260261 49 186
3 122629074 12 58
3 124048750 35 34
3 126739087 20 37
3 128202703 3 51
3 130405134 27 49
3 138738793 14 20
3 147128846 31 31
3 148459210 71 239
3 154860118 10 111
3 155200709 41 172
3 155493562 37 113
3 170819288 152 606
3 172163255 15 23
3 179103449 35 129
3 182841990 16 133
4 845576 29 26
4 48152891 30 137
4 48512142 20 67
4 52861265 3 46
4 69519769 6 120
4 70080094 17 58
4 71232543 47 79
4 109738585 21 38
4 114274404 13 48
4 143045799 16 35
4 147561662 6 25
4 151504404 10 21
4 155253699 11 57
4 156717623 12 25
4 169138107 17 35
4 169369891 10 28
4 187534263 4 12
4 189060960 7 30
5 5146383 65 29
5 7698397 40 170
5 11411728 52 29
5 13900483 7 61
5 86675667 9 13
5 102343267 21 57
5 110448824 21 55
5 118485227 21 55
5 123982854 11 34
5 123982855 11 35
5 138654693 8 26
5 140712201 17 29
5 140751806 22 51
5 140755543 18 35
5 140764014 9 21
5 140768373 7 20
5 145719943 9 29
5 161576255 13 48
5 167891755 7 26
5 168671713 10 22
5 170818333 23 31
5 176396024 15 72
5 180053207 14 48
6 25851036 13 38
6 26108148 25 58
6 27101036 25 50
6 33145004 27 39
6 39159097 10 44
6 39512286 10 23
6 39843198 24 41
6 54025221 6 22
6 55192310 25 37
6 55223861 32 68
6 55939064 38 71
6 56357099 20 76
6 69703783 54 72
6 75806969 20 54
6 88229969 49 89
6 99850546 64 143
6 110746270 31 54
6 112671163 15 20
6 114378425 16 49
6 118887220 29 52
6 123759228 4 11
6 133065435 12 27
6 133836456 38 58
6 134210906 18 71
6 135679271 49 221
6 139229952 16 24
6 146625871 18 35
6 151153189 56 111
6 152786476 31 62
6 161007478 45 62
6 166578115 33 61
6 167271702 20 67
6 169629677 11 104
7 2752343 13 36
7 7636045 64 105
7 20371492 26 50
7 28995715 2 7
7 30472736 9 49
7 31142969 13 68
7 31378227 29 57
7 48443311 24 21
7 64292626 8 21
7 72418828 18 8
7 73010505 12 60
7 81579768 33 82
7 82785474 33 75
7 92732854 29 99
7 95664996 54 144
7 116918348 32 25
7 124387352 13 73
7 126410105 14 18
7 143792691 55 77
7 146536965 22 37
7 147183129 20 46
7 147869371 25 53
7 151133382 13 27
8 22056620 11 57
8 27145527 8 49
8 27606107 18 116
8 33310959 13 80
8 39873165 6 38
8 42620299 21 117
8 57025647 12 29
8 77766927 10 24
8 86047139 17 55
8 88886220 4 22
8 103373366 10 48
8 114389005 38 44
8 117866561 19 80
8 144241658 8 9
8 144378762 3 12
9 21970900 14 5
9 27949285 23 17
9 32634220 75 52
9 34521615 9 51
9 99489210 46 14
9 112963437 26 119
9 125673995 17 75
9 128728233 49 22
9 132565578 11 1
9 135205410 107 37
9 136030665 21 15
10 7708844 6 19
10 17432614 32 76
10 25464376 24 33
10 26581417 13 22
10 48428899 8 18
10 50531202 6 18
10 51769796 17 21
10 59956302 13 31
10 60560767 24 46
10 61012595 31 52
10 97917430 24 82
10 99512906 5 9
10 101510142 21 44
10 115392938 15 44
10 117026300 38 58
10 134008362 20 52
10 134041490 8 9
10 135084731 4 9
11 1162107 3 5
11 2411680 25 41
11 9182329 29 56
11 17532004 3 13
11 26529699 8 34
11 47653242 17 53
11 55563127 16 85
11 55872956 65 103
11 55873223 40 43
11 58604861 8 64
11 59271125 25 74
11 62434253 16 54
11 64359366 9 28
11 64795103 11 28
11 70318824 4 6
11 104778324 9 11
11 119050721 5 24
11 122930365 23 42
11 122944443 17 82
11 124266520 30 125
11 124267068 24 25
11 125525182 9 20
12 5541411 17 8
12 8327868 13 40
12 9318716 41 97
12 20864365 23 122
12 43944888 24 22
12 49229995 52 143
12 52979944 17 20
12 55820894 24 20
12 71978435 74 77
12 97303599 15 17
12 103352527 5 24
12 130847589 8 46
13 21212594 78 56
13 38357101 44 33
13 45768826 7 13
13 46721147 10 89
13 52951683 32 34
13 60737866 11 8
13 70314562 23 39
13 75898460 26 34
14 20692620 25 15
14 21860343 35 30
14 22321161 43 22
14 34269385 17 6
14 35243604 9 43
14 42356760 42 47
14 45537659 9 38
14 47389219 11 29
14 51132094 14 17
14 52481978 21 33
14 52509605 31 50
14 58598275 29 35
14 59113678 25 95
14 67768785 39 39
14 67768786 38 39
14 68192857 81 95
14 70795900 20 29
14 72431525 30 86
14 79111601 5 34
14 79181346 31 22
14 88707125 28 90
14 91739649 3 7
14 94391643 19 47
14 101198399 25 28
14 105477874 21 44
14 106174285 4 7
15 23890312 17 55
15 24921822 23 23
15 24922763 27 73
15 25438547 163 149
15 27159966 7 45
15 28090152 10 68
15 30919002 10 43
15 48434324 54 67
15 48634187 21 79
15 48776017 15 47
15 49833958 26 106
15 49868948 24 9
15 62182498 10 60
15 65968863 20 13
15 81241181 47 129
15 88420304 7 43
15 89382097 7 90
15 89804006 16 87
15 90020344 28 90
15 90229763 60 51
15 91546342 79 65
16 2327899 4 21
16 4797521 14 15
16 11935671 17 25
16 16177363 11 64
16 20451218 24 60
16 27752188 9 15
16 28967303 21 57
16 30793202 70 73
16 31072519 17 68
16 46771856 23 17
16 55690666 6 30
16 58594184 30 45
16 58610398 7 44
16 70843905 47 179
16 75276935 14 12
16 88696916 8 26
16 88706523 18 35
17 7578461 25 16
17 8396258 39 22
17 10358338 15 40
17 17077275 8 23
17 26108077 25 65
17 27409400 21 52
17 30358450 12 109
17 47696729 15 29
17 51902367 29 51
17 71282653 6 6
17 77921571 44 10
18 11999122 18 52
18 28935262 13 32
18 33689681 33 74
18 50731677 52 112
19 1080350 6 29
19 9045667 11 48
19 9492182 34 99
19 13060139 34 15
19 16528864 39 20
19 16962311 12 53
19 17039991 20 15
19 17892276 21 12
19 36557244 7 7
19 36884242 25 105
19 37382725 18 69
19 37676276 37 122
19 38893838 21 12
19 39322049 43 84
19 40901621 17 33
19 41916759 49 72
19 44096234 16 98
19 49484827 30 20
19 50979384 37 27
19 52519063 17 60
19 55087488 44 83
19 55365375 4 19
19 55693084 40 101
19 56473475 47 95
19 57744010 15 71
20 9525142 13 47
20 13847353 33 58
20 13847424 32 42
20 25456905 37 26
20 25596465 6 6
20 29960690 6 31
20 35422872 28 33
20 36869128 17 45
20 48522917 32 42
20 49225879 6 11
20 53227044 11 32
20 60584179 39 56
20 62729191 45 125
20 62837126 7 25
22 18273802 9 14
22 20458180 4 32
22 22843194 69 72
22 26040617 8 17
22 26860632 17 74
