chromosome_index	start_position	end_position	major_cn	minor_cn	total_cn
1	1	796726	1.0	1.0	2.0
1	796727	121499999	1.0	1.0	2.0
1	121500000	128899999	1.0	1.0	2.0
1	128900000	247247500	1.0	1.0	2.0
1	247247501	249250620	1.0	1.0	2.0
2	20016	90499999	1.0	1.0	2.0
2	90500000	96799999	1.0	1.0	2.0
2	96800000	128149066	1.0	1.0	2.0
2	128149067	128174974	1.0	1.0	2.0
2	128174975	242951000	1.0	1.0	2.0
3	62425	87899999	1.0	1.0	2.0
3	87900000	93899999	1.0	1.0	2.0
3	93900000	197792892	1.0	1.0	2.0
4	27500	48199999	1.0	1.0	2.0
4	48200000	52699999	1.0	1.0	2.0
4	52700000	191154275	1.0	1.0	2.0
5	22500	46099999	1.0	1.0	2.0
5	46100000	50699999	1.0	1.0	2.0
5	50700000	180689978	1.0	1.0	2.0
6	39681	212499	1.0	1.0	2.0
6	212500	58699999	1.0	1.0	2.0
6	58700000	63299999	1.0	1.0	2.0
6	63300000	170909796	1.0	1.0	2.0
7	44978	57999999	2.0	1.0	3.0
7	58000000	61699999	2.0	1.0	3.0
7	61700000	95391532	2.0	1.0	3.0
7	95391533	158817500	2.0	2.0	4.0
8	163370	43099999	1.0	1.0	2.0
8	43100000	48099999	1.0	1.0	2.0
8	48100000	146364021	1.0	1.0	2.0
9	47500	223159	1.0	1.0	2.0
9	223160	47299999	1.0	1.0	2.0
9	47300000	50699999	1.0	1.0	2.0
9	50700000	140267500	1.0	1.0	2.0
9	140267501	141019790	1.0	1.0	2.0
10	102500	37999999	1.0	1.0	2.0
10	38000000	42299999	1.0	1.0	2.0
10	42300000	135389924	1.0	1.0	2.0
11	20721	190009	1.0	1.0	2.0
11	190010	51599999	1.0	1.0	2.0
11	51600000	55699999	1.0	1.0	2.0
11	55700000	134442500	1.0	1.0	2.0
12	110107	33299999	2.0	1.0	3.0
12	33300000	38199999	2.0	1.0	3.0
12	38200000	132355210	2.0	1.0	3.0
12	132355211	133851894	2.0	1.0	3.0
13	1	16299999	1.0	1.0	2.0
13	16300000	19499999	1.0	1.0	2.0
13	19500000	114137500	1.0	1.0	2.0
13	114137501	115169877	1.0	1.0	2.0
14	1	16099999	1.0	1.0	2.0
14	16100000	19099999	1.0	1.0	2.0
14	19100000	106342525	1.0	1.0	2.0
14	106342526	107349539	1.0	1.0	2.0
15	1	15799999	1.0	1.0	2.0
15	15800000	20699999	1.0	1.0	2.0
15	20700000	57643366	1.0	1.0	2.0
15	57643367	57787499	1.0	0.0	1.0
15	57787500	100332500	1.0	1.0	2.0
15	100332501	102531391	1.0	1.0	2.0
16	90538	32027499	2.0	1.0	3.0
16	32027500	34274986	2.0	1.0	3.0
16	34274987	34291383	2.0	1.0	3.0
16	38600000	46404001	1.0	1.0	2.0
16	46404002	64163152	1.0	1.0	2.0
16	64163153	64212346	2.0	1.0	3.0
16	64212347	75999809	1.0	1.0	2.0
16	75999810	76452811	2.0	1.0	3.0
16	76452812	88822500	1.0	1.0	2.0
16	88822501	90354752	1.0	1.0	2.0
17	1389	14897237	2.0	0.0	2.0
17	14897238	14976724	2.0	1.0	3.0
17	14976725	14976784	2.0	1.0	3.0
17	14976785	16662499	2.0	0.0	2.0
17	16662500	16731363	2.0	0.0	2.0
17	16731364	18311703	2.0	0.0	2.0
17	18311704	20473217	2.0	0.0	2.0
17	20473218	20473376	2.0	0.0	2.0
17	20473377	20614425	2.0	0.0	2.0
17	20614426	20614562	2.0	0.0	2.0
17	20614563	20616126	2.0	0.0	2.0
17	20616127	21789788	2.0	0.0	2.0
17	25800000	78772500	2.0	1.0	3.0
17	78772501	81195209	2.0	1.0	3.0
18	27500	100778	2.0	1.0	3.0
18	100779	14142729	2.0	1.0	3.0
18	14142730	15399999	2.0	1.0	3.0
18	19000000	76112500	2.0	0.0	2.0
18	76112501	78077247	2.0	0.0	2.0
19	102500	261844	1.0	1.0	2.0
19	261845	24399999	1.0	1.0	2.0
19	24400000	28599999	1.0	1.0	2.0
19	28600000	59128982	1.0	1.0	2.0
20	17500	25599999	1.0	1.0	2.0
20	25600000	29399999	1.0	1.0	2.0
20	29400000	62432500	1.0	1.0	2.0
21	14412500	46937500	2.0	1.0	3.0
21	46937501	48129894	2.0	1.0	3.0
22	1	12199999	1.0	1.0	2.0
22	12200000	17899999	1.0	1.0	2.0
22	17900000	49687500	1.0	1.0	2.0
22	49687501	51304565	1.0	1.0	2.0
