chromosome_index position alt_count ref_count
1 165697201 6 13
1 215963464 19 42
1 237813287 29 78
2 32264545 23 56
2 43931135 3 25
3 53752717 8 17
3 169485430 32 82
4 119203061 4 11
5 61876239 11 17
5 140812344 5 95
5 160067537 53 101
5 173317568 7 75
8 37963256 7 11
8 96166985 21 50
9 35106394 6 115
9 130206337 6 16
10 32106745 11 21
11 26743123 63 104
11 47308085 20 68
11 59610001 23 56
11 63327655 23 61
11 71944166 24 85
12 42862485 27 91
12 64828356 32 98
12 105534681 7 12
14 45687522 27 63
15 43585768 23 52
15 78780092 27 64
17 2908678 13 118
17 5383886 44 83
17 67079035 6 66
19 19330090 4 25
19 47544291 6 24
19 53770040 20 59
21 42842585 5 65
22 26423733 8 11
22 39126646 3 15
