chromosome_index	start_position	end_position	major_cn	minor_cn	total_cn
1	1	840008	2.0	0.0	2.0
1	840009	9729272	2.0	0.0	2.0
1	9729273	9748298	2.0	0.0	2.0
1	9748299	11123265	2.0	0.0	2.0
1	11123266	11126563	2.0	0.0	2.0
1	11126564	26227491	2.0	0.0	2.0
1	26227492	34079889	2.0	0.0	2.0
1	34079890	34577202	0.0	0.0	0.0
1	34577203	39697052	2.0	0.0	2.0
1	39697053	39698717	2.0	0.0	2.0
1	39698718	39762380	8.0	2.0	10.0
1	39762381	39763584	8.0	2.0	10.0
1	39763585	40308744	16.0	2.0	18.0
1	40308745	40310317	16.0	2.0	18.0
1	40310318	40452024	25.0	1.0	26.0
1	40452025	40453213	25.0	1.0	26.0
1	40453214	40537806	29.0	1.0	30.0
1	40537807	40538398	26.0	2.0	28.0
1	40538399	40538665	29.0	1.0	30.0
1	40538666	40645015	29.0	1.0	30.0
1	40645016	40647933	4.0	2.0	6.0
1	40647934	44170952	4.0	2.0	6.0
1	44170953	50006774	4.0	2.0	6.0
1	50006775	50603131	8.0	2.0	10.0
1	50603132	51012905	4.0	2.0	6.0
1	51012906	51012949	4.0	2.0	6.0
1	51012950	51645306	4.0	2.0	6.0
1	51645307	51646193	4.0	2.0	6.0
1	51646194	53074507	4.0	2.0	6.0
1	53074508	53074741	4.0	2.0	6.0
1	53074742	53238336	4.0	2.0	6.0
1	53238337	76535797	4.0	2.0	6.0
1	76535798	76575095	3.0	2.0	5.0
1	76575096	76581610	3.0	2.0	5.0
1	76581611	80355032	3.0	2.0	5.0
1	80355033	81424912	4.0	2.0	6.0
1	81424913	81426619	4.0	2.0	6.0
1	81426620	84517923	4.0	2.0	6.0
1	84517924	87005384	4.0	2.0	6.0
1	87005385	87005396	4.0	2.0	6.0
1	87005397	87045744	6.0	2.0	8.0
1	87045745	87056535	6.0	2.0	8.0
1	87056536	87166905	6.0	2.0	8.0
1	87166906	88271325	6.0	2.0	8.0
1	88271326	88529957	8.0	2.0	10.0
1	88529958	88530514	8.0	2.0	10.0
1	88530515	88530811	8.0	2.0	10.0
1	88530812	88530830	8.0	2.0	10.0
1	88530831	88532414	8.0	2.0	10.0
1	88532415	88533031	6.0	2.0	8.0
1	88533032	88533525	6.0	2.0	8.0
1	88533526	88533660	6.0	2.0	8.0
1	88533661	88533911	6.0	2.0	8.0
1	88533912	88534289	6.0	2.0	8.0
1	88534290	88534793	6.0	2.0	8.0
1	88534794	88537745	6.0	2.0	8.0
1	88537746	88537882	6.0	2.0	8.0
1	88537883	88538227	6.0	2.0	8.0
1	88538228	88538261	6.0	2.0	8.0
1	88538262	88538715	6.0	2.0	8.0
1	88538716	88587200	6.0	2.0	8.0
1	88587201	88592240	6.0	2.0	8.0
1	88592241	88592641	6.0	2.0	8.0
1	88592642	88592664	6.0	2.0	8.0
1	88592665	88592704	6.0	2.0	8.0
1	88592705	88592896	6.0	2.0	8.0
1	88592897	88593224	6.0	2.0	8.0
1	88593225	88683592	6.0	2.0	8.0
1	88683593	88684131	6.0	2.0	8.0
1	88684132	88684643	6.0	2.0	8.0
1	88684644	88684719	6.0	2.0	8.0
1	88684720	88804864	6.0	2.0	8.0
1	88804865	88805112	6.0	2.0	8.0
1	88805113	88805653	6.0	2.0	8.0
1	88805654	88805708	6.0	2.0	8.0
1	88805709	88807414	6.0	2.0	8.0
1	88807415	88813691	6.0	2.0	8.0
1	88813692	88813963	6.0	2.0	8.0
1	88813964	88814106	6.0	2.0	8.0
1	88814107	88815398	6.0	2.0	8.0
1	88815399	88816693	6.0	2.0	8.0
1	88816694	88816972	6.0	2.0	8.0
1	88816973	88817058	6.0	2.0	8.0
1	88817059	89010451	6.0	2.0	8.0
1	89010452	89686681	6.0	2.0	8.0
1	89686682	89686729	6.0	2.0	8.0
1	89686730	89963650	6.0	2.0	8.0
1	89963651	90000024	7.0	2.0	9.0
1	90000025	90251785	9.0	2.0	11.0
1	90251786	90253092	8.0	2.0	10.0
1	90253093	90253406	7.0	2.0	9.0
1	90253407	90255045	7.0	2.0	9.0
1	90255046	90255952	6.0	2.0	8.0
1	90255953	90256095	6.0	2.0	8.0
1	90256096	90780627	6.0	2.0	8.0
1	90780628	90781160	6.0	2.0	8.0
1	90781161	90781308	7.0	2.0	9.0
1	90781309	90781455	7.0	2.0	9.0
1	90781456	90781627	7.0	2.0	9.0
1	90781628	90781845	7.0	2.0	9.0
1	90781846	90786566	6.0	2.0	8.0
1	90786567	90786875	6.0	2.0	8.0
1	90786876	90786906	7.0	2.0	9.0
1	90786907	90786936	7.0	2.0	9.0
1	90786937	90786958	7.0	2.0	9.0
1	90786959	90787108	7.0	2.0	9.0
1	90787109	90787380	7.0	2.0	9.0
1	90787381	92054689	7.0	2.0	9.0
1	92054690	92055030	7.0	2.0	9.0
1	92055031	92057279	8.0	2.0	10.0
1	92057280	92057548	7.0	2.0	9.0
1	92057549	92058181	7.0	2.0	9.0
1	92058182	92058236	7.0	2.0	9.0
1	92058237	92058790	6.0	2.0	8.0
1	92058791	92705860	6.0	2.0	8.0
1	92705861	92705928	6.0	2.0	8.0
1	92705929	92706003	6.0	2.0	8.0
1	92706004	92706715	6.0	2.0	8.0
1	92706716	92827042	6.0	2.0	8.0
1	92827043	92854725	5.0	2.0	7.0
1	92854726	92867659	4.0	2.0	6.0
1	92867660	92880817	6.0	2.0	8.0
1	92880818	92881657	7.0	2.0	9.0
1	92881658	93034599	6.0	2.0	8.0
1	93034600	93037095	6.0	2.0	8.0
1	93037096	93037369	6.0	2.0	8.0
1	93037370	93125143	3.0	2.0	5.0
1	93125144	93125339	6.0	1.0	7.0
1	93125340	93176014	4.0	2.0	6.0
1	93176015	93670054	3.0	2.0	5.0
1	93670055	95031569	3.0	0.0	3.0
1	95031570	95361748	5.0	0.0	5.0
1	95361749	97508577	4.0	0.0	4.0
1	97508578	97738247	5.0	0.0	5.0
1	97738248	97744708	5.0	0.0	5.0
1	97744709	97777133	7.0	0.0	7.0
1	97777134	97793931	5.0	0.0	5.0
1	97793932	97793954	6.0	0.0	6.0
1	97793955	97814612	5.0	0.0	5.0
1	97814613	97814660	3.0	0.0	3.0
1	97814661	98650071	3.0	0.0	3.0
1	98650072	99000201	4.0	0.0	4.0
1	99000202	99440442	6.0	0.0	6.0
1	99440443	99446441	6.0	0.0	6.0
1	99446442	99446946	4.0	0.0	4.0
1	99446947	99447295	7.0	0.0	7.0
1	99447296	99455071	7.0	0.0	7.0
1	99455072	99460196	6.0	0.0	6.0
1	99460197	99663063	7.0	0.0	7.0
1	99663064	107876602	3.0	0.0	3.0
1	107876603	107877583	3.0	0.0	3.0
1	107877584	110222473	3.0	0.0	3.0
1	110222474	111469433	3.0	0.0	3.0
1	111469434	111760613	2.0	0.0	2.0
1	111760614	111768541	2.0	0.0	2.0
1	111768542	111779958	2.0	0.0	2.0
1	111779959	117276653	3.0	0.0	3.0
1	117276654	117283976	3.0	0.0	3.0
1	117283977	118671906	3.0	0.0	3.0
1	118671907	118681686	4.0	0.0	4.0
1	118681687	118682856	3.0	0.0	3.0
1	118682857	119085116	4.0	0.0	4.0
1	119085117	119090799	2.0	0.0	2.0
1	119090800	120420445	2.0	0.0	2.0
1	120420446	121499999	2.0	2.0	4.0
1	121500000	128899999	2.0	2.0	4.0
1	128900000	142645602	2.0	2.0	4.0
1	142645603	143295600	2.0	2.0	4.0
1	143295601	146351201	2.0	2.0	4.0
1	146351202	157339613	2.0	2.0	4.0
1	157339614	160187914	2.0	2.0	4.0
1	160187915	160188582	2.0	2.0	4.0
1	160188583	160191009	2.0	2.0	4.0
1	160191010	160191308	2.0	2.0	4.0
1	160191309	160259062	2.0	2.0	4.0
1	160259063	160259366	2.0	2.0	4.0
1	160259367	160591459	2.0	2.0	4.0
1	160591460	160593390	2.0	2.0	4.0
1	160593391	161726971	2.0	2.0	4.0
1	161726972	171370533	2.0	2.0	4.0
1	171370534	171372172	2.0	2.0	4.0
1	171372173	176871742	2.0	2.0	4.0
1	176871743	176879096	2.0	2.0	4.0
1	176879097	183062425	2.0	2.0	4.0
1	183062426	183063171	2.0	2.0	4.0
1	183063172	189059786	2.0	2.0	4.0
1	189059787	189067306	2.0	2.0	4.0
1	189067307	192406150	2.0	2.0	4.0
1	192406151	192406203	2.0	2.0	4.0
1	192406204	211434313	2.0	2.0	4.0
1	211434314	211928398	2.0	2.0	4.0
1	211928399	211930120	2.0	2.0	4.0
1	211930121	223959595	2.0	2.0	4.0
1	223959596	223963568	2.0	2.0	4.0
1	223963569	224544529	2.0	2.0	4.0
1	224544530	224563737	2.0	2.0	4.0
1	224563738	226107925	2.0	2.0	4.0
1	226107926	231359507	2.0	2.0	4.0
1	231359508	231362858	2.0	2.0	4.0
1	231362859	231374724	2.0	2.0	4.0
1	231374725	231918799	2.0	2.0	4.0
1	231918800	231922740	2.0	2.0	4.0
1	231922741	239620967	2.0	2.0	4.0
1	239620968	247249600	2.0	0.0	2.0
1	247249601	249250620	2.0	0.0	2.0
2	20016	22629849	3.0	1.0	4.0
2	22629850	23209820	2.0	1.0	3.0
2	23209821	29000890	3.0	2.0	5.0
2	29000891	30662341	3.0	2.0	5.0
2	30662342	30664455	3.0	0.0	3.0
2	30664456	32884594	3.0	2.0	5.0
2	32884595	32886102	2.0	0.0	2.0
2	32886103	40015339	3.0	2.0	5.0
2	40015340	40877370	3.0	2.0	5.0
2	40877371	43887543	4.0	2.0	6.0
2	43887544	45310257	4.0	2.0	6.0
2	45310258	45310310	4.0	2.0	6.0
2	45310311	54782645	4.0	2.0	6.0
2	54782646	54834364	3.0	2.0	5.0
2	54834365	58227682	4.0	2.0	6.0
2	58227683	58227726	4.0	2.0	6.0
2	58227727	65557747	4.0	2.0	6.0
2	65557748	65560819	4.0	2.0	6.0
2	65560820	75641936	4.0	2.0	6.0
2	75641937	75643072	4.0	2.0	6.0
2	75643073	76256410	4.0	2.0	6.0
2	76256411	76671626	5.0	2.0	7.0
2	76671627	80552337	5.0	2.0	7.0
2	80552338	81244241	3.0	2.0	5.0
2	81244242	81245699	3.0	2.0	5.0
2	81245700	85280729	3.0	2.0	5.0
2	85280730	85280922	3.0	2.0	5.0
2	85280923	90499999	3.0	2.0	5.0
2	96800000	97526588	2.0	1.0	3.0
2	97526589	97570221	5.0	1.0	6.0
2	97570222	98832069	2.0	1.0	3.0
2	98832070	98841216	2.0	1.0	3.0
2	98841217	123502013	2.0	1.0	3.0
2	123502014	123502028	2.0	1.0	3.0
2	123502029	124948478	2.0	1.0	3.0
2	124948479	124950721	2.0	1.0	3.0
2	124950722	141107530	2.0	1.0	3.0
2	141107531	141481771	2.0	2.0	4.0
2	141481772	143783612	2.0	1.0	3.0
2	143783613	143783639	2.0	1.0	3.0
2	143783640	156527820	2.0	1.0	3.0
2	156527821	156528090	2.0	1.0	3.0
2	156528091	159651835	2.0	1.0	3.0
2	159651836	159660791	2.0	1.0	3.0
2	159660792	159672530	2.0	1.0	3.0
2	159672531	194579881	2.0	1.0	3.0
2	194579882	194582000	2.0	1.0	3.0
2	194582001	204172163	2.0	1.0	3.0
2	204172164	204195935	2.0	1.0	3.0
2	204195936	223005129	2.0	1.0	3.0
2	223005130	232499342	2.0	1.0	3.0
2	232499343	232522084	3.0	1.0	4.0
2	232522085	242999968	2.0	1.0	3.0
3	62226	27393918	2.0	0.0	2.0
3	27393919	34428722	2.0	0.0	2.0
3	34428723	34428758	2.0	0.0	2.0
3	34428759	37412338	2.0	0.0	2.0
3	37412339	37414353	2.0	0.0	2.0
3	37414354	48477063	2.0	0.0	2.0
3	48477064	48506119	4.0	0.0	4.0
3	48506120	55788634	2.0	0.0	2.0
3	55788635	55789139	2.0	0.0	2.0
3	55789140	63819924	2.0	0.0	2.0
3	63819925	65184394	2.0	0.0	2.0
3	65184395	66028802	2.0	0.0	2.0
3	66028803	66634653	3.0	0.0	3.0
3	66634654	68321665	2.0	0.0	2.0
3	68321666	68322595	2.0	0.0	2.0
3	68322596	70165809	2.0	0.0	2.0
3	70165810	71149124	3.0	0.0	3.0
3	71149125	73072982	2.0	0.0	2.0
3	73072983	75598390	2.0	0.0	2.0
3	75598391	87899999	2.0	0.0	2.0
3	93900000	97614771	3.0	2.0	5.0
3	97614772	98929432	4.0	3.0	7.0
3	98929433	101284856	3.0	2.0	5.0
3	101284857	101285050	3.0	2.0	5.0
3	101285051	123591164	3.0	2.0	5.0
3	123591165	123592275	3.0	2.0	5.0
3	123592276	123592380	3.0	2.0	5.0
3	123592381	123593644	3.0	2.0	5.0
3	123593645	123594189	3.0	2.0	5.0
3	123594190	123594239	3.0	2.0	5.0
3	123594240	123594692	3.0	2.0	5.0
3	123594693	123595059	3.0	2.0	5.0
3	123595060	123595425	3.0	2.0	5.0
3	123595426	129890437	3.0	2.0	5.0
3	129890438	129895942	3.0	0.0	3.0
3	129895943	131134958	3.0	2.0	5.0
3	131134959	144128549	2.0	2.0	4.0
3	144128550	144130180	2.0	2.0	4.0
3	144130181	145910759	2.0	2.0	4.0
3	145910760	157961050	3.0	2.0	5.0
3	157961051	157964120	3.0	2.0	5.0
3	157964121	158446774	3.0	2.0	5.0
3	158446775	158449104	3.0	2.0	5.0
3	158449105	165807000	3.0	2.0	5.0
3	165807001	165807995	3.0	2.0	5.0
3	165807996	171252212	3.0	2.0	5.0
3	171252213	171254248	3.0	2.0	5.0
3	171254249	171618970	3.0	2.0	5.0
3	171618971	176412565	3.0	2.0	5.0
3	176412566	183033224	3.0	2.0	5.0
3	183033225	185010809	3.0	2.0	5.0
3	185010810	185087488	3.0	2.0	5.0
3	185087489	185087524	3.0	2.0	5.0
3	185087525	188593685	3.0	2.0	5.0
3	188593686	188733551	5.0	2.0	7.0
3	188733552	190777311	3.0	2.0	5.0
3	190777312	190780880	3.0	2.0	5.0
3	190780881	197847500	3.0	2.0	5.0
4	27500	50083	4.0	0.0	4.0
4	50084	166614	7.0	2.0	9.0
4	166615	432165	15.0	2.0	17.0
4	432166	435377	20.0	2.0	22.0
4	435378	845044	23.0	2.0	25.0
4	845045	1419042	20.0	2.0	22.0
4	1419043	1765549	20.0	2.0	22.0
4	1765550	1823188	22.0	2.0	24.0
4	1823189	2059045	19.0	2.0	21.0
4	2059046	2062161	20.0	2.0	22.0
4	2062162	20987836	2.0	2.0	4.0
4	20987837	20989025	2.0	2.0	4.0
4	20989026	23922860	2.0	2.0	4.0
4	23922861	34327102	2.0	2.0	4.0
4	34327103	34327772	2.0	2.0	4.0
4	34327773	36923601	2.0	2.0	4.0
4	36923602	37165882	3.0	2.0	5.0
4	37165883	37165910	3.0	2.0	5.0
4	37165911	39323314	3.0	2.0	5.0
4	39323315	39333246	2.0	2.0	4.0
4	39333247	47453190	3.0	2.0	5.0
4	47453191	47453582	3.0	2.0	5.0
4	47453583	48199999	3.0	2.0	5.0
4	52700000	54452120	2.0	2.0	4.0
4	54452121	54459836	3.0	2.0	5.0
4	54459837	54460009	3.0	2.0	5.0
4	54460010	55045915	3.0	2.0	5.0
4	55045916	55754597	2.0	2.0	4.0
4	55754598	56262124	3.0	2.0	5.0
4	56262125	56284202	3.0	2.0	5.0
4	56284203	56291541	3.0	2.0	5.0
4	56291542	57369194	3.0	2.0	5.0
4	57369195	57644847	2.0	2.0	4.0
4	57644848	58647098	3.0	2.0	5.0
4	58647099	59245163	4.0	2.0	6.0
4	59245164	83275174	2.0	0.0	2.0
4	83275175	100866712	2.0	0.0	2.0
4	100866713	100867557	2.0	0.0	2.0
4	100867558	105234784	2.0	0.0	2.0
4	105234785	105237001	2.0	0.0	2.0
4	105237002	145623536	2.0	0.0	2.0
4	145623537	149124861	2.0	0.0	2.0
4	149124862	149124916	2.0	0.0	2.0
4	149124917	178979713	2.0	0.0	2.0
4	178979714	191154275	2.0	0.0	2.0
5	14676	850202	2.0	0.0	2.0
5	850203	21148128	2.0	0.0	2.0
5	21148129	27424947	1.0	0.0	1.0
5	27424948	30463770	2.0	0.0	2.0
5	30463771	30729353	1.0	0.0	1.0
5	30729354	30922687	2.0	0.0	2.0
5	30922688	30922861	2.0	0.0	2.0
5	30922862	30932050	1.0	0.0	1.0
5	30932051	32244535	1.0	0.0	1.0
5	32244536	35484482	2.0	0.0	2.0
5	35484483	35512696	3.0	0.0	3.0
5	35512697	35516647	3.0	0.0	3.0
5	35516648	35525646	3.0	0.0	3.0
5	35525647	35610129	3.0	0.0	3.0
5	35610130	35657220	3.0	0.0	3.0
5	35657221	35728392	2.0	0.0	2.0
5	35728393	36221902	3.0	0.0	3.0
5	36221903	36234852	3.0	0.0	3.0
5	36234853	36236324	4.0	0.0	4.0
5	36236325	37185610	4.0	0.0	4.0
5	37185611	37186774	4.0	0.0	4.0
5	37186775	37215411	2.0	0.0	2.0
5	37215412	38855566	1.0	0.0	1.0
5	38855567	46099999	2.0	0.0	2.0
5	46100000	50699999	2.0	0.0	2.0
5	50700000	77298204	2.0	0.0	2.0
5	77298205	91125053	2.0	0.0	2.0
5	91125054	91125760	2.0	0.0	2.0
5	91125761	91893780	2.0	0.0	2.0
5	91893781	91893946	2.0	0.0	2.0
5	91893947	91899557	2.0	0.0	2.0
5	91899558	91902963	2.0	0.0	2.0
5	91902964	137891654	2.0	0.0	2.0
5	137891655	139105724	2.0	0.0	2.0
5	139105725	139109431	2.0	0.0	2.0
5	139109432	152526819	2.0	0.0	2.0
5	152526820	152579435	2.0	0.0	2.0
5	152579436	152585261	2.0	0.0	2.0
5	152585262	168319146	2.0	0.0	2.0
5	168319147	168319948	2.0	0.0	2.0
5	168319949	179156754	2.0	0.0	2.0
5	179156755	179157010	2.0	0.0	2.0
5	179157011	180662500	2.0	0.0	2.0
6	39681	202776	4.0	0.0	4.0
6	202777	4027881	4.0	0.0	4.0
6	4027882	10519255	4.0	0.0	4.0
6	10519256	19799610	4.0	0.0	4.0
6	19799611	19801291	4.0	0.0	4.0
6	19801292	21468715	4.0	0.0	4.0
6	21468716	21468756	4.0	0.0	4.0
6	21468757	26212076	4.0	0.0	4.0
6	26212077	30277792	2.0	0.0	2.0
6	30277793	31264351	3.0	2.0	5.0
6	31264352	32605730	3.0	2.0	5.0
6	32605731	34342827	3.0	2.0	5.0
6	34342828	34343892	3.0	2.0	5.0
6	34343893	35729861	3.0	2.0	5.0
6	35729862	52699754	3.0	2.0	5.0
6	52699755	52699769	3.0	2.0	5.0
6	52699770	53256469	3.0	2.0	5.0
6	53256470	53256525	3.0	2.0	5.0
6	53256526	56480723	3.0	2.0	5.0
6	56480724	56481372	3.0	2.0	5.0
6	56481373	57267669	3.0	2.0	5.0
6	57267670	57335240	6.0	2.0	8.0
6	57335241	58074365	10.0	2.0	12.0
6	58074366	58699999	3.0	2.0	5.0
6	63300000	63564859	7.0	2.0	9.0
6	63564860	63570471	2.0	0.0	2.0
6	63570472	63945936	7.0	2.0	9.0
6	63945937	63948108	5.0	2.0	7.0
6	63948109	64149718	3.0	2.0	5.0
6	64149719	64677828	5.0	2.0	7.0
6	64677829	64677863	5.0	2.0	7.0
6	64677864	66539733	5.0	2.0	7.0
6	66539734	66576306	6.0	2.0	8.0
6	66576307	66587944	7.0	2.0	9.0
6	66587945	66666421	4.0	2.0	6.0
6	66666422	67189994	3.0	2.0	5.0
6	67189995	69071437	3.0	2.0	5.0
6	69071438	69071980	8.0	2.0	10.0
6	69071981	69345269	8.0	2.0	10.0
6	69345270	79785725	3.0	2.0	5.0
6	79785726	79785787	8.0	2.0	10.0
6	79785788	84507357	8.0	2.0	10.0
6	84507358	85859919	8.0	2.0	10.0
6	85859920	85860636	8.0	2.0	10.0
6	85860637	85864971	6.0	2.0	8.0
6	85864972	86548903	7.0	2.0	9.0
6	86548904	88791064	8.0	2.0	10.0
6	88791065	88791097	7.0	2.0	9.0
6	88791098	88791365	15.0	2.0	17.0
6	88791366	88885774	8.0	2.0	10.0
6	88885775	88886273	8.0	2.0	10.0
6	88886274	88887723	3.0	1.0	4.0
6	88887724	88892691	3.0	2.0	5.0
6	88892692	91140637	3.0	2.0	5.0
6	91140638	91147443	2.0	2.0	4.0
6	91147444	96994228	3.0	2.0	5.0
6	96994229	96995752	3.0	2.0	5.0
6	96995753	111857119	3.0	2.0	5.0
6	111857120	112040038	4.0	3.0	7.0
6	112040039	114866009	3.0	2.0	5.0
6	114866010	115143113	3.0	2.0	5.0
6	115143114	115143126	3.0	2.0	5.0
6	115143127	120304170	3.0	2.0	5.0
6	120304171	131044846	3.0	2.0	5.0
6	131044847	141012501	3.0	2.0	5.0
6	141012502	141014022	3.0	2.0	5.0
6	141014023	146027458	3.0	2.0	5.0
6	146027459	155654939	3.0	2.0	5.0
6	155654940	160740713	3.0	2.0	5.0
6	160740714	161434091	4.0	3.0	7.0
6	161434092	161434102	4.0	3.0	7.0
6	161434103	161778571	4.0	3.0	7.0
6	161778572	164158987	3.0	2.0	5.0
6	164158988	170907623	2.0	0.0	2.0
7	43638	3371396	2.0	0.0	2.0
7	3371397	3372042	2.0	0.0	2.0
7	3372043	3376334	2.0	0.0	2.0
7	3376335	3979027	3.0	2.0	5.0
7	3979028	4223995	5.0	2.0	7.0
7	4223996	4225472	5.0	1.0	6.0
7	4225473	10457936	2.0	2.0	4.0
7	10457937	10458145	2.0	2.0	4.0
7	10458146	11516309	2.0	2.0	4.0
7	11516310	17246486	2.0	1.0	3.0
7	17246487	17248380	2.0	1.0	3.0
7	17248381	42020345	2.0	1.0	3.0
7	42020346	42021088	2.0	1.0	3.0
7	42021089	50005271	2.0	1.0	3.0
7	50005272	55001389	2.0	1.0	3.0
7	55001390	55002394	2.0	1.0	3.0
7	55002395	55010701	2.0	2.0	4.0
7	55010702	57999999	2.0	2.0	4.0
7	58000000	61699999	2.0	2.0	4.0
7	61700000	79682868	2.0	2.0	4.0
7	79682869	91741686	2.0	2.0	4.0
7	91741687	91741951	2.0	2.0	4.0
7	91741952	91742319	2.0	2.0	4.0
7	91742320	91742459	2.0	2.0	4.0
7	91742460	93307283	2.0	2.0	4.0
7	93307284	98963752	2.0	2.0	4.0
7	98963753	98964174	2.0	2.0	4.0
7	98964175	107584613	2.0	2.0	4.0
7	107584614	108796008	4.0	2.0	6.0
7	108796009	129987381	2.0	2.0	4.0
7	129987382	129988220	2.0	2.0	4.0
7	129988221	131792899	2.0	2.0	4.0
7	131792900	131794622	2.0	1.0	3.0
7	131794623	141617916	2.0	2.0	4.0
7	141617917	141620555	2.0	2.0	4.0
7	141620556	145726412	2.0	2.0	4.0
7	145726413	145727825	2.0	2.0	4.0
7	145727826	146353300	2.0	2.0	4.0
7	146353301	146354793	2.0	2.0	4.0
7	146354794	156217761	2.0	2.0	4.0
7	156217762	158821400	2.0	2.0	4.0
7	158821401	158934806	2.0	2.0	4.0
7	158934807	158934828	2.0	2.0	4.0
8	156434	4728069	2.0	0.0	2.0
8	4728070	4857874	1.0	0.0	1.0
8	4857875	6264848	2.0	0.0	2.0
8	6264849	6264885	2.0	0.0	2.0
8	6264886	7249046	2.0	0.0	2.0
8	7249047	12024322	2.0	0.0	2.0
8	12024323	24423390	2.0	0.0	2.0
8	24423391	29741537	2.0	2.0	4.0
8	29741538	29743426	2.0	2.0	4.0
8	29743427	37625495	2.0	2.0	4.0
8	37625496	37625931	2.0	2.0	4.0
8	37625932	43099999	2.0	2.0	4.0
8	43100000	48099999	2.0	2.0	4.0
8	48100000	59029350	2.0	2.0	4.0
8	59029351	59031929	2.0	2.0	4.0
8	59031930	65790822	2.0	2.0	4.0
8	65790823	89429789	2.0	2.0	4.0
8	89429790	93197158	2.0	2.0	4.0
8	93197159	93203903	2.0	0.0	2.0
8	93203904	100400281	2.0	2.0	4.0
8	100400282	104636741	2.0	2.0	4.0
8	104636742	104644578	2.0	2.0	4.0
8	104644579	107829160	2.0	2.0	4.0
8	107829161	122471781	2.0	2.0	4.0
8	122471782	127055981	2.0	2.0	4.0
8	127055982	127056009	2.0	2.0	4.0
8	127056010	128547696	2.0	2.0	4.0
8	128547697	128547879	2.0	2.0	4.0
8	128547880	128763194	2.0	2.0	4.0
8	128763195	128767650	2.0	2.0	4.0
8	128767651	129414273	2.0	2.0	4.0
8	129414274	129414709	2.0	2.0	4.0
8	129414710	133498978	2.0	2.0	4.0
8	133498979	139590731	2.0	2.0	4.0
8	139590732	139590774	2.0	2.0	4.0
8	139590775	144399892	2.0	2.0	4.0
8	144399893	144403601	3.0	2.0	5.0
8	144403602	144406318	2.0	2.0	4.0
8	144406319	144471616	3.0	2.0	5.0
8	144471617	144614414	3.0	3.0	6.0
8	144614415	144692197	4.0	4.0	8.0
8	144692198	146364021	4.0	2.0	6.0
9	85168	203309	2.0	0.0	2.0
9	203310	5732254	2.0	0.0	2.0
9	5732255	5733513	2.0	0.0	2.0
9	5733514	20356299	2.0	0.0	2.0
9	20356300	20971420	2.0	0.0	2.0
9	20971421	23815874	0.0	0.0	0.0
9	23815875	37203985	2.0	0.0	2.0
9	37203986	43151120	2.0	0.0	2.0
9	43151121	47299999	2.0	0.0	2.0
9	50700000	66267499	3.0	0.0	3.0
9	66267500	69351274	2.0	0.0	2.0
9	69351275	80650543	2.0	0.0	2.0
9	80650544	123939781	2.0	0.0	2.0
9	123939782	134531052	2.0	0.0	2.0
9	134531053	134533017	2.0	0.0	2.0
9	134533018	140223200	2.0	0.0	2.0
10	95353	12731531	1.0	0.0	1.0
10	12731532	12732760	1.0	0.0	1.0
10	12732761	23666605	1.0	0.0	1.0
10	23666606	37999999	2.0	0.0	2.0
10	38000000	43237016	2.0	0.0	2.0
10	43237017	46949758	2.0	0.0	2.0
10	46949759	53482119	2.0	0.0	2.0
10	53482120	53487760	2.0	0.0	2.0
10	53487761	53492095	5.0	2.0	7.0
10	53492096	53492756	5.0	2.0	7.0
10	53492757	53652021	5.0	2.0	7.0
10	53652022	53972377	6.0	2.0	8.0
10	53972378	53974642	6.0	2.0	8.0
10	53974643	56762110	2.0	0.0	2.0
10	56762111	56763209	2.0	0.0	2.0
10	56763210	59462609	2.0	0.0	2.0
10	59462610	66401859	2.0	2.0	4.0
10	66401860	66405102	2.0	2.0	4.0
10	66405103	85430016	2.0	2.0	4.0
10	85430017	95650826	2.0	0.0	2.0
10	95650827	95652689	2.0	0.0	2.0
10	95652690	96495365	2.0	0.0	2.0
10	96495366	96495741	2.0	0.0	2.0
10	96495742	96504181	2.0	0.0	2.0
10	96504182	96516723	2.0	0.0	2.0
10	96516724	104367725	2.0	0.0	2.0
10	104367726	104367787	2.0	0.0	2.0
10	104367788	110181032	2.0	0.0	2.0
10	110181033	110182572	2.0	0.0	2.0
10	110182573	120795386	2.0	0.0	2.0
10	120795387	121304700	2.0	0.0	2.0
10	121304701	121305802	2.0	0.0	2.0
10	121305803	122996987	2.0	0.0	2.0
10	122996988	122998556	2.0	0.0	2.0
10	122998557	135235689	2.0	0.0	2.0
10	135235690	135389924	2.0	0.0	2.0
11	20721	199255	2.0	1.0	3.0
11	199256	14526420	2.0	1.0	3.0
11	14526421	14529366	2.0	1.0	3.0
11	14529367	16996590	2.0	1.0	3.0
11	16996591	18429161	2.0	1.0	3.0
11	18429162	18429412	2.0	1.0	3.0
11	18429413	26540904	2.0	1.0	3.0
11	26540905	26542289	2.0	1.0	3.0
11	26542290	31233903	2.0	1.0	3.0
11	31233904	31236675	1.0	0.0	1.0
11	31236676	47511661	2.0	1.0	3.0
11	47511662	48640994	2.0	1.0	3.0
11	48640995	48643539	2.0	1.0	3.0
11	48643540	51599999	2.0	1.0	3.0
11	51600000	55699999	2.0	1.0	3.0
11	55700000	65876592	2.0	1.0	3.0
11	65876593	65877543	2.0	1.0	3.0
11	65877544	66595026	2.0	1.0	3.0
11	66595027	66967163	3.0	1.0	4.0
11	66967164	66968767	3.0	1.0	4.0
11	66968768	69532375	3.0	1.0	4.0
11	69532376	69534196	3.0	1.0	4.0
11	69534197	71418239	3.0	1.0	4.0
11	71418240	74128665	3.0	1.0	4.0
11	74128666	74144157	3.0	0.0	3.0
11	74144158	75320255	3.0	1.0	4.0
11	75320256	75320277	3.0	1.0	4.0
11	75320278	75665366	3.0	1.0	4.0
11	75665367	84166386	3.0	1.0	4.0
11	84166387	85881471	3.0	1.0	4.0
11	85881472	85883430	2.0	1.0	3.0
11	85883431	92875825	3.0	1.0	4.0
11	92875826	92876429	3.0	1.0	4.0
11	92876430	93050685	3.0	1.0	4.0
11	93050686	93051851	3.0	1.0	4.0
11	93051852	124476759	3.0	1.0	4.0
11	124476760	124477915	3.0	1.0	4.0
11	124477916	134452200	3.0	1.0	4.0
12	110107	4879753	2.0	2.0	4.0
12	4879754	4879793	2.0	2.0	4.0
12	4879794	7053651	2.0	2.0	4.0
12	7053652	7055175	2.0	2.0	4.0
12	7055176	11569796	2.0	2.0	4.0
12	11569797	11569920	2.0	2.0	4.0
12	11569921	33299999	2.0	2.0	4.0
12	38200000	38768940	3.0	2.0	5.0
12	38768941	39791774	2.0	2.0	4.0
12	39791775	47693291	2.0	2.0	4.0
12	47693292	60036489	2.0	2.0	4.0
12	60036490	60138759	2.0	0.0	2.0
12	60138760	61440429	2.0	2.0	4.0
12	61440430	61445859	2.0	2.0	4.0
12	61445860	63353148	2.0	2.0	4.0
12	63353149	63353882	2.0	2.0	4.0
12	63353883	76309778	2.0	2.0	4.0
12	76309779	76310796	2.0	2.0	4.0
12	76310797	85607226	2.0	2.0	4.0
12	85607227	85609012	2.0	2.0	4.0
12	85609013	86268091	2.0	2.0	4.0
12	86268092	86270412	2.0	2.0	4.0
12	86270413	86272396	2.0	2.0	4.0
12	86272397	86275997	2.0	2.0	4.0
12	86275998	86276363	2.0	2.0	4.0
12	86276364	90154624	2.0	2.0	4.0
12	90154625	94376939	2.0	2.0	4.0
12	94376940	94378361	2.0	2.0	4.0
12	94378362	106197353	2.0	2.0	4.0
12	106197354	106199171	2.0	2.0	4.0
12	106199172	120933915	2.0	2.0	4.0
12	120933916	132349400	2.0	2.0	4.0
12	132349401	133851894	2.0	2.0	4.0
13	1	16299999	2.0	1.0	3.0
13	16300000	19499999	2.0	1.0	3.0
13	19500000	25065441	2.0	1.0	3.0
13	25065442	30443721	2.0	1.0	3.0
13	30443722	30443763	2.0	2.0	4.0
13	30443764	41319747	2.0	1.0	3.0
13	41319748	49011061	2.0	0.0	2.0
13	49011062	49011136	2.0	0.0	2.0
13	49011137	76003819	2.0	0.0	2.0
13	76003820	76005361	2.0	0.0	2.0
13	76005362	76005808	2.0	0.0	2.0
13	76005809	76007539	2.0	0.0	2.0
13	76007540	76008098	2.0	0.0	2.0
13	76008099	76008370	2.0	0.0	2.0
13	76008371	76008685	2.0	0.0	2.0
13	76008686	76008836	2.0	0.0	2.0
13	76008837	78131918	2.0	0.0	2.0
13	78131919	78134012	2.0	0.0	2.0
13	78134013	78141096	3.0	0.0	3.0
13	78141097	95030662	2.0	0.0	2.0
13	95030663	114142800	2.0	1.0	3.0
13	114142801	115169877	2.0	2.0	4.0
14	1	16099999	2.0	0.0	2.0
14	16100000	19099999	2.0	0.0	2.0
14	19100000	19489201	2.0	0.0	2.0
14	19489202	20426720	2.0	0.0	2.0
14	20426721	21169206	2.0	0.0	2.0
14	21169207	24464957	1.0	0.0	1.0
14	24464958	24946193	2.0	1.0	3.0
14	24946194	27774853	1.0	0.0	1.0
14	27774854	27777282	1.0	0.0	1.0
14	27777283	33991700	4.0	0.0	4.0
14	33991701	34034773	4.0	0.0	4.0
14	34034774	34118771	4.0	0.0	4.0
14	34118772	38446082	4.0	2.0	6.0
14	38446083	38928984	4.0	2.0	6.0
14	38928985	39070607	4.0	0.0	4.0
14	39070608	39365212	4.0	2.0	6.0
14	39365213	39483042	4.0	0.0	4.0
14	39483043	40018257	4.0	2.0	6.0
14	40018258	40018378	4.0	0.0	4.0
14	40018379	40021243	4.0	1.0	5.0
14	40021244	40021982	4.0	1.0	5.0
14	40021983	40636929	4.0	0.0	4.0
14	40636930	40767020	4.0	2.0	6.0
14	40767021	41149407	4.0	0.0	4.0
14	41149408	41157333	4.0	0.0	4.0
14	41157334	43159313	4.0	0.0	4.0
14	43159314	46051096	4.0	0.0	4.0
14	46051097	46052285	4.0	0.0	4.0
14	46052286	46084515	4.0	0.0	4.0
14	46084516	46096045	4.0	1.0	5.0
14	46096046	46133009	4.0	0.0	4.0
14	46133010	46139040	4.0	0.0	4.0
14	46139041	46282119	4.0	0.0	4.0
14	46282120	46283247	4.0	0.0	4.0
14	46283248	46283419	4.0	0.0	4.0
14	46283420	46285170	4.0	0.0	4.0
14	46285171	47471471	4.0	0.0	4.0
14	47471472	48093481	4.0	0.0	4.0
14	48093482	48094440	4.0	0.0	4.0
14	48094441	48349579	4.0	0.0	4.0
14	48349580	48349795	4.0	0.0	4.0
14	48349796	50427070	4.0	0.0	4.0
14	50427071	50428008	4.0	0.0	4.0
14	50428009	54861704	4.0	0.0	4.0
14	54861705	60057452	4.0	2.0	6.0
14	60057453	60361914	4.0	0.0	4.0
14	60361915	60436438	4.0	2.0	6.0
14	60436439	62844498	4.0	0.0	4.0
14	62844499	62844681	4.0	0.0	4.0
14	62844682	62845758	4.0	0.0	4.0
14	62845759	62847543	4.0	4.0	8.0
14	62847544	63283379	4.0	4.0	8.0
14	63283380	64226848	4.0	2.0	6.0
14	64226849	65550487	4.0	2.0	6.0
14	65550488	65569216	4.0	2.0	6.0
14	65569217	66674961	4.0	2.0	6.0
14	66674962	74181859	4.0	0.0	4.0
14	74181860	74199570	4.0	0.0	4.0
14	74199571	74999670	4.0	0.0	4.0
14	74999671	75055509	5.0	0.0	5.0
14	75055510	75055564	5.0	0.0	5.0
14	75055565	75055628	5.0	0.0	5.0
14	75055629	75060168	4.0	0.0	4.0
14	75060169	75077846	5.0	0.0	5.0
14	75077847	75201744	4.0	0.0	4.0
14	75201745	75626542	4.0	0.0	4.0
14	75626543	75674060	5.0	0.0	5.0
14	75674061	75691970	4.0	0.0	4.0
14	75691971	75717549	4.0	0.0	4.0
14	75717550	75727873	4.0	0.0	4.0
14	75727874	75899971	5.0	0.0	5.0
14	75899972	75919291	4.0	0.0	4.0
14	75919292	75926292	3.0	0.0	3.0
14	75926293	75926385	4.0	0.0	4.0
14	75926386	75943257	4.0	0.0	4.0
14	75943258	76028095	5.0	0.0	5.0
14	76028096	76028155	5.0	0.0	5.0
14	76028156	76031710	4.0	0.0	4.0
14	76031711	76047565	4.0	0.0	4.0
14	76047566	76049907	4.0	0.0	4.0
14	76049908	76140099	3.0	0.0	3.0
14	76140100	76152197	4.0	0.0	4.0
14	76152198	76169571	4.0	0.0	4.0
14	76169572	76171053	4.0	0.0	4.0
14	76171054	76215527	4.0	0.0	4.0
14	76215528	76626514	4.0	0.0	4.0
14	76626515	76628339	4.0	0.0	4.0
14	76628340	80668159	4.0	0.0	4.0
14	80668160	92712430	4.0	0.0	4.0
14	92712431	95809994	4.0	2.0	6.0
14	95809995	95926313	2.0	2.0	4.0
14	95926314	100800743	3.0	2.0	5.0
14	100800744	100800773	3.0	2.0	5.0
14	100800774	102547583	3.0	2.0	5.0
14	102547584	106368400	3.0	2.0	5.0
15	1	15799999	2.0	1.0	3.0
15	15800000	20699999	2.0	1.0	3.0
15	20700000	30147496	2.0	1.0	3.0
15	30147497	30148644	2.0	1.0	3.0
15	30148645	34047729	2.0	1.0	3.0
15	34047730	34048986	2.0	1.0	3.0
15	34048987	39666041	2.0	1.0	3.0
15	39666042	39666100	2.0	1.0	3.0
15	39666101	65723351	2.0	1.0	3.0
15	65723352	66510935	2.0	1.0	3.0
15	66510936	66511230	2.0	1.0	3.0
15	66511231	69157495	2.0	1.0	3.0
15	69157496	69159465	2.0	1.0	3.0
15	69159466	77767420	2.0	1.0	3.0
15	77767421	77767433	2.0	1.0	3.0
15	77767434	78370258	2.0	1.0	3.0
15	78370259	79614686	2.0	1.0	3.0
15	79614687	80990731	2.0	1.0	3.0
15	80990732	81437075	4.0	1.0	5.0
15	81437076	93977590	2.0	1.0	3.0
15	93977591	93981148	2.0	1.0	3.0
15	93981149	97630002	2.0	1.0	3.0
15	97630003	98533564	1.0	0.0	1.0
15	98533565	100338800	2.0	1.0	3.0
15	100338801	102448955	2.0	1.0	3.0
16	85650	254853	4.0	3.0	7.0
16	254854	261696	4.0	2.0	6.0
16	261697	1781320	4.0	3.0	7.0
16	1781321	3120015	4.0	3.0	7.0
16	3120016	3126163	3.0	2.0	5.0
16	3126164	3253132	4.0	3.0	7.0
16	3253133	11910044	4.0	2.0	6.0
16	11910045	11931842	4.0	2.0	6.0
16	11931843	11940753	4.0	2.0	6.0
16	11940754	21570013	4.0	2.0	6.0
16	21570014	24974824	2.0	2.0	4.0
16	24974825	34599999	2.0	2.0	4.0
16	34600000	38599999	2.0	2.0	4.0
16	38600000	46437500	2.0	2.0	4.0
16	46437501	56566523	2.0	0.0	2.0
16	56566524	56569779	2.0	0.0	2.0
16	56569780	88827200	2.0	0.0	2.0
16	88827201	90354752	2.0	0.0	2.0
17	12500	1680618	3.0	0.0	3.0
17	1680619	1680894	3.0	0.0	3.0
17	1680895	7760400	3.0	0.0	3.0
17	7760401	7760449	3.0	0.0	3.0
17	7760450	8377613	3.0	0.0	3.0
17	8377614	8377983	3.0	0.0	3.0
17	8377984	8378013	3.0	0.0	3.0
17	8378014	11643293	3.0	0.0	3.0
17	11643294	13393831	5.0	0.0	5.0
17	13393832	18305156	3.0	0.0	3.0
17	18305157	22199999	3.0	0.0	3.0
17	22200000	25799999	3.0	0.0	3.0
17	25800000	26889163	3.0	0.0	3.0
17	26889164	27629657	2.0	0.0	2.0
17	27629658	31198320	3.0	0.0	3.0
17	31198321	31594183	2.0	0.0	2.0
17	31594184	31594310	2.0	0.0	2.0
17	31594311	31594956	2.0	0.0	2.0
17	31594957	32232367	0.0	0.0	0.0
17	32232368	43330066	2.0	0.0	2.0
17	43330067	47794171	3.0	2.0	5.0
17	47794172	47798021	3.0	2.0	5.0
17	47798022	61822613	3.0	2.0	5.0
17	61822614	61823895	3.0	2.0	5.0
17	61823896	62467716	3.0	2.0	5.0
17	62467717	62468694	3.0	2.0	5.0
17	62468695	64651009	3.0	2.0	5.0
17	64651010	64726441	3.0	3.0	6.0
17	64726442	64731295	3.0	2.0	5.0
17	64731296	65752755	4.0	3.0	7.0
17	65752756	66252435	4.0	3.0	7.0
17	66252436	66649527	5.0	3.0	8.0
17	66649528	71478972	3.0	2.0	5.0
17	71478973	71479710	3.0	2.0	5.0
17	71479711	71479792	3.0	2.0	5.0
17	71479793	71479865	2.0	2.0	4.0
17	71479866	71480204	2.0	2.0	4.0
17	71480205	71480301	2.0	2.0	4.0
17	71480302	71969592	3.0	2.0	5.0
17	71969593	71970404	3.0	2.0	5.0
17	71970405	73775896	3.0	2.0	5.0
17	73775897	78774600	3.0	2.0	5.0
17	78774601	81195209	3.0	2.0	5.0
18	27500	81881	2.0	1.0	3.0
18	81882	1867447	2.0	1.0	3.0
18	1867448	1867477	2.0	1.0	3.0
18	1867478	1869322	2.0	1.0	3.0
18	1869323	3819088	2.0	1.0	3.0
18	3819089	4233566	1.0	0.0	1.0
18	4233567	7214178	2.0	1.0	3.0
18	7214179	7215367	2.0	1.0	3.0
18	7215368	10597362	2.0	1.0	3.0
18	10597363	11271669	4.0	2.0	6.0
18	11271670	11919037	3.0	2.0	5.0
18	11919038	11922015	2.0	1.0	3.0
18	11922016	12167717	2.0	1.0	3.0
18	12167718	12192996	2.0	2.0	4.0
18	12192997	12464424	2.0	2.0	4.0
18	12464425	12465953	2.0	2.0	4.0
18	12465954	12849780	2.0	2.0	4.0
18	12849781	13625846	2.0	2.0	4.0
18	13625847	13690164	2.0	2.0	4.0
18	13690165	14021985	2.0	2.0	4.0
18	14021986	14044507	2.0	2.0	4.0
18	14044508	14534561	4.0	2.0	6.0
18	19000000	26794888	2.0	2.0	4.0
18	26794889	26794923	2.0	2.0	4.0
18	26794924	30682939	2.0	2.0	4.0
18	30682940	37789125	2.0	2.0	4.0
18	37789126	47310072	2.0	1.0	3.0
18	47310073	47602641	2.0	1.0	3.0
18	47602642	47604258	2.0	1.0	3.0
18	47604259	47870373	2.0	1.0	3.0
18	47870374	47870405	2.0	1.0	3.0
18	47870406	62486000	2.0	1.0	3.0
18	62486001	63778222	2.0	1.0	3.0
18	63778223	77886008	3.0	1.0	4.0
18	77886009	77886990	3.0	1.0	4.0
19	102500	255095	2.0	0.0	2.0
19	255096	10791166	2.0	0.0	2.0
19	10791167	10798085	2.0	0.0	2.0
19	10798086	24399999	2.0	0.0	2.0
19	28600000	28619623	3.0	2.0	5.0
19	28619624	29573871	2.0	2.0	4.0
19	29573872	29574033	2.0	2.0	4.0
19	29574034	30462729	2.0	2.0	4.0
19	30462730	30463712	2.0	2.0	4.0
19	30463713	35233506	2.0	2.0	4.0
19	35233507	41133794	2.0	2.0	4.0
19	41133795	41152653	4.0	2.0	6.0
19	41152654	43800005	2.0	2.0	4.0
19	43800006	49468577	2.0	2.0	4.0
19	49468578	58015636	2.0	2.0	4.0
19	58015637	58021646	2.0	2.0	4.0
19	58021647	59128982	2.0	2.0	4.0
20	75121	1349827	2.0	2.0	4.0
20	1349828	6701262	2.0	2.0	4.0
20	6701263	6704264	2.0	2.0	4.0
20	6704265	6761167	5.0	2.0	7.0
20	6761168	6762783	3.0	2.0	5.0
20	6762784	13695120	3.0	2.0	5.0
20	13695121	16935911	3.0	2.0	5.0
20	16935912	25599999	3.0	2.0	5.0
20	25600000	29448913	3.0	2.0	5.0
20	29448914	30038305	3.0	2.0	5.0
20	30038306	31250349	4.0	2.0	6.0
20	31250350	35246083	4.0	2.0	6.0
20	35246084	35473641	3.0	2.0	5.0
20	35473642	35795876	2.0	2.0	4.0
20	35795877	38333654	2.0	2.0	4.0
20	38333655	39210686	3.0	2.0	5.0
20	39210687	39258922	3.0	2.0	5.0
20	39258923	40026306	4.0	2.0	6.0
20	40026307	40028647	3.0	2.0	5.0
20	40028648	40579957	3.0	2.0	5.0
20	40579958	40580166	3.0	3.0	6.0
20	40580167	40580187	3.0	3.0	6.0
20	40580188	40611314	4.0	2.0	6.0
20	40611315	40665048	4.0	2.0	6.0
20	40665049	40685596	4.0	2.0	6.0
20	40685597	40693818	4.0	2.0	6.0
20	40693819	40978805	4.0	2.0	6.0
20	40978806	40979249	3.0	2.0	5.0
20	40979250	40979987	2.0	1.0	3.0
20	40979988	40980903	4.0	1.0	5.0
20	40980904	41408089	2.0	2.0	4.0
20	41408090	54942198	3.0	2.0	5.0
20	54942199	54942843	3.0	2.0	5.0
20	54942844	55061103	3.0	3.0	6.0
20	55061104	55063381	3.0	0.0	3.0
20	55063382	55531126	3.0	2.0	5.0
20	55531127	60888618	3.0	2.0	5.0
20	60888619	60911760	6.0	2.0	8.0
20	60911761	62253764	3.0	2.0	5.0
20	62253765	62255265	3.0	0.0	3.0
20	62255266	62435800	3.0	3.0	6.0
21	10720001	14447500	0.0	0.0	0.0
21	14447501	15286600	0.0	0.0	0.0
21	15286601	19758794	3.0	0.0	3.0
21	19758795	19758828	3.0	0.0	3.0
21	19758829	35186785	3.0	0.0	3.0
21	35186786	35193652	3.0	0.0	3.0
21	35193653	42780415	3.0	0.0	3.0
21	42780416	46944200	3.0	0.0	3.0
21	46944201	48129894	3.0	0.0	3.0
22	1	12199999	2.0	0.0	2.0
22	12200000	17899999	2.0	0.0	2.0
22	17900000	20471001	2.0	0.0	2.0
22	20471002	20724510	3.0	0.0	3.0
22	20724511	20772571	17.0	1.0	18.0
22	20772572	20857385	19.0	1.0	20.0
22	20857386	20942822	19.0	1.0	20.0
22	20942823	21012203	58.0	2.0	60.0
22	21012204	21062202	58.0	2.0	60.0
22	21062203	21085650	54.0	1.0	55.0
22	21085651	21099105	47.0	1.0	48.0
22	21099106	21104733	23.0	1.0	24.0
22	21104734	21116110	23.0	1.0	24.0
22	21116111	21161023	54.0	2.0	56.0
22	21161024	21167169	48.0	2.0	50.0
22	21167170	21247514	31.0	2.0	33.0
22	21247515	21270082	31.0	2.0	33.0
22	21270083	21271830	24.0	2.0	26.0
22	21271831	21273177	29.0	1.0	30.0
22	21273178	21325974	22.0	1.0	23.0
22	21325975	21404781	18.0	1.0	19.0
22	21404782	24347001	2.0	0.0	2.0
22	24347002	27993855	2.0	0.0	2.0
22	27993856	27996831	2.0	0.0	2.0
22	27996832	29065767	2.0	0.0	2.0
22	29065768	29066139	2.0	0.0	2.0
22	29066140	29066168	2.0	0.0	2.0
22	29066169	32167569	2.0	0.0	2.0
22	32167570	32167639	2.0	0.0	2.0
22	32167640	32268910	0.0	0.0	0.0
22	32268911	32274051	2.0	0.0	2.0
22	32274052	32274255	2.0	0.0	2.0
22	32274256	36677690	2.0	0.0	2.0
22	36677691	36678271	2.0	0.0	2.0
22	36678272	41221478	2.0	0.0	2.0
22	41221479	45395528	2.0	0.0	2.0
22	45395529	45395558	2.0	0.0	2.0
22	45395559	49691400	2.0	0.0	2.0
22	49691401	51304565	2.0	0.0	2.0
