chromosome_index position alt_count ref_count
1 1669760 4 13
1 7724195 5 61
1 21221934 7 73
1 26349162 4 68
1 27124373 3 34
1 32673403 13 127
1 32690056 4 55
1 36636690 9 92
1 44466560 3 35
1 53504595 10 116
1 92709803 6 44
1 93683394 4 43
1 107937933 6 98
1 109342863 9 48
1 114201796 11 94
1 116569600 8 108
1 153792155 13 98
1 155449667 5 76
1 156563828 9 111
1 161018826 25 149
1 171303803 10 94
1 186159026 12 103
1 186329966 3 52
1 186330823 7 78
1 203139485 3 50
1 203743363 5 40
1 205902177 7 48
1 218504452 3 22
1 227174193 7 59
1 227227863 8 66
1 235972029 6 54
1 237756804 6 52
1 247053295 22 119
2 55402848 5 13
2 132276730 7 55
2 136673932 7 91
2 138320875 4 24
2 145147516 8 51
2 170009322 12 140
2 178082493 10 125
2 202131238 6 63
2 220154823 3 10
2 238999877 13 124
3 10370803 4 59
3 32927521 5 39
3 32996003 3 34
3 38318947 6 68
3 49294677 13 123
3 122459659 12 136
3 156234066 5 46
3 169896709 13 218
3 178936082 7 41
4 2950082 10 92
4 39523129 3 60
4 42069148 5 118
4 68928744 14 85
4 69692212 5 65
4 88239530 6 65
4 152065152 4 57
4 153247366 5 60
4 156715077 5 54
4 187541654 24 225
5 33624410 5 50
5 80390805 6 40
5 114499268 5 68
5 127484463 10 114
5 137756428 11 71
5 140475832 9 150
5 169661182 3 29
5 176468221 12 112
6 12125108 16 100
6 24472819 11 83
6 34003916 5 44
6 35454253 5 44
6 36168658 4 58
6 46849233 5 69
6 56401661 5 64
6 109996891 4 27
6 116600201 8 87
6 136904781 8 67
6 160199685 5 61
7 926266 16 71
7 1513805 4 13
7 29539546 12 47
7 36571798 7 63
7 101845239 12 65
7 116166725 3 48
8 9413396 6 27
8 89198769 9 164
8 110457514 7 70
8 124748098 4 62
9 434792 5 43
9 33676580 18 78
9 35547473 7 62
9 43625185 11 200
9 97767884 8 61
9 100249560 8 81
9 135765272 23 222
9 139563050 11 100
10 5762896 10 77
10 12204226 15 210
10 63829550 4 31
10 71075755 9 107
10 90701132 4 52
10 95454653 16 209
10 96731858 9 76
10 105182763 3 52
10 105953694 10 62
10 106982877 9 89
10 117704277 14 98
10 121563770 10 113
11 1861878 4 35
11 4869937 6 98
11 6415196 7 67
11 10821761 11 50
11 12265655 16 202
11 17474774 4 71
11 33886306 6 51
11 45877530 17 184
11 64883439 4 37
11 75439097 3 39
11 82877725 4 82
11 92087450 19 162
11 93103298 5 15
11 104868181 6 43
11 118452000 13 115
12 6483849 3 36
12 10149501 6 136
12 12037408 15 145
12 31850769 4 76
12 47472350 8 110
12 50453726 5 42
12 51890800 5 80
12 54765456 14 65
12 56600547 3 31
12 71977788 13 146
12 73046177 6 75
12 104336352 4 56
12 104336359 4 61
12 104336567 6 74
12 111350897 8 95
12 120159203 11 67
12 129373237 4 25
12 133374950 7 93
13 28636122 6 42
13 42385394 6 57
14 39819487 10 66
14 52481073 10 41
14 74973930 7 60
14 96730151 4 53
14 105408255 27 160
14 105408514 15 147
15 68937670 4 72
15 68937671 4 72
15 77345133 5 27
15 77472430 12 151
15 81625521 9 96
15 89074506 4 26
16 3339743 9 90
16 3340603 3 23
16 3817750 12 147
16 4466517 4 25
16 18859259 13 65
16 20997001 11 110
16 32077616 23 416
16 67979985 3 42
16 72992721 15 115
16 75512501 5 29
16 90160926 5 40
17 641131 14 160
17 4015972 4 36
17 7162203 10 54
17 7577103 3 31
17 8273001 6 44
17 17921970 8 124
17 27069026 10 61
17 27909741 3 33
17 39553472 4 36
17 44076786 5 42
17 46000404 13 73
17 46673766 33 136
17 48072068 8 30
17 59934548 13 76
17 61623123 9 102
17 61897650 8 116
17 62964433 10 45
17 66937049 3 33
17 67045523 14 91
17 67189995 9 107
17 80529635 7 56
18 29511315 11 96
18 30092341 4 26
18 40323522 24 164
19 5772930 3 43
19 11545894 4 17
19 17263473 5 37
19 31039753 8 61
19 34832940 8 97
19 42793047 13 42
19 42793048 14 44
19 42793049 12 44
19 44079154 6 28
19 44352248 21 105
19 44352249 20 105
19 45855835 19 57
19 47124901 10 34
19 49967904 9 147
19 53352431 7 172
19 54502980 6 186
19 54632680 3 12
19 54632681 3 12
19 55696892 3 19
19 55776711 7 98
20 1961214 6 85
20 39832810 6 70
20 51870547 4 43
20 56138776 9 92
20 60963011 3 31
21 39671406 7 92
21 39755633 10 87
22 17447085 7 59
22 20749694 4 60
22 22556409 7 75
22 29695597 4 36
22 30057255 11 117
22 36661781 7 64
22 40415261 14 51
22 42609633 18 82
22 46759909 8 16
22 50718479 5 43
