chromosome_index position alt_count ref_count
1 23637361 28 69
2 145157536 5 94
2 164466569 7 59
2 183847593 13 60
3 9780727 8 46
3 23960791 11 53
3 38163242 10 65
4 151773137 3 40
4 175225405 9 54
5 33951536 11 22
6 132891765 23 94
6 139487664 23 74
6 168352505 18 106
7 4874799 4 16
7 30818114 17 64
7 127253123 18 48
8 145649503 3 56
9 84606322 88 185
11 7060028 6 36
11 69588217 6 127
11 94113908 13 39
14 35564292 8 46
14 61503802 6 65
14 76349085 18 64
14 90770672 11 49
15 75970221 4 16
17 46620347 3 43
17 66440641 20 57
17 71232290 10 55
17 71232291 10 55
19 5711843 7 74
19 9325026 20 53
19 43234084 34 233
19 56515211 17 76
