chromosome_index	position	alt_count	ref_count
1	1486290	3.0	28.0
1	2186488	7.0	37.0
1	3034826	5.0	41.0
1	3094839	7.0	29.0
1	3250856	10.0	34.0
1	4278201	5.0	37.0
1	5053181	4.0	49.0
1	5172766	5.0	35.0
1	5360857	12.0	42.0
1	5400893	6.0	33.0
1	8396510	6.0	43.0
1	8729489	4.0	47.0
1	9588962	4.0	39.0
1	9688194	5.0	43.0
1	10849652	7.0	41.0
1	11122138	5.0	29.0
1	11272011	6.0	41.0
1	11846229	8.0	38.0
1	11922165	6.0	48.0
1	12265681	9.0	33.0
1	12902810	7.0	40.0
1	13834605	3.0	41.0
1	14098895	5.0	42.0
1	14509142	11.0	53.0
1	15181441	5.0	43.0
1	15756317	8.0	21.0
1	16301543	8.0	45.0
1	17818043	9.0	28.0
1	20093544	7.0	47.0
1	20093630	10.0	43.0
1	20094094	6.0	44.0
1	20094467	5.0	25.0
1	20094477	5.0	28.0
1	20095752	4.0	28.0
1	20095823	5.0	37.0
1	20096346	6.0	32.0
1	20096843	4.0	37.0
1	20097027	3.0	43.0
1	21680453	4.0	43.0
1	22566818	10.0	43.0
1	22765232	8.0	52.0
1	22765395	9.0	49.0
1	22765776	7.0	37.0
1	22784264	6.0	67.0
1	25760044	5.0	48.0
1	26310325	5.0	40.0
1	27410999	8.0	39.0
1	27438964	6.0	39.0
1	28536572	11.0	32.0
1	28657860	6.0	43.0
1	28867733	8.0	37.0
1	29252816	12.0	42.0
1	29734004	6.0	38.0
1	30133190	9.0	45.0
1	32036876	13.0	47.0
1	32189262	10.0	52.0
1	33998594	7.0	37.0
1	34285256	7.0	40.0
1	34765240	5.0	49.0
1	35260879	5.0	42.0
1	35777242	5.0	36.0
1	41527415	7.0	34.0
1	41564284	5.0	35.0
1	43306827	14.0	52.0
1	43307247	6.0	56.0
1	45965266	9.0	23.0
1	48063624	10.0	41.0
1	49260011	6.0	38.0
1	49995298	7.0	53.0
1	50780986	14.0	30.0
1	52693074	5.0	43.0
1	53012242	4.0	44.0
1	53716505	9.0	33.0
1	54371247	8.0	45.0
1	54585056	7.0	39.0
1	54660422	8.0	50.0
1	55281614	9.0	40.0
1	56349133	6.0	43.0
1	56877977	9.0	48.0
1	57145608	6.0	39.0
1	57183702	6.0	36.0
1	57651067	10.0	43.0
1	58444934	9.0	40.0
1	59319788	8.0	40.0
1	59481591	12.0	38.0
1	59601435	12.0	63.0
1	60307573	10.0	63.0
1	60499862	12.0	47.0
1	60666215	13.0	43.0
1	61474793	5.0	42.0
1	61811803	10.0	43.0
1	62031423	6.0	43.0
1	62895924	8.0	55.0
1	65485586	6.0	42.0
1	66542861	9.0	41.0
1	68768939	9.0	47.0
1	68952353	5.0	39.0
1	69512548	4.0	49.0
1	70372508	7.0	43.0
1	72039685	12.0	48.0
1	73420018	8.0	42.0
1	73421301	7.0	54.0
1	74112818	9.0	49.0
1	74124205	8.0	39.0
1	74211662	8.0	55.0
1	76396876	5.0	47.0
1	77012471	4.0	29.0
1	79489654	6.0	52.0
1	80131117	4.0	52.0
1	81217560	9.0	45.0
1	83083073	10.0	50.0
1	85228135	8.0	48.0
1	86011062	14.0	52.0
1	86967967	5.0	52.0
1	88542680	11.0	52.0
1	89472812	8.0	54.0
1	89710108	5.0	42.0
1	90167576	9.0	32.0
1	90846107	11.0	52.0
1	90849893	10.0	55.0
1	91197187	12.0	47.0
1	91893460	5.0	23.0
1	92773257	9.0	39.0
1	97305462	12.0	43.0
1	98289654	10.0	55.0
1	98326129	4.0	45.0
1	98570545	8.0	55.0
1	98718199	8.0	57.0
1	99902620	14.0	63.0
1	100390255	8.0	53.0
1	100770457	5.0	42.0
1	101514413	9.0	57.0
1	103248010	18.0	44.0
1	104211285	10.0	70.0
1	104914897	4.0	46.0
1	106700384	8.0	48.0
1	106771372	4.0	49.0
1	106799986	5.0	30.0
1	106800984	5.0	34.0
1	107501393	11.0	45.0
1	107685018	6.0	53.0
1	109168959	9.0	40.0
1	109487437	6.0	39.0
1	109491623	6.0	33.0
1	109496393	6.0	37.0
1	109662970	5.0	48.0
1	110482113	8.0	54.0
1	111206607	4.0	58.0
1	111360931	7.0	47.0
1	112556491	7.0	50.0
1	113696734	6.0	47.0
1	113825006	8.0	57.0
1	113976565	6.0	56.0
1	114304386	8.0	58.0
1	114703635	11.0	38.0
1	115662207	3.0	41.0
1	116242460	9.0	48.0
1	117351041	8.0	53.0
1	117863869	9.0	38.0
1	119368942	3.0	50.0
1	120301264	16.0	49.0
1	145052332	12.0	214.0
1	146972474	8.0	63.0
1	147802074	6.0	49.0
1	149655641	11.0	79.0
1	150749466	5.0	52.0
1	150940926	5.0	34.0
1	151245918	8.0	39.0
1	151418080	7.0	53.0
1	152057538	8.0	57.0
1	153480445	5.0	34.0
1	154181269	3.0	42.0
1	154332026	6.0	41.0
1	154573030	9.0	41.0
1	155026648	6.0	38.0
1	155099940	3.0	31.0
1	155289710	6.0	37.0
1	155419710	6.0	37.0
1	155451329	5.0	49.0
1	156128638	6.0	46.0
1	156358599	4.0	32.0
1	156387933	9.0	49.0
1	156455578	10.0	38.0
1	156508686	7.0	40.0
1	157215771	5.0	30.0
1	157353138	8.0	44.0
1	157418493	5.0	48.0
1	157759384	4.0	52.0
1	158328554	7.0	43.0
1	158958161	5.0	51.0
1	159350858	14.0	59.0
1	159531966	9.0	59.0
1	159635487	6.0	41.0
1	160384959	4.0	46.0
1	160460864	7.0	53.0
1	160539400	5.0	51.0
1	160727818	4.0	46.0
1	160784216	5.0	22.0
1	161329189	12.0	51.0
1	161460712	11.0	47.0
1	161778024	8.0	42.0
1	162543973	11.0	45.0
1	164545746	4.0	26.0
1	164549457	5.0	51.0
1	165369950	6.0	35.0
1	165802866	9.0	37.0
1	165900781	8.0	35.0
1	166125698	7.0	50.0
1	166418645	11.0	50.0
1	168174260	7.0	32.0
1	169461305	13.0	49.0
1	169966695	8.0	54.0
1	170252783	7.0	48.0
1	171185874	8.0	49.0
1	171351493	8.0	47.0
1	172228717	10.0	54.0
1	172229339	4.0	47.0
1	176042987	5.0	36.0
1	176810411	11.0	46.0
1	177432027	11.0	47.0
1	177946999	15.0	48.0
1	179732682	7.0	47.0
1	183140469	6.0	49.0
1	183663744	8.0	52.0
1	183894081	8.0	32.0
1	184260704	8.0	46.0
1	185522184	4.0	42.0
1	186012563	9.0	52.0
1	186686755	9.0	40.0
1	186766277	10.0	41.0
1	187294020	5.0	52.0
1	187808237	6.0	57.0
1	190669071	6.0	47.0
1	190672398	8.0	58.0
1	193831232	3.0	33.0
1	193859054	4.0	46.0
1	194101615	11.0	46.0
1	194480750	10.0	42.0
1	195173601	10.0	42.0
1	195381182	11.0	40.0
1	195981594	6.0	50.0
1	198325784	8.0	60.0
1	198927568	9.0	47.0
1	199707947	8.0	48.0
1	200528232	9.0	44.0
1	200915576	8.0	42.0
1	201438867	5.0	41.0
1	202686352	7.0	45.0
1	202768748	5.0	40.0
1	204199040	5.0	49.0
1	204817670	8.0	43.0
1	205079337	5.0	35.0
1	206604234	6.0	64.0
1	206915083	9.0	41.0
1	207738944	11.0	20.0
1	208338828	11.0	34.0
1	208739919	9.0	44.0
1	209805104	9.0	58.0
1	209919877	7.0	43.0
1	209934902	5.0	49.0
1	209973998	8.0	45.0
1	210031448	13.0	47.0
1	210065017	5.0	39.0
1	210622275	4.0	50.0
1	210973962	7.0	26.0
1	211700452	7.0	38.0
1	212229279	8.0	35.0
1	212588809	7.0	48.0
1	212950771	7.0	53.0
1	213040773	10.0	41.0
1	213399044	8.0	27.0
1	214334234	8.0	65.0
1	214613826	13.0	51.0
1	215383786	11.0	51.0
1	215664376	12.0	59.0
1	215675687	10.0	55.0
1	216377265	8.0	41.0
1	216562282	4.0	73.0
1	216703978	9.0	40.0
1	217020958	5.0	48.0
1	217512341	12.0	52.0
1	217960203	4.0	36.0
1	218806594	10.0	35.0
1	219131653	5.0	67.0
1	220552896	5.0	22.0
1	220863385	3.0	40.0
1	221115609	9.0	46.0
1	221164710	8.0	42.0
1	222011792	7.0	59.0
1	225574652	10.0	56.0
1	226037912	5.0	41.0
1	226148597	9.0	32.0
1	226443613	4.0	45.0
1	226451776	8.0	34.0
1	226941407	6.0	34.0
1	229272371	7.0	38.0
1	230780502	4.0	44.0
1	231606190	11.0	43.0
1	231845770	4.0	46.0
1	233850277	9.0	59.0
1	234226324	5.0	47.0
1	235424285	7.0	63.0
1	235499236	8.0	47.0
1	236442004	13.0	46.0
1	238188542	8.0	45.0
1	238438710	7.0	34.0
1	238832922	7.0	32.0
1	239074627	5.0	50.0
1	240403783	10.0	45.0
1	240576945	13.0	29.0
1	240645173	11.0	32.0
1	241437801	8.0	55.0
1	244398248	6.0	21.0
1	245316773	3.0	40.0
1	246371521	8.0	47.0
1	246844109	13.0	35.0
1	247597187	7.0	46.0
10	1887708	6.0	50.0
10	2302067	10.0	53.0
10	2371616	5.0	30.0
10	2441182	6.0	43.0
10	2925469	11.0	51.0
10	3925023	5.0	43.0
10	4020557	6.0	45.0
10	4767060	10.0	48.0
10	5562826	6.0	37.0
10	7185585	8.0	61.0
10	7538913	5.0	56.0
10	8107093	8.0	43.0
10	8629694	10.0	60.0
10	9368411	13.0	50.0
10	9402999	10.0	44.0
10	9688883	5.0	55.0
10	10915772	5.0	35.0
10	11056674	11.0	39.0
10	11096968	7.0	46.0
10	11257155	7.0	42.0
10	11280319	8.0	52.0
10	12814234	4.0	44.0
10	14045971	11.0	53.0
10	14097744	7.0	41.0
10	14912929	5.0	60.0
10	15623965	14.0	48.0
10	16586723	6.0	42.0
10	18691643	7.0	34.0
10	19987248	8.0	49.0
10	20104445	6.0	29.0
10	20110571	6.0	56.0
10	22588417	7.0	61.0
10	23008005	8.0	45.0
10	24065972	6.0	45.0
10	25166919	4.0	44.0
10	25297183	11.0	39.0
10	25568271	9.0	51.0
10	25799751	13.0	42.0
10	26329605	4.0	38.0
10	27044217	9.0	52.0
10	27380240	7.0	42.0
10	27768491	5.0	34.0
10	29079021	7.0	54.0
10	29502089	6.0	43.0
10	29502099	5.0	45.0
10	31101290	4.0	33.0
10	31578422	9.0	51.0
10	31815492	6.0	70.0
10	34580902	8.0	50.0
10	35153400	7.0	59.0
10	35558481	4.0	40.0
10	35593019	5.0	43.0
10	35593064	7.0	26.0
10	36920899	7.0	32.0
10	37013532	5.0	56.0
10	37872329	7.0	44.0
10	38625108	8.0	37.0
10	43112705	9.0	45.0
10	43460719	8.0	51.0
10	43777413	13.0	42.0
10	44189359	9.0	39.0
10	44527183	6.0	60.0
10	44834856	7.0	49.0
10	45390516	5.0	40.0
10	45503838	7.0	70.0
10	48312384	10.0	42.0
10	49743713	5.0	42.0
10	49834701	7.0	43.0
10	52702361	9.0	44.0
10	53282610	4.0	54.0
10	54000705	5.0	45.0
10	54549741	5.0	45.0
10	54894152	7.0	67.0
10	55335733	4.0	43.0
10	55891875	7.0	42.0
10	56763922	5.0	33.0
10	56999675	7.0	73.0
10	57691192	6.0	44.0
10	58879168	6.0	39.0
10	59592892	6.0	36.0
10	59623308	9.0	57.0
10	60848900	10.0	43.0
10	61632002	7.0	56.0
10	61746708	7.0	49.0
10	62446660	6.0	42.0
10	62521273	11.0	35.0
10	63102493	5.0	53.0
10	63225288	8.0	60.0
10	63532698	8.0	57.0
10	63574510	9.0	36.0
10	63881409	10.0	49.0
10	64232807	7.0	40.0
10	64675606	9.0	56.0
10	65182423	9.0	51.0
10	65563577	6.0	49.0
10	65566606	8.0	39.0
10	65566728	4.0	49.0
10	66159448	7.0	46.0
10	67047272	3.0	33.0
10	70956357	8.0	53.0
10	71202263	9.0	62.0
10	71802429	6.0	29.0
10	72180989	8.0	29.0
10	74428983	5.0	30.0
10	75081101	7.0	42.0
10	75345291	8.0	40.0
10	77295265	5.0	39.0
10	77534101	9.0	46.0
10	79099461	6.0	41.0
10	79198523	7.0	40.0
10	79342473	4.0	45.0
10	79907071	5.0	34.0
10	80459322	4.0	53.0
10	80813733	8.0	44.0
10	80855084	7.0	55.0
10	81394260	8.0	48.0
10	82172914	7.0	28.0
10	82726248	15.0	41.0
10	84628305	9.0	32.0
10	85140079	6.0	45.0
10	85811655	10.0	42.0
10	85877572	7.0	45.0
10	86230203	14.0	46.0
10	86633708	14.0	50.0
10	87578997	7.0	58.0
10	87780775	5.0	39.0
10	91005567	13.0	41.0
10	95143280	8.0	47.0
10	95390610	7.0	24.0
10	95787574	3.0	34.0
10	96392492	7.0	38.0
10	97532077	5.0	53.0
10	98978420	6.0	26.0
10	102586077	12.0	32.0
10	102964684	7.0	44.0
10	104748916	4.0	38.0
10	105227470	7.0	53.0
10	106781126	11.0	35.0
10	107321064	10.0	42.0
10	107957134	12.0	44.0
10	108297807	7.0	59.0
10	108380188	6.0	44.0
10	108671030	6.0	41.0
10	108796912	5.0	48.0
10	109104431	4.0	65.0
10	109427955	4.0	52.0
10	109437400	17.0	40.0
10	109438751	4.0	55.0
10	109439635	9.0	40.0
10	109570817	10.0	48.0
10	109866304	12.0	42.0
10	109898645	9.0	57.0
10	110004514	6.0	46.0
10	110239689	3.0	48.0
10	111086427	13.0	54.0
10	111253476	7.0	47.0
10	111540597	5.0	35.0
10	112915654	7.0	48.0
10	112960669	4.0	46.0
10	112960786	7.0	40.0
10	113086303	8.0	42.0
10	113542922	10.0	40.0
10	113647702	9.0	38.0
10	114124420	3.0	50.0
10	114256353	5.0	54.0
10	114604801	6.0	36.0
10	115085229	8.0	39.0
10	115362890	5.0	36.0
10	116601125	7.0	30.0
10	117644495	8.0	52.0
10	118336024	10.0	40.0
10	119051681	4.0	53.0
10	119361578	5.0	42.0
10	119849297	8.0	46.0
10	124020559	5.0	53.0
10	124293820	8.0	64.0
10	124663904	5.0	38.0
10	125785649	8.0	42.0
10	126489767	6.0	19.0
10	127328480	5.0	43.0
10	127334986	16.0	33.0
10	128616008	8.0	31.0
10	128855344	5.0	45.0
10	129610139	3.0	51.0
10	129839672	7.0	33.0
10	130307881	3.0	44.0
10	130522112	7.0	41.0
10	130604981	7.0	55.0
10	133156946	8.0	36.0
10	133755935	9.0	51.0
11	340495	8.0	48.0
11	526721	8.0	31.0
11	695386	3.0	27.0
11	1055645	4.0	26.0
11	1589431	5.0	37.0
11	1732482	4.0	55.0
11	5269637	4.0	35.0
11	5892007	14.0	46.0
11	7147145	11.0	36.0
11	7268708	10.0	49.0
11	8658332	11.0	46.0
11	9364498	5.0	34.0
11	10986394	12.0	35.0
11	11327064	5.0	35.0
11	15767474	14.0	46.0
11	15875262	12.0	64.0
11	16118748	4.0	52.0
11	16428583	14.0	49.0
11	17538821	5.0	27.0
11	17615336	5.0	28.0
11	17803188	15.0	39.0
11	18261519	5.0	56.0
11	20177714	7.0	34.0
11	20767022	6.0	53.0
11	22196131	10.0	39.0
11	22204023	5.0	37.0
11	23904569	6.0	44.0
11	24052013	8.0	49.0
11	25343056	15.0	45.0
11	26221415	12.0	51.0
11	26603920	4.0	59.0
11	26682873	11.0	60.0
11	26905975	4.0	58.0
11	27046541	10.0	46.0
11	29105521	8.0	47.0
11	29276579	7.0	46.0
11	31225746	13.0	58.0
11	31834546	5.0	28.0
11	32157386	5.0	34.0
11	32398178	5.0	44.0
11	32989502	8.0	46.0
11	33484800	7.0	45.0
11	33550238	14.0	45.0
11	34207768	6.0	42.0
11	34381619	9.0	50.0
11	35228688	10.0	40.0
11	35853396	11.0	44.0
11	35873205	6.0	41.0
11	36699796	8.0	37.0
11	37047546	4.0	53.0
11	37190655	10.0	30.0
11	37692816	6.0	48.0
11	38760366	6.0	38.0
11	39640468	7.0	40.0
11	39678625	5.0	43.0
11	40318959	6.0	52.0
11	40446781	9.0	42.0
11	42908861	8.0	44.0
11	43898978	5.0	46.0
11	44008307	3.0	37.0
11	44687443	9.0	30.0
11	46179579	7.0	48.0
11	47490591	5.0	43.0
11	48835520	4.0	32.0
11	49470610	7.0	43.0
11	50440537	8.0	42.0
11	51280822	8.0	27.0
11	54951169	6.0	46.0
11	54990931	3.0	47.0
11	55951063	9.0	55.0
11	56259311	8.0	40.0
11	56947620	3.0	30.0
11	58462652	3.0	27.0
11	59714094	9.0	52.0
11	59837591	5.0	52.0
11	60363770	5.0	36.0
11	64012472	3.0	35.0
11	65611122	4.0	43.0
11	65759292	5.0	40.0
11	66695910	7.0	32.0
11	66967245	10.0	54.0
11	67744352	12.0	45.0
11	67925876	12.0	33.0
11	68395731	4.0	47.0
11	68486313	12.0	41.0
11	69696377	5.0	44.0
11	70672750	8.0	23.0
11	71036818	7.0	34.0
11	72304573	7.0	33.0
11	72859616	6.0	41.0
11	73837715	3.0	34.0
11	73859323	7.0	74.0
11	74321854	4.0	41.0
11	74817986	13.0	33.0
11	74892066	5.0	50.0
11	75683025	11.0	34.0
11	75756020	4.0	36.0
11	75798255	7.0	58.0
11	76106165	7.0	37.0
11	76301626	8.0	43.0
11	76301669	5.0	40.0
11	77085741	4.0	59.0
11	77085768	6.0	50.0
11	77161180	7.0	58.0
11	77530970	4.0	24.0
11	77791189	3.0	39.0
11	77807186	3.0	46.0
11	77816108	6.0	40.0
11	77838209	5.0	36.0
11	79837597	10.0	60.0
11	79975887	9.0	50.0
11	80145305	7.0	38.0
11	80964664	9.0	46.0
11	83431191	4.0	35.0
11	83518635	8.0	42.0
11	83909307	5.0	36.0
11	83922784	16.0	42.0
11	85268694	16.0	50.0
11	86404964	9.0	47.0
11	87016183	6.0	59.0
11	87778262	5.0	29.0
11	87962602	10.0	54.0
11	88896608	5.0	62.0
11	88950953	6.0	35.0
11	90314699	10.0	43.0
11	91011573	3.0	43.0
11	95093383	14.0	52.0
11	95123165	5.0	53.0
11	96691620	6.0	43.0
11	97598497	12.0	48.0
11	97755596	6.0	48.0
11	98123180	12.0	46.0
11	98533718	3.0	43.0
11	98940578	8.0	41.0
11	101557984	4.0	44.0
11	101632167	9.0	37.0
11	102292522	5.0	47.0
11	104977860	3.0	27.0
11	105982621	8.0	60.0
11	107422113	10.0	36.0
11	107489092	8.0	38.0
11	107550591	6.0	49.0
11	111174582	5.0	49.0
11	112374804	4.0	50.0
11	112767894	6.0	33.0
11	113109697	10.0	40.0
11	113124752	8.0	55.0
11	115024363	5.0	35.0
11	115966775	14.0	37.0
11	116076946	11.0	40.0
11	118357972	5.0	42.0
11	119094472	3.0	26.0
11	119422765	5.0	51.0
11	119547540	5.0	43.0
11	119777325	3.0	37.0
11	120399011	3.0	40.0
11	120797398	3.0	33.0
11	121521003	6.0	35.0
11	121742701	10.0	39.0
11	121940606	5.0	43.0
11	122241361	4.0	39.0
11	122937742	8.0	24.0
11	122944361	10.0	38.0
11	123031324	7.0	40.0
11	123855424	5.0	42.0
11	124327082	9.0	52.0
11	125901673	6.0	56.0
11	126202315	5.0	39.0
11	126559290	4.0	33.0
11	126572979	6.0	27.0
11	127315842	4.0	47.0
11	127837500	9.0	55.0
11	127859028	8.0	46.0
11	129001334	9.0	36.0
11	130793823	9.0	31.0
11	130932573	7.0	24.0
11	131174358	8.0	48.0
11	131535106	9.0	44.0
11	131697555	11.0	44.0
11	131697556	11.0	43.0
11	131845230	9.0	39.0
11	132197652	6.0	43.0
11	132622047	11.0	41.0
11	132943106	7.0	38.0
11	132946473	6.0	36.0
11	132946489	5.0	33.0
11	133269792	6.0	28.0
11	133455512	12.0	44.0
11	133999083	8.0	39.0
12	231010	9.0	36.0
12	1232101	8.0	42.0
12	1375934	9.0	38.0
12	1972606	7.0	40.0
12	2951033	6.0	35.0
12	3374505	11.0	37.0
12	3764016	4.0	40.0
12	4076708	3.0	44.0
12	4678139	10.0	46.0
12	4976264	6.0	44.0
12	5420684	3.0	41.0
12	6412388	9.0	46.0
12	6571458	4.0	43.0
12	8225120	11.0	62.0
12	11059815	7.0	50.0
12	11467177	5.0	42.0
12	11753409	9.0	48.0
12	12365847	9.0	52.0
12	13959371	14.0	62.0
12	14113687	12.0	53.0
12	17077278	5.0	52.0
12	17354318	11.0	36.0
12	17506586	8.0	54.0
12	17802730	4.0	61.0
12	18308681	9.0	49.0
12	18308777	11.0	49.0
12	18636959	8.0	59.0
12	19032405	5.0	49.0
12	19063947	11.0	45.0
12	19526160	4.0	40.0
12	19548750	5.0	30.0
12	19952063	9.0	38.0
12	20055447	6.0	21.0
12	20082163	6.0	50.0
12	20328205	3.0	38.0
12	20355737	9.0	44.0
12	20678211	5.0	55.0
12	20969005	6.0	48.0
12	21767563	5.0	55.0
12	21840301	4.0	43.0
12	22071815	5.0	59.0
12	22127762	7.0	56.0
12	23250011	9.0	53.0
12	26246601	11.0	58.0
12	26512288	7.0	56.0
12	27814932	6.0	52.0
12	29036952	6.0	42.0
12	29409001	4.0	42.0
12	29572893	8.0	43.0
12	30186907	6.0	62.0
12	31522772	4.0	45.0
12	31568761	5.0	38.0
12	32709903	5.0	38.0
12	34531144	5.0	27.0
12	34572091	7.0	38.0
12	38167699	7.0	47.0
12	38395474	7.0	40.0
12	38550572	10.0	29.0
12	38958917	6.0	37.0
12	39205616	4.0	37.0
12	41098111	6.0	56.0
12	41356887	11.0	59.0
12	41559327	9.0	36.0
12	42100838	7.0	46.0
12	44349499	9.0	38.0
12	44669689	11.0	52.0
12	45693807	4.0	40.0
12	45981429	9.0	63.0
12	46176900	8.0	44.0
12	46561919	7.0	38.0
12	46920923	4.0	42.0
12	47001442	12.0	49.0
12	47733309	9.0	47.0
12	48810932	7.0	46.0
12	49244383	5.0	37.0
12	49327974	3.0	35.0
12	49344289	8.0	42.0
12	49345630	5.0	45.0
12	49589039	8.0	38.0
12	49720902	5.0	49.0
12	50885204	7.0	40.0
12	51655077	6.0	37.0
12	52047479	5.0	35.0
12	52988336	6.0	47.0
12	52989663	6.0	50.0
12	54733135	6.0	36.0
12	54914539	12.0	42.0
12	55085456	8.0	48.0
12	55377461	6.0	40.0
12	55451659	8.0	46.0
12	57215914	6.0	56.0
12	57292418	6.0	47.0
12	57480981	3.0	32.0
12	57520268	8.0	46.0
12	58774946	3.0	49.0
12	59051780	5.0	46.0
12	59274723	11.0	52.0
12	59756074	7.0	51.0
12	60822469	6.0	51.0
12	61911308	6.0	35.0
12	61915000	9.0	29.0
12	62120773	4.0	63.0
12	63000294	10.0	42.0
12	66693890	7.0	51.0
12	66852705	9.0	40.0
12	67531995	8.0	46.0
12	68058851	7.0	53.0
12	68313974	8.0	42.0
12	68385491	9.0	62.0
12	70183064	6.0	40.0
12	70488222	13.0	46.0
12	70644198	9.0	55.0
12	70898494	5.0	35.0
12	71114406	4.0	44.0
12	71142752	10.0	47.0
12	71922523	10.0	38.0
12	71942222	7.0	50.0
12	72946810	10.0	52.0
12	73498776	9.0	43.0
12	73632317	5.0	63.0
12	73743518	10.0	43.0
12	74436990	11.0	55.0
12	75255313	6.0	60.0
12	77219712	7.0	52.0
12	77219740	7.0	50.0
12	77664021	10.0	38.0
12	78089571	7.0	48.0
12	78724033	9.0	38.0
12	79557110	6.0	53.0
12	79618829	6.0	38.0
12	79659611	6.0	50.0
12	80409763	4.0	45.0
12	81140290	5.0	42.0
12	82525797	9.0	30.0
12	82857647	5.0	35.0
12	83357258	9.0	48.0
12	83417774	7.0	53.0
12	83923452	9.0	47.0
12	84206914	7.0	44.0
12	84313224	8.0	50.0
12	85694641	6.0	58.0
12	86869100	7.0	56.0
12	88625794	10.0	39.0
12	89999366	5.0	61.0
12	92002328	5.0	78.0
12	92111739	7.0	47.0
12	92566370	6.0	45.0
12	93661699	3.0	28.0
12	94778497	6.0	41.0
12	95606467	12.0	55.0
12	99014042	7.0	42.0
12	99827992	4.0	50.0
12	100235540	4.0	45.0
12	101472081	8.0	35.0
12	102666843	8.0	44.0
12	102674002	7.0	54.0
12	103172781	6.0	46.0
12	104309924	11.0	49.0
12	106071223	10.0	48.0
12	106238524	4.0	48.0
12	106346121	7.0	48.0
12	106704395	10.0	42.0
12	107452760	9.0	41.0
12	107675998	6.0	41.0
12	108532476	4.0	41.0
12	108567949	11.0	40.0
12	109644345	6.0	29.0
12	111804210	5.0	43.0
12	114500406	8.0	41.0
12	115431902	6.0	58.0
12	115786301	7.0	36.0
12	117125159	4.0	45.0
12	117971831	8.0	46.0
12	118524893	5.0	29.0
12	118648957	10.0	50.0
12	119367478	13.0	44.0
12	120673575	5.0	37.0
12	121302021	10.0	50.0
12	121666369	8.0	44.0
12	121845888	7.0	43.0
12	122668521	4.0	36.0
12	123075424	5.0	39.0
12	124113048	5.0	27.0
12	124503647	4.0	44.0
12	125311428	4.0	34.0
12	125395191	6.0	57.0
12	125783520	4.0	25.0
12	126662759	4.0	47.0
12	127107328	10.0	48.0
12	127452465	7.0	41.0
12	127708040	5.0	50.0
12	128371841	4.0	54.0
12	128437629	7.0	37.0
12	128779837	12.0	28.0
12	129564679	10.0	48.0
12	129813689	10.0	37.0
12	129870286	9.0	60.0
12	130059038	8.0	46.0
12	131003018	4.0	34.0
12	131146051	8.0	35.0
12	132845765	6.0	37.0
12	133139026	4.0	34.0
12	133331594	4.0	38.0
13	19331641	8.0	37.0
13	19842512	6.0	27.0
13	19923088	9.0	38.0
13	20864660	9.0	50.0
13	20917453	4.0	27.0
13	22389941	7.0	44.0
13	22655148	4.0	47.0
13	22661606	7.0	38.0
13	23117742	4.0	61.0
13	23825203	5.0	28.0
13	24061442	5.0	35.0
13	24061443	5.0	34.0
13	25912003	7.0	34.0
13	26142089	10.0	53.0
13	26324066	5.0	39.0
13	27074096	11.0	40.0
13	27437276	3.0	36.0
13	28532243	8.0	24.0
13	28546098	4.0	28.0
13	30627409	13.0	39.0
13	35312796	13.0	35.0
13	37850961	10.0	29.0
13	38026042	15.0	39.0
13	38245329	5.0	40.0
13	38487360	11.0	38.0
13	40161167	5.0	33.0
13	43291222	6.0	45.0
13	44980040	3.0	50.0
13	46170203	11.0	36.0
13	49047519	6.0	44.0
13	49178221	8.0	24.0
13	49443531	11.0	46.0
13	50083546	8.0	32.0
13	52423539	6.0	34.0
13	54083038	9.0	36.0
13	56640495	7.0	38.0
13	57643955	6.0	34.0
13	58754780	8.0	22.0
13	58838365	6.0	34.0
13	59144254	12.0	48.0
13	60501005	6.0	43.0
13	62274596	4.0	54.0
13	64864191	4.0	34.0
13	66550202	9.0	42.0
13	66733329	5.0	49.0
13	67137000	15.0	34.0
13	67487060	8.0	50.0
13	67548407	4.0	38.0
13	67655825	11.0	40.0
13	68696100	6.0	45.0
13	69832280	7.0	34.0
13	70339248	3.0	37.0
13	72752700	5.0	42.0
13	74252565	4.0	48.0
13	74738140	5.0	49.0
13	77555546	6.0	49.0
13	78058987	9.0	47.0
13	79332256	8.0	35.0
13	80844969	4.0	46.0
13	83097381	5.0	39.0
13	84426991	5.0	42.0
13	84717260	7.0	43.0
13	87058714	5.0	40.0
13	87327642	3.0	47.0
13	87388256	6.0	47.0
13	87547181	3.0	40.0
13	87751741	3.0	42.0
13	87912605	5.0	40.0
13	89327407	6.0	49.0
13	90525487	3.0	45.0
13	92426151	13.0	28.0
13	92774444	8.0	38.0
13	93798364	5.0	39.0
13	94725220	6.0	47.0
13	95372779	8.0	46.0
13	95520834	5.0	37.0
13	95698952	5.0	37.0
13	97148656	7.0	29.0
13	101916711	5.0	61.0
13	103842145	6.0	43.0
13	105831566	7.0	43.0
13	105924812	12.0	50.0
13	105977919	3.0	36.0
13	106008422	5.0	44.0
13	106789980	5.0	46.0
13	106790208	7.0	46.0
13	108484715	4.0	54.0
13	110116023	7.0	46.0
13	110301862	5.0	46.0
13	112144061	6.0	36.0
13	112529179	10.0	30.0
14	19099010	7.0	78.0
14	19266745	8.0	55.0
14	20945977	8.0	42.0
14	22697900	4.0	27.0
14	22735088	7.0	33.0
14	22971358	7.0	44.0
14	23441079	6.0	46.0
14	23453251	7.0	34.0
14	24583585	9.0	35.0
14	24665024	6.0	32.0
14	24908432	11.0	51.0
14	25286643	8.0	44.0
14	25383103	7.0	51.0
14	26021792	7.0	52.0
14	26816380	4.0	54.0
14	27350257	5.0	37.0
14	27813718	10.0	45.0
14	28799602	6.0	40.0
14	29126330	8.0	63.0
14	30980184	7.0	61.0
14	31660532	3.0	35.0
14	33084175	10.0	42.0
14	33577509	7.0	51.0
14	35088449	4.0	41.0
14	36554927	7.0	49.0
14	36957644	7.0	52.0
14	36983748	6.0	40.0
14	38009993	8.0	37.0
14	39487553	5.0	35.0
14	41299064	3.0	43.0
14	41486765	6.0	46.0
14	42494085	8.0	34.0
14	42650753	9.0	44.0
14	43302796	4.0	50.0
14	44571697	6.0	38.0
14	45585858	4.0	42.0
14	45931918	6.0	45.0
14	46797965	10.0	56.0
14	47512974	7.0	45.0
14	47523362	8.0	48.0
14	48743388	6.0	50.0
14	48982390	9.0	50.0
14	49810781	4.0	51.0
14	49815475	6.0	43.0
14	49994947	8.0	57.0
14	50060881	5.0	47.0
14	50279103	7.0	58.0
14	51166023	10.0	59.0
14	51645319	7.0	63.0
14	52775985	8.0	52.0
14	56184942	6.0	45.0
14	56865418	7.0	50.0
14	57346695	4.0	35.0
14	58701263	4.0	41.0
14	59729514	9.0	30.0
14	59838185	7.0	55.0
14	60960949	7.0	41.0
14	61232709	10.0	43.0
14	61273891	10.0	52.0
14	61821490	7.0	52.0
14	62908592	5.0	39.0
14	63016085	3.0	50.0
14	63151125	11.0	58.0
14	63331804	4.0	46.0
14	63471068	4.0	46.0
14	64064496	6.0	24.0
14	64936100	6.0	47.0
14	65912962	8.0	69.0
14	66037900	12.0	46.0
14	66970070	9.0	42.0
14	67143733	7.0	42.0
14	68179250	3.0	21.0
14	68201346	9.0	42.0
14	68561890	6.0	66.0
14	70050070	4.0	40.0
14	70430104	5.0	42.0
14	70449967	5.0	41.0
14	70935686	11.0	58.0
14	71710508	4.0	38.0
14	72256028	4.0	46.0
14	74785575	4.0	43.0
14	76076325	4.0	38.0
14	76525679	14.0	46.0
14	77065282	4.0	35.0
14	79266154	6.0	58.0
14	79877143	5.0	46.0
14	80130995	10.0	46.0
14	81714584	5.0	44.0
14	83094035	5.0	62.0
14	84117153	11.0	34.0
14	84268658	4.0	62.0
14	84655184	7.0	46.0
14	85404091	6.0	38.0
14	86034766	10.0	61.0
14	87033905	11.0	28.0
14	87313889	5.0	46.0
14	88985313	7.0	39.0
14	90522329	9.0	44.0
14	91115775	8.0	40.0
14	91128505	6.0	41.0
14	91627047	5.0	41.0
14	93103298	8.0	47.0
14	93306006	8.0	49.0
14	95233751	4.0	38.0
14	96287963	6.0	40.0
14	97520038	6.0	52.0
14	98063623	7.0	48.0
14	99666811	5.0	32.0
14	100252930	6.0	35.0
14	101309378	5.0	38.0
14	101580794	5.0	36.0
14	103305957	7.0	35.0
14	103567803	5.0	37.0
14	103580124	9.0	26.0
14	105675458	6.0	30.0
14	106746327	5.0	43.0
14	106873451	4.0	34.0
14	107048451	6.0	38.0
15	20867660	8.0	175.0
15	22382523	7.0	115.0
15	22802076	5.0	32.0
15	23729636	8.0	49.0
15	23990949	9.0	45.0
15	24189817	7.0	41.0
15	25233160	12.0	52.0
15	26057448	5.0	40.0
15	26437777	8.0	34.0
15	26474158	6.0	38.0
15	26645526	4.0	43.0
15	26728857	7.0	39.0
15	26926515	5.0	51.0
15	27081080	5.0	67.0
15	29997971	5.0	40.0
15	32080909	11.0	42.0
15	32411202	7.0	38.0
15	33652065	6.0	33.0
15	33791538	4.0	39.0
15	33852138	9.0	43.0
15	34348343	11.0	51.0
15	34725205	5.0	40.0
15	35912774	10.0	57.0
15	36223603	4.0	56.0
15	36453904	6.0	43.0
15	36812354	11.0	29.0
15	37435623	7.0	46.0
15	39566237	4.0	55.0
15	39567497	11.0	38.0
15	39932138	12.0	61.0
15	42173437	7.0	48.0
15	44214985	11.0	54.0
15	47947095	6.0	46.0
15	50505193	12.0	53.0
15	51317752	5.0	48.0
15	51802177	5.0	48.0
15	52861526	3.0	40.0
15	52902943	4.0	44.0
15	53253366	9.0	42.0
15	53577573	9.0	53.0
15	53699603	4.0	46.0
15	54194587	6.0	45.0
15	54231597	6.0	51.0
15	54480031	13.0	33.0
15	54888701	9.0	50.0
15	55600313	7.0	36.0
15	55798084	7.0	46.0
15	55990313	7.0	38.0
15	58041617	4.0	51.0
15	60382972	6.0	43.0
15	60750303	13.0	51.0
15	61138541	9.0	47.0
15	61296124	8.0	54.0
15	62438421	9.0	48.0
15	63308669	7.0	54.0
15	63309923	1.0	47.0
15	63341363	7.0	32.0
15	64228790	6.0	45.0
15	65018108	4.0	32.0
15	65386009	4.0	31.0
15	66745242	4.0	47.0
15	66771107	7.0	39.0
15	67014138	5.0	46.0
15	68352904	7.0	30.0
15	68785299	6.0	39.0
15	69003787	10.0	35.0
15	69539033	6.0	28.0
15	69661028	8.0	37.0
15	72654071	4.0	54.0
15	73294792	7.0	38.0
15	76093079	4.0	66.0
15	76235561	5.0	42.0
15	76347093	6.0	45.0
15	76964464	4.0	26.0
15	79062492	4.0	32.0
15	79080661	5.0	28.0
15	79263259	4.0	45.0
15	80247714	7.0	32.0
15	81664953	7.0	40.0
15	81881718	6.0	53.0
15	81929054	7.0	49.0
15	81981390	5.0	40.0
15	81982090	10.0	57.0
15	83348117	5.0	38.0
15	83690112	7.0	41.0
15	83788979	4.0	32.0
15	84695769	10.0	54.0
15	85860211	4.0	35.0
15	86108592	4.0	44.0
15	86282216	4.0	56.0
15	86884571	14.0	41.0
15	88197543	8.0	45.0
15	88388592	5.0	37.0
15	91019835	9.0	59.0
15	91021456	5.0	50.0
15	91067967	6.0	30.0
15	91152127	8.0	36.0
15	91184375	12.0	39.0
15	91844185	5.0	54.0
15	92025533	6.0	52.0
15	92988226	6.0	44.0
15	94028267	9.0	56.0
15	94115505	6.0	41.0
15	94587597	10.0	39.0
15	94681210	10.0	42.0
15	95020938	5.0	44.0
15	95232924	7.0	44.0
15	95308994	7.0	32.0
15	95457125	8.0	60.0
15	95457126	8.0	59.0
15	96232183	5.0	52.0
15	96890170	6.0	37.0
15	97059176	7.0	42.0
15	97204688	5.0	55.0
15	98166600	5.0	33.0
15	98648101	7.0	27.0
15	100141879	4.0	46.0
16	191446	10.0	44.0
16	1127444	4.0	36.0
16	2224846	9.0	39.0
16	2266754	9.0	52.0
16	2423524	10.0	47.0
16	2545979	10.0	50.0
16	3037721	6.0	39.0
16	3799734	4.0	52.0
16	4052971	10.0	38.0
16	4197820	7.0	48.0
16	4844278	6.0	40.0
16	5549592	5.0	42.0
16	5925537	12.0	29.0
16	6306406	6.0	49.0
16	6448426	5.0	40.0
16	7069697	4.0	51.0
16	7622116	5.0	45.0
16	8144206	3.0	42.0
16	11912144	5.0	46.0
16	11912166	6.0	47.0
16	13313699	13.0	37.0
16	13613219	7.0	48.0
16	13682440	4.0	51.0
16	14132536	5.0	41.0
16	17214582	10.0	42.0
16	17256211	5.0	30.0
16	18337683	6.0	57.0
16	19922045	5.0	39.0
16	20335033	5.0	28.0
16	20344235	5.0	47.0
16	20811594	13.0	55.0
16	21074041	8.0	39.0
16	21382413	6.0	27.0
16	24083100	6.0	34.0
16	24259867	6.0	44.0
16	26892432	4.0	34.0
16	26894496	5.0	51.0
16	27838966	5.0	44.0
16	29379203	9.0	31.0
16	29956413	3.0	27.0
16	31046903	14.0	25.0
16	31567309	4.0	23.0
16	32355963	9.0	94.0
16	32595089	11.0	71.0
16	33539316	12.0	84.0
16	34640432	8.0	24.0
16	46457117	7.0	29.0
16	49294943	5.0	46.0
16	51471929	3.0	43.0
16	51574232	5.0	31.0
16	51574243	5.0	33.0
16	51934940	13.0	51.0
16	55117308	9.0	40.0
16	56354012	10.0	41.0
16	60210035	7.0	48.0
16	60292748	10.0	37.0
16	60375120	5.0	30.0
16	62311560	11.0	43.0
16	66893652	5.0	30.0
16	66894001	12.0	36.0
16	67338376	8.0	38.0
16	67765997	9.0	33.0
16	68558561	7.0	33.0
16	69040841	3.0	41.0
16	69692008	6.0	34.0
16	72117084	6.0	35.0
16	72117169	5.0	33.0
16	75823072	15.0	31.0
16	78944711	7.0	26.0
16	82485278	5.0	47.0
16	83493110	7.0	37.0
16	84127916	11.0	35.0
16	84680119	6.0	39.0
16	85345515	5.0	17.0
16	86760352	8.0	31.0
16	87640647	8.0	33.0
16	88144909	4.0	26.0
17	2623075	2.0	42.0
17	2623119	2.0	34.0
17	2643599	6.0	30.0
17	2864794	3.0	40.0
17	5729724	8.0	35.0
17	7576855	6.0	29.0
17	8107774	5.0	34.0
17	10432753	8.0	27.0
17	10787113	17.0	35.0
17	13571817	5.0	30.0
17	16718808	3.0	21.0
17	17978526	4.0	34.0
17	18757391	9.0	40.0
17	19456632	12.0	27.0
17	21951370	3.0	37.0
17	27050455	4.0	31.0
17	28760761	12.0	31.0
17	30107299	3.0	20.0
17	31335524	8.0	22.0
17	32630775	4.0	28.0
17	33320007	7.0	31.0
17	36582456	5.0	35.0
17	36626796	6.0	31.0
17	37134318	4.0	35.0
17	37556317	5.0	29.0
17	38221257	11.0	32.0
17	41824240	5.0	23.0
17	43488782	8.0	28.0
17	43784733	6.0	44.0
17	43874362	11.0	29.0
17	44907657	12.0	33.0
17	47126761	5.0	31.0
17	47481182	6.0	29.0
17	49874714	8.0	30.0
17	50658290	10.0	25.0
17	51247996	5.0	37.0
17	51364071	9.0	42.0
17	53958292	5.0	30.0
17	57004551	6.0	22.0
17	59178492	7.0	41.0
17	59840142	3.0	29.0
17	61469959	7.0	40.0
17	61704300	7.0	37.0
17	61959267	4.0	29.0
17	68706675	7.0	45.0
17	69347393	10.0	32.0
17	70331783	8.0	37.0
17	70382836	3.0	35.0
17	72357941	4.0	24.0
17	77384766	4.0	25.0
17	79771615	4.0	21.0
17	80561191	4.0	29.0
17	81133539	7.0	15.0
18	194864	5.0	46.0
18	816099	3.0	38.0
18	951964	7.0	44.0
18	1672895	12.0	54.0
18	2650717	4.0	46.0
18	2770217	6.0	38.0
18	4554079	3.0	36.0
18	7075796	4.0	28.0
18	8933443	10.0	46.0
18	12100193	8.0	43.0
18	12752959	5.0	32.0
18	14956021	8.0	44.0
18	20512478	9.0	42.0
18	23212493	6.0	37.0
18	23434869	9.0	36.0
18	25509462	4.0	41.0
18	25688651	4.0	67.0
18	27078813	6.0	35.0
18	28760597	7.0	36.0
18	29546187	4.0	33.0
18	31500480	4.0	47.0
18	33931470	9.0	37.0
18	33957422	5.0	32.0
18	34023496	5.0	52.0
18	34196472	4.0	34.0
18	34542784	9.0	37.0
18	38777180	7.0	40.0
18	39410648	13.0	45.0
18	39450959	7.0	47.0
18	39732722	5.0	22.0
18	40459861	8.0	39.0
18	40932114	11.0	53.0
18	41060159	8.0	48.0
18	41311056	5.0	44.0
18	44580346	8.0	32.0
18	44780660	6.0	29.0
18	45245773	6.0	36.0
18	45427023	6.0	41.0
18	47343114	5.0	26.0
18	49966885	8.0	36.0
18	50045185	8.0	31.0
18	50406894	8.0	32.0
18	51074792	5.0	47.0
18	51204290	6.0	46.0
18	53776401	6.0	32.0
18	55640401	4.0	45.0
18	58565427	9.0	53.0
18	59687583	4.0	40.0
18	62512547	5.0	37.0
18	63915485	8.0	49.0
18	63938504	7.0	38.0
18	64089475	4.0	51.0
18	65317945	8.0	42.0
18	65893765	5.0	52.0
18	67095572	9.0	34.0
18	69017911	8.0	33.0
18	71263596	14.0	35.0
18	71958949	5.0	24.0
18	73141069	8.0	36.0
18	76043633	7.0	32.0
18	76357408	6.0	43.0
18	76409733	3.0	20.0
18	77028101	6.0	53.0
18	77878697	10.0	35.0
18	77968827	6.0	38.0
19	4758053	7.0	34.0
19	4760503	6.0	25.0
19	5049132	8.0	30.0
19	5981051	5.0	37.0
19	6672266	6.0	25.0
19	8658113	7.0	37.0
19	8783369	3.0	50.0
19	9900806	10.0	47.0
19	9900857	9.0	45.0
19	9900908	10.0	33.0
19	9901168	13.0	31.0
19	9901224	5.0	29.0
19	9901707	11.0	43.0
19	9901894	9.0	42.0
19	9938648	3.0	15.0
19	10201503	4.0	36.0
19	11594529	6.0	22.0
19	13473671	7.0	25.0
19	13717983	5.0	32.0
19	14213334	6.0	37.0
19	18630512	8.0	29.0
19	18891138	8.0	15.0
19	20022314	5.0	35.0
19	20252187	4.0	35.0
19	21219440	4.0	43.0
19	22429507	10.0	47.0
19	22764547	6.0	34.0
19	23088348	7.0	33.0
19	23612946	6.0	41.0
19	24121783	9.0	48.0
19	24542335	6.0	82.0
19	29078295	5.0	51.0
19	29078296	5.0	52.0
19	29453446	8.0	71.0
19	30373779	7.0	33.0
19	30667684	12.0	56.0
19	30769314	3.0	42.0
19	31059000	8.0	46.0
19	32096289	16.0	32.0
19	32138289	7.0	55.0
19	32247004	4.0	50.0
19	32264418	4.0	40.0
19	32717114	7.0	58.0
19	33358138	5.0	39.0
19	33419710	6.0	57.0
19	33523664	4.0	60.0
19	33953350	5.0	29.0
19	35082628	5.0	30.0
19	35549056	10.0	39.0
19	35772535	8.0	41.0
19	35974493	24.0	43.0
19	37047304	10.0	47.0
19	37054059	6.0	40.0
19	37503490	7.0	22.0
19	37660457	6.0	46.0
19	37707252	6.0	43.0
19	38595358	7.0	42.0
19	39079620	11.0	32.0
19	39268619	3.0	29.0
19	39268620	2.0	30.0
19	39965081	5.0	40.0
19	39965419	8.0	37.0
19	40084040	6.0	51.0
19	40338403	5.0	58.0
19	40851515	4.0	35.0
19	41109266	7.0	44.0
19	41113215	7.0	37.0
19	41426131	8.0	48.0
19	41463205	15.0	43.0
19	41758212	4.0	23.0
19	42279363	10.0	52.0
19	42690843	5.0	31.0
19	42720568	11.0	42.0
19	42896783	4.0	55.0
19	42988318	4.0	45.0
19	43079777	4.0	34.0
19	43107750	8.0	57.0
19	43464532	6.0	55.0
19	43742048	6.0	48.0
19	43891719	3.0	24.0
19	44406597	3.0	49.0
19	44535298	5.0	63.0
19	45110734	10.0	51.0
19	45623193	5.0	46.0
19	47334586	7.0	50.0
19	49851818	8.0	53.0
19	49886958	10.0	53.0
19	50495468	6.0	48.0
19	50515185	3.0	36.0
19	52036848	6.0	56.0
19	52688925	5.0	59.0
19	53478336	4.0	34.0
19	53645253	19.0	46.0
19	54210279	8.0	35.0
19	54328252	8.0	33.0
19	54694452	1.0	26.0
19	54753223	8.0	55.0
19	54753230	7.0	58.0
19	54753558	5.0	41.0
19	54893560	8.0	20.0
19	55100606	5.0	49.0
19	56053780	10.0	35.0
19	56332755	9.0	27.0
19	56442574	4.0	34.0
19	56770077	9.0	38.0
19	57076406	6.0	61.0
19	57322636	15.0	48.0
19	57882659	6.0	46.0
19	58011087	4.0	43.0
19	58159267	6.0	48.0
19	58587592	13.0	37.0
19	58833433	7.0	42.0
2	67746	5.0	48.0
2	409576	9.0	41.0
2	757284	11.0	63.0
2	2084722	12.0	42.0
2	2585407	5.0	25.0
2	2669981	4.0	33.0
2	3891735	6.0	48.0
2	4006691	6.0	41.0
2	4549066	7.0	51.0
2	4718877	10.0	44.0
2	5765245	7.0	39.0
2	6198776	9.0	54.0
2	6513596	6.0	25.0
2	6905368	7.0	45.0
2	7545769	8.0	35.0
2	7682874	6.0	54.0
2	9507860	8.0	44.0
2	9520278	5.0	40.0
2	9974130	9.0	43.0
2	11526844	5.0	49.0
2	11929201	5.0	36.0
2	12852084	5.0	59.0
2	13391528	7.0	66.0
2	14176309	10.0	46.0
2	14540487	12.0	41.0
2	15270111	9.0	40.0
2	15411224	14.0	45.0
2	16255554	8.0	33.0
2	16255736	9.0	46.0
2	16255746	7.0	50.0
2	16728668	8.0	44.0
2	18018061	9.0	48.0
2	18569873	10.0	72.0
2	20870697	8.0	22.0
2	21358121	7.0	37.0
2	22972295	5.0	36.0
2	24814333	11.0	42.0
2	25086903	8.0	38.0
2	25090734	8.0	45.0
2	28213323	11.0	64.0
2	28963647	6.0	32.0
2	28983797	10.0	53.0
2	28984225	9.0	57.0
2	29220573	4.0	27.0
2	29240243	8.0	48.0
2	30015825	9.0	42.0
2	30191140	7.0	37.0
2	31649245	3.0	32.0
2	31670302	4.0	47.0
2	33768050	9.0	32.0
2	34060784	8.0	48.0
2	34067857	9.0	32.0
2	34627490	9.0	40.0
2	34680589	4.0	51.0
2	34680699	5.0	54.0
2	36070985	6.0	34.0
2	36461885	5.0	41.0
2	37499593	7.0	58.0
2	38494809	5.0	43.0
2	38520938	5.0	45.0
2	39825145	5.0	42.0
2	39840219	10.0	45.0
2	40172311	11.0	49.0
2	40411901	7.0	35.0
2	42030480	6.0	47.0
2	42953896	9.0	43.0
2	43636673	6.0	59.0
2	43911671	5.0	37.0
2	44021709	5.0	32.0
2	44217939	5.0	37.0
2	45012598	5.0	30.0
2	45052400	10.0	39.0
2	45373948	6.0	36.0
2	47221812	6.0	43.0
2	47779230	5.0	39.0
2	49103806	10.0	42.0
2	49413393	6.0	33.0
2	50086137	7.0	50.0
2	50345270	8.0	72.0
2	50677768	11.0	50.0
2	50771451	4.0	51.0
2	51646095	7.0	47.0
2	51979542	8.0	49.0
2	52124525	8.0	60.0
2	54032472	6.0	46.0
2	54800518	8.0	45.0
2	55740218	4.0	47.0
2	55807283	13.0	54.0
2	56620578	6.0	52.0
2	58301457	13.0	56.0
2	58475294	6.0	55.0
2	59427837	6.0	46.0
2	59439022	5.0	54.0
2	59732946	9.0	42.0
2	59807486	15.0	42.0
2	59846034	9.0	59.0
2	60429811	5.0	43.0
2	61590191	6.0	45.0
2	61593357	7.0	33.0
2	62861224	7.0	39.0
2	64157793	10.0	41.0
2	64328928	5.0	32.0
2	64690927	6.0	51.0
2	65280134	6.0	43.0
2	66160443	6.0	43.0
2	66334343	12.0	57.0
2	66604194	6.0	50.0
2	66896578	10.0	62.0
2	67030297	7.0	42.0
2	67032697	7.0	48.0
2	67375823	6.0	54.0
2	67513051	13.0	57.0
2	68293994	7.0	43.0
2	68329860	11.0	38.0
2	70371682	4.0	44.0
2	70406917	7.0	40.0
2	71222341	5.0	23.0
2	72722540	9.0	37.0
2	74632590	11.0	30.0
2	75491535	13.0	29.0
2	77557035	7.0	29.0
2	78517073	6.0	35.0
2	78984574	3.0	36.0
2	79912905	5.0	34.0
2	80460120	12.0	43.0
2	80799735	8.0	42.0
2	82903921	12.0	40.0
2	83893919	4.0	38.0
2	84618891	9.0	45.0
2	88995461	4.0	39.0
2	89255044	10.0	34.0
2	89880015	6.0	70.0
2	95567743	5.0	26.0
2	96942151	5.0	26.0
2	96942192	9.0	21.0
2	97345605	5.0	45.0
2	97453393	7.0	35.0
2	99799759	6.0	27.0
2	100084173	5.0	41.0
2	100397828	7.0	39.0
2	100960231	5.0	39.0
2	101289155	3.0	44.0
2	103846523	8.0	44.0
2	103890684	6.0	66.0
2	103890685	6.0	63.0
2	104960909	4.0	53.0
2	106851496	8.0	36.0
2	107316754	12.0	30.0
2	107411319	7.0	38.0
2	109383051	5.0	47.0
2	109444164	6.0	25.0
2	112008387	5.0	45.0
2	112070928	4.0	34.0
2	112696501	7.0	41.0
2	115639118	5.0	39.0
2	116171363	5.0	40.0
2	116897149	7.0	22.0
2	117079780	8.0	56.0
2	117218044	12.0	59.0
2	117731048	14.0	31.0
2	118175190	6.0	33.0
2	118176445	13.0	26.0
2	121901844	4.0	45.0
2	123410393	15.0	41.0
2	124211762	7.0	40.0
2	124730091	7.0	34.0
2	127093565	6.0	33.0
2	137577220	6.0	37.0
2	138723174	7.0	54.0
2	138941012	11.0	33.0
2	139575231	12.0	35.0
2	139983354	8.0	40.0
2	140141671	12.0	43.0
2	141510749	10.0	46.0
2	145173393	8.0	48.0
2	145652775	9.0	27.0
2	145876166	15.0	54.0
2	145933171	8.0	40.0
2	146354199	9.0	42.0
2	147490987	10.0	43.0
2	147731898	10.0	52.0
2	148002576	5.0	31.0
2	149329894	9.0	40.0
2	154908537	3.0	43.0
2	154946471	6.0	47.0
2	155312139	10.0	42.0
2	157824865	4.0	23.0
2	159563254	12.0	39.0
2	159626156	3.0	48.0
2	159905616	8.0	37.0
2	160508914	4.0	40.0
2	164117216	12.0	42.0
2	164335549	7.0	51.0
2	165285993	6.0	48.0
2	165286008	6.0	42.0
2	165379684	7.0	51.0
2	165717630	10.0	40.0
2	165930907	6.0	36.0
2	167673230	8.0	51.0
2	168035093	8.0	50.0
2	168282558	8.0	50.0
2	169315216	5.0	51.0
2	170031338	5.0	43.0
2	170296239	6.0	33.0
2	170297982	4.0	31.0
2	171464390	6.0	46.0
2	172482126	8.0	52.0
2	173069959	4.0	48.0
2	175552976	11.0	55.0
2	176145082	6.0	43.0
2	177672862	9.0	50.0
2	178391242	6.0	21.0
2	180140210	8.0	46.0
2	181570563	15.0	43.0
2	184337553	4.0	38.0
2	184541905	12.0	48.0
2	185023039	3.0	54.0
2	185985842	10.0	36.0
2	186184063	3.0	43.0
2	186522394	4.0	37.0
2	189367293	7.0	56.0
2	189446590	5.0	46.0
2	189600574	8.0	42.0
2	190124957	7.0	50.0
2	192260196	6.0	36.0
2	192532121	5.0	39.0
2	192946806	4.0	38.0
2	192988388	11.0	54.0
2	192989531	4.0	45.0
2	193670164	9.0	50.0
2	195631769	9.0	32.0
2	197958045	13.0	38.0
2	201266106	6.0	49.0
2	201537539	4.0	30.0
2	203061528	3.0	21.0
2	207075017	6.0	36.0
2	211379922	6.0	38.0
2	212627185	11.0	36.0
2	212769308	8.0	41.0
2	212948368	8.0	46.0
2	218844645	4.0	41.0
2	221089749	5.0	41.0
2	221373263	8.0	54.0
2	222214235	4.0	31.0
2	222218676	9.0	40.0
2	222540750	7.0	53.0
2	223292304	7.0	45.0
2	229055922	10.0	47.0
2	229616858	6.0	42.0
2	229754750	5.0	43.0
2	230405029	9.0	37.0
2	230932963	4.0	22.0
2	232531124	11.0	35.0
2	234152740	6.0	33.0
2	236396242	4.0	32.0
2	236430452	4.0	38.0
2	236690526	9.0	52.0
2	241061260	5.0	25.0
2	241599079	13.0	33.0
20	375638	9.0	38.0
20	2606214	8.0	42.0
20	2869583	5.0	52.0
20	3731625	5.0	41.0
20	5149942	5.0	36.0
20	6794064	11.0	54.0
20	7347631	6.0	42.0
20	7620076	5.0	34.0
20	7627236	4.0	41.0
20	8475758	5.0	65.0
20	10173202	8.0	48.0
20	10657128	9.0	46.0
20	11109109	5.0	39.0
20	11278047	7.0	40.0
20	11326095	13.0	46.0
20	12050889	4.0	48.0
20	13821016	5.0	48.0
20	15119202	8.0	58.0
20	15296116	11.0	50.0
20	15325673	4.0	37.0
20	16190725	6.0	43.0
20	16669244	10.0	33.0
20	18727937	7.0	46.0
20	19060134	6.0	41.0
20	19295954	12.0	32.0
20	19431962	13.0	45.0
20	19737370	6.0	23.0
20	20197176	9.0	50.0
20	20232297	10.0	34.0
20	23173406	5.0	44.0
20	23756505	7.0	34.0
20	33396154	7.0	45.0
20	34309312	6.0	45.0
20	35444590	3.0	24.0
20	35743784	10.0	36.0
20	38509491	4.0	39.0
20	39035233	10.0	46.0
20	39174758	4.0	52.0
20	39686426	10.0	50.0
20	40939097	5.0	46.0
20	41694432	5.0	36.0
20	42025684	4.0	31.0
20	43562644	4.0	29.0
20	43786793	10.0	41.0
20	44133923	6.0	45.0
20	45152017	11.0	35.0
20	45152021	12.0	32.0
20	45755705	7.0	39.0
20	47640761	5.0	50.0
20	48893069	7.0	52.0
20	50263765	4.0	42.0
20	50731984	6.0	21.0
20	51397025	11.0	39.0
20	51590658	7.0	38.0
20	52888761	6.0	54.0
20	52889114	5.0	58.0
20	53068355	9.0	36.0
20	53397768	4.0	52.0
20	53981612	4.0	57.0
20	57121840	6.0	33.0
20	57774928	5.0	56.0
20	59165513	12.0	44.0
20	59272589	9.0	34.0
20	59450936	3.0	37.0
20	60108604	5.0	31.0
20	60366613	6.0	33.0
20	62292604	7.0	30.0
21	14899885	9.0	32.0
21	15592123	5.0	35.0
21	15632995	11.0	46.0
21	15686721	6.0	43.0
21	17404407	10.0	58.0
21	17573348	5.0	44.0
21	18100498	5.0	35.0
21	18419169	5.0	38.0
21	18952125	6.0	37.0
21	22064964	9.0	50.0
21	22458330	7.0	64.0
21	23663377	9.0	47.0
21	23820732	7.0	48.0
21	25033692	5.0	57.0
21	25861289	4.0	52.0
21	26168858	4.0	58.0
21	26450579	12.0	50.0
21	28383954	5.0	39.0
21	28892812	10.0	35.0
21	30595971	4.0	44.0
21	30895260	8.0	57.0
21	31112971	8.0	45.0
21	31314620	4.0	41.0
21	31417302	5.0	52.0
21	31962123	7.0	36.0
21	32322836	11.0	58.0
21	33909186	4.0	33.0
21	35912944	10.0	41.0
21	38347435	11.0	33.0
21	38388233	7.0	29.0
21	38510167	5.0	39.0
21	38870183	5.0	61.0
21	41610938	12.0	51.0
21	41651361	8.0	45.0
21	42365254	9.0	49.0
21	42472087	6.0	41.0
21	43188999	10.0	41.0
21	43189352	7.0	39.0
21	43890371	8.0	54.0
21	44021307	4.0	36.0
21	44453531	7.0	41.0
21	44453538	6.0	38.0
21	45446834	12.0	49.0
21	45891584	7.0	37.0
21	46013315	4.0	36.0
21	46833621	10.0	29.0
22	16350436	6.0	86.0
22	17323109	3.0	33.0
22	17559340	10.0	32.0
22	17770014	7.0	40.0
22	18532910	6.0	42.0
22	19809155	5.0	32.0
22	22745828	9.0	51.0
22	24685293	6.0	31.0
22	24729968	5.0	31.0
22	24889643	8.0	38.0
22	24889908	4.0	40.0
22	25227468	6.0	23.0
22	26550179	4.0	32.0
22	27049077	5.0	43.0
22	27424950	10.0	39.0
22	29465374	7.0	37.0
22	30500996	5.0	35.0
22	31150949	10.0	25.0
22	31320104	3.0	37.0
22	31713369	8.0	36.0
22	32578398	9.0	52.0
22	32686295	8.0	32.0
22	33000611	11.0	40.0
22	34192936	4.0	41.0
22	34505245	12.0	41.0
22	35346355	3.0	33.0
22	36286055	4.0	46.0
22	36479661	3.0	42.0
22	37331658	5.0	39.0
22	38600246	9.0	40.0
22	40539306	5.0	25.0
22	40944264	4.0	40.0
22	41085675	3.0	24.0
22	41219746	4.0	53.0
22	41435397	4.0	21.0
22	41616487	9.0	40.0
22	43012214	7.0	25.0
22	44774648	7.0	44.0
22	46273516	7.0	30.0
22	46479122	7.0	44.0
22	46479123	7.0	45.0
22	47289410	4.0	36.0
22	49347889	4.0	31.0
22	49557127	9.0	23.0
22	50934614	5.0	29.0
3	784514	10.0	53.0
3	1174712	8.0	35.0
3	1300571	11.0	41.0
3	1863702	6.0	43.0
3	1978186	12.0	47.0
3	2121752	9.0	63.0
3	2384358	9.0	47.0
3	3080721	4.0	60.0
3	3571848	15.0	50.0
3	4422125	6.0	60.0
3	5304007	3.0	46.0
3	5454236	11.0	40.0
3	7513265	6.0	33.0
3	7608637	7.0	50.0
3	9027957	10.0	50.0
3	9543927	4.0	30.0
3	10678604	7.0	54.0
3	10740513	4.0	45.0
3	10761676	4.0	39.0
3	11036612	5.0	25.0
3	11707002	6.0	39.0
3	11707034	6.0	31.0
3	13954089	13.0	57.0
3	14225766	9.0	32.0
3	14333537	7.0	39.0
3	14544475	11.0	46.0
3	16000879	8.0	50.0
3	17120713	7.0	41.0
3	17460748	8.0	63.0
3	17817691	10.0	31.0
3	18152068	11.0	40.0
3	18779154	6.0	48.0
3	20580992	11.0	47.0
3	20725480	5.0	27.0
3	20871663	10.0	46.0
3	21215016	5.0	53.0
3	21330799	9.0	47.0
3	21588721	7.0	30.0
3	21616302	5.0	60.0
3	21647609	6.0	50.0
3	21934611	9.0	55.0
3	22552216	5.0	31.0
3	25666624	4.0	54.0
3	26091117	5.0	51.0
3	26555181	5.0	37.0
3	27142018	10.0	38.0
3	28376982	9.0	53.0
3	28574420	8.0	52.0
3	29283884	9.0	45.0
3	29702949	4.0	51.0
3	30069764	7.0	55.0
3	30325261	7.0	44.0
3	33274789	7.0	37.0
3	34186216	9.0	57.0
3	35735567	4.0	68.0
3	35926562	9.0	66.0
3	36416332	4.0	42.0
3	37087073	13.0	38.0
3	37855166	7.0	52.0
3	38457014	5.0	35.0
3	39750747	10.0	45.0
3	41538693	5.0	42.0
3	42140449	5.0	32.0
3	43243026	7.0	49.0
3	44087282	11.0	40.0
3	44244281	3.0	45.0
3	44294703	9.0	54.0
3	46388352	7.0	47.0
3	47518831	6.0	30.0
3	49127610	6.0	38.0
3	49349557	7.0	29.0
3	49671019	11.0	42.0
3	53195882	7.0	10.0
3	54436319	5.0	50.0
3	54530725	7.0	63.0
3	54635107	5.0	39.0
3	55515809	5.0	49.0
3	57372767	7.0	22.0
3	59138718	7.0	54.0
3	59280800	7.0	32.0
3	62890610	8.0	47.0
3	63087428	10.0	45.0
3	64028596	12.0	54.0
3	65469539	6.0	45.0
3	66103250	4.0	40.0
3	67464969	7.0	60.0
3	68196478	4.0	41.0
3	68823534	10.0	51.0
3	70534675	13.0	47.0
3	70618283	5.0	57.0
3	71944922	9.0	59.0
3	73191453	4.0	45.0
3	73450649	10.0	41.0
3	75859351	3.0	39.0
3	76273062	4.0	52.0
3	76423519	7.0	41.0
3	76472636	6.0	51.0
3	76655225	7.0	54.0
3	76677965	10.0	43.0
3	77133940	8.0	47.0
3	77190415	11.0	47.0
3	77229790	6.0	41.0
3	77432513	13.0	66.0
3	79017134	4.0	36.0
3	79246673	11.0	43.0
3	79334828	6.0	56.0
3	79823019	6.0	47.0
3	82534600	8.0	31.0
3	83537537	8.0	51.0
3	83975339	8.0	58.0
3	84103475	5.0	58.0
3	84910598	6.0	47.0
3	88372589	6.0	45.0
3	88527250	5.0	53.0
3	89549418	4.0	44.0
3	90499396	9.0	45.0
3	93876310	6.0	40.0
3	93920416	4.0	62.0
3	94030639	4.0	50.0
3	95062169	7.0	39.0
3	95304630	8.0	71.0
3	95470780	6.0	49.0
3	96149197	10.0	38.0
3	96446140	3.0	44.0
3	97133579	12.0	43.0
3	97257438	5.0	49.0
3	97940594	4.0	37.0
3	98068524	5.0	48.0
3	98277335	5.0	44.0
3	98750057	7.0	41.0
3	98961036	7.0	49.0
3	99285479	5.0	61.0
3	99840180	7.0	43.0
3	101308652	10.0	50.0
3	101568929	6.0	22.0
3	102245642	6.0	39.0
3	102669290	7.0	43.0
3	103405541	10.0	57.0
3	104274104	4.0	52.0
3	105129555	11.0	55.0
3	106055353	4.0	49.0
3	107402311	7.0	46.0
3	109473916	6.0	35.0
3	109551605	14.0	54.0
3	109581829	6.0	34.0
3	111347911	6.0	31.0
3	111432886	13.0	44.0
3	115110771	5.0	28.0
3	115149994	11.0	55.0
3	115879201	4.0	38.0
3	115919457	7.0	49.0
3	116328629	10.0	44.0
3	116415597	6.0	50.0
3	116746547	2.0	45.0
3	116746551	2.0	45.0
3	116839912	13.0	48.0
3	116891211	10.0	62.0
3	116907867	7.0	67.0
3	116983509	4.0	46.0
3	116998015	6.0	69.0
3	117294338	11.0	39.0
3	117319783	4.0	50.0
3	117776289	7.0	64.0
3	118168396	7.0	64.0
3	119137304	10.0	42.0
3	119719259	10.0	41.0
3	120136709	13.0	43.0
3	121632954	5.0	39.0
3	122054395	7.0	53.0
3	122817223	9.0	51.0
3	123325380	5.0	57.0
3	123577376	7.0	40.0
3	123831331	6.0	51.0
3	124533250	7.0	54.0
3	124615793	6.0	35.0
3	125345432	5.0	37.0
3	125824930	4.0	34.0
3	126170910	5.0	42.0
3	127385386	8.0	44.0
3	127449545	9.0	45.0
3	128157445	4.0	37.0
3	129914154	7.0	31.0
3	131451722	5.0	48.0
3	131643977	6.0	53.0
3	131748368	8.0	36.0
3	132541074	5.0	39.0
3	132685679	4.0	34.0
3	133739344	7.0	40.0
3	134453590	7.0	42.0
3	134593254	7.0	52.0
3	136128845	6.0	29.0
3	136129356	4.0	34.0
3	136227806	16.0	54.0
3	136807196	8.0	62.0
3	136955528	10.0	42.0
3	137388216	4.0	32.0
3	139172451	4.0	22.0
3	139415412	5.0	38.0
3	139505248	7.0	40.0
3	139820068	9.0	46.0
3	140063176	8.0	33.0
3	142151853	5.0	62.0
3	144854092	7.0	46.0
3	145254364	8.0	52.0
3	145615824	10.0	52.0
3	146732543	5.0	45.0
3	146753839	6.0	57.0
3	146971449	7.0	33.0
3	147724378	5.0	55.0
3	148797228	6.0	23.0
3	148868445	6.0	59.0
3	149370881	8.0	48.0
3	149856501	8.0	54.0
3	150193352	11.0	46.0
3	150980748	6.0	41.0
3	151723627	5.0	40.0
3	151981331	7.0	40.0
3	152341003	4.0	40.0
3	152781909	6.0	49.0
3	153027511	11.0	59.0
3	153169863	7.0	50.0
3	153214904	6.0	35.0
3	155068629	6.0	48.0
3	156079983	8.0	44.0
3	156927876	4.0	24.0
3	157064333	9.0	49.0
3	158240824	7.0	56.0
3	158282666	5.0	40.0
3	158477770	7.0	41.0
3	159084707	6.0	35.0
3	159443287	9.0	24.0
3	159855503	5.0	44.0
3	159859360	10.0	43.0
3	161366740	4.0	45.0
3	161439608	8.0	54.0
3	161763611	5.0	45.0
3	162494898	9.0	43.0
3	162758265	3.0	45.0
3	162769566	9.0	59.0
3	163976971	7.0	36.0
3	164124157	8.0	58.0
3	164991539	6.0	42.0
3	165484675	6.0	49.0
3	165666549	6.0	58.0
3	165698665	6.0	40.0
3	165800804	5.0	23.0
3	166269177	9.0	42.0
3	167634652	6.0	71.0
3	168317928	5.0	46.0
3	169328690	9.0	57.0
3	169950475	4.0	38.0
3	170298479	8.0	51.0
3	171032617	5.0	41.0
3	172949257	12.0	61.0
3	174041845	13.0	57.0
3	174674635	6.0	71.0
3	174892144	6.0	67.0
3	174912630	14.0	46.0
3	176809581	7.0	50.0
3	176930426	12.0	46.0
3	177440069	8.0	45.0
3	178531650	1.0	46.0
3	178916924	9.0	46.0
3	178952085	9.0	49.0
3	179368146	4.0	28.0
3	179574473	3.0	44.0
3	180017102	8.0	67.0
3	182450896	11.0	39.0
3	182528761	8.0	53.0
3	184184339	7.0	22.0
3	184935100	8.0	37.0
3	186147147	7.0	26.0
3	186388767	8.0	39.0
3	186567663	8.0	50.0
3	186928418	19.0	53.0
3	187248128	4.0	51.0
3	187757078	9.0	49.0
3	189207128	7.0	36.0
3	190772009	7.0	43.0
3	192073455	6.0	44.0
3	192406839	8.0	44.0
3	193631392	10.0	58.0
3	194457742	4.0	34.0
3	194611481	11.0	29.0
3	195430405	5.0	65.0
3	197131329	5.0	44.0
3	197285401	4.0	49.0
4	1544960	8.0	24.0
4	1762678	8.0	37.0
4	1876998	7.0	30.0
4	2886020	6.0	37.0
4	3257645	4.0	32.0
4	3312989	4.0	28.0
4	4240196	5.0	58.0
4	6258036	7.0	33.0
4	7275780	8.0	52.0
4	8887985	6.0	21.0
4	9370892	4.0	52.0
4	9451585	7.0	42.0
4	9714152	4.0	51.0
4	10530127	6.0	47.0
4	10639493	5.0	38.0
4	11907737	12.0	43.0
4	12102866	10.0	41.0
4	12240500	12.0	65.0
4	12727773	10.0	27.0
4	14948434	7.0	50.0
4	15355419	9.0	42.0
4	15752977	5.0	33.0
4	16558893	6.0	31.0
4	16725101	8.0	51.0
4	16866874	12.0	53.0
4	16964522	12.0	40.0
4	16985380	13.0	38.0
4	17459290	11.0	48.0
4	18850228	7.0	59.0
4	19861237	6.0	42.0
4	20324275	9.0	57.0
4	21203459	14.0	41.0
4	21532553	8.0	35.0
4	22219205	9.0	36.0
4	23094179	8.0	55.0
4	23251697	11.0	35.0
4	23351699	10.0	57.0
4	24359090	6.0	59.0
4	24726600	9.0	42.0
4	24742873	8.0	56.0
4	25437110	8.0	28.0
4	26327476	11.0	51.0
4	26497944	9.0	36.0
4	29861518	5.0	49.0
4	29957227	14.0	50.0
4	30086347	6.0	44.0
4	30345063	6.0	47.0
4	30377116	5.0	35.0
4	30552141	7.0	48.0
4	30841270	7.0	54.0
4	30958746	7.0	47.0
4	31004762	6.0	50.0
4	31572196	10.0	46.0
4	33173037	4.0	35.0
4	33378655	6.0	57.0
4	33420284	6.0	59.0
4	33455501	4.0	44.0
4	33481026	7.0	47.0
4	34387396	6.0	38.0
4	36000534	5.0	51.0
4	36303518	8.0	39.0
4	36796547	8.0	39.0
4	38018188	8.0	48.0
4	38317438	8.0	50.0
4	39645357	4.0	46.0
4	41393886	6.0	51.0
4	41424401	4.0	30.0
4	41638438	4.0	32.0
4	41758586	6.0	42.0
4	41799141	7.0	51.0
4	42230560	3.0	45.0
4	42641133	7.0	43.0
4	43012580	5.0	42.0
4	43530288	7.0	44.0
4	43749560	6.0	35.0
4	44211041	9.0	46.0
4	44211187	6.0	45.0
4	44212349	12.0	54.0
4	45673156	4.0	38.0
4	46189092	8.0	47.0
4	46892744	13.0	47.0
4	47411519	2.0	35.0
4	48346173	7.0	43.0
4	48811265	6.0	30.0
4	53707569	8.0	50.0
4	53782153	8.0	50.0
4	55107390	6.0	47.0
4	55145645	3.0	36.0
4	55149597	7.0	31.0
4	55505928	3.0	37.0
4	55767116	6.0	63.0
4	56689961	8.0	45.0
4	56906490	5.0	40.0
4	57089900	5.0	37.0
4	57548152	10.0	41.0
4	58209308	8.0	45.0
4	58586707	4.0	32.0
4	58781742	5.0	53.0
4	59597450	11.0	41.0
4	60060888	7.0	50.0
4	60341221	4.0	47.0
4	60344747	7.0	52.0
4	60346106	7.0	46.0
4	60411256	5.0	54.0
4	60653164	9.0	54.0
4	62043152	8.0	51.0
4	62342593	5.0	31.0
4	63813308	6.0	57.0
4	64310222	4.0	52.0
4	64503759	11.0	33.0
4	64664279	4.0	54.0
4	64907382	8.0	49.0
4	65883754	6.0	40.0
4	66352578	6.0	45.0
4	66472456	4.0	51.0
4	67569411	9.0	51.0
4	67686649	9.0	48.0
4	68051011	6.0	48.0
4	68463468	9.0	48.0
4	70544882	5.0	38.0
4	70544910	8.0	34.0
4	70677899	5.0	52.0
4	70707733	5.0	55.0
4	75198298	4.0	44.0
4	76023625	3.0	42.0
4	77515360	9.0	43.0
4	77733645	6.0	38.0
4	77739993	10.0	45.0
4	78527506	12.0	41.0
4	78716247	4.0	39.0
4	78967462	9.0	44.0
4	79774412	6.0	60.0
4	81466078	11.0	59.0
4	81518672	8.0	56.0
4	81964331	8.0	51.0
4	84878413	3.0	42.0
4	86298413	4.0	54.0
4	87337891	5.0	57.0
4	87462840	11.0	55.0
4	87776038	6.0	45.0
4	88002511	9.0	42.0
4	88638287	7.0	49.0
4	88809593	12.0	48.0
4	90942000	9.0	50.0
4	92388075	11.0	43.0
4	92408200	5.0	41.0
4	92958059	5.0	37.0
4	93789201	5.0	29.0
4	94366799	9.0	47.0
4	94971889	6.0	55.0
4	95882798	15.0	50.0
4	96066535	6.0	52.0
4	96218092	4.0	34.0
4	96521722	8.0	50.0
4	97913851	8.0	46.0
4	98624875	4.0	29.0
4	99770842	3.0	37.0
4	99888397	3.0	43.0
4	100779419	6.0	42.0
4	101384166	9.0	37.0
4	101890027	6.0	30.0
4	102289739	4.0	47.0
4	103689828	8.0	58.0
4	104375674	4.0	44.0
4	104898001	5.0	35.0
4	106429275	7.0	44.0
4	107200929	9.0	59.0
4	107363537	10.0	44.0
4	107964043	10.0	55.0
4	107990197	5.0	58.0
4	108433079	3.0	45.0
4	109946145	4.0	41.0
4	111626709	4.0	36.0
4	112181937	7.0	37.0
4	112510767	8.0	39.0
4	114098676	8.0	47.0
4	114465337	8.0	43.0
4	114665100	7.0	37.0
4	116389965	7.0	42.0
4	116547654	6.0	55.0
4	116627704	10.0	32.0
4	117098208	7.0	57.0
4	117261196	9.0	49.0
4	118159658	11.0	52.0
4	118412349	6.0	45.0
4	118412350	6.0	44.0
4	118555180	9.0	37.0
4	119322441	4.0	41.0
4	119586408	5.0	41.0
4	120209463	5.0	47.0
4	120567422	5.0	43.0
4	121227176	5.0	51.0
4	122203515	3.0	39.0
4	122253371	9.0	50.0
4	122805707	9.0	42.0
4	122903116	7.0	42.0
4	124780364	5.0	53.0
4	125221811	4.0	60.0
4	125469538	6.0	46.0
4	126069491	6.0	51.0
4	126213080	7.0	53.0
4	126301209	6.0	54.0
4	126782713	12.0	48.0
4	127044618	11.0	53.0
4	127118090	10.0	58.0
4	127175169	6.0	44.0
4	127813781	6.0	49.0
4	129627937	3.0	39.0
4	129725852	6.0	63.0
4	130241822	7.0	48.0
4	130382449	10.0	58.0
4	130426079	10.0	54.0
4	130602642	9.0	52.0
4	130791369	12.0	46.0
4	131291636	9.0	49.0
4	131638244	9.0	40.0
4	131960312	11.0	43.0
4	132433129	8.0	41.0
4	132474237	14.0	56.0
4	132721111	8.0	52.0
4	133112169	7.0	37.0
4	133193468	12.0	49.0
4	135316958	5.0	51.0
4	136660566	6.0	38.0
4	136918382	10.0	44.0
4	137349767	9.0	48.0
4	137366124	6.0	44.0
4	137559714	7.0	32.0
4	137607066	8.0	63.0
4	138082448	13.0	55.0
4	138125041	9.0	49.0
4	140027608	4.0	52.0
4	141345124	8.0	47.0
4	141765449	6.0	51.0
4	141903300	8.0	49.0
4	142767166	15.0	46.0
4	143955270	6.0	40.0
4	145804437	4.0	54.0
4	145948084	3.0	19.0
4	146069403	9.0	49.0
4	146318710	7.0	51.0
4	146495851	3.0	40.0
4	146805231	6.0	37.0
4	146885391	9.0	43.0
4	147257264	4.0	57.0
4	147442038	7.0	46.0
4	147442101	6.0	53.0
4	147442813	7.0	47.0
4	147444481	9.0	50.0
4	147444595	4.0	49.0
4	147449959	8.0	42.0
4	147771277	3.0	44.0
4	148007738	6.0	46.0
4	148286386	7.0	42.0
4	148530730	11.0	39.0
4	151384193	9.0	45.0
4	152081933	4.0	45.0
4	152598816	16.0	46.0
4	154638737	4.0	50.0
4	154759168	7.0	59.0
4	156021189	8.0	60.0
4	157144611	5.0	61.0
4	157472768	9.0	53.0
4	158696170	5.0	51.0
4	159364595	5.0	40.0
4	160107637	5.0	48.0
4	160840874	6.0	40.0
4	161293305	7.0	44.0
4	161400401	9.0	42.0
4	161608218	7.0	48.0
4	161779474	14.0	51.0
4	161971700	5.0	37.0
4	162051095	6.0	49.0
4	162643705	9.0	39.0
4	162951137	4.0	41.0
4	162983077	6.0	52.0
4	163854972	9.0	51.0
4	164928108	4.0	29.0
4	165616222	2.0	38.0
4	165744507	4.0	45.0
4	166316327	16.0	53.0
4	167442922	4.0	47.0
4	167478178	8.0	47.0
4	168004187	7.0	44.0
4	169787622	7.0	59.0
4	169949773	8.0	44.0
4	172018565	8.0	56.0
4	172247248	10.0	53.0
4	172463220	4.0	42.0
4	172671477	4.0	53.0
4	173468491	4.0	51.0
4	173853058	7.0	33.0
4	174276154	7.0	39.0
4	174591248	13.0	37.0
4	175310352	9.0	41.0
4	175676030	10.0	55.0
4	175821233	5.0	42.0
4	175918398	11.0	43.0
4	176048995	7.0	45.0
4	176346540	5.0	51.0
4	176832416	9.0	41.0
4	178721589	9.0	45.0
4	178994034	7.0	50.0
4	179256748	6.0	55.0
4	179562174	14.0	40.0
4	179809672	7.0	38.0
4	179861807	8.0	58.0
4	179911553	4.0	44.0
4	180011120	9.0	49.0
4	180189416	7.0	40.0
4	180284574	12.0	48.0
4	180285850	11.0	46.0
4	180869342	6.0	49.0
4	181187749	8.0	50.0
4	181488529	6.0	49.0
4	182318902	10.0	48.0
4	182731605	3.0	44.0
4	184453718	5.0	33.0
4	184580841	16.0	38.0
4	189024636	6.0	28.0
4	190395034	10.0	43.0
5	52096	4.0	51.0
5	575615	6.0	35.0
5	2656103	5.0	44.0
5	3110429	4.0	34.0
5	3705535	9.0	47.0
5	5364594	4.0	30.0
5	6260712	8.0	36.0
5	7240377	10.0	41.0
5	8002873	10.0	49.0
5	8558312	5.0	62.0
5	8803334	5.0	46.0
5	9263527	5.0	43.0
5	9450259	7.0	35.0
5	9760282	12.0	47.0
5	10193207	5.0	43.0
5	10313016	9.0	55.0
5	11084042	5.0	27.0
5	12849875	10.0	48.0
5	13191492	8.0	52.0
5	13416672	4.0	7.0
5	14328793	7.0	41.0
5	15974627	7.0	42.0
5	16010563	6.0	30.0
5	16147465	5.0	34.0
5	16292663	5.0	42.0
5	17904437	7.0	42.0
5	18924551	6.0	48.0
5	19025882	8.0	55.0
5	19346703	11.0	44.0
5	20560260	7.0	43.0
5	22770947	6.0	63.0
5	23258989	6.0	54.0
5	23371497	8.0	42.0
5	23491402	10.0	42.0
5	24867723	8.0	38.0
5	24867725	8.0	38.0
5	25107838	5.0	40.0
5	25704022	6.0	47.0
5	26194245	3.0	47.0
5	26660856	7.0	44.0
5	27828706	5.0	57.0
5	28119764	8.0	39.0
5	28523286	9.0	57.0
5	28737983	5.0	40.0
5	29000451	6.0	45.0
5	29290616	14.0	47.0
5	29333055	7.0	45.0
5	29884103	7.0	50.0
5	29972123	4.0	41.0
5	30018422	9.0	39.0
5	30182440	6.0	55.0
5	30189475	10.0	55.0
5	30309730	5.0	63.0
5	30907549	8.0	44.0
5	31389134	11.0	39.0
5	31915295	5.0	47.0
5	32225353	5.0	23.0
5	32906730	10.0	34.0
5	34695391	8.0	50.0
5	34695557	7.0	53.0
5	35181340	12.0	59.0
5	36367753	6.0	41.0
5	38967931	7.0	51.0
5	38967932	7.0	50.0
5	39586801	5.0	45.0
5	40213715	8.0	51.0
5	40290807	4.0	58.0
5	40773061	9.0	40.0
5	41586151	8.0	40.0
5	42671477	5.0	37.0
5	42680965	6.0	44.0
5	42933052	11.0	48.0
5	45292335	6.0	57.0
5	45728379	7.0	45.0
5	46210630	7.0	44.0
5	50791603	12.0	44.0
5	51099600	6.0	50.0
5	52091494	11.0	45.0
5	53743724	8.0	46.0
5	53806071	11.0	41.0
5	54982207	5.0	52.0
5	55538106	6.0	50.0
5	55689488	7.0	51.0
5	55690464	3.0	34.0
5	56482976	6.0	49.0
5	56580525	5.0	41.0
5	58204120	9.0	59.0
5	60103527	8.0	37.0
5	60106758	10.0	57.0
5	62737163	7.0	56.0
5	63039827	6.0	55.0
5	63389255	8.0	45.0
5	63430933	4.0	38.0
5	64326175	4.0	49.0
5	64604492	6.0	45.0
5	65466261	8.0	45.0
5	65690035	4.0	50.0
5	67284969	10.0	58.0
5	67491810	4.0	43.0
5	67491850	4.0	45.0
5	67492090	6.0	42.0
5	67722042	5.0	48.0
5	68046670	12.0	52.0
5	70911729	4.0	38.0
5	75458579	15.0	56.0
5	77593605	9.0	51.0
5	77780220	4.0	69.0
5	77910491	8.0	56.0
5	78791640	6.0	39.0
5	78916644	9.0	54.0
5	79037032	11.0	47.0
5	80281847	12.0	45.0
5	80308478	4.0	24.0
5	81592601	12.0	51.0
5	81989184	8.0	54.0
5	82596673	6.0	56.0
5	82842518	10.0	50.0
5	83578463	9.0	53.0
5	84380318	5.0	46.0
5	84820561	10.0	42.0
5	84948652	5.0	40.0
5	85096491	9.0	40.0
5	85113780	12.0	47.0
5	85113781	11.0	48.0
5	85635667	13.0	48.0
5	88127221	4.0	52.0
5	88591051	8.0	62.0
5	89074881	13.0	54.0
5	89709259	6.0	39.0
5	90293048	8.0	55.0
5	90377428	7.0	27.0
5	91004833	7.0	57.0
5	91109966	10.0	44.0
5	91245636	13.0	34.0
5	91802826	6.0	44.0
5	91972000	6.0	42.0
5	94021222	9.0	50.0
5	95814622	6.0	59.0
5	97135333	8.0	52.0
5	97143324	5.0	54.0
5	97852293	7.0	65.0
5	98458642	13.0	59.0
5	100542190	9.0	57.0
5	102598295	7.0	50.0
5	104012635	11.0	38.0
5	104038049	6.0	54.0
5	105119298	14.0	56.0
5	105807325	14.0	51.0
5	105996513	4.0	59.0
5	106071854	10.0	46.0
5	107635178	7.0	59.0
5	107778244	6.0	30.0
5	108013576	5.0	54.0
5	109072398	4.0	56.0
5	109211458	12.0	45.0
5	110449703	4.0	39.0
5	110687186	11.0	46.0
5	110929492	9.0	51.0
5	112850848	9.0	46.0
5	113103057	4.0	44.0
5	113655500	9.0	48.0
5	113936305	7.0	43.0
5	114052486	9.0	45.0
5	116128458	13.0	56.0
5	116512440	4.0	27.0
5	117174178	10.0	43.0
5	119106604	5.0	49.0
5	119108598	7.0	47.0
5	119497520	11.0	49.0
5	119626618	10.0	58.0
5	120004565	4.0	35.0
5	120742835	4.0	53.0
5	122450289	12.0	54.0
5	123010269	8.0	50.0
5	123756611	8.0	36.0
5	126161490	11.0	40.0
5	126524861	7.0	43.0
5	127068323	6.0	59.0
5	127161237	12.0	45.0
5	129227629	11.0	34.0
5	129978361	7.0	41.0
5	130497073	5.0	32.0
5	134236719	4.0	49.0
5	134406613	8.0	38.0
5	136723678	9.0	47.0
5	137294142	11.0	49.0
5	137523565	8.0	41.0
5	138723978	7.0	31.0
5	139132400	6.0	27.0
5	140244592	6.0	48.0
5	141975928	8.0	42.0
5	142772715	6.0	46.0
5	143174633	10.0	51.0
5	143376881	9.0	49.0
5	143475747	7.0	50.0
5	143667316	4.0	38.0
5	143910347	7.0	37.0
5	144578061	18.0	47.0
5	145422746	6.0	28.0
5	149312332	4.0	50.0
5	149733065	8.0	48.0
5	150355837	5.0	42.0
5	150667289	8.0	44.0
5	150734012	6.0	40.0
5	155062146	6.0	49.0
5	155521844	4.0	37.0
5	155966899	10.0	50.0
5	156039066	5.0	66.0
5	157480606	4.0	38.0
5	157480616	4.0	37.0
5	157481078	5.0	35.0
5	157481140	4.0	38.0
5	159394055	9.0	41.0
5	160394884	7.0	33.0
5	162179142	5.0	39.0
5	162258207	14.0	45.0
5	162534261	10.0	51.0
5	163680926	7.0	49.0
5	163775825	7.0	30.0
5	163829729	8.0	55.0
5	163873449	7.0	50.0
5	163987019	13.0	47.0
5	164944738	5.0	43.0
5	165399782	5.0	53.0
5	165409365	7.0	45.0
5	165730006	4.0	46.0
5	165853038	14.0	55.0
5	165853126	13.0	33.0
5	166444414	8.0	51.0
5	166709379	18.0	37.0
5	167136177	6.0	45.0
5	168482113	6.0	59.0
5	168536088	7.0	59.0
5	168629368	9.0	40.0
5	168865411	10.0	49.0
5	170602960	5.0	53.0
5	176093398	3.0	28.0
5	176509111	5.0	21.0
5	176788269	11.0	45.0
5	177420250	6.0	29.0
5	178422835	3.0	30.0
5	178587329	7.0	34.0
5	179439558	6.0	46.0
6	1584065	5.0	51.0
6	1980795	13.0	44.0
6	3611725	6.0	35.0
6	3843152	10.0	45.0
6	4297757	5.0	33.0
6	4616663	7.0	47.0
6	5820562	9.0	31.0
6	5993715	8.0	62.0
6	6349778	5.0	53.0
6	6573954	11.0	45.0
6	8416110	10.0	59.0
6	8685845	1.0	39.0
6	9651038	8.0	49.0
6	9668588	8.0	40.0
6	9794048	6.0	46.0
6	10863472	6.0	43.0
6	10864057	4.0	55.0
6	10939332	3.0	33.0
6	11155451	13.0	44.0
6	12080181	9.0	42.0
6	13773775	6.0	42.0
6	14367950	10.0	61.0
6	17093986	12.0	29.0
6	17643078	5.0	48.0
6	18706876	5.0	46.0
6	18762277	8.0	45.0
6	19976650	5.0	48.0
6	21490731	11.0	28.0
6	22381367	11.0	49.0
6	23339989	4.0	47.0
6	23596548	7.0	47.0
6	24399334	4.0	24.0
6	27086966	4.0	57.0
6	27573928	10.0	41.0
6	28146393	6.0	49.0
6	28463926	9.0	48.0
6	28734152	5.0	42.0
6	32877651	6.0	54.0
6	33915818	9.0	33.0
6	36205651	9.0	42.0
6	36655008	6.0	45.0
6	36717646	7.0	51.0
6	37261438	4.0	31.0
6	38477566	9.0	52.0
6	38752296	8.0	38.0
6	39678977	15.0	43.0
6	40901816	8.0	47.0
6	41779312	16.0	39.0
6	42877858	5.0	32.0
6	43152170	3.0	36.0
6	43511464	4.0	33.0
6	43775078	7.0	41.0
6	45000104	8.0	42.0
6	47916930	5.0	42.0
6	47925497	4.0	31.0
6	48037419	10.0	50.0
6	48281216	6.0	44.0
6	49356475	5.0	26.0
6	50458355	4.0	41.0
6	51702004	7.0	42.0
6	52177192	7.0	35.0
6	52835440	8.0	33.0
6	53167354	9.0	48.0
6	53314684	3.0	50.0
6	54633211	10.0	36.0
6	54951523	8.0	42.0
6	55422394	5.0	43.0
6	56478000	10.0	40.0
6	56661458	6.0	44.0
6	56943564	7.0	48.0
6	57331251	5.0	46.0
6	58326665	5.0	42.0
6	58537261	9.0	44.0
6	58611964	4.0	60.0
6	61980816	6.0	41.0
6	62056040	10.0	40.0
6	62420897	13.0	38.0
6	62714947	7.0	33.0
6	62827348	3.0	55.0
6	63068450	10.0	50.0
6	63085585	15.0	63.0
6	65050748	12.0	48.0
6	65570322	5.0	36.0
6	65743281	5.0	47.0
6	66601000	6.0	42.0
6	66765506	11.0	46.0
6	66765514	12.0	46.0
6	67306985	9.0	44.0
6	68679900	5.0	56.0
6	71096604	5.0	44.0
6	71509484	8.0	56.0
6	72870986	8.0	27.0
6	72916095	6.0	62.0
6	73799482	5.0	47.0
6	74245086	6.0	32.0
6	75270060	11.0	43.0
6	75604422	9.0	48.0
6	75979361	11.0	40.0
6	76627238	6.0	63.0
6	76875809	5.0	35.0
6	77136729	16.0	25.0
6	78203670	7.0	57.0
6	78762420	5.0	43.0
6	80145358	10.0	38.0
6	80301098	4.0	49.0
6	81562986	6.0	55.0
6	82105495	4.0	48.0
6	82797539	8.0	42.0
6	82950788	6.0	59.0
6	83777429	4.0	24.0
6	84079717	10.0	36.0
6	84567217	8.0	65.0
6	84693128	6.0	45.0
6	85235653	5.0	46.0
6	85266703	8.0	48.0
6	85666369	6.0	35.0
6	85987122	7.0	34.0
6	86341873	6.0	51.0
6	86552180	6.0	45.0
6	87129101	7.0	52.0
6	87234309	16.0	50.0
6	88282571	8.0	45.0
6	88625526	10.0	52.0
6	88632589	9.0	42.0
6	89421793	5.0	35.0
6	89552567	7.0	42.0
6	89658926	5.0	21.0
6	89804278	6.0	39.0
6	89818295	8.0	44.0
6	91189439	9.0	41.0
6	91546207	4.0	45.0
6	92470769	4.0	45.0
6	94294327	5.0	48.0
6	95240359	5.0	45.0
6	95499450	5.0	52.0
6	95508592	7.0	48.0
6	95515344	8.0	54.0
6	96894353	9.0	34.0
6	99710665	7.0	39.0
6	100316159	7.0	35.0
6	100829234	8.0	46.0
6	101772017	6.0	51.0
6	103206817	5.0	38.0
6	104923015	4.0	35.0
6	105975336	9.0	44.0
6	106773698	5.0	25.0
6	106957322	9.0	39.0
6	107989824	11.0	46.0
6	108073345	6.0	48.0
6	109612353	5.0	46.0
6	110979475	9.0	44.0
6	111184176	7.0	37.0
6	111599219	6.0	42.0
6	112570028	5.0	57.0
6	112749488	11.0	52.0
6	112757739	6.0	46.0
6	113036413	8.0	65.0
6	113055062	10.0	47.0
6	113086165	5.0	64.0
6	114764633	15.0	58.0
6	115624812	4.0	5.0
6	116442452	9.0	41.0
6	117678047	8.0	59.0
6	118274759	8.0	52.0
6	118760661	10.0	37.0
6	118866535	5.0	46.0
6	119981804	10.0	68.0
6	120767076	11.0	54.0
6	120839861	8.0	48.0
6	121196042	9.0	53.0
6	121917631	5.0	52.0
6	122468325	6.0	44.0
6	122469657	5.0	43.0
6	122471146	6.0	51.0
6	122472024	8.0	64.0
6	122479779	5.0	51.0
6	122480690	8.0	57.0
6	122483441	9.0	43.0
6	122484008	9.0	46.0
6	122484132	9.0	33.0
6	122486835	7.0	37.0
6	122487083	5.0	48.0
6	122487520	5.0	45.0
6	122499877	7.0	51.0
6	122499997	12.0	46.0
6	122500310	5.0	50.0
6	122503384	7.0	35.0
6	122532308	8.0	46.0
6	125083510	7.0	41.0
6	125532289	6.0	57.0
6	126427434	12.0	42.0
6	126686435	10.0	53.0
6	127046441	11.0	32.0
6	127435425	6.0	36.0
6	127747075	5.0	35.0
6	128234132	4.0	56.0
6	128835065	5.0	41.0
6	129716727	8.0	48.0
6	130043506	5.0	45.0
6	131035219	5.0	52.0
6	131772355	14.0	45.0
6	132436628	4.0	48.0
6	132941398	8.0	42.0
6	133250020	10.0	37.0
6	135450312	4.0	38.0
6	135742501	5.0	41.0
6	136528211	9.0	34.0
6	136678929	4.0	34.0
6	137599974	9.0	67.0
6	137947731	5.0	43.0
6	138069949	4.0	44.0
6	141379367	11.0	42.0
6	142906911	10.0	36.0
6	143174614	7.0	44.0
6	145013957	7.0	42.0
6	148035437	4.0	41.0
6	148035512	7.0	53.0
6	148035522	8.0	48.0
6	151353575	4.0	29.0
6	154058980	3.0	51.0
6	156843874	9.0	33.0
6	157070621	9.0	41.0
6	157101110	5.0	27.0
6	157250682	5.0	45.0
6	157770913	6.0	32.0
6	157777705	6.0	29.0
6	158841008	4.0	31.0
6	159623265	8.0	40.0
6	160057557	8.0	39.0
6	161231368	6.0	33.0
6	162479723	10.0	21.0
6	163233424	9.0	39.0
6	163239418	9.0	38.0
6	164164008	4.0	46.0
6	164800805	4.0	53.0
6	167639019	5.0	46.0
6	167722946	9.0	29.0
6	169811735	7.0	26.0
7	433281	9.0	29.0
7	2900148	5.0	41.0
7	5143589	11.0	35.0
7	7187077	8.0	49.0
7	8206731	9.0	39.0
7	8465184	9.0	43.0
7	8472238	13.0	52.0
7	9006315	10.0	33.0
7	9587878	3.0	39.0
7	9644031	8.0	36.0
7	9732117	9.0	61.0
7	10109532	7.0	36.0
7	10329995	4.0	42.0
7	10972610	8.0	52.0
7	12003335	10.0	49.0
7	14016850	7.0	67.0
7	14407892	12.0	50.0
7	14949391	8.0	52.0
7	15070199	11.0	48.0
7	16265375	4.0	61.0
7	16481256	4.0	53.0
7	16905038	9.0	58.0
7	17375787	6.0	46.0
7	17878885	9.0	65.0
7	17911050	11.0	41.0
7	19910245	7.0	30.0
7	20011517	6.0	53.0
7	20243514	11.0	41.0
7	21104190	11.0	55.0
7	21140592	13.0	48.0
7	21265768	6.0	64.0
7	21360560	8.0	49.0
7	23248377	9.0	39.0
7	24219350	9.0	47.0
7	24643293	9.0	47.0
7	25581680	4.0	28.0
7	25763406	7.0	52.0
7	27410665	3.0	39.0
7	27411141	6.0	44.0
7	27701568	10.0	52.0
7	28238846	3.0	36.0
7	28388835	7.0	45.0
7	28795553	11.0	48.0
7	29759912	11.0	38.0
7	30467626	12.0	46.0
7	30900605	13.0	47.0
7	31391001	6.0	48.0
7	33794954	8.0	37.0
7	33975689	5.0	34.0
7	36654625	7.0	52.0
7	37260467	7.0	55.0
7	37781766	5.0	51.0
7	40019134	5.0	36.0
7	40507908	4.0	38.0
7	41056047	6.0	56.0
7	42339003	5.0	46.0
7	42381134	7.0	44.0
7	42405278	7.0	44.0
7	42426106	7.0	35.0
7	42725960	6.0	36.0
7	43064647	4.0	48.0
7	44728975	4.0	19.0
7	48027026	9.0	50.0
7	48444452	9.0	47.0
7	48477344	5.0	38.0
7	48747742	4.0	51.0
7	49097871	9.0	47.0
7	49818322	10.0	50.0
7	50823986	5.0	30.0
7	51448496	5.0	39.0
7	51832400	13.0	53.0
7	52500414	9.0	55.0
7	53559887	11.0	49.0
7	53985788	8.0	45.0
7	54240226	12.0	58.0
7	54773058	10.0	41.0
7	54928702	8.0	46.0
7	55047397	4.0	64.0
7	55835292	5.0	25.0
7	56577742	11.0	60.0
7	56605829	5.0	24.0
7	57230996	4.0	57.0
7	57260437	6.0	49.0
7	57312452	4.0	32.0
7	57560102	8.0	41.0
7	57610720	4.0	34.0
7	57966209	7.0	36.0
7	61556989	8.0	70.0
7	62116731	8.0	47.0
7	66494059	5.0	32.0
7	69539017	8.0	54.0
7	70272311	3.0	19.0
7	71904137	4.0	44.0
7	73814953	7.0	25.0
7	75270316	8.0	31.0
7	75891242	3.0	27.0
7	75937299	7.0	31.0
7	76132289	5.0	28.0
7	78194844	5.0	63.0
7	78259075	5.0	52.0
7	78758288	7.0	54.0
7	79696080	8.0	33.0
7	80350127	6.0	46.0
7	80929962	8.0	45.0
7	81008262	9.0	58.0
7	81282309	8.0	32.0
7	82110046	8.0	54.0
7	82281692	8.0	35.0
7	83873185	5.0	44.0
7	84764259	7.0	47.0
7	85320011	11.0	58.0
7	85424608	9.0	45.0
7	86166880	7.0	52.0
7	86244470	6.0	45.0
7	87031254	4.0	54.0
7	87217170	6.0	22.0
7	87893768	5.0	53.0
7	88195551	10.0	39.0
7	88501615	6.0	28.0
7	89227246	8.0	47.0
7	89387454	7.0	41.0
7	89639262	4.0	61.0
7	89874188	7.0	51.0
7	89917077	10.0	62.0
7	89939465	11.0	47.0
7	89976233	8.0	22.0
7	90114790	5.0	50.0
7	90114801	6.0	57.0
7	91322757	2.0	34.0
7	91819601	5.0	49.0
7	91841482	7.0	54.0
7	92429643	3.0	44.0
7	93082794	7.0	55.0
7	93462482	4.0	60.0
7	93656390	17.0	36.0
7	93721071	11.0	35.0
7	94819161	6.0	39.0
7	96615150	4.0	30.0
7	96643341	5.0	41.0
7	96809490	6.0	49.0
7	97022586	7.0	49.0
7	97255830	6.0	50.0
7	97756463	9.0	54.0
7	98280838	5.0	42.0
7	99435572	4.0	46.0
7	99604143	8.0	28.0
7	99993606	6.0	37.0
7	100071908	5.0	27.0
7	101066742	4.0	36.0
7	102482239	5.0	38.0
7	102563369	4.0	24.0
7	103526045	8.0	38.0
7	103537544	9.0	51.0
7	105129939	6.0	48.0
7	105721106	11.0	56.0
7	105878800	6.0	46.0
7	106164228	7.0	47.0
7	106977746	12.0	49.0
7	107047516	9.0	57.0
7	108754418	5.0	38.0
7	109323350	9.0	58.0
7	109453841	5.0	24.0
7	109749381	12.0	40.0
7	111519676	3.0	43.0
7	113477820	7.0	43.0
7	113888025	11.0	40.0
7	114955189	12.0	37.0
7	116394661	6.0	34.0
7	116874050	6.0	37.0
7	117408493	6.0	42.0
7	117576741	10.0	41.0
7	117741229	12.0	46.0
7	117928906	8.0	50.0
7	118289974	8.0	47.0
7	118312456	5.0	41.0
7	118880726	5.0	55.0
7	119413189	10.0	47.0
7	119812877	10.0	39.0
7	120722357	6.0	51.0
7	122776450	10.0	41.0
7	122889690	4.0	48.0
7	123173690	11.0	49.0
7	123473775	5.0	51.0
7	124088769	13.0	53.0
7	124315857	5.0	54.0
7	124430931	4.0	46.0
7	124815049	10.0	45.0
7	124870641	9.0	46.0
7	125069262	5.0	49.0
7	125812951	6.0	52.0
7	125908778	8.0	54.0
7	126032056	4.0	31.0
7	126833014	9.0	53.0
7	127682073	4.0	51.0
7	128482867	3.0	22.0
7	128500370	11.0	41.0
7	128770873	4.0	38.0
7	129034226	5.0	30.0
7	130356958	4.0	43.0
7	131233241	10.0	36.0
7	131377552	5.0	29.0
7	131776825	5.0	43.0
7	132022777	8.0	32.0
7	132326387	6.0	52.0
7	132822941	5.0	57.0
7	132865365	4.0	33.0
7	133085228	10.0	54.0
7	133091311	11.0	49.0
7	133503174	8.0	47.0
7	135015585	7.0	44.0
7	135082340	7.0	45.0
7	135129660	7.0	42.0
7	135399887	14.0	51.0
7	135399890	14.0	52.0
7	136947826	7.0	46.0
7	137505287	6.0	54.0
7	138912649	8.0	41.0
7	139074670	8.0	49.0
7	139973339	7.0	31.0
7	139977210	7.0	34.0
7	140250056	4.0	28.0
7	140788558	10.0	39.0
7	141036337	8.0	35.0
7	141417262	10.0	52.0
7	144921374	6.0	19.0
7	144955630	4.0	57.0
7	144966185	6.0	50.0
7	144969663	16.0	30.0
7	145003918	9.0	37.0
7	145946324	6.0	33.0
7	146168002	4.0	46.0
7	146226458	13.0	41.0
7	146487181	10.0	62.0
7	146537592	11.0	68.0
7	148556377	5.0	28.0
7	148915768	12.0	42.0
7	149467213	3.0	42.0
7	150148426	3.0	41.0
7	151697647	6.0	55.0
7	152635139	8.0	30.0
7	153374100	8.0	40.0
7	154010456	10.0	34.0
7	154134686	13.0	51.0
7	155441629	5.0	40.0
7	155441631	6.0	39.0
7	158032449	9.0	33.0
7	158083903	5.0	39.0
8	222341	5.0	29.0
8	540399	10.0	29.0
8	1451251	7.0	48.0
8	1562741	9.0	23.0
8	1657723	5.0	50.0
8	3039925	5.0	55.0
8	3279721	8.0	38.0
8	4003787	3.0	50.0
8	4003788	2.0	50.0
8	4027776	5.0	58.0
8	4214674	11.0	54.0
8	4308135	6.0	53.0
8	4587254	9.0	50.0
8	4949799	12.0	38.0
8	5827796	7.0	41.0
8	5853118	5.0	45.0
8	6007052	7.0	40.0
8	6190149	4.0	24.0
8	8725769	7.0	51.0
8	8725932	11.0	58.0
8	9117332	13.0	42.0
8	9760656	4.0	37.0
8	9795342	7.0	36.0
8	11115940	6.0	54.0
8	11658824	12.0	41.0
8	12714586	7.0	68.0
8	12891236	7.0	44.0
8	13370337	4.0	70.0
8	14052832	9.0	50.0
8	14384970	6.0	56.0
8	14657244	7.0	49.0
8	14796133	7.0	53.0
8	14823098	7.0	51.0
8	15683178	7.0	55.0
8	17169075	6.0	22.0
8	17698862	7.0	52.0
8	17742306	6.0	42.0
8	19571653	11.0	42.0
8	20701776	6.0	63.0
8	21139737	4.0	50.0
8	21910674	3.0	38.0
8	22318314	6.0	62.0
8	23206868	5.0	35.0
8	23601842	5.0	40.0
8	24404859	6.0	67.0
8	24618226	7.0	59.0
8	24752651	5.0	42.0
8	25058674	5.0	46.0
8	25136521	11.0	44.0
8	25628959	6.0	52.0
8	26182871	9.0	75.0
8	26817975	4.0	51.0
8	27156927	8.0	60.0
8	27282961	13.0	43.0
8	27505022	14.0	42.0
8	27833137	6.0	48.0
8	28115884	4.0	38.0
8	28139405	8.0	40.0
8	28355469	6.0	62.0
8	28860778	12.0	27.0
8	29033306	4.0	40.0
8	29851399	5.0	47.0
8	30900925	8.0	55.0
8	31479154	9.0	35.0
8	31505249	6.0	48.0
8	31642279	5.0	35.0
8	31642280	5.0	34.0
8	31695071	4.0	55.0
8	31892659	18.0	42.0
8	31999529	8.0	37.0
8	32391271	6.0	60.0
8	32668919	6.0	52.0
8	33071920	6.0	37.0
8	33331025	10.0	35.0
8	33630775	4.0	41.0
8	33882176	7.0	51.0
8	34721469	3.0	35.0
8	35199060	5.0	65.0
8	35527248	5.0	57.0
8	35599384	6.0	49.0
8	35674255	4.0	45.0
8	36022641	9.0	42.0
8	36121814	5.0	36.0
8	36320451	12.0	36.0
8	37209524	6.0	47.0
8	38178949	7.0	63.0
8	38551727	4.0	39.0
8	39578471	8.0	38.0
8	39801208	3.0	22.0
8	42437867	5.0	39.0
8	42441940	6.0	24.0
8	43018698	6.0	23.0
8	43667452	9.0	54.0
8	47111765	9.0	40.0
8	47401124	7.0	56.0
8	49154526	9.0	58.0
8	50072644	5.0	52.0
8	50288483	3.0	54.0
8	50332541	7.0	46.0
8	50779070	7.0	43.0
8	51577231	9.0	39.0
8	51869540	6.0	45.0
8	52224174	11.0	39.0
8	53263531	9.0	39.0
8	54920583	4.0	36.0
8	55471608	5.0	48.0
8	56016728	5.0	46.0
8	56089035	6.0	42.0
8	56362315	10.0	34.0
8	56381532	7.0	51.0
8	57033866	13.0	39.0
8	57427252	9.0	36.0
8	57518044	7.0	45.0
8	57787050	11.0	52.0
8	58325143	5.0	59.0
8	59446890	4.0	28.0
8	59619021	5.0	66.0
8	60240008	7.0	57.0
8	60470310	5.0	42.0
8	61090156	6.0	52.0
8	61570821	4.0	50.0
8	61587287	13.0	57.0
8	61725217	4.0	29.0
8	62928514	8.0	63.0
8	63048141	5.0	52.0
8	63239487	10.0	68.0
8	63674612	4.0	48.0
8	63712045	4.0	61.0
8	63827886	12.0	37.0
8	64299494	7.0	46.0
8	64663456	13.0	52.0
8	64699247	10.0	41.0
8	64800280	4.0	39.0
8	64854341	10.0	58.0
8	64963948	6.0	60.0
8	65217893	8.0	54.0
8	65913784	5.0	50.0
8	66091413	4.0	55.0
8	66365222	11.0	55.0
8	66373363	5.0	41.0
8	66437700	4.0	47.0
8	66654857	6.0	60.0
8	68675066	5.0	48.0
8	68767805	7.0	37.0
8	69924688	6.0	52.0
8	70627730	7.0	31.0
8	70895253	8.0	27.0
8	70959796	4.0	47.0
8	71166771	19.0	41.0
8	72445084	5.0	61.0
8	72752630	4.0	46.0
8	73508774	7.0	56.0
8	73526446	4.0	57.0
8	74422868	14.0	46.0
8	74597757	5.0	27.0
8	74938859	8.0	29.0
8	75576578	12.0	51.0
8	76466365	10.0	38.0
8	76557687	8.0	52.0
8	77154435	9.0	47.0
8	77529917	7.0	49.0
8	77639617	6.0	46.0
8	77832656	13.0	52.0
8	78259375	8.0	55.0
8	78826995	4.0	41.0
8	78984304	9.0	47.0
8	79419503	9.0	60.0
8	80237665	5.0	59.0
8	80294993	7.0	47.0
8	80439541	12.0	38.0
8	81184890	6.0	41.0
8	83110260	10.0	32.0
8	83601060	7.0	59.0
8	83614683	10.0	59.0
8	83733874	6.0	59.0
8	84611850	10.0	46.0
8	85836777	13.0	40.0
8	86146323	5.0	33.0
8	87279086	5.0	49.0
8	87279339	9.0	51.0
8	87318531	8.0	55.0
8	89376819	9.0	42.0
8	89452016	5.0	65.0
8	90314083	10.0	42.0
8	90364996	6.0	43.0
8	91660349	8.0	43.0
8	91884603	7.0	56.0
8	92080922	4.0	65.0
8	92840681	8.0	54.0
8	95608408	5.0	48.0
8	95638074	4.0	33.0
8	96192273	3.0	37.0
8	98278252	4.0	61.0
8	98808649	11.0	44.0
8	100842172	5.0	45.0
8	101056872	9.0	35.0
8	104057542	12.0	56.0
8	105660644	9.0	53.0
8	106631281	7.0	50.0
8	107619350	4.0	50.0
8	107910955	4.0	64.0
8	108559942	6.0	44.0
8	109012713	6.0	38.0
8	109401150	13.0	41.0
8	109811907	4.0	59.0
8	109857176	12.0	42.0
8	109878582	4.0	54.0
8	109995768	8.0	50.0
8	110420869	5.0	61.0
8	110438967	11.0	37.0
8	110648300	7.0	61.0
8	111088870	8.0	38.0
8	111358607	5.0	70.0
8	111891505	5.0	51.0
8	112012535	8.0	76.0
8	112764189	10.0	43.0
8	113125453	10.0	43.0
8	113653502	12.0	51.0
8	114423885	7.0	60.0
8	114603564	3.0	52.0
8	114623995	5.0	50.0
8	115419396	8.0	54.0
8	115527277	4.0	66.0
8	116484835	7.0	62.0
8	116634251	5.0	74.0
8	118015672	5.0	57.0
8	120655693	12.0	57.0
8	121000334	14.0	39.0
8	121811076	12.0	58.0
8	122914164	3.0	47.0
8	124143630	5.0	21.0
8	124320433	5.0	47.0
8	125131558	8.0	37.0
8	126003284	8.0	51.0
8	126930952	10.0	27.0
8	127028325	12.0	39.0
8	127152010	10.0	52.0
8	127731693	17.0	36.0
8	127937724	4.0	42.0
8	129535211	10.0	62.0
8	129676441	4.0	47.0
8	130484653	8.0	39.0
8	130512761	7.0	57.0
8	130625711	7.0	58.0
8	130887570	4.0	40.0
8	131342007	6.0	57.0
8	131630139	7.0	37.0
8	132073141	5.0	32.0
8	132570853	10.0	47.0
8	134072596	6.0	60.0
8	134391451	9.0	53.0
8	135918814	14.0	48.0
8	136397580	6.0	50.0
8	136560920	4.0	65.0
8	136981914	9.0	50.0
8	137232442	4.0	57.0
8	137580935	8.0	45.0
8	137652048	7.0	50.0
8	137904273	8.0	46.0
8	138234973	5.0	51.0
8	138694741	8.0	46.0
8	138864596	8.0	24.0
8	139211230	3.0	27.0
8	139628049	5.0	33.0
8	139844551	12.0	33.0
8	139863924	5.0	38.0
8	140093587	10.0	47.0
8	140249044	9.0	48.0
8	140606398	8.0	67.0
8	141266050	4.0	40.0
8	142621493	6.0	41.0
8	143209779	4.0	30.0
8	143428239	5.0	36.0
8	143632150	14.0	25.0
8	143782303	4.0	15.0
8	144073886	10.0	34.0
8	145961541	5.0	30.0
9	372353	6.0	44.0
9	1119506	5.0	33.0
9	1524207	5.0	34.0
9	1577441	7.0	40.0
9	1710999	10.0	41.0
9	1813561	7.0	55.0
9	3384212	6.0	46.0
9	6252128	5.0	49.0
9	9726659	7.0	48.0
9	10459093	6.0	51.0
9	10578317	15.0	54.0
9	10626404	8.0	50.0
9	11071071	8.0	50.0
9	12115530	9.0	44.0
9	12747457	9.0	48.0
9	13451010	9.0	50.0
9	13541834	7.0	62.0
9	13548997	7.0	57.0
9	13661378	10.0	49.0
9	13909732	8.0	51.0
9	14050473	4.0	46.0
9	14098973	5.0	62.0
9	14257064	9.0	40.0
9	14872005	6.0	50.0
9	15132272	9.0	37.0
9	15644559	5.0	43.0
9	16236793	8.0	43.0
9	16352344	7.0	34.0
9	16473279	6.0	49.0
9	16701404	3.0	49.0
9	16812828	6.0	54.0
9	16820156	4.0	22.0
9	17647680	6.0	46.0
9	19463916	7.0	60.0
9	19549546	8.0	39.0
9	21504067	6.0	52.0
9	21544673	8.0	44.0
9	21781989	11.0	44.0
9	22649611	11.0	48.0
9	23173229	5.0	58.0
9	23828580	8.0	50.0
9	24320593	11.0	44.0
9	24380935	4.0	48.0
9	24402128	12.0	47.0
9	24759092	12.0	50.0
9	26244413	9.0	50.0
9	26249183	8.0	52.0
9	27203933	5.0	43.0
9	27326886	10.0	48.0
9	27372271	11.0	48.0
9	27475561	8.0	56.0
9	27910387	3.0	50.0
9	29432371	4.0	43.0
9	29774406	6.0	51.0
9	30270826	9.0	44.0
9	30565627	7.0	38.0
9	34238036	5.0	41.0
9	34238570	10.0	58.0
9	34839101	4.0	39.0
9	34933148	6.0	37.0
9	35401205	5.0	32.0
9	36194855	4.0	52.0
9	36565745	5.0	40.0
9	37089523	4.0	37.0
9	37119879	6.0	41.0
9	37463655	5.0	63.0
9	43505371	4.0	22.0
9	44112341	7.0	36.0
9	71733198	8.0	51.0
9	72693740	10.0	54.0
9	73672337	8.0	37.0
9	74089270	6.0	58.0
9	75219994	5.0	40.0
9	75307194	7.0	42.0
9	75562998	5.0	48.0
9	76542812	9.0	40.0
9	76765660	14.0	41.0
9	77070926	8.0	48.0
9	77071749	9.0	57.0
9	77806168	6.0	43.0
9	77911783	8.0	29.0
9	77985338	8.0	54.0
9	79599307	11.0	26.0
9	79688915	12.0	45.0
9	80282205	5.0	45.0
9	80398481	15.0	46.0
9	80424107	14.0	43.0
9	80656345	9.0	49.0
9	82388391	7.0	54.0
9	84323257	9.0	44.0
9	85249818	7.0	52.0
9	85809506	5.0	60.0
9	85809531	5.0	47.0
9	85962589	3.0	55.0
9	86363546	13.0	53.0
9	87872824	5.0	43.0
9	90275280	6.0	45.0
9	91288077	5.0	42.0
9	93346226	4.0	32.0
9	95058665	7.0	50.0
9	95928201	4.0	31.0
9	98149650	5.0	36.0
9	98334448	4.0	41.0
9	98857500	5.0	25.0
9	101221625	8.0	46.0
9	101856120	7.0	37.0
9	102915162	6.0	44.0
9	103052262	7.0	50.0
9	103653097	10.0	59.0
9	103691422	7.0	49.0
9	104373633	7.0	52.0
9	106561716	4.0	61.0
9	106663418	5.0	41.0
9	106923051	8.0	54.0
9	107240067	6.0	51.0
9	107303371	7.0	48.0
9	107709528	8.0	43.0
9	107740756	7.0	29.0
9	107767096	6.0	48.0
9	107855971	6.0	43.0
9	108179055	5.0	35.0
9	109854086	12.0	42.0
9	110171696	6.0	53.0
9	110254243	8.0	42.0
9	110486401	9.0	52.0
9	110509125	9.0	43.0
9	110985813	8.0	50.0
9	111407821	5.0	52.0
9	111581690	8.0	53.0
9	112045836	4.0	43.0
9	112092101	8.0	31.0
9	112795709	8.0	49.0
9	112913449	9.0	56.0
9	113414603	4.0	48.0
9	113763339	6.0	54.0
9	113763852	4.0	38.0
9	114249255	7.0	39.0
9	114717445	9.0	47.0
9	115055811	8.0	46.0
9	115558951	3.0	41.0
9	115762497	10.0	39.0
9	115980548	4.0	29.0
9	116596976	12.0	54.0
9	117455060	8.0	41.0
9	118187288	7.0	41.0
9	118617482	3.0	37.0
9	118976623	12.0	37.0
9	119201162	2.0	39.0
9	119201168	3.0	36.0
9	119230708	9.0	46.0
9	120027578	10.0	47.0
9	121469214	5.0	40.0
9	121504248	5.0	49.0
9	121657181	7.0	42.0
9	121928807	10.0	60.0
9	122266719	6.0	52.0
9	122422632	7.0	44.0
9	122790762	7.0	40.0
9	124051029	6.0	52.0
9	128270798	12.0	32.0
9	129163934	6.0	44.0
9	130457170	9.0	41.0
9	130457406	8.0	36.0
9	130847789	9.0	43.0
9	131097561	5.0	46.0
9	131746318	5.0	33.0
9	133428529	5.0	39.0
9	133856109	9.0	28.0
9	134339781	6.0	34.0
9	134413946	7.0	24.0
9	136472354	5.0	37.0
9	136512069	9.0	55.0
9	137306264	5.0	29.0
9	138332235	5.0	33.0
9	139486215	5.0	30.0
X	323726	5.0	26.0
X	830983	9.0	40.0
X	960794	5.0	23.0
X	2310488	5.0	23.0
X	2725519	2.0	30.0
X	2911781	4.0	33.0
X	3643315	6.0	46.0
X	3698972	4.0	50.0
X	4365187	7.0	46.0
X	5116721	4.0	35.0
X	5996036	4.0	52.0
X	6171402	8.0	44.0
X	6838599	7.0	44.0
X	6866060	11.0	34.0
X	7491947	5.0	48.0
X	7696337	6.0	48.0
X	7696338	7.0	49.0
X	8585032	7.0	53.0
X	9063770	10.0	45.0
X	9487887	3.0	25.0
X	10054963	6.0	33.0
X	10500772	10.0	27.0
X	11050326	10.0	50.0
X	11131570	9.0	41.0
X	11318033	5.0	39.0
X	12597595	6.0	36.0
X	12644898	7.0	46.0
X	12903522	3.0	51.0
X	13042252	4.0	44.0
X	14430078	11.0	35.0
X	15425016	9.0	31.0
X	15531930	3.0	49.0
X	16928261	8.0	37.0
X	17055628	4.0	43.0
X	17467506	5.0	44.0
X	17608207	14.0	56.0
X	18256851	6.0	31.0
X	18621045	9.0	40.0
X	18920847	4.0	49.0
X	20500483	10.0	60.0
X	20590990	4.0	40.0
X	20987785	10.0	48.0
X	21293084	10.0	43.0
X	21548014	9.0	52.0
X	21593353	12.0	49.0
X	21653139	6.0	45.0
X	22024972	5.0	33.0
X	22066614	4.0	31.0
X	22803115	6.0	50.0
X	22850171	6.0	49.0
X	23143194	10.0	54.0
X	24291478	10.0	35.0
X	24554496	10.0	44.0
X	25019885	6.0	45.0
X	25411769	9.0	49.0
X	25593806	8.0	31.0
X	25756503	7.0	42.0
X	25813513	5.0	45.0
X	25815258	9.0	52.0
X	26552730	7.0	50.0
X	26797774	7.0	42.0
X	27031569	4.0	41.0
X	27288972	6.0	71.0
X	27337488	6.0	49.0
X	27391913	6.0	31.0
X	28262545	7.0	42.0
X	28475991	12.0	45.0
X	28684234	5.0	36.0
X	29423185	4.0	48.0
X	29628160	7.0	54.0
X	30549094	4.0	46.0
X	30898315	14.0	53.0
X	30899280	14.0	43.0
X	31793838	6.0	64.0
X	31969294	4.0	23.0
X	32056221	7.0	72.0
X	32056278	6.0	73.0
X	32177631	7.0	51.0
X	32769095	9.0	50.0
X	33439863	6.0	48.0
X	33564095	7.0	47.0
X	34390956	8.0	41.0
X	38065198	13.0	26.0
X	38451139	11.0	42.0
X	38454608	7.0	39.0
X	39029393	6.0	53.0
X	39302337	6.0	33.0
X	39813388	8.0	44.0
X	41061716	6.0	47.0
X	45662771	9.0	56.0
X	46880712	6.0	48.0
X	48853076	8.0	53.0
X	50403597	4.0	11.0
X	50785065	3.0	40.0
X	51069849	6.0	48.0
X	51604749	12.0	50.0
X	52007997	8.0	43.0
X	52100023	10.0	70.0
X	52834263	9.0	37.0
X	54524628	5.0	34.0
X	58158433	3.0	41.0
X	58314231	5.0	26.0
X	58430602	4.0	49.0
X	62058309	9.0	38.0
X	62692153	6.0	48.0
X	63002012	10.0	47.0
X	63706510	13.0	42.0
X	64222305	5.0	18.0
X	65131582	6.0	50.0
X	67108592	6.0	42.0
X	67778104	4.0	37.0
X	67909987	6.0	43.0
X	68282523	9.0	33.0
X	68999730	6.0	54.0
X	69167475	3.0	32.0
X	69653308	7.0	30.0
X	70377847	10.0	37.0
X	70502860	8.0	28.0
X	70785320	7.0	36.0
X	72483723	5.0	36.0
X	72648018	8.0	45.0
X	73029971	11.0	47.0
X	74238692	4.0	43.0
X	74498685	6.0	41.0
X	75136628	13.0	34.0
X	75427613	16.0	42.0
X	75505043	4.0	49.0
X	75510194	8.0	32.0
X	75568891	4.0	58.0
X	76150541	5.0	41.0
X	77677538	9.0	32.0
X	77717586	5.0	39.0
X	78202677	6.0	32.0
X	78784019	5.0	39.0
X	78890332	8.0	37.0
X	79384419	11.0	55.0
X	80370225	5.0	41.0
X	81765209	12.0	52.0
X	82217037	7.0	60.0
X	83259711	4.0	37.0
X	83446470	4.0	44.0
X	83730181	5.0	50.0
X	84640117	5.0	40.0
X	84784353	7.0	36.0
X	85407221	4.0	60.0
X	85495572	6.0	29.0
X	86488873	8.0	40.0
X	86834863	7.0	52.0
X	87536485	11.0	40.0
X	87648887	5.0	50.0
X	88002638	9.0	45.0
X	88137636	7.0	38.0
X	88304314	4.0	39.0
X	93015292	10.0	43.0
X	93047722	3.0	56.0
X	93554656	5.0	43.0
X	93602953	5.0	43.0
X	93896489	8.0	56.0
X	94246704	7.0	41.0
X	94497169	6.0	43.0
X	94714300	14.0	61.0
X	94717825	7.0	40.0
X	94719863	13.0	55.0
X	95421949	6.0	33.0
X	95660814	12.0	40.0
X	95799493	8.0	54.0
X	98109613	4.0	47.0
X	99551652	13.0	36.0
X	101320700	12.0	41.0
X	102301608	5.0	34.0
X	103483613	7.0	40.0
X	103483788	12.0	50.0
X	105260930	6.0	44.0
X	106225067	8.0	43.0
X	106336086	8.0	44.0
X	107203583	6.0	49.0
X	108328663	8.0	40.0
X	108712593	6.0	64.0
X	108751832	9.0	49.0
X	109045822	9.0	47.0
X	110162541	5.0	43.0
X	111315711	8.0	47.0
X	111949229	8.0	44.0
X	112467503	9.0	45.0
X	112604843	5.0	49.0
X	112884611	4.0	38.0
X	114267788	11.0	37.0
X	115162295	10.0	52.0
X	116145974	4.0	42.0
X	116497628	7.0	40.0
X	116987518	6.0	52.0
X	117478733	9.0	44.0
X	118267493	7.0	44.0
X	118672546	6.0	40.0
X	119959537	8.0	53.0
X	120209610	7.0	42.0
X	121283845	5.0	39.0
X	121741996	12.0	50.0
X	123338559	7.0	51.0
X	125024503	8.0	53.0
X	125397257	10.0	37.0
X	125579261	6.0	46.0
X	125831795	8.0	57.0
X	126560115	7.0	35.0
X	126597775	14.0	62.0
X	127541442	6.0	46.0
X	127658023	5.0	43.0
X	128073783	4.0	43.0
X	128168814	8.0	45.0
X	128282830	11.0	47.0
X	128816139	10.0	36.0
X	129848799	15.0	45.0
X	129940894	3.0	49.0
X	130519684	13.0	42.0
X	130579491	12.0	40.0
X	130882003	6.0	27.0
X	131432827	9.0	46.0
X	132623037	5.0	29.0
X	134661131	9.0	50.0
X	135315354	4.0	47.0
X	135945126	4.0	43.0
X	137461525	8.0	24.0
X	137657210	7.0	57.0
X	138411179	13.0	45.0
X	139888397	6.0	37.0
X	140457309	6.0	41.0
X	140507357	6.0	45.0
X	140639709	5.0	37.0
X	140958167	9.0	66.0
X	141988610	5.0	39.0
X	142920013	9.0	48.0
X	143397759	7.0	43.0
X	143710793	6.0	60.0
X	144334685	3.0	45.0
X	144795627	6.0	85.0
X	144826517	5.0	36.0
X	145009365	11.0	49.0
X	145215549	8.0	45.0
X	145232636	8.0	48.0
X	145379618	7.0	25.0
X	145401144	3.0	44.0
X	145766566	12.0	44.0
X	146812893	8.0	55.0
X	147513342	10.0	48.0
X	148289716	7.0	49.0
X	149477082	4.0	36.0
X	149585250	7.0	47.0
X	152004805	12.0	44.0
X	152004822	10.0	44.0
X	152685611	9.0	41.0
X	153038361	8.0	36.0
X	153598404	6.0	27.0
X	154189338	7.0	42.0
