chromosome_index	start_position	end_position	major_cn	minor_cn	total_cn
1	10001	1118221	2.0	1.0	3.0
1	1118222	12177003	2.0	0.0	2.0
1	12177004	12241427	1.0	0.0	1.0
1	12241428	12331610	1.0	1.0	2.0
1	12331611	15628938	2.0	1.0	3.0
1	15628939	26655045	2.0	0.0	2.0
1	26655046	27202083	2.0	1.0	3.0
1	27202084	78228582	2.0	0.0	2.0
1	78228583	116324975	2.0	0.0	2.0
1	116324976	119220052	2.0	1.0	3.0
1	119220053	121367499	2.0	0.0	2.0
1	128900000	149227499	2.0	1.0	3.0
1	149227500	151066974	2.0	1.0	3.0
1	151066975	151085923	2.0	1.0	3.0
1	151085924	232843767	2.0	1.0	3.0
1	232843768	247247500	1.0	1.0	2.0
1	247247501	249250620	1.0	1.0	2.0
2	22500	2226913	2.0	2.0	4.0
2	2226914	2483396	2.0	1.0	3.0
2	2483397	3478888	2.0	2.0	4.0
2	3478889	11069049	2.0	1.0	3.0
2	11069050	12629565	2.0	2.0	4.0
2	12629566	12631825	2.0	2.0	4.0
2	12631826	45296576	2.0	2.0	4.0
2	45296577	45301936	2.0	2.0	4.0
2	45301937	53292093	2.0	2.0	4.0
2	53292094	53329974	2.0	0.0	2.0
2	53329975	57446547	2.0	2.0	4.0
2	57446548	90499999	2.0	1.0	3.0
2	90500000	96799999	2.0	1.0	3.0
2	96800000	169489977	2.0	1.0	3.0
2	169489978	170327834	2.0	2.0	4.0
2	170327835	170545539	2.0	1.0	3.0
2	170545540	240861864	2.0	2.0	4.0
2	240861865	240877125	2.0	1.0	3.0
2	240877126	242985695	2.0	2.0	4.0
3	60363	5801844	2.0	0.0	2.0
3	5801845	5809313	2.0	0.0	2.0
3	5809314	28405541	2.0	0.0	2.0
3	28405542	28462612	2.0	0.0	2.0
3	28462613	50725878	2.0	0.0	2.0
3	50725879	51055404	1.0	0.0	1.0
3	51055405	54337941	2.0	0.0	2.0
3	54337942	54657978	1.0	0.0	1.0
3	54657979	81669116	2.0	0.0	2.0
3	81669117	81669280	2.0	0.0	2.0
3	81669281	87899999	2.0	0.0	2.0
3	87900000	93899999	2.0	0.0	2.0
3	93900000	93957714	2.0	0.0	2.0
3	93957715	94160017	2.0	2.0	4.0
3	94160018	98835621	2.0	2.0	4.0
3	98835622	98954269	2.0	1.0	3.0
3	98954270	132552595	2.0	2.0	4.0
3	132552596	132664245	2.0	1.0	3.0
3	132664246	156956291	2.0	2.0	4.0
3	156956292	156956335	2.0	2.0	4.0
3	156956336	156960959	2.0	2.0	4.0
3	156960960	157181563	2.0	1.0	3.0
3	157181564	161996705	2.0	2.0	4.0
3	161996706	161998029	3.0	2.0	5.0
3	161998030	162024190	2.0	2.0	4.0
3	162024191	162025057	2.0	2.0	4.0
3	162025058	181110437	2.0	2.0	4.0
3	181110438	181241472	2.0	1.0	3.0
3	181241473	197847500	2.0	2.0	4.0
4	48909	10572156	1.0	1.0	2.0
4	10572157	10576241	2.0	1.0	3.0
4	10576242	11020006	2.0	1.0	3.0
4	11020007	11936225	1.0	1.0	2.0
4	11936226	12250277	2.0	1.0	3.0
4	12250278	12261246	1.0	1.0	2.0
4	12261247	43920320	1.0	1.0	2.0
4	43920321	48199999	2.0	1.0	3.0
4	52700000	54955734	1.0	1.0	2.0
4	54955735	55014388	1.0	0.0	1.0
4	55014389	55017708	1.0	1.0	2.0
4	55017709	55018826	29.0	0.0	29.0
4	55018827	71520177	1.0	1.0	2.0
4	71520178	94268541	2.0	1.0	3.0
4	94268542	94293282	1.0	1.0	2.0
4	94293283	187267922	2.0	1.0	3.0
4	187267923	187339575	2.0	0.0	2.0
4	187339576	190987500	2.0	1.0	3.0
5	22500	46099999	2.0	1.0	3.0
5	46100000	50699999	2.0	1.0	3.0
5	50700000	97566856	2.0	1.0	3.0
5	97566857	97568548	2.0	1.0	3.0
5	97568549	110026122	2.0	1.0	3.0
5	110026123	110038823	2.0	1.0	3.0
5	110038824	154600946	2.0	1.0	3.0
5	154600947	155189358	3.0	1.0	4.0
5	155189359	170037287	2.0	1.0	3.0
5	170037288	170103144	2.0	1.0	3.0
5	170103145	174356616	2.0	1.0	3.0
5	174356617	174463662	2.0	2.0	4.0
5	174463663	174473974	3.0	1.0	4.0
5	174473975	176446209	2.0	2.0	4.0
5	176446210	177566633	2.0	1.0	3.0
5	177566634	177590687	1.0	1.0	2.0
5	177590688	180662500	2.0	1.0	3.0
6	205696	21617138	2.0	1.0	3.0
6	21617139	21635318	1.0	1.0	2.0
6	21635319	33793553	2.0	1.0	3.0
6	33793554	34096555	2.0	0.0	2.0
6	34096556	35082750	2.0	2.0	4.0
6	35082751	53147212	2.0	0.0	2.0
6	53147213	53171996	1.0	0.0	1.0
6	53171997	57269997	2.0	0.0	2.0
6	57269998	57399663	5.0	1.0	6.0
6	57399664	57706941	4.0	2.0	6.0
6	57706942	57711619	4.0	3.0	7.0
6	57711620	57770102	4.0	3.0	7.0
6	57770103	58012764	4.0	3.0	7.0
6	58012765	58019849	4.0	1.0	5.0
6	58019850	58021766	5.0	2.0	7.0
6	58021767	63299999	5.0	2.0	7.0
6	63300000	63758599	5.0	2.0	7.0
6	63758600	63809818	12.0	2.0	14.0
6	63809819	63946601	16.0	2.0	18.0
6	63946602	64034979	14.0	2.0	16.0
6	64034980	64337009	9.0	2.0	11.0
6	64337010	64445494	8.0	3.0	11.0
6	64445495	65155391	2.0	0.0	2.0
6	65155392	65158778	2.0	1.0	3.0
6	65158779	76062610	2.0	1.0	3.0
6	76062611	76075986	2.0	1.0	3.0
6	76075987	82139568	2.0	1.0	3.0
6	82139569	82865045	2.0	0.0	2.0
6	82865046	92587371	2.0	1.0	3.0
6	92587372	92851480	2.0	0.0	2.0
6	92851481	93029213	3.0	2.0	5.0
6	93029214	93030645	3.0	3.0	6.0
6	93030646	93364212	2.0	0.0	2.0
6	93364213	93364947	2.0	0.0	2.0
6	93364948	94417215	2.0	0.0	2.0
6	94417216	96863311	2.0	0.0	2.0
6	96863312	96866205	4.0	0.0	4.0
6	96866206	118116350	2.0	0.0	2.0
6	118116351	119259127	2.0	0.0	2.0
6	119259128	121221296	2.0	1.0	3.0
6	121221297	122995171	2.0	0.0	2.0
6	122995172	127989997	2.0	1.0	3.0
6	127989998	129142022	2.0	0.0	2.0
6	129142023	129731117	2.0	1.0	3.0
6	129731118	129750532	2.0	0.0	2.0
6	129750533	129759427	2.0	0.0	2.0
6	129759428	129936971	2.0	0.0	2.0
6	129936972	129953074	3.0	3.0	6.0
6	129953075	130765070	3.0	2.0	5.0
6	130765071	130767196	3.0	2.0	5.0
6	130767197	130890222	5.0	2.0	7.0
6	130890223	130892901	8.0	3.0	11.0
6	130892902	131069569	2.0	2.0	4.0
6	131069570	131284032	2.0	2.0	4.0
6	131284033	131429129	9.0	2.0	11.0
6	131429130	131966257	6.0	2.0	8.0
6	131966258	132058377	7.0	3.0	10.0
6	132058378	132581323	6.0	2.0	8.0
6	132581324	132581622	6.0	2.0	8.0
6	132581623	132608381	8.0	3.0	11.0
6	132608382	132609913	10.0	7.0	17.0
6	132609914	132650254	7.0	2.0	9.0
6	132650255	132651296	6.0	3.0	9.0
6	132651297	132670764	8.0	2.0	10.0
6	132670765	132687260	2.0	0.0	2.0
6	132687261	133421973	2.0	0.0	2.0
6	133421974	133426498	2.0	0.0	2.0
6	133426499	133434322	2.0	1.0	3.0
6	133434323	133560736	2.0	1.0	3.0
6	133560737	133609651	3.0	2.0	5.0
6	133609652	133609908	3.0	2.0	5.0
6	133609909	133617894	3.0	2.0	5.0
6	133617895	133622290	2.0	1.0	3.0
6	133622291	133624157	2.0	1.0	3.0
6	133624158	133655316	2.0	1.0	3.0
6	133655317	133889073	2.0	0.0	2.0
6	133889074	133889490	2.0	0.0	2.0
6	133889491	134601637	2.0	1.0	3.0
6	134601638	134606373	2.0	2.0	4.0
6	134606374	134620312	2.0	2.0	4.0
6	134620313	134621842	2.0	2.0	4.0
6	134621843	134624257	2.0	2.0	4.0
6	134624258	134973549	2.0	1.0	3.0
6	134973550	134982105	2.0	1.0	3.0
6	134982106	134982657	2.0	1.0	3.0
6	134982658	136188824	2.0	1.0	3.0
6	136188825	136199017	3.0	2.0	5.0
6	136199018	136201701	2.0	2.0	4.0
6	136201702	136457201	2.0	2.0	4.0
6	136457202	137362882	3.0	2.0	5.0
6	137362883	137652909	3.0	2.0	5.0
6	137652910	137654191	3.0	2.0	5.0
6	137654192	137654948	3.0	1.0	4.0
6	137654949	137658360	4.0	3.0	7.0
6	137658361	137669666	3.0	1.0	4.0
6	137669667	137687653	3.0	2.0	5.0
6	137687654	137693823	3.0	2.0	5.0
6	137693824	138243018	3.0	2.0	5.0
6	138243019	138243418	3.0	3.0	6.0
6	138243419	138246132	3.0	2.0	5.0
6	138246133	138700468	3.0	1.0	4.0
6	138700469	138701763	3.0	2.0	5.0
6	138701764	138808778	3.0	1.0	4.0
6	138808779	139013221	2.0	1.0	3.0
6	139013222	139993319	2.0	0.0	2.0
6	139993320	140124500	2.0	2.0	4.0
6	140124501	140299896	2.0	0.0	2.0
6	140299897	140306334	2.0	0.0	2.0
6	140306335	140417345	2.0	0.0	2.0
6	140417346	140475571	2.0	2.0	4.0
6	140475572	140553279	2.0	0.0	2.0
6	140553280	140723394	2.0	1.0	3.0
6	140723395	140760806	2.0	2.0	4.0
6	140760807	141353011	2.0	0.0	2.0
6	141353012	141353413	2.0	1.0	3.0
6	141353414	141820968	2.0	1.0	3.0
6	141820969	142663133	2.0	0.0	2.0
6	142663134	142671207	3.0	1.0	4.0
6	142671208	142786904	3.0	2.0	5.0
6	142786905	144192500	2.0	1.0	3.0
6	144192501	146224719	2.0	0.0	2.0
6	146224720	146227092	2.0	0.0	2.0
6	146227093	146413946	2.0	0.0	2.0
6	146413947	146420856	2.0	1.0	3.0
6	146420857	146421674	2.0	0.0	2.0
6	146421675	146424971	2.0	0.0	2.0
6	146424972	146425299	2.0	0.0	2.0
6	146425300	148611129	2.0	0.0	2.0
6	148611130	148665553	2.0	1.0	3.0
6	148665554	165201604	2.0	0.0	2.0
6	165201605	165237236	2.0	2.0	4.0
6	165237237	165240523	2.0	0.0	2.0
6	165240524	165391846	4.0	2.0	6.0
6	165391847	165421421	10.0	3.0	13.0
6	165421422	165497766	11.0	2.0	13.0
6	165497767	165546147	2.0	2.0	4.0
6	165546148	165579529	9.0	2.0	11.0
6	165579530	165731029	5.0	2.0	7.0
6	165731030	165796763	3.0	3.0	6.0
6	165796764	166035090	2.0	2.0	4.0
6	166035091	166342011	6.0	2.0	8.0
6	166342012	166746754	7.0	2.0	9.0
6	166746755	166828887	6.0	2.0	8.0
6	166828888	166835242	6.0	2.0	8.0
6	166835243	166964107	9.0	2.0	11.0
6	166964108	167336176	7.0	2.0	9.0
6	167336177	169634318	2.0	1.0	3.0
6	169634319	169637909	4.0	2.0	6.0
6	169637910	170515814	4.0	2.0	6.0
6	170515815	170784374	2.0	2.0	4.0
6	170784375	170812188	4.0	2.0	6.0
6	170812189	170921585	2.0	0.0	2.0
7	40386	38652181	1.0	1.0	2.0
7	38652182	38653057	2.0	1.0	3.0
7	38653058	38785492	2.0	1.0	3.0
7	38785493	38785989	2.0	1.0	3.0
7	38785990	38851072	2.0	1.0	3.0
7	38851073	57999999	1.0	1.0	2.0
7	62062689	64752546	2.0	1.0	3.0
7	64752547	65595377	2.0	1.0	3.0
7	65595378	65702056	2.0	1.0	3.0
7	65702057	65892731	2.0	1.0	3.0
7	65892732	66995123	2.0	1.0	3.0
7	66995124	67010350	1.0	1.0	2.0
7	67010351	94323288	2.0	1.0	3.0
7	94323289	96750125	4.0	1.0	5.0
7	96750126	98318099	4.0	1.0	5.0
7	98318100	98318116	4.0	1.0	5.0
7	98318117	102528919	2.0	1.0	3.0
7	102528920	106320962	4.0	1.0	5.0
7	106320963	106328100	4.0	1.0	5.0
7	106328101	108289367	4.0	1.0	5.0
7	108289368	109513125	4.0	2.0	6.0
7	109513126	109792368	4.0	1.0	5.0
7	109792369	109944745	4.0	1.0	5.0
7	109944746	109944874	3.0	1.0	4.0
7	109944875	110481519	4.0	2.0	6.0
7	110481520	112023848	4.0	1.0	5.0
7	112023849	113044616	4.0	2.0	6.0
7	113044617	113904012	5.0	1.0	6.0
7	113904013	114069674	4.0	1.0	5.0
7	114069675	114074843	7.0	1.0	8.0
7	114074844	114194308	7.0	0.0	7.0
7	114194309	114653721	6.0	1.0	7.0
7	114653722	115138736	7.0	1.0	8.0
7	115138737	115647348	7.0	1.0	8.0
7	115647349	115840704	7.0	2.0	9.0
7	115840705	115842939	8.0	2.0	10.0
7	115842940	116105904	3.0	2.0	5.0
7	116105905	116724660	6.0	1.0	7.0
7	116724661	118287858	6.0	2.0	8.0
7	118287859	118674534	6.0	2.0	8.0
7	118674535	119186297	5.0	2.0	7.0
7	119186298	119219216	5.0	2.0	7.0
7	119219217	121214908	5.0	2.0	7.0
7	121214909	122352504	5.0	2.0	7.0
7	122352505	122386694	5.0	2.0	7.0
7	122386695	123292382	5.0	2.0	7.0
7	123292383	123316851	5.0	4.0	9.0
7	123316852	123545677	5.0	3.0	8.0
7	123545678	123545691	5.0	3.0	8.0
7	123545692	123671528	5.0	3.0	8.0
7	123671529	123734016	3.0	2.0	5.0
7	123734017	124521978	5.0	1.0	6.0
7	124521979	129081797	6.0	2.0	8.0
7	129081798	129613760	5.0	2.0	7.0
7	129613761	131514401	2.0	1.0	3.0
7	131514402	132595066	5.0	2.0	7.0
7	132595067	143505878	2.0	1.0	3.0
7	143505879	144747654	5.0	2.0	7.0
7	144747655	144754798	4.0	2.0	6.0
7	144754799	144754958	4.0	2.0	6.0
7	144754959	145419817	4.0	2.0	6.0
7	145419818	146266554	4.0	0.0	4.0
7	146266555	146352904	4.0	2.0	6.0
7	146352905	148792919	4.0	0.0	4.0
7	148792920	149225036	7.0	4.0	11.0
7	149225037	149265489	5.0	2.0	7.0
7	149265490	149265630	4.0	2.0	6.0
7	149265631	149271007	4.0	2.0	6.0
7	149271008	150132314	4.0	2.0	6.0
7	150132315	150132980	4.0	2.0	6.0
7	150132981	150262451	4.0	0.0	4.0
7	150262452	150418873	3.0	1.0	4.0
7	150418874	150571246	4.0	0.0	4.0
7	150571247	150572374	4.0	0.0	4.0
7	150572375	150576284	5.0	4.0	9.0
7	150576285	150595053	4.0	0.0	4.0
7	150595054	150596980	5.0	3.0	8.0
7	150596981	150697104	4.0	0.0	4.0
7	150697105	151720016	4.0	4.0	8.0
7	151720017	151810220	8.0	4.0	12.0
7	151810221	152165024	4.0	0.0	4.0
7	152165025	153793634	3.0	0.0	3.0
7	153793635	153795614	3.0	0.0	3.0
7	153795615	154436879	24.0	3.0	27.0
7	154436880	154444829	4.0	0.0	4.0
7	154444830	154459640	10.0	3.0	13.0
7	154459641	154459977	4.0	0.0	4.0
7	154459978	158670699	4.0	0.0	4.0
7	158670700	158821400	2.0	0.0	2.0
8	10001	159285	1.0	0.0	1.0
8	159286	3583878	1.0	0.0	1.0
8	3583879	3871525	2.0	1.0	3.0
8	3871526	3876295	5.0	1.0	6.0
8	3876296	3947511	5.0	1.0	6.0
8	3947512	3998603	2.0	1.0	3.0
8	3998604	5556643	1.0	0.0	1.0
8	5556644	5786219	2.0	1.0	3.0
8	5786220	7100297	1.0	0.0	1.0
8	7100298	8436543	2.0	1.0	3.0
8	8436544	8437235	5.0	0.0	5.0
8	8437236	8569704	2.0	1.0	3.0
8	8569705	8715940	3.0	1.0	4.0
8	8715941	9074678	2.0	1.0	3.0
8	9074679	9091801	1.0	0.0	1.0
8	9091802	9194243	3.0	1.0	4.0
8	9194244	9566175	5.0	1.0	6.0
8	9566176	10600003	3.0	1.0	4.0
8	10600004	11892505	5.0	1.0	6.0
8	11892506	12292500	5.0	1.0	6.0
8	12292501	14121697	1.0	0.0	1.0
8	14121698	14632227	3.0	1.0	4.0
8	14632228	14641207	2.0	0.0	2.0
8	14641208	14646144	2.0	1.0	3.0
8	14646145	21893405	1.0	0.0	1.0
8	21893406	22030501	3.0	1.0	4.0
8	22030502	22031807	3.0	1.0	4.0
8	22031808	22033687	1.0	0.0	1.0
8	22033688	22035479	1.0	0.0	1.0
8	22035480	32245000	1.0	0.0	1.0
8	32245001	32247738	3.0	0.0	3.0
8	32247739	32262260	1.0	0.0	1.0
8	32262261	34799546	3.0	1.0	4.0
8	34799547	35395852	4.0	1.0	5.0
8	35395853	35546671	7.0	1.0	8.0
8	35546672	35588230	10.0	1.0	11.0
8	35588231	35588393	10.0	1.0	11.0
8	35588394	36183419	9.0	1.0	10.0
8	36183420	36202737	9.0	1.0	10.0
8	36202738	36715567	9.0	1.0	10.0
8	36715568	36861949	12.0	1.0	13.0
8	36861950	37635368	10.0	1.0	11.0
8	37635369	37931268	8.0	1.0	9.0
8	37931269	37932525	8.0	1.0	9.0
8	37932526	37935552	7.0	1.0	8.0
8	37935553	37939513	8.0	1.0	9.0
8	37939514	39006926	8.0	1.0	9.0
8	39006927	39007850	8.0	1.0	9.0
8	39007851	39011800	12.0	2.0	14.0
8	39011801	39392494	11.0	1.0	12.0
8	39392495	39397544	11.0	1.0	12.0
8	39397545	39740106	11.0	1.0	12.0
8	39740107	41827317	6.0	1.0	7.0
8	41827318	43099999	6.0	2.0	8.0
8	48100000	71034001	3.0	2.0	5.0
8	71034002	75268615	3.0	2.0	5.0
8	75268616	75278626	3.0	2.0	5.0
8	75278627	75385072	4.0	3.0	7.0
8	75385073	75430483	6.0	3.0	9.0
8	75430484	75683988	5.0	4.0	9.0
8	75683989	75704189	6.0	3.0	9.0
8	75704190	75731705	3.0	2.0	5.0
8	75731706	75742335	3.0	2.0	5.0
8	75742336	81067365	3.0	2.0	5.0
8	81067366	81359996	2.0	2.0	4.0
8	81359997	83755921	3.0	2.0	5.0
8	83755922	83764314	3.0	1.0	4.0
8	83764315	83798522	3.0	2.0	5.0
8	83798523	83800355	3.0	2.0	5.0
8	83800356	104096970	3.0	2.0	5.0
8	104096971	104211301	3.0	3.0	6.0
8	104211302	105867844	3.0	2.0	5.0
8	105867845	105919516	2.0	2.0	4.0
8	105919517	121936371	3.0	2.0	5.0
8	121936372	121938408	3.0	2.0	5.0
8	121938409	146364021	3.0	2.0	5.0
9	47500	226185	2.0	0.0	2.0
9	226186	16569611	2.0	0.0	2.0
9	16569612	16569994	2.0	0.0	2.0
9	16569995	17470134	2.0	0.0	2.0
9	17470135	17498447	5.0	2.0	7.0
9	17498448	17498493	5.0	2.0	7.0
9	17498494	17511551	3.0	0.0	3.0
9	17511552	32691345	2.0	0.0	2.0
9	32691346	32691613	2.0	0.0	2.0
9	32691614	32724187	2.0	0.0	2.0
9	32724188	32773265	1.0	1.0	2.0
9	32773266	32783174	2.0	0.0	2.0
9	32783175	32785784	2.0	0.0	2.0
9	32785785	33372299	2.0	0.0	2.0
9	33372300	34823046	2.0	0.0	2.0
9	34823047	34824982	3.0	0.0	3.0
9	34824983	34861104	3.0	0.0	3.0
9	34861105	34867648	4.0	2.0	6.0
9	34867649	34922525	4.0	2.0	6.0
9	34922526	35051666	5.0	2.0	7.0
9	35051667	35289342	7.0	2.0	9.0
9	35289343	35492559	5.0	2.0	7.0
9	35492560	35494755	5.0	2.0	7.0
9	35494756	35533762	5.0	2.0	7.0
9	35533763	35694372	4.0	2.0	6.0
9	35694373	35950029	7.0	2.0	9.0
9	35950030	37552402	2.0	2.0	4.0
9	37552403	37965700	2.0	0.0	2.0
9	37965701	38231229	2.0	2.0	4.0
9	38231230	40888273	2.0	0.0	2.0
9	40888274	43896168	3.0	1.0	4.0
9	43896169	47299999	0.0	0.0	0.0
9	50700000	65971028	2.0	0.0	2.0
9	65971029	68138601	3.0	0.0	3.0
9	68138602	68417690	3.0	0.0	3.0
9	68417691	71874258	3.0	0.0	3.0
9	71874259	71878857	4.0	3.0	7.0
9	71878858	71922284	5.0	3.0	8.0
9	71922285	72210054	3.0	0.0	3.0
9	72210055	72210399	3.0	0.0	3.0
9	72210400	72333129	3.0	0.0	3.0
9	72333130	72354437	3.0	3.0	6.0
9	72354438	72356396	7.0	0.0	7.0
9	72356397	72357638	3.0	0.0	3.0
9	72357639	73182781	3.0	0.0	3.0
9	73182782	73185469	3.0	0.0	3.0
9	73185470	88344463	3.0	0.0	3.0
9	88344464	88627978	2.0	0.0	2.0
9	88627979	89039695	3.0	0.0	3.0
9	89039696	90687491	3.0	2.0	5.0
9	90687492	125234695	3.0	0.0	3.0
9	125234696	125261780	2.0	0.0	2.0
9	125261781	127787264	3.0	0.0	3.0
9	127787265	127790925	2.0	0.0	2.0
9	127790926	129106147	3.0	0.0	3.0
9	129106148	135518255	2.0	0.0	2.0
9	135518256	135801347	2.0	2.0	4.0
9	135801348	135998091	7.0	2.0	9.0
9	135998092	136118543	2.0	2.0	4.0
9	136118544	137402493	2.0	0.0	2.0
9	137402494	138346701	2.0	2.0	4.0
9	138346702	140273200	4.0	2.0	6.0
10	94426	397719	3.0	2.0	5.0
10	397720	482903	2.0	1.0	3.0
10	482904	777499	2.0	1.0	3.0
10	777500	9050253	3.0	2.0	5.0
10	9050254	9229971	4.0	2.0	6.0
10	9229972	36497274	2.0	2.0	4.0
10	36497275	36505819	2.0	2.0	4.0
10	36505820	36587740	3.0	2.0	5.0
10	36587741	37999999	2.0	2.0	4.0
10	42986376	60266037	2.0	0.0	2.0
10	60266038	66846481	2.0	2.0	4.0
10	66846482	66848159	2.0	2.0	4.0
10	66848160	73921814	2.0	2.0	4.0
10	73921815	74137062	8.0	2.0	10.0
10	74137063	74138046	6.0	2.0	8.0
10	74138047	74140707	6.0	2.0	8.0
10	74140708	74147353	8.0	3.0	11.0
10	74147354	74322601	7.0	2.0	9.0
10	74322602	74978148	6.0	2.0	8.0
10	74978149	74998026	42.0	3.0	45.0
10	74998027	75253563	2.0	1.0	3.0
10	75253564	75404786	3.0	0.0	3.0
10	75404787	75418086	42.0	3.0	45.0
10	75418087	75583621	37.0	2.0	39.0
10	75583622	75676277	33.0	2.0	35.0
10	75676278	75697107	29.0	2.0	31.0
10	75697108	75724111	29.0	2.0	31.0
10	75724112	75725204	29.0	2.0	31.0
10	75725205	75736217	24.0	2.0	26.0
10	75736218	75801308	27.0	2.0	29.0
10	75801309	75826824	31.0	2.0	33.0
10	75826825	75838679	29.0	2.0	31.0
10	75838680	75976745	31.0	2.0	33.0
10	75976746	76021391	28.0	2.0	30.0
10	76021392	76195763	25.0	2.0	27.0
10	76195764	76269950	22.0	1.0	23.0
10	76269951	76270341	18.0	2.0	20.0
10	76270342	76295877	21.0	2.0	23.0
10	76295878	76493644	16.0	2.0	18.0
10	76493645	77022386	13.0	2.0	15.0
10	77022387	77022528	14.0	2.0	16.0
10	77022529	77028932	44.0	3.0	47.0
10	77028933	77029078	14.0	2.0	16.0
10	77029079	77484670	13.0	2.0	15.0
10	77484671	77484923	14.0	2.0	16.0
10	77484924	77485058	14.0	2.0	16.0
10	77485059	77491548	10.0	2.0	12.0
10	77491549	77741154	8.0	3.0	11.0
10	77741155	77889665	13.0	2.0	15.0
10	77889666	77919439	16.0	2.0	18.0
10	77919440	78100782	12.0	2.0	14.0
10	78100783	78517862	9.0	2.0	11.0
10	78517863	78782126	7.0	2.0	9.0
10	78782127	79098769	5.0	2.0	7.0
10	79098770	79132796	9.0	3.0	12.0
10	79132797	79256028	11.0	2.0	13.0
10	79256029	79270417	17.0	2.0	19.0
10	79270418	79425471	17.0	2.0	19.0
10	79425472	79443294	18.0	2.0	20.0
10	79443295	79505044	13.0	2.0	15.0
10	79505045	79712554	8.0	2.0	10.0
10	79712555	80497428	8.0	2.0	10.0
10	80497429	80569566	2.0	1.0	3.0
10	80569567	80569639	1.0	0.0	1.0
10	80569640	80569819	2.0	2.0	4.0
10	80569820	80573418	6.0	3.0	9.0
10	80573419	80588562	2.0	2.0	4.0
10	80588563	81072153	6.0	2.0	8.0
10	81072154	81072201	7.0	3.0	10.0
10	81072202	81074247	2.0	1.0	3.0
10	81074248	81087029	5.0	2.0	7.0
10	81087030	85981993	2.0	1.0	3.0
10	85981994	90653335	2.0	0.0	2.0
10	90653336	92671126	2.0	1.0	3.0
10	92671127	96540786	2.0	0.0	2.0
10	96540787	96607598	2.0	1.0	3.0
10	96607599	96620874	6.0	2.0	8.0
10	96620875	96620913	6.0	2.0	8.0
10	96620914	96621189	6.0	2.0	8.0
10	96621190	96984942	6.0	2.0	8.0
10	96984943	112417816	2.0	1.0	3.0
10	112417817	112468957	1.0	1.0	2.0
10	112468958	135389924	2.0	1.0	3.0
11	20721	199672	2.0	0.0	2.0
11	199673	5311204	2.0	0.0	2.0
11	5311205	5443955	3.0	0.0	3.0
11	5443956	26055641	2.0	0.0	2.0
11	26055642	26176092	1.0	0.0	1.0
11	26176093	26205732	2.0	0.0	2.0
11	26205733	26237122	1.0	0.0	1.0
11	26237123	32404464	2.0	0.0	2.0
11	32404465	32411680	2.0	2.0	4.0
11	32411681	32528935	2.0	2.0	4.0
11	32528936	34582357	3.0	2.0	5.0
11	34582358	37610563	2.0	2.0	4.0
11	37610564	37658388	2.0	1.0	3.0
11	37658389	37939509	2.0	2.0	4.0
11	37939510	38826508	2.0	1.0	3.0
11	38826509	38831108	2.0	1.0	3.0
11	38831109	40189800	2.0	1.0	3.0
11	40189801	40226253	2.0	2.0	4.0
11	40226254	40226265	2.0	2.0	4.0
11	40226266	40318288	2.0	2.0	4.0
11	40318289	41226954	2.0	1.0	3.0
11	41226955	41246092	1.0	1.0	2.0
11	41246093	41806523	2.0	1.0	3.0
11	41806524	41810445	2.0	1.0	3.0
11	41810446	51221091	2.0	1.0	3.0
11	51221092	51243017	2.0	0.0	2.0
11	51243018	51294493	1.0	0.0	1.0
11	51294494	51570276	2.0	0.0	2.0
11	51570277	55699999	2.0	0.0	2.0
11	55700000	56166839	2.0	0.0	2.0
11	56166840	56429789	1.0	0.0	1.0
11	56429790	56429954	2.0	0.0	2.0
11	56429955	56537340	2.0	0.0	2.0
11	56537341	56537387	2.0	0.0	2.0
11	56537388	56537487	2.0	0.0	2.0
11	56537488	56563067	2.0	0.0	2.0
11	56563068	56574418	0.0	0.0	0.0
11	56574419	56595804	2.0	0.0	2.0
11	56595805	56657666	2.0	0.0	2.0
11	56657667	56657813	2.0	0.0	2.0
11	56657814	63863823	2.0	0.0	2.0
11	63863824	63988568	1.0	0.0	1.0
11	63988569	63989332	1.0	0.0	1.0
11	63989333	63996460	2.0	0.0	2.0
11	63996461	64000221	2.0	0.0	2.0
11	64000222	64000944	2.0	0.0	2.0
11	64000945	64001905	2.0	0.0	2.0
11	64001906	64001930	2.0	0.0	2.0
11	64001931	64002270	2.0	0.0	2.0
11	64002271	64004901	2.0	0.0	2.0
11	64004902	67300399	2.0	0.0	2.0
11	67300400	72440830	2.0	1.0	3.0
11	72440831	80719763	2.0	0.0	2.0
11	80719764	80827353	2.0	0.0	2.0
11	80827354	80828345	2.0	0.0	2.0
11	80828346	80832940	1.0	0.0	1.0
11	80832941	80835987	1.0	0.0	1.0
11	80835988	80947534	1.0	0.0	1.0
11	80947535	80949528	2.0	0.0	2.0
11	80949529	80949632	2.0	0.0	2.0
11	80949633	80949653	2.0	0.0	2.0
11	80949654	80949720	2.0	0.0	2.0
11	80949721	80950031	2.0	0.0	2.0
11	80950032	80959103	2.0	0.0	2.0
11	80959104	80959720	2.0	0.0	2.0
11	80959721	80961041	2.0	0.0	2.0
11	80961042	80985472	2.0	0.0	2.0
11	80985473	80985640	2.0	0.0	2.0
11	80985641	80986040	2.0	0.0	2.0
11	80986041	80986639	2.0	0.0	2.0
11	80986640	84765235	2.0	0.0	2.0
11	84765236	85045263	2.0	1.0	3.0
11	85045264	85324049	2.0	0.0	2.0
11	85324050	108571456	2.0	1.0	3.0
11	108571457	108672674	6.0	2.0	8.0
11	108672675	134452200	2.0	0.0	2.0
12	110107	3289909	3.0	1.0	4.0
12	3289910	3505621	2.0	1.0	3.0
12	3505622	11470682	3.0	1.0	4.0
12	11470683	11475588	3.0	1.0	4.0
12	11475589	20228915	3.0	1.0	4.0
12	20228916	20235425	3.0	1.0	4.0
12	20235426	32059944	3.0	1.0	4.0
12	32059945	32095408	2.0	1.0	3.0
12	32095409	33299999	3.0	1.0	4.0
12	38404016	38750168	3.0	0.0	3.0
12	38750169	38812820	2.0	0.0	2.0
12	38812821	52161941	3.0	0.0	3.0
12	52161942	52770993	3.0	2.0	5.0
12	52770994	52775033	3.0	1.0	4.0
12	52775034	52879910	3.0	1.0	4.0
12	52879911	52899871	4.0	1.0	5.0
12	52899872	52906601	13.0	4.0	17.0
12	52906602	52920465	3.0	1.0	4.0
12	52920466	52920565	6.0	0.0	6.0
12	52920566	52982421	12.0	3.0	15.0
12	52982422	52985939	4.0	2.0	6.0
12	52985940	52999972	12.0	3.0	15.0
12	52999973	53048049	3.0	0.0	3.0
12	53048050	53070664	16.0	0.0	16.0
12	53070665	53221817	3.0	0.0	3.0
12	53221818	53223642	3.0	2.0	5.0
12	53223643	53512193	3.0	2.0	5.0
12	53512194	53512248	3.0	2.0	5.0
12	53512249	53515417	3.0	0.0	3.0
12	53515418	53519357	3.0	0.0	3.0
12	53519358	53519411	3.0	0.0	3.0
12	53519412	53533912	3.0	0.0	3.0
12	53533913	54190761	3.0	0.0	3.0
12	54190762	54270081	3.0	0.0	3.0
12	54270082	54323590	3.0	1.0	4.0
12	54323591	62905613	3.0	0.0	3.0
12	62905614	64324776	3.0	2.0	5.0
12	64324777	64391709	4.0	4.0	8.0
12	64391710	64476454	8.0	3.0	11.0
12	64476455	65374151	4.0	3.0	7.0
12	65374152	65419074	12.0	4.0	16.0
12	65419075	65419339	13.0	4.0	17.0
12	65419340	65537558	10.0	3.0	13.0
12	65537559	65735708	12.0	3.0	15.0
12	65735709	65785079	13.0	3.0	16.0
12	65785080	65789268	17.0	3.0	20.0
12	65789269	65798902	16.0	3.0	19.0
12	65798903	65903868	19.0	3.0	22.0
12	65903869	65977642	22.0	3.0	25.0
12	65977643	65991471	21.0	3.0	24.0
12	65991472	65992876	29.0	4.0	33.0
12	65992877	65996275	19.0	3.0	22.0
12	65996276	66015056	27.0	3.0	30.0
12	66015057	66096848	22.0	3.0	25.0
12	66096849	66099094	24.0	4.0	28.0
12	66099095	66100509	19.0	4.0	23.0
12	66100510	66102158	19.0	4.0	23.0
12	66102159	66102854	19.0	4.0	23.0
12	66102855	66412277	17.0	3.0	20.0
12	66412278	66451813	21.0	3.0	24.0
12	66451814	66501812	20.0	3.0	23.0
12	66501813	66539575	26.0	3.0	29.0
12	66539576	66539882	23.0	4.0	27.0
12	66539883	66561385	24.0	3.0	27.0
12	66561386	66615604	20.0	3.0	23.0
12	66615605	66928708	25.0	3.0	28.0
12	66928709	67060108	30.0	3.0	33.0
12	67060109	67132575	34.0	3.0	37.0
12	67132576	67287599	32.0	3.0	35.0
12	67287600	67305190	29.0	3.0	32.0
12	67305191	67327672	34.0	4.0	38.0
12	67327673	67328268	38.0	4.0	42.0
12	67328269	67329403	22.0	2.0	24.0
12	67329404	67364601	30.0	3.0	33.0
12	67364602	67618045	29.0	3.0	32.0
12	67618046	67656620	33.0	3.0	36.0
12	67656621	67789376	34.0	3.0	37.0
12	67789377	67890622	42.0	2.0	44.0
12	67890623	67922948	29.0	2.0	31.0
12	67922949	68018744	26.0	3.0	29.0
12	68018745	68055776	33.0	3.0	36.0
12	68055777	68135231	35.0	3.0	38.0
12	68135232	68166509	28.0	3.0	31.0
12	68166510	68245497	27.0	3.0	30.0
12	68245498	68261936	31.0	3.0	34.0
12	68261937	68290250	32.0	4.0	36.0
12	68290251	68290405	36.0	4.0	40.0
12	68290406	68319129	26.0	3.0	29.0
12	68319130	68334500	27.0	4.0	31.0
12	68334501	68992614	23.0	3.0	26.0
12	68992615	69505383	22.0	3.0	25.0
12	69505384	69536796	22.0	4.0	26.0
12	69536797	69586673	31.0	3.0	34.0
12	69586674	69685891	34.0	3.0	37.0
12	69685892	69831405	43.0	3.0	46.0
12	69831406	69833668	3.0	1.0	4.0
12	69833669	69847187	3.0	0.0	3.0
12	69847188	72111638	3.0	1.0	4.0
12	72111639	73590019	3.0	2.0	5.0
12	73590020	74916260	3.0	1.0	4.0
12	74916261	74943394	4.0	3.0	7.0
12	74943395	75142074	7.0	3.0	10.0
12	75142075	75146917	10.0	4.0	14.0
12	75146918	75186808	14.0	6.0	20.0
12	75186809	75256145	9.0	3.0	12.0
12	75256146	75263752	6.0	4.0	10.0
12	75263753	75266155	6.0	4.0	10.0
12	75266156	77213081	6.0	3.0	9.0
12	77213082	94719630	3.0	1.0	4.0
12	94719631	99117499	3.0	0.0	3.0
12	99117500	99149279	3.0	0.0	3.0
12	99149280	100790405	3.0	0.0	3.0
12	100790406	100809679	3.0	0.0	3.0
12	100809680	118795847	3.0	0.0	3.0
12	118795848	118808989	3.0	0.0	3.0
12	118808990	132349400	3.0	0.0	3.0
12	132349401	133851894	3.0	0.0	3.0
13	1	16299999	2.0	0.0	2.0
13	16300000	19499999	2.0	0.0	2.0
13	19500000	24739734	2.0	0.0	2.0
13	24739735	24746203	1.0	0.0	1.0
13	24746204	24753136	2.0	0.0	2.0
13	24753137	24759391	1.0	0.0	1.0
13	24759392	33577580	2.0	0.0	2.0
13	33577581	33934803	3.0	0.0	3.0
13	33934804	69277092	2.0	0.0	2.0
13	69277093	69277115	2.0	0.0	2.0
13	69277116	69278062	2.0	0.0	2.0
13	69278063	69366181	1.0	0.0	1.0
13	69366182	69424205	2.0	0.0	2.0
13	69424206	69424237	2.0	0.0	2.0
13	69424238	78275889	2.0	0.0	2.0
13	78275890	79584477	1.0	0.0	1.0
13	79584478	99366372	2.0	0.0	2.0
13	99366373	99366498	2.0	0.0	2.0
13	99366499	99527483	2.0	0.0	2.0
13	99527484	100692693	1.0	0.0	1.0
13	100692694	100700242	1.0	0.0	1.0
13	100700243	100717301	1.0	0.0	1.0
13	100717302	100883910	1.0	0.0	1.0
13	100883911	101592456	2.0	0.0	2.0
13	101592457	102975814	1.0	0.0	1.0
13	102975815	111095044	2.0	0.0	2.0
13	111095045	111127755	1.0	0.0	1.0
13	111127756	111561164	1.0	0.0	1.0
13	111561165	113846888	2.0	0.0	2.0
13	113846889	114427553	1.0	0.0	1.0
14	1	16099999	2.0	0.0	2.0
14	19100000	20433515	1.0	0.0	1.0
14	20433516	22661598	2.0	0.0	2.0
14	22661599	26258996	2.0	2.0	4.0
14	26258997	26282274	2.0	2.0	4.0
14	26282275	26290513	2.0	2.0	4.0
14	26290514	26550700	3.0	2.0	5.0
14	26550701	38796188	2.0	2.0	4.0
14	38796189	38796878	2.0	2.0	4.0
14	38796879	38809056	4.0	2.0	6.0
14	38809057	39496346	4.0	2.0	6.0
14	39496347	39503631	2.0	2.0	4.0
14	39503632	39729002	2.0	2.0	4.0
14	39729003	40245951	2.0	2.0	4.0
14	40245952	40246392	2.0	2.0	4.0
14	40246393	40250483	5.0	2.0	7.0
14	40250484	40277504	5.0	2.0	7.0
14	40277505	40277534	5.0	2.0	7.0
14	40277535	41436089	5.0	2.0	7.0
14	41436090	41684989	3.0	2.0	5.0
14	41684990	43613289	2.0	0.0	2.0
14	43613290	45239352	3.0	0.0	3.0
14	45239353	46232784	2.0	0.0	2.0
14	46232785	46331179	2.0	2.0	4.0
14	46331180	46491210	2.0	0.0	2.0
14	46491211	47391197	3.0	2.0	5.0
14	47391198	47740251	5.0	2.0	7.0
14	47740252	50208058	5.0	2.0	7.0
14	50208059	50215219	5.0	2.0	7.0
14	50215220	50735942	5.0	2.0	7.0
14	50735943	52105223	2.0	2.0	4.0
14	52105224	67308406	2.0	0.0	2.0
14	67308407	74943037	2.0	0.0	2.0
14	74943038	74982669	3.0	0.0	3.0
14	74982670	75211823	2.0	0.0	2.0
14	75211824	106368400	3.0	0.0	3.0
15	1	15799999	2.0	1.0	3.0
15	15800000	20699999	2.0	1.0	3.0
15	20700000	23618394	2.0	1.0	3.0
15	23618395	24499140	2.0	0.0	2.0
15	24499141	31008364	2.0	1.0	3.0
15	31008365	31036366	3.0	2.0	5.0
15	31036367	31037155	3.0	2.0	5.0
15	31037156	31075010	2.0	2.0	4.0
15	31075011	31113500	2.0	2.0	4.0
15	31113501	31629470	2.0	1.0	3.0
15	31629471	31643355	2.0	1.0	3.0
15	31643356	31689405	2.0	1.0	3.0
15	31689406	33062148	2.0	2.0	4.0
15	33062149	39898023	2.0	1.0	3.0
15	39898024	39963437	3.0	3.0	6.0
15	39963438	42604133	2.0	1.0	3.0
15	42604134	43048761	2.0	2.0	4.0
15	43048762	43048871	2.0	2.0	4.0
15	43048872	43050022	1.0	1.0	2.0
15	43050023	43773859	2.0	1.0	3.0
15	43773860	43843513	2.0	2.0	4.0
15	43843514	45124768	2.0	1.0	3.0
15	45124769	45144887	2.0	1.0	3.0
15	45144888	45157856	2.0	1.0	3.0
15	45157857	48478545	2.0	1.0	3.0
15	48478546	48555559	2.0	1.0	3.0
15	48555560	48699261	2.0	1.0	3.0
15	48699262	48742858	2.0	1.0	3.0
15	48742859	49192093	2.0	1.0	3.0
15	49192094	49439757	3.0	2.0	5.0
15	49439758	52490331	2.0	1.0	3.0
15	52490332	52515261	2.0	2.0	4.0
15	52515262	56025993	2.0	1.0	3.0
15	56025994	56054393	2.0	1.0	3.0
15	56054394	56215460	2.0	1.0	3.0
15	56215461	56384512	2.0	2.0	4.0
15	56384513	56978363	2.0	1.0	3.0
15	56978364	56989373	3.0	2.0	5.0
15	56989374	57043792	2.0	1.0	3.0
15	57043793	57057453	3.0	2.0	5.0
15	57057454	57097213	2.0	1.0	3.0
15	57097214	59948409	2.0	2.0	4.0
15	59948410	60079326	2.0	1.0	3.0
15	60079327	60138826	2.0	2.0	4.0
15	60138827	61023929	2.0	1.0	3.0
15	61023930	61223046	2.0	1.0	3.0
15	61223047	61858216	2.0	2.0	4.0
15	61858217	100338800	2.0	1.0	3.0
15	100338801	102431166	2.0	1.0	3.0
16	83807	3230015	3.0	2.0	5.0
16	3230016	9803358	3.0	2.0	5.0
16	9803359	9804842	3.0	2.0	5.0
16	9804843	9865755	3.0	2.0	5.0
16	9865756	10612632	2.0	2.0	4.0
16	10612633	10891866	3.0	2.0	5.0
16	10891867	10913074	3.0	2.0	5.0
16	10913075	10962978	3.0	2.0	5.0
16	10962979	11308676	2.0	1.0	3.0
16	11308677	14085155	3.0	2.0	5.0
16	14085156	14089587	3.0	2.0	5.0
16	14089588	15097497	3.0	2.0	5.0
16	15097498	27422543	2.0	2.0	4.0
16	27422544	28892329	2.0	2.0	4.0
16	28892330	29180407	2.0	1.0	3.0
16	29180408	33722500	2.0	2.0	4.0
16	33722501	34187499	3.0	1.0	4.0
16	34187500	34599999	3.0	2.0	5.0
16	38600000	46447499	3.0	2.0	5.0
16	46447500	50226350	2.0	2.0	4.0
16	50226351	50241912	2.0	1.0	3.0
16	50241913	50407503	2.0	2.0	4.0
16	50407504	50473283	2.0	1.0	3.0
16	50473284	53504720	2.0	2.0	4.0
16	53504721	54538857	2.0	1.0	3.0
16	54538858	54953228	2.0	2.0	4.0
16	54953229	54953950	2.0	2.0	4.0
16	54953951	54970269	2.0	1.0	3.0
16	54970270	55321889	2.0	1.0	3.0
16	55321890	55325215	2.0	1.0	3.0
16	55325216	55325231	2.0	2.0	4.0
16	55325232	55381173	2.0	1.0	3.0
16	55381174	55381574	2.0	2.0	4.0
16	55381575	55384631	3.0	2.0	5.0
16	55384632	55495713	2.0	2.0	4.0
16	55495714	55539506	2.0	1.0	3.0
16	55539507	55555359	2.0	1.0	3.0
16	55555360	67383350	2.0	1.0	3.0
16	67383351	67723307	2.0	1.0	3.0
16	67723308	67731693	1.0	0.0	1.0
16	67731694	67872731	2.0	1.0	3.0
16	67872732	67872772	2.0	1.0	3.0
16	67872773	68953004	2.0	1.0	3.0
16	68953005	68961991	2.0	1.0	3.0
16	68961992	68962430	2.0	1.0	3.0
16	68962431	68980209	2.0	1.0	3.0
16	68980210	69651305	2.0	1.0	3.0
16	69651306	70385252	2.0	1.0	3.0
16	70385253	70386279	2.0	1.0	3.0
16	70386280	70386676	3.0	0.0	3.0
16	70386677	70387588	1.0	1.0	2.0
16	70387589	70387612	1.0	1.0	2.0
16	70387613	70418634	2.0	1.0	3.0
16	70418635	70727057	2.0	1.0	3.0
16	70727058	70727493	1.0	1.0	2.0
16	70727494	78750315	2.0	2.0	4.0
16	78750316	79125230	2.0	1.0	3.0
16	79125231	80863047	2.0	1.0	3.0
16	80863048	80863209	2.0	1.0	3.0
16	80863210	83326091	2.0	1.0	3.0
16	83326092	83326253	2.0	1.0	3.0
16	83326254	83473417	2.0	1.0	3.0
16	83473418	83480781	2.0	2.0	4.0
16	83480782	83480843	2.0	2.0	4.0
16	83480844	83482566	1.0	1.0	2.0
16	83482567	83482732	2.0	2.0	4.0
16	83482733	83487640	3.0	2.0	5.0
16	83487641	83487657	2.0	2.0	4.0
16	83487658	83487715	2.0	2.0	4.0
16	83487716	83488228	2.0	2.0	4.0
16	83488229	83774013	2.0	2.0	4.0
16	83774014	88827200	2.0	1.0	3.0
16	88827201	90354752	2.0	1.0	3.0
17	12500	15573739	2.0	0.0	2.0
17	15573740	15580464	7.0	2.0	9.0
17	15580465	15580957	7.0	2.0	9.0
17	15580958	15808801	5.0	2.0	7.0
17	15808802	15866017	6.0	1.0	7.0
17	15866018	15906457	3.0	1.0	4.0
17	15906458	17004298	2.0	0.0	2.0
17	17004299	20001315	2.0	0.0	2.0
17	20001316	20445001	2.0	1.0	3.0
17	20445002	22199999	2.0	0.0	2.0
17	25800000	30825032	2.0	2.0	4.0
17	30825033	30850692	2.0	2.0	4.0
17	30850693	30862388	3.0	2.0	5.0
17	30862389	30930760	3.0	2.0	5.0
17	30930761	31059802	2.0	2.0	4.0
17	31059803	33743932	2.0	1.0	3.0
17	33743933	36966464	1.0	1.0	2.0
17	36966465	38369680	2.0	2.0	4.0
17	38369681	38373650	2.0	2.0	4.0
17	38373651	38629595	2.0	2.0	4.0
17	38629596	39352444	2.0	1.0	3.0
17	39352445	39356761	2.0	1.0	3.0
17	39356762	39356817	2.0	1.0	3.0
17	39356818	57260122	2.0	1.0	3.0
17	57260123	57570392	2.0	0.0	2.0
17	57570393	57687175	4.0	2.0	6.0
17	57687176	57861994	6.0	2.0	8.0
17	57861995	59169539	3.0	2.0	5.0
17	59169540	59174085	2.0	0.0	2.0
17	59174086	59202120	4.0	3.0	7.0
17	59202121	59211695	2.0	0.0	2.0
17	59211696	59231628	2.0	0.0	2.0
17	59231629	59368291	3.0	3.0	6.0
17	59368292	59368938	2.0	0.0	2.0
17	59368939	59372811	2.0	0.0	2.0
17	59372812	59668078	2.0	0.0	2.0
17	59668079	64818352	2.0	1.0	3.0
17	64818353	64820020	2.0	1.0	3.0
17	64820021	64857878	2.0	1.0	3.0
17	64857879	64861390	2.0	1.0	3.0
17	64861391	79932845	2.0	1.0	3.0
17	79932846	80016326	3.0	1.0	4.0
17	80016327	80025931	2.0	1.0	3.0
17	80025932	80067668	3.0	1.0	4.0
17	80067669	81195209	2.0	1.0	3.0
18	27500	1536836	4.0	1.0	5.0
18	1536837	2972499	3.0	1.0	4.0
18	2972500	3828081	3.0	2.0	5.0
18	3828082	8130583	3.0	1.0	4.0
18	8130584	8227372	2.0	1.0	3.0
18	8227373	11084294	3.0	1.0	4.0
18	11084295	15399999	2.0	1.0	3.0
18	15400000	18999999	2.0	1.0	3.0
18	19000000	27910977	2.0	1.0	3.0
18	27910978	28000552	1.0	1.0	2.0
18	28000553	40783989	2.0	1.0	3.0
18	40783990	40940608	2.0	1.0	3.0
18	40940609	63454345	2.0	1.0	3.0
18	63454346	63766773	1.0	1.0	2.0
18	63766774	76117000	2.0	1.0	3.0
18	76117001	78077247	2.0	1.0	3.0
19	102500	255923	1.0	0.0	1.0
19	255924	7074047	2.0	0.0	2.0
19	7074048	9614955	2.0	1.0	3.0
19	9614956	9889245	2.0	1.0	3.0
19	9889246	9893263	1.0	0.0	1.0
19	9893264	10555038	1.0	0.0	1.0
19	10555039	16777664	2.0	1.0	3.0
19	16777665	17739143	2.0	2.0	4.0
19	17739144	24399999	2.0	1.0	3.0
19	28600000	59128982	2.0	1.0	3.0
20	37790	8844531	1.0	1.0	2.0
20	8844532	12024169	2.0	1.0	3.0
20	12024170	12205768	1.0	1.0	2.0
20	12205769	13869985	2.0	1.0	3.0
20	13869986	15413793	1.0	1.0	2.0
20	15413794	16390728	1.0	0.0	1.0
20	16390729	16404536	1.0	1.0	2.0
20	16404537	16408003	1.0	1.0	2.0
20	16408004	17757033	1.0	1.0	2.0
20	17757034	18387323	2.0	1.0	3.0
20	18387324	19094605	2.0	1.0	3.0
20	19094606	23008809	2.0	1.0	3.0
20	23008810	23329556	1.0	0.0	1.0
20	23329557	25375929	1.0	1.0	2.0
20	25375930	25599999	1.0	1.0	2.0
20	29628409	29982350	2.0	1.0	3.0
20	29982351	30058897	2.0	1.0	3.0
20	30058898	32249996	2.0	2.0	4.0
20	32249997	33409995	4.0	2.0	6.0
20	33409996	34090193	2.0	2.0	4.0
20	34090194	34461098	3.0	2.0	5.0
20	34461099	46181278	2.0	0.0	2.0
20	46181279	46261965	5.0	2.0	7.0
20	46261966	47892614	2.0	0.0	2.0
20	47892615	48532005	4.0	2.0	6.0
20	48532006	48888303	2.0	2.0	4.0
20	48888304	50537479	2.0	0.0	2.0
20	50537480	51073248	2.0	1.0	3.0
20	51073249	51085172	4.0	1.0	5.0
20	51085173	51085198	5.0	2.0	7.0
20	51085199	51089238	5.0	2.0	7.0
20	51089239	51089282	5.0	2.0	7.0
20	51089283	51492154	5.0	2.0	7.0
20	51492155	51917873	2.0	0.0	2.0
20	51917874	52009706	4.0	2.0	6.0
20	52009707	52441573	6.0	2.0	8.0
20	52441574	52531748	3.0	2.0	5.0
20	52531749	52973314	3.0	2.0	5.0
20	52973315	53067041	2.0	2.0	4.0
20	53067042	53141972	5.0	2.0	7.0
20	53141973	53695939	2.0	2.0	4.0
20	53695940	53748926	2.0	1.0	3.0
20	53748927	54102801	2.0	2.0	4.0
20	54102802	54266470	2.0	1.0	3.0
20	54266471	54873041	2.0	0.0	2.0
20	54873042	54878439	2.0	1.0	3.0
20	54878440	55905909	2.0	1.0	3.0
20	55905910	55974364	5.0	2.0	7.0
20	55974365	55977407	5.0	2.0	7.0
20	55977408	56469513	5.0	2.0	7.0
20	56469514	56469859	5.0	2.0	7.0
20	56469860	56508784	5.0	2.0	7.0
20	56508785	56513288	5.0	2.0	7.0
20	56513289	56559073	3.0	2.0	5.0
20	56559074	56577537	7.0	2.0	9.0
20	56577538	56852549	5.0	2.0	7.0
20	56852550	57346494	4.0	2.0	6.0
20	57346495	57736006	5.0	2.0	7.0
20	57736007	58001418	4.0	2.0	6.0
20	58001419	58054684	5.0	2.0	7.0
20	58054685	59569083	2.0	2.0	4.0
20	59569084	59570320	2.0	2.0	4.0
20	59570321	59570386	2.0	2.0	4.0
20	59570387	59635081	5.0	2.0	7.0
20	59635082	59637667	2.0	0.0	2.0
20	59637668	59722435	4.0	2.0	6.0
20	59722436	60651226	2.0	0.0	2.0
20	60651227	60652484	2.0	0.0	2.0
20	60652485	60652524	2.0	0.0	2.0
20	60652525	60975880	4.0	2.0	6.0
20	60975881	60975932	4.0	2.0	6.0
20	60975933	61019044	2.0	0.0	2.0
20	61019045	62432500	2.0	1.0	3.0
21	14300000	19481411	2.0	1.0	3.0
21	19481412	23820211	1.0	0.0	1.0
21	23820212	25730572	2.0	1.0	3.0
21	25730573	25775282	4.0	1.0	5.0
21	25775283	29215325	1.0	0.0	1.0
21	29215326	33659997	2.0	0.0	2.0
21	33659998	40466351	2.0	1.0	3.0
21	40466352	40597658	3.0	1.0	4.0
21	40597659	41544328	2.0	1.0	3.0
21	41544329	41931705	2.0	2.0	4.0
21	41931706	43027468	2.0	1.0	3.0
21	43027469	46289656	3.0	1.0	4.0
21	46289657	46937500	2.0	1.0	3.0
21	46937501	48129894	2.0	1.0	3.0
22	1	12199999	2.0	1.0	3.0
22	12200000	17899999	2.0	1.0	3.0
22	17900000	19815314	2.0	1.0	3.0
22	19815315	19863203	1.0	1.0	2.0
22	19863204	26739468	2.0	1.0	3.0
22	26739469	30895379	2.0	1.0	3.0
22	30895380	31176793	2.0	1.0	3.0
22	31176794	31189643	1.0	1.0	2.0
22	31189644	31201699	1.0	1.0	2.0
22	31201700	32895909	2.0	1.0	3.0
22	32895910	33198997	2.0	2.0	4.0
22	33198998	37544244	2.0	0.0	2.0
22	37544245	38162432	1.0	0.0	1.0
22	38162433	38459335	2.0	0.0	2.0
22	38459336	38698267	2.0	2.0	4.0
22	38698268	39456210	2.0	1.0	3.0
22	39456211	39741264	2.0	2.0	4.0
22	39741265	39742319	2.0	2.0	4.0
22	39742320	39754769	3.0	2.0	5.0
22	39754770	39825818	2.0	2.0	4.0
22	39825819	40115150	3.0	2.0	5.0
22	40115151	40502926	5.0	2.0	7.0
22	40502927	41733461	2.0	2.0	4.0
22	41733462	43643332	2.0	1.0	3.0
22	43643333	43652788	2.0	1.0	3.0
22	43652789	43984305	1.0	1.0	2.0
22	43984306	48779986	2.0	1.0	3.0
22	48779987	49023056	10.0	2.0	12.0
22	49023057	49023253	10.0	2.0	12.0
22	49023254	49126445	14.0	2.0	16.0
22	49126446	49726900	7.0	2.0	9.0
22	49726901	49839995	5.0	2.0	7.0
22	49839996	50057183	11.0	2.0	13.0
22	50057184	50086034	7.0	2.0	9.0
22	50086035	50134543	7.0	2.0	9.0
22	50134544	50450010	8.0	3.0	11.0
22	50450011	51108268	2.0	1.0	3.0
