chromosome_index	start_position	end_position	major_cn	minor_cn	total_cn
1	10001	840008	3.0	0.0	3.0
1	840009	12109354	3.0	0.0	3.0
1	12109355	12154410	3.0	0.0	3.0
1	12154411	12929654	3.0	0.0	3.0
1	12929655	13187810	3.0	0.0	3.0
1	13187811	16892500	3.0	0.0	3.0
1	16892501	17277652	4.0	0.0	4.0
1	17277653	25595494	3.0	0.0	3.0
1	25595495	25680281	3.0	0.0	3.0
1	25680282	39430293	3.0	0.0	3.0
1	39430294	47635818	3.0	2.0	5.0
1	47635819	47638292	3.0	2.0	5.0
1	47638293	67239976	3.0	2.0	5.0
1	67239977	67469313	3.0	0.0	3.0
1	67469314	67659135	3.0	2.0	5.0
1	67659136	67677943	3.0	2.0	5.0
1	67677944	87144749	3.0	2.0	5.0
1	87144750	101302010	3.0	2.0	5.0
1	101302011	101315582	3.0	3.0	6.0
1	101315583	101744194	3.0	2.0	5.0
1	101744195	102443509	3.0	2.0	5.0
1	102443510	106241032	3.0	2.0	5.0
1	106241033	106259524	3.0	0.0	3.0
1	106259525	106911838	3.0	2.0	5.0
1	106911839	106912719	3.0	2.0	5.0
1	106912720	110107414	3.0	2.0	5.0
1	110107415	110606708	5.0	2.0	7.0
1	110606709	121499999	3.0	2.0	5.0
1	121500000	128899999	3.0	2.0	5.0
1	128900000	143293000	3.0	2.0	5.0
1	143293001	143500938	3.0	2.0	5.0
1	143500939	153671741	3.0	2.0	5.0
1	153671742	153740092	4.0	2.0	6.0
1	153740093	172729238	3.0	1.0	4.0
1	172729239	172731544	3.0	1.0	4.0
1	172731545	219721753	3.0	1.0	4.0
1	219721754	219752711	4.0	2.0	6.0
1	219752712	226942398	3.0	1.0	4.0
1	226942399	227002932	4.0	2.0	6.0
1	227002933	229446060	3.0	2.0	5.0
1	229446061	229482895	2.0	2.0	4.0
1	229482896	247249600	3.0	2.0	5.0
1	247249601	249250620	3.0	2.0	5.0
2	50230	23956834	2.0	0.0	2.0
2	23956835	23959154	2.0	1.0	3.0
2	23959155	23966166	2.0	1.0	3.0
2	23966167	36568071	2.0	1.0	3.0
2	36568072	36568552	2.0	1.0	3.0
2	36568553	79850601	2.0	1.0	3.0
2	79850602	79851336	2.0	1.0	3.0
2	79851337	79851676	2.0	1.0	3.0
2	79851677	79852851	2.0	1.0	3.0
2	79852852	79852892	2.0	1.0	3.0
2	79852893	90499999	2.0	1.0	3.0
2	96800000	141054897	3.0	2.0	5.0
2	141054898	141182428	2.0	0.0	2.0
2	141182429	142901253	2.0	0.0	2.0
2	142901254	193608531	3.0	2.0	5.0
2	193608532	193612788	3.0	0.0	3.0
2	193612789	218835442	3.0	2.0	5.0
2	218835443	218917759	6.0	2.0	8.0
2	218917760	242992447	3.0	2.0	5.0
3	77942	51629129	4.0	0.0	4.0
3	51629130	51763124	0.0	0.0	0.0
3	51763125	66486844	4.0	0.0	4.0
3	66486845	67355481	6.0	0.0	6.0
3	67355482	75815030	4.0	0.0	4.0
3	75815031	87899999	4.0	0.0	4.0
3	87900000	93899999	4.0	0.0	4.0
3	93900000	115705284	4.0	0.0	4.0
3	115705285	116112282	2.0	0.0	2.0
3	116112283	116112788	1.0	0.0	1.0
3	116112789	116173301	1.0	0.0	1.0
3	116173302	116237410	2.0	0.0	2.0
3	116237411	116285984	1.0	0.0	1.0
3	116285985	116569874	0.0	0.0	0.0
3	116569875	116762251	2.0	0.0	2.0
3	116762252	116799584	3.0	0.0	3.0
3	116799585	125094505	4.0	0.0	4.0
3	125094506	125149292	6.0	0.0	6.0
3	125149293	126713638	4.0	0.0	4.0
3	126713639	126748086	2.0	0.0	2.0
3	126748087	129324686	4.0	0.0	4.0
3	129324687	129344115	4.0	0.0	4.0
3	129344116	130049085	4.0	0.0	4.0
3	130049086	130050727	4.0	0.0	4.0
3	130050728	130052561	4.0	0.0	4.0
3	130052562	137523979	4.0	0.0	4.0
3	137523980	137524022	4.0	0.0	4.0
3	137524023	155040659	4.0	0.0	4.0
3	155040660	155040702	4.0	0.0	4.0
3	155040703	164162028	4.0	0.0	4.0
3	164162029	174300704	4.0	2.0	6.0
3	174300705	174419544	6.0	2.0	8.0
3	174419545	176981158	4.0	2.0	6.0
3	176981159	177169338	4.0	2.0	6.0
3	177169339	177198719	4.0	4.0	8.0
3	177198720	177235215	4.0	2.0	6.0
3	177235216	177255949	6.0	2.0	8.0
3	177255950	177295255	6.0	2.0	8.0
3	177295256	177295273	4.0	2.0	6.0
3	177295274	185644761	4.0	2.0	6.0
3	185644762	185650239	4.0	2.0	6.0
3	185650240	197794027	4.0	2.0	6.0
4	27500	2489170	3.0	0.0	3.0
4	2489171	2637044	2.0	0.0	2.0
4	2637045	18821990	3.0	0.0	3.0
4	18821991	19565879	1.0	0.0	1.0
4	19565880	21954022	3.0	0.0	3.0
4	21954023	22468286	1.0	0.0	1.0
4	22468287	48199999	3.0	0.0	3.0
4	48200000	52699999	3.0	0.0	3.0
4	52700000	69373602	3.0	0.0	3.0
4	69373603	91442986	3.0	0.0	3.0
4	91442987	91443649	3.0	0.0	3.0
4	91443650	93959994	3.0	0.0	3.0
4	93959995	94176410	3.0	0.0	3.0
4	94176411	139459857	3.0	0.0	3.0
4	139459858	139518935	3.0	0.0	3.0
4	139518936	151887599	3.0	0.0	3.0
4	151887600	151887761	3.0	0.0	3.0
4	151887762	190987500	3.0	0.0	3.0
5	22500	161883	3.0	2.0	5.0
5	161884	3960693	4.0	2.0	6.0
5	3960694	3960709	4.0	2.0	6.0
5	3960710	3960722	4.0	2.0	6.0
5	3960723	6015920	4.0	2.0	6.0
5	6015921	6018947	4.0	2.0	6.0
5	6018948	36476217	4.0	2.0	6.0
5	36476218	36500431	3.0	2.0	5.0
5	36500432	36725389	5.0	2.0	7.0
5	36725390	36726418	3.0	2.0	5.0
5	36726419	36726454	3.0	2.0	5.0
5	36726455	36747167	4.0	2.0	6.0
5	36747168	36747387	4.0	2.0	6.0
5	36747388	36747726	2.0	2.0	4.0
5	36747727	45901202	3.0	2.0	5.0
5	45901203	50699999	3.0	2.0	5.0
5	50700000	59742575	3.0	2.0	5.0
5	59742576	59789850	4.0	3.0	7.0
5	59789851	77772230	3.0	2.0	5.0
5	77772231	77772745	3.0	2.0	5.0
5	77772746	83307633	3.0	2.0	5.0
5	83307634	83307676	3.0	2.0	5.0
5	83307677	114057452	3.0	2.0	5.0
5	114057453	140981583	3.0	2.0	5.0
5	140981584	141013173	3.0	2.0	5.0
5	141013174	145246230	3.0	2.0	5.0
5	145246231	145304747	4.0	2.0	6.0
5	145304748	162003598	3.0	2.0	5.0
5	162003599	162075746	3.0	2.0	5.0
5	162075747	162224759	3.0	0.0	3.0
5	162224760	180706525	3.0	2.0	5.0
6	39681	249579	3.0	1.0	4.0
6	249580	382001	3.0	2.0	5.0
6	382002	1997564	4.0	2.0	6.0
6	1997565	2003978	3.0	2.0	5.0
6	2003979	7007643	4.0	2.0	6.0
6	7007644	7367330	5.0	2.0	7.0
6	7367331	19100037	4.0	2.0	6.0
6	19100038	19169316	6.0	2.0	8.0
6	19169317	31602079	4.0	2.0	6.0
6	31602080	31697521	4.0	2.0	6.0
6	31697522	58699999	2.0	2.0	4.0
6	58700000	63299999	2.0	2.0	4.0
6	63300000	65366611	2.0	2.0	4.0
6	65366612	65392136	2.0	2.0	4.0
6	65392137	77902596	2.0	2.0	4.0
6	77902597	77904581	2.0	1.0	3.0
6	77904582	108962402	2.0	2.0	4.0
6	108962403	109334786	4.0	2.0	6.0
6	109334787	144549916	2.0	2.0	4.0
6	144549917	144946500	2.0	0.0	2.0
6	144946501	158268698	2.0	1.0	3.0
6	158268699	158290377	2.0	2.0	4.0
6	158290378	162623958	2.0	1.0	3.0
6	162623959	162655911	2.0	1.0	3.0
6	162655912	170899800	2.0	1.0	3.0
7	40386	11455832	4.0	1.0	5.0
7	11455833	11457791	4.0	1.0	5.0
7	11457792	17412800	4.0	1.0	5.0
7	17412801	17427451	4.0	3.0	7.0
7	17427452	24277810	4.0	1.0	5.0
7	24277811	24278010	3.0	1.0	4.0
7	24278011	24279060	3.0	1.0	4.0
7	24279061	24279251	3.0	1.0	4.0
7	24279252	57999999	4.0	1.0	5.0
7	61700000	76145920	4.0	1.0	5.0
7	76145921	105345213	4.0	1.0	5.0
7	105345214	105358893	6.0	1.0	7.0
7	105358894	109838987	4.0	1.0	5.0
7	109838988	110073216	2.0	1.0	3.0
7	110073217	110081619	2.0	1.0	3.0
7	110081620	110214380	2.0	1.0	3.0
7	110214381	110646542	4.0	1.0	5.0
7	110646543	110730579	1.0	1.0	2.0
7	110730580	127342242	4.0	1.0	5.0
7	127342243	127540966	2.0	1.0	3.0
7	127540967	142495602	4.0	1.0	5.0
7	142495603	146552764	4.0	1.0	5.0
7	146552765	146713497	2.0	1.0	3.0
7	146713498	158821400	4.0	1.0	5.0
8	155757	43099999	2.0	2.0	4.0
8	48100000	55120562	6.0	2.0	8.0
8	55120563	55139411	9.0	2.0	11.0
8	55139412	68421368	7.0	2.0	9.0
8	68421369	68776311	7.0	2.0	9.0
8	68776312	68776533	7.0	2.0	9.0
8	68776534	68804875	7.0	2.0	9.0
8	68804876	77389073	6.0	2.0	8.0
8	77389074	77390142	6.0	2.0	8.0
8	77390143	137679944	6.0	2.0	8.0
8	137679945	137860008	6.0	2.0	8.0
8	137860009	139791455	6.0	2.0	8.0
8	139791456	139791532	6.0	2.0	8.0
8	139791533	139853571	6.0	2.0	8.0
8	139853572	139862590	4.0	2.0	6.0
8	139862591	146364021	7.0	2.0	9.0
9	69295	203936	1.0	1.0	2.0
9	203937	35884750	2.0	2.0	4.0
9	35884751	35884817	2.0	2.0	4.0
9	35884818	44726866	2.0	2.0	4.0
9	44726867	47299999	3.0	1.0	4.0
9	47300000	50699999	3.0	1.0	4.0
9	50700000	70909201	3.0	1.0	4.0
9	70909202	76456121	2.0	1.0	3.0
9	76456122	103148167	2.0	2.0	4.0
9	103148168	103550094	2.0	2.0	4.0
9	103550095	103551067	2.0	2.0	4.0
9	103551068	103557180	2.0	2.0	4.0
9	103557181	114682725	2.0	2.0	4.0
9	114682726	114724702	2.0	2.0	4.0
9	114724703	114874601	3.0	1.0	4.0
9	114874602	121559270	2.0	2.0	4.0
9	121559271	121562335	2.0	1.0	3.0
9	121562336	140273200	2.0	2.0	4.0
10	10001	132099	4.0	2.0	6.0
10	132100	29912220	4.0	2.0	6.0
10	29912221	30529432	4.0	3.0	7.0
10	30529433	35109933	4.0	2.0	6.0
10	35109934	35355446	4.0	1.0	5.0
10	35355447	37999999	4.0	2.0	6.0
10	43048341	43058511	3.0	2.0	5.0
10	43058512	45249079	4.0	2.0	6.0
10	45249080	45250653	9.0	3.0	12.0
10	45250654	45675111	11.0	2.0	13.0
10	45675112	45781937	10.0	2.0	12.0
10	45781938	45889760	12.0	2.0	14.0
10	45889761	45989793	13.0	2.0	15.0
10	45989794	45991897	13.0	1.0	14.0
10	45991898	74435702	2.0	2.0	4.0
10	74435703	74459607	5.0	2.0	7.0
10	74459608	75360217	2.0	2.0	4.0
10	75360218	75397918	5.0	2.0	7.0
10	75397919	76812925	2.0	2.0	4.0
10	76812926	76816564	2.0	2.0	4.0
10	76816565	105491703	2.0	2.0	4.0
10	105491704	105724730	2.0	0.0	2.0
10	105724731	132849590	2.0	2.0	4.0
10	132849591	132849601	2.0	2.0	4.0
10	132849602	135389924	2.0	2.0	4.0
11	20721	199672	4.0	0.0	4.0
11	199673	681298	4.0	0.0	4.0
11	681299	868007	4.0	0.0	4.0
11	868008	1955255	4.0	0.0	4.0
11	1955256	2001685	7.0	0.0	7.0
11	2001686	2013502	14.0	0.0	14.0
11	2013503	2018389	7.0	0.0	7.0
11	2018390	23245263	4.0	0.0	4.0
11	23245264	23245277	4.0	0.0	4.0
11	23245278	50264843	4.0	0.0	4.0
11	50264844	50269860	4.0	0.0	4.0
11	50269861	51362801	4.0	0.0	4.0
11	51362802	51593038	4.0	0.0	4.0
11	51593039	55699999	4.0	0.0	4.0
11	55700000	78294029	4.0	0.0	4.0
11	78294030	78434385	5.0	0.0	5.0
11	78434386	95036250	4.0	0.0	4.0
11	95036251	95110197	6.0	0.0	6.0
11	95110198	112206735	4.0	0.0	4.0
11	112206736	112991338	6.0	0.0	6.0
11	112991339	115274258	4.0	0.0	4.0
11	115274259	115592440	6.0	0.0	6.0
11	115592441	134847176	4.0	0.0	4.0
11	134847177	134848403	0.0	0.0	0.0
12	110107	202093	15.0	3.0	18.0
12	202094	6305489	8.0	4.0	12.0
12	6305490	9627002	6.0	4.0	10.0
12	9627003	9732801	5.0	3.0	8.0
12	9732802	11070962	6.0	4.0	10.0
12	11070963	11083676	8.0	4.0	12.0
12	11083677	18724602	8.0	4.0	12.0
12	18724603	19114446	14.0	3.0	17.0
12	19114447	19863858	14.0	3.0	17.0
12	19863859	19969957	14.0	3.0	17.0
12	19969958	33299999	8.0	4.0	12.0
12	38200000	38474997	4.0	0.0	4.0
12	38474998	43222343	4.0	0.0	4.0
12	43222344	43531762	6.0	0.0	6.0
12	43531763	46744571	4.0	0.0	4.0
12	46744572	46793246	6.0	0.0	6.0
12	46793247	46831255	4.0	0.0	4.0
12	46831256	46863958	5.0	0.0	5.0
12	46863959	53236248	4.0	0.0	4.0
12	53236249	53448146	5.0	0.0	5.0
12	53448147	54736150	4.0	0.0	4.0
12	54736151	54779899	6.0	0.0	6.0
12	54779900	62352578	4.0	0.0	4.0
12	62352579	66451370	4.0	0.0	4.0
12	66451371	93554866	4.0	0.0	4.0
12	93554867	93556378	4.0	0.0	4.0
12	93556379	93584928	9.0	0.0	9.0
12	93584929	93690175	5.0	0.0	5.0
12	93690176	97841053	4.0	0.0	4.0
12	97841054	97856378	5.0	0.0	5.0
12	97856379	97856426	5.0	0.0	5.0
12	97856427	99560257	4.0	0.0	4.0
12	99560258	99761597	2.0	0.0	2.0
12	99761598	121803831	4.0	0.0	4.0
12	121803832	121851442	3.0	0.0	3.0
12	121851443	123850726	4.0	0.0	4.0
12	123850727	123929661	6.0	0.0	6.0
12	123929662	124082462	4.0	0.0	4.0
12	124082463	132349400	4.0	0.0	4.0
12	132349401	133851894	4.0	0.0	4.0
13	1	16299999	2.0	2.0	4.0
13	16300000	19499999	2.0	2.0	4.0
13	19500000	25606724	2.0	2.0	4.0
13	25606725	28372594	3.0	2.0	5.0
13	28372595	55945053	2.0	2.0	4.0
13	55945054	55945081	2.0	2.0	4.0
13	55945082	61460279	2.0	2.0	4.0
13	61460280	61460910	2.0	2.0	4.0
13	61460911	61460960	2.0	2.0	4.0
13	61460961	61461637	2.0	2.0	4.0
13	61461638	114142800	2.0	2.0	4.0
13	114142801	115169877	2.0	2.0	4.0
14	1	16099999	2.0	2.0	4.0
14	16100000	19099999	2.0	2.0	4.0
14	19100000	32862403	2.0	2.0	4.0
14	32862404	32863575	2.0	2.0	4.0
14	32863576	32867063	2.0	2.0	4.0
14	32867064	33301839	2.0	2.0	4.0
14	33301840	43061912	2.0	2.0	4.0
14	43061913	43152716	2.0	2.0	4.0
14	43152717	59220570	2.0	2.0	4.0
14	59220571	59220728	2.0	1.0	3.0
14	59220743	59220802	2.0	1.0	3.0
14	59220803	59220884	2.0	1.0	3.0
14	59220885	59221119	2.0	1.0	3.0
14	59221120	59221133	2.0	1.0	3.0
14	59221134	65526833	2.0	1.0	3.0
14	65526834	65745882	3.0	2.0	5.0
14	65745883	81917765	2.0	2.0	4.0
14	81917766	81917794	2.0	1.0	3.0
14	81917795	81932729	2.0	1.0	3.0
14	81932730	106368400	2.0	1.0	3.0
15	1	15799999	2.0	1.0	3.0
15	20700000	36758951	2.0	2.0	4.0
15	36758952	36764370	2.0	2.0	4.0
15	36764371	66898158	2.0	2.0	4.0
15	66898159	66950836	2.0	2.0	4.0
15	66950837	66951029	3.0	2.0	5.0
15	66951030	66958239	2.0	2.0	4.0
15	66958240	71879047	2.0	2.0	4.0
15	71879048	71988133	1.0	1.0	2.0
15	71988134	72008469	1.0	0.0	1.0
15	72008470	72082273	1.0	1.0	2.0
15	72082274	100338800	2.0	2.0	4.0
15	100338801	102444337	2.0	1.0	3.0
16	85629	826137	2.0	2.0	4.0
16	826138	842933	2.0	2.0	4.0
16	842934	3030640	2.0	2.0	4.0
16	3030641	3070696	2.0	2.0	4.0
16	3070697	3715864	2.0	2.0	4.0
16	3715865	3794253	3.0	2.0	5.0
16	3794254	4247445	2.0	1.0	3.0
16	4247446	4290608	5.0	1.0	6.0
16	4290609	4385506	2.0	1.0	3.0
16	4385507	9183482	2.0	0.0	2.0
16	9183483	9522241	2.0	1.0	3.0
16	9522242	9540661	3.0	2.0	5.0
16	9540662	9618563	2.0	2.0	4.0
16	9618564	10964594	2.0	1.0	3.0
16	10964595	11156543	3.0	2.0	5.0
16	11156544	11677953	2.0	1.0	3.0
16	11677954	11722500	2.0	0.0	2.0
16	11722501	11782571	2.0	0.0	2.0
16	11782572	15898998	2.0	1.0	3.0
16	15898999	16870103	2.0	0.0	2.0
16	16870104	22705894	2.0	0.0	2.0
16	22705895	24910647	2.0	0.0	2.0
16	24910648	32390907	2.0	1.0	3.0
16	32390908	33819201	2.0	2.0	4.0
16	33819202	34044994	2.0	1.0	3.0
16	34044995	34599999	2.0	0.0	2.0
16	34600000	38599999	2.0	0.0	2.0
16	38600000	57319461	2.0	0.0	2.0
16	57319462	57320211	2.0	0.0	2.0
16	57320212	57406225	2.0	0.0	2.0
16	57406226	68264918	2.0	0.0	2.0
16	68264919	68420371	4.0	0.0	4.0
16	68420372	75096017	2.0	0.0	2.0
16	75096018	75389724	5.0	0.0	5.0
16	75389725	88827200	2.0	0.0	2.0
16	88827201	90354752	2.0	0.0	2.0
17	12500	19380295	2.0	0.0	2.0
17	19380296	20353847	4.0	0.0	4.0
17	20353848	21014677	2.0	0.0	2.0
17	21014678	22199999	4.0	0.0	4.0
17	22200000	25799999	4.0	0.0	4.0
17	25800000	28684979	4.0	0.0	4.0
17	28684980	28685375	3.0	0.0	3.0
17	28685376	28691384	6.0	0.0	6.0
17	28691385	29434852	3.0	0.0	3.0
17	29434853	36337500	2.0	0.0	2.0
17	36337501	41611874	2.0	0.0	2.0
17	41611875	49996784	3.0	0.0	3.0
17	49996785	49996854	3.0	0.0	3.0
17	49996855	55995938	3.0	0.0	3.0
17	55995939	56092705	3.0	0.0	3.0
17	56092706	78774600	3.0	0.0	3.0
17	78774601	81195209	3.0	0.0	3.0
18	27500	9383495	2.0	0.0	2.0
18	9383496	9411204	4.0	0.0	4.0
18	9411205	11587224	2.0	0.0	2.0
18	11587225	14279704	3.0	0.0	3.0
18	14279705	15399999	3.0	0.0	3.0
18	15400000	18999999	3.0	0.0	3.0
18	19000000	19249983	3.0	0.0	3.0
18	19249984	21143540	2.0	0.0	2.0
18	21143541	21780986	4.0	0.0	4.0
18	21780987	28171281	2.0	0.0	2.0
18	28171282	28732700	4.0	0.0	4.0
18	28732701	29325103	2.0	0.0	2.0
18	29325104	29553620	4.0	0.0	4.0
18	29553621	30375299	2.0	0.0	2.0
18	30375300	30409880	3.0	0.0	3.0
18	30409881	30441826	2.0	0.0	2.0
18	30441827	30446059	2.0	0.0	2.0
18	30446060	42091388	2.0	0.0	2.0
18	42091389	48063792	4.0	0.0	4.0
18	48063793	49564544	2.0	0.0	2.0
18	49564545	51744092	2.0	0.0	2.0
18	51744093	51825044	4.0	0.0	4.0
18	51825045	73289563	2.0	0.0	2.0
18	73289564	73289699	2.0	0.0	2.0
18	73289700	73289711	2.0	0.0	2.0
18	73289712	76117000	2.0	0.0	2.0
18	76117001	78077247	2.0	0.0	2.0
19	102500	255923	2.0	0.0	2.0
19	255924	3672816	2.0	0.0	2.0
19	3672817	3716325	4.0	0.0	4.0
19	3716326	4719544	2.0	0.0	2.0
19	4719545	12235891	3.0	0.0	3.0
19	12235892	12236297	3.0	1.0	4.0
19	12236298	12325769	3.0	3.0	6.0
19	12325770	12539877	5.0	4.0	9.0
19	12539878	12889903	3.0	3.0	6.0
19	12889904	13082728	3.0	3.0	6.0
19	13082729	13119319	5.0	3.0	8.0
19	13119320	13274115	3.0	3.0	6.0
19	13274116	13677935	5.0	3.0	8.0
19	13677936	13749911	5.0	3.0	8.0
19	13749912	13800815	8.0	3.0	11.0
19	13800816	14029584	7.0	3.0	10.0
19	14029585	14114102	5.0	3.0	8.0
19	14114103	14221759	3.0	3.0	6.0
19	14221760	14628418	5.0	3.0	8.0
19	14628419	15018080	5.0	3.0	8.0
19	15018081	15317342	7.0	3.0	10.0
19	15317343	15381606	6.0	3.0	9.0
19	15381607	15414692	6.0	3.0	9.0
19	15414693	15431488	6.0	3.0	9.0
19	15431489	15433253	6.0	3.0	9.0
19	15433254	15437011	6.0	3.0	9.0
19	15437012	15794126	6.0	3.0	9.0
19	15794127	15794212	6.0	3.0	9.0
19	15794213	16875213	6.0	3.0	9.0
19	16875214	16973502	8.0	3.0	11.0
19	16973503	16974690	8.0	3.0	11.0
19	16974691	17569080	8.0	3.0	11.0
19	17569081	17622100	11.0	3.0	14.0
19	17622101	17623920	11.0	3.0	14.0
19	17625152	18132151	3.0	2.0	5.0
19	18132152	18137860	4.0	0.0	4.0
19	18137861	20392499	3.0	2.0	5.0
19	20392500	20474351	2.0	1.0	3.0
19	20474352	20738714	4.0	2.0	6.0
19	20738715	21890897	3.0	0.0	3.0
19	21890898	22493704	3.0	2.0	5.0
19	22493705	23753670	3.0	3.0	6.0
19	23753671	24253993	5.0	3.0	8.0
19	24253994	24257075	5.0	3.0	8.0
19	24257076	24399999	5.0	3.0	8.0
19	28600000	28697164	3.0	3.0	6.0
19	28697165	28697848	3.0	3.0	6.0
19	28697849	29087499	3.0	3.0	6.0
19	29087500	29145317	3.0	2.0	5.0
19	29145318	29158987	2.0	2.0	4.0
19	29158988	30015758	3.0	1.0	4.0
19	30015759	30028528	2.0	2.0	4.0
19	30028529	30100483	3.0	3.0	6.0
19	30100484	30289240	5.0	4.0	9.0
19	30289241	31322378	3.0	3.0	6.0
19	31322379	31324995	3.0	0.0	3.0
19	31324996	34595737	3.0	2.0	5.0
19	34595738	34809087	4.0	2.0	6.0
19	34809088	34810976	6.0	5.0	11.0
19	34810977	35003754	5.0	4.0	9.0
19	35003755	35005763	4.0	3.0	7.0
19	35005764	35285016	7.0	4.0	11.0
19	35285017	35955780	7.0	3.0	10.0
19	35955781	36670744	7.0	5.0	12.0
19	36670745	36671637	6.0	4.0	10.0
19	36671638	36896500	6.0	4.0	10.0
19	36896501	36925921	6.0	4.0	10.0
19	36925922	37104400	6.0	4.0	10.0
19	37104401	37210400	5.0	4.0	9.0
19	37210401	37218428	5.0	4.0	9.0
19	37218429	37306934	5.0	4.0	9.0
19	37306935	37339633	5.0	3.0	8.0
19	37339634	37351051	4.0	2.0	6.0
19	37351052	37355558	5.0	3.0	8.0
19	37355559	37486718	4.0	2.0	6.0
19	37486719	37498633	5.0	4.0	9.0
19	37498634	37518107	6.0	5.0	11.0
19	37518108	37692027	5.0	4.0	9.0
19	37692028	37713508	8.0	4.0	12.0
19	37713509	38454862	9.0	5.0	14.0
19	38454863	38884717	8.0	5.0	13.0
19	38884718	39432499	6.0	2.0	8.0
19	39432500	39630013	7.0	2.0	9.0
19	39630014	39803671	10.0	2.0	12.0
19	39803672	40753898	7.0	2.0	9.0
19	40753899	41163529	3.0	1.0	4.0
19	41163530	41197269	2.0	1.0	3.0
19	41197270	41247268	2.0	1.0	3.0
19	41247269	41489742	3.0	1.0	4.0
19	41489743	41879993	5.0	1.0	6.0
19	41879994	42361221	6.0	1.0	7.0
19	42361222	42371665	6.0	1.0	7.0
19	42371666	42724157	6.0	1.0	7.0
19	42724158	43257500	5.0	1.0	6.0
19	43257501	43567420	4.0	1.0	5.0
19	43567421	43607164	16.0	1.0	17.0
19	43607165	44583073	9.0	1.0	10.0
19	44583074	44656421	7.0	1.0	8.0
19	44656422	45628422	5.0	1.0	6.0
19	45628423	46202632	3.0	1.0	4.0
19	46202633	50122074	2.0	1.0	3.0
19	50122075	50122536	3.0	1.0	4.0
19	50122537	50899456	3.0	1.0	4.0
19	50899457	50903302	3.0	1.0	4.0
19	50903303	51779071	3.0	1.0	4.0
19	51779072	51779407	3.0	1.0	4.0
19	51779408	53623824	3.0	1.0	4.0
19	53623825	57182939	3.0	1.0	4.0
19	57182940	58434553	5.0	1.0	6.0
19	58434554	58436533	3.0	1.0	4.0
19	58436534	58806897	4.0	1.0	5.0
20	17500	1148691	5.0	3.0	8.0
20	1148692	1363818	3.0	1.0	4.0
20	1363819	1426241	5.0	3.0	8.0
20	1426242	2177387	4.0	3.0	7.0
20	2177388	2689659	5.0	3.0	8.0
20	2690014	3012889	3.0	2.0	5.0
20	3012890	3206485	3.0	3.0	6.0
20	3206656	7391379	3.0	1.0	4.0
20	7391380	7431400	3.0	1.0	4.0
20	7431401	7481399	3.0	1.0	4.0
20	7481400	7649087	3.0	2.0	5.0
20	7649088	13235505	3.0	0.0	3.0
20	13235506	14418876	3.0	2.0	5.0
20	14418877	14419032	3.0	0.0	3.0
20	14419033	14571503	3.0	0.0	3.0
20	14571640	15169128	3.0	2.0	5.0
20	15169129	15173164	3.0	2.0	5.0
20	15173165	15287576	3.0	2.0	5.0
20	15287577	15750394	3.0	0.0	3.0
20	15750395	16089336	3.0	2.0	5.0
20	16089337	16319706	3.0	0.0	3.0
20	16319707	17094678	3.0	2.0	5.0
20	17094679	20283028	3.0	0.0	3.0
20	20283029	20283711	4.0	0.0	4.0
20	20283712	20284252	4.0	0.0	4.0
20	20284253	23413236	4.0	0.0	4.0
20	23413237	23413621	4.0	0.0	4.0
20	23413622	25599999	4.0	0.0	4.0
20	25600000	29432500	4.0	0.0	4.0
20	29432501	32826052	4.0	0.0	4.0
20	32826053	32936692	6.0	0.0	6.0
20	32936693	35506946	4.0	0.0	4.0
20	35506947	35507129	4.0	0.0	4.0
20	35507130	44284745	4.0	0.0	4.0
20	44284746	44288426	5.0	4.0	9.0
20	44288427	44311682	6.0	4.0	10.0
20	44311683	45491429	4.0	2.0	6.0
20	45491430	45491530	4.0	2.0	6.0
20	45491531	45559969	4.0	2.0	6.0
20	45559970	45566076	3.0	2.0	5.0
20	45566077	45590937	2.0	2.0	4.0
20	45590938	45597410	3.0	2.0	5.0
20	45597411	45648201	3.0	1.0	4.0
20	45648202	45750950	4.0	1.0	5.0
20	45750951	52438560	4.0	2.0	6.0
20	52438561	52473906	9.0	2.0	11.0
20	52473907	52495483	3.0	2.0	5.0
20	52495484	52529240	5.0	5.0	10.0
20	52529241	56090582	4.0	2.0	6.0
20	56090583	62435800	4.0	0.0	4.0
20	62435801	62865983	4.0	0.0	4.0
21	10900000	14299999	2.0	2.0	4.0
21	14300000	17542483	2.0	2.0	4.0
21	17542484	46944200	2.0	2.0	4.0
21	46944201	48129894	2.0	2.0	4.0
22	1	12199999	4.0	0.0	4.0
22	12200000	17899999	4.0	0.0	4.0
22	17900000	20324061	4.0	0.0	4.0
22	20324062	22715686	4.0	0.0	4.0
22	22715687	22716538	4.0	0.0	4.0
22	22716539	24294200	4.0	0.0	4.0
22	24294201	24349655	4.0	0.0	4.0
22	24349656	38283448	4.0	0.0	4.0
22	38283449	38316667	6.0	0.0	6.0
22	38316668	39354815	4.0	0.0	4.0
22	39354816	46142162	4.0	0.0	4.0
22	46142163	46334922	2.0	0.0	2.0
22	46334923	47591644	4.0	0.0	4.0
22	47591645	49691400	4.0	0.0	4.0
22	49691401	51304565	4.0	0.0	4.0
