chromosome_index	position	alt_count	ref_count
1	35622624	8.0	59.0
1	47220445	26.0	36.0
1	89010857	2.0	50.0
1	105459270	11.0	41.0
1	120372348	6.0	28.0
1	164535065	26.0	44.0
1	164535113	16.0	44.0
1	166987711	3.0	29.0
1	197814039	4.0	34.0
1	200535767	14.0	18.0
1	209057569	3.0	38.0
10	250413	15.0	45.0
10	1665171	23.0	51.0
10	21145948	1.0	59.0
10	21668907	8.0	38.0
10	35265156	18.0	39.0
10	50080120	29.0	62.0
10	64961835	28.0	44.0
10	66483281	4.0	64.0
10	67696013	29.0	33.0
10	90232018	26.0	65.0
10	117008564	25.0	35.0
11	32675860	28.0	49.0
11	33266412	8.0	61.0
11	44347559	4.0	72.0
11	55677943	5.0	64.0
11	66311560	30.0	48.0
11	74062900	5.0	67.0
11	79785726	15.0	49.0
11	81122803	25.0	38.0
11	106192771	22.0	43.0
11	120693931	22.0	53.0
11	127144134	22.0	65.0
12	5663612	6.0	63.0
12	9948722	4.0	81.0
12	38128605	27.0	44.0
12	86212103	5.0	65.0
12	86683484	25.0	30.0
12	101894435	4.0	57.0
12	109156073	3.0	37.0
12	122058886	4.0	60.0
12	126814878	5.0	67.0
13	19281204	6.0	55.0
13	24100887	13.0	54.0
13	24907223	5.0	42.0
13	40210649	21.0	29.0
13	48169448	31.0	49.0
13	56735883	6.0	56.0
13	66418059	17.0	42.0
13	67885478	23.0	36.0
13	82093689	12.0	46.0
13	93498289	18.0	34.0
13	105869016	11.0	64.0
13	110114278	28.0	50.0
14	21946199	3.0	72.0
14	46777422	5.0	71.0
14	54589896	5.0	14.0
14	57812413	3.0	29.0
14	99744937	5.0	48.0
14	104754218	6.0	68.0
14	106889300	30.0	53.0
15	22768647	23.0	42.0
15	24091536	6.0	80.0
15	24988442	21.0	54.0
15	48846014	22.0	48.0
15	59893039	4.0	16.0
15	72005827	5.0	65.0
15	86098802	8.0	75.0
15	91749552	3.0	61.0
15	94141323	5.0	58.0
15	96970327	14.0	74.0
15	97893372	5.0	63.0
15	99831718	8.0	65.0
15	100217112	5.0	66.0
16	5968567	15.0	51.0
16	7263309	24.0	51.0
16	8201678	29.0	59.0
16	30832377	5.0	43.0
16	51885806	23.0	42.0
16	61056548	28.0	43.0
16	61215849	4.0	59.0
16	65133901	5.0	84.0
16	70338870	4.0	72.0
16	72445871	19.0	51.0
16	73338768	22.0	53.0
17	5569485	15.0	51.0
17	46919463	21.0	45.0
17	69369305	4.0	71.0
18	20941620	16.0	34.0
18	20941621	17.0	34.0
18	25971241	6.0	44.0
18	36318900	4.0	62.0
18	40309235	17.0	43.0
18	45063354	5.0	72.0
18	56971057	5.0	84.0
18	64469526	1.0	58.0
18	64572595	5.0	83.0
18	64887165	19.0	37.0
19	30244533	18.0	38.0
19	39815482	16.0	29.0
19	53848679	28.0	39.0
2	56468766	30.0	46.0
2	72481377	29.0	52.0
2	81669405	30.0	46.0
2	113662643	25.0	19.0
2	123760149	23.0	25.0
2	126266909	5.0	45.0
2	168685967	2.0	32.0
2	186108327	4.0	35.0
2	201896716	2.0	37.0
2	213517345	5.0	36.0
2	230975180	1.0	40.0
2	240172120	21.0	49.0
2	240172557	23.0	38.0
2	240730193	18.0	10.0
20	14235027	17.0	39.0
20	29812841	11.0	62.0
20	33167614	11.0	71.0
20	41226975	6.0	67.0
20	56702613	6.0	52.0
21	19991187	27.0	50.0
21	22769412	4.0	65.0
22	45231245	3.0	31.0
3	10223841	3.0	57.0
3	30422581	15.0	39.0
3	32751767	19.0	54.0
3	34625421	25.0	53.0
3	48417896	15.0	54.0
3	70494213	7.0	24.0
3	82832691	27.0	45.0
3	84173094	14.0	33.0
3	84274253	26.0	56.0
3	84588031	10.0	69.0
3	110277339	17.0	60.0
3	130456255	4.0	61.0
3	132327755	5.0	74.0
3	137421571	15.0	40.0
3	153251646	19.0	54.0
3	157945604	7.0	61.0
3	161380805	37.0	44.0
3	174423811	33.0	43.0
3	180455178	22.0	45.0
3	185523747	4.0	46.0
4	11322690	27.0	26.0
4	26673412	4.0	46.0
4	30848629	24.0	34.0
4	58241702	24.0	47.0
4	63208965	23.0	45.0
4	64637893	19.0	39.0
4	79494831	8.0	55.0
4	114447484	32.0	53.0
4	134309615	17.0	42.0
4	137591362	30.0	39.0
4	146118176	21.0	62.0
4	146150346	16.0	51.0
4	155237389	22.0	56.0
4	158084404	27.0	34.0
4	182183362	29.0	52.0
4	188740909	5.0	70.0
4	189943092	21.0	61.0
5	4440476	4.0	61.0
5	22444543	34.0	43.0
5	25324734	26.0	35.0
5	31345347	4.0	69.0
5	67169246	4.0	64.0
5	71829069	4.0	38.0
5	71836012	17.0	47.0
5	71979881	10.0	57.0
5	72387554	22.0	42.0
5	89210894	15.0	49.0
5	97912011	24.0	42.0
5	100819772	5.0	60.0
5	102693401	5.0	78.0
5	113062547	24.0	40.0
5	125816108	23.0	41.0
5	133267650	10.0	21.0
5	133434084	23.0	44.0
5	145818741	30.0	41.0
5	151910617	17.0	43.0
5	156722603	26.0	47.0
6	3382355	24.0	40.0
6	11668860	12.0	29.0
6	16081559	31.0	53.0
6	37833479	19.0	41.0
6	47958090	28.0	43.0
6	55065516	24.0	52.0
6	62736743	24.0	30.0
6	63666426	11.0	55.0
6	72689287	15.0	37.0
6	81514496	32.0	40.0
6	103127362	6.0	64.0
6	108021842	4.0	61.0
6	119428670	1.0	57.0
6	131786775	6.0	49.0
6	157922336	16.0	64.0
6	161579895	18.0	48.0
6	162013070	5.0	62.0
6	163228854	32.0	47.0
7	18592626	6.0	56.0
7	27257732	17.0	26.0
7	34492165	10.0	72.0
7	57205646	7.0	65.0
7	89160771	32.0	50.0
7	112647668	29.0	55.0
7	114220875	25.0	50.0
7	114704177	25.0	38.0
7	115232808	5.0	68.0
7	115409801	24.0	54.0
8	6988776	23.0	52.0
8	16462940	6.0	56.0
8	40193123	27.0	32.0
8	47796758	21.0	46.0
8	50354470	4.0	52.0
8	71422420	3.0	33.0
8	83733302	12.0	57.0
8	90061287	4.0	70.0
8	99501776	33.0	44.0
8	113737503	21.0	35.0
8	117678593	24.0	53.0
9	27891745	20.0	53.0
9	37193831	4.0	64.0
9	90506554	25.0	19.0
9	91319132	33.0	42.0
9	93834123	24.0	41.0
9	99606170	16.0	48.0
9	100478917	10.0	72.0
9	106053570	5.0	67.0
9	116748497	16.0	42.0
9	120075121	25.0	46.0
9	134373388	22.0	49.0
X	2233537	6.0	58.0
X	27735199	29.0	11.0
X	31956870	4.0	45.0
X	39288535	29.0	17.0
X	44735934	7.0	1.0
X	49158257	3.0	33.0
X	57069673	39.0	19.0
X	57417468	4.0	45.0
X	63899699	4.0	29.0
X	85794166	23.0	8.0
X	94022442	5.0	29.0
X	145466969	4.0	21.0
Y	15789629	19.0	24.0
