chromosome_index position alt_count ref_count
1 17034488 28 248
1 19559628 29 92
1 29641936 36 22
1 44149363 24 49
1 66098921 9 25
1 85491507 29 78
1 107600900 35 60
1 109740111 8 39
1 115130351 12 77
1 118065899 14 49
1 152636831 16 50
1 158389891 43 144
1 160253413 17 22
1 172520730 12 38
1 178252773 37 71
1 205889331 29 87
1 247978928 65 52
1 248403031 45 28
1 248569925 27 67
2 27551460 57 66
2 39934230 7 81
2 88888369 21 81
2 95540614 15 67
2 152534561 19 114
2 207620027 37 46
2 216931122 18 89
2 220424070 21 100
2 234839312 28 101
2 238296552 30 120
2 241616046 9 33
3 14799162 18 76
3 33183922 13 84
3 44283403 3 13
3 44284453 128 167
3 50357047 44 73
3 68466553 57 92
3 77629269 12 74
3 130098805 58 181
3 142681356 65 93
4 5687099 28 33
4 79393416 83 84
4 126389840 45 69
4 138451274 4 76
4 153244185 37 62
4 156135267 31 37
4 156294402 12 21
4 188926145 49 103
5 24491851 32 60
5 39285068 12 29
5 82808146 15 68
5 94956929 6 14
5 140176494 9 64
5 140221015 117 20
5 140531919 8 63
5 140557445 19 60
5 160047425 38 182
6 25726753 26 57
6 26043594 14 76
6 26056343 19 74
6 32083486 14 17
6 32155030 26 88
6 43418058 6 32
6 70451731 17 67
6 97629902 15 53
6 110146628 4 12
6 129591798 20 60
6 151673829 20 92
6 152734614 71 81
6 167754703 15 94
6 170632273 23 117
7 1477199 9 67
7 6777128 29 33
7 34698114 33 132
7 42005086 11 66
7 81579688 12 73
7 100456719 17 46
7 106850802 5 23
7 121653788 44 144
7 141794601 50 65
7 149128961 5 30
8 10470050 8 12
8 26366187 57 37
8 38187320 11 31
8 88885718 31 37
8 93029685 13 35
8 101733856 18 55
8 134108511 25 64
8 143607955 173 159
8 145732515 4 11
9 13107002 102 76
9 20413909 98 212
9 35752025 16 74
9 90264949 17 80
9 99799838 13 102
9 115652383 26 137
9 134736060 29 145
9 141107615 75 524
10 134671261 6 73
11 4967729 44 368
11 55927529 19 78
11 64418876 29 55
11 74904292 16 39
11 94277790 4 35
11 120996563 3 8
11 121016725 261 786
11 128963548 42 28
12 8671743 12 37
12 8688712 90 67
12 25398284 71 62
12 53918416 21 11
12 101680190 28 66
12 101736790 49 128
12 112512521 64 182
12 132211508 35 73
12 132516600 47 56
12 133682575 5 16
13 31860902 156 130
13 50204926 21 58
13 103718638 19 15
14 63416839 16 43
14 102974036 4 17
14 105677502 11 17
15 43749260 31 13
15 48494243 18 45
16 2153811 76 26
16 2161856 14 72
16 3433524 7 63
16 3647942 25 151
16 9892294 26 88
16 11260253 8 29
16 16142070 20 107
16 22826011 5 64
16 82101843 10 118
17 7577094 41 11
17 11845663 36 61
17 18022772 42 15
18 3119909 21 36
18 12274230 26 34
18 19032156 3 56
18 44036619 5 23
19 2767627 11 83
19 6495759 40 31
19 8555587 18 27
19 9204711 26 56
19 9453766 23 18
19 17945764 24 56
19 38912655 5 27
19 44131387 13 82
19 51219998 19 59
20 23358026 23 86
20 23856835 37 59
20 60581743 97 130
21 32007687 22 52
21 32595895 21 63
21 45786679 13 44
22 37482415 88 77
22 39019225 21 54
22 41922383 5 35
22 42463140 13 36
22 43088924 7 22
22 50283494 11 309
