chromosome_index	start_position	end_position	major_cn	minor_cn	total_cn
1	1	790752	2.0	0.0	2.0
1	790753	1623600	2.0	0.0	2.0
1	1623601	17050420	2.0	0.0	2.0
1	17050421	17276477	2.0	0.0	2.0
1	17276478	22316219	2.0	0.0	2.0
1	22316220	25611600	2.0	0.0	2.0
1	25611601	27074509	2.0	0.0	2.0
1	27074510	27074559	2.0	0.0	2.0
1	27074560	100108623	2.0	0.0	2.0
1	100108624	100539955	1.0	0.0	1.0
1	100539956	120767499	2.0	0.0	2.0
1	128900000	142679938	1.0	0.0	1.0
1	142679939	143542500	2.0	1.0	3.0
1	143542501	151081636	2.0	2.0	4.0
1	151081637	151085291	2.0	2.0	4.0
1	151085292	167755317	2.0	2.0	4.0
1	167755318	167755539	2.0	2.0	4.0
1	167755540	177561161	2.0	2.0	4.0
1	177561162	247247500	2.0	2.0	4.0
1	247247501	249250620	2.0	2.0	4.0
2	20016	3493275	2.0	2.0	4.0
2	3493276	3495814	3.0	2.0	5.0
2	3495815	8138002	2.0	2.0	4.0
2	8138003	43887710	2.0	1.0	3.0
2	43887711	47067933	2.0	1.0	3.0
2	47067934	49163376	5.0	2.0	7.0
2	49163377	49172014	44.0	2.0	46.0
2	49172015	49313234	44.0	2.0	46.0
2	49313235	49326132	32.0	2.0	34.0
2	49326133	49431300	7.0	1.0	8.0
2	49431301	49432945	7.0	1.0	8.0
2	49432946	49810143	15.0	2.0	17.0
2	49810144	49812371	15.0	2.0	17.0
2	49812372	51632706	2.0	1.0	3.0
2	51632707	51632763	2.0	2.0	4.0
2	51632764	56154940	5.0	2.0	7.0
2	56154941	56261161	4.0	2.0	6.0
2	56261162	57825631	5.0	2.0	7.0
2	57825632	57832927	6.0	2.0	8.0
2	57832928	57897759	7.0	2.0	9.0
2	57897760	57962073	6.0	2.0	8.0
2	57962074	58003004	3.0	2.0	5.0
2	58003005	58007854	7.0	2.0	9.0
2	58007855	58344239	6.0	2.0	8.0
2	58344240	58345669	7.0	2.0	9.0
2	58345670	67975774	4.0	2.0	6.0
2	67975775	67976998	5.0	2.0	7.0
2	67976999	68818713	6.0	2.0	8.0
2	68818714	68820964	6.0	2.0	8.0
2	68820965	90499999	2.0	2.0	4.0
2	90500000	96799999	2.0	2.0	4.0
2	96800000	133431239	2.0	2.0	4.0
2	133431240	133641285	2.0	1.0	3.0
2	133641286	133881480	2.0	2.0	4.0
2	133881481	133902968	4.0	2.0	6.0
2	133902969	133953693	7.0	2.0	9.0
2	133953694	134068783	8.0	2.0	10.0
2	134068784	134070140	8.0	2.0	10.0
2	134070141	134070795	9.0	2.0	11.0
2	134070796	134073431	9.0	3.0	12.0
2	134073432	134178021	6.0	2.0	8.0
2	134178022	134178926	2.0	2.0	4.0
2	134178927	139748089	2.0	1.0	3.0
2	139748090	139748397	2.0	1.0	3.0
2	139748398	140663758	2.0	1.0	3.0
2	140663759	141098935	4.0	1.0	5.0
2	141098936	188765176	2.0	1.0	3.0
2	188765177	188765551	2.0	1.0	3.0
2	188765552	224381474	2.0	1.0	3.0
2	224381475	225433725	2.0	0.0	2.0
2	225433726	242985493	2.0	1.0	3.0
3	100074	46800601	2.0	0.0	2.0
3	46800602	75568201	2.0	0.0	2.0
3	75568202	82411624	2.0	0.0	2.0
3	82411625	87899999	1.0	0.0	1.0
3	93900000	95855547	4.0	1.0	5.0
3	95855548	95856342	3.0	1.0	4.0
3	95856343	108270239	4.0	1.0	5.0
3	108270240	123592398	4.0	1.0	5.0
3	123592399	133149994	4.0	1.0	5.0
3	133149995	162991364	4.0	3.0	7.0
3	162991365	162994928	4.0	3.0	7.0
3	162994929	185135712	4.0	3.0	7.0
3	185135713	186381220	4.0	3.0	7.0
3	186381221	186381485	4.0	3.0	7.0
3	186381486	197853360	4.0	3.0	7.0
4	27500	94960	2.0	0.0	2.0
4	94961	9100945	2.0	0.0	2.0
4	9100946	9108696	2.0	0.0	2.0
4	9108697	9160547	2.0	0.0	2.0
4	9160548	9456804	2.0	0.0	2.0
4	9456805	25132880	2.0	0.0	2.0
4	25132881	25175890	0.0	0.0	0.0
4	25175891	48199999	2.0	0.0	2.0
4	48200000	52699999	2.0	0.0	2.0
4	52700000	64690006	2.0	0.0	2.0
4	64690007	64739152	2.0	0.0	2.0
4	64739153	69373601	2.0	0.0	2.0
4	69373602	163294326	2.0	0.0	2.0
4	163294327	163298999	3.0	0.0	3.0
4	163299000	190987500	2.0	0.0	2.0
5	40199	14365792	2.0	2.0	4.0
5	14365793	14367890	2.0	1.0	3.0
5	14367891	30431156	2.0	2.0	4.0
5	30431157	30433761	2.0	2.0	4.0
5	30433762	34650269	2.0	2.0	4.0
5	34650270	34651079	2.0	2.0	4.0
5	34651080	46099999	2.0	2.0	4.0
5	50700000	68861901	2.0	0.0	2.0
5	68861902	176445941	2.0	0.0	2.0
5	176445942	176573718	1.0	0.0	1.0
5	176573719	178704468	2.0	0.0	2.0
5	178704469	178840481	0.0	0.0	0.0
5	178840482	180689978	2.0	0.0	2.0
6	39681	180247	4.0	0.0	4.0
6	180248	2418033	2.0	1.0	3.0
6	2418034	58699999	2.0	1.0	3.0
6	58700000	63299999	2.0	1.0	3.0
6	63300000	85414843	2.0	1.0	3.0
6	85414844	85575130	2.0	1.0	3.0
6	85575131	85583051	1.0	0.0	1.0
6	85583052	162542339	2.0	1.0	3.0
6	162542340	162752307	1.0	1.0	2.0
6	162752308	170869470	2.0	1.0	3.0
7	1	66592	2.0	2.0	4.0
7	66593	54090747	2.0	1.0	3.0
7	54090748	54090800	2.0	1.0	3.0
7	54090801	57999999	2.0	1.0	3.0
7	58000000	61699999	2.0	1.0	3.0
7	61700000	103207427	2.0	1.0	3.0
7	103207428	132386085	2.0	1.0	3.0
7	132386086	140317234	2.0	2.0	4.0
7	140317235	149577127	2.0	2.0	4.0
7	149577128	149579989	2.0	1.0	3.0
7	149579990	158821400	2.0	1.0	3.0
8	10001	155756	2.0	0.0	2.0
8	155757	24990601	2.0	0.0	2.0
8	24990602	31501184	2.0	0.0	2.0
8	31501185	31522898	3.0	0.0	3.0
8	31522899	35972153	2.0	0.0	2.0
8	35972154	35972777	2.0	2.0	4.0
8	35972778	38714864	7.0	2.0	9.0
8	38714865	38816835	3.0	2.0	5.0
8	38816836	38838105	7.0	1.0	8.0
8	38838106	38890031	9.0	2.0	11.0
8	38890032	38905402	4.0	3.0	7.0
8	38905403	38910452	4.0	2.0	6.0
8	38910453	38910923	4.0	2.0	6.0
8	38910924	38911640	4.0	2.0	6.0
8	38911641	43099999	3.0	2.0	5.0
8	43100000	48099999	3.0	2.0	5.0
8	48100000	52976863	3.0	2.0	5.0
8	52976864	52977375	3.0	2.0	5.0
8	52977376	52980360	3.0	2.0	5.0
8	52980361	52980733	3.0	2.0	5.0
8	52980734	52983163	3.0	2.0	5.0
8	52983164	88459690	3.0	2.0	5.0
8	88459691	88459741	3.0	2.0	5.0
8	88459742	100890370	3.0	2.0	5.0
8	100890371	100899894	3.0	2.0	5.0
8	100899895	137679944	3.0	2.0	5.0
8	137679945	146364021	3.0	2.0	5.0
9	47500	216504	3.0	0.0	3.0
9	216505	33309801	3.0	0.0	3.0
9	33309802	36973686	3.0	2.0	5.0
9	36973687	36993401	4.0	1.0	5.0
9	36993402	37093488	3.0	0.0	3.0
9	37093489	37107146	3.0	0.0	3.0
9	37107147	38441103	3.0	2.0	5.0
9	38441104	38489345	3.0	0.0	3.0
9	38489346	38615001	2.0	2.0	4.0
9	38615002	41012593	3.0	0.0	3.0
9	41012594	44240800	3.0	0.0	3.0
9	44240801	45735396	2.0	1.0	3.0
9	45735397	47299999	1.0	0.0	1.0
9	50700000	69003802	2.0	1.0	3.0
9	69003803	78330541	2.0	1.0	3.0
9	78330542	113593803	2.0	1.0	3.0
9	113593804	113596693	2.0	1.0	3.0
9	113596694	115442325	2.0	1.0	3.0
9	115442326	115443113	2.0	1.0	3.0
9	115443114	122450800	2.0	1.0	3.0
9	122450801	122450838	2.0	1.0	3.0
9	122450839	140273200	2.0	1.0	3.0
10	94426	37999999	2.0	1.0	3.0
10	38000000	42299999	2.0	1.0	3.0
10	42300000	89069601	2.0	1.0	3.0
10	89069602	108833066	2.0	1.0	3.0
10	108833067	108833121	2.0	1.0	3.0
10	108833122	135389924	2.0	1.0	3.0
11	20721	197336	2.0	0.0	2.0
11	197337	37079926	2.0	0.0	2.0
11	37079927	38335330	2.0	2.0	4.0
11	38335331	38335989	2.0	2.0	4.0
11	38335990	39910045	3.0	2.0	5.0
11	39910046	40099970	3.0	2.0	5.0
11	40099971	40708558	3.0	2.0	5.0
11	40708559	45525783	5.0	2.0	7.0
11	45525784	45527119	5.0	2.0	7.0
11	45527120	51599999	2.0	1.0	3.0
11	55894833	134452200	1.0	1.0	2.0
12	110107	190101	2.0	1.0	3.0
12	190102	18410007	2.0	2.0	4.0
12	18410008	33299999	2.0	1.0	3.0
12	33300000	38199999	2.0	1.0	3.0
12	38200000	132349400	2.0	1.0	3.0
12	132349401	133851894	2.0	1.0	3.0
13	1	16299999	2.0	0.0	2.0
13	16300000	19499999	2.0	0.0	2.0
13	19500000	53101601	2.0	0.0	2.0
13	53101602	94782103	2.0	0.0	2.0
13	94782104	114142800	2.0	0.0	2.0
13	114142801	115169877	2.0	0.0	2.0
14	1	16099999	2.0	0.0	2.0
14	16100000	19099999	2.0	0.0	2.0
14	19100000	19125234	2.0	0.0	2.0
14	19125235	20312499	2.0	0.0	2.0
14	20312500	73992966	2.0	0.0	2.0
14	73992967	100818590	2.0	0.0	2.0
14	100818591	100818812	2.0	0.0	2.0
14	100818813	103963543	2.0	0.0	2.0
14	103963544	104503254	1.0	0.0	1.0
14	104503255	106368400	2.0	0.0	2.0
15	1	15799999	2.0	0.0	2.0
15	20700000	22518000	2.0	1.0	3.0
15	22518001	66792004	2.0	1.0	3.0
15	66792005	77311493	2.0	1.0	3.0
15	77311494	77311540	2.0	1.0	3.0
15	77311541	88812602	2.0	1.0	3.0
15	88812603	94687601	2.0	1.0	3.0
15	94687602	100338800	2.0	1.0	3.0
15	100338801	102531391	2.0	1.0	3.0
16	109977	6439909	1.0	1.0	2.0
16	6439910	6500320	1.0	0.0	1.0
16	6500321	6557166	1.0	1.0	2.0
16	6557167	6671889	1.0	0.0	1.0
16	6671890	6672344	1.0	0.0	1.0
16	6672345	6706176	1.0	0.0	1.0
16	6706177	6753848	0.0	0.0	0.0
16	6753849	6815228	1.0	0.0	1.0
16	6815229	6952875	1.0	1.0	2.0
16	6952876	21425179	1.0	1.0	2.0
16	21425180	27634079	2.0	1.0	3.0
16	27634080	27684078	3.0	1.0	4.0
16	27684079	27689754	3.0	1.0	4.0
16	27689755	27866963	3.0	1.0	4.0
16	27866964	28052839	2.0	1.0	3.0
16	28052840	28053943	3.0	1.0	4.0
16	28053944	28151066	5.0	1.0	6.0
16	28151067	28496514	6.0	1.0	7.0
16	28496515	28497814	6.0	1.0	7.0
16	28497815	34599999	2.0	1.0	3.0
16	34600000	38599999	2.0	1.0	3.0
16	38600000	46447499	2.0	1.0	3.0
16	46447500	88827200	2.0	1.0	3.0
16	88827201	90354752	2.0	1.0	3.0
17	12500	22199999	2.0	0.0	2.0
17	25800000	59319799	2.0	2.0	4.0
17	59319800	59321658	2.0	2.0	4.0
17	59321659	67908581	4.0	2.0	6.0
17	67908582	67910159	4.0	2.0	6.0
17	67910160	70528048	4.0	2.0	6.0
17	70528049	70528371	4.0	2.0	6.0
17	70528372	70528406	4.0	2.0	6.0
17	70528407	70528726	4.0	2.0	6.0
17	70528727	70529587	4.0	2.0	6.0
17	70529588	70530539	4.0	2.0	6.0
17	70530540	70530786	4.0	2.0	6.0
17	70530787	70530828	4.0	2.0	6.0
17	70530829	78774600	4.0	2.0	6.0
17	78774601	81195209	4.0	2.0	6.0
18	27500	80030	2.0	1.0	3.0
18	80031	14095438	2.0	1.0	3.0
18	14095439	15399999	2.0	1.0	3.0
18	15400000	18999999	2.0	1.0	3.0
18	19000000	77214186	2.0	1.0	3.0
18	77214187	77217400	2.0	1.0	3.0
18	77217401	77222878	2.0	1.0	3.0
18	77222879	77223323	2.0	1.0	3.0
19	102500	255923	2.0	2.0	4.0
19	255924	24399999	2.0	2.0	4.0
19	24400000	28599999	2.0	2.0	4.0
19	28600000	39523393	2.0	2.0	4.0
19	39523394	50713171	2.0	1.0	3.0
19	50713172	50716489	2.0	1.0	3.0
19	50716490	50717238	1.0	1.0	2.0
19	50717239	50774053	1.0	1.0	2.0
19	50774054	58939900	2.0	1.0	3.0
20	24347	23413046	2.0	2.0	4.0
20	23413047	25599999	2.0	2.0	4.0
20	29804690	45940008	3.0	2.0	5.0
20	45940009	62432500	2.0	2.0	4.0
21	10900000	14447456	2.0	1.0	3.0
21	14447457	15242335	3.0	1.0	4.0
21	15242336	21423893	2.0	1.0	3.0
21	21423894	21423955	2.0	1.0	3.0
21	21423956	46937500	2.0	1.0	3.0
21	46937501	48129894	2.0	1.0	3.0
22	1	12199999	2.0	2.0	4.0
22	12200000	17899999	2.0	2.0	4.0
22	17900000	29065731	2.0	2.0	4.0
22	29065732	29065866	2.0	2.0	4.0
22	29065867	29065920	2.0	2.0	4.0
22	29065921	29066107	2.0	2.0	4.0
22	29066108	29066120	2.0	2.0	4.0
22	29066121	49687500	2.0	2.0	4.0
22	49687501	51304565	2.0	2.0	4.0
