chromosome_index	start_position	end_position	major_cn	minor_cn	total_cn
1	1	793404	2.0	1.0	3.0
1	793405	72047448	2.0	1.0	3.0
1	72047449	72099123	1.0	1.0	2.0
1	72099124	73163209	2.0	1.0	3.0
1	73163210	83761534	2.0	1.0	3.0
1	83761535	84505098	1.0	1.0	2.0
1	84505099	84509667	2.0	1.0	3.0
1	84509668	94605078	1.0	1.0	2.0
1	94605079	98544728	2.0	1.0	3.0
1	98544729	98677117	2.0	1.0	3.0
1	98677118	103633380	2.0	1.0	3.0
1	103633381	103715087	3.0	2.0	5.0
1	103715088	103756881	2.0	2.0	4.0
1	103756882	107184724	2.0	1.0	3.0
1	107184725	108494830	1.0	1.0	2.0
1	108494831	111799888	2.0	1.0	3.0
1	111799889	121350938	1.0	1.0	2.0
1	128900000	145129865	2.0	1.0	3.0
1	145129866	146540100	2.0	2.0	4.0
1	146540101	146691687	3.0	2.0	5.0
1	146691688	146773283	2.0	2.0	4.0
1	146773284	146867152	3.0	2.0	5.0
1	146867153	149815059	2.0	2.0	4.0
1	149815060	152339997	3.0	2.0	5.0
1	152339998	152375890	3.0	2.0	5.0
1	152375891	152500616	2.0	2.0	4.0
1	152500617	157457503	3.0	2.0	5.0
1	157457504	157457839	3.0	2.0	5.0
1	157457840	157459693	3.0	2.0	5.0
1	157459694	159989974	2.0	2.0	4.0
1	159989975	164538312	3.0	2.0	5.0
1	164538313	164615455	2.0	2.0	4.0
1	164615456	164709304	3.0	2.0	5.0
1	164709305	164991081	2.0	2.0	4.0
1	164991082	165172789	2.0	2.0	4.0
1	165172790	165176269	3.0	2.0	5.0
1	165176270	166424504	3.0	2.0	5.0
1	166424505	166719199	2.0	2.0	4.0
1	166719200	170839941	2.0	1.0	3.0
1	170839942	171076305	2.0	2.0	4.0
1	171076306	172764951	3.0	2.0	5.0
1	172764952	172850524	2.0	2.0	4.0
1	172850525	175465607	3.0	2.0	5.0
1	175465608	175683568	2.0	2.0	4.0
1	175683569	175793171	3.0	2.0	5.0
1	175793172	176227601	2.0	2.0	4.0
1	176227602	176534346	2.0	1.0	3.0
1	176534347	177296181	2.0	2.0	4.0
1	177296182	178037201	2.0	2.0	4.0
1	178037202	181701939	3.0	2.0	5.0
1	181701940	182133617	2.0	2.0	4.0
1	182133618	182249582	3.0	2.0	5.0
1	182249583	182292839	2.0	2.0	4.0
1	182292840	182612639	3.0	2.0	5.0
1	182612640	182789791	2.0	2.0	4.0
1	182789792	183266159	2.0	2.0	4.0
1	183266160	185382312	2.0	1.0	3.0
1	185382313	185771698	2.0	2.0	4.0
1	185771699	185821698	2.0	2.0	4.0
1	185821699	186609987	2.0	2.0	4.0
1	186609988	187147666	2.0	1.0	3.0
1	187147667	187948694	2.0	1.0	3.0
1	187948695	188823310	2.0	2.0	4.0
1	188823311	189014215	2.0	2.0	4.0
1	189014216	189024298	3.0	2.0	5.0
1	189024299	189155193	2.0	2.0	4.0
1	189155194	195646880	2.0	1.0	3.0
1	195646881	197430381	2.0	2.0	4.0
1	197430382	197446495	3.0	2.0	5.0
1	197446496	197740452	2.0	2.0	4.0
1	197740453	199652109	3.0	2.0	5.0
1	199652110	199904060	2.0	2.0	4.0
1	199904061	200034251	2.0	2.0	4.0
1	200034252	200052064	2.0	2.0	4.0
1	200052065	200310690	2.0	2.0	4.0
1	200310691	207559513	3.0	2.0	5.0
1	207559514	207857186	2.0	2.0	4.0
1	207857187	207964402	3.0	2.0	5.0
1	207964403	208210005	2.0	2.0	4.0
1	208210006	208327689	2.0	1.0	3.0
1	208327690	210459546	2.0	2.0	4.0
1	210459547	210499455	3.0	2.0	5.0
1	210499456	211589953	2.0	2.0	4.0
1	211589954	215112629	3.0	2.0	5.0
1	215112630	215259040	3.0	2.0	5.0
1	215259041	215841696	2.0	2.0	4.0
1	215841697	218825730	2.0	2.0	4.0
1	218825731	218933786	3.0	2.0	5.0
1	218933787	218949034	2.0	2.0	4.0
1	218949035	218999034	2.0	2.0	4.0
1	218999035	219083467	2.0	1.0	3.0
1	219083468	219129542	2.0	2.0	4.0
1	219129543	219159035	2.0	2.0	4.0
1	219159036	219412474	2.0	2.0	4.0
1	219412475	219441058	3.0	2.0	5.0
1	219441059	220258248	2.0	2.0	4.0
1	220258249	220804801	2.0	1.0	3.0
1	220804802	221079896	2.0	2.0	4.0
1	221079897	221422404	2.0	1.0	3.0
1	221422405	221525388	2.0	2.0	4.0
1	221525389	221617111	3.0	2.0	5.0
1	221617112	230076788	2.0	2.0	4.0
1	230076789	231552862	2.0	2.0	4.0
1	231552863	231599995	2.0	2.0	4.0
1	231599996	232004696	2.0	2.0	4.0
1	232004697	232005351	2.0	2.0	4.0
1	232005352	236430140	2.0	2.0	4.0
1	236430141	236494014	2.0	1.0	3.0
1	236494015	236600190	2.0	2.0	4.0
1	236600191	236652590	3.0	2.0	5.0
1	236652591	240259851	2.0	2.0	4.0
1	240259852	240889393	2.0	0.0	2.0
1	240889394	241819408	2.0	2.0	4.0
1	241819409	241913026	3.0	2.0	5.0
1	241913027	244232172	2.0	2.0	4.0
1	244232173	244254521	3.0	2.0	5.0
1	244254522	244568039	2.0	2.0	4.0
1	244568040	246049862	2.0	2.0	4.0
1	246049863	246458089	3.0	2.0	5.0
1	246458090	247147348	2.0	2.0	4.0
1	247147349	247284919	2.0	1.0	3.0
1	247284920	247647524	2.0	2.0	4.0
1	247647525	247869799	2.0	0.0	2.0
1	247869800	247871141	2.0	0.0	2.0
1	247871142	247872581	2.0	0.0	2.0
1	247872582	249085990	2.0	2.0	4.0
1	249085991	249090421	2.0	2.0	4.0
2	20016	4339642	2.0	1.0	3.0
2	4339643	6747237	2.0	2.0	4.0
2	6747238	18912846	2.0	2.0	4.0
2	18912847	19905727	3.0	2.0	5.0
2	19905728	21540825	2.0	2.0	4.0
2	21540826	21681937	2.0	1.0	3.0
2	21681938	31433770	2.0	2.0	4.0
2	31433771	33384140	3.0	2.0	5.0
2	33384141	35236610	2.0	2.0	4.0
2	35236611	36865477	3.0	2.0	5.0
2	36865478	38328334	2.0	2.0	4.0
2	38328335	44449855	3.0	2.0	5.0
2	44449856	50172400	2.0	2.0	4.0
2	50172401	50208499	2.0	1.0	3.0
2	50208500	50955490	2.0	2.0	4.0
2	50955491	53367497	3.0	2.0	5.0
2	53367498	55114466	2.0	2.0	4.0
2	55114467	58784125	2.0	1.0	3.0
2	58784126	60470283	2.0	2.0	4.0
2	60470284	60754037	2.0	2.0	4.0
2	60754038	60972175	2.0	1.0	3.0
2	60972176	62586518	2.0	1.0	3.0
2	62586519	65657548	2.0	2.0	4.0
2	65657549	65677132	2.0	2.0	4.0
2	65677133	67836562	2.0	2.0	4.0
2	67836563	74494745	2.0	1.0	3.0
2	74494746	83276902	2.0	2.0	4.0
2	83276903	83328777	2.0	2.0	4.0
2	83328778	84633642	2.0	2.0	4.0
2	84633643	90499999	2.0	1.0	3.0
2	96800000	124061724	2.0	2.0	4.0
2	124061725	124090038	3.0	3.0	6.0
2	124090039	141837202	2.0	2.0	4.0
2	141837203	141963858	2.0	1.0	3.0
2	141963859	142131814	1.0	1.0	2.0
2	142131815	142142499	2.0	2.0	4.0
2	142142500	185126571	2.0	2.0	4.0
2	185126572	186982069	2.0	2.0	4.0
2	186982070	187072084	2.0	2.0	4.0
2	187072085	237784953	2.0	2.0	4.0
2	237784954	237787040	2.0	2.0	4.0
2	237787041	237788175	2.0	2.0	4.0
2	237788176	237789227	2.0	1.0	3.0
2	237789228	237949278	2.0	1.0	3.0
2	237949279	237949618	2.0	2.0	4.0
2	237949619	242985493	2.0	2.0	4.0
3	62614	74056018	2.0	0.0	2.0
3	74056019	75600638	1.0	0.0	1.0
3	75600639	76124817	1.0	0.0	1.0
3	76124818	76145058	1.0	0.0	1.0
3	76145059	76870025	2.0	0.0	2.0
3	76870026	78199278	2.0	0.0	2.0
3	78199279	78273248	2.0	1.0	3.0
3	78273249	83413644	2.0	0.0	2.0
3	83413645	83547206	2.0	1.0	3.0
3	83547207	84081584	2.0	0.0	2.0
3	84081585	84086825	2.0	1.0	3.0
3	84086826	84099388	2.0	0.0	2.0
3	84099389	84808818	2.0	1.0	3.0
3	84808819	86119104	2.0	0.0	2.0
3	86119105	86119332	2.0	0.0	2.0
3	86119333	86119582	2.0	0.0	2.0
3	86119583	86139952	2.0	0.0	2.0
3	86139953	87899999	2.0	0.0	2.0
3	87900000	93899999	2.0	0.0	2.0
3	93900000	116500227	2.0	0.0	2.0
3	116500228	116540908	1.0	0.0	1.0
3	116540909	117202573	0.0	0.0	0.0
3	117202574	117310126	1.0	0.0	1.0
3	117310127	117312045	2.0	0.0	2.0
3	117312046	117312545	2.0	0.0	2.0
3	117312546	129757916	2.0	0.0	2.0
3	129757917	162489965	2.0	0.0	2.0
3	162489966	191385208	2.0	0.0	2.0
3	191385209	191472098	1.0	0.0	1.0
3	191472099	198022429	2.0	0.0	2.0
4	50084	48199999	2.0	2.0	4.0
4	52700000	69373001	3.0	1.0	4.0
4	69373002	131942602	3.0	1.0	4.0
4	131942603	132307500	2.0	1.0	3.0
4	132307501	133124871	3.0	1.0	4.0
4	133124872	133390523	2.0	1.0	3.0
4	133390524	161339383	3.0	1.0	4.0
4	161339384	164457447	2.0	1.0	3.0
4	164457448	165030057	2.0	1.0	3.0
4	165030058	173888987	2.0	2.0	4.0
4	173888988	182065831	3.0	2.0	5.0
4	182065832	182105468	3.0	1.0	4.0
4	182105469	182397207	2.0	1.0	3.0
4	182397208	182577587	2.0	2.0	4.0
4	182577588	182690545	3.0	2.0	5.0
4	182690546	182691352	3.0	2.0	5.0
4	182691353	184187123	3.0	2.0	5.0
4	184187124	184738282	2.0	1.0	3.0
4	184738283	190987500	3.0	2.0	5.0
5	40199	8251062	2.0	2.0	4.0
5	8251063	8310142	2.0	0.0	2.0
5	8310143	30379320	2.0	2.0	4.0
5	30379321	30412868	2.0	1.0	3.0
5	30412869	45904201	2.0	2.0	4.0
5	45904202	45934001	3.0	3.0	6.0
5	45934002	46099999	4.0	4.0	8.0
5	50700000	98568001	2.0	0.0	2.0
5	98568002	100713602	2.0	0.0	2.0
5	100713603	180380201	2.0	0.0	2.0
5	180380202	180385001	2.0	0.0	2.0
5	180385002	180620053	2.0	0.0	2.0
5	180620054	180662500	2.0	2.0	4.0
6	242501	57314201	2.0	2.0	4.0
6	57314202	57340008	2.0	0.0	2.0
6	57340009	58037201	2.0	0.0	2.0
6	58037202	58137801	2.0	0.0	2.0
6	58137802	63299999	2.0	0.0	2.0
6	63300000	67004183	2.0	0.0	2.0
6	67004184	124267001	2.0	0.0	2.0
6	124267002	124356252	0.0	0.0	0.0
6	124356253	170899800	2.0	0.0	2.0
7	40386	6875214	2.0	2.0	4.0
7	6875215	8575177	2.0	2.0	4.0
7	8575178	11789943	2.0	2.0	4.0
7	11789944	11906322	2.0	2.0	4.0
7	11906323	16002555	2.0	1.0	3.0
7	16002556	16795637	2.0	0.0	2.0
7	16795638	16845496	2.0	0.0	2.0
7	16845497	42194047	2.0	1.0	3.0
7	42194048	42291878	2.0	1.0	3.0
7	42291879	57949987	2.0	1.0	3.0
7	57949988	57999999	4.0	2.0	6.0
7	61859202	62317351	4.0	2.0	6.0
7	62317352	62429962	4.0	2.0	6.0
7	62429963	62458002	3.0	2.0	5.0
7	62458003	72088910	2.0	1.0	3.0
7	72088911	131864359	2.0	2.0	4.0
7	131864360	132202216	2.0	1.0	3.0
7	132202217	141603949	2.0	2.0	4.0
7	141603950	141666757	2.0	1.0	3.0
7	141666758	146513175	2.0	2.0	4.0
7	146513176	146850208	2.0	1.0	3.0
7	146850209	152122499	2.0	2.0	4.0
7	152122500	152125314	2.0	2.0	4.0
7	152125315	158821400	2.0	2.0	4.0
8	10001	165404	2.0	2.0	4.0
8	165405	40814436	2.0	2.0	4.0
8	40814437	43099999	2.0	2.0	4.0
8	43100000	48099999	2.0	2.0	4.0
8	48100000	82926664	2.0	2.0	4.0
8	82926665	82944775	2.0	2.0	4.0
8	82944776	84950722	2.0	2.0	4.0
8	84950723	85895005	2.0	2.0	4.0
8	85895006	86547350	3.0	2.0	5.0
8	86547351	90045433	4.0	2.0	6.0
8	90045434	90874478	3.0	2.0	5.0
8	90874479	92839921	2.0	2.0	4.0
8	92839922	93983818	3.0	2.0	5.0
8	93983819	94397659	4.0	2.0	6.0
8	94397660	112831802	3.0	2.0	5.0
8	112831803	118627601	3.0	2.0	5.0
8	118627602	121801781	3.0	2.0	5.0
8	121801782	123010426	2.0	2.0	4.0
8	123010427	123010715	2.0	2.0	4.0
8	123010716	123316450	3.0	2.0	5.0
8	123316451	123373314	3.0	2.0	5.0
8	123373315	123892140	3.0	2.0	5.0
8	123892141	124163729	3.0	2.0	5.0
8	124163730	124230154	2.0	2.0	4.0
8	124230155	124230180	2.0	2.0	4.0
8	124230181	124230217	2.0	2.0	4.0
8	124230218	124230610	2.0	2.0	4.0
8	124230611	124230651	2.0	2.0	4.0
8	124230652	124240962	2.0	2.0	4.0
8	124240963	125193123	2.0	2.0	4.0
8	125193124	129157156	3.0	2.0	5.0
8	129157157	129157314	3.0	2.0	5.0
8	129157315	130716348	3.0	2.0	5.0
8	130716349	131987765	2.0	2.0	4.0
8	131987766	132010436	3.0	2.0	5.0
8	132010437	132010921	3.0	2.0	5.0
8	132010922	132017816	3.0	2.0	5.0
8	132017817	132017876	2.0	2.0	4.0
8	132017877	132024667	2.0	2.0	4.0
8	132024668	134076195	3.0	2.0	5.0
8	134076196	139369192	2.0	2.0	4.0
8	139369193	139371516	2.0	2.0	4.0
8	139371517	143667999	2.0	2.0	4.0
8	143668000	146364021	2.0	1.0	3.0
9	10001	202003	2.0	0.0	2.0
9	202004	44390201	2.0	0.0	2.0
9	44390202	47299999	2.0	0.0	2.0
9	47300000	50699999	2.0	0.0	2.0
9	50700000	65845319	2.0	0.0	2.0
9	65845320	120976085	2.0	0.0	2.0
9	120976086	120996688	1.0	0.0	1.0
9	120996689	120999193	2.0	0.0	2.0
9	120999194	121001182	2.0	0.0	2.0
9	121001183	140273200	2.0	0.0	2.0
9	140273201	141049150	2.0	0.0	2.0
10	143226	37999999	2.0	0.0	2.0
10	38000000	42451332	2.0	0.0	2.0
10	42451333	42489601	2.0	0.0	2.0
10	42489602	42556684	2.0	0.0	2.0
10	42556685	47092500	2.0	0.0	2.0
10	47092501	135389304	2.0	0.0	2.0
11	20721	203234	2.0	1.0	3.0
11	203235	48682801	2.0	1.0	3.0
11	48682802	50354400	2.0	1.0	3.0
11	50354401	50642703	2.0	1.0	3.0
11	50642704	51554317	2.0	2.0	4.0
11	51554318	55699999	2.0	2.0	4.0
11	55700000	79281513	2.0	2.0	4.0
11	79281514	79638860	2.0	1.0	3.0
11	79638861	79945220	2.0	2.0	4.0
11	79945221	79945516	2.0	2.0	4.0
11	79945517	80086005	2.0	1.0	3.0
11	80086006	80418153	2.0	0.0	2.0
11	80418154	80584627	2.0	1.0	3.0
11	80584628	80584841	2.0	2.0	4.0
11	80584842	80623107	2.0	2.0	4.0
11	80623108	80713364	2.0	1.0	3.0
11	80713365	82089996	2.0	2.0	4.0
11	82089997	84112291	2.0	2.0	4.0
11	84112292	84672500	2.0	2.0	4.0
11	84672501	134452200	2.0	2.0	4.0
12	110107	2029719	2.0	0.0	2.0
12	2029720	2038698	2.0	0.0	2.0
12	2038699	20910577	2.0	0.0	2.0
12	20910578	26708684	2.0	0.0	2.0
12	26708685	29112604	2.0	1.0	3.0
12	29112605	29118268	2.0	0.0	2.0
12	29118269	33299999	2.0	0.0	2.0
12	38200000	38419180	1.0	0.0	1.0
12	38419181	40155557	1.0	0.0	1.0
12	40155558	132349400	1.0	1.0	2.0
12	132349401	133851894	1.0	1.0	2.0
13	1	16299999	2.0	0.0	2.0
13	16300000	19499999	2.0	0.0	2.0
13	19500000	53100601	2.0	0.0	2.0
13	53100602	89109508	2.0	0.0	2.0
13	89109509	89116844	2.0	0.0	2.0
13	89116845	92118175	2.0	0.0	2.0
13	92118176	92157780	0.0	0.0	0.0
13	92157781	104966970	2.0	0.0	2.0
13	104966971	109526405	4.0	0.0	4.0
13	109526406	110845514	3.0	0.0	3.0
13	110845515	110878608	4.0	0.0	4.0
13	110878609	110879879	4.0	0.0	4.0
13	110879880	114142800	4.0	0.0	4.0
13	114142801	115169877	4.0	0.0	4.0
14	1	16099999	1.0	1.0	2.0
14	16100000	19099999	1.0	1.0	2.0
14	19100000	19190524	1.0	1.0	2.0
14	19190525	37898409	1.0	1.0	2.0
14	37898410	38158051	2.0	1.0	3.0
14	38158052	106368400	1.0	1.0	2.0
15	1	15799999	1.0	1.0	2.0
15	15800000	20699999	1.0	1.0	2.0
15	20700000	23650073	1.0	1.0	2.0
15	23650074	23651496	1.0	1.0	2.0
15	23651497	25500515	1.0	1.0	2.0
15	25500516	25502739	1.0	1.0	2.0
15	25502740	25766004	1.0	1.0	2.0
15	25766005	25953332	1.0	1.0	2.0
15	25953333	25957088	1.0	1.0	2.0
15	25957089	26053420	3.0	1.0	4.0
15	26053421	33299267	1.0	1.0	2.0
15	33299268	33302373	1.0	1.0	2.0
15	33302374	33333134	1.0	1.0	2.0
15	33333135	33333260	1.0	1.0	2.0
15	33333261	33333307	1.0	1.0	2.0
15	33333308	33333323	1.0	1.0	2.0
15	33333324	34139993	1.0	1.0	2.0
15	34139994	34143112	1.0	1.0	2.0
15	34143113	35657866	1.0	1.0	2.0
15	35657867	35667823	1.0	1.0	2.0
15	35667824	47473368	1.0	1.0	2.0
15	47473369	47473603	1.0	1.0	2.0
15	47473604	47474919	1.0	1.0	2.0
15	47474920	47475112	1.0	1.0	2.0
15	47475113	47485058	1.0	1.0	2.0
15	47485059	47631473	3.0	1.0	4.0
15	47631474	47891535	1.0	1.0	2.0
15	47891536	47891622	1.0	1.0	2.0
15	47891623	47982335	1.0	1.0	2.0
15	47982336	48283000	5.0	1.0	6.0
15	48283001	48320222	1.0	1.0	2.0
15	48320223	48320481	1.0	1.0	2.0
15	48320482	50444053	1.0	1.0	2.0
15	50444054	50447900	1.0	1.0	2.0
15	50447901	64165827	1.0	1.0	2.0
15	64165828	64407268	1.0	0.0	1.0
15	64407269	66366518	1.0	1.0	2.0
15	66366519	66369610	1.0	1.0	2.0
15	66369611	66369835	5.0	1.0	6.0
15	66369836	66370005	5.0	1.0	6.0
15	66370006	66597569	5.0	1.0	6.0
15	66597570	68325383	1.0	1.0	2.0
15	68325384	68406248	3.0	1.0	4.0
15	68406249	69945457	4.0	1.0	5.0
15	69945458	70056773	6.0	1.0	7.0
15	70056774	71042716	2.0	1.0	3.0
15	71042717	71500020	3.0	1.0	4.0
15	71500021	71634916	5.0	1.0	6.0
15	71634917	71819256	7.0	1.0	8.0
15	71819257	71849978	10.0	1.0	11.0
15	71849979	71864456	8.0	1.0	9.0
15	71864457	71917041	7.0	1.0	8.0
15	71917042	71917129	7.0	1.0	8.0
15	71917130	71917150	7.0	1.0	8.0
15	71917151	71917717	7.0	1.0	8.0
15	71917718	72190423	3.0	1.0	4.0
15	72190424	72192468	3.0	1.0	4.0
15	72192469	93376639	1.0	1.0	2.0
15	93376640	93398616	2.0	1.0	3.0
15	93398617	94191506	1.0	1.0	2.0
15	94191507	94306438	2.0	1.0	3.0
15	94306439	94470769	1.0	1.0	2.0
15	94470770	94489873	1.0	1.0	2.0
15	94489874	94689554	1.0	1.0	2.0
15	94689555	94752439	2.0	1.0	3.0
15	94752440	94918434	1.0	1.0	2.0
15	94918435	98372534	2.0	1.0	3.0
15	98372535	101226775	4.0	1.0	5.0
15	101226776	101228660	1.0	0.0	1.0
15	101228661	101446269	1.0	0.0	1.0
15	101446270	102397372	1.0	1.0	2.0
16	84870	6009858	1.0	1.0	2.0
16	6009859	6380166	2.0	1.0	3.0
16	6380167	6414297	3.0	1.0	4.0
16	6414298	6487038	2.0	1.0	3.0
16	6487039	32539801	1.0	1.0	2.0
16	32539802	33873800	1.0	1.0	2.0
16	33873801	34599999	1.0	1.0	2.0
16	38600000	46409200	2.0	1.0	3.0
16	46409201	72948674	2.0	1.0	3.0
16	72948675	72998590	2.0	1.0	3.0
16	72998591	78756736	2.0	1.0	3.0
16	78756737	79062622	1.0	1.0	2.0
16	79062623	79124050	1.0	0.0	1.0
16	79124051	79162251	1.0	1.0	2.0
16	79162252	88827200	2.0	1.0	3.0
16	88827201	90354752	2.0	1.0	3.0
17	1880	12729456	2.0	0.0	2.0
17	12729457	16499035	15.0	2.0	17.0
17	16499036	16602500	20.0	2.0	22.0
17	16602501	16750152	14.0	12.0	26.0
17	16750153	17177185	22.0	2.0	24.0
17	17177186	18352202	20.0	2.0	22.0
17	18352203	19555646	19.0	2.0	21.0
17	19555647	19555752	19.0	2.0	21.0
17	19555753	19582361	18.0	2.0	20.0
17	19582362	19631139	18.0	0.0	18.0
17	19631140	19970752	18.0	2.0	20.0
17	19970753	20055784	3.0	2.0	5.0
17	20055785	20357279	19.0	2.0	21.0
17	20357280	20554297	20.0	2.0	22.0
17	20554298	21082359	27.0	2.0	29.0
17	21082360	21294154	25.0	2.0	27.0
17	21294155	21344153	14.0	2.0	16.0
17	21344154	21350222	14.0	2.0	16.0
17	21350223	21391275	14.0	2.0	16.0
17	21391276	21527402	14.0	2.0	16.0
17	21527403	22199999	14.0	2.0	16.0
17	25800000	34438339	2.0	0.0	2.0
17	34438340	34756487	2.0	0.0	2.0
17	34756488	36337500	2.0	0.0	2.0
17	36337501	44164802	2.0	0.0	2.0
17	44164803	44369201	3.0	0.0	3.0
17	44369202	44605602	2.0	0.0	2.0
17	44605603	78774600	2.0	0.0	2.0
17	78774601	81195209	2.0	0.0	2.0
18	27500	2176068	2.0	0.0	2.0
18	2176069	2408556	2.0	1.0	3.0
18	2408557	2593110	2.0	0.0	2.0
18	2593111	2636201	2.0	1.0	3.0
18	2636202	4058752	2.0	0.0	2.0
18	4058753	4116072	2.0	0.0	2.0
18	4116073	5990546	2.0	0.0	2.0
18	5990547	6422976	2.0	1.0	3.0
18	6422977	6423927	2.0	1.0	3.0
18	6423928	6434142	3.0	2.0	5.0
18	6434143	6628599	2.0	2.0	4.0
18	6628600	7065276	2.0	1.0	3.0
18	7065277	7072963	2.0	0.0	2.0
18	7072964	7100044	2.0	1.0	3.0
18	7100045	9349674	2.0	0.0	2.0
18	9349675	9350630	2.0	0.0	2.0
18	9350631	9351956	2.0	0.0	2.0
18	9351957	9360816	2.0	0.0	2.0
18	9360817	13550709	2.0	0.0	2.0
18	13550710	13628973	2.0	1.0	3.0
18	13628974	13884410	2.0	0.0	2.0
18	13884411	13888445	2.0	1.0	3.0
18	13888446	13907975	2.0	1.0	3.0
18	13907976	13923206	2.0	0.0	2.0
18	13923207	14553633	2.0	1.0	3.0
18	14553634	15087803	2.0	1.0	3.0
18	15087804	15087907	2.0	1.0	3.0
18	15087908	15091307	2.0	0.0	2.0
18	15091308	15157858	2.0	0.0	2.0
18	15157859	18999999	2.0	0.0	2.0
18	19000000	76117000	2.0	0.0	2.0
18	76117001	78077247	2.0	0.0	2.0
19	108847	775018	2.0	1.0	3.0
19	775019	2085346	1.0	1.0	2.0
19	2085347	2525484	3.0	1.0	4.0
19	2525485	2531374	3.0	2.0	5.0
19	2531375	2553854	3.0	2.0	5.0
19	2553855	2679076	3.0	2.0	5.0
19	2679077	2970947	4.0	1.0	5.0
19	2970948	3910681	3.0	1.0	4.0
19	3910682	4495381	4.0	1.0	5.0
19	4495382	4501247	5.0	1.0	6.0
19	4501248	5932175	4.0	1.0	5.0
19	5932176	6707697	3.0	1.0	4.0
19	6707698	7062470	5.0	1.0	6.0
19	7062471	7105976	42.0	2.0	44.0
19	7105977	7253801	26.0	2.0	28.0
19	7253802	7443698	31.0	2.0	33.0
19	7443699	7551016	29.0	2.0	31.0
19	7551017	8452044	5.0	1.0	6.0
19	8452045	8685270	3.0	2.0	5.0
19	8685271	8767505	3.0	2.0	5.0
19	8767506	9161378	3.0	1.0	4.0
19	9161379	9166834	3.0	2.0	5.0
19	9166835	9698047	3.0	1.0	4.0
19	9698048	11017231	2.0	1.0	3.0
19	11017232	11070955	2.0	1.0	3.0
19	11070956	12633000	2.0	1.0	3.0
19	12633001	13058295	2.0	1.0	3.0
19	13058296	13108372	43.0	1.0	44.0
19	13108373	13128028	43.0	1.0	44.0
19	13128029	13128083	43.0	1.0	44.0
19	13128084	13134370	43.0	1.0	44.0
19	13134371	13134919	43.0	1.0	44.0
19	13134920	13135158	43.0	1.0	44.0
19	13135159	13135272	43.0	1.0	44.0
19	13135273	13137107	43.0	1.0	44.0
19	13137108	13137858	43.0	1.0	44.0
19	13137859	13142813	43.0	1.0	44.0
19	13142814	13143103	43.0	1.0	44.0
19	13143104	13144111	43.0	1.0	44.0
19	13144112	13144163	43.0	1.0	44.0
19	13144164	13144823	43.0	1.0	44.0
19	13144824	13145157	43.0	1.0	44.0
19	13145158	13148313	43.0	1.0	44.0
19	13148314	13148367	43.0	1.0	44.0
19	13148368	13148472	43.0	1.0	44.0
19	13148473	13148898	43.0	1.0	44.0
19	13148899	13149698	43.0	1.0	44.0
19	13149699	13149852	43.0	1.0	44.0
19	13149853	13155724	43.0	1.0	44.0
19	13155725	13157702	35.0	1.0	36.0
19	13157703	13181439	35.0	1.0	36.0
19	13181440	13228303	20.0	2.0	22.0
19	13228304	13598724	3.0	2.0	5.0
19	13598725	13636289	3.0	1.0	4.0
19	13636290	14453552	3.0	1.0	4.0
19	14453553	14925661	4.0	1.0	5.0
19	14925662	14987426	3.0	2.0	5.0
19	14987427	14991301	3.0	1.0	4.0
19	14991302	14991392	3.0	2.0	5.0
19	14991393	14991481	3.0	2.0	5.0
19	14991482	14991570	3.0	2.0	5.0
19	14991571	14992053	3.0	2.0	5.0
19	14992054	14992112	3.0	2.0	5.0
19	14992113	15256527	3.0	2.0	5.0
19	15256528	15851770	4.0	1.0	5.0
19	15851771	15894967	3.0	2.0	5.0
19	15894968	16311629	2.0	1.0	3.0
19	16311630	16467326	3.0	1.0	4.0
19	16467327	16467728	3.0	2.0	5.0
19	16467729	16470962	3.0	1.0	4.0
19	16470963	16471610	3.0	2.0	5.0
19	16471611	16471874	3.0	2.0	5.0
19	16471875	16578433	3.0	2.0	5.0
19	16578434	16595542	2.0	1.0	3.0
19	16595543	16601891	2.0	1.0	3.0
19	16601892	16606480	2.0	1.0	3.0
19	16606481	18075141	2.0	1.0	3.0
19	18075142	18439675	3.0	1.0	4.0
19	18439676	18878814	2.0	2.0	4.0
19	18878815	18889849	3.0	2.0	5.0
19	18889850	18891340	1.0	0.0	1.0
19	18891600	18993437	4.0	2.0	6.0
19	18993438	19016014	4.0	1.0	5.0
19	19016015	19022681	8.0	3.0	11.0
19	19022682	19055603	8.0	3.0	11.0
19	19055604	19701792	2.0	2.0	4.0
19	19701793	19706041	2.0	2.0	4.0
19	19706042	19853335	3.0	1.0	4.0
19	19853336	20738672	3.0	2.0	5.0
19	20738673	20800952	3.0	1.0	4.0
19	20800953	20811284	3.0	1.0	4.0
19	20811285	20957163	4.0	1.0	5.0
19	20957164	20963110	4.0	1.0	5.0
19	20963111	21192459	6.0	1.0	7.0
19	21192460	21484842	5.0	2.0	7.0
19	21484843	21534841	5.0	2.0	7.0
19	21534842	21539736	2.0	2.0	4.0
19	21539737	21613159	5.0	1.0	6.0
19	21613160	21618860	3.0	2.0	5.0
19	21618861	21618871	3.0	2.0	5.0
19	21618872	21621308	3.0	2.0	5.0
19	21621309	22534498	3.0	1.0	4.0
19	22534499	22534832	3.0	2.0	5.0
19	22534833	22928446	4.0	1.0	5.0
19	22928447	23452406	3.0	1.0	4.0
19	23452407	23776032	1.0	1.0	2.0
19	23776033	23820246	7.0	1.0	8.0
19	23820247	24342499	1.0	1.0	2.0
19	24342500	24399999	2.0	2.0	4.0
19	28600000	29632321	3.0	2.0	5.0
19	29632322	29791225	4.0	1.0	5.0
19	29791226	29792535	4.0	2.0	6.0
19	29792536	29894119	13.0	2.0	15.0
19	29894120	30070591	14.0	1.0	15.0
19	30070592	30120037	14.0	1.0	15.0
19	30120038	30125512	7.0	2.0	9.0
19	30125513	30174673	14.0	1.0	15.0
19	30174674	30346943	13.0	2.0	15.0
19	30346944	30350871	12.0	2.0	14.0
19	30350872	31129868	2.0	1.0	3.0
19	31129869	31363153	14.0	2.0	16.0
19	31363154	31363208	22.0	2.0	24.0
19	31363209	31379598	22.0	2.0	24.0
19	31379599	31405135	22.0	2.0	24.0
19	31405136	31598147	22.0	2.0	24.0
19	31598148	31607042	22.0	2.0	24.0
19	31607043	31896219	14.0	2.0	16.0
19	31896220	31920406	22.0	2.0	24.0
19	31920407	31966082	11.0	1.0	12.0
19	31966083	32003869	18.0	2.0	20.0
19	32003870	32034941	18.0	2.0	20.0
19	32034942	32109975	18.0	2.0	20.0
19	32109976	32125868	11.0	2.0	13.0
19	32125869	32334799	2.0	1.0	3.0
19	32334800	32487616	18.0	2.0	20.0
19	32487617	32519637	10.0	2.0	12.0
19	32519638	32521871	18.0	2.0	20.0
19	32521872	32526727	18.0	2.0	20.0
19	32526728	32686940	2.0	1.0	3.0
19	32686941	32893076	2.0	1.0	3.0
19	32893077	33316322	8.0	1.0	9.0
19	33316323	33590541	6.0	1.0	7.0
19	33590542	33593154	6.0	1.0	7.0
19	33593155	59128982	1.0	1.0	2.0
20	32217	25599999	2.0	1.0	3.0
20	25600000	29399999	2.0	1.0	3.0
20	29400000	31913886	2.0	1.0	3.0
20	31913887	55146762	2.0	0.0	2.0
20	55146763	56103075	2.0	1.0	3.0
20	56103076	56113083	2.0	2.0	4.0
20	56113084	56137666	2.0	2.0	4.0
20	56137667	62432500	2.0	1.0	3.0
21	10900000	14449401	2.0	1.0	3.0
21	14449402	46937500	2.0	2.0	4.0
21	46937501	48129894	2.0	2.0	4.0
22	1	12199999	2.0	1.0	3.0
22	12200000	17899999	2.0	1.0	3.0
22	17900000	23680142	2.0	1.0	3.0
22	23680143	23732102	2.0	1.0	3.0
22	23732103	30282201	2.0	1.0	3.0
22	30282202	30610972	2.0	2.0	4.0
22	30610973	33496660	2.0	1.0	3.0
22	33496661	33604295	2.0	2.0	4.0
22	33604296	33643200	2.0	2.0	4.0
22	33643201	49687500	2.0	1.0	3.0
22	49687501	51304565	2.0	1.0	3.0
