chromosome_index	position	alt_count	ref_count
1	4249628	4	48
1	4829995	5	44
1	9067883	3	31
1	12647592	4	43
1	14048222	5	58
1	20702013	7	34
1	29654483	8	51
1	30153223	7	40
1	42127453	5	31
1	43800322	4	27
1	45083476	3	26
1	47742677	4	56
1	69348254	4	50
1	73959106	6	57
1	74943997	5	66
1	75098500	4	40
1	75748344	5	51
1	81668917	4	47
1	82801516	5	55
1	83148929	4	56
1	83148958	5	63
1	84942712	4	51
1	92434285	4	62
1	94935425	4	37
1	103136401	5	53
1	103256907	8	65
1	103490400	5	63
1	104725261	4	42
1	108430662	5	37
1	114269785	6	42
1	114592054	7	49
1	115394970	4	49
1	158351141	8	54
1	168692903	7	43
1	170605418	4	45
1	170809111	6	54
1	172769661	6	34
1	191566957	5	51
1	192478566	13	51
1	200847812	4	57
1	212737293	4	43
1	215547661	5	52
1	237256650	6	52
1	237762887	7	43
1	237912888	4	50
1	238044523	8	62
1	238454552	4	48
10	13225457	7	66
10	15695666	5	52
10	26718563	5	60
10	29497464	4	42
10	36671179	5	57
10	36892290	3	48
10	45591128	5	47
10	46048084	4	51
10	57544025	8	65
10	66131298	5	38
10	67846586	6	53
10	68653838	4	54
10	74428750	5	47
10	75124228	7	50
10	79413955	4	28
10	83388504	6	54
10	83547400	4	49
10	92545560	10	55
10	100048688	8	37
10	106059834	4	56
10	108092161	6	53
10	110653525	6	51
10	111613010	4	57
10	112941786	4	49
10	113565815	4	38
11	2921393	4	34
11	6352936	5	32
11	19438172	4	49
11	19439957	4	65
11	22182604	5	64
11	23707275	9	52
11	25107559	6	61
11	38171052	5	50
11	39606647	5	26
11	44781363	6	39
11	45398201	5	49
11	55782530	4	51
11	56292543	4	43
11	69863375	6	42
11	73096256	4	29
11	75036330	4	42
11	78584535	7	56
11	82346258	5	54
11	89041789	6	45
11	90628297	6	48
11	90974087	5	30
11	90985493	4	49
11	91670718	5	36
11	91781690	5	67
11	97708275	5	39
11	99628320	4	50
11	106655640	6	45
11	113107076	6	35
11	122167451	7	52
11	123868979	5	44
11	123917321	6	62
11	124245069	5	40
11	125260484	5	46
11	130961276	6	66
11	131983329	5	49
12	4929370	6	57
12	7011861	7	40
12	24705835	5	57
12	38415034	5	45
12	39298576	6	35
12	40157156	7	53
12	42586384	6	56
12	42617003	7	53
12	45397538	6	63
12	47306054	7	45
12	52891550	1	44
12	63566020	7	45
12	68283648	5	36
12	70101687	8	52
12	73133641	5	52
12	76304141	11	43
12	84898997	6	44
12	98626874	4	44
12	99836312	7	47
12	103034317	6	41
12	109136792	8	57
12	127931604	4	38
12	129516654	4	38
12	131043501	6	55
12	131181057	4	54
13	23718478	5	43
13	26846940	6	47
13	32405603	4	45
13	40278943	5	53
13	42832393	7	50
13	56066022	6	53
13	56370673	6	76
13	57075205	9	66
13	61581811	6	45
13	62335600	4	33
13	67438017	4	35
13	69836251	5	56
13	70041430	6	51
13	75686585	8	48
13	82445805	7	40
13	83736096	6	61
13	86598031	4	54
13	88092535	5	46
13	88954966	11	58
13	89141851	8	60
13	90223509	7	48
13	91405673	7	63
13	98454299	5	61
13	99828610	8	47
13	102513260	5	58
13	103492773	4	50
13	103702678	4	34
13	107515237	4	60
13	108610384	6	39
13	113894495	4	39
14	20377579	7	110
14	21808551	4	43
14	26128488	6	52
14	27604603	5	43
14	30949586	9	65
14	34520513	4	24
14	41687840	7	40
14	47410851	5	56
14	53542594	6	58
14	58343797	8	53
14	59430382	5	48
14	67733151	7	45
14	70560555	1	35
14	74036886	5	29
14	75873466	7	51
14	79281215	7	65
14	85200821	6	70
14	88072866	5	43
14	89260793	5	52
14	102081011	5	47
14	106136024	7	26
15	24298346	5	48
15	26781250	5	46
15	33137954	5	47
15	37381990	4	59
15	40897689	4	33
15	51770544	6	60
15	53677190	6	49
15	54235421	5	45
15	54854751	6	47
15	58108775	4	43
15	66648589	4	34
15	69128809	4	31
15	69913647	6	55
15	70658566	6	45
15	71183884	3	29
15	72104422	5	32
15	81025982	7	64
15	84504637	5	65
15	87008715	5	53
15	89339956	8	59
15	90575189	6	43
15	92723545	5	50
15	92884291	5	49
15	99002481	5	56
16	3114545	4	43
16	9845200	5	50
16	13812001	5	38
16	18631197	4	47
16	23097721	7	33
16	28044033	6	46
16	30129434	5	36
16	31507855	5	40
16	48188397	4	46
16	49026356	6	45
16	51125006	7	42
16	51535242	4	39
16	52468742	4	58
16	61483524	5	65
16	64295050	5	44
16	65093947	5	50
16	71634308	4	54
16	73972817	6	55
16	81532369	3	47
17	4580667	6	53
17	14124043	6	42
17	31793927	9	55
17	50576678	7	64
17	51867970	3	46
17	65235965	7	64
17	76984183	4	43
18	10849167	6	35
18	12621053	4	50
18	36235235	6	30
18	37075226	4	51
18	49204346	5	34
18	50076559	7	49
18	53799942	7	47
18	66855343	4	53
18	70572008	4	47
19	7118014	5	42
19	22412331	5	61
19	22488005	4	45
19	22950393	4	55
19	23672038	6	47
19	24504694	10	48
19	34028975	5	39
19	36238885	4	43
19	37864414	7	57
19	54906748	6	33
2	4834118	6	66
2	5828004	4	50
2	8537016	6	36
2	9623687	5	38
2	22316846	7	47
2	22872517	6	63
2	26549531	6	41
2	27786008	5	70
2	41233901	6	56
2	43544609	6	56
2	51473086	7	54
2	53191883	6	42
2	58434946	7	55
2	62683190	3	47
2	80707740	8	58
2	80997846	5	50
2	81006977	5	55
2	81287606	4	46
2	81842107	5	47
2	85872704	7	37
2	86218538	8	42
2	86260584	4	36
2	86430099	3	37
2	112361180	6	47
2	113228896	9	40
2	114871173	8	34
2	115033164	5	47
2	119127846	5	53
2	119661793	4	50
2	123883285	6	69
2	125235766	7	44
2	127106137	9	43
2	131838079	6	23
2	132800519	7	59
2	133969870	5	55
2	140822606	6	65
2	152572167	8	39
2	153947663	6	54
2	154197603	7	58
2	155855726	6	53
2	155855727	6	51
2	160667758	5	48
2	162397876	6	19
2	163707606	6	61
2	172526652	6	43
2	184226525	5	49
2	184343094	6	43
2	185802586	4	46
2	195438138	5	58
2	203894361	6	34
2	207318218	6	59
2	208420878	6	42
2	209347817	8	54
20	8863690	6	52
20	11677705	6	47
20	11776462	5	40
20	14492863	5	62
20	18950382	6	47
20	32066511	5	35
20	46093552	5	42
20	59174875	4	44
21	10783704	7	99
21	19710379	5	50
21	22258354	7	61
21	26371713	5	50
22	38892244	6	47
22	50801108	3	33
3	9603746	5	22
3	22375569	7	54
3	22479252	5	48
3	28307546	5	48
3	36307360	4	33
3	44768291	5	32
3	48676329	5	15
3	70510306	4	54
3	70836625	4	61
3	74323272	6	39
3	76958895	9	47
3	77249965	6	48
3	77908374	4	41
3	79981370	7	55
3	83679631	7	63
3	84087873	5	43
3	84467749	5	45
3	84653050	2	44
3	86557790	7	57
3	102169807	6	44
3	103764881	4	41
3	109302896	5	40
3	114366988	4	61
3	118024230	5	47
3	118028981	4	38
3	130860507	5	56
3	134678965	4	40
3	134689817	4	44
3	140832635	8	55
3	150209382	7	44
3	152244233	4	47
3	153861177	5	60
3	154391339	6	52
3	155468659	5	40
3	157553008	8	40
3	157561458	7	56
3	158472137	5	55
3	162475150	6	61
3	177058459	4	33
3	179012490	4	43
3	180408100	6	54
3	180464186	6	50
3	187271620	4	44
3	190815525	4	52
3	191251873	6	48
3	194222394	5	44
4	5940918	6	40
4	7468046	8	33
4	15271182	8	40
4	16970599	5	44
4	17326173	5	23
4	21961853	9	41
4	23199557	8	57
4	32278853	8	52
4	33589087	5	43
4	35898741	4	54
4	44018877	4	27
4	44458985	7	54
4	45840495	6	37
4	48295390	5	31
4	52907508	11	48
4	53190954	6	51
4	60114086	5	63
4	79706098	4	33
4	86626367	6	50
4	91609147	7	52
4	91772801	5	31
4	95963802	5	51
4	97129952	10	38
4	108582299	5	52
4	111689189	5	47
4	117766328	7	53
4	118014828	4	49
4	126789093	7	40
4	128998011	5	50
4	129834920	5	53
4	139011291	5	35
4	141597019	7	55
4	141632756	4	49
4	143488002	4	46
4	143724984	5	52
4	145618493	5	50
4	146648600	6	47
4	157654059	12	49
4	158238608	8	56
4	165716790	4	49
4	168705382	3	40
4	171904443	4	29
4	174827200	5	64
4	176941300	6	74
4	179015264	4	70
4	180867073	4	33
4	181272516	6	60
4	181292363	4	53
4	181301466	4	56
4	182585939	4	45
4	183251506	5	58
5	3056623	5	45
5	5026089	4	35
5	15087528	8	45
5	19821173	4	54
5	20319449	4	56
5	24079531	5	36
5	24707078	4	41
5	24833162	6	47
5	28640744	5	44
5	31793105	12	30
5	44594120	8	61
5	46329413	5	50
5	60036633	6	66
5	62253569	5	18
5	62940048	4	46
5	63442029	5	64
5	65485237	5	41
5	68271495	6	63
5	74685448	6	54
5	78359394	6	41
5	83106215	6	59
5	83493503	6	57
5	83655630	4	44
5	84586780	6	60
5	85588338	5	50
5	86373931	5	51
5	88174821	6	59
5	94483816	6	58
5	97776774	4	30
5	103916204	6	54
5	106576652	4	53
5	111701849	6	43
5	111831744	4	37
5	115334532	6	48
5	119778645	4	43
5	123210877	4	44
5	140407902	7	39
5	146421408	4	47
5	146596776	4	33
5	147889782	5	41
5	153034236	5	41
5	158854253	7	53
5	159933857	4	46
5	162300242	5	47
5	163838273	9	41
5	168111446	4	45
5	172849824	4	34
5	177658608	4	22
5	180460325	5	46
6	28320114	4	51
6	30291984	7	77
6	47079787	8	51
6	47942715	7	63
6	48435037	4	64
6	62424997	4	49
6	63994398	5	65
6	66740117	5	53
6	74182493	11	50
6	77717663	6	60
6	80612891	6	61
6	81950452	6	52
6	81950453	6	52
6	89058937	9	53
6	90097127	6	46
6	90330186	5	45
6	93445308	5	47
6	94039928	13	40
6	98522798	4	37
6	101516044	4	47
6	102910951	7	55
6	123560125	4	44
6	127044810	6	46
6	133904470	6	57
6	139033810	4	56
6	151843209	5	44
6	159947288	8	64
6	161119387	5	36
7	447271	5	54
7	8519533	7	58
7	9238749	6	53
7	13291102	4	43
7	19622746	5	67
7	22710382	6	47
7	22824641	8	70
7	35593406	5	48
7	50246452	3	16
7	56364519	9	36
7	65068754	5	52
7	69111931	7	31
7	71063860	6	26
7	71432411	4	45
7	77465376	4	32
7	79858030	3	39
7	86350370	8	48
7	88577593	4	21
7	91365889	6	56
7	103665287	7	53
7	107591790	3	43
7	109095805	6	52
7	114783576	10	39
7	122218423	4	44
7	125600449	6	44
7	125842069	4	47
7	127145726	4	39
7	133468296	7	51
7	133692299	8	45
7	135118455	4	57
7	140205903	3	16
7	153489373	6	43
7	153670379	5	50
8	1173001	5	29
8	3239534	4	57
8	4332004	4	58
8	4734195	6	41
8	4912949	7	48
8	12649800	4	58
8	12910525	7	55
8	14085416	7	49
8	18498517	4	45
8	21623968	5	30
8	24577184	4	52
8	27758335	6	26
8	31739471	7	54
8	32706591	7	55
8	34975691	4	52
8	35090397	5	54
8	36945541	4	48
8	38815494	6	41
8	40191524	6	56
8	43266521	8	50
8	52311792	5	62
8	53780082	8	53
8	57341298	6	56
8	62259533	4	54
8	66676128	5	51
8	72131428	8	58
8	73038741	15	48
8	77077247	4	31
8	78123421	7	52
8	78154224	8	42
8	79971062	7	47
8	81110395	4	32
8	88955195	5	48
8	89762569	7	65
8	89788833	7	57
8	92532248	4	41
8	106644586	5	48
8	112935365	6	63
8	113444974	7	54
8	114153561	7	58
8	114399109	9	48
8	116010626	7	54
8	116853829	5	41
8	122508766	4	43
8	127081092	7	50
8	128383399	6	32
8	134613614	6	55
9	8737219	5	57
9	15889840	6	48
9	17554159	3	23
9	19642910	7	37
9	19669091	5	61
9	20266656	7	45
9	25158622	5	58
9	29593116	5	46
9	31550077	4	48
9	33817002	4	8
9	36656182	5	55
9	37161010	4	26
9	75166716	11	43
9	76777400	8	55
9	89874757	5	51
9	103577451	5	40
9	121158978	11	41
9	131517694	6	43
X	1562034	7	27
X	3678688	3	29
X	14527623	4	26
X	25994944	5	12
X	26144369	7	25
X	27975542	3	22
X	32578401	7	14
X	39064881	6	19
X	63461534	8	30
X	67975577	6	31
X	86798746	3	19
X	89325349	4	34
X	92568287	6	28
X	92568288	6	28
X	98549630	6	22
X	104476079	4	19
X	107448938	3	24
X	110481772	5	24
X	116383984	4	20
X	125921264	4	21
X	125994937	4	28
X	134982489	3	21
X	141628490	5	29
X	141935786	8	19
X	144361866	5	34
X	150460295	5	24
Y	13616507	4	29
Y	13910350	3	17
Y	17182644	7	17
Y	21082019	6	19
