chromosome_index position alt_count ref_count
1 2430643 10 39
1 13036288 24 197
1 15986433 27 215
1 28293439 6 54
1 33295564 13 58
1 36788625 17 72
1 46714048 8 23
1 52277750 11 53
1 52704249 15 79
1 54610248 6 55
1 78098097 11 115
1 85787233 9 64
1 102269957 29 194
1 109554150 39 237
1 109566102 8 97
1 110134819 10 60
1 148594621 75 145
1 149949464 10 66
1 150259408 5 55
1 151141526 11 100
1 151261684 13 107
1 152283597 37 455
1 154574770 10 111
1 155025176 4 12
1 196309549 7 76
1 197032154 47 162
1 213068664 4 30
1 235904826 20 60
2 11716615 25 126
2 18113819 5 44
2 27552094 118 390
2 31489523 18 148
2 37459293 16 138
2 48807857 12 89
2 70315742 10 100
2 96992694 16 100
2 119604405 21 51
2 162273338 26 231
2 165584636 8 79
2 176945543 10 32
2 179600722 12 54
2 197990744 22 64
2 213914560 6 20
2 220404516 68 95
3 9807722 5 24
3 13669417 16 92
3 49849972 11 92
3 49940823 14 124
3 50005469 13 50
3 74385746 8 60
3 108572741 15 159
3 113761588 9 72
3 119720999 39 213
3 119812282 25 64
3 151101574 5 44
3 170744472 6 94
3 195480082 17 152
4 667176 23 65
4 5141659 28 116
4 38047451 7 90
4 39201122 7 43
4 40439968 6 74
4 47857090 10 83
4 54325699 15 77
4 71634361 31 92
4 74365842 8 71
4 96090504 8 84
4 140281771 9 59
4 147561864 17 113
4 156135621 23 40
4 169279274 7 68
4 174294599 13 106
4 186380050 10 19
4 187201487 14 149
5 22143087 3 41
5 66462691 3 16
5 80376017 11 58
5 129241309 17 140
5 140574147 21 115
5 176305281 13 44
6 16328458 7 117
6 26123693 9 42
6 43012990 9 60
6 43017748 13 153
6 83075791 12 70
6 117631323 14 114
6 118790378 10 105
6 133138189 8 43
6 134210675 4 40
6 166836798 8 57
7 27135134 11 130
7 37355564 14 147
7 44104487 10 25
7 77326172 11 57
7 87564454 8 44
7 99627511 24 116
7 140043314 23 56
8 22880288 10 84
8 42162785 5 47
8 42179669 73 46
8 94827587 5 23
8 113299452 10 83
8 145052106 3 34
8 146029031 13 94
9 35736273 18 233
9 72521072 9 31
9 73152209 11 61
9 79253201 4 27
9 101540608 12 44
9 130710371 14 127
9 130854274 56 186
9 139753685 10 69
9 140911629 3 33
10 15688989 13 59
10 17032461 10 92
10 23326372 17 56
10 52570846 6 27
10 70156625 11 35
10 70960244 10 36
10 115531770 8 56
10 135371378 9 43
11 4936735 29 60
11 20673915 45 102
11 33079495 5 37
11 49176018 6 40
11 55418487 259 649
11 55944688 284 89
11 61213481 21 92
11 61249873 8 68
11 74716798 25 119
11 89938633 14 29
11 94917602 5 67
11 118780725 10 22
11 119027295 51 132
12 3702374 4 21
12 20864424 9 64
12 22814095 17 76
12 57674219 9 76
12 76461248 10 50
12 111099209 9 55
12 132502854 18 47
13 23906234 39 156
13 39266581 14 75
13 44455284 7 57
13 48986488 7 46
14 23586911 35 79
14 23894224 9 72
14 58604790 8 59
14 59112838 27 183
14 75470322 5 71
14 78205383 45 272
14 102873781 11 47
15 23812158 10 81
15 28493883 5 47
15 34534400 18 71
15 41102355 10 61
15 42459726 12 41
15 43783873 18 176
15 65808022 7 27
15 75722684 4 53
15 78305193 10 32
15 91496417 14 111
16 3779158 4 5
16 18883572 4 23
16 23080278 12 100
16 24124303 33 87
16 27078340 18 58
16 29113437 13 119
16 55362903 9 58
16 58577645 20 46
16 67322218 6 116
16 67698964 37 198
16 67867766 3 11
17 2278935 12 109
17 6502568 5 35
17 7165263 4 35
17 7401030 7 68
17 10545863 17 150
17 38152557 32 261
17 38923904 7 63
17 39137373 25 130
17 39197178 6 53
17 39911993 8 34
17 39967426 38 364
17 46691976 4 22
17 48598774 3 10
17 48599354 31 75
17 62568017 4 40
18 12725500 19 107
18 18690940 8 35
18 19110296 24 61
18 29788197 10 97
19 9020798 32 156
19 10945678 21 165
19 12738587 41 139
19 14876137 28 111
19 36673827 12 73
19 39125855 7 30
19 40357464 28 45
19 41265431 31 74
19 45872380 37 89
19 50804980 10 67
19 50804981 10 68
19 55143568 32 173
20 10603323 4 61
20 33891852 25 123
20 37198625 11 19
20 42331514 20 81
20 58569409 10 79
21 44841220 28 150
22 46776828 7 42
22 51159754 5 32
