chromosome_index	start_position	end_position	major_cn	minor_cn	total_cn
1	1	840590	1.0	1.0	2.0
1	840591	12797500	1.0	1.0	2.0
1	12797501	121499999	1.0	1.0	2.0
1	121500000	128899999	1.0	1.0	2.0
1	128900000	143529938	1.0	1.0	2.0
1	143529939	145137865	2.0	1.0	3.0
1	145137866	247247500	2.0	1.0	3.0
1	247247501	249250620	2.0	1.0	3.0
2	26844	10701002	1.0	1.0	2.0
2	10701003	72662178	1.0	1.0	2.0
2	72662179	72668392	1.0	1.0	2.0
2	72668393	81834796	1.0	1.0	2.0
2	81834797	81846471	1.0	1.0	2.0
2	81846472	90499999	1.0	1.0	2.0
2	90500000	96799999	1.0	1.0	2.0
2	96800000	200587101	1.0	1.0	2.0
2	200587102	200594465	1.0	1.0	2.0
2	200594466	228785972	1.0	1.0	2.0
2	228785973	228787054	1.0	1.0	2.0
2	228787055	242951000	1.0	1.0	2.0
3	62226	87899999	1.0	1.0	2.0
3	87900000	93899999	1.0	1.0	2.0
3	93900000	96248233	1.0	1.0	2.0
3	96248234	96292634	1.0	1.0	2.0
3	96292635	97096713	1.0	1.0	2.0
3	97096714	97106130	1.0	1.0	2.0
3	97106131	118284948	1.0	1.0	2.0
3	118284949	118332399	1.0	1.0	2.0
3	118332400	197847500	1.0	1.0	2.0
4	36799	22257885	1.0	1.0	2.0
4	22257886	22274834	1.0	1.0	2.0
4	22274835	47639155	1.0	1.0	2.0
4	47639156	47660829	1.0	1.0	2.0
4	47660830	52699999	1.0	1.0	2.0
4	52700000	69883079	1.0	1.0	2.0
4	69883080	69896633	1.0	1.0	2.0
4	69896634	161865308	1.0	1.0	2.0
4	161865309	161933001	3.0	1.0	4.0
4	161933002	190799943	1.0	1.0	2.0
5	22500	46099999	1.0	1.0	2.0
5	46100000	50699999	1.0	1.0	2.0
5	50700000	99075677	1.0	1.0	2.0
5	99075678	99198455	1.0	0.0	1.0
5	99198456	175187912	1.0	1.0	2.0
5	175187913	175194851	1.0	1.0	2.0
5	175194852	180689978	1.0	1.0	2.0
6	39681	249954	1.0	1.0	2.0
6	249955	58699999	1.0	1.0	2.0
6	58700000	63299999	1.0	1.0	2.0
6	63300000	83018004	1.0	1.0	2.0
6	83018005	83026595	1.0	1.0	2.0
6	83026596	112706635	1.0	1.0	2.0
6	112706636	112724879	1.0	1.0	2.0
6	112724880	112867135	1.0	1.0	2.0
6	112867136	112873316	1.0	1.0	2.0
6	112873317	170905605	1.0	1.0	2.0
7	40386	9931372	1.0	1.0	2.0
7	9931373	9951656	1.0	1.0	2.0
7	9951657	57999999	1.0	1.0	2.0
7	58000000	61699999	1.0	1.0	2.0
7	61700000	143814438	1.0	1.0	2.0
7	143814439	143828255	1.0	1.0	2.0
7	143828256	158821400	1.0	1.0	2.0
8	1	209990	1.0	0.0	1.0
8	209991	40902759	1.0	0.0	1.0
8	40902760	43099999	1.0	1.0	2.0
8	43100000	48099999	1.0	1.0	2.0
8	48100000	48371422	1.0	1.0	2.0
8	48371423	48380305	1.0	1.0	2.0
8	48380306	75650882	1.0	1.0	2.0
8	75650883	82479850	2.0	1.0	3.0
8	82479851	82485359	2.0	1.0	3.0
8	82485360	92127500	2.0	1.0	3.0
8	92127501	106914799	2.0	1.0	3.0
8	106914800	106931077	2.0	1.0	3.0
8	106931078	110472222	2.0	1.0	3.0
8	110472223	110480288	2.0	1.0	3.0
8	110480289	146364021	2.0	1.0	3.0
9	47500	203309	1.0	1.0	2.0
9	203310	2373184	1.0	1.0	2.0
9	2373185	2399048	1.0	1.0	2.0
9	2399049	21973150	1.0	1.0	2.0
9	21973151	22056368	1.0	0.0	1.0
9	22056369	43402271	1.0	1.0	2.0
9	43402272	47299999	1.0	1.0	2.0
9	47300000	50699999	1.0	1.0	2.0
9	50700000	68791283	1.0	1.0	2.0
9	68791284	123047344	1.0	1.0	2.0
9	123047345	123056052	1.0	1.0	2.0
9	123056053	132510490	1.0	1.0	2.0
9	132510491	140273200	1.0	1.0	2.0
10	96244	37999999	1.0	1.0	2.0
10	38000000	42299999	1.0	1.0	2.0
10	42300000	47122263	1.0	1.0	2.0
10	47122264	135227560	1.0	1.0	2.0
10	135227561	135389304	1.0	1.0	2.0
11	20721	202071	1.0	1.0	2.0
11	202072	51599999	1.0	1.0	2.0
11	51600000	55699999	1.0	1.0	2.0
11	55700000	67432500	1.0	1.0	2.0
11	67432501	80207772	1.0	1.0	2.0
11	80207773	80208511	1.0	1.0	2.0
11	80208512	92710938	1.0	1.0	2.0
11	92710939	92718924	1.0	1.0	2.0
11	92718925	97563591	1.0	1.0	2.0
11	97563592	97564506	1.0	1.0	2.0
11	97564507	116874441	1.0	1.0	2.0
11	116874442	116886757	1.0	0.0	1.0
11	116886758	123694777	1.0	1.0	2.0
11	123694778	125684701	1.0	1.0	2.0
11	125684702	125689948	1.0	1.0	2.0
11	125689949	134491267	1.0	1.0	2.0
12	110107	33299999	1.0	1.0	2.0
12	33300000	38199999	1.0	1.0	2.0
12	38200000	132389972	1.0	1.0	2.0
12	132389973	133851894	1.0	1.0	2.0
13	1	16299999	1.0	1.0	2.0
13	16300000	19499999	1.0	1.0	2.0
13	19500000	68279700	1.0	1.0	2.0
13	68279701	68297265	1.0	1.0	2.0
13	68297266	114142800	1.0	1.0	2.0
13	114142801	115169877	1.0	1.0	2.0
14	1	16099999	1.0	1.0	2.0
14	16100000	19099999	1.0	1.0	2.0
14	19100000	20096078	1.0	1.0	2.0
14	20096079	42319997	1.0	1.0	2.0
14	42319998	106368400	1.0	0.0	1.0
15	1	15799999	1.0	1.0	2.0
15	15800000	20699999	1.0	1.0	2.0
15	20700000	87547591	1.0	1.0	2.0
15	87547592	87562331	1.0	1.0	2.0
15	87562332	100376831	1.0	1.0	2.0
15	100376832	102399211	1.0	1.0	2.0
16	9999	158884	1.0	1.0	2.0
16	158885	34599999	1.0	1.0	2.0
16	34600000	38599999	1.0	1.0	2.0
16	38600000	46415802	1.0	1.0	2.0
16	46415803	88827200	1.0	1.0	2.0
16	88827201	90354752	1.0	1.0	2.0
17	40008	18285601	1.0	1.0	2.0
17	18285602	22199999	1.0	1.0	2.0
17	22200000	25799999	1.0	1.0	2.0
17	25800000	59709857	1.0	1.0	2.0
17	59709858	59716069	1.0	1.0	2.0
17	59716070	78774600	1.0	1.0	2.0
17	78774601	81195209	1.0	1.0	2.0
18	27500	15399999	1.0	1.0	2.0
18	15400000	18999999	1.0	1.0	2.0
18	19000000	31109044	1.0	1.0	2.0
18	31109045	31116106	1.0	1.0	2.0
18	31116107	46659650	1.0	1.0	2.0
18	46659651	46758845	1.0	0.0	1.0
18	46758846	76117000	1.0	1.0	2.0
18	76117001	78077247	1.0	1.0	2.0
19	102500	8482050	1.0	1.0	2.0
19	8482051	8488134	1.0	1.0	2.0
19	8488135	24399999	1.0	1.0	2.0
19	24400000	28599999	1.0	1.0	2.0
19	28600000	59128982	1.0	1.0	2.0
20	37416	25599999	1.0	1.0	2.0
20	25600000	29399999	1.0	1.0	2.0
20	29400000	62432500	1.0	1.0	2.0
21	15273817	46019981	1.0	1.0	2.0
21	46019982	46937500	1.0	1.0	2.0
21	46937501	48129894	1.0	1.0	2.0
22	1	12199999	1.0	1.0	2.0
22	12200000	17899999	1.0	1.0	2.0
22	17900000	49687500	1.0	1.0	2.0
22	49687501	51304565	1.0	1.0	2.0
