chromosome_index position alt_count ref_count
1 10435384 9 107
1 26887589 4 50
1 50574828 5 60
1 85506782 4 75
1 158389942 6 87
1 181701953 11 112
1 196659265 4 42
2 85553654 14 79
2 96953193 16 136
2 99944026 5 45
2 163360993 18 142
2 190044274 4 22
2 192250758 23 277
2 202337801 10 79
2 215617235 8 79
2 233409224 12 113
3 9695337 31 112
3 123451756 18 49
3 141535597 12 144
4 6878388 5 47
4 44638032 7 36
4 113436581 12 38
4 129043120 8 52
4 165878636 8 40
5 80640726 6 63
5 140731367 11 94
5 140871023 7 84
5 145252448 13 161
6 25983471 9 57
6 36870018 11 96
6 64394926 14 122
7 26404670 3 54
7 38402656 12 75
7 65426002 28 211
7 90895444 8 64
8 38006158 9 54
9 19102605 6 42
9 21968242 7 38
9 36058859 7 48
9 71098912 12 117
9 99157147 17 40
9 114520394 5 17
9 123914807 8 110
9 133755972 13 43
10 129877893 5 46
11 118881943 8 56
12 95604446 7 88
12 109998858 8 49
12 122677440 9 52
14 20389008 16 212
14 67745984 4 62
14 96706870 23 148
15 57913834 10 86
15 72142383 5 71
15 74474544 8 74
16 10032120 7 62
16 27777718 11 85
16 28596281 7 65
16 58071493 8 98
17 5347733 10 64
17 7577120 8 16
17 16336965 33 98
17 73484066 6 68
17 79985312 12 96
17 80040889 5 65
19 2422072 10 80
19 9091432 9 88
19 23329013 4 16
20 46252789 7 49
21 32617877 6 39
21 40558868 4 17
