chromosome_index	start_position	end_position	major_cn	minor_cn	total_cn
1	1	33175036	1.0	0.0	1.0
1	33175037	121499999	2.0	1.0	3.0
1	121500000	128899999	2.0	1.0	3.0
1	128900000	142966967	2.0	1.0	3.0
1	142966968	146484576	3.0	1.0	4.0
1	146484577	247247500	3.0	1.0	4.0
1	247247501	249250620	3.0	1.0	4.0
2	20016	90499999	1.0	1.0	2.0
2	90500000	96799999	1.0	1.0	2.0
2	96800000	141839325	1.0	1.0	2.0
2	141839326	141864540	1.0	0.0	1.0
2	141864541	242951000	1.0	1.0	2.0
3	62226	87899999	1.0	1.0	2.0
3	87900000	93899999	1.0	1.0	2.0
3	93900000	198022429	1.0	1.0	2.0
4	27500	48199999	1.0	1.0	2.0
4	48200000	52699999	1.0	1.0	2.0
4	52700000	190749943	1.0	1.0	2.0
5	22500	851581	1.0	1.0	2.0
5	851582	46099999	2.0	1.0	3.0
5	46100000	50699999	2.0	1.0	3.0
5	50700000	117872806	2.0	1.0	3.0
5	117872807	122245301	2.0	1.0	3.0
5	122245302	122251290	1.0	1.0	2.0
5	122251291	122251408	1.0	1.0	2.0
5	122251409	122293808	1.0	1.0	2.0
5	122293809	180689978	2.0	1.0	3.0
6	39681	201975	1.0	1.0	2.0
6	201976	58699999	1.0	1.0	2.0
6	58700000	63299999	1.0	1.0	2.0
6	63300000	170909751	1.0	1.0	2.0
7	40386	57999999	1.0	1.0	2.0
7	58000000	61699999	1.0	1.0	2.0
7	61700000	148513026	1.0	1.0	2.0
7	148513027	148516070	1.0	1.0	2.0
7	148516071	158821400	1.0	1.0	2.0
8	10001	172499	1.0	0.0	1.0
8	172500	33403095	1.0	0.0	1.0
8	33403096	33537873	1.0	0.0	1.0
8	33537874	35675410	1.0	0.0	1.0
8	35675411	35879118	2.0	1.0	3.0
8	35879119	40783254	1.0	0.0	1.0
8	40783255	41285815	2.0	1.0	3.0
8	41285816	43099999	1.0	0.0	1.0
8	48100000	52579174	4.0	1.0	5.0
8	52579175	52579405	3.0	1.0	4.0
8	52579406	52595097	3.0	1.0	4.0
8	52595098	52631258	3.0	2.0	5.0
8	52631259	52649232	3.0	2.0	5.0
8	52649233	52649598	3.0	2.0	5.0
8	52649599	119447499	4.0	1.0	5.0
8	119447500	119504075	3.0	1.0	4.0
8	119504076	144243391	4.0	1.0	5.0
8	144243392	144488370	6.0	0.0	6.0
8	144488371	146364021	4.0	1.0	5.0
9	47500	224779	2.0	0.0	2.0
9	224780	47299999	1.0	1.0	2.0
9	47300000	50699999	1.0	1.0	2.0
9	50700000	66502499	1.0	1.0	2.0
9	66502500	140273200	1.0	1.0	2.0
9	140273201	141055225	1.0	1.0	2.0
10	95949	11263654	1.0	1.0	2.0
10	11263655	11264653	1.0	1.0	2.0
10	11264654	37999999	1.0	1.0	2.0
10	38000000	42299999	1.0	1.0	2.0
10	42300000	135389924	1.0	1.0	2.0
11	20721	190009	1.0	1.0	2.0
11	190010	51599999	1.0	1.0	2.0
11	51600000	55699999	1.0	1.0	2.0
11	55700000	134452200	1.0	1.0	2.0
12	110107	33299999	1.0	0.0	1.0
12	38200000	132349400	1.0	1.0	2.0
12	132349401	133735570	1.0	1.0	2.0
13	16300000	19499999	1.0	1.0	2.0
13	19500000	114142800	1.0	1.0	2.0
13	114142801	115169877	1.0	1.0	2.0
14	16100000	19099999	1.0	1.0	2.0
14	19100000	106368400	1.0	1.0	2.0
15	15800000	20699999	1.0	1.0	2.0
15	20700000	100338800	1.0	1.0	2.0
15	100338801	102372568	1.0	1.0	2.0
16	101263	34599999	1.0	1.0	2.0
16	34600000	38599999	1.0	1.0	2.0
16	38600000	88827200	1.0	1.0	2.0
16	88827201	90354752	1.0	1.0	2.0
17	12500	22199999	1.0	1.0	2.0
17	22200000	25799999	1.0	1.0	2.0
17	25800000	78774600	1.0	1.0	2.0
17	78774601	81195209	1.0	1.0	2.0
18	27500	156738	1.0	1.0	2.0
18	156739	15399999	1.0	1.0	2.0
18	15400000	18999999	1.0	1.0	2.0
18	19000000	76117000	1.0	1.0	2.0
18	76117001	78077247	1.0	1.0	2.0
19	133013	24399999	1.0	1.0	2.0
19	24400000	28599999	1.0	1.0	2.0
19	28600000	59128982	1.0	1.0	2.0
20	17500	25599999	1.0	1.0	2.0
20	25600000	29399999	1.0	1.0	2.0
20	29400000	62385800	1.0	1.0	2.0
20	62385801	62859988	1.0	1.0	2.0
21	10900000	14299999	1.0	1.0	2.0
21	14300000	46937500	1.0	1.0	2.0
21	46937501	48129894	1.0	1.0	2.0
22	12200000	17899999	1.0	1.0	2.0
22	17900000	49719998	1.0	1.0	2.0
22	49719999	51304565	1.0	1.0	2.0
