chromosome_index position alt_count ref_count
1 24488008 57 87
1 34052133 86 121
1 39878312 15 38
1 41237162 5 91
1 109338856 46 142
2 71188132 141 106
2 99938405 14 42
2 132290624 149 234
2 172195861 19 69
2 172195862 19 68
2 220161482 42 135
2 225688235 109 92
2 231264856 194 166
3 8809352 96 80
3 152554722 20 66
3 171969140 76 53
3 183558378 62 110
4 10099338 44 71
4 114277121 25 48
5 353963 62 111
5 64956553 76 134
5 96443096 35 91
6 27806755 21 36
6 30572781 26 54
7 5567473 178 178
7 84644467 7 251
7 141352597 79 90
8 27913490 11 22
8 27913492 11 21
8 62577734 14 21
9 131735460 14 36
10 71874678 14 42
11 63990576 57 91
12 56814422 123 129
12 85279278 54 145
13 42185853 28 67
13 113140459 91 124
14 31091558 6 11
15 41798200 58 66
15 78790510 31 54
15 79587095 18 38
16 839242 120 106
16 18849889 36 124
16 30007027 15 8
16 58292369 50 61
16 58292370 48 63
16 90127013 101 266
17 4872081 21 62
17 27958364 78 50
17 33772567 43 39
17 37070728 41 43
17 39661375 140 84
17 45918192 44 175
18 9547717 30 48
19 12639471 16 62
19 21606232 33 32
20 23858251 10 130
20 33866848 5 16
20 36641648 20 42
20 51871576 22 40
21 34725061 12 4
21 34725063 12 4
22 45748333 29 75
