chromosome_index position alt_count ref_count
1 1404113 4 46
1 27099950 47 65
1 55470697 62 89
1 103427802 111 251
1 153789912 104 302
1 156824033 75 118
1 231339749 37 218
2 37458834 25 117
2 71148347 26 254
2 179440550 33 595
2 230377562 32 415
3 11058924 7 155
3 37154441 215 589
3 125279224 35 408
4 2355738 6 37
4 39512385 217 496
4 89414249 31 350
5 11364949 29 116
5 93856355 25 357
5 127624885 23 536
5 135692940 25 688
5 140229544 136 444
5 172660081 7 62
6 79711802 17 183
6 102266347 8 119
6 102266348 7 118
7 48317894 28 157
7 92764937 131 292
7 94039063 26 325
7 100276124 43 148
7 149503953 22 76
8 11995011 24 440
8 22054897 24 731
8 89053574 7 84
8 143957228 47 568
9 114090184 9 219
9 133355188 16 182
10 48388910 16 91
10 99338074 43 157
10 105037160 18 59
10 117226743 21 343
11 110108333 52 598
11 123524516 35 465
12 25398284 108 272
12 50847262 97 226
12 56600246 60 749
12 124069169 5 103
12 130648711 67 232
12 130923011 26 59
13 52585461 65 250
13 110857736 99 339
14 47426671 13 395
14 97319216 26 351
15 23049053 8 171
17 7416998 113 809
17 8216367 12 282
17 10350494 21 176
17 56434978 38 291
17 56448366 63 118
17 56557381 147 300
18 30846964 27 372
18 44559687 282 664
19 1270152 25 49
19 9058858 12 357
19 12575884 148 292
19 13039582 65 249
19 22171676 24 907
19 30936183 31 332
19 46417571 13 160
19 55676757 13 316
22 19035956 14 448
22 19794255 7 75
22 40797636 116 247
