chromosome_index position alt_count ref_count
1 22446953 7 25
1 62146772 63 112
1 62146773 63 114
1 91406125 19 42
1 92789712 12 30
1 95530447 25 65
1 150937694 7 180
1 155450616 17 52
1 182353845 16 15
1 183113186 4 25
1 228492134 38 44
1 230798889 45 155
2 9490974 11 32
2 44021781 23 69
2 179417694 5 34
2 201791508 6 115
2 209113112 20 35
3 48309700 9 13
3 101062666 6 104
3 101370201 6 43
3 126676282 5 9
3 150459201 7 23
3 178936092 52 59
3 184106746 7 21
4 89190046 5 67
5 10461354 9 18
5 50685622 17 48
5 64863412 24 41
5 73205282 3 22
5 101569856 11 34
5 125828903 23 41
5 132408947 25 38
5 159992800 26 29
6 27799101 9 21
6 117853534 9 51
7 31123859 11 21
7 70257823 37 52
7 104719396 17 34
8 56436681 11 43
8 125597367 32 80
9 18908591 9 50
9 34972340 9 55
9 117094106 12 28
9 131395574 14 14
9 139088523 7 31
9 139088524 7 30
10 73768180 4 10
10 89690821 33 27
10 97071899 23 23
10 114710389 6 26
11 10825051 6 27
11 18629281 5 8
11 60416755 15 24
11 63527085 26 35
11 110126076 34 93
11 111853117 37 77
12 40728872 31 49
12 50598376 3 27
12 95693742 22 45
12 115120672 18 40
13 25378475 27 41
13 32870007 36 48
13 53035860 23 61
13 80126829 10 45
13 101167776 4 39
14 38061261 9 33
14 38061312 17 29
14 38208331 7 23
14 73442323 3 25
14 77725830 7 23
14 90872511 35 81
14 102964547 27 54
15 48700865 33 68
15 50785047 19 35
15 68583448 7 28
15 81585169 17 42
15 84442378 11 28
15 85325945 17 34
15 101718019 4 58
16 1831390 23 37
17 21320311 8 81
17 21320689 16 69
17 47696405 3 32
18 8638581 17 43
18 8638582 17 44
18 8638589 18 46
18 9956791 5 5
18 22806433 15 24
19 2233277 7 17
19 39322498 13 22
19 46002484 24 52
19 48973700 17 46
19 57866689 13 34
19 59092865 3 36
20 1903042 30 61
20 49520467 6 82
20 49520469 6 80
21 40795102 42 87
22 28378872 3 23
