chromosome_index position alt_count ref_count
1 16892175 123 5143
1 22965856 46 95
1 27106583 103 180
1 39889837 45 82
1 47606535 74 148
1 55223963 57 238
1 92459709 89 131
1 92789439 29 145
1 103444452 63 110
1 111853034 41 57
1 118583438 31 58
1 152883950 69 112
1 153973462 130 227
1 155023225 3 48
1 155695220 142 185
1 155899517 41 86
1 158390470 122 177
1 161480736 73 567
1 161495520 28 39
1 166890013 17 12
1 169446778 73 125
1 171956858 105 151
1 173478767 15 33
1 192544928 67 77
1 196227430 67 95
1 196879515 33 132
1 197297664 52 79
1 201687752 149 228
1 206610339 103 181
1 210761381 9 74
1 212151805 72 99
1 216371758 85 154
1 216420335 79 147
1 228871725 36 79
1 237711838 15 66
1 243456392 80 138
1 247751829 120 180
2 11737977 228 366
2 21231538 16 507
2 71886125 115 203
2 86258532 63 411
2 100203726 242 284
2 100217970 16 32
2 125555770 28 43
2 135893466 88 150
2 139308504 31 124
2 141457818 37 55
2 141473634 40 135
2 162894822 10 54
2 162894823 10 54
2 166744890 49 58
2 176812271 73 114
2 179566302 36 89
2 207631494 46 80
2 220290457 12 17
2 228786234 62 128
2 237489140 37 88
3 6903434 34 113
3 9982635 98 100
3 16306468 8 15
3 49011181 32 89
3 49061807 13 120
3 51864842 20 41
3 52847341 19 55
3 65376898 51 126
3 100352189 5 72
3 101571589 26 86
3 109046786 69 234
3 113320475 29 32
3 122645426 17 67
3 133672526 25 97
3 148459143 99 101
3 148925398 32 102
3 169664252 71 78
3 175293828 14 37
3 184024591 113 136
3 185167779 113 99
3 193160195 21 53
4 59391 50 963
4 5960986 12 69
4 6698621 26 593
4 10447135 198 308
4 20620619 26 118
4 23816147 86 142
4 23891570 69 130
4 37848718 109 184
4 39921964 14 76
4 47538808 23 44
4 52943089 15 107
4 52943090 14 109
4 54231626 18 113
4 55599309 84 128
4 69535643 54 303
4 72363397 87 83
4 72631146 94 151
4 73957509 47 338
4 106552391 7 3
4 126337709 172 83
4 142150788 206 105
4 153247366 74 45
5 3599660 78 120
5 7690829 25 57
5 11199589 113 264
5 19571723 52 115
5 24511546 16 173
5 31323308 58 109
5 31983413 98 151
5 34936260 75 129
5 38451493 74 292
5 41058254 20 81
5 71756185 37 95
5 77521428 4 40
5 126753372 62 155
5 138160345 61 91
5 140476551 83 302
5 140559006 190 1364
5 140762628 126 122
5 140768675 121 147
5 154179188 50 140
5 154193517 95 129
5 176638368 172 47
6 348835 31 172
6 7584607 78 107
6 22570200 4 6
6 25779568 15 20
6 27115050 102 115
6 29323420 71 114
6 38800181 33 76
6 39846300 15 25
6 42978983 55 217
6 44250254 80 138
6 62757889 47 110
6 90448144 8 177
6 105606552 181 262
6 110778023 96 340
6 129513841 45 77
6 142764693 36 38
6 152655151 133 244
6 153347667 64 124
6 165715262 76 129
6 165827151 41 74
7 20682807 10 16
7 21631019 59 107
7 38402500 41 84
7 38466556 42 49
7 47698880 7 26
7 48682991 76 136
7 57188501 16 52
7 62752569 24 88
7 73791082 10 43
7 84669998 18 37
7 88964895 18 132
7 94897988 22 105
7 94897989 20 105
7 94953716 27 55
7 117876980 108 225
7 128490528 116 178
7 135106967 72 142
7 142378982 92 144
7 149515820 10 35
7 150934743 124 153
8 8234718 73 65
8 13947988 77 194
8 32621347 50 378
8 36693861 67 78
8 72948639 42 103
8 80577149 43 41
8 88886288 10 22
8 100568693 8 86
8 110980643 104 174
8 113966914 26 36
8 125989245 108 123
8 143993294 15 34
8 144892747 249 483
9 13188969 32 51
9 97087646 80 85
9 101777723 36 96
9 109691728 74 77
9 116122898 3 34
9 128434625 47 56
9 131073208 26 304
9 133573566 46 112
10 1405856 22 28
10 7759724 164 140
10 25464376 48 130
10 44880407 6 12
10 50669597 14 43
10 51582808 43 52
10 55591201 41 90
10 56424033 7 27
10 61831145 70 83
10 69957119 86 85
10 71174866 60 85
10 71392835 60 202
10 86001139 21 55
10 89503171 31 269
10 93245017 37 109
10 94700544 7 49
10 105172881 65 99
11 1606258 100 353
11 5221368 31 88
11 5221625 42 41
11 5264414 17 38
11 16838753 146 159
11 17793670 22 74
11 22296134 45 51
11 40136523 116 130
11 55587463 81 255
11 55606973 49 186
11 56344372 77 289
11 57958040 27 98
11 58190401 48 143
11 60739236 7 18
11 67075021 33 87
11 69488085 68 1879
11 84028057 65 290
11 89407259 15 91
11 92531954 5 58
11 110501372 15 128
11 119212270 23 104
11 123886778 156 258
11 123894151 50 233
11 124189760 29 72
12 2797877 34 61
12 14766103 177 279
12 21446919 52 72
12 31815160 34 177
12 40692983 53 244
12 43944800 29 49
12 49422696 150 268
12 52864970 298 441
12 53187953 99 435
12 55420705 67 105
12 57175987 57 94
12 57866398 43 59
12 66638788 61 114
12 70934711 9 17
12 71016374 7 14
12 71158516 58 105
12 76424417 14 23
12 79611319 56 88
12 98927584 70 81
12 100431378 54 100
12 107372502 30 48
12 108685603 41 204
12 113357191 99 141
12 114386746 139 257
12 130184675 28 96
12 132529259 72 127
13 53603068 152 201
13 58206752 37 52
13 58208455 61 63
13 58208456 61 64
13 95364236 37 110
13 97485339 102 131
13 108955624 23 56
14 20389301 186 870
14 21511429 89 156
14 23518342 17 23
14 23530761 7 27
14 65511078 33 388
14 91942249 24 96
14 101200827 53 136
14 105070800 7 24
14 105181075 21 36
14 106208539 103 156
14 106791010 82 1368
14 107211183 107 244
15 23889926 15 72
15 24922855 33 140
15 25924782 33 103
15 25953178 25 96
15 25958826 26 29
15 25961899 46 220
15 26792997 63 93
15 29092288 22 19
15 44097469 37 119
15 50788043 25 27
15 55724725 33 98
15 69347743 65 55
15 72227722 51 121
15 74325808 32 22
16 21995692 148 417
16 30093844 54 63
16 49671630 39 144
16 55730200 32 154
16 68597604 33 109
16 70841641 40 150
16 72992274 56 80
17 12656076 104 35
17 21215473 16 149
17 26091081 26 43
17 32965040 20 14
17 66880537 36 8
17 75478454 3 39
17 80790186 103 164
18 5394711 95 121
18 7016508 70 239
18 12421573 49 225
18 14752569 13 91
18 14763758 128 49
18 50451655 96 107
18 60563123 42 84
18 66344122 8 56
19 2717735 28 123
19 7671400 8 12
19 9068558 85 167
19 10610642 83 117
19 13064981 56 224
19 13411423 114 186
19 15580643 19 15
19 17448916 10 47
19 23836878 20 49
19 30097182 5 34
19 37904957 59 64
19 38023283 47 49
19 43268170 327 647
19 43268171 334 648
19 48608658 149 232
19 50216783 246 185
19 53058525 424 295
19 55112428 13 41
19 55317416 23 199
19 57326605 38 301
19 57640564 28 245
19 57744012 169 129
20 3673573 34 89
20 23065301 58 197
20 23965811 42 39
20 29993974 29 62
20 31374396 64 159
20 35526865 51 80
20 35526866 52 84
20 43251533 107 240
20 43379255 23 46
20 48127716 34 60
20 62598358 65 89
21 10933853 65 301
21 11039008 45 718
21 17197371 10 84
21 43221560 45 205
22 28196205 7 71
22 32506304 11 14
22 40075138 4 35
