chromosome_index position alt_count ref_count
1 40033169 19 57
1 82418680 29 50
1 84874090 20 17
1 89655829 35 57
1 152082760 55 268
1 248367072 198 345
2 220349266 5 11
2 237374203 41 61
3 12881804 55 90
3 47619240 31 58
3 98188663 161 285
3 121647354 106 167
3 139098010 17 46
4 10444692 23 31
4 68610287 40 54
4 75312298 112 57
5 52183784 55 90
6 7569486 57 101
6 33153497 29 46
6 101054729 38 68
6 139694947 19 34
7 4308166 6 9
7 6797344 12 53
7 27185382 81 293
7 37934142 44 88
7 41729233 22 118
7 51096735 66 189
7 53104084 48 67
7 55233036 12 259
7 71571150 15 49
7 103050930 34 88
7 130297070 31 64
7 143268908 19 26
8 19177081 31 53
8 69030839 66 78
8 113529374 58 100
8 119391929 55 99
8 139791753 37 81
9 125289116 9 51
9 136508597 36 81
10 79581860 3 68
10 118464692 22 24
11 6589084 12 24
11 56380101 136 253
11 56431862 105 140
11 121444999 122 173
12 57988971 138 264
12 75441962 169 267
12 100711649 50 83
12 130841563 30 68
14 73974950 47 114
15 45249150 29 58
15 74637444 47 54
16 3187509 42 47
16 30960835 6 12
17 7577127 13 37
17 7578263 38 64
17 10206539 109 177
17 16593762 4 21
17 65104714 39 62
18 28934952 169 294
19 7707328 17 254
19 10659590 37 52
19 22363176 93 158
19 42558502 37 80
19 54466519 12 27
19 56370584 50 106
20 33122583 17 50
21 19169012 111 262
21 44296865 31 56
21 48071783 44 54
22 32756314 7 132
