chromosome_index position alt_count ref_count
1 5925294 5 17
1 14057566 45 108
1 17030454 23 267
1 25167282 51 81
1 28800582 59 104
1 29481422 26 18
1 37291214 9 27
1 38289411 17 57
1 43770806 16 24
1 49224580 46 28
1 50610646 11 32
1 50642827 32 40
1 62941002 10 85
1 75097440 11 57
1 115168270 16 24
1 145415460 45 58
1 152282081 115 264
1 155307502 36 136
1 156521536 25 18
1 156593630 7 15
1 156646946 10 14
1 157069094 35 30
1 158517014 29 102
1 158687639 121 73
1 167400933 24 132
1 175086196 55 69
1 179019498 74 56
1 197093437 5 11
1 200956132 38 91
1 202318221 11 32
1 212799147 5 31
1 223396725 15 39
1 224804722 6 16
1 238048755 23 69
1 240256749 16 66
1 243385112 9 17
1 247695102 23 116
1 248551279 40 64
1 248685675 44 24
2 1241788 5 12
2 11300802 58 62
2 61275819 15 89
2 120005614 19 60
2 125521594 38 45
2 141072523 45 57
2 142888247 6 41
2 150064896 8 121
2 163374466 18 69
2 179438077 11 55
2 189899659 16 80
2 198953756 43 64
2 202519634 5 10
2 207459514 26 92
2 210560529 10 33
2 220026747 10 40
2 234851437 29 35
2 238234360 12 37
3 384687 15 46
3 1427425 68 40
3 8787374 11 20
3 10276201 23 76
3 14176343 12 53
3 44636719 23 6
3 48916844 57 97
3 53218979 16 53
3 100976610 19 72
3 118865646 34 136
3 121178916 45 118
3 133465294 4 13
3 134090185 25 22
3 145790418 11 41
3 150916462 30 73
3 167023731 5 13
3 167039914 17 57
3 183882634 25 70
3 194790800 35 64
4 2062773 29 5
4 6064098 35 85
4 39448186 45 41
4 56736993 25 45
4 68928501 19 101
4 84350749 60 6
4 119652578 30 39
4 187628514 54 71
5 161981 53 27
5 3599588 27 149
5 15936756 33 13
5 32090272 87 414
5 33751439 15 14
5 38427162 31 151
5 43536983 190 34
5 79057703 17 1
5 86659260 32 14
5 128302292 15 3
5 140182706 57 50
5 140588663 54 72
5 140755048 45 153
5 140773250 54 45
5 161324205 28 86
5 176638327 14 58
6 3078166 17 52
6 25819768 17 74
6 29364435 120 105
6 33041378 20 26
6 35262953 7 20
6 43543539 80 262
6 63990178 13 244
6 66063353 15 57
6 74346391 34 87
6 107111010 17 32
6 134210769 14 43
6 146351157 34 95
6 150005125 22 55
7 4900521 22 134
7 19035693 10 25
7 21598515 4 15
7 55223604 18 21
7 66103848 19 43
7 71036345 26 135
7 72420625 19 62
7 82543963 10 11
7 89861667 13 15
7 99757923 22 58
7 114269988 11 11
7 121944205 14 2
7 126882944 20 21
7 140706300 54 25
7 150028250 7 3
7 150703991 61 17
7 155530820 77 29
8 2054185 26 97
8 3057273 7 14
8 10469956 93 93
8 22005847 32 29
8 22414348 19 104
8 22864247 13 95
8 27516465 28 48
8 49832925 43 275
8 67492545 31 31
8 70540421 42 111
8 106813641 21 8
8 116427108 51 142
8 125565369 105 366
8 141294065 22 99
8 145139196 27 113
9 23692860 25 34
9 27949498 29 60
9 40773269 49 136
9 90266561 18 51
9 97333768 18 56
9 125437502 37 101
9 130940034 6 6
10 21104554 19 17
10 27057879 116 49
10 45427458 3 26
10 50854647 19 51
10 64415217 22 25
10 68687350 29 47
10 85981612 7 17
10 101825124 11 18
10 102684668 4 93
10 108389086 14 44
10 118434850 7 20
10 123844926 62 43
10 124339248 97 304
10 131671794 24 28
10 134755211 19 32
11 709560 28 7
11 1272662 33 131
11 5566174 22 75
11 6048513 21 66
11 8284922 13 35
11 61081144 5 13
11 61729788 16 59
11 65402868 5 21
11 82444664 7 4
11 100221534 66 16
11 118253350 225 49
11 118454629 78 22
11 124267190 112 12
11 130011402 53 16
12 8687405 9 34
12 39735371 8 41
12 91371944 35 17
12 99020133 4 82
12 122219165 8 2
12 125453471 4 11
13 30110029 9 65
13 36699928 18 84
13 52598571 35 167
13 78493633 9 46
13 95131262 54 111
13 110436796 7 36
13 111155584 35 15
13 111286977 17 57
13 112722276 15 52
13 114781717 58 25
14 22446955 122 108
14 23468274 24 56
14 24114538 28 69
14 34269090 13 22
14 35182762 8 20
14 50154897 8 4
14 51401876 37 56
14 61512843 19 18
14 74426075 12 34
14 76964844 23 34
14 79433625 8 55
14 93118805 66 75
15 24921694 22 18
15 25925073 51 49
15 42742247 41 50
15 43826988 53 49
15 45386852 27 29
15 54306946 24 105
15 54307612 7 41
15 63866244 23 54
15 68120229 5 10
15 74174028 12 33
15 74467329 37 41
15 84582130 10 43
15 89392905 16 47
16 1259359 32 28
16 2983164 25 21
16 30505559 55 106
16 31230619 36 139
16 72828910 25 76
16 77331238 39 75
16 88706481 50 50
17 559155 15 61
17 1961548 4 30
17 3937348 98 143
17 3954207 33 63
17 5253802 4 92
17 7554931 6 5
17 7578403 36 14
17 8383470 28 121
17 8814786 30 54
17 9764495 89 126
17 10265478 108 194
17 10366655 25 49
17 10426631 42 69
17 19318132 3 46
17 51901904 23 25
17 59949691 18 44
17 60518011 26 71
17 65082948 38 96
17 66423299 20 72
17 70732815 58 52
17 72308221 22 31
17 79683076 3 11
18 6046755 50 72
18 29037082 14 41
18 31709844 27 12
18 34205579 32 15
18 48591904 18 11
18 56939701 33 38
18 77805864 25 19
19 1802601 12 16
19 2515067 31 96
19 5131234 6 2
19 6476976 9 52
19 7703623 27 68
19 9015369 46 100
19 9225581 21 73
19 9407101 63 58
19 10132297 40 70
19 16860348 8 31
19 19261546 22 63
19 19654586 55 114
19 20236018 26 10
19 21608548 13 10
19 21719370 24 19
19 31769276 94 100
19 38160615 38 109
19 43349256 138 126
19 44244320 85 78
19 46215975 9 38
19 46287378 9 18
19 48636295 81 215
19 48994447 5 31
19 49854564 5 18
19 49936185 5 5
19 51293690 6 6
19 52887920 14 15
19 55316320 51 68
19 55349296 257 238
19 55750801 5 36
19 57066450 24 63
19 58596724 8 8
20 1456815 49 82
20 1514929 13 13
20 32336741 49 65
20 34022548 54 239
20 44519401 27 26
20 44642407 13 27
20 47602105 18 90
20 55033513 44 169
20 62234354 144 135
21 31538438 24 10
21 34166251 10 32
22 18389633 23 62
22 23077398 120 154
22 40814951 17 47
22 42189872 5 14
22 45740434 86 117
