chromosome_index position alt_count ref_count
1 16375690 62 17
1 34285341 3 17
1 45293266 34 8
1 67292683 35 44
1 118497948 24 3
1 119619197 92 23
1 156233237 54 70
1 156785616 17 34
1 161049448 6 13
1 200956237 9 187
1 203054717 11 58
1 207697072 69 19
1 232650590 135 20
2 36691694 67 114
2 37520323 23 65
2 50149151 33 47
2 54891603 43 233
2 71780158 4 56
2 89160754 6 19
2 119915824 3 11
2 141359174 6 49
2 152226607 64 72
2 158162305 6 52
2 160619499 5 41
2 162280766 5 3
2 162661031 22 22
2 163280005 50 56
2 166020350 11 37
2 179587427 14 14
2 185800683 20 28
2 185803540 43 69
2 209308082 20 7
3 100093900 49 88
3 100170729 85 41
3 142740399 8 37
3 151597696 29 69
3 158539427 14 140
3 172165718 22 43
3 178546115 22 41
3 179615940 9 132
3 183756634 44 118
4 39290414 29 13
4 42524198 93 13
4 47853112 10 22
4 57852522 38 24
4 65175550 19 60
4 78792958 5 45
4 85716037 21 20
4 110980810 7 31
5 2752514 9 4
5 23526667 11 11
5 24488021 51 47
5 39127888 14 20
5 95011292 6 55
5 140215088 93 20
5 140264051 70 9
5 140710805 64 9
5 148626086 20 3
5 170395247 25 8
5 171583735 57 18
5 177574774 76 19
6 13977531 9 121
6 26045748 20 40
6 26246938 13 46
6 27925114 9 89
6 30692216 5 3
6 38899605 41 118
6 46658979 5 65
6 97676903 36 39
6 97694537 19 15
6 110301053 17 12
6 116443007 8 66
6 119295637 51 139
6 146755396 40 69
7 19761614 16 14
7 31917639 8 36
7 57188312 16 27
7 99565809 37 45
7 103143679 12 39
7 123267298 19 23
7 123269291 25 85
7 139258060 51 85
7 141722076 34 61
7 142124259 118 131
7 148947393 6 82
7 154862705 22 94
8 8185978 8 6
8 30557645 43 12
8 52320696 4 82
8 52773448 3 40
8 53126796 62 74
8 57025569 18 25
8 67740926 53 100
8 71487192 20 14
8 106815640 23 23
8 144808950 19 22
9 21077922 4 4
9 33676672 56 8
9 96055448 7 6
9 99694193 15 18
9 121929496 6 118
9 125797792 53 42
9 126164103 47 47
9 130653215 14 34
9 130653241 16 30
10 73405728 18 2
10 75435138 136 38
10 98469638 20 17
10 117001476 28 2
10 131565232 9 34
11 6048216 26 20
11 102479679 23 73
11 113712437 60 54
11 119027587 22 110
11 121016697 75 108
11 128677100 13 13
12 6659050 8 10
12 21325613 12 65
12 31820646 26 20
12 42858530 26 56
12 49448535 28 18
12 56646628 3 32
12 67699816 52 46
12 80771649 11 6
12 81532986 23 14
12 105238389 4 59
12 113810606 35 29
12 125397972 43 144
14 55878478 7 8
14 78325478 53 52
14 89082514 56 91
14 93649974 25 74
14 95999779 83 105
14 100182184 29 41
14 106791020 34 375
15 28413737 11 14
15 48500015 17 22
15 51809333 5 142
15 54305278 38 57
15 56386608 36 89
15 71125421 37 72
15 72968471 6 6
16 1822093 7 10
16 23382771 10 25
16 24990293 15 20
16 30006861 11 28
16 57290897 39 35
16 57509863 10 9
16 69967032 8 7
17 7578403 28 9
17 8172074 41 5
17 39221667 25 5
17 39504890 169 45
17 48453432 5 74
17 49074037 19 31
17 53111543 41 56
17 59489616 6 13
17 76212844 31 55
18 12986890 16 19
18 13737130 16 15
19 13411468 5 67
19 30936464 10 47
19 34833300 68 92
19 35719283 44 66
19 37118397 17 28
19 44933285 47 30
19 50310323 7 8
19 50310325 7 8
19 50906794 57 90
19 51322438 5 88
19 53854072 12 95
19 54466595 3 30
19 54656721 47 147
20 1559072 44 208
20 30028525 163 255
20 30584797 39 43
20 31980046 4 89
20 36012655 12 7
20 45003021 39 50
22 37769111 12 34
22 38273678 21 61
