chromosome_index position alt_count ref_count
1 87045773 29 151
1 113459737 4 31
1 145585446 12 63
1 155228674 28 253
2 73681055 62 323
2 99008389 23 140
2 191931230 37 209
3 156234114 66 383
4 15690353 24 100
4 52862002 19 80
4 81967700 17 123
4 90857577 30 144
5 39308460 26 140
5 39376768 66 332
5 94206137 113 894
5 133695765 43 234
5 159821189 15 98
6 124676421 41 923
6 128303991 59 206
6 132030953 80 517
7 149463195 6 13
8 74858968 46 224
11 9809282 85 441
11 62569657 26 115
11 75907728 3 24
11 120776185 7 51
12 7174955 29 164
12 32908125 18 89
12 104171509 4 36
14 20943267 37 262
14 92454666 60 345
16 2820865 14 102
17 40063774 5 50
17 45909296 39 213
19 12841483 4 20
19 17653043 19 119
22 39917799 22 110
