chromosome_index	start_position	end_position	major_cn	minor_cn	total_cn
1	1	27575520	2.0	1.0	3.0
1	27575521	27576922	2.0	1.0	3.0
1	27576923	121499999	2.0	1.0	3.0
1	121500000	128899999	2.0	1.0	3.0
1	128900000	143302001	2.0	1.0	3.0
1	143302002	143516938	2.0	1.0	3.0
1	143516939	143541938	2.0	1.0	3.0
1	143541939	144837332	2.0	1.0	3.0
1	144837333	145079001	5.0	1.0	6.0
1	145079002	146317201	5.0	1.0	6.0
1	146317202	149846601	3.0	1.0	4.0
1	149846602	164572674	6.0	1.0	7.0
1	164572675	164683192	5.0	2.0	7.0
1	164683193	240699781	6.0	1.0	7.0
1	240699782	249190417	6.0	1.0	7.0
1	249190418	249192084	3.0	1.0	4.0
2	42991	69856811	2.0	1.0	3.0
2	69856812	70447189	3.0	1.0	4.0
2	70447190	71232381	3.0	1.0	4.0
2	71232382	90499999	2.0	1.0	3.0
2	90500000	96799999	2.0	1.0	3.0
2	96800000	242806384	2.0	1.0	3.0
2	242806385	242985695	2.0	1.0	3.0
3	62971	2251102	2.0	0.0	2.0
3	2251103	87899999	2.0	0.0	2.0
3	87900000	93899999	2.0	0.0	2.0
3	93900000	162510025	2.0	0.0	2.0
3	162510026	176830737	2.0	0.0	2.0
3	176830738	176848534	2.0	0.0	2.0
3	176848535	195198118	2.0	0.0	2.0
3	195198119	197795233	2.0	0.0	2.0
4	22303	44628811	2.0	1.0	3.0
4	44628812	48199999	2.0	1.0	3.0
4	48200000	52699999	2.0	1.0	3.0
4	52700000	114289247	2.0	1.0	3.0
4	114289248	114542298	2.0	1.0	3.0
4	114542299	191154275	2.0	1.0	3.0
5	14676	175322	3.0	0.0	3.0
5	175323	251539	2.0	1.0	3.0
5	251540	265079	4.0	1.0	5.0
5	265080	636140	3.0	1.0	4.0
5	636141	641507	3.0	1.0	4.0
5	641508	742490	3.0	2.0	5.0
5	742491	1899949	3.0	1.0	4.0
5	1899950	15670097	4.0	0.0	4.0
5	15670098	19039291	1.0	0.0	1.0
5	19039292	40400131	1.0	0.0	1.0
5	40400132	40691270	2.0	1.0	3.0
5	40691271	40698226	2.0	2.0	4.0
5	40698227	41632952	2.0	1.0	3.0
5	41632953	41639086	2.0	1.0	3.0
5	41639087	41924444	3.0	1.0	4.0
5	41924445	41926199	2.0	2.0	4.0
5	41926200	46099999	1.0	1.0	2.0
5	46100000	50699999	1.0	1.0	2.0
5	50700000	180715221	1.0	1.0	2.0
6	39681	206091	3.0	1.0	4.0
6	206092	6520337	3.0	1.0	4.0
6	6520338	7040121	2.0	1.0	3.0
6	7040122	17579922	3.0	1.0	4.0
6	17579923	17580195	2.0	1.0	3.0
6	17580196	20439638	3.0	1.0	4.0
6	20439639	20439849	2.0	1.0	3.0
6	20439850	20799981	3.0	1.0	4.0
6	20799982	20803968	2.0	1.0	3.0
6	20803969	39120054	3.0	1.0	4.0
6	39120055	39776692	11.0	3.0	14.0
6	39776693	39838110	63.0	0.0	63.0
6	39838111	39838164	63.0	0.0	63.0
6	39838165	39838472	48.0	1.0	49.0
6	39838473	39850807	15.0	2.0	17.0
6	39850808	39856302	15.0	2.0	17.0
6	39856303	40013139	14.0	3.0	17.0
6	40013140	40148942	12.0	2.0	14.0
6	40148943	40162479	15.0	0.0	15.0
6	40162480	40461422	10.0	2.0	12.0
6	40461423	40465792	18.0	2.0	20.0
6	40465793	40504939	14.0	2.0	16.0
6	40504940	40564272	11.0	2.0	13.0
6	40564273	40564493	11.0	2.0	13.0
6	40564494	40651701	11.0	2.0	13.0
6	40651702	40663174	40.0	1.0	41.0
6	40663175	40773763	69.0	0.0	69.0
6	40773764	40773804	18.0	2.0	20.0
6	40773805	40956019	11.0	2.0	13.0
6	40956020	40956789	11.0	2.0	13.0
6	40956790	41008686	18.0	2.0	20.0
6	41008687	41109479	67.0	3.0	70.0
6	41109480	41260250	11.0	3.0	14.0
6	41260251	41381876	65.0	0.0	65.0
6	41381877	41483101	11.0	2.0	13.0
6	41483102	41483198	17.0	2.0	19.0
6	41483199	41750868	11.0	2.0	13.0
6	41750869	41809711	74.0	0.0	74.0
6	41809712	41811709	19.0	4.0	23.0
6	41811710	41908581	76.0	0.0	76.0
6	41908582	41943506	72.0	0.0	72.0
6	41943507	41947796	10.0	2.0	12.0
6	41947797	42332813	12.0	2.0	14.0
6	42332814	42333467	18.0	2.0	20.0
6	42333468	42344677	18.0	2.0	20.0
6	42344678	42350788	18.0	2.0	20.0
6	42350789	42431839	18.0	2.0	20.0
6	42431840	42447945	22.0	0.0	22.0
6	42447946	42450536	22.0	0.0	22.0
6	42450537	42506772	22.0	0.0	22.0
6	42506773	42509254	22.0	0.0	22.0
6	42509255	42542118	73.0	0.0	73.0
6	42542119	42543573	73.0	0.0	73.0
6	42543574	42596926	73.0	0.0	73.0
6	42596927	42598621	17.0	4.0	21.0
6	42598622	42857525	73.0	0.0	73.0
6	42857526	43009136	11.0	3.0	14.0
6	43009137	43065489	73.0	0.0	73.0
6	43065490	43065534	73.0	0.0	73.0
6	43065535	43065676	47.0	2.0	49.0
6	43065677	43482745	11.0	3.0	14.0
6	43482746	43483191	66.0	0.0	66.0
6	43483192	43727576	11.0	3.0	14.0
6	43727577	43728591	12.0	2.0	14.0
6	43728592	43736475	10.0	2.0	12.0
6	43736476	44201886	11.0	3.0	14.0
6	44201887	44205767	69.0	3.0	72.0
6	44205768	44211760	74.0	0.0	74.0
6	44211761	44265456	11.0	3.0	14.0
6	44265457	44394633	3.0	1.0	4.0
6	44394634	45324452	2.0	1.0	3.0
6	45324453	51325222	3.0	1.0	4.0
6	51325223	51329759	3.0	1.0	4.0
6	51329760	57631545	3.0	1.0	4.0
6	57631546	57638547	2.0	1.0	3.0
6	57638548	58699999	2.0	1.0	3.0
6	63300000	64459655	3.0	1.0	4.0
6	64459656	64462419	3.0	1.0	4.0
6	64462420	65508453	3.0	1.0	4.0
6	65508454	65508630	2.0	1.0	3.0
6	65508631	66547975	3.0	1.0	4.0
6	66547976	66548425	2.0	1.0	3.0
6	66548426	69321005	3.0	1.0	4.0
6	69321006	88291757	2.0	1.0	3.0
6	88291758	88443763	3.0	1.0	4.0
6	88443764	91920051	2.0	1.0	3.0
6	91920052	96365167	3.0	1.0	4.0
6	96365168	96366924	2.0	1.0	3.0
6	96366925	96473566	3.0	1.0	4.0
6	96473567	96473713	3.0	1.0	4.0
6	96473714	96483935	2.0	1.0	3.0
6	96483936	96780712	3.0	1.0	4.0
6	96780713	116842741	2.0	1.0	3.0
6	116842742	118521306	3.0	1.0	4.0
6	118521307	121548228	3.0	1.0	4.0
6	121548229	121549267	3.0	1.0	4.0
6	121549268	123690438	3.0	1.0	4.0
6	123690439	129485542	2.0	1.0	3.0
6	129485543	129486892	3.0	2.0	5.0
6	129486893	132203384	2.0	1.0	3.0
6	132203385	133567942	3.0	1.0	4.0
6	133567943	133569015	2.0	1.0	3.0
6	133569016	144376626	3.0	1.0	4.0
6	144376627	168564353	2.0	1.0	3.0
6	168564354	170873429	3.0	1.0	4.0
7	40386	48294101	2.0	1.0	3.0
7	48294102	53015456	2.0	1.0	3.0
7	53015457	57999999	2.0	1.0	3.0
7	58000000	61699999	2.0	1.0	3.0
7	61700000	61785087	2.0	1.0	3.0
7	61785088	94599897	2.0	1.0	3.0
7	94599898	94607325	2.0	1.0	3.0
7	94607326	94674857	1.0	1.0	2.0
7	94674858	158821400	2.0	1.0	3.0
8	10001	198545	3.0	0.0	3.0
8	198546	2140009	3.0	0.0	3.0
8	2140010	2249072	4.0	0.0	4.0
8	2249073	2339658	4.0	0.0	4.0
8	2339659	3642757	3.0	0.0	3.0
8	3642758	3803393	0.0	0.0	0.0
8	3803394	4386800	3.0	0.0	3.0
8	4386801	7781768	2.0	0.0	2.0
8	7781769	40735793	2.0	0.0	2.0
8	40735794	40978520	8.0	2.0	10.0
8	40978521	40979815	5.0	1.0	6.0
8	40979816	41032922	8.0	2.0	10.0
8	41032923	41037891	7.0	1.0	8.0
8	41037892	41040296	20.0	1.0	21.0
8	41040297	41189039	12.0	2.0	14.0
8	41189040	41382868	17.0	1.0	18.0
8	41382869	41435082	24.0	0.0	24.0
8	41435083	41524468	21.0	2.0	23.0
8	41524469	41525121	18.0	0.0	18.0
8	41525122	41544072	18.0	0.0	18.0
8	41544073	41570477	20.0	0.0	20.0
8	41570478	41622776	15.0	2.0	17.0
8	41622777	41670209	20.0	1.0	21.0
8	41670210	41674077	18.0	1.0	19.0
8	41674078	41693532	16.0	1.0	17.0
8	41693533	41785987	15.0	1.0	16.0
8	41785988	41927040	17.0	2.0	19.0
8	41927041	41931688	4.0	2.0	6.0
8	41931689	42111619	3.0	2.0	5.0
8	42111620	42111856	5.0	2.0	7.0
8	42111857	42112141	5.0	2.0	7.0
8	42112142	43099999	8.0	2.0	10.0
8	48100000	51538500	2.0	2.0	4.0
8	51538501	55872658	2.0	2.0	4.0
8	55872659	73844110	2.0	2.0	4.0
8	73844111	74775579	2.0	2.0	4.0
8	74775580	116462700	3.0	2.0	5.0
8	116462701	116495388	2.0	2.0	4.0
8	116495389	116526487	7.0	2.0	9.0
8	116526488	116546804	6.0	1.0	7.0
8	116546805	116585873	3.0	1.0	4.0
8	116585874	116624092	7.0	2.0	9.0
8	116624093	146364021	8.0	2.0	10.0
9	55945	219527	2.0	0.0	2.0
9	219528	14166375	2.0	0.0	2.0
9	14166376	14282558	2.0	0.0	2.0
9	14282559	47173401	2.0	0.0	2.0
9	47173402	50699999	2.0	0.0	2.0
9	50700000	140273200	2.0	0.0	2.0
10	97500	37999999	2.0	1.0	3.0
10	38000000	42413677	2.0	1.0	3.0
10	42413678	47022501	2.0	1.0	3.0
10	47022502	135236717	2.0	1.0	3.0
11	20721	198985	1.0	1.0	2.0
11	198986	51599999	1.0	1.0	2.0
11	51600000	55699999	1.0	1.0	2.0
11	55700000	129274133	1.0	1.0	2.0
11	129274134	129296047	1.0	0.0	1.0
11	129296048	134452200	1.0	1.0	2.0
12	110107	8560455	2.0	0.0	2.0
12	8560456	11505201	2.0	0.0	2.0
12	11505202	11550150	2.0	0.0	2.0
12	11550151	33299999	2.0	0.0	2.0
12	33300000	38199999	2.0	0.0	2.0
12	38200000	120609910	2.0	0.0	2.0
12	120609911	120641691	1.0	0.0	1.0
12	120641692	132342500	2.0	0.0	2.0
12	132342501	133851894	2.0	0.0	2.0
13	1	16299999	1.0	1.0	2.0
13	16300000	19499999	1.0	1.0	2.0
13	19500000	41887824	1.0	1.0	2.0
13	41887825	41889268	1.0	1.0	2.0
13	41889269	114142800	1.0	1.0	2.0
13	114142801	115169877	1.0	1.0	2.0
14	1	16099999	2.0	0.0	2.0
14	16100000	19099999	2.0	0.0	2.0
14	19100000	19446718	2.0	0.0	2.0
14	19446719	106368400	2.0	0.0	2.0
15	1	15799999	1.0	1.0	2.0
15	15800000	20699999	1.0	1.0	2.0
15	20700000	100338800	1.0	1.0	2.0
15	100338801	102531391	1.0	1.0	2.0
16	91309	34599999	2.0	2.0	4.0
16	34600000	38599999	2.0	2.0	4.0
16	38600000	46417499	2.0	2.0	4.0
16	46417500	88827200	2.0	2.0	4.0
16	88827201	89960814	2.0	2.0	4.0
17	2500	22199999	3.0	0.0	3.0
17	22200000	25799999	3.0	0.0	3.0
17	25800000	78774600	3.0	0.0	3.0
17	78774601	81195209	3.0	0.0	3.0
18	27500	15399999	2.0	2.0	4.0
18	15400000	18999999	2.0	2.0	4.0
18	19000000	76117000	2.0	2.0	4.0
18	76117001	78077247	2.0	2.0	4.0
19	47500	254303	1.0	1.0	2.0
19	254304	24399999	1.0	1.0	2.0
19	28600000	29032297	3.0	1.0	4.0
19	29032298	29541479	3.0	1.0	4.0
19	29541480	29711466	3.0	1.0	4.0
19	29711467	30265421	2.0	1.0	3.0
19	30265422	30473157	3.0	1.0	4.0
19	30473158	32118573	2.0	1.0	3.0
19	32118574	32242104	2.0	1.0	3.0
19	32242105	32296349	1.0	0.0	1.0
19	32296350	32304734	4.0	0.0	4.0
19	32304735	32332486	6.0	0.0	6.0
19	32332487	32339261	6.0	0.0	6.0
19	32339262	34576809	3.0	1.0	4.0
19	34576810	34578476	3.0	1.0	4.0
19	34578477	35537475	3.0	1.0	4.0
19	35537476	35682147	2.0	1.0	3.0
19	35682148	35983669	3.0	1.0	4.0
19	35983670	36924197	2.0	1.0	3.0
19	36924198	37446580	3.0	1.0	4.0
19	37446581	39338124	4.0	1.0	5.0
19	39338125	39350017	7.0	1.0	8.0
19	39350018	39783340	3.0	1.0	4.0
19	39783341	40290755	9.0	1.0	10.0
19	40290756	40594633	9.0	1.0	10.0
19	40594634	40932692	10.0	1.0	11.0
19	40932693	40937086	6.0	1.0	7.0
19	40937087	45986482	1.0	1.0	2.0
19	45986483	46276899	2.0	1.0	3.0
19	46276900	49518442	2.0	1.0	3.0
19	49518443	50009466	3.0	1.0	4.0
19	50009467	52864380	3.0	1.0	4.0
19	52864381	53043581	3.0	1.0	4.0
19	53043582	53535688	2.0	1.0	3.0
19	53535689	59128982	1.0	0.0	1.0
20	28885	25599999	3.0	0.0	3.0
20	29464811	62432500	3.0	1.0	4.0
21	10755032	10899999	2.0	1.0	3.0
21	14300000	46937500	3.0	1.0	4.0
21	46937501	48129894	3.0	1.0	4.0
22	1	12199999	3.0	0.0	3.0
22	12200000	17899999	3.0	0.0	3.0
22	17900000	49687500	3.0	0.0	3.0
22	49687501	51304565	3.0	0.0	3.0
