chromosome_index	start_position	end_position	major_cn	minor_cn	total_cn
1	61735	249224388	1	1	2
2	12784	141499404	1	1	2
2	141501042	142334436	1	0	1
2	142342699	239914612	1	1	2
2	239914718	243089456	1	0	1
3	60345	29915860	2	1	3
3	29915942	54270646	2	0	2
3	54271126	54973680	2	1	3
3	54973887	55155778	2	0	2
3	55155822	64304166	2	1	3
3	64304198	197896118	1	1	2
4	12281	191027923	1	1	2
5	15532	180790320	1	1	2
6	149661	162951602	1	1	2
6	162951697	163291202	1	0	1
6	163294325	171051005	1	1	2
7	43259	159127004	1	1	2
8	31254	146298155	1	1	2
9	46587	9107514	1	1	2
9	9107829	9885456	0	0	0
9	9885640	10127876	1	0	1
9	10128645	141091394	1	1	2
10	72759	135506704	1	1	2
11	198572	134944770	1	1	2
12	150442	21780823	1	1	2
12	21781124	21987621	1	0	1
12	21988088	133778189	1	1	2
13	19026949	73630620	1	1	2
13	73630947	74189185	2	1	3
13	74195341	115108397	1	1	2
14	19002124	107285437	1	1	2
15	20016328	102469040	1	1	2
16	60777	31534663	1	1	2
16	31536419	35283226	2	0	2
16	46463782	78369446	1	1	2
16	78369460	78764811	1	0	1
16	78766129	90287535	1	1	2
17	526	81049726	1	1	2
18	48133	33985522	1	1	2
18	33987212	34411518	1	0	1
18	34411602	78015057	1	1	2
19	90910	59097854	1	1	2
20	61305	62956153	1	0	1
21	10736871	48096957	1	1	2
22	16052528	51234455	1	1	2
