chromosome_index position alt_count ref_count
1 19441927 12 141
1 67337151 45 98
1 111147503 4 7
1 119575848 73 109
1 149783748 229 1080
1 229685102 137 110
2 132254864 39 202
2 162865112 112 636
2 179613334 31 57
2 182542453 28 96
2 217234805 4 11
2 239037432 15 25
3 37061951 46 175
3 39225777 64 275
3 48420930 114 348
3 100274162 38 79
3 119534576 12 172
3 183858257 56 194
3 186761001 117 208
3 195955131 22 104
4 47428009 22 104
5 9630017 14 16
5 139942247 26 488
5 140501624 29 326
5 145529206 69 297
5 178634695 31 50
6 11010983 40 177
6 30457652 51 62
6 33382137 28 130
6 43100368 39 134
6 116747991 59 134
7 45931586 74 157
7 49815026 3 30
7 121701362 7 44
8 53049163 173 270
8 92355635 25 189
8 95505026 184 296
8 102582623 292 399
8 131921955 124 1132
8 133726253 44 477
8 139164354 43 117
8 144620674 138 110
9 131117388 48 152
10 15647732 52 250
10 43088068 38 148
11 34978943 22 106
11 58190471 80 317
11 67174357 43 61
11 67209508 10 268
11 111957585 335 254
11 122944324 131 456
12 7054969 265 253
12 40645170 30 30
12 52754812 22 144
12 53170780 222 386
12 56435757 8 15
12 123186799 22 143
13 42877816 4 69
13 43872524 122 240
13 51825732 24 24
14 21993152 26 139
14 21993153 26 139
14 39639249 29 967
14 39650026 91 536
15 39885816 22 108
15 52356635 21 29
16 2815985 19 86
16 16267249 68 302
16 19195409 27 199
16 19195414 26 196
16 24581309 19 57
16 27457369 44 156
16 30965038 33 35
16 47117252 76 410
17 6690856 12 3
17 7579313 54 19
17 10304450 60 131
17 12666922 23 56
17 27963139 70 131
17 48562147 61 142
17 73733410 26 62
17 80053327 84 36
19 5843995 114 173
19 14077444 31 85
19 19651023 12 38
19 49658196 109 487
19 50982299 26 123
20 377247 41 114
20 36022358 31 92
20 47244476 71 155
20 62630983 73 232
22 22277487 17 36
22 23596071 86 148
