chromosome_index position alt_count ref_count
1 43200699 7 14
1 46493409 31 74
1 65301865 3 35
1 114523513 4 8
1 149882239 3 31
1 155870061 4 21
1 166039642 24 62
1 171250000 18 66
1 207133044 39 164
1 227920349 8 36
1 229567842 3 23
1 247014376 7 180
2 118715997 14 43
2 135743788 10 67
2 179537132 10 282
3 15727591 4 23
3 122418827 9 59
4 107216263 40 156
4 184182184 3 57
5 140242306 7 14
5 140476803 31 90
6 497413 23 92
6 26271452 7 111
6 69758171 9 52
6 149826610 14 100
7 87179322 9 126
7 90042673 41 151
7 150554114 9 84
8 144623605 22 66
9 1051731 3 7
9 71853646 3 24
9 110249346 13 209
9 139581703 5 34
10 29839575 4 33
10 38345420 16 62
10 134145147 22 64
12 88514920 3 46
12 109639448 7 81
12 114793645 11 48
12 129563125 5 115
13 43872565 39 110
14 81251838 11 22
16 24104205 10 110
16 30794843 4 47
17 7680786 33 398
17 16594036 27 254
17 18151872 7 63
17 27283237 3 27
17 38855747 32 175
17 67252297 7 143
17 79623543 3 31
18 55103555 3 30
19 43237124 13 294
19 55789207 7 23
21 45993895 17 103
