chromosome_index position alt_count ref_count
1 1309669 11 34
1 154315375 9 35
1 159166233 9 23
1 175046867 7 54
2 128262756 35 119
3 111719774 12 87
3 164735586 3 27
4 183713808 34 164
5 58270393 10 7
6 27777905 12 94
7 95750489 32 23
7 98608832 23 133
7 134849232 16 135
9 90296532 4 14
9 100975410 8 18
10 63525768 13 20
10 125426388 7 20
11 76062399 26 48
11 118529706 11 96
14 39623491 4 10
16 88780127 39 79
17 3977524 21 150
17 34199342 3 23
18 9595085 19 35
19 9080484 6 57
19 45211203 4 8
19 56372898 22 42
20 54823997 34 125
20 58443955 5 27
22 37770517 27 78
22 38609879 9 43
