chromosome_index	start_position	end_position	major_cn	minor_cn	total_cn
1	61735	245400408	2	1	3
1	245403490	245622306	2	0	2
1	245624051	249224388	2	1	3
2	12784	6243486	2	2	4
2	6245934	141583726	2	1	3
2	141589670	142505730	1	0	1
2	142506034	160637324	2	1	3
2	160639873	175300653	2	2	4
2	175304870	175447798	2	0	2
2	175452275	177986528	7	2	9
2	177991618	179032935	11	2	13
2	179040196	193102730	2	2	4
2	193104243	243089456	2	0	2
3	60345	59920127	2	0	2
3	59920709	60935712	1	0	1
3	60937049	90502862	2	0	2
3	93519478	135957333	2	2	4
3	135961249	197896118	3	3	6
4	12281	40833468	2	2	4
4	40833654	41071428	2	0	2
4	41071521	87023654	2	2	4
4	87027217	87298158	2	1	3
4	87300368	91674774	2	2	4
4	91675198	92240925	1	0	1
4	92244029	191027923	2	2	4
5	15532	2070868	3	2	5
5	2071010	3698365	3	3	6
5	3699935	6414570	2	1	3
5	6415803	59405498	2	2	4
5	59414136	59659076	2	0	2
5	59660743	164507412	2	2	4
5	164508272	179143957	3	2	5
5	179144497	180633820	7	2	9
5	180634677	180790320	3	2	5
6	149661	26823026	1	1	2
6	26823560	62270243	3	1	4
6	62270449	138996533	3	0	3
6	138997489	171051005	4	0	4
7	43259	38294101	2	2	4
7	38294996	38358728	4	4	8
7	38358956	70058136	3	2	5
7	70060180	70228949	2	0	2
7	70231070	159127004	2	2	4
8	31254	3770547	3	1	4
8	3772322	3851034	2	1	3
8	3854987	4201343	4	1	5
8	4201796	4394120	1	0	1
8	4395278	5719971	4	1	5
8	5722189	47289713	3	1	4
8	47301547	83821211	4	3	7
8	83826701	103787424	3	3	6
8	103788000	115249625	4	3	7
8	115250492	146298155	3	3	6
9	46587	28473654	2	0	2
9	28476225	28944277	1	0	1
9	28953301	141091394	2	0	2
10	72759	62600239	2	1	3
10	62600287	67771901	2	2	4
10	67772068	79965255	5	2	7
10	79968616	81105858	9	2	11
10	81113100	135506704	2	0	2
11	198572	51096372	2	0	2
11	51126742	61766174	2	2	4
11	61766418	61964308	4	3	7
11	61968341	62507539	9	2	11
11	62508410	68900660	2	2	4
11	68902701	69546729	19	1	20
11	69549801	70473994	27	1	28
11	70475840	71697249	16	2	18
11	71700566	80321937	2	0	2
11	80322240	81393591	1	0	1
11	81393691	134944770	3	0	3
12	150442	28985273	3	3	6
12	28986550	49267039	2	2	4
12	49268519	133778189	2	1	3
13	19026949	23932133	2	0	2
13	23936457	106322455	3	0	3
13	106329638	108708242	4	0	4
13	108708306	115108397	3	0	3
14	19002124	22433438	2	0	2
14	22433866	22997524	4	1	5
14	22997833	23551551	2	0	2
14	23558098	84294721	2	2	4
14	84299773	87805723	3	2	5
14	87805904	97812656	2	2	4
14	97812684	100028672	3	2	5
14	100029890	107285437	2	2	4
15	20016328	97285724	2	1	3
15	97288811	99174219	2	2	4
15	99175000	102469040	2	1	3
16	60777	35283226	2	2	4
16	46463782	78729624	3	2	5
16	78735338	79161549	2	0	2
16	79164452	79341954	5	3	8
16	79343804	80848719	3	2	5
16	80849567	90287535	2	2	4
17	526	9031114	4	0	4
17	9033319	81049726	2	2	4
18	48133	1741935	4	2	6
18	1742207	14972054	4	1	5
18	14978127	14978639	3	0	3
18	14980156	15401763	4	1	5
18	15402408	78015057	2	0	2
19	90910	24503785	2	0	2
19	24503985	59097854	2	1	3
20	61305	60378469	3	3	6
20	60381495	62956153	3	2	5
21	10736871	37736781	2	2	4
21	37742866	38350249	2	0	2
21	38358297	48096957	2	2	4
22	16052528	51234455	1	1	2
