chromosome_index position alt_count ref_count
1 1562274 5 26
1 3396446 46 68
1 3644760 11 124
1 6206379 22 55
1 8404001 27 50
1 10521575 3 25
1 11087239 22 81
1 11217234 61 144
1 11561902 10 17
1 12336527 6 70
1 14107244 52 121
1 14107250 11 159
1 17982495 3 7
1 18809546 22 74
1 23885634 20 137
1 25569036 8 19
1 25890244 16 51
1 27687445 4 15
1 27755319 8 64
1 29475303 3 10
1 31896597 25 90
1 34003177 3 33
1 39900149 15 35
1 40204576 14 27
1 43912756 10 37
1 44056811 25 59
1 44063476 5 23
1 44447064 17 34
1 46743909 6 25
1 52811808 29 75
1 55119617 9 96
1 65301870 20 20
1 65321216 15 35
1 66831415 11 31
1 76200474 3 10
1 78279472 28 66
1 78470858 10 34
1 86048800 3 9
1 93996334 5 6
1 109772104 10 219
1 112998629 13 31
1 113234345 31 105
1 115256529 52 77
1 117660760 28 82
1 145474607 11 27
1 145578119 9 83
1 150318544 58 157
1 150444786 5 17
1 151133390 29 91
1 155734760 13 22
1 158064489 25 59
1 159505663 30 87
1 160106150 31 84
1 161160941 8 46
1 169511874 20 92
1 174976324 10 19
1 179078099 28 88
1 186008082 25 39
1 186122977 8 52
1 197144169 17 61
1 202409874 15 45
1 205033795 12 69
1 205210709 9 25
1 205210851 25 44
1 205492350 13 49
1 205687461 23 72
1 205811809 7 71
1 211280696 7 27
1 215956110 16 29
1 222802330 14 43
1 226426763 9 22
1 228462439 7 31
1 228509303 9 27
1 228547527 10 7
1 232561511 19 37
1 233136126 48 101
1 233152681 16 33
1 240070882 24 75
1 247464040 46 101
2 1481016 10 14
2 1648403 5 45
2 9630357 8 32
2 11751001 7 32
2 11777870 12 83
2 15468434 12 42
2 17877597 7 3
2 26950776 9 40
2 27587240 3 14
2 27663726 7 88
2 27664014 63 186
2 27688653 33 387
2 29287715 15 43
2 36668566 22 86
2 37353552 8 29
2 47278950 22 26
2 60688523 6 12
2 80136848 16 55
2 96992232 12 16
2 105472966 9 63
2 113765559 6 26
2 153519623 4 8
2 160035383 29 174
2 163128888 7 27
2 164466291 19 15
2 172563873 13 32
2 172647993 10 44
2 179440987 6 12
2 196822106 15 24
2 201950183 5 20
2 202671472 4 24
2 207413068 13 22
2 207459518 10 38
2 215809791 6 20
2 215914482 4 9
2 219127440 3 11
2 219920419 21 45
2 226447162 22 49
2 231150516 7 57
2 231775308 5 33
2 235405084 15 62
2 238280505 29 59
2 239040289 9 35
2 240085512 11 74
2 241570285 37 55
2 242080005 18 27
3 14220065 15 61
3 28382055 3 32
3 38039623 7 23
3 38159361 41 139
3 38163206 15 73
3 39227496 23 64
3 47378111 16 53
3 48698477 10 55
3 49690307 35 107
3 50617906 6 5
3 51690036 39 153
3 51696526 18 72
3 52292564 36 101
3 64133273 27 100
3 65361620 5 12
3 69230203 11 31
3 77671492 11 34
3 88105087 29 77
3 111795816 31 150
3 112358275 20 53
3 112969433 20 81
3 113379374 20 27
3 126730836 67 103
3 128060255 36 30
3 130447382 19 16
3 137822357 10 37
3 138738987 16 55
3 141632589 5 54
3 142266679 5 25
3 142388367 18 137
3 142524988 4 33
3 142525010 3 30
3 147113919 45 60
3 151105932 16 27
3 172351525 17 29
3 179537729 14 65
3 182987530 9 15
3 183699620 7 37
3 183824457 10 164
3 183994720 24 41
3 187442794 31 58
3 196288243 6 28
3 197421303 31 80
4 941596 17 33
4 3441262 11 47
4 9784294 9 100
4 54140037 17 27
4 56225592 40 57
4 57221488 27 64
4 69536157 11 181
4 79841787 13 27
4 80329257 16 30
4 81866027 3 16
4 82026979 9 35
4 83785628 21 43
4 85708803 17 54
4 87671685 35 94
4 89311998 12 32
4 89912069 6 18
4 99812387 9 20
4 100824920 6 21
4 103527761 26 69
4 119952584 20 55
4 123170765 11 16
4 128628042 36 97
4 134084227 16 41
4 140432716 6 15
4 147561355 5 12
4 148594871 9 32
4 151520209 23 41
4 151817609 4 20
4 155241940 10 64
4 164394816 14 44
4 174312470 54 103
5 1243678 24 73
5 9190505 16 38
5 13871844 3 14
5 14389425 9 13
5 16701363 5 15
5 24593378 4 40
5 36037950 8 107
5 38352305 30 96
5 45262136 35 84
5 56208890 5 57
5 71490625 12 67
5 74054702 6 40
5 76171212 4 27
5 78981139 4 7
5 79054697 12 44
5 80513294 18 27
5 106717055 4 36
5 108719145 7 64
5 132552921 15 47
5 137677044 10 154
5 137682672 13 67
5 138209269 11 44
5 140186857 31 78
5 140188890 5 97
5 140209767 23 91
5 140221046 40 76
5 140250122 40 147
5 140256792 56 139
5 140475679 22 227
5 140553577 11 20
5 140774370 21 46
5 141019880 6 41
5 141325097 5 15
5 149515165 38 93
5 153030051 9 37
5 154272096 4 33
5 159520771 17 60
5 162945289 8 17
5 167674742 11 55
5 169108866 5 40
5 176793219 5 22
5 179263532 31 96
5 179734305 20 47
6 576834 22 59
6 2675355 3 24
6 4073578 4 23
6 4125528 5 47
6 14131847 8 63
6 18122356 19 52
6 26092869 7 49
6 26200079 28 124
6 26217297 11 38
6 30856514 7 28
6 30887544 93 302
6 31733790 40 120
6 31807422 13 35
6 32063535 6 26
6 32159934 8 38
6 32187491 7 15
6 33623607 18 57
6 34309655 7 61
6 35919042 4 37
6 36929281 36 89
6 37336726 4 41
6 38875809 8 24
6 39325124 17 53
6 42905564 24 99
6 46801266 6 66
6 53787696 5 4
6 56917622 7 12
6 66204803 6 31
6 73905180 10 27
6 79944353 11 28
6 107827633 33 77
6 108067962 36 101
6 109764279 5 20
6 112454679 12 29
6 118953649 14 49
6 133783519 11 114
6 134312334 28 113
6 144800995 7 38
6 150141737 9 16
6 160198409 7 34
6 160769447 10 16
6 169648825 16 76
6 170159118 22 97
7 1476465 8 26
7 2697962 4 10
7 4794120 19 69
7 5352185 14 76
7 5662457 50 121
7 6505908 24 73
7 20418829 3 14
7 34118621 37 145
7 38389110 15 55
7 38725645 9 19
7 44153382 57 119
7 44189378 10 84
7 48046807 13 35
7 50022936 10 19
7 72430648 15 14
7 72658718 8 15
7 72925183 20 50
7 73790244 4 8
7 82785657 5 17
7 87144568 21 38
7 94953783 10 31
7 98490105 20 55
7 99717361 22 38
7 101844792 32 245
7 105108874 7 34
7 106508461 6 18
7 113519997 22 58
7 121003000 4 15
7 128142024 16 41
7 128394340 7 36
7 129367082 15 30
7 131825445 46 69
7 136700133 40 87
7 139727098 22 52
7 140035244 25 59
7 141416054 27 90
7 141954898 27 86
7 148701189 20 136
7 150553856 14 89
7 150774690 9 15
7 156798301 7 17
8 2975988 14 33
8 9609128 24 102
8 9609186 22 201
8 22355520 8 19
8 22428492 39 87
8 23291937 9 44
8 38853067 5 16
8 41513163 3 17
8 42611903 23 47
8 54859256 5 24
8 56663707 7 54
8 57358422 32 75
8 72111656 7 19
8 86121436 8 22
8 91657390 8 90
8 101733841 10 19
8 107781751 25 294
8 113529286 21 49
8 124121761 27 59
8 141551418 9 33
8 142202491 14 31
8 142225981 10 41
8 144332292 26 54
8 144391652 13 69
8 144688646 12 80
8 144940460 14 400
8 145008551 8 65
8 145625454 7 62
9 1056568 22 25
9 2718442 4 10
9 2718573 3 34
9 6015587 42 39
9 8485953 17 91
9 14859191 8 19
9 35380501 4 36
9 35558199 6 60
9 73151247 9 74
9 78953261 4 17
9 84606266 79 270
9 86504110 38 115
9 88204537 10 30
9 88967763 22 63
9 94493360 26 53
9 100124717 25 88
9 100416081 21 24
9 100617252 5 26
9 103035301 22 102
9 109690581 21 18
9 109773168 4 16
9 115422066 14 44
9 117063971 10 51
9 117066886 7 100
9 117848730 32 120
9 125282057 28 57
9 130251749 3 18
9 130536608 34 75
9 130707096 22 24
9 130932369 28 79
9 131287597 4 34
9 131353800 38 137
9 135942250 9 14
9 135975778 51 67
9 135978616 11 51
9 136082718 5 29
9 138713203 9 38
9 139409965 21 26
9 139889995 40 52
9 140140301 3 21
9 140777379 28 159
10 12940438 7 19
10 22002772 18 54
10 48428830 13 54
10 49440209 14 54
10 50315809 22 69
10 50574403 22 57
10 51584688 20 41
10 51829407 27 83
10 68940148 23 42
10 69647188 7 63
10 73581689 17 25
10 78669817 8 36
10 81272626 8 30
10 81915622 54 195
10 99968718 6 45
10 100016575 28 48
10 101728961 4 43
10 102048787 14 38
10 102732747 22 60
10 102762318 19 53
10 103436163 58 138
10 103987432 28 76
10 104176728 8 17
10 105046856 3 24
10 105201638 8 30
10 105209489 6 84
10 118674916 16 68
10 120460914 4 9
10 122661812 3 23
10 126715374 12 29
10 127753389 3 33
10 129881102 6 16
10 129899944 7 17
11 988598 16 216
11 1085825 14 95
11 4674184 6 83
11 5345106 56 21
11 6662451 22 16
11 9861197 37 25
11 13435172 15 9
11 14891208 12 16
11 17531368 46 52
11 19735450 6 51
11 22707287 5 29
11 47303960 24 42
11 56230191 6 3
11 59211321 21 64
11 60233509 3 11
11 62327077 7 5
11 62760982 54 64
11 64066960 5 13
11 64893016 52 50
11 65347416 35 46
11 65397039 14 16
11 65835515 9 71
11 66238782 45 59
11 75298881 6 42
11 77301362 8 87
11 78369475 26 28
11 105781166 9 6
11 108032226 67 85
11 118516346 8 64
11 119212402 4 56
11 129788598 57 90
11 130750601 27 42
11 134047223 41 53
12 665815 15 40
12 2659185 4 10
12 5154231 16 52
12 6933561 8 53
12 6979581 6 23
12 9243798 14 19
12 12022435 71 219
12 12491530 9 37
12 13256440 36 131
12 14688687 14 57
12 14825885 26 73
12 21639508 6 6
12 27543174 6 16
12 28116577 15 144
12 28603309 15 53
12 32480566 9 30
12 48379540 3 19
12 49318420 17 47
12 50196893 29 99
12 52647383 13 42
12 52754649 14 80
12 53170983 20 52
12 53292586 14 116
12 55759783 3 31
12 56216886 37 46
12 57556275 18 53
12 57963882 11 17
12 58220861 28 36
12 62104140 20 48
12 70091427 7 18
12 91357958 18 55
12 98926791 16 40
12 102302024 32 94
12 104337021 3 24
12 105514941 5 32
12 108926011 5 52
12 110475232 26 62
12 114793660 15 55
12 120741725 17 20
12 121458331 9 31
12 122613694 6 16
12 123497265 10 126
12 123970232 12 31
12 124413925 4 10
12 124414289 8 14
12 124862900 6 16
12 124911228 13 42
12 132510235 13 33
12 132514266 25 58
13 25060357 6 50
13 28877424 30 75
13 41705366 10 114
13 45857736 3 6
13 49089783 12 44
13 76397791 22 75
13 103459886 20 53
13 108862197 45 139
13 112722294 8 28
13 114535425 14 66
14 20978638 5 78
14 21542131 26 90
14 21544719 42 107
14 23876440 5 58
14 24538654 9 40
14 24730998 51 96
14 24737783 7 109
14 24760357 17 52
14 24911885 14 86
14 35272177 12 23
14 47120831 31 66
14 52433450 6 21
14 61446529 5 42
14 62551036 15 44
14 64688370 20 114
14 64727249 37 81
14 68157059 10 75
14 69522046 10 35
14 69704633 5 27
14 69795188 28 148
14 73717688 14 93
14 74189532 20 145
14 77737252 6 13
14 81610125 56 117
14 92909751 14 35
14 93717896 70 116
14 95562462 61 114
14 99641154 4 14
14 103430911 13 35
14 105642869 8 55
14 105945820 36 118
15 25299361 12 82
15 25958953 21 65
15 33835850 17 75
15 34355212 10 11
15 34649701 26 105
15 35166929 12 41
15 40384006 7 7
15 40662581 5 13
15 40915354 8 10
15 42476844 52 95
15 43568714 28 145
15 50535106 6 32
15 52553183 8 61
15 60741590 6 14
15 62165447 22 68
15 63944642 3 13
15 64967943 8 145
15 65684597 8 53
15 72691047 5 42
15 74180775 3 33
15 74481567 5 16
15 74636145 53 118
15 75094810 15 97
15 79069818 4 22
15 79083560 7 64
15 79749949 7 13
15 80800575 26 42
15 83332368 13 38
15 83478511 3 11
15 85147391 9 13
15 89422314 5 14
15 90023598 31 87
15 91027453 17 57
15 91462927 57 132
15 93489371 11 35
15 96877812 4 38
16 424092 16 57
16 615240 4 12
16 668205 18 38
16 784277 18 53
16 857626 20 52
16 1262003 74 241
16 1537330 14 53
16 1810417 20 94
16 2049537 4 11
16 3843416 28 103
16 4559660 14 48
16 9858738 26 46
16 12145844 14 57
16 12662399 18 37
16 20994156 26 65
16 21666791 8 14
16 21698928 9 29
16 23080178 24 64
16 24806025 4 15
16 25228757 40 94
16 27473769 7 26
16 29819074 22 64
16 29853161 5 56
16 31504963 8 41
16 50338359 9 69
16 55362691 13 36
16 56782290 8 17
16 56903668 15 46
16 66946576 10 27
16 67029732 4 46
16 67683831 6 21
16 68844111 31 94
16 69368569 13 74
16 69400708 6 32
16 69726958 13 63
16 81390507 19 119
16 81712153 7 16
16 84050849 12 51
16 89337294 4 58
17 2237832 39 52
17 4453567 86 104
17 4936399 19 42
17 5442750 5 48
17 6023723 48 72
17 6978442 35 55
17 8380246 14 22
17 10429940 56 92
17 16024467 49 82
17 17701303 7 85
17 17722871 12 27
17 18023440 19 58
17 18673378 77 212
17 19186802 24 33
17 25630636 35 81
17 26881438 33 110
17 27067956 3 32
17 28536212 33 86
17 29233220 29 80
17 29645465 6 13
17 34068069 4 48
17 36489178 10 34
17 38855782 62 185
17 39092491 28 74
17 39092616 57 113
17 39622145 7 89
17 39740077 44 135
17 40705214 11 71
17 40714440 31 143
17 40997145 20 51
17 41606543 76 165
17 42475981 39 100
17 43475388 17 71
17 43907538 16 46
17 43912090 40 95
17 45901531 33 66
17 46627995 18 47
17 47788852 13 44
17 51900882 27 66
17 56439936 48 99
17 62080316 6 28
17 62528036 3 7
17 64881181 9 42
17 67298996 4 8
17 72301522 13 40
17 73482483 46 105
17 73888549 12 45
17 73910251 9 15
17 73915794 5 15
17 74018596 7 13
17 74382149 8 22
17 76075622 51 124
17 76212053 21 40
17 77709045 8 52
17 78087092 4 11
17 78363631 15 56
17 79648877 6 23
18 732849 38 86
18 3457998 4 7
18 7023203 18 42
18 8813106 7 28
18 21898587 3 29
18 34408646 12 106
18 43666116 10 29
18 44554717 5 28
18 47800666 10 41
18 51888230 4 23
18 71740947 25 72
18 77246762 13 41
19 474683 3 20
19 605121 39 97
19 613949 8 81
19 1003296 3 13
19 1036231 18 27
19 1486876 9 8
19 2046391 18 53
19 3151745 79 161
19 3821382 7 7
19 4365576 17 141
19 4658063 15 26
19 5212381 10 12
19 7531811 33 92
19 8203327 21 47
19 10610266 12 58
19 11446214 25 31
19 11552108 9 168
19 11978875 22 37
19 12864133 18 63
19 12969483 22 48
19 13007752 30 51
19 13988458 8 31
19 15083604 11 20
19 15224598 16 208
19 15342858 7 8
19 15354055 7 25
19 15651270 12 88
19 16192753 23 71
19 17330519 23 62
19 17369181 20 59
19 17643096 14 45
19 18726894 28 78
19 18779982 5 50
19 19764812 6 18
19 21117754 5 15
19 21933815 5 21
19 24310333 16 50
19 29698557 9 25
19 30165483 6 12
19 30314730 24 53
19 31040129 5 78
19 33623132 23 62
19 35612123 26 65
19 36276311 35 78
19 36517493 16 43
19 37678131 5 19
19 39116703 55 162
19 39207831 18 37
19 39517602 36 120
19 40368737 18 563
19 41132959 10 26
19 41509957 17 70
19 41928113 15 31
19 42187807 29 95
19 42224051 44 118
19 42343292 38 124
19 42509992 15 26
19 42791309 9 15
19 42795157 6 51
19 43026288 47 150
19 43098935 10 136
19 44980971 17 45
19 46206170 49 159
19 46280705 22 49
19 46289222 16 33
19 46663963 100 271
19 47225520 17 37
19 49012113 20 94
19 49316486 7 14
19 49391390 7 31
19 49621786 4 23
19 50105065 9 47
19 50156708 6 14
19 50165476 17 44
19 50916998 40 117
19 52249833 15 63
19 52954945 5 24
19 54377407 12 215
19 54395051 19 36
19 54783647 7 98
19 55449463 51 147
19 56321602 11 22
19 57803241 13 51
19 57986509 31 75
19 58370824 28 89
19 58879828 3 24
20 76838 11 65
20 3129630 25 60
20 3678776 7 4
20 6021649 11 43
20 7866403 37 87
20 13053052 49 100
20 17617341 49 89
20 21687400 9 109
20 33572917 28 99
20 33876355 13 61
20 34206915 17 61
20 36962864 69 209
20 42788504 15 26
20 42973914 15 223
20 47269921 27 115
20 47688929 23 45
20 47991257 23 96
20 54824454 43 104
20 54956591 3 32
20 55059239 21 62
20 57576650 19 83
20 62421541 5 24
20 62572046 6 13
21 32185383 24 96
21 33073415 6 35
21 33684248 21 54
21 34907049 8 22
21 38497038 7 10
21 38529174 11 35
21 43519199 17 47
21 44324109 5 31
21 46086745 4 34
21 47536294 16 25
21 47546072 68 331
22 19438229 27 67
22 19511360 13 15
22 20230610 8 27
22 21988981 81 210
22 22989736 6 14
22 24560426 34 82
22 26890185 25 40
22 29090060 37 103
22 29621174 22 77
22 31022537 9 19
22 31723054 23 100
22 32616985 9 50
22 32754283 22 44
22 33264950 6 15
22 38322025 8 42
22 38823343 25 45
22 39381948 98 294
22 39627801 8 32
22 41753226 16 37
22 43623396 5 15
22 44063056 8 52
22 46932131 18 81
22 50192691 13 37
22 50528910 3 14
22 50882340 7 3
22 51012809 10 26
22 51160556 5 6
