chromosome_index position alt_count ref_count
1 10713867 15 128
1 17690064 8 35
1 54059816 7 38
1 145532131 29 173
1 153923904 4 16
1 228362896 11 175
1 247464120 7 102
1 248685052 21 135
2 116593818 10 29
2 176981726 9 112
2 208841462 9 56
2 219874081 7 120
2 238738022 10 38
3 12858462 9 72
3 147113783 38 269
3 168834185 11 55
3 174951839 10 71
4 68606377 34 194
4 111539460 12 73
5 140730012 6 57
5 153432941 4 46
5 158140123 12 51
5 180432547 16 105
6 117679033 7 29
7 30693212 16 125
7 44611162 14 122
7 74212399 36 246
7 75442664 10 97
7 105660961 13 122
7 142643377 6 44
7 144077227 4 25
8 10583649 10 93
8 43048945 8 134
8 120628516 10 75
8 122626452 19 135
8 130866513 12 56
9 137300840 24 208
10 38407513 4 29
11 76371805 14 105
11 123485469 3 46
12 31236988 17 179
12 112926909 24 212
13 60686198 27 152
14 71205013 15 101
14 77930956 7 48
14 77930997 5 49
14 91372576 17 77
16 726867 9 123
16 50733737 8 101
16 57688009 11 87
17 6939627 5 38
17 39637191 14 75
18 9570482 18 67
18 21120489 6 49
18 29487454 8 51
19 4164609 5 77
19 54760357 26 182
20 2633552 7 38
20 45315631 18 118
21 33074598 10 112
