chromosome_index position alt_count ref_count
1 3677911 10 12
1 16460076 22 23
1 27705891 6 7
1 27875978 21 19
1 29606613 12 25
1 41220064 23 22
1 54497595 7 20
1 79107493 14 26
1 84399407 4 25
1 152082500 34 68
1 161274579 6 15
1 161519619 12 51
1 166822883 5 13
1 180064685 8 14
1 185069487 16 24
1 203452624 20 38
1 217947781 14 29
1 236704981 19 30
2 73827964 8 26
2 85808700 26 64
2 97368755 6 58
2 99901179 16 30
2 170350315 4 38
2 179640736 12 31
2 185804148 21 47
2 202151220 26 13
2 203991643 21 60
2 220073594 14 27
2 225630329 13 10
3 44882647 14 10
3 49739576 9 6
3 62278318 5 4
3 93593135 22 43
3 130716559 42 44
3 164727159 11 45
3 169496707 6 57
3 178952085 6 20
3 195027311 10 45
4 90168959 15 7
4 103806549 16 33
4 104116291 26 12
4 107845807 24 33
4 146682287 7 12
4 167023131 3 9
4 167023132 3 9
4 177650746 31 44
5 23522919 20 44
5 43039891 21 39
5 56174810 8 30
5 120021833 11 14
5 140615791 37 83
5 140754632 11 12
5 142658828 6 19
5 150704916 16 25
6 4099372 24 9
6 31795842 13 9
6 80383498 7 1
7 2963891 7 49
7 7634722 12 74
7 11675933 35 68
7 21730409 5 48
7 21750323 14 66
7 42961412 13 44
7 44080441 44 35
7 44920662 4 27
7 120389403 4 14
7 141443477 4 37
8 11219212 31 17
8 25190123 14 28
8 54960378 5 13
8 87641177 14 74
8 100871642 3 37
8 121473471 13 44
8 132052018 10 21
9 15744551 6 13
9 124535315 6 11
9 129646660 18 15
9 139877754 24 21
10 16859117 12 28
10 16949507 17 51
10 55892731 19 31
10 93789866 19 29
11 43904237 11 2
11 59610015 8 28
11 117076011 11 7
11 118620908 4 21
11 119077233 17 7
11 123847675 8 8
11 123900746 35 89
11 124413294 14 9
11 124489477 16 69
12 12312804 11 70
12 22005402 9 44
12 69127301 7 23
12 71526592 8 47
12 108643047 12 23
12 111889331 14 96
12 121868348 6 14
12 127229404 25 91
13 43986993 19 33
13 43986994 20 33
13 72063217 4 43
13 103330881 14 24
14 20404271 12 133
14 23999349 5 49
14 24641695 5 46
14 35515698 47 255
14 56142634 13 31
14 57075997 21 79
14 58604975 23 29
14 71374637 9 62
14 101489664 44 80
15 42837391 11 25
15 48500102 21 10
16 3781439 5 13
16 20702457 29 51
16 48209220 27 25
16 57104507 27 96
16 85712254 3 7
17 7193602 23 68
17 7577498 209 77
17 12649386 4 36
17 19611088 14 12
17 64876781 15 48
17 72480172 83 29
17 79094681 24 17
18 6311610 17 40
18 14778005 10 9
18 47431143 27 69
18 72914034 5 11
18 72914035 5 12
19 1120003 11 26
19 3982327 3 22
19 5867206 7 30
19 12090268 3 31
19 19460171 24 50
19 31039123 7 24
19 38102492 5 18
19 46094736 4 11
19 55494687 5 22
20 4848460 4 31
20 23345474 7 11
20 25199221 23 44
20 41419951 32 11
21 34926316 14 20
22 22043027 8 38
22 22316801 6 55
