chromosome_index position alt_count ref_count
1 27732292 7 58
1 36028933 16 26
1 37948688 9 124
1 52253063 11 36
1 120512304 12 42
1 152188455 28 707
1 167741701 4 51
1 197097636 11 122
1 201196257 14 60
1 208227883 10 46
1 226475417 17 54
1 248636827 10 37
2 73215400 12 37
2 109367786 86 311
2 120125868 9 29
2 158397600 20 106
2 165552272 14 70
2 199011706 43 85
2 201753762 7 43
2 230902054 16 21
3 9789298 12 13
3 133320154 21 70
3 170198523 20 316
3 183823112 10 48
4 66189849 13 31
4 84526805 7 58
4 110901176 23 42
4 115997643 7 41
5 32057775 5 55
5 55256372 12 43
5 132088631 8 39
5 136312100 8 28
5 140235896 39 138
5 140589663 28 88
5 141233235 14 35
5 141335614 29 105
6 32024678 13 65
6 96651510 6 39
6 123319130 7 54
6 159621085 16 73
7 83634710 37 76
7 88963404 6 57
7 91714250 34 62
7 98805040 22 206
7 106822898 18 36
7 107570010 14 16
7 123150076 37 85
8 14412433 14 53
8 30210335 19 45
8 41836223 22 86
8 67716673 44 154
8 79514046 15 63
8 91636035 8 20
8 101734271 7 23
10 61905767 10 90
10 81275734 10 41
10 94373310 17 85
10 99338349 3 55
10 104173823 28 106
10 104489519 12 42
11 5290891 10 29
11 6790090 23 34
11 30902766 16 30
11 59604768 16 77
11 60565933 13 48
11 61067602 13 58
11 67926519 4 42
11 68157387 15 45
11 70332599 15 178
11 92531258 5 23
11 96126565 22 103
12 3702913 5 53
12 4479523 8 50
12 6778331 12 79
12 7242061 3 30
12 52385743 19 57
12 85546923 17 54
12 106460744 16 64
12 113617119 3 28
12 132405711 4 15
12 132405712 4 15
13 101256470 34 55
14 20844365 7 30
14 22279972 11 103
14 101349583 13 61
14 101531679 12 38
15 72063512 26 82
16 1270643 8 22
16 3073311 9 25
16 27237089 22 75
16 65319330 9 20
16 66514909 3 9
16 71765676 21 58
16 71976822 42 79
16 88779139 4 33
16 89924827 12 74
17 7576897 38 46
17 10415473 18 89
17 10426976 39 60
17 18023165 26 71
17 30816093 20 25
17 30921477 8 32
17 36891292 45 185
18 21180238 4 8
18 56202529 9 86
19 5144079 9 65
19 36218097 12 34
19 37958719 15 28
19 48630558 33 32
19 50331715 5 69
19 54743803 31 31
20 9404406 17 69
20 10579382 12 62
20 16474995 17 95
20 20019078 20 94
20 23066170 15 60
20 61542393 4 26
21 31002955 4 27
21 33765484 38 147
22 29533368 15 47
