chromosome_index position alt_count ref_count
1 18149502 5 29
1 41514424 59 70
1 62921091 20 29
1 118584559 99 219
1 159890213 12 45
1 171509694 6 27
1 190067946 31 120
1 190067951 29 116
1 248637082 9 51
1 248637083 9 51
1 248737957 11 57
1 248737958 11 58
2 25387568 26 60
2 62450518 8 37
2 90043678 3 11
2 114476737 8 51
2 140990803 5 51
2 152276855 15 31
2 155252510 9 30
2 232079577 5 35
3 10049172 35 69
3 17052602 36 26
3 118905597 28 32
3 167159856 5 14
4 436033 8 20
4 52860484 4 13
4 169188752 20 45
4 184626159 43 93
4 186545478 23 49
4 187179174 23 47
5 3601102 14 51
5 23522415 35 125
5 24505331 35 50
5 40767661 22 90
5 140182317 38 53
5 169535655 14 16
5 178505981 29 43
6 54804723 26 57
7 23351912 25 57
7 48318540 24 59
7 132169702 34 55
7 139737556 16 39
7 143806912 37 228
7 146825855 35 97
7 150936506 22 56
7 154585880 6 19
8 2832027 8 8
8 30402239 15 21
8 59409370 33 104
8 110131301 208 192
9 6986506 27 33
9 79898351 12 23
9 86518343 29 89
10 76910800 15 50
10 119798612 24 104
10 126370453 3 15
10 134147162 6 34
11 49227672 24 37
11 61511763 19 67
11 66113556 25 163
11 114568901 22 25
11 124007741 24 52
12 7639150 52 134
12 44605082 13 73
12 56481413 18 59
12 58121034 3 29
12 116421091 15 48
12 120584869 8 14
12 123095404 16 36
13 29600957 19 23
13 36909740 46 44
13 53421763 4 4
13 88328847 18 19
14 74428218 14 34
15 50935734 17 64
15 67786666 9 33
15 81282115 3 11
15 92671678 26 68
15 93007600 28 62
16 21078616 19 27
16 53358379 15 34
17 3921231 11 41
17 5042664 6 45
17 15620349 21 32
17 30372816 35 165
17 36485312 27 95
17 37564173 24 68
17 38711204 13 48
17 60767596 10 19
17 61432352 54 122
18 22807417 25 67
18 40695399 25 211
18 40850388 22 274
18 50432611 9 19
18 72914167 31 60
19 8651317 4 21
19 22941472 26 44
19 37733572 26 51
19 38903847 14 21
19 44377455 17 22
19 47584838 14 45
19 50334077 24 44
19 53209236 8 72
19 54072565 21 38
19 54257333 24 111
20 57897498 13 32
21 38567994 39 213
21 43547902 9 43
22 16267045 50 277
22 18844894 16 8
22 35726367 38 100
