chromosome_index position alt_count ref_count
1 11863501 39 94
1 51984939 19 42
1 78479088 42 56
1 156618360 28 48
1 157014243 3 34
1 160801203 15 91
1 204588961 31 44
1 207739189 188 281
1 211749145 22 32
1 216420124 79 135
2 39213099 191 287
2 54081699 86 122
2 109384278 3 50
2 122485127 13 31
2 183847561 81 102
2 220354314 31 57
3 47453376 83 116
3 49153563 69 84
3 112080568 12 14
3 133476713 46 80
4 76579227 24 11
4 85711036 72 28
4 120982128 58 80
4 189065204 28 44
5 35793440 69 118
5 54952566 33 61
5 92929524 4 74
5 140803121 48 86
5 174953760 31 63
6 36652024 38 27
6 43027209 10 19
6 86215679 28 25
6 97562045 24 52
6 129571345 54 38
7 12729892 31 55
7 82784756 70 120
7 143175217 9 72
8 11702606 18 19
8 28971063 15 37
8 113668402 31 69
8 141684416 26 43
8 144808725 24 28
9 26995539 35 48
9 66553883 13 108
9 74586499 29 30
9 114305543 5 5
9 117086007 135 171
9 130587248 16 22
10 88259978 44 23
10 95441348 5 27
11 6422250 70 107
11 17418492 68 102
11 47712149 88 108
11 102562464 3 24
11 130343256 68 65
11 134123493 8 14
12 2558277 55 31
12 14650961 33 15
12 50190101 44 58
12 50291319 56 98
12 124915190 36 36
13 49281716 13 33
13 100515304 18 38
14 24563627 4 19
14 61909960 60 55
15 34109151 37 78
15 34640560 36 69
15 45440496 57 69
15 81234212 25 43
15 92459662 43 59
16 22120822 18 32
16 23700573 25 165
16 74943789 78 91
16 77228317 33 48
17 26110007 105 184
17 34956743 12 15
17 36889706 21 21
17 45608887 78 163
17 62020305 133 221
17 67144897 3 31
17 72363763 29 65
17 74473344 18 38
18 32823306 4 22
19 12978549 11 33
19 34887542 31 68
19 42212618 22 32
19 46812017 19 41
20 20177325 106 79
20 35807862 3 33
21 28211905 11 13
21 31802993 81 89
21 33976524 67 80
22 37627330 114 175
