chromosome_index position alt_count ref_count
1 2082293 49 111
1 2082304 5 106
1 3342144 9 51
1 10355751 105 197
1 22313051 24 26
1 24078063 16 23
1 35350664 39 71
1 52279719 9 37
1 62676179 9 50
1 89582711 19 78
1 101376631 5 77
1 110558056 75 196
1 110735270 19 71
1 151751177 15 50
1 152084652 11 21
1 156884472 20 48
1 161143469 162 386
1 161496053 8 29
1 169822143 9 57
1 171310874 20 32
1 196887577 8 104
1 229771673 10 34
1 229771674 10 34
2 272210 8 29
2 17773438 60 266
2 26950859 13 77
2 27838033 7 77
2 30966412 12 33
2 30966413 9 32
2 30966414 8 30
2 39536662 7 34
2 50149041 7 8
2 73679210 9 73
2 74789470 55 313
2 121747849 162 82
2 160746837 8 47
2 166179723 33 79
2 179542633 10 52
2 186678643 32 171
2 211532954 39 86
3 49847966 28 80
3 50417222 7 20
3 51457515 52 260
3 97663984 4 61
3 120320172 30 53
3 124721124 22 148
3 190167664 5 11
3 195802162 13 67
4 59967 5 60
4 185138803 16 133
5 1798789 16 13
5 32229892 17 134
5 43704489 27 102
5 70343839 6 20
5 80550997 18 54
5 125891709 5 26
5 135207252 11 226
5 138282901 59 24
5 140216077 42 115
5 140236930 5 32
5 140554534 13 81
5 148407206 21 179
5 157214653 45 201
5 179728486 31 35
6 6174868 42 322
6 33139103 11 18
6 33374247 6 50
6 33374248 6 50
6 56857325 18 95
6 84417607 4 48
6 117923376 5 9
6 123319030 47 23
6 151152114 5 8
7 5644929 10 26
7 27194870 14 34
7 27194871 12 34
7 44609628 18 10
7 47859149 26 43
7 97823714 21 254
7 100364742 28 55
7 111541740 38 56
7 120428608 23 95
7 120979191 6 59
7 128481221 6 26
7 139416183 139 116
7 143657332 141 555
7 148767679 52 174
7 155599114 10 14
8 9610052 6 35
8 32505479 88 128
8 37735131 4 20
8 48641496 49 66
8 52366321 85 165
8 89081672 30 45
8 99441361 64 88
8 105503688 13 151
8 113562979 26 38
8 129061465 19 148
8 133141755 14 226
8 140631226 54 95
9 2073305 7 124
9 5762588 132 300
9 82333789 78 290
9 86909178 276 395
9 90315072 36 97
9 132662310 66 120
10 7214525 6 14
10 12162914 16 25
10 16824085 6 54
10 51769437 84 205
10 55566760 18 58
10 91198784 28 67
10 94247040 23 15
10 98240173 52 145
10 105193747 17 182
10 105838346 6 33
11 1271047 7 27
11 4107705 11 17
11 4107706 11 16
11 5717885 45 276
11 6244437 341 268
11 12281375 10 55
11 32676464 5 12
11 33370766 14 85
11 59271141 34 254
11 59282821 75 109
11 62607106 9 14
11 67201733 39 59
11 102465464 34 47
11 124747930 8 34
11 130785496 9 24
12 6974000 7 18
12 9986006 29 60
12 11183934 46 16
12 30906380 28 158
12 40012997 57 51
12 49953731 9 58
12 52882219 71 369
12 54404894 11 39
12 57927858 81 106
12 57927859 86 107
12 62928622 4 44
12 69967824 29 45
12 70747618 14 54
12 72057007 88 493
12 72416251 69 92
13 45841408 7 60
14 22180791 7 114
14 53570450 14 20
14 95903260 13 76
15 28260056 235 19
15 33180461 6 81
15 42695089 78 51
16 14020487 9 71
16 24887049 45 58
16 24922664 36 131
16 30456313 9 75
16 30764865 78 51
16 67325269 11 7
17 1198914 33 44
17 1198915 33 44
17 7578469 76 37
17 15968303 144 73
17 37922353 48 164
17 73946959 62 78
19 8206821 12 33
19 9058018 36 54
19 9082984 124 128
19 15132251 16 64
19 21605736 6 15
19 22817241 9 111
19 31040091 10 62
19 33638570 87 90
19 36053461 18 29
19 39876848 41 313
19 40364080 9 32
19 40556285 18 51
19 52089879 5 53
20 33364211 19 140
20 39832327 14 247
20 44573638 4 8
20 51872153 11 317
21 34974537 16 42
21 39817473 12 121
21 47860909 6 103
22 46628045 41 41
