chromosome_index	start_position	end_position	major_cn	minor_cn	total_cn
1	61735	121482979	1	1	2
1	144007049	249224388	2	1	3
2	12784	47947791	2	1	3
2	47948101	51694601	5	2	7
2	51702177	95561609	2	1	3
2	95572974	96245356	9	2	11
2	96248421	96819200	5	2	7
2	96822189	97806832	18	5	23
2	97816435	97877001	3	0	3
2	97877173	98014319	4	0	4
2	98016540	131733404	2	1	3
2	131733848	141424620	3	1	4
2	141432376	243089456	1	1	2
3	60345	90502862	1	1	2
3	93519478	143254045	2	1	3
3	143254169	197896118	2	2	4
4	12281	191027923	1	1	2
5	15532	46246513	2	1	3
5	46246571	180790320	1	1	2
6	149661	171051005	2	1	3
7	43259	159127004	2	1	3
8	31254	46912314	1	1	2
8	46919273	51494398	4	1	5
8	51494816	105909747	2	1	3
8	105912006	146298155	3	1	4
9	46587	12773723	1	0	1
9	12776630	12790501	7	4	11
9	12790630	13008792	12	0	12
9	13008862	14478996	6	0	6
9	14479228	15317820	9	0	9
9	15319412	17325291	3	0	3
9	17325654	141091394	2	0	2
10	72759	28580816	2	1	3
10	28580830	135506704	1	1	2
11	198572	68367703	2	1	3
11	68377602	69889558	8	0	8
11	69889603	71168694	17	0	17
11	71169547	74799224	4	1	5
11	74800829	76770837	3	1	4
11	76773389	78853878	5	1	6
11	78856040	98981485	3	1	4
11	98982415	98991112	14	6	20
11	98992932	99101525	17	1	18
11	99101705	102157103	27	0	27
11	102162273	102532607	48	0	48
11	102536176	103892352	6	1	7
11	103895048	134944770	2	1	3
12	150442	133778189	2	1	3
13	19026949	115108397	1	1	2
14	19002124	78774533	1	1	2
14	78776478	88345833	2	1	3
14	88349218	107285437	1	1	2
15	20016328	102469040	1	1	2
16	60777	90287535	2	1	3
17	526	81049726	2	0	2
18	48133	78015057	1	1	2
19	90910	19490711	1	0	1
19	19491102	59097854	1	1	2
20	61305	8074197	2	1	3
20	8074518	9178735	1	1	2
20	9179073	10311647	8	1	9
20	10311667	11275243	26	1	27
20	11276234	12659346	4	1	5
20	12659712	29529915	2	1	3
20	29533682	32096404	3	1	4
20	32096798	35442213	14	0	14
20	35446516	62956153	3	1	4
21	10736871	48096957	1	1	2
22	16052528	22147970	2	1	3
22	22151821	51234455	1	1	2
