chromosome_index	position	alt_count	ref_count
1	1074715	3.0	8.0
1	1100322	17.0	58.0
1	1222678	11.0	64.0
1	3671816	32.0	65.0
1	4410557	28.0	61.0
1	4966282	18.0	73.0
1	6206903	8.0	82.0
1	6977469	20.0	70.0
1	7268312	30.0	72.0
1	8564917	13.0	50.0
1	12281805	9.0	53.0
1	14691872	4.0	32.0
1	16866846	7.0	29.0
1	17191271	4.0	71.0
1	17431391	19.0	66.0
1	17468435	12.0	66.0
1	18485411	25.0	69.0
1	18672166	5.0	77.0
1	19180923	8.0	106.0
1	22739170	24.0	63.0
1	25220168	23.0	52.0
1	25464666	27.0	61.0
1	25985863	20.0	56.0
1	28056709	14.0	49.0
1	29122565	18.0	39.0
1	30153413	5.0	105.0
1	33370283	10.0	87.0
1	33938883	22.0	56.0
1	34381513	17.0	39.0
1	34639810	23.0	55.0
1	36068052	22.0	46.0
1	37205711	31.0	65.0
1	37448546	4.0	72.0
1	37649544	21.0	62.0
1	43363824	15.0	48.0
1	45164770	18.0	71.0
1	48426413	7.0	77.0
1	49363912	4.0	58.0
1	49694437	6.0	73.0
1	50377199	20.0	54.0
1	51224408	13.0	48.0
1	51565104	11.0	50.0
1	53377558	21.0	64.0
1	56111588	20.0	35.0
1	57953741	11.0	41.0
1	58146645	19.0	76.0
1	59242385	8.0	66.0
1	63819045	21.0	49.0
1	64519215	12.0	45.0
1	64892465	16.0	50.0
1	67723105	38.0	69.0
1	67974592	5.0	57.0
1	70262696	18.0	31.0
1	70446776	23.0	40.0
1	71801253	10.0	44.0
1	72900708	4.0	76.0
1	73441099	4.0	50.0
1	74122764	23.0	45.0
1	74202992	17.0	42.0
1	74253542	15.0	37.0
1	74289319	21.0	46.0
1	74366338	14.0	59.0
1	74429223	17.0	46.0
1	74860357	6.0	76.0
1	74860454	11.0	76.0
1	75243848	12.0	54.0
1	75594066	7.0	68.0
1	76796613	24.0	62.0
1	77040537	17.0	51.0
1	77416678	10.0	55.0
1	78014804	13.0	45.0
1	79371540	8.0	65.0
1	79507367	18.0	50.0
1	79891265	21.0	61.0
1	80269696	19.0	44.0
1	80585357	14.0	44.0
1	80713144	22.0	33.0
1	80994858	21.0	49.0
1	81320770	14.0	39.0
1	85719360	5.0	44.0
1	86242856	13.0	15.0
1	86498956	19.0	41.0
1	88274715	17.0	45.0
1	88565127	11.0	47.0
1	88707613	12.0	47.0
1	88785136	6.0	62.0
1	88796664	12.0	53.0
1	89326921	17.0	53.0
1	89630442	7.0	71.0
1	90004113	18.0	49.0
1	90058809	4.0	56.0
1	90909022	17.0	47.0
1	90938956	9.0	58.0
1	91107059	4.0	23.0
1	91946984	10.0	59.0
1	92426563	14.0	46.0
1	93444941	16.0	37.0
1	94147334	15.0	32.0
1	95544445	17.0	54.0
1	96302883	13.0	37.0
1	96877664	18.0	42.0
1	98593995	29.0	51.0
1	99369665	21.0	33.0
1	99447499	16.0	67.0
1	100176931	11.0	62.0
1	100445609	10.0	49.0
1	100816676	18.0	49.0
1	101606406	11.0	45.0
1	102863687	18.0	57.0
1	102913644	14.0	48.0
1	102919376	14.0	32.0
1	102978388	6.0	55.0
1	103385666	22.0	70.0
1	103595003	4.0	59.0
1	103707933	8.0	26.0
1	103772522	10.0	77.0
1	104636200	24.0	68.0
1	104723420	14.0	32.0
1	105536255	20.0	28.0
1	105537112	13.0	36.0
1	105800817	20.0	33.0
1	106073988	15.0	35.0
1	107082524	6.0	47.0
1	107885931	13.0	51.0
1	109836555	6.0	43.0
1	109845531	24.0	64.0
1	109860291	30.0	68.0
1	110498434	16.0	35.0
1	111042223	7.0	72.0
1	111647431	16.0	52.0
1	111689576	12.0	50.0
1	111829171	25.0	49.0
1	115601095	25.0	64.0
1	116621183	14.0	46.0
1	117463227	36.0	58.0
1	117683381	9.0	68.0
1	118661560	19.0	59.0
1	119873008	14.0	57.0
1	142796678	8.0	160.0
1	143419977	22.0	227.0
1	144010766	10.0	227.0
1	145066624	19.0	254.0
1	150006847	17.0	49.0
1	150940360	27.0	77.0
1	151498887	21.0	56.0
1	153090332	7.0	41.0
1	153271518	31.0	75.0
1	153746583	14.0	66.0
1	153900590	10.0	45.0
1	155316738	24.0	64.0
1	156017816	14.0	47.0
1	157658391	5.0	42.0
1	158249575	6.0	82.0
1	158436909	16.0	65.0
1	158465766	23.0	53.0
1	158578616	13.0	72.0
1	158734208	4.0	33.0
1	159204895	24.0	59.0
1	159494145	8.0	52.0
1	159627137	17.0	43.0
1	161100475	5.0	63.0
1	162929435	9.0	46.0
1	163779937	12.0	45.0
1	165000933	21.0	40.0
1	165266360	24.0	63.0
1	166103331	17.0	35.0
1	166351247	9.0	55.0
1	169560428	3.0	51.0
1	170342719	13.0	63.0
1	172281581	19.0	46.0
1	172281582	19.0	47.0
1	172715585	10.0	74.0
1	172715586	12.0	74.0
1	173662461	5.0	66.0
1	175267781	12.0	80.0
1	175625023	26.0	68.0
1	176019804	18.0	41.0
1	176341447	5.0	60.0
1	176846936	14.0	75.0
1	176936486	15.0	36.0
1	177001830	9.0	105.0
1	177123069	13.0	61.0
1	177349169	26.0	45.0
1	179967766	12.0	44.0
1	180244421	17.0	51.0
1	181884836	19.0	65.0
1	181984686	7.0	58.0
1	182361426	15.0	52.0
1	182409669	17.0	64.0
1	182464735	28.0	50.0
1	184371867	9.0	56.0
1	184849901	32.0	63.0
1	186050088	15.0	38.0
1	186116281	10.0	45.0
1	186595959	15.0	38.0
1	187771945	11.0	31.0
1	188892082	7.0	66.0
1	188903926	4.0	47.0
1	189146574	7.0	44.0
1	189822731	29.0	52.0
1	190080168	5.0	32.0
1	190840622	24.0	42.0
1	191315073	6.0	46.0
1	191848788	18.0	41.0
1	192336177	20.0	43.0
1	194081108	6.0	69.0
1	194281752	14.0	76.0
1	194587177	21.0	52.0
1	194615757	17.0	50.0
1	194881429	23.0	46.0
1	195182880	26.0	52.0
1	195211295	16.0	27.0
1	195455386	11.0	63.0
1	195609650	10.0	56.0
1	195700255	5.0	58.0
1	196384840	4.0	43.0
1	196552770	27.0	41.0
1	198942850	14.0	54.0
1	199031631	19.0	47.0
1	199356451	8.0	75.0
1	200128187	15.0	31.0
1	200768397	7.0	58.0
1	201785282	20.0	44.0
1	202177464	21.0	67.0
1	202752765	14.0	37.0
1	203290337	24.0	59.0
1	204048841	20.0	67.0
1	205345517	22.0	56.0
1	206574592	24.0	59.0
1	208584348	18.0	60.0
1	211573200	14.0	52.0
1	211822410	18.0	52.0
1	212134313	14.0	43.0
1	214590723	17.0	47.0
1	214910077	4.0	34.0
1	215370939	21.0	53.0
1	215436939	11.0	70.0
1	215852338	18.0	37.0
1	216077629	15.0	52.0
1	216175446	20.0	61.0
1	217461396	24.0	68.0
1	218116812	6.0	60.0
1	218262460	20.0	70.0
1	224354748	19.0	42.0
1	224557112	6.0	62.0
1	224707272	11.0	24.0
1	225895869	7.0	77.0
1	228075356	16.0	49.0
1	228899802	5.0	60.0
1	232020941	6.0	58.0
1	233534674	20.0	47.0
1	234842372	7.0	88.0
1	236812887	17.0	49.0
1	237948942	30.0	43.0
1	238296025	18.0	66.0
1	238468837	7.0	99.0
1	238741195	19.0	41.0
1	238835809	17.0	42.0
1	238844101	3.0	46.0
1	241015564	13.0	55.0
1	241099441	20.0	63.0
1	241891971	24.0	60.0
1	241985629	19.0	40.0
1	241993429	8.0	29.0
1	242651505	14.0	66.0
1	245754331	33.0	55.0
1	246356071	18.0	51.0
1	248574872	27.0	59.0
10	1995776	15.0	11.0
10	3456364	21.0	51.0
10	4011602	8.0	50.0
10	9330602	18.0	30.0
10	9656864	4.0	41.0
10	9761604	17.0	29.0
10	9803145	5.0	53.0
10	12304728	10.0	31.0
10	12782149	23.0	40.0
10	13515073	2.0	60.0
10	14371495	4.0	54.0
10	16821813	6.0	53.0
10	19922323	10.0	50.0
10	20313610	15.0	33.0
10	20422814	5.0	42.0
10	21280207	15.0	22.0
10	22779021	21.0	34.0
10	22970204	10.0	48.0
10	22970205	10.0	49.0
10	24258111	12.0	52.0
10	25293339	6.0	70.0
10	26400182	4.0	80.0
10	28188933	17.0	75.0
10	28287714	7.0	19.0
10	29665970	9.0	41.0
10	30073482	19.0	66.0
10	30286063	15.0	72.0
10	30519040	16.0	51.0
10	30728317	10.0	53.0
10	32646514	13.0	52.0
10	32759761	14.0	26.0
10	33757235	21.0	55.0
10	34470547	8.0	61.0
10	34574882	12.0	34.0
10	36671430	12.0	60.0
10	37694264	16.0	45.0
10	38513252	4.0	50.0
10	38783664	10.0	121.0
10	38897600	13.0	79.0
10	39074621	7.0	35.0
10	42446942	16.0	32.0
10	42794167	17.0	82.0
10	43296179	13.0	48.0
10	44304731	14.0	33.0
10	44537949	18.0	68.0
10	44571412	19.0	34.0
10	44614077	15.0	44.0
10	44665577	13.0	67.0
10	46204747	15.0	43.0
10	46972255	29.0	153.0
10	47016369	9.0	182.0
10	50265303	23.0	57.0
10	51781713	24.0	58.0
10	53361213	25.0	37.0
10	53888589	17.0	48.0
10	54139973	16.0	30.0
10	55515104	15.0	53.0
10	55654787	14.0	53.0
10	55823549	27.0	67.0
10	56182206	27.0	61.0
10	56466470	8.0	74.0
10	57607386	15.0	44.0
10	58000263	19.0	60.0
10	58178007	21.0	46.0
10	58508334	8.0	55.0
10	59167575	12.0	79.0
10	59216678	20.0	48.0
10	60378295	25.0	47.0
10	61043435	29.0	62.0
10	65940940	20.0	38.0
10	66559699	11.0	27.0
10	69819111	10.0	24.0
10	72504571	31.0	71.0
10	72862753	3.0	40.0
10	73670777	5.0	59.0
10	75541156	29.0	42.0
10	77031124	19.0	48.0
10	77706405	22.0	67.0
10	79041692	17.0	52.0
10	80170512	15.0	55.0
10	80787498	21.0	41.0
10	83206300	17.0	43.0
10	83233065	30.0	48.0
10	83264509	9.0	47.0
10	83429566	31.0	75.0
10	83491928	15.0	44.0
10	84124911	10.0	51.0
10	84436927	12.0	48.0
10	85324997	16.0	74.0
10	86239967	17.0	43.0
10	87902364	5.0	77.0
10	91994214	19.0	28.0
10	93001523	11.0	53.0
10	95571972	26.0	37.0
10	97081729	4.0	39.0
10	98227986	31.0	37.0
10	100499657	13.0	27.0
10	105824003	21.0	41.0
10	106309149	5.0	46.0
10	106797803	26.0	33.0
10	108263204	11.0	34.0
10	108440275	8.0	40.0
10	108920468	13.0	40.0
10	108967365	24.0	49.0
10	111912433	32.0	36.0
10	112145633	5.0	40.0
10	116328710	4.0	43.0
10	116691052	24.0	37.0
10	117395299	25.0	46.0
10	117478582	10.0	20.0
10	119715140	15.0	43.0
10	121011497	30.0	33.0
10	121086444	17.0	52.0
10	125731442	13.0	45.0
10	125921894	30.0	34.0
10	127408228	20.0	47.0
10	127742969	16.0	48.0
10	130982053	11.0	25.0
11	1986673	23.0	56.0
11	5335076	21.0	63.0
11	6305978	13.0	49.0
11	6397233	9.0	77.0
11	6876320	5.0	39.0
11	7337331	10.0	26.0
11	8560268	4.0	83.0
11	8728295	32.0	77.0
11	9077375	20.0	64.0
11	9101737	8.0	51.0
11	15170580	11.0	86.0
11	16299268	14.0	38.0
11	18525954	15.0	33.0
11	19404637	4.0	80.0
11	20358615	20.0	42.0
11	21658910	14.0	30.0
11	22447364	5.0	71.0
11	23767079	21.0	55.0
11	24229479	8.0	29.0
11	24339203	19.0	58.0
11	25039161	7.0	73.0
11	25928437	22.0	62.0
11	26222174	11.0	63.0
11	26240825	15.0	59.0
11	26383409	10.0	43.0
11	26739778	26.0	56.0
11	28911395	22.0	44.0
11	28967438	12.0	42.0
11	29203337	16.0	42.0
11	29375090	27.0	57.0
11	29885760	16.0	49.0
11	29995393	8.0	72.0
11	30790436	19.0	57.0
11	32200691	6.0	84.0
11	32665518	9.0	37.0
11	32821501	19.0	35.0
11	33305324	22.0	54.0
11	35333500	5.0	13.0
11	35655098	12.0	35.0
11	37959740	8.0	43.0
11	38046066	16.0	42.0
11	38481765	6.0	24.0
11	39305103	13.0	51.0
11	40289251	4.0	60.0
11	40358393	17.0	21.0
11	40431735	5.0	59.0
11	40481336	17.0	62.0
11	40514172	13.0	47.0
11	40673164	9.0	47.0
11	40694158	11.0	51.0
11	40773568	13.0	70.0
11	40848544	13.0	74.0
11	41367315	13.0	43.0
11	43265354	24.0	51.0
11	46963901	4.0	83.0
11	47167625	7.0	43.0
11	47977823	8.0	25.0
11	48365434	30.0	50.0
11	48883742	13.0	46.0
11	49908246	14.0	57.0
11	50627944	12.0	51.0
11	51198862	6.0	62.0
11	51255952	19.0	47.0
11	55069976	4.0	80.0
11	55638306	11.0	81.0
11	56201264	11.0	31.0
11	56347525	6.0	64.0
11	56776384	15.0	31.0
11	59069258	14.0	46.0
11	59671858	12.0	30.0
11	60017389	7.0	66.0
11	60046808	8.0	51.0
11	60104993	14.0	73.0
11	60125686	8.0	62.0
11	61178867	14.0	40.0
11	66210633	26.0	59.0
11	68843530	21.0	57.0
11	70298035	8.0	56.0
11	70599470	21.0	47.0
11	72099676	21.0	53.0
11	72244779	2.0	44.0
11	74843859	6.0	99.0
11	75324398	21.0	61.0
11	76124181	5.0	101.0
11	79385417	16.0	36.0
11	79599110	20.0	47.0
11	80141733	13.0	49.0
11	80397721	26.0	52.0
11	81332306	11.0	29.0
11	81567026	11.0	45.0
11	82028975	21.0	42.0
11	82318834	11.0	59.0
11	82790051	11.0	52.0
11	86544807	27.0	60.0
11	87189205	28.0	58.0
11	87683682	23.0	47.0
11	88850260	10.0	50.0
11	90019600	24.0	53.0
11	90355033	21.0	51.0
11	90936355	11.0	24.0
11	91505118	25.0	24.0
11	91569326	18.0	58.0
11	91959813	5.0	51.0
11	94731899	24.0	54.0
11	96213737	9.0	46.0
11	96969101	13.0	90.0
11	96985300	7.0	67.0
11	97033834	14.0	49.0
11	97574723	4.0	57.0
11	98324037	26.0	64.0
11	98788766	26.0	50.0
11	99601984	11.0	36.0
11	100619003	15.0	60.0
11	101171520	22.0	43.0
11	101260833	30.0	66.0
11	101458630	6.0	61.0
11	101503829	18.0	66.0
11	101935346	21.0	47.0
11	103520720	13.0	36.0
11	104136080	13.0	59.0
11	104676040	10.0	73.0
11	104986709	14.0	47.0
11	105137273	14.0	39.0
11	105564927	22.0	30.0
11	106112679	21.0	60.0
11	106770548	12.0	42.0
11	107788402	10.0	18.0
11	109222253	11.0	61.0
11	109404096	22.0	55.0
11	109704735	8.0	35.0
11	109841738	9.0	48.0
11	109870265	23.0	36.0
11	110196145	17.0	72.0
11	110390610	9.0	67.0
11	110463465	11.0	55.0
11	111607741	18.0	38.0
11	116450779	14.0	72.0
11	116826146	8.0	36.0
11	118316590	24.0	44.0
11	118902292	23.0	43.0
11	120015386	4.0	72.0
11	120306951	13.0	42.0
11	122275009	16.0	67.0
11	122319942	19.0	34.0
11	123956888	28.0	53.0
11	124144331	24.0	47.0
11	125246373	32.0	57.0
11	126813410	22.0	84.0
11	127509877	7.0	60.0
11	127608568	27.0	77.0
11	129658549	11.0	34.0
11	130569147	24.0	52.0
11	130862451	21.0	44.0
11	132118900	4.0	82.0
11	134856077	2.0	43.0
11	134899625	20.0	74.0
12	1462492	5.0	63.0
12	1781338	15.0	52.0
12	4701081	14.0	72.0
12	4956339	4.0	46.0
12	8958514	19.0	36.0
12	9728789	12.0	27.0
12	12434203	12.0	64.0
12	12565811	13.0	32.0
12	14013447	14.0	55.0
12	14670972	18.0	42.0
12	15722386	25.0	48.0
12	16243081	14.0	38.0
12	16666388	12.0	67.0
12	16971419	12.0	43.0
12	16993479	27.0	58.0
12	17085714	18.0	37.0
12	17436481	20.0	59.0
12	17655397	4.0	69.0
12	19153535	18.0	27.0
12	19846623	16.0	52.0
12	22793803	18.0	30.0
12	23435568	4.0	59.0
12	23438676	20.0	45.0
12	23558989	15.0	44.0
12	23603173	24.0	39.0
12	23610931	12.0	59.0
12	23718346	10.0	52.0
12	24139378	10.0	63.0
12	24243280	18.0	54.0
12	24350536	18.0	41.0
12	24610335	3.0	41.0
12	26377565	9.0	81.0
12	29375889	11.0	67.0
12	30069389	13.0	48.0
12	30079133	10.0	30.0
12	31277656	3.0	23.0
12	33005598	7.0	89.0
12	33137211	8.0	60.0
12	33393201	20.0	64.0
12	33860983	20.0	34.0
12	33994391	18.0	73.0
12	34271597	17.0	45.0
12	34489517	30.0	55.0
12	37872003	10.0	32.0
12	38000645	10.0	70.0
12	39545611	12.0	52.0
12	40987821	13.0	54.0
12	41359614	15.0	47.0
12	41699031	14.0	57.0
12	41993286	18.0	49.0
12	42547413	14.0	44.0
12	44698778	17.0	72.0
12	45089950	15.0	54.0
12	45105089	17.0	52.0
12	45332168	15.0	49.0
12	45391008	14.0	69.0
12	45511027	10.0	19.0
12	46596668	11.0	47.0
12	49755542	9.0	47.0
12	50409629	10.0	21.0
12	50892659	15.0	64.0
12	51317839	16.0	44.0
12	51554241	17.0	54.0
12	51560147	15.0	30.0
12	52926307	11.0	74.0
12	53904393	10.0	113.0
12	57116627	26.0	57.0
12	59006343	9.0	47.0
12	59179233	19.0	54.0
12	59709059	5.0	69.0
12	59856920	4.0	52.0
12	60360218	9.0	42.0
12	61293565	15.0	77.0
12	61567563	14.0	29.0
12	62409948	4.0	45.0
12	62588686	23.0	63.0
12	63020355	5.0	66.0
12	63546705	18.0	50.0
12	63675621	9.0	45.0
12	63693439	18.0	43.0
12	64599237	16.0	42.0
12	65926230	11.0	73.0
12	67543026	6.0	15.0
12	68565942	16.0	45.0
12	71038043	4.0	63.0
12	71108171	11.0	23.0
12	71665776	26.0	36.0
12	71983739	9.0	77.0
12	73475549	23.0	37.0
12	73604569	8.0	47.0
12	74021691	5.0	47.0
12	74107542	14.0	53.0
12	74469857	6.0	36.0
12	76683867	29.0	57.0
12	77944710	9.0	34.0
12	78913227	21.0	63.0
12	79412468	22.0	49.0
12	82091790	13.0	63.0
12	82344628	4.0	70.0
12	82404247	6.0	50.0
12	83961001	10.0	61.0
12	83971947	17.0	40.0
12	84025622	13.0	27.0
12	85362297	19.0	42.0
12	85686803	8.0	24.0
12	86408296	22.0	62.0
12	87712932	24.0	50.0
12	88251258	21.0	45.0
12	89303437	8.0	46.0
12	89344163	7.0	30.0
12	89771874	14.0	57.0
12	89799046	35.0	63.0
12	90065890	13.0	45.0
12	90445173	16.0	14.0
12	91253281	5.0	52.0
12	92076409	10.0	62.0
12	92817348	14.0	67.0
12	94980936	24.0	54.0
12	96566336	25.0	78.0
12	97034049	7.0	59.0
12	97034220	14.0	58.0
12	97034475	7.0	56.0
12	97474397	22.0	51.0
12	98487886	22.0	63.0
12	98893272	8.0	60.0
12	99261274	8.0	68.0
12	104863168	35.0	59.0
12	105030357	21.0	50.0
12	106834433	5.0	77.0
12	106999298	26.0	54.0
12	107341645	8.0	78.0
12	107348684	9.0	61.0
12	109451343	33.0	62.0
12	110323920	14.0	74.0
12	110507016	4.0	54.0
12	113284967	28.0	56.0
12	114436372	20.0	53.0
12	115130061	25.0	42.0
12	116261613	27.0	64.0
12	116336143	26.0	50.0
12	116987209	18.0	35.0
12	118343523	18.0	54.0
12	119020589	16.0	89.0
12	119191758	19.0	75.0
12	119575288	16.0	43.0
12	123019653	5.0	79.0
12	125684677	31.0	55.0
12	125879728	27.0	41.0
12	126342694	15.0	42.0
12	126846137	19.0	61.0
12	126910350	22.0	46.0
12	126936652	5.0	44.0
12	127397033	14.0	64.0
12	127646751	16.0	48.0
12	127717982	20.0	55.0
12	127925012	11.0	84.0
12	128102230	7.0	71.0
12	128371357	26.0	58.0
12	128664004	22.0	51.0
12	130241617	14.0	75.0
12	130930549	15.0	16.0
12	132300233	26.0	53.0
12	133402873	28.0	65.0
13	20977419	13.0	72.0
13	22050254	29.0	51.0
13	22487419	5.0	71.0
13	22491885	7.0	63.0
13	23236500	21.0	46.0
13	23317951	11.0	33.0
13	23539383	29.0	65.0
13	24203008	5.0	51.0
13	26029172	33.0	47.0
13	27184295	32.0	58.0
13	28256955	27.0	46.0
13	28596064	10.0	34.0
13	28764562	13.0	37.0
13	29099674	15.0	66.0
13	29147919	21.0	55.0
13	29963800	14.0	52.0
13	30426692	25.0	62.0
13	31542992	21.0	49.0
13	35446424	18.0	53.0
13	37556405	33.0	50.0
13	38893370	10.0	67.0
13	39093929	4.0	64.0
13	39452473	16.0	55.0
13	39558791	19.0	53.0
13	39775861	18.0	60.0
13	40494824	10.0	43.0
13	40494825	11.0	43.0
13	40654473	17.0	50.0
13	42248864	23.0	58.0
13	44263501	6.0	62.0
13	45129766	6.0	27.0
13	46911288	12.0	45.0
13	47675521	21.0	69.0
13	47723490	15.0	60.0
13	48062196	18.0	57.0
13	52457630	5.0	73.0
13	53509652	21.0	61.0
13	54413933	13.0	46.0
13	54876500	17.0	56.0
13	56073101	1.0	70.0
13	56191045	12.0	30.0
13	56327897	12.0	64.0
13	56491763	8.0	50.0
13	56502986	22.0	44.0
13	56586348	16.0	41.0
13	56677806	17.0	61.0
13	57312588	13.0	40.0
13	57875808	6.0	69.0
13	58457801	15.0	40.0
13	59901546	22.0	40.0
13	61907249	16.0	39.0
13	62604265	7.0	36.0
13	63788329	7.0	58.0
13	63842420	19.0	45.0
13	65191320	21.0	50.0
13	65208389	25.0	51.0
13	65530138	10.0	48.0
13	65576686	10.0	48.0
13	65965794	16.0	38.0
13	66362985	7.0	58.0
13	66746407	17.0	47.0
13	67255241	17.0	37.0
13	67260030	19.0	77.0
13	67544524	15.0	35.0
13	67866366	22.0	46.0
13	67968432	8.0	68.0
13	70208469	23.0	45.0
13	70352972	10.0	25.0
13	71183269	6.0	52.0
13	71445545	11.0	41.0
13	74492611	23.0	43.0
13	75429162	5.0	40.0
13	76878228	17.0	46.0
13	78984588	12.0	64.0
13	81448394	8.0	16.0
13	81686357	7.0	36.0
13	82164316	21.0	36.0
13	82277879	24.0	52.0
13	82452383	6.0	82.0
13	82762489	17.0	57.0
13	83031935	27.0	74.0
13	83199557	25.0	37.0
13	83266755	21.0	32.0
13	83638518	5.0	63.0
13	83981937	13.0	15.0
13	84009606	18.0	42.0
13	84070419	16.0	35.0
13	84943392	11.0	21.0
13	86408851	5.0	48.0
13	86470970	13.0	71.0
13	86668861	16.0	37.0
13	86946401	6.0	37.0
13	87129822	14.0	49.0
13	87446344	9.0	29.0
13	88037017	10.0	57.0
13	88126523	16.0	49.0
13	88271494	17.0	48.0
13	88831448	6.0	61.0
13	89412216	25.0	44.0
13	89430552	4.0	49.0
13	89519387	4.0	44.0
13	91100674	23.0	55.0
13	92391086	2.0	35.0
13	93517144	20.0	48.0
13	96118873	13.0	51.0
13	98204922	11.0	68.0
13	98279642	4.0	64.0
13	98294925	4.0	75.0
13	99133572	6.0	98.0
13	99462292	13.0	53.0
13	101932100	5.0	13.0
13	101981601	23.0	53.0
13	102116432	12.0	53.0
13	102158074	16.0	59.0
13	103722348	21.0	33.0
13	103808112	5.0	50.0
13	104770975	7.0	46.0
13	104859501	11.0	32.0
13	106089976	10.0	58.0
13	108625589	12.0	40.0
13	109175591	18.0	68.0
13	110033426	21.0	44.0
13	111982729	21.0	55.0
13	112336292	31.0	66.0
14	22152104	28.0	59.0
14	22472018	18.0	49.0
14	23316522	11.0	23.0
14	23639215	26.0	65.0
14	24044723	7.0	85.0
14	24067014	11.0	53.0
14	24976361	24.0	53.0
14	26148870	25.0	42.0
14	26573945	8.0	26.0
14	27178047	13.0	44.0
14	27328164	14.0	41.0
14	27354224	30.0	55.0
14	27382313	11.0	37.0
14	27863082	9.0	83.0
14	27911983	13.0	61.0
14	28097631	19.0	40.0
14	28381154	9.0	65.0
14	28458154	6.0	18.0
14	28539263	11.0	66.0
14	29365260	12.0	38.0
14	29442923	18.0	37.0
14	30365797	18.0	60.0
14	30721280	11.0	66.0
14	33120561	22.0	43.0
14	34725639	10.0	56.0
14	36819552	27.0	43.0
14	37333430	4.0	82.0
14	37406118	5.0	64.0
14	37726868	4.0	55.0
14	42923587	4.0	81.0
14	43758512	10.0	49.0
14	44488880	4.0	32.0
14	45148001	17.0	44.0
14	46597679	9.0	25.0
14	46641868	10.0	54.0
14	46791989	23.0	54.0
14	47200127	5.0	57.0
14	47557113	6.0	31.0
14	47773642	9.0	50.0
14	47848748	17.0	80.0
14	47867167	12.0	63.0
14	47990405	5.0	35.0
14	48164470	6.0	43.0
14	48515250	15.0	39.0
14	48568461	11.0	46.0
14	50720833	5.0	69.0
14	51167320	20.0	43.0
14	52489096	13.0	55.0
14	53847916	28.0	44.0
14	54178222	22.0	51.0
14	54286507	29.0	47.0
14	54343348	19.0	46.0
14	54451580	18.0	35.0
14	54477468	5.0	73.0
14	54560828	11.0	45.0
14	56579470	24.0	42.0
14	59382888	14.0	70.0
14	60491982	7.0	17.0
14	65111546	15.0	81.0
14	65537285	18.0	55.0
14	68961286	24.0	55.0
14	69296327	4.0	74.0
14	69313715	8.0	65.0
14	71341054	12.0	42.0
14	72525493	18.0	55.0
14	73414672	29.0	66.0
14	74062395	16.0	59.0
14	76996438	19.0	47.0
14	79102383	23.0	46.0
14	79446008	13.0	33.0
14	82379006	19.0	65.0
14	82417043	14.0	60.0
14	83569828	5.0	51.0
14	83789109	5.0	52.0
14	83793594	16.0	40.0
14	83803401	10.0	35.0
14	84285892	7.0	59.0
14	85995776	32.0	46.0
14	86315514	16.0	56.0
14	86531289	17.0	52.0
14	87151248	13.0	37.0
14	87263914	12.0	54.0
14	88107484	29.0	63.0
14	88219377	11.0	24.0
14	89761166	15.0	56.0
14	92922367	11.0	56.0
14	93692610	20.0	53.0
14	95697575	11.0	38.0
14	95700148	19.0	58.0
14	96648599	22.0	77.0
14	97639813	6.0	89.0
14	98247169	7.0	85.0
14	98653879	25.0	77.0
14	100284085	21.0	61.0
14	104531426	20.0	36.0
14	104795757	9.0	60.0
14	105944718	20.0	51.0
14	107102950	10.0	60.0
15	20311743	3.0	76.0
15	20311744	3.0	76.0
15	21200973	13.0	119.0
15	24271319	23.0	38.0
15	24754466	24.0	60.0
15	24801538	13.0	90.0
15	24996016	5.0	54.0
15	25038059	17.0	79.0
15	25950134	17.0	65.0
15	26241641	7.0	54.0
15	27094830	16.0	83.0
15	27242727	21.0	40.0
15	28287510	21.0	42.0
15	30352586	11.0	95.0
15	30944202	20.0	46.0
15	32629187	5.0	51.0
15	33314129	21.0	57.0
15	33734750	12.0	48.0
15	34122875	24.0	63.0
15	36075747	10.0	58.0
15	36195352	21.0	58.0
15	36428290	20.0	42.0
15	37387812	31.0	59.0
15	37652797	28.0	57.0
15	38032224	13.0	58.0
15	39117819	24.0	58.0
15	40094394	32.0	62.0
15	40215339	4.0	66.0
15	40852791	21.0	65.0
15	41002418	7.0	29.0
15	41492633	18.0	58.0
15	42319716	16.0	80.0
15	43147160	11.0	39.0
15	44307047	24.0	63.0
15	45397288	14.0	95.0
15	45885073	18.0	45.0
15	46592080	4.0	72.0
15	46764604	18.0	64.0
15	47253721	8.0	42.0
15	47550814	13.0	52.0
15	47970799	8.0	51.0
15	48234634	18.0	33.0
15	48333372	22.0	54.0
15	49497286	2.0	61.0
15	50202841	24.0	45.0
15	51457394	23.0	42.0
15	52013705	32.0	72.0
15	53678135	15.0	44.0
15	53888887	17.0	31.0
15	53906753	8.0	61.0
15	54930034	9.0	40.0
15	55137990	24.0	48.0
15	57164429	13.0	58.0
15	57484569	19.0	45.0
15	59839857	6.0	89.0
15	60694491	9.0	59.0
15	61894097	1.0	34.0
15	61997051	9.0	41.0
15	62536395	15.0	46.0
15	65485609	16.0	43.0
15	66319931	24.0	65.0
15	70594668	25.0	73.0
15	72163233	4.0	52.0
15	72182638	11.0	42.0
15	73158219	22.0	72.0
15	73629857	22.0	64.0
15	73682922	8.0	85.0
15	73687740	11.0	68.0
15	73761387	13.0	51.0
15	74188924	12.0	69.0
15	74253631	7.0	38.0
15	74509088	9.0	81.0
15	76640653	6.0	63.0
15	78933384	22.0	43.0
15	79107052	8.0	101.0
15	79482572	17.0	41.0
15	79800861	13.0	48.0
15	81573288	4.0	83.0
15	84206833	9.0	60.0
15	84450312	19.0	52.0
15	85431773	29.0	62.0
15	86212166	25.0	51.0
15	87153227	20.0	45.0
15	88326226	16.0	62.0
15	88357403	12.0	38.0
15	89176181	15.0	60.0
15	89809846	26.0	58.0
15	90297516	5.0	63.0
15	90579320	14.0	40.0
15	91684369	18.0	55.0
15	91907061	11.0	45.0
15	92279589	13.0	53.0
15	95449721	4.0	52.0
15	95712409	16.0	36.0
15	97038650	26.0	71.0
15	97491143	8.0	32.0
15	98173868	16.0	64.0
15	98242435	21.0	42.0
15	98389378	16.0	47.0
15	98955394	26.0	48.0
15	100022026	20.0	59.0
15	100601684	26.0	53.0
15	101427481	5.0	75.0
15	101427577	3.0	68.0
16	6348262	35.0	74.0
16	6526523	32.0	56.0
16	7373002	19.0	51.0
16	7825667	6.0	73.0
16	7946679	31.0	65.0
16	8016413	18.0	49.0
16	9770242	16.0	56.0
16	9793419	8.0	63.0
16	11469429	24.0	50.0
16	12901414	11.0	68.0
16	12940427	25.0	49.0
16	12947268	11.0	32.0
16	13090466	13.0	62.0
16	13362714	27.0	48.0
16	16873860	22.0	51.0
16	17134894	42.0	70.0
16	17157012	13.0	96.0
16	17700351	17.0	70.0
16	18087504	20.0	49.0
16	18738869	4.0	39.0
16	19342762	19.0	65.0
16	19858804	24.0	69.0
16	21574483	24.0	110.0
16	21580698	25.0	65.0
16	22671446	14.0	98.0
16	25605514	30.0	52.0
16	26894855	14.0	50.0
16	29205705	10.0	67.0
16	30429861	13.0	81.0
16	31096119	23.0	84.0
16	32857296	18.0	22.0
16	33313525	14.0	28.0
16	33734237	20.0	59.0
16	34895440	18.0	41.0
16	35057969	11.0	39.0
16	49172125	23.0	71.0
16	49693823	23.0	51.0
16	49919811	13.0	56.0
16	51246461	17.0	60.0
16	51397244	26.0	64.0
16	51573081	21.0	49.0
16	52048317	17.0	49.0
16	52477000	7.0	65.0
16	55181117	22.0	59.0
16	56053334	13.0	42.0
16	56636711	7.0	49.0
16	58370888	4.0	74.0
16	59566834	18.0	41.0
16	59600095	9.0	33.0
16	60462526	18.0	49.0
16	60677262	25.0	54.0
16	62186643	26.0	64.0
16	62894093	25.0	56.0
16	64295116	23.0	61.0
16	65609217	20.0	54.0
16	66400872	27.0	81.0
16	66404302	29.0	68.0
16	67155332	6.0	23.0
16	69375894	18.0	39.0
16	70355157	16.0	58.0
16	70448302	7.0	76.0
16	71270471	13.0	56.0
16	72916805	31.0	46.0
16	73039313	28.0	76.0
16	73659805	24.0	58.0
16	75669732	13.0	63.0
16	75874377	24.0	55.0
16	76022557	5.0	47.0
16	76238307	3.0	46.0
16	76653383	6.0	19.0
16	76692406	10.0	47.0
16	77956721	7.0	66.0
16	78173946	5.0	62.0
16	78573501	5.0	74.0
16	78990653	17.0	59.0
16	79580573	9.0	56.0
16	80133748	20.0	42.0
16	86310699	17.0	46.0
16	86758462	16.0	17.0
16	88090305	13.0	38.0
17	2361228	14.0	42.0
17	2675943	18.0	37.0
17	3619034	8.0	70.0
17	4203148	8.0	27.0
17	4383006	6.0	83.0
17	4716551	6.0	92.0
17	8992311	20.0	57.0
17	9295281	14.0	50.0
17	9946204	9.0	113.0
17	11174154	35.0	72.0
17	11344920	28.0	64.0
17	11375367	14.0	60.0
17	12511440	14.0	55.0
17	13276245	22.0	60.0
17	15841709	21.0	58.0
17	16471893	20.0	75.0
17	19395650	19.0	44.0
17	19960772	15.0	36.0
17	22030828	30.0	57.0
17	22116457	18.0	30.0
17	25402360	24.0	66.0
17	26576036	8.0	82.0
17	28202644	11.0	48.0
17	29013068	4.0	52.0
17	29194627	6.0	58.0
17	29948756	28.0	51.0
17	32244211	25.0	68.0
17	32392280	6.0	76.0
17	35107266	30.0	68.0
17	35455369	33.0	69.0
17	37877502	4.0	44.0
17	38629985	23.0	80.0
17	38841933	21.0	33.0
17	39103180	1.0	62.0
17	39298492	17.0	42.0
17	42656205	9.0	48.0
17	45873425	14.0	60.0
17	46392413	22.0	53.0
17	46743030	18.0	39.0
17	49630232	14.0	62.0
17	51558634	14.0	48.0
17	51628146	8.0	21.0
17	51917897	6.0	43.0
17	52288426	8.0	49.0
17	54026908	12.0	33.0
17	54165186	33.0	77.0
17	55440564	16.0	71.0
17	56082064	15.0	42.0
17	56815339	8.0	59.0
17	58645066	7.0	21.0
17	60536980	11.0	58.0
17	63774366	13.0	57.0
17	63971746	10.0	51.0
17	64962113	29.0	54.0
17	65003416	21.0	56.0
17	66223259	7.0	52.0
17	66271947	14.0	36.0
17	66299881	31.0	41.0
17	66846411	4.0	82.0
17	67651376	19.0	60.0
17	69577146	30.0	45.0
17	69600834	13.0	45.0
17	69660933	29.0	51.0
17	69915602	21.0	53.0
17	72943967	22.0	77.0
17	74867570	19.0	52.0
17	75718601	14.0	84.0
17	79375075	19.0	55.0
17	80042134	41.0	87.0
17	80622936	21.0	52.0
18	751563	17.0	42.0
18	2155868	27.0	46.0
18	2480268	17.0	35.0
18	4279958	8.0	53.0
18	5397137	21.0	53.0
18	5540810	11.0	56.0
18	5636029	20.0	75.0
18	5739067	24.0	48.0
18	5945662	15.0	34.0
18	6229982	12.0	35.0
18	6393514	27.0	62.0
18	6481492	23.0	56.0
18	6674000	5.0	68.0
18	9110130	6.0	48.0
18	9172990	14.0	55.0
18	11362813	29.0	64.0
18	12424090	14.0	68.0
18	12595616	20.0	59.0
18	12604936	18.0	61.0
18	12641660	6.0	57.0
18	19218313	14.0	60.0
18	20993636	12.0	69.0
18	21317772	36.0	67.0
18	21695506	22.0	62.0
18	22783175	7.0	81.0
18	24721246	14.0	36.0
18	24931531	20.0	66.0
18	25674410	22.0	54.0
18	26390318	5.0	52.0
18	26597303	23.0	38.0
18	26714752	21.0	48.0
18	27278270	15.0	34.0
18	27383630	7.0	51.0
18	27755894	5.0	51.0
18	28497695	14.0	46.0
18	28528662	11.0	36.0
18	29887909	10.0	51.0
18	31066385	21.0	58.0
18	31754523	16.0	40.0
18	32095678	25.0	72.0
18	32441268	12.0	20.0
18	32568713	16.0	40.0
18	34139274	20.0	38.0
18	34342517	7.0	41.0
18	35196373	22.0	49.0
18	35296962	20.0	41.0
18	35304336	31.0	90.0
18	35317910	23.0	63.0
18	35357381	31.0	70.0
18	35379995	21.0	79.0
18	35844348	11.0	55.0
18	35846421	16.0	53.0
18	35848628	17.0	65.0
18	36327413	20.0	45.0
18	38068836	11.0	34.0
18	38212010	7.0	61.0
18	38567809	13.0	22.0
18	39184097	5.0	61.0
18	39951320	4.0	60.0
18	40256738	13.0	36.0
18	40264884	27.0	59.0
18	41990082	21.0	38.0
18	43608165	31.0	43.0
18	45123169	15.0	66.0
18	47866729	15.0	63.0
18	48071644	5.0	60.0
18	48164628	18.0	63.0
18	50556205	21.0	63.0
18	51861358	10.0	27.0
18	53549479	13.0	70.0
18	53941099	23.0	68.0
18	54451366	12.0	30.0
18	55850351	16.0	82.0
18	55850363	16.0	78.0
18	56049736	14.0	49.0
18	59624277	13.0	71.0
18	60878380	24.0	38.0
18	61939733	10.0	66.0
18	62282084	13.0	31.0
18	64534787	16.0	50.0
18	65001307	25.0	45.0
18	68707934	9.0	64.0
18	68710927	12.0	29.0
18	68976824	6.0	62.0
18	69240762	25.0	51.0
18	69763944	20.0	51.0
18	71379073	5.0	23.0
18	72072970	16.0	36.0
18	73162447	12.0	62.0
18	73228406	22.0	56.0
18	73761175	18.0	65.0
18	74252159	14.0	59.0
18	74446029	17.0	41.0
18	75075802	6.0	48.0
18	76299572	4.0	62.0
18	76310458	15.0	33.0
18	77701315	17.0	74.0
18	77842195	36.0	65.0
19	957804	9.0	66.0
19	1604094	20.0	68.0
19	2546452	27.0	63.0
19	5907367	13.0	54.0
19	6277020	11.0	66.0
19	6943383	6.0	40.0
19	9335897	5.0	55.0
19	10596412	30.0	60.0
19	12495616	12.0	64.0
19	13420074	15.0	20.0
19	14087701	15.0	58.0
19	14432699	14.0	64.0
19	15148673	24.0	50.0
19	16570631	34.0	67.0
19	21701268	24.0	45.0
19	22092378	26.0	58.0
19	22198570	14.0	50.0
19	22292644	9.0	43.0
19	23045751	16.0	46.0
19	23061602	19.0	59.0
19	23154871	13.0	51.0
19	23171331	23.0	55.0
19	23464874	20.0	62.0
19	24128705	17.0	38.0
19	24178441	4.0	76.0
19	27823701	4.0	74.0
19	27990892	18.0	32.0
19	28212819	23.0	41.0
19	28692039	5.0	73.0
19	29024448	14.0	29.0
19	29044102	14.0	68.0
19	29414693	23.0	54.0
19	29810480	14.0	49.0
19	30324850	6.0	84.0
19	30658050	21.0	54.0
19	30845290	12.0	74.0
19	31158889	9.0	55.0
19	31308153	5.0	53.0
19	33829979	25.0	76.0
19	36916046	18.0	33.0
19	37122903	25.0	61.0
19	37173895	26.0	43.0
19	37294729	21.0	51.0
19	37950420	11.0	37.0
19	38161110	14.0	57.0
19	39994191	24.0	52.0
19	40950812	10.0	49.0
19	40991280	8.0	81.0
19	42619690	8.0	93.0
19	43694154	5.0	69.0
19	44426148	21.0	45.0
19	45710830	3.0	26.0
19	45815841	10.0	47.0
19	48972688	9.0	24.0
19	49303431	16.0	42.0
19	50943183	28.0	61.0
19	51099761	24.0	61.0
19	52928771	12.0	48.0
19	53635047	30.0	66.0
19	54403223	8.0	63.0
19	54605549	29.0	63.0
19	58821478	16.0	45.0
2	921935	4.0	77.0
2	1706140	13.0	90.0
2	2145515	10.0	50.0
2	2431045	7.0	50.0
2	2814295	29.0	62.0
2	2824136	10.0	60.0
2	3666923	20.0	59.0
2	4712003	16.0	52.0
2	7226336	6.0	48.0
2	7669864	24.0	50.0
2	9123716	8.0	55.0
2	9337715	21.0	57.0
2	10979844	19.0	61.0
2	11326561	4.0	69.0
2	13572596	15.0	68.0
2	13804452	8.0	56.0
2	13902366	13.0	22.0
2	13956744	12.0	33.0
2	14799585	18.0	52.0
2	14864261	16.0	59.0
2	15814469	10.0	55.0
2	15860652	12.0	46.0
2	16264681	23.0	68.0
2	17103844	23.0	55.0
2	17256577	16.0	42.0
2	18676635	9.0	32.0
2	21711402	10.0	51.0
2	22292468	29.0	60.0
2	22873873	18.0	50.0
2	23058342	4.0	42.0
2	23930898	33.0	56.0
2	27136587	28.0	59.0
2	27407676	16.0	40.0
2	28224491	5.0	73.0
2	29686809	18.0	52.0
2	29928870	24.0	69.0
2	30233943	6.0	31.0
2	30254222	10.0	60.0
2	31232000	7.0	76.0
2	31606476	22.0	46.0
2	32450304	13.0	48.0
2	32478353	36.0	58.0
2	32973613	11.0	45.0
2	34875472	4.0	78.0
2	35118619	12.0	65.0
2	35151430	17.0	49.0
2	35189270	15.0	46.0
2	35314678	14.0	68.0
2	36156377	4.0	58.0
2	36638008	22.0	40.0
2	36888752	12.0	58.0
2	37237862	18.0	52.0
2	37929345	10.0	53.0
2	38555086	17.0	48.0
2	40100708	18.0	46.0
2	40807575	14.0	45.0
2	41165671	14.0	41.0
2	41361192	16.0	46.0
2	42985182	10.0	45.0
2	43827029	7.0	60.0
2	44581542	18.0	46.0
2	46475517	21.0	51.0
2	49010258	21.0	59.0
2	49854855	16.0	58.0
2	50684191	16.0	44.0
2	52041494	4.0	72.0
2	52519050	11.0	44.0
2	52696225	13.0	54.0
2	53018638	21.0	55.0
2	53141740	7.0	55.0
2	53273173	17.0	33.0
2	55077515	15.0	55.0
2	55510449	28.0	55.0
2	55621947	10.0	23.0
2	56064352	21.0	57.0
2	56339294	22.0	63.0
2	56445909	6.0	50.0
2	56950664	5.0	68.0
2	57381656	16.0	55.0
2	57627855	11.0	47.0
2	60491291	25.0	61.0
2	63656308	11.0	42.0
2	63982907	19.0	42.0
2	64622623	5.0	64.0
2	65591064	13.0	55.0
2	65981415	20.0	57.0
2	67223345	6.0	74.0
2	70251438	23.0	49.0
2	71716799	20.0	72.0
2	74199212	22.0	68.0
2	74572916	16.0	49.0
2	77870601	14.0	53.0
2	78149217	6.0	93.0
2	78171900	12.0	63.0
2	78594843	13.0	38.0
2	80290649	5.0	70.0
2	80627569	19.0	48.0
2	80906674	13.0	44.0
2	81037168	14.0	53.0
2	81128501	23.0	36.0
2	81340137	21.0	43.0
2	82049250	11.0	54.0
2	83385938	20.0	38.0
2	83912343	18.0	47.0
2	84003198	15.0	44.0
2	84748780	5.0	58.0
2	85037871	5.0	80.0
2	88495202	11.0	53.0
2	88590752	19.0	53.0
2	88778021	5.0	70.0
2	90134356	5.0	71.0
2	92299978	17.0	216.0
2	96740033	12.0	73.0
2	98944976	15.0	47.0
2	99010890	19.0	58.0
2	100243064	16.0	50.0
2	100658675	10.0	53.0
2	104473984	9.0	60.0
2	104540049	10.0	40.0
2	104781522	12.0	58.0
2	104832332	10.0	49.0
2	105931769	12.0	43.0
2	106928754	14.0	63.0
2	110490656	21.0	56.0
2	110878193	9.0	74.0
2	111872712	5.0	50.0
2	112416990	26.0	80.0
2	112511206	21.0	55.0
2	112613539	19.0	48.0
2	113246431	15.0	48.0
2	114511837	13.0	30.0
2	114572016	9.0	48.0
2	114662332	4.0	87.0
2	115306828	23.0	54.0
2	115481566	16.0	31.0
2	115637584	13.0	64.0
2	116308607	13.0	39.0
2	116538996	17.0	40.0
2	116679888	21.0	42.0
2	116791104	24.0	41.0
2	116885251	21.0	45.0
2	117152163	23.0	51.0
2	117480921	17.0	62.0
2	117574877	8.0	56.0
2	117678193	12.0	57.0
2	117779316	26.0	49.0
2	118126010	20.0	56.0
2	118200995	21.0	68.0
2	119377877	9.0	52.0
2	119597005	22.0	61.0
2	122418652	2.0	39.0
2	123593890	10.0	57.0
2	124396965	18.0	66.0
2	124506474	4.0	49.0
2	124507944	4.0	43.0
2	124904085	16.0	23.0
2	124954996	21.0	42.0
2	124990406	9.0	44.0
2	125603353	20.0	48.0
2	125890057	7.0	79.0
2	126048379	3.0	40.0
2	126785478	6.0	34.0
2	126845218	29.0	46.0
2	127274439	11.0	62.0
2	127545763	11.0	59.0
2	129140417	5.0	61.0
2	129839949	24.0	66.0
2	130134217	8.0	77.0
2	130598318	8.0	46.0
2	131955928	15.0	46.0
2	132723910	14.0	53.0
2	133661571	18.0	50.0
2	134854766	13.0	54.0
2	136700199	24.0	44.0
2	137134048	31.0	86.0
2	137144146	12.0	56.0
2	137322145	24.0	55.0
2	139312970	12.0	27.0
2	139372889	4.0	75.0
2	139795470	13.0	49.0
2	140661585	18.0	63.0
2	141133871	28.0	43.0
2	141789116	17.0	32.0
2	143243201	21.0	40.0
2	143466961	12.0	51.0
2	143699485	30.0	53.0
2	144280461	15.0	67.0
2	145734735	9.0	85.0
2	145978285	8.0	41.0
2	146861159	7.0	66.0
2	146961903	15.0	30.0
2	148996388	20.0	41.0
2	150222073	10.0	48.0
2	150249620	26.0	77.0
2	150882400	16.0	45.0
2	151023355	21.0	43.0
2	151370033	7.0	40.0
2	151787605	4.0	60.0
2	154287670	8.0	56.0
2	154289425	24.0	37.0
2	154680124	22.0	45.0
2	155587677	16.0	34.0
2	156115327	22.0	40.0
2	156554558	20.0	44.0
2	156740083	22.0	38.0
2	157513453	17.0	66.0
2	158793780	6.0	39.0
2	159233248	8.0	47.0
2	160505117	18.0	50.0
2	160558575	14.0	40.0
2	160858146	15.0	31.0
2	161467327	16.0	60.0
2	163325122	26.0	51.0
2	164147410	8.0	58.0
2	164977390	17.0	55.0
2	165077581	8.0	34.0
2	166298282	14.0	29.0
2	167721741	21.0	53.0
2	168052230	16.0	76.0
2	168314969	30.0	54.0
2	170229619	8.0	53.0
2	172356836	4.0	79.0
2	172393429	16.0	48.0
2	172534627	9.0	51.0
2	175283263	17.0	54.0
2	175552468	29.0	58.0
2	176020472	13.0	33.0
2	176554426	19.0	44.0
2	177630905	14.0	41.0
2	177744134	22.0	40.0
2	180433130	27.0	55.0
2	180938934	18.0	51.0
2	181862172	5.0	73.0
2	182054006	23.0	57.0
2	182539048	12.0	44.0
2	183880513	17.0	42.0
2	184516221	17.0	49.0
2	185329260	17.0	48.0
2	185375439	17.0	34.0
2	185469143	5.0	51.0
2	185572170	17.0	44.0
2	186137139	20.0	57.0
2	186445588	7.0	39.0
2	186477457	4.0	31.0
2	187215877	19.0	46.0
2	187316374	9.0	63.0
2	188171559	6.0	60.0
2	188194440	8.0	78.0
2	188665675	10.0	51.0
2	189091942	26.0	57.0
2	190187759	6.0	74.0
2	190493723	13.0	53.0
2	190563292	13.0	37.0
2	192420580	10.0	52.0
2	196363652	9.0	41.0
2	197406857	16.0	57.0
2	197682916	28.0	76.0
2	199048853	4.0	68.0
2	199356549	6.0	59.0
2	199389819	4.0	15.0
2	199464459	18.0	37.0
2	199563867	6.0	55.0
2	199829459	12.0	55.0
2	200842254	5.0	59.0
2	204117202	4.0	60.0
2	205325385	10.0	55.0
2	205793352	17.0	55.0
2	207573222	26.0	43.0
2	208099475	10.0	45.0
2	208367560	14.0	74.0
2	208468084	14.0	50.0
2	208887831	11.0	41.0
2	209395016	26.0	59.0
2	210630544	10.0	67.0
2	211660360	19.0	58.0
2	212612556	7.0	18.0
2	213479641	16.0	54.0
2	214217353	14.0	63.0
2	214476253	9.0	37.0
2	214987172	14.0	49.0
2	215605767	4.0	66.0
2	215974523	8.0	42.0
2	216491189	14.0	69.0
2	218859138	9.0	36.0
2	219570085	6.0	66.0
2	220814421	7.0	75.0
2	221045069	11.0	52.0
2	222276695	5.0	76.0
2	222989462	12.0	47.0
2	223622389	18.0	45.0
2	223838924	12.0	47.0
2	223849756	22.0	55.0
2	224025048	22.0	44.0
2	224526967	16.0	47.0
2	226525789	10.0	56.0
2	227615953	8.0	30.0
2	228503282	19.0	39.0
2	233867726	27.0	53.0
2	234284716	4.0	72.0
2	234568047	14.0	59.0
2	235795401	5.0	68.0
2	235997792	6.0	63.0
2	237328803	7.0	105.0
2	237700744	12.0	49.0
2	240989787	18.0	53.0
2	241660446	15.0	52.0
2	242460176	13.0	36.0
2	242821239	24.0	51.0
2	242851881	10.0	88.0
2	242853286	19.0	52.0
20	634127	8.0	22.0
20	1298896	14.0	81.0
20	1784043	4.0	56.0
20	6606076	16.0	44.0
20	8453434	20.0	82.0
20	9141650	18.0	28.0
20	9882438	15.0	55.0
20	10735191	14.0	40.0
20	12290608	10.0	47.0
20	12558802	5.0	83.0
20	12789923	24.0	65.0
20	14067351	24.0	51.0
20	14382991	6.0	87.0
20	14473364	18.0	42.0
20	15260885	10.0	36.0
20	15773236	12.0	45.0
20	16080803	24.0	50.0
20	17012259	26.0	65.0
20	17544436	8.0	44.0
20	18924570	31.0	50.0
20	20930571	17.0	60.0
20	21254256	22.0	58.0
20	22691423	12.0	70.0
20	22767600	13.0	45.0
20	23033821	27.0	52.0
20	25130485	18.0	62.0
20	25236218	24.0	50.0
20	33545437	9.0	50.0
20	34994592	25.0	71.0
20	38570867	15.0	47.0
20	39366077	5.0	85.0
20	39917690	6.0	63.0
20	42121083	5.0	52.0
20	42418400	10.0	59.0
20	42515160	18.0	38.0
20	43662186	18.0	42.0
20	44830287	23.0	61.0
20	49080966	11.0	59.0
20	54378075	11.0	49.0
20	54394489	18.0	31.0
20	54444815	15.0	57.0
20	54517485	4.0	55.0
20	54687717	6.0	59.0
20	54883326	20.0	45.0
20	56780515	4.0	34.0
20	57214664	17.0	85.0
20	58056809	18.0	64.0
20	58492358	8.0	44.0
20	59719783	22.0	65.0
20	59938483	20.0	45.0
20	61634458	26.0	75.0
20	61703912	8.0	64.0
21	10580466	25.0	177.0
21	10818836	11.0	166.0
21	11163811	20.0	312.0
21	11181312	30.0	529.0
21	15239712	25.0	77.0
21	15605505	13.0	61.0
21	15974552	17.0	51.0
21	16057371	5.0	62.0
21	16419840	18.0	52.0
21	17995711	4.0	52.0
21	18403554	22.0	59.0
21	18880466	5.0	65.0
21	19669212	6.0	62.0
21	19706025	24.0	29.0
21	20394124	5.0	66.0
21	20414842	4.0	63.0
21	20803233	15.0	39.0
21	22013056	13.0	43.0
21	22098769	23.0	49.0
21	22206010	22.0	54.0
21	23167226	15.0	70.0
21	23202419	16.0	39.0
21	23468812	5.0	74.0
21	23830472	17.0	33.0
21	23994256	8.0	48.0
21	24301187	5.0	37.0
21	24583237	8.0	51.0
21	24656296	20.0	60.0
21	25106199	12.0	24.0
21	25706323	23.0	37.0
21	26182548	4.0	39.0
21	27586820	19.0	59.0
21	28716827	14.0	45.0
21	29468218	9.0	59.0
21	32289340	12.0	43.0
21	32416536	20.0	48.0
21	34086702	26.0	62.0
21	36481116	18.0	47.0
21	36573101	6.0	63.0
21	36961913	8.0	39.0
21	39065880	13.0	62.0
21	40984190	11.0	36.0
21	44212958	7.0	44.0
21	45941309	20.0	68.0
21	46633781	17.0	49.0
21	46714996	21.0	75.0
21	46993530	15.0	76.0
21	47348689	10.0	89.0
21	47387770	3.0	20.0
21	47399450	22.0	79.0
21	47531517	4.0	40.0
22	18956208	29.0	66.0
22	20242980	8.0	58.0
22	21186606	6.0	70.0
22	22874508	17.0	71.0
22	23123456	11.0	34.0
22	24757875	17.0	59.0
22	25088301	9.0	58.0
22	25929810	13.0	30.0
22	26451939	14.0	36.0
22	26534994	12.0	48.0
22	27628076	12.0	37.0
22	30797939	6.0	56.0
22	31783262	18.0	48.0
22	32868699	12.0	21.0
22	36463528	7.0	48.0
22	36986916	16.0	43.0
22	39121342	9.0	73.0
22	39560147	13.0	17.0
22	39665363	23.0	50.0
22	39865459	20.0	77.0
22	39881830	20.0	44.0
22	40485293	25.0	42.0
22	42105531	17.0	48.0
22	43719518	5.0	90.0
22	46412247	11.0	48.0
22	47372421	9.0	104.0
22	47678008	31.0	34.0
22	48134874	13.0	68.0
22	48852310	10.0	68.0
22	49144731	39.0	61.0
22	50017385	29.0	78.0
3	470237	16.0	56.0
3	616175	16.0	53.0
3	1219693	5.0	70.0
3	1293708	17.0	52.0
3	1440747	23.0	48.0
3	1548974	17.0	39.0
3	1845596	8.0	61.0
3	6150880	18.0	73.0
3	6266637	14.0	29.0
3	6289095	14.0	43.0
3	6852400	4.0	65.0
3	8074080	11.0	51.0
3	8269079	15.0	55.0
3	8337983	7.0	71.0
3	13042856	18.0	47.0
3	14139565	19.0	50.0
3	15247407	12.0	84.0
3	16475748	21.0	44.0
3	17049671	25.0	40.0
3	20436582	26.0	71.0
3	20545163	20.0	76.0
3	20855488	21.0	44.0
3	20902965	4.0	78.0
3	21117259	16.0	48.0
3	21339486	13.0	39.0
3	21410569	7.0	59.0
3	21589146	11.0	52.0
3	23538121	13.0	40.0
3	24211148	3.0	15.0
3	24576668	4.0	58.0
3	24900540	5.0	48.0
3	26185482	17.0	45.0
3	26468672	18.0	53.0
3	28204137	13.0	31.0
3	29042984	10.0	53.0
3	29556152	4.0	20.0
3	29770485	9.0	14.0
3	29952340	8.0	49.0
3	30358550	14.0	39.0
3	30634072	7.0	65.0
3	30990368	13.0	52.0
3	31381392	11.0	76.0
3	31852368	21.0	52.0
3	31852369	20.0	51.0
3	32314229	22.0	44.0
3	32375316	9.0	68.0
3	32670022	12.0	42.0
3	33059636	21.0	50.0
3	33640634	7.0	38.0
3	33644111	18.0	52.0
3	34132188	17.0	64.0
3	34300679	20.0	44.0
3	34811960	18.0	45.0
3	34886379	8.0	56.0
3	35334519	23.0	46.0
3	35680648	11.0	67.0
3	35735782	11.0	31.0
3	36056169	21.0	41.0
3	36270462	21.0	38.0
3	36302610	11.0	34.0
3	42977699	4.0	84.0
3	43055243	25.0	81.0
3	43362490	10.0	34.0
3	44945454	8.0	53.0
3	46505962	11.0	58.0
3	47676175	15.0	36.0
3	48088821	6.0	36.0
3	48309853	5.0	80.0
3	48334259	19.0	41.0
3	49075284	24.0	59.0
3	50422579	21.0	48.0
3	50600136	15.0	55.0
3	50954811	10.0	29.0
3	52369120	25.0	41.0
3	52753265	24.0	53.0
3	53568658	27.0	59.0
3	53791020	26.0	81.0
3	54366917	13.0	66.0
3	54480030	29.0	71.0
3	54707177	21.0	60.0
3	57252955	16.0	51.0
3	57583033	26.0	60.0
3	57760426	14.0	32.0
3	58671156	14.0	63.0
3	60525991	22.0	56.0
3	62057945	27.0	47.0
3	68070245	22.0	50.0
3	70162948	18.0	64.0
3	72030515	31.0	50.0
3	72559002	19.0	64.0
3	76017422	8.0	54.0
3	76822384	24.0	51.0
3	77013256	8.0	59.0
3	77184227	7.0	71.0
3	77568855	19.0	45.0
3	78672677	17.0	66.0
3	79375442	17.0	46.0
3	79385003	16.0	48.0
3	79863325	8.0	43.0
3	79872881	18.0	29.0
3	80226736	15.0	37.0
3	80301464	6.0	7.0
3	80998952	14.0	58.0
3	82000324	13.0	63.0
3	82080137	26.0	66.0
3	82329513	11.0	50.0
3	82559949	19.0	36.0
3	82718088	15.0	50.0
3	83416242	5.0	71.0
3	83661918	12.0	32.0
3	83771833	5.0	50.0
3	84242548	16.0	60.0
3	84400405	5.0	40.0
3	84617035	13.0	54.0
3	85220110	8.0	63.0
3	85638466	18.0	59.0
3	85843112	11.0	29.0
3	88521813	16.0	33.0
3	89432051	9.0	46.0
3	89487382	7.0	52.0
3	89587125	17.0	47.0
3	89601047	14.0	68.0
3	90030764	18.0	48.0
3	90070459	6.0	42.0
3	90338088	22.0	53.0
3	93988883	11.0	44.0
3	94169409	18.0	45.0
3	94548554	14.0	64.0
3	95583774	21.0	72.0
3	95662816	5.0	49.0
3	95910994	20.0	51.0
3	96132647	20.0	60.0
3	96314082	23.0	42.0
3	97707212	6.0	87.0
3	98429565	24.0	59.0
3	100891147	27.0	53.0
3	101722610	30.0	63.0
3	102498753	28.0	52.0
3	102691912	14.0	47.0
3	103178062	23.0	49.0
3	103178463	22.0	45.0
3	103236108	23.0	57.0
3	103865705	10.0	61.0
3	104090980	5.0	47.0
3	104742172	28.0	70.0
3	107334464	19.0	61.0
3	107770364	21.0	49.0
3	108130183	12.0	66.0
3	108508490	17.0	36.0
3	109131311	23.0	51.0
3	109198338	6.0	46.0
3	109240990	25.0	68.0
3	109273343	10.0	56.0
3	109448872	19.0	69.0
3	109592787	20.0	47.0
3	109808951	11.0	73.0
3	110022980	5.0	87.0
3	112386798	10.0	83.0
3	114036491	4.0	54.0
3	114685060	8.0	55.0
3	115101877	10.0	30.0
3	115900646	26.0	54.0
3	116497377	12.0	44.0
3	118427929	24.0	53.0
3	118645272	20.0	52.0
3	119033413	25.0	61.0
3	120652944	9.0	46.0
3	121075348	7.0	90.0
3	123588276	24.0	53.0
3	123905241	6.0	80.0
3	126132879	35.0	78.0
3	127621571	24.0	77.0
3	127701616	5.0	84.0
3	130474897	18.0	69.0
3	134091874	12.0	45.0
3	136246454	13.0	75.0
3	137187885	19.0	53.0
3	137289104	17.0	48.0
3	137618232	9.0	58.0
3	139050078	13.0	39.0
3	139566908	23.0	51.0
3	140853849	15.0	42.0
3	144094579	16.0	63.0
3	145218872	18.0	52.0
3	145240208	34.0	70.0
3	145656088	22.0	48.0
3	146324030	10.0	43.0
3	146508486	8.0	28.0
3	146509583	10.0	36.0
3	146747290	5.0	63.0
3	147076331	8.0	86.0
3	147351257	5.0	56.0
3	147503591	23.0	48.0
3	149827064	11.0	57.0
3	150420358	5.0	92.0
3	150526584	10.0	56.0
3	151955260	13.0	48.0
3	153362330	12.0	61.0
3	153362373	21.0	43.0
3	155073487	17.0	87.0
3	157280820	30.0	55.0
3	157949556	24.0	40.0
3	158968438	6.0	53.0
3	159785558	30.0	56.0
3	160907182	4.0	67.0
3	161286377	22.0	72.0
3	161860594	17.0	55.0
3	162152586	16.0	51.0
3	162986507	7.0	35.0
3	163314784	20.0	57.0
3	163574952	17.0	33.0
3	163622760	18.0	27.0
3	163770485	18.0	45.0
3	164548301	13.0	38.0
3	165217277	25.0	50.0
3	165498243	25.0	54.0
3	169675024	6.0	60.0
3	170396460	16.0	63.0
3	170877109	29.0	79.0
3	172839048	5.0	41.0
3	173019740	4.0	44.0
3	173452719	19.0	53.0
3	173861352	22.0	53.0
3	174128354	4.0	59.0
3	174363118	4.0	74.0
3	175222307	11.0	40.0
3	175963601	5.0	21.0
3	179701694	13.0	26.0
3	180262534	23.0	43.0
3	180300768	10.0	39.0
3	180510482	5.0	38.0
3	180546146	6.0	57.0
3	181137443	20.0	22.0
3	185021586	1.0	34.0
3	186339577	6.0	55.0
3	191621508	17.0	32.0
3	191764916	16.0	31.0
3	191889878	16.0	34.0
3	194397985	25.0	49.0
4	241034	4.0	65.0
4	1875865	15.0	71.0
4	2682009	21.0	56.0
4	4835768	18.0	61.0
4	5036132	6.0	62.0
4	6140069	8.0	60.0
4	7273032	29.0	71.0
4	8657829	26.0	48.0
4	8856377	34.0	65.0
4	9668943	17.0	36.0
4	11643921	11.0	43.0
4	16287429	12.0	32.0
4	16830552	8.0	69.0
4	16894874	7.0	39.0
4	17107023	12.0	55.0
4	17110747	7.0	53.0
4	17204982	23.0	39.0
4	18343457	15.0	49.0
4	18468614	13.0	50.0
4	18696460	12.0	63.0
4	18784705	12.0	89.0
4	19895950	28.0	53.0
4	20221020	13.0	49.0
4	21222583	16.0	28.0
4	21274182	1.0	30.0
4	22607951	25.0	69.0
4	22641230	5.0	50.0
4	23245898	24.0	69.0
4	23954985	13.0	60.0
4	25853446	19.0	49.0
4	25891420	25.0	65.0
4	26479364	17.0	35.0
4	27611867	19.0	57.0
4	27698829	19.0	67.0
4	28261467	22.0	60.0
4	29061860	16.0	39.0
4	29284189	16.0	55.0
4	30179579	6.0	84.0
4	32184357	24.0	53.0
4	32342816	17.0	49.0
4	32368131	15.0	68.0
4	32723457	14.0	31.0
4	33076109	7.0	42.0
4	33534290	17.0	35.0
4	34233820	18.0	54.0
4	35924890	17.0	25.0
4	36456460	13.0	57.0
4	39683785	5.0	67.0
4	40758620	27.0	41.0
4	41916565	7.0	47.0
4	43515867	5.0	51.0
4	43794269	4.0	79.0
4	44302014	8.0	44.0
4	45143084	21.0	42.0
4	45414192	11.0	21.0
4	45633340	21.0	54.0
4	45794742	15.0	30.0
4	46195063	15.0	41.0
4	47118754	23.0	40.0
4	47169332	12.0	57.0
4	49568777	16.0	14.0
4	55673877	12.0	80.0
4	56494819	11.0	25.0
4	57482432	10.0	78.0
4	58322085	21.0	50.0
4	59146761	18.0	63.0
4	59469106	20.0	56.0
4	59578657	10.0	56.0
4	59578658	10.0	56.0
4	60607268	7.0	42.0
4	61439955	15.0	52.0
4	61459931	12.0	65.0
4	62038743	18.0	41.0
4	62655065	19.0	42.0
4	63517303	13.0	58.0
4	63569160	18.0	46.0
4	63842875	15.0	61.0
4	63984236	15.0	53.0
4	64024602	21.0	36.0
4	64046677	17.0	66.0
4	64376679	18.0	48.0
4	64424094	15.0	47.0
4	64536312	20.0	53.0
4	64537190	17.0	41.0
4	64705348	18.0	33.0
4	64719130	12.0	40.0
4	64788931	13.0	31.0
4	64917256	29.0	62.0
4	65980589	18.0	50.0
4	66177759	19.0	44.0
4	67267291	9.0	52.0
4	67657972	13.0	62.0
4	67799202	4.0	49.0
4	68444188	6.0	68.0
4	69048149	13.0	76.0
4	72473417	26.0	71.0
4	73214650	24.0	46.0
4	73917277	18.0	22.0
4	73957431	25.0	72.0
4	75397065	9.0	81.0
4	75543889	18.0	52.0
4	75727189	5.0	62.0
4	78115012	4.0	75.0
4	79579687	5.0	68.0
4	79897729	5.0	32.0
4	83199071	16.0	76.0
4	84038606	8.0	38.0
4	86481594	4.0	29.0
4	87350874	24.0	46.0
4	87571615	19.0	54.0
4	89013094	19.0	41.0
4	91349177	11.0	40.0
4	92495227	21.0	43.0
4	93477582	11.0	33.0
4	93529120	29.0	72.0
4	93822232	16.0	45.0
4	94012042	15.0	54.0
4	94294060	22.0	61.0
4	95206718	4.0	55.0
4	96106859	9.0	38.0
4	96808293	10.0	36.0
4	97043400	24.0	52.0
4	98686186	22.0	41.0
4	99149405	13.0	39.0
4	99636578	6.0	70.0
4	99720536	7.0	58.0
4	100241290	5.0	58.0
4	100489386	17.0	45.0
4	100506080	11.0	51.0
4	100960765	14.0	50.0
4	101445181	16.0	49.0
4	103285792	17.0	48.0
4	103781198	8.0	62.0
4	104533755	13.0	52.0
4	107322708	17.0	40.0
4	107439322	9.0	45.0
4	107698222	11.0	42.0
4	108726240	19.0	44.0
4	108938010	19.0	88.0
4	110057824	12.0	73.0
4	110252085	12.0	54.0
4	110281049	26.0	53.0
4	110704532	27.0	54.0
4	110818122	20.0	48.0
4	111588545	4.0	54.0
4	111669406	7.0	58.0
4	113242219	4.0	55.0
4	113734063	25.0	46.0
4	114237597	14.0	55.0
4	114592250	15.0	46.0
4	114945740	25.0	50.0
4	115098926	20.0	36.0
4	116078932	12.0	35.0
4	116150575	14.0	43.0
4	116223459	16.0	47.0
4	117265239	15.0	44.0
4	118015833	15.0	32.0
4	118155690	15.0	34.0
4	118761081	6.0	44.0
4	118792389	6.0	71.0
4	119307701	6.0	41.0
4	120108512	13.0	26.0
4	120438443	20.0	40.0
4	121983929	18.0	34.0
4	122314947	13.0	55.0
4	124265898	28.0	59.0
4	125005724	16.0	44.0
4	125733615	13.0	63.0
4	126748377	19.0	43.0
4	126829985	10.0	46.0
4	127012360	18.0	40.0
4	127636238	19.0	43.0
4	128132123	21.0	51.0
4	128180937	4.0	67.0
4	128523562	20.0	48.0
4	128624055	21.0	42.0
4	128727760	4.0	62.0
4	129703588	27.0	54.0
4	130360633	13.0	38.0
4	130466738	6.0	84.0
4	130519367	22.0	45.0
4	130901111	18.0	53.0
4	130945525	17.0	59.0
4	131099699	7.0	73.0
4	131140567	4.0	40.0
4	131164882	26.0	52.0
4	131202108	13.0	57.0
4	131346264	9.0	46.0
4	131484146	7.0	49.0
4	131633561	9.0	65.0
4	131859068	19.0	57.0
4	131859070	19.0	53.0
4	132015743	21.0	50.0
4	133042275	15.0	43.0
4	133052609	4.0	41.0
4	133059707	5.0	66.0
4	133885474	11.0	36.0
4	135882501	22.0	57.0
4	136082330	4.0	85.0
4	136164383	4.0	59.0
4	136244530	19.0	41.0
4	136431247	5.0	47.0
4	136431311	9.0	36.0
4	136844253	13.0	36.0
4	136845215	2.0	44.0
4	136987007	6.0	58.0
4	138927412	15.0	32.0
4	140617520	20.0	41.0
4	142441665	16.0	47.0
4	142604449	21.0	76.0
4	143387386	5.0	63.0
4	144036185	18.0	43.0
4	145117705	11.0	62.0
4	145713092	19.0	91.0
4	146252637	24.0	66.0
4	148128446	28.0	66.0
4	149283913	5.0	54.0
4	149331709	23.0	56.0
4	149335627	18.0	35.0
4	150006430	9.0	37.0
4	150035348	16.0	41.0
4	152933331	30.0	64.0
4	154711062	9.0	66.0
4	154931962	13.0	50.0
4	155348031	2.0	24.0
4	156693395	6.0	52.0
4	157294567	6.0	23.0
4	158583625	7.0	59.0
4	158758771	15.0	57.0
4	158885321	5.0	60.0
4	160542335	17.0	81.0
4	161124959	15.0	56.0
4	161461586	13.0	52.0
4	161829270	4.0	54.0
4	162020267	19.0	49.0
4	162094639	14.0	54.0
4	162365857	17.0	40.0
4	163199411	14.0	37.0
4	163409164	8.0	25.0
4	163646730	12.0	47.0
4	164969433	19.0	22.0
4	165203802	10.0	71.0
4	165613262	37.0	64.0
4	167423161	28.0	68.0
4	167878362	8.0	59.0
4	168511202	4.0	59.0
4	168633454	22.0	47.0
4	168850468	4.0	75.0
4	169461047	12.0	46.0
4	170084486	5.0	55.0
4	171401831	20.0	46.0
4	171676055	17.0	78.0
4	172143347	15.0	64.0
4	172247484	29.0	59.0
4	172728161	17.0	56.0
4	173494070	15.0	35.0
4	173814797	8.0	81.0
4	175710478	18.0	41.0
4	175935531	14.0	57.0
4	176028383	8.0	36.0
4	176107264	9.0	54.0
4	176565215	14.0	46.0
4	177338854	21.0	43.0
4	177652785	17.0	65.0
4	178309515	11.0	25.0
4	179279537	11.0	49.0
4	179306201	7.0	67.0
4	179309577	6.0	58.0
4	179489015	10.0	54.0
4	179596828	11.0	29.0
4	179597768	18.0	37.0
4	179617914	20.0	42.0
4	179737109	22.0	46.0
4	180136791	8.0	73.0
4	180321364	6.0	44.0
4	180447174	2.0	35.0
4	180754835	29.0	61.0
4	180968037	7.0	52.0
4	181614297	25.0	53.0
4	182207484	9.0	59.0
4	182844406	25.0	55.0
4	183202913	16.0	46.0
4	184193031	7.0	57.0
4	184413856	24.0	72.0
4	184530368	20.0	41.0
4	184741358	15.0	60.0
4	184936084	25.0	52.0
4	186356478	16.0	57.0
4	186546066	14.0	46.0
4	187664128	18.0	53.0
4	188258726	8.0	61.0
4	188930097	19.0	32.0
4	189532620	14.0	42.0
4	189557274	5.0	61.0
4	190175788	24.0	46.0
4	190439550	19.0	51.0
5	489852	25.0	74.0
5	1876765	10.0	42.0
5	2818775	25.0	57.0
5	3788324	13.0	52.0
5	4101012	18.0	65.0
5	4558699	4.0	57.0
5	5083381	13.0	63.0
5	5925559	26.0	52.0
5	6154039	23.0	52.0
5	7372942	15.0	40.0
5	7475098	7.0	90.0
5	9393535	23.0	52.0
5	9894665	26.0	60.0
5	12381754	9.0	40.0
5	12512937	16.0	52.0
5	12685679	10.0	39.0
5	12685680	10.0	38.0
5	12886658	17.0	50.0
5	13122322	18.0	36.0
5	14768307	17.0	55.0
5	17348484	16.0	61.0
5	18323858	22.0	60.0
5	18345864	17.0	40.0
5	18479513	7.0	24.0
5	18556134	23.0	47.0
5	18701510	25.0	45.0
5	18736178	12.0	55.0
5	19090818	13.0	36.0
5	19821893	4.0	52.0
5	20478661	7.0	86.0
5	20538620	15.0	52.0
5	21092232	7.0	70.0
5	21855344	20.0	39.0
5	21930323	4.0	65.0
5	22230683	12.0	70.0
5	22363247	4.0	34.0
5	22929680	21.0	83.0
5	22939958	15.0	42.0
5	23006511	11.0	40.0
5	23289382	15.0	41.0
5	23435093	23.0	33.0
5	23942982	6.0	60.0
5	24569942	10.0	35.0
5	24778099	14.0	50.0
5	24834055	5.0	35.0
5	25119576	18.0	80.0
5	25175659	8.0	57.0
5	25195111	14.0	25.0
5	25469724	22.0	67.0
5	25614516	21.0	74.0
5	25615033	22.0	71.0
5	25901965	12.0	44.0
5	26086502	20.0	64.0
5	26675186	20.0	71.0
5	26855000	14.0	38.0
5	27093250	18.0	51.0
5	27180193	11.0	44.0
5	27186340	8.0	60.0
5	27431149	17.0	60.0
5	28054599	23.0	58.0
5	28136546	9.0	55.0
5	28334974	14.0	47.0
5	28506525	25.0	74.0
5	28839905	14.0	38.0
5	29145598	18.0	41.0
5	30086540	14.0	37.0
5	30338248	5.0	29.0
5	30453667	14.0	42.0
5	30574748	21.0	55.0
5	31046288	21.0	56.0
5	31084952	4.0	78.0
5	32661339	23.0	63.0
5	33613232	7.0	62.0
5	33925365	5.0	70.0
5	36194067	18.0	38.0
5	36850220	18.0	63.0
5	36883763	15.0	36.0
5	38417414	17.0	33.0
5	38650089	10.0	53.0
5	39194520	22.0	55.0
5	40876414	4.0	79.0
5	41901611	5.0	38.0
5	45414706	8.0	50.0
5	45471195	25.0	43.0
5	45574302	13.0	31.0
5	45585258	5.0	63.0
5	45909724	11.0	44.0
5	46056000	4.0	45.0
5	50211232	6.0	57.0
5	50390655	18.0	43.0
5	50588345	7.0	53.0
5	50887122	17.0	57.0
5	50906931	23.0	47.0
5	52131696	24.0	54.0
5	52207063	5.0	11.0
5	53793150	15.0	80.0
5	54721047	23.0	52.0
5	54768720	5.0	77.0
5	55086411	15.0	39.0
5	56500145	13.0	43.0
5	58457161	29.0	48.0
5	58869523	25.0	48.0
5	59489977	19.0	56.0
5	60737221	15.0	56.0
5	61741789	21.0	47.0
5	62041896	18.0	46.0
5	62796658	22.0	42.0
5	62928625	11.0	53.0
5	63305129	5.0	90.0
5	64559300	8.0	40.0
5	64987444	12.0	21.0
5	65574777	21.0	47.0
5	65700673	27.0	64.0
5	66574655	24.0	77.0
5	66698633	21.0	65.0
5	71072707	8.0	35.0
5	71535410	4.0	55.0
5	72042600	8.0	76.0
5	72042651	5.0	67.0
5	72512088	6.0	80.0
5	73670638	23.0	54.0
5	77613262	27.0	46.0
5	81359259	22.0	50.0
5	83054062	7.0	48.0
5	83413769	14.0	32.0
5	84276341	15.0	31.0
5	84295920	11.0	73.0
5	84383376	14.0	47.0
5	85084218	18.0	50.0
5	85692615	5.0	49.0
5	85802729	21.0	53.0
5	86773413	9.0	74.0
5	87021059	24.0	63.0
5	87792105	28.0	53.0
5	87985097	30.0	77.0
5	88020953	14.0	52.0
5	88607524	11.0	48.0
5	89805662	14.0	70.0
5	90236796	18.0	36.0
5	92923561	29.0	70.0
5	93427464	9.0	63.0
5	95178432	25.0	57.0
5	96618556	33.0	57.0
5	97415362	5.0	55.0
5	98319351	8.0	41.0
5	99518095	17.0	36.0
5	100290748	20.0	30.0
5	100431514	14.0	52.0
5	100796945	12.0	33.0
5	101645947	8.0	36.0
5	101771368	7.0	71.0
5	102771998	22.0	42.0
5	102967952	11.0	38.0
5	103790064	10.0	41.0
5	104250690	14.0	76.0
5	104305904	7.0	65.0
5	104349834	5.0	54.0
5	105074357	13.0	49.0
5	105446562	4.0	43.0
5	106273121	13.0	57.0
5	106649800	25.0	64.0
5	106978679	15.0	43.0
5	109847778	31.0	49.0
5	110710640	14.0	64.0
5	110762881	13.0	54.0
5	111084856	21.0	51.0
5	112306113	11.0	50.0
5	112511598	13.0	44.0
5	114350235	26.0	50.0
5	116322866	9.0	37.0
5	116385569	10.0	53.0
5	116874663	14.0	26.0
5	118385057	5.0	104.0
5	118767961	21.0	65.0
5	120605185	7.0	36.0
5	120678054	19.0	52.0
5	120959885	21.0	34.0
5	121366911	8.0	70.0
5	122305815	4.0	67.0
5	123284568	25.0	53.0
5	123663654	29.0	50.0
5	124144693	20.0	48.0
5	125058501	12.0	30.0
5	126991836	14.0	25.0
5	127418785	19.0	62.0
5	128124246	21.0	54.0
5	128959776	7.0	40.0
5	129027839	9.0	54.0
5	129034266	13.0	36.0
5	130266878	24.0	46.0
5	130336529	10.0	55.0
5	131170403	19.0	54.0
5	132270755	12.0	56.0
5	135266811	9.0	43.0
5	135826932	7.0	23.0
5	137544431	17.0	59.0
5	137573667	5.0	68.0
5	138961811	26.0	64.0
5	140174688	12.0	49.0
5	141465412	18.0	39.0
5	142346682	16.0	59.0
5	143641101	18.0	45.0
5	144359735	10.0	63.0
5	144416033	16.0	56.0
5	144733746	11.0	63.0
5	145309512	14.0	35.0
5	145841054	6.0	73.0
5	147359678	6.0	72.0
5	147552571	10.0	52.0
5	147687540	25.0	46.0
5	148075126	5.0	49.0
5	150305511	4.0	60.0
5	151382732	27.0	50.0
5	151540889	6.0	74.0
5	152092259	17.0	43.0
5	152217765	9.0	72.0
5	153470942	15.0	43.0
5	153608243	17.0	58.0
5	154483462	18.0	53.0
5	154771626	22.0	51.0
5	155519549	16.0	53.0
5	157158834	17.0	76.0
5	157467596	25.0	53.0
5	157928860	5.0	6.0
5	157956328	11.0	42.0
5	159142451	19.0	58.0
5	159290187	21.0	39.0
5	159561038	13.0	21.0
5	160425101	14.0	53.0
5	160787068	12.0	49.0
5	161193223	11.0	46.0
5	163173664	10.0	77.0
5	163285808	13.0	29.0
5	163333314	21.0	56.0
5	164157421	5.0	62.0
5	164383719	12.0	25.0
5	164859047	8.0	61.0
5	165107247	5.0	29.0
5	166242260	12.0	50.0
5	166470742	6.0	71.0
5	169156234	23.0	68.0
5	170965191	4.0	86.0
5	171502006	8.0	47.0
5	171521820	7.0	68.0
5	171754611	8.0	65.0
5	173452409	10.0	65.0
5	173794212	6.0	65.0
5	178212067	30.0	67.0
5	178318805	25.0	60.0
5	178728017	17.0	48.0
6	316709	13.0	71.0
6	3596446	20.0	54.0
6	4019087	17.0	65.0
6	4550282	7.0	82.0
6	5340948	15.0	53.0
6	5420279	15.0	62.0
6	6327111	11.0	46.0
6	8121266	21.0	56.0
6	8631930	7.0	71.0
6	9144394	11.0	43.0
6	9915035	6.0	63.0
6	10064933	5.0	57.0
6	10216810	8.0	53.0
6	10363122	30.0	56.0
6	10587480	21.0	50.0
6	11640506	14.0	73.0
6	12783503	8.0	94.0
6	13214789	5.0	78.0
6	16871604	22.0	50.0
6	17615976	9.0	38.0
6	17643903	22.0	65.0
6	17738941	17.0	52.0
6	19112212	18.0	29.0
6	20252524	8.0	75.0
6	20803053	10.0	49.0
6	23620130	10.0	13.0
6	24562217	34.0	62.0
6	27820247	13.0	42.0
6	31180331	23.0	58.0
6	32803928	8.0	60.0
6	33007836	12.0	41.0
6	33080217	5.0	82.0
6	34291686	6.0	73.0
6	36812243	4.0	87.0
6	37019569	13.0	76.0
6	39447510	14.0	51.0
6	40167769	18.0	51.0
6	40530000	17.0	66.0
6	40908956	15.0	56.0
6	41168699	14.0	88.0
6	41265416	22.0	51.0
6	43807884	14.0	32.0
6	44392312	25.0	56.0
6	44958885	9.0	21.0
6	45992270	15.0	44.0
6	46262230	12.0	45.0
6	48459646	23.0	55.0
6	48908966	4.0	68.0
6	49041641	16.0	46.0
6	49198218	6.0	56.0
6	49274291	8.0	45.0
6	50055983	6.0	80.0
6	50394686	15.0	41.0
6	50445231	23.0	53.0
6	50684657	25.0	51.0
6	52154776	6.0	68.0
6	52590744	10.0	59.0
6	52916491	22.0	50.0
6	54310420	5.0	56.0
6	54448306	15.0	54.0
6	54605556	17.0	34.0
6	54871014	24.0	41.0
6	55111514	16.0	56.0
6	55439759	13.0	34.0
6	55935498	6.0	34.0
6	56172556	4.0	73.0
6	56627752	24.0	61.0
6	57858268	13.0	54.0
6	57930288	5.0	59.0
6	63512101	7.0	63.0
6	63534666	4.0	57.0
6	64299071	21.0	69.0
6	64880747	26.0	59.0
6	65093621	16.0	63.0
6	65448691	8.0	42.0
6	65452904	25.0	49.0
6	65663444	12.0	34.0
6	65943708	10.0	62.0
6	65943916	25.0	56.0
6	66003047	14.0	36.0
6	66408110	22.0	54.0
6	66501846	21.0	52.0
6	66675440	18.0	48.0
6	67051487	22.0	48.0
6	69556759	21.0	57.0
6	69731774	18.0	31.0
6	70351479	8.0	70.0
6	70632442	5.0	23.0
6	71489055	7.0	63.0
6	72151309	10.0	55.0
6	72991878	19.0	46.0
6	73619592	5.0	59.0
6	74052447	15.0	61.0
6	74688097	11.0	42.0
6	76426464	19.0	30.0
6	76795573	20.0	38.0
6	77742655	12.0	33.0
6	78244957	8.0	43.0
6	79957185	18.0	30.0
6	80228517	25.0	35.0
6	81191823	14.0	39.0
6	81368686	32.0	37.0
6	82143323	12.0	73.0
6	82335434	19.0	46.0
6	82606805	16.0	44.0
6	83014428	4.0	36.0
6	83256291	13.0	69.0
6	85243405	12.0	31.0
6	85299580	6.0	43.0
6	85869617	7.0	46.0
6	86420869	20.0	36.0
6	88749722	15.0	47.0
6	89717442	6.0	43.0
6	90218479	12.0	63.0
6	90315411	11.0	69.0
6	91302927	12.0	25.0
6	93059214	12.0	34.0
6	93105333	8.0	45.0
6	94311911	10.0	34.0
6	94400464	20.0	33.0
6	94565655	21.0	35.0
6	94845245	13.0	55.0
6	95323642	4.0	51.0
6	96395012	11.0	57.0
6	96434920	6.0	60.0
6	96517569	6.0	32.0
6	98262524	5.0	37.0
6	98660142	22.0	46.0
6	98826368	14.0	57.0
6	100715147	22.0	33.0
6	101156944	6.0	47.0
6	101851281	5.0	51.0
6	102340811	13.0	31.0
6	103008516	10.0	30.0
6	103520083	9.0	44.0
6	103905138	13.0	40.0
6	103937524	9.0	55.0
6	104334994	6.0	56.0
6	104910646	6.0	41.0
6	104973674	20.0	35.0
6	105081670	30.0	42.0
6	105392461	7.0	30.0
6	110757140	8.0	35.0
6	112947365	9.0	40.0
6	113414919	9.0	48.0
6	114797388	6.0	18.0
6	114852821	12.0	42.0
6	114914414	13.0	37.0
6	115134088	5.0	23.0
6	115529257	20.0	30.0
6	115940163	5.0	58.0
6	115987917	17.0	40.0
6	117638307	17.0	40.0
6	118384641	25.0	27.0
6	119356898	4.0	42.0
6	121665546	6.0	29.0
6	122136950	16.0	36.0
6	123382946	14.0	34.0
6	123410345	19.0	44.0
6	123498876	16.0	47.0
6	123564843	13.0	49.0
6	125656842	18.0	42.0
6	126056811	16.0	44.0
6	126823177	16.0	43.0
6	127015754	9.0	73.0
6	127092911	4.0	57.0
6	127246038	19.0	43.0
6	129236355	19.0	55.0
6	131004895	18.0	50.0
6	131327440	7.0	29.0
6	132416985	12.0	31.0
6	132597021	4.0	77.0
6	132740411	20.0	47.0
6	132930521	5.0	54.0
6	133485826	21.0	59.0
6	135009970	10.0	48.0
6	136018715	6.0	81.0
6	136585191	22.0	46.0
6	138287129	26.0	61.0
6	140695010	9.0	44.0
6	142358589	13.0	20.0
6	145377498	13.0	68.0
6	146362647	4.0	83.0
6	146480138	5.0	82.0
6	149817135	25.0	59.0
6	150357550	11.0	80.0
6	152049773	15.0	45.0
6	153174400	32.0	64.0
6	153189012	5.0	52.0
6	153677523	15.0	65.0
6	153677525	15.0	65.0
6	153678008	16.0	67.0
6	154311835	4.0	68.0
6	155248313	22.0	41.0
6	156382493	23.0	41.0
6	157696423	5.0	82.0
6	159457190	14.0	85.0
6	160645759	6.0	39.0
6	160648854	30.0	45.0
6	161285364	26.0	59.0
6	161849766	14.0	69.0
6	161943673	17.0	59.0
6	162454519	19.0	39.0
6	163295620	9.0	77.0
6	163455408	13.0	55.0
6	164273737	6.0	84.0
6	164646439	25.0	38.0
6	165253733	30.0	54.0
6	165481121	14.0	66.0
6	165993517	13.0	59.0
6	166696657	3.0	63.0
6	166795291	22.0	39.0
6	170698841	14.0	48.0
7	160809	18.0	67.0
7	1136341	28.0	50.0
7	2026014	14.0	35.0
7	3565742	7.0	60.0
7	8379822	17.0	44.0
7	9260002	4.0	27.0
7	9697548	15.0	35.0
7	9758614	12.0	35.0
7	9902829	19.0	37.0
7	10360153	16.0	49.0
7	10680539	25.0	45.0
7	11431762	5.0	57.0
7	11823839	18.0	27.0
7	12166926	20.0	60.0
7	14093845	9.0	54.0
7	14135101	13.0	44.0
7	14973015	19.0	48.0
7	15109695	8.0	64.0
7	16014374	25.0	58.0
7	16034852	15.0	56.0
7	20918610	17.0	57.0
7	22625345	7.0	66.0
7	25900314	14.0	68.0
7	28668633	5.0	63.0
7	30285468	34.0	72.0
7	30622977	20.0	41.0
7	31808395	5.0	62.0
7	34600306	6.0	29.0
7	35454090	25.0	60.0
7	36501810	12.0	55.0
7	37600359	13.0	60.0
7	37813028	12.0	46.0
7	38145045	14.0	40.0
7	38651095	21.0	65.0
7	39127682	5.0	40.0
7	40760388	5.0	59.0
7	41479158	9.0	57.0
7	42327837	33.0	65.0
7	42539325	5.0	59.0
7	42848484	26.0	43.0
7	43280081	17.0	51.0
7	44736620	12.0	103.0
7	45382680	19.0	35.0
7	45590253	11.0	81.0
7	46997942	14.0	61.0
7	48624751	12.0	47.0
7	48908598	20.0	45.0
7	48923822	10.0	73.0
7	48963124	18.0	38.0
7	49136569	13.0	66.0
7	49671601	6.0	94.0
7	49727437	7.0	51.0
7	50285942	10.0	38.0
7	51295454	23.0	70.0
7	51359224	23.0	70.0
7	53913960	19.0	57.0
7	53928126	15.0	42.0
7	54474415	19.0	39.0
7	54742795	20.0	59.0
7	54839163	23.0	44.0
7	57548075	43.0	80.0
7	57594113	13.0	43.0
7	57795747	9.0	44.0
7	62408376	12.0	60.0
7	62670196	14.0	45.0
7	63016217	15.0	113.0
7	63304414	5.0	39.0
7	63690772	4.0	49.0
7	65581407	24.0	44.0
7	67496773	15.0	71.0
7	67921136	17.0	74.0
7	68479227	25.0	51.0
7	69603131	5.0	67.0
7	70358934	12.0	55.0
7	70671670	4.0	76.0
7	75286174	12.0	69.0
7	75448495	7.0	20.0
7	77223451	18.0	37.0
7	78834418	21.0	50.0
7	79093607	27.0	49.0
7	79147243	19.0	43.0
7	79295563	24.0	54.0
7	84212035	3.0	24.0
7	84344234	22.0	44.0
7	84671582	22.0	55.0
7	84717039	13.0	53.0
7	84813935	10.0	56.0
7	85654345	13.0	41.0
7	87372302	20.0	60.0
7	88269516	10.0	71.0
7	88590749	12.0	44.0
7	89126009	5.0	63.0
7	90128175	18.0	31.0
7	91693694	11.0	42.0
7	92293238	12.0	51.0
7	92862575	14.0	36.0
7	93057346	25.0	40.0
7	93114384	14.0	50.0
7	96026177	11.0	77.0
7	96249667	16.0	75.0
7	96280506	17.0	55.0
7	98081197	7.0	72.0
7	98230258	23.0	51.0
7	98549927	18.0	50.0
7	100184826	21.0	45.0
7	101112915	14.0	60.0
7	102935153	15.0	55.0
7	103688252	10.0	59.0
7	103875049	6.0	5.0
7	108007104	18.0	58.0
7	110836924	9.0	57.0
7	114339843	3.0	41.0
7	116219423	8.0	43.0
7	117902532	15.0	63.0
7	119017058	11.0	48.0
7	119437143	21.0	72.0
7	119992091	14.0	49.0
7	120058777	11.0	46.0
7	122554648	8.0	59.0
7	122918746	14.0	48.0
7	122937069	19.0	77.0
7	123690094	19.0	42.0
7	123992969	10.0	30.0
7	124113398	8.0	27.0
7	125356584	13.0	65.0
7	128265527	22.0	53.0
7	128722018	13.0	65.0
7	129871658	22.0	71.0
7	130842676	13.0	51.0
7	131475461	19.0	51.0
7	132422671	10.0	49.0
7	132772288	13.0	34.0
7	137120089	5.0	83.0
7	137191691	23.0	49.0
7	138020942	18.0	40.0
7	138506940	34.0	60.0
7	140642014	10.0	38.0
7	140946230	22.0	56.0
7	141225583	18.0	56.0
7	143784712	8.0	62.0
7	144409847	16.0	55.0
7	144805945	15.0	44.0
7	144966798	9.0	11.0
7	144988482	11.0	39.0
7	145858287	21.0	63.0
7	147009140	9.0	23.0
7	147609761	16.0	47.0
7	148143137	20.0	87.0
7	149435362	2.0	21.0
7	152810918	27.0	76.0
7	153067452	11.0	52.0
7	153596832	23.0	68.0
7	153741764	15.0	35.0
7	153953094	23.0	46.0
7	154062810	19.0	47.0
7	154222284	7.0	51.0
7	155466656	6.0	14.0
7	156911565	5.0	82.0
7	157261699	6.0	81.0
7	157435590	16.0	46.0
7	157517822	21.0	22.0
7	158181732	37.0	68.0
8	1010355	6.0	68.0
8	1404069	21.0	40.0
8	2875987	29.0	30.0
8	3069399	4.0	69.0
8	3117762	18.0	28.0
8	3214779	22.0	36.0
8	3342998	12.0	23.0
8	3421161	12.0	45.0
8	4795829	28.0	25.0
8	5636521	26.0	25.0
8	10699991	21.0	36.0
8	13917831	25.0	34.0
8	13917963	19.0	36.0
8	13918511	18.0	30.0
8	16340650	13.0	32.0
8	16709083	15.0	19.0
8	19285484	15.0	46.0
8	22369732	17.0	22.0
8	23295967	21.0	30.0
8	27545378	20.0	33.0
8	30883256	14.0	14.0
8	32160435	25.0	37.0
8	32512200	8.0	8.0
8	32975874	17.0	23.0
8	33879335	13.0	40.0
8	34279062	16.0	29.0
8	34869468	15.0	28.0
8	34994891	29.0	21.0
8	35967803	22.0	26.0
8	40284758	5.0	37.0
8	40641748	7.0	30.0
8	41774812	30.0	26.0
8	43210873	22.0	47.0
8	43213015	9.0	42.0
8	43213016	9.0	42.0
8	46927757	10.0	70.0
8	50313529	13.0	34.0
8	50507552	27.0	69.0
8	50581595	14.0	33.0
8	50854617	26.0	60.0
8	50885370	22.0	62.0
8	51413677	26.0	62.0
8	51439924	19.0	39.0
8	51570494	10.0	39.0
8	51833827	4.0	68.0
8	52110978	21.0	49.0
8	52909917	16.0	35.0
8	53715547	11.0	27.0
8	54352882	9.0	68.0
8	55211486	18.0	55.0
8	55503202	17.0	50.0
8	56065873	21.0	51.0
8	56421716	12.0	64.0
8	56507174	7.0	94.0
8	56542012	11.0	37.0
8	56940501	7.0	43.0
8	60723168	19.0	44.0
8	61324591	24.0	54.0
8	62220423	20.0	44.0
8	63197910	28.0	62.0
8	63322493	14.0	43.0
8	63492148	18.0	41.0
8	63659614	12.0	57.0
8	64069830	31.0	44.0
8	64152076	20.0	69.0
8	64441952	9.0	39.0
8	64515647	15.0	46.0
8	64807151	9.0	66.0
8	64880320	20.0	41.0
8	65829760	10.0	38.0
8	65924759	15.0	45.0
8	67245945	13.0	45.0
8	67636681	5.0	38.0
8	67780669	12.0	62.0
8	67849029	14.0	66.0
8	68097697	4.0	86.0
8	68200563	18.0	56.0
8	68483494	28.0	46.0
8	68706086	14.0	61.0
8	69049851	11.0	64.0
8	69920602	21.0	43.0
8	70753655	6.0	39.0
8	70877285	6.0	36.0
8	70890914	13.0	50.0
8	71512214	5.0	52.0
8	71996919	18.0	65.0
8	72373250	11.0	85.0
8	72552478	20.0	54.0
8	72886166	7.0	66.0
8	73138779	23.0	54.0
8	73435506	11.0	51.0
8	73607273	3.0	29.0
8	73831933	9.0	64.0
8	76018609	26.0	42.0
8	76765419	8.0	41.0
8	76787547	14.0	56.0
8	76831062	12.0	58.0
8	76838641	6.0	60.0
8	76922448	23.0	57.0
8	77013022	13.0	46.0
8	77034970	13.0	45.0
8	77841068	12.0	38.0
8	78018714	9.0	74.0
8	78331110	5.0	41.0
8	78366834	11.0	52.0
8	79961650	7.0	57.0
8	80484337	16.0	78.0
8	81229944	8.0	30.0
8	82720345	23.0	73.0
8	83024711	5.0	57.0
8	83062192	15.0	31.0
8	83105489	19.0	61.0
8	83453353	25.0	49.0
8	83522258	22.0	48.0
8	83601633	10.0	59.0
8	83840140	8.0	28.0
8	83967752	14.0	48.0
8	85145225	18.0	42.0
8	85510528	12.0	73.0
8	88593944	5.0	10.0
8	88983461	7.0	12.0
8	89091425	12.0	72.0
8	90018607	16.0	73.0
8	90321766	3.0	19.0
8	91888902	33.0	62.0
8	92932326	9.0	53.0
8	93729249	7.0	56.0
8	97165805	10.0	49.0
8	97433518	15.0	61.0
8	97574291	21.0	50.0
8	97574296	22.0	50.0
8	98997350	5.0	79.0
8	99278723	9.0	46.0
8	103611822	22.0	61.0
8	106125555	12.0	39.0
8	106279424	6.0	52.0
8	106507477	16.0	52.0
8	106586491	7.0	90.0
8	111008556	23.0	50.0
8	111092964	7.0	73.0
8	111788249	17.0	52.0
8	111886484	17.0	53.0
8	112059360	5.0	41.0
8	112063267	12.0	25.0
8	112471484	13.0	45.0
8	112848494	13.0	75.0
8	112903288	12.0	20.0
8	113289115	27.0	70.0
8	113332722	10.0	39.0
8	113653379	9.0	56.0
8	113764242	18.0	48.0
8	113970035	5.0	94.0
8	113970575	11.0	41.0
8	114145321	12.0	34.0
8	114465035	18.0	50.0
8	114578401	15.0	33.0
8	114634807	16.0	47.0
8	114806900	22.0	39.0
8	115280930	9.0	26.0
8	115680678	4.0	45.0
8	117147303	20.0	76.0
8	117577775	18.0	51.0
8	117706461	12.0	37.0
8	117760540	9.0	48.0
8	117901584	15.0	50.0
8	117938300	21.0	40.0
8	118413151	5.0	76.0
8	118605234	14.0	61.0
8	118675544	24.0	64.0
8	119406081	15.0	65.0
8	119690419	5.0	59.0
8	122183093	18.0	46.0
8	122851935	11.0	70.0
8	123067768	23.0	41.0
8	125236653	12.0	60.0
8	128750993	8.0	74.0
8	129986666	23.0	46.0
8	131012537	29.0	65.0
8	131080423	17.0	63.0
8	131920830	25.0	63.0
8	132180428	24.0	49.0
8	136778178	15.0	49.0
8	136778707	8.0	44.0
8	137419243	9.0	36.0
8	137911854	9.0	72.0
8	138093840	19.0	32.0
8	139193226	14.0	55.0
8	139470896	22.0	43.0
8	140028068	6.0	73.0
8	140303825	25.0	67.0
8	140501512	7.0	78.0
8	140610198	32.0	65.0
8	141424880	17.0	52.0
8	143537142	15.0	79.0
8	144306474	9.0	67.0
8	144557979	16.0	59.0
9	1132546	8.0	63.0
9	1868525	17.0	65.0
9	2397126	7.0	33.0
9	3498354	18.0	39.0
9	5579524	10.0	28.0
9	5952241	13.0	23.0
9	7250644	5.0	54.0
9	8509558	8.0	72.0
9	8580121	21.0	56.0
9	8780671	22.0	44.0
9	9035967	16.0	68.0
9	9397543	11.0	49.0
9	9755045	16.0	65.0
9	9755046	16.0	66.0
9	9755147	10.0	49.0
9	10056098	19.0	42.0
9	10248327	18.0	52.0
9	10464771	16.0	38.0
9	10743740	6.0	27.0
9	10824070	9.0	27.0
9	11574547	15.0	46.0
9	11598588	16.0	42.0
9	12023263	15.0	34.0
9	12241713	5.0	90.0
9	16831105	25.0	48.0
9	17536220	16.0	38.0
9	17741356	14.0	42.0
9	20109173	26.0	65.0
9	20654068	6.0	54.0
9	21195827	19.0	57.0
9	21466414	6.0	40.0
9	21579068	11.0	38.0
9	22251612	11.0	56.0
9	23183217	19.0	37.0
9	24538302	12.0	37.0
9	24950486	11.0	64.0
9	25234606	15.0	33.0
9	26002265	5.0	58.0
9	26567150	9.0	42.0
9	27258740	3.0	59.0
9	27621012	12.0	31.0
9	27890151	16.0	45.0
9	28790534	7.0	32.0
9	29581048	12.0	59.0
9	29948996	5.0	80.0
9	30084792	25.0	52.0
9	30291056	8.0	29.0
9	30408579	23.0	48.0
9	30480740	23.0	50.0
9	30748805	9.0	33.0
9	31731847	14.0	43.0
9	31747688	12.0	37.0
9	32169762	10.0	55.0
9	36155616	11.0	54.0
9	36776873	22.0	62.0
9	36862499	21.0	68.0
9	37413626	34.0	52.0
9	37514770	13.0	48.0
9	44876273	3.0	46.0
9	44883402	5.0	89.0
9	68375987	17.0	62.0
9	71131189	28.0	63.0
9	72848688	20.0	57.0
9	76706914	11.0	46.0
9	77667018	12.0	56.0
9	79178309	20.0	54.0
9	80551907	15.0	61.0
9	82432004	18.0	44.0
9	82868592	4.0	75.0
9	83223131	16.0	36.0
9	84364152	6.0	34.0
9	86139266	12.0	75.0
9	86593026	8.0	68.0
9	87113790	21.0	46.0
9	87510761	27.0	41.0
9	87710134	8.0	36.0
9	89127910	16.0	34.0
9	90375160	11.0	53.0
9	90676185	35.0	60.0
9	91211030	12.0	61.0
9	92296975	24.0	62.0
9	93685755	8.0	60.0
9	93964329	6.0	66.0
9	95196172	16.0	59.0
9	95516745	14.0	76.0
9	95861284	24.0	48.0
9	96746727	20.0	64.0
9	98254267	31.0	65.0
9	100723009	15.0	62.0
9	101046328	18.0	69.0
9	101693525	24.0	58.0
9	102148570	25.0	66.0
9	102761236	8.0	35.0
9	103359016	4.0	71.0
9	104531025	9.0	47.0
9	106028478	18.0	46.0
9	107116643	10.0	35.0
9	107381423	18.0	52.0
9	108539362	7.0	15.0
9	111637048	17.0	44.0
9	112989083	16.0	36.0
9	114510580	4.0	50.0
9	117031509	30.0	58.0
9	118207928	15.0	41.0
9	119518352	28.0	58.0
9	121504951	22.0	49.0
9	123972729	35.0	78.0
9	124639177	21.0	73.0
9	124855551	4.0	53.0
9	125778024	4.0	37.0
9	126026622	4.0	61.0
9	126830575	28.0	65.0
9	128113372	30.0	64.0
9	128502788	14.0	31.0
9	132270069	13.0	70.0
9	135246131	22.0	56.0
9	135295174	19.0	61.0
9	135853807	3.0	46.0
9	135976000	10.0	95.0
9	136081049	15.0	76.0
9	136117677	13.0	68.0
9	136117678	13.0	66.0
9	138032651	15.0	72.0
9	138526759	12.0	67.0
9	138645076	37.0	71.0
9	138950971	25.0	76.0
9	139166432	30.0	69.0
9	140253013	15.0	45.0
9	140606110	21.0	55.0
X	738955	19.0	48.0
X	972642	5.0	21.0
X	1005343	6.0	70.0
X	1401705	21.0	55.0
X	3223910	24.0	13.0
X	4100275	16.0	18.0
X	4406171	5.0	30.0
X	6060060	6.0	9.0
X	12202888	19.0	15.0
X	12696677	8.0	25.0
X	13105942	13.0	30.0
X	13287195	5.0	35.0
X	14402659	14.0	22.0
X	14589445	17.0	18.0
X	22201836	8.0	23.0
X	23018978	17.0	18.0
X	23201480	3.0	29.0
X	23212685	7.0	27.0
X	23484286	21.0	6.0
X	23778584	15.0	10.0
X	25367663	9.0	19.0
X	25693365	22.0	19.0
X	26225255	10.0	10.0
X	27707551	21.0	13.0
X	28276723	11.0	17.0
X	31274206	3.0	24.0
X	32794917	15.0	14.0
X	32893954	17.0	14.0
X	33391340	14.0	30.0
X	33512873	10.0	8.0
X	34439675	17.0	15.0
X	34793881	7.0	23.0
X	35525634	16.0	13.0
X	36443113	15.0	13.0
X	37681187	32.0	12.0
X	39346679	20.0	12.0
X	39668959	4.0	55.0
X	41454701	6.0	18.0
X	41793918	7.0	12.0
X	43349102	4.0	25.0
X	43828462	19.0	11.0
X	45065555	11.0	17.0
X	45552919	6.0	38.0
X	47410095	13.0	24.0
X	51230233	12.0	25.0
X	54757276	12.0	31.0
X	56082929	10.0	7.0
X	56124108	4.0	13.0
X	56245139	5.0	31.0
X	56360805	10.0	30.0
X	62089579	23.0	9.0
X	62190312	9.0	13.0
X	63645302	27.0	12.0
X	66248611	11.0	24.0
X	66583895	13.0	25.0
X	69408759	3.0	33.0
X	70456364	13.0	12.0
X	70519237	21.0	10.0
X	73394957	7.0	17.0
X	74629402	15.0	15.0
X	75686087	18.0	8.0
X	76400674	17.0	12.0
X	77959898	23.0	14.0
X	77985241	18.0	17.0
X	78783235	3.0	36.0
X	81347870	4.0	24.0
X	81412195	19.0	29.0
X	81827187	5.0	31.0
X	82026132	13.0	10.0
X	82224551	11.0	9.0
X	84049459	16.0	16.0
X	84185686	17.0	10.0
X	84378121	7.0	19.0
X	85450459	5.0	57.0
X	85465824	22.0	15.0
X	85536313	27.0	14.0
X	86368056	5.0	40.0
X	86596693	13.0	17.0
X	86692630	11.0	20.0
X	87855128	3.0	35.0
X	88993977	15.0	21.0
X	89145126	14.0	10.0
X	89262595	28.0	13.0
X	93062497	7.0	27.0
X	93315811	16.0	16.0
X	94505856	12.0	23.0
X	97136935	9.0	30.0
X	98105338	34.0	22.0
X	102960946	26.0	19.0
X	103128998	23.0	14.0
X	105648642	16.0	17.0
X	105935459	13.0	13.0
X	106232533	23.0	17.0
X	109805605	5.0	41.0
X	110649607	6.0	28.0
X	111016359	17.0	18.0
X	112748861	19.0	20.0
X	113886704	13.0	13.0
X	114513688	4.0	23.0
X	115980327	15.0	28.0
X	116379027	7.0	27.0
X	116856615	22.0	18.0
X	117004031	15.0	19.0
X	118844217	4.0	30.0
X	119492083	3.0	32.0
X	120558821	18.0	11.0
X	121479166	21.0	15.0
X	125577560	13.0	6.0
X	126050156	5.0	37.0
X	126062174	3.0	34.0
X	126062189	3.0	34.0
X	126375122	3.0	19.0
X	126950713	26.0	20.0
X	126950714	24.0	20.0
X	129791277	21.0	16.0
X	129971501	24.0	14.0
X	131831043	19.0	10.0
X	132054636	13.0	10.0
X	134323456	15.0	14.0
X	137666981	17.0	16.0
X	138800723	10.0	36.0
X	139788394	20.0	11.0
X	141466899	5.0	29.0
X	141676913	9.0	23.0
X	141941996	4.0	30.0
X	143002884	5.0	7.0
X	143473018	10.0	7.0
X	143628198	4.0	18.0
X	143782898	1.0	34.0
X	144045609	5.0	32.0
X	144627351	24.0	16.0
X	144848142	8.0	14.0
X	145133720	5.0	36.0
X	145332908	3.0	38.0
X	145675185	12.0	22.0
X	145925320	26.0	13.0
X	146920961	3.0	31.0
X	148274719	18.0	25.0
X	149145736	13.0	22.0
X	150297567	10.0	17.0
X	150354855	21.0	14.0
X	150777904	21.0	8.0
X	150958555	21.0	26.0
X	152682338	17.0	23.0
X	152722515	9.0	27.0
Y	4006199	15.0	22.0
Y	5917994	23.0	21.0
Y	9911027	6.0	24.0
Y	14263806	7.0	17.0
Y	16651453	17.0	12.0
Y	16941302	25.0	15.0
Y	17195217	14.0	13.0
Y	23264244	7.0	41.0
Y	23356153	22.0	10.0
Y	23736566	23.0	23.0
Y	28715502	14.0	24.0
