chromosome_index position alt_count ref_count
1 11862937 24 30
2 45879061 4 10
2 110053595 69 101
3 126270932 4 73
4 169341455 150 197
5 53752073 43 53
6 32030054 7 75
6 90497656 9 62
7 122759170 8 110
8 17419533 22 45
8 145663865 3 53
10 99197012 22 31
12 6560010 20 18
12 9262913 6 15
12 51640351 6 10
12 104133194 3 58
13 53216601 9 105
13 114113681 39 59
15 27572168 26 79
15 77907659 3 49
16 1307063 3 43
16 89986884 20 37
17 8167562 23 39
17 42239279 41 50
17 56809957 4 45
18 3277822 59 82
18 3879253 16 26
20 3765943 23 23
20 56185255 40 65
21 39775438 66 80
22 24237634 7 28
